solving HexatwigsSemiregularHexagon6x3:

solution 1 (18,135,051 searches):
0,5,1 0,6,1 0,6,2 0,7,1 0,7,2 0,8,2 I06
0,2,0 0,2,1 0,3,2 1,1,0 1,1,1 2,1,2 M06
7,0,0 7,0,1 7,1,0 7,1,2 8,0,1 8,0,2 O06
5,2,0 5,2,1 5,2,2 6,1,0 6,1,1 6,1,2 U06
0,6,0 1,6,0 1,6,2 2,4,1 2,5,1 2,5,2 V06
2,4,0 2,4,2 3,3,0 3,3,1 3,4,1 3,4,2 Y06
2,0,0 2,0,1 2,1,0 2,1,1 3,0,1 3,0,2 Q06
4,2,0 5,1,0 5,1,1 6,0,0 6,0,1 7,0,2 L06
4,1,0 4,1,2 5,0,0 5,0,1 5,1,2 6,0,2 R16
3,0,0 3,1,0 4,0,0 4,0,1 4,0,2 5,0,2 Y16
6,2,0 7,1,1 7,2,0 7,2,2 8,1,1 8,1,2 Q16
6,4,0 7,3,0 7,3,1 7,3,2 8,2,1 8,2,2 F06
5,5,0 6,3,0 6,3,1 6,4,1 6,4,2 7,2,1 S16
4,3,0 5,3,0 5,3,2 6,2,1 6,2,2 6,3,2 Y26
0,4,1 0,5,0 0,5,2 1,5,0 1,5,1 1,5,2 S26
1,2,0 2,2,0 2,2,1 2,2,2 3,1,1 3,1,2 R06
1,2,1 1,2,2 1,3,0 1,3,1 1,3,2 2,3,2 H06
0,3,0 0,3,1 0,4,0 0,4,2 1,4,1 1,4,2 S06
1,4,0 2,3,0 2,3,1 3,2,1 3,2,2 3,3,2 L26
3,2,0 4,1,1 4,2,1 4,2,2 4,3,1 4,3,2 L16
3,4,0 4,4,0 4,4,2 5,3,1 5,4,0 5,4,2 H16
2,5,0 2,6,0 2,6,2 3,5,0 3,5,1 3,5,2 Q26
3,6,0 4,4,1 4,5,0 4,5,1 4,5,2 4,6,2 X06
3,7,0 4,6,0 4,6,1 5,4,1 5,5,1 5,5,2 W06
2,8,0 2,8,2 3,6,1 3,6,2 3,7,1 3,7,2 J06
0,7,0 1,6,1 1,7,0 1,7,1 1,7,2 2,6,1 X16
0,8,0 1,8,0 1,8,2 2,7,0 2,7,1 2,7,2 C06

              _J06
             J06  J06
        _C06/      \_W06
       C06  C06    J06  W06
  _C06/      \_C06/      \_W06
 I06  X16    C06  J06    X06  W06
/      \_X16/      \_X06/      \_S16
I06    X16  X16    J06  X06    W06  S16
 \_X16/      \_Q26/      \_X06/      \_F06
 I06  X16    Q26  Q26    X06  W06    S16  F06
/      \_V06/      \_Q26/      \_H16/      \_F06
I06    V06  V06    Q26  X06    H16  S16    F06  F06
 \_V06/      \_Q26/      \_H16/      \_S16/      \
 I06  S26    V06  Y06    H16  H16    Y26  S16    F06
/      \_S26/      \_H16/      \_Y26/      \_Q16/
I06    S26  V06    Y06  L16    Y26  Y26    Q16  Q16
 \_S26/      \_Y06/      \_Y26/      \_Q16/      \
 S26  S06    Y06  Y06    L16  U06    Y26  Q16    Q16
/      \_L26/      \_Y06/      \_U06/      \_O06/
S26    S06  L26    L26  L16    U06  U06    O06  O06
 \_S06/      \_L26/      \_L06/      \_U06/      \
 S06  H06    H06  L26    L16  L06    U06  O06    O06
/      \_H06/      \_L16/      \_L06/      \_O06/
S06    H06  R06    L26  L16    R16  L06    L06
 \_S06/      \_R06/      \_R16/      \_L06/
 M06  H06    R06  R06    R16  R16    R16
/      \_R06/      \_Y16/      \_R16/
M06    H06  Q06    R06  Y16    Y16
 \_M06/      \_Q06/      \_Y16/
      M06    M06  Q06    Y16
       \_M06/      \_Y16/
            Q06    Q06
             \_Q06/

solution 2 (19,014,306 searches):
0,5,1 0,6,1 0,6,2 0,7,1 0,7,2 0,8,2 I06
0,2,0 0,2,1 0,3,2 1,1,0 1,1,1 2,1,2 M06
7,0,0 7,0,1 7,1,0 7,1,2 8,0,1 8,0,2 O06
5,2,0 5,2,1 5,2,2 6,1,0 6,1,1 6,1,2 U06
0,6,0 1,6,0 1,6,2 2,4,1 2,5,1 2,5,2 V06
2,4,0 2,4,2 3,3,0 3,3,1 3,4,1 3,4,2 Y06
2,0,0 2,0,1 2,1,0 2,1,1 3,0,1 3,0,2 Q06
4,2,0 5,1,0 5,1,1 6,0,0 6,0,1 7,0,2 L06
4,0,0 5,0,0 5,0,1 5,0,2 5,1,2 6,0,2 Y16
3,0,0 3,1,0 4,0,1 4,0,2 4,1,0 4,1,2 R16
6,2,0 7,1,1 7,2,0 7,2,2 8,1,1 8,1,2 Q16
6,4,0 7,3,0 7,3,1 7,3,2 8,2,1 8,2,2 F06
5,5,0 6,3,0 6,3,1 6,4,1 6,4,2 7,2,1 S16
4,3,0 5,3,0 5,3,2 6,2,1 6,2,2 6,3,2 Y26
0,4,1 0,5,0 0,5,2 1,5,0 1,5,1 1,5,2 S26
1,2,0 2,2,0 2,2,1 2,2,2 3,1,1 3,1,2 R06
1,2,1 1,2,2 1,3,0 1,3,1 1,3,2 2,3,2 H06
0,3,0 0,3,1 0,4,0 0,4,2 1,4,1 1,4,2 S06
1,4,0 2,3,0 2,3,1 3,2,1 3,2,2 3,3,2 L26
3,2,0 4,1,1 4,2,1 4,2,2 4,3,1 4,3,2 L16
3,4,0 4,4,0 4,4,2 5,3,1 5,4,0 5,4,2 H16
2,5,0 2,6,0 2,6,2 3,5,0 3,5,1 3,5,2 Q26
3,6,0 4,4,1 4,5,0 4,5,1 4,5,2 4,6,2 X06
3,7,0 4,6,0 4,6,1 5,4,1 5,5,1 5,5,2 W06
2,8,0 2,8,2 3,6,1 3,6,2 3,7,1 3,7,2 J06
0,7,0 1,6,1 1,7,0 1,7,1 1,7,2 2,6,1 X16
0,8,0 1,8,0 1,8,2 2,7,0 2,7,1 2,7,2 C06

              _J06
             J06  J06
        _C06/      \_W06
       C06  C06    J06  W06
  _C06/      \_C06/      \_W06
 I06  X16    C06  J06    X06  W06
/      \_X16/      \_X06/      \_S16
I06    X16  X16    J06  X06    W06  S16
 \_X16/      \_Q26/      \_X06/      \_F06
 I06  X16    Q26  Q26    X06  W06    S16  F06
/      \_V06/      \_Q26/      \_H16/      \_F06
I06    V06  V06    Q26  X06    H16  S16    F06  F06
 \_V06/      \_Q26/      \_H16/      \_S16/      \
 I06  S26    V06  Y06    H16  H16    Y26  S16    F06
/      \_S26/      \_H16/      \_Y26/      \_Q16/
I06    S26  V06    Y06  L16    Y26  Y26    Q16  Q16
 \_S26/      \_Y06/      \_Y26/      \_Q16/      \
 S26  S06    Y06  Y06    L16  U06    Y26  Q16    Q16
/      \_L26/      \_Y06/      \_U06/      \_O06/
S26    S06  L26    L26  L16    U06  U06    O06  O06
 \_S06/      \_L26/      \_L06/      \_U06/      \
 S06  H06    H06  L26    L16  L06    U06  O06    O06
/      \_H06/      \_L16/      \_L06/      \_O06/
S06    H06  R06    L26  L16    Y16  L06    L06
 \_S06/      \_R06/      \_R16/      \_L06/
 M06  H06    R06  R06    R16  Y16    Y16
/      \_R06/      \_R16/      \_Y16/
M06    H06  Q06    R06  R16    Y16
 \_M06/      \_Q06/      \_Y16/
      M06    M06  Q06    R16
       \_M06/      \_R16/
            Q06    Q06
             \_Q06/

2 solutions, 45,120,982 searches, duration 0:13:28.545799
