solving HexatwigsTrefoil9:

solution 1 (10,531,734 searches):
4,0,0 4,0,1 4,1,0 4,1,2 5,0,1 5,0,2 O06
3,1,0 3,1,1 3,2,0 3,2,1 3,2,2 3,3,2 F06
5,0,0 6,0,0 6,0,1 6,0,2 7,0,0 7,0,2 H16
6,2,0 6,2,1 7,1,0 7,1,1 8,0,1 8,0,2 L06
5,1,0 5,1,2 6,1,0 6,1,2 7,0,1 7,1,2 L16
3,3,0 3,3,1 4,1,1 4,2,0 4,2,1 4,2,2 H06
5,1,1 5,2,0 5,2,1 5,2,2 6,1,1 6,2,2 X16
0,5,0 0,5,1 0,6,1 0,6,2 0,7,2 1,5,2 J06
5,7,0 5,7,1 5,8,0 5,8,2 6,7,0 6,7,1 Q06
6,6,0 6,6,1 6,7,2 7,5,0 7,5,1 7,5,2 S26
7,6,0 7,6,1 7,6,2 8,4,1 8,5,1 8,5,2 C06
8,3,0 8,5,0 9,3,1 9,3,2 9,4,1 9,4,2 M06
7,3,0 7,3,1 8,3,1 8,3,2 8,4,0 8,4,2 S06
5,3,0 5,4,0 6,3,0 6,3,1 6,3,2 7,3,2 Y16
5,6,0 5,6,1 5,7,2 6,5,1 6,5,2 6,6,2 R16
6,4,0 6,4,2 6,5,0 7,4,0 7,4,1 7,4,2 Y26
4,6,0 4,6,2 5,5,0 5,5,1 5,6,2 6,4,1 L26
1,9,0 2,8,0 2,8,1 3,7,0 3,7,1 4,6,1 I06
0,8,1 0,9,0 0,9,2 1,8,0 1,8,1 1,9,2 R06
1,6,1 1,7,0 1,7,2 2,7,1 2,7,2 2,8,2 S16
0,7,0 0,7,1 0,8,0 0,8,2 1,7,1 1,8,2 Q16
0,6,0 1,5,0 1,5,1 1,6,0 1,6,2 2,5,2 Q26
2,6,0 2,7,0 3,5,1 3,6,1 3,6,2 3,7,2 U06
2,5,0 2,5,1 2,6,1 2,6,2 3,5,0 3,5,2 V06
4,3,0 4,3,2 5,3,1 5,3,2 5,4,1 5,4,2 W06
3,6,0 4,4,1 4,5,0 4,5,1 4,5,2 5,5,2 Y06
3,4,0 3,4,1 3,4,2 4,3,1 4,4,0 4,4,2 X06

                                _Q06
                               Q06  Q06
                              /      \_Q06
                              Q06    S26  C06
        _I06                   \_Q06/      \_C06
       R06  I06                R16  S26    C06  C06
  _R06/      \_I06            /      \_S26/      \_M06
 R06  R06    S16  I06         R16    R16  S26    C06  M06
/      \_R06/      \_I06       \_R16/      \_S26/      \
R06    Q16  S16    U06  I06    L26  R16    S26  C06    M06
 \_Q16/      \_U06/      \_L26/      \_Y26/      \_S06/
 Q16  Q16    S16  U06    L26  L26    R16  Y26    S06  M06
/      \_S16/      \_Y06/      \_L26/      \_Y26/      \
Q16    S16  V06    U06  Y06    Y06  L26    Y26  S06    M06
 \_Q16/      \_U06/      \_Y06/      \_Y26/      \_M06/
 J06  S16    V06  U06    Y06  W06    Y26  S06    S06
/      \_Q26/      \_V06/      \_Y16/      \_S06/
J06    Q26  V06    V06  Y06    W06  Y16    Y16
 \_Q26/      \_V06/      \_X06/      \_Y16/
 J06  Q26    Q26  X06    X06  W06    Y16
/      \_Q26/      \_X06/      \_Y16/
J06    J06         X06  X06    W06  L06
 \_J06/           /      \_W06/      \_L06
                  H06    W06  X16    X16  L06
                   \_H06/      \_X16/      \_L06
                   F06  H06    X16  X16    L16  L06
                  /      \_H06/      \_L16/      \
                  F06    H06  X16    L16  L16    L06
                   \_F06/      \_L16/      \_H16/
                   F06  H06    L16  H16    H16
                  /      \_O06/      \_H16/
                  F06    O06  O06    H16
                   \_F06/      \_H16/
                        O06    O06
                         \_O06/

solution 2 (10,532,733 searches):
4,0,0 4,0,1 4,1,0 4,1,2 5,0,1 5,0,2 O06
3,1,0 3,1,1 3,2,0 3,2,1 3,2,2 3,3,2 F06
5,0,0 6,0,0 6,0,1 6,0,2 7,0,0 7,0,2 H16
6,2,0 6,2,1 7,1,0 7,1,1 8,0,1 8,0,2 L06
5,1,0 5,1,2 6,1,0 6,1,2 7,0,1 7,1,2 L16
3,3,0 3,3,1 4,1,1 4,2,0 4,2,1 4,2,2 H06
5,1,1 5,2,0 5,2,1 5,2,2 6,1,1 6,2,2 X16
0,5,0 0,5,1 0,6,1 0,6,2 0,7,2 1,5,2 J06
5,7,0 5,7,1 5,8,0 5,8,2 6,7,0 6,7,1 Q06
6,6,0 6,6,1 6,7,2 7,5,0 7,5,1 7,5,2 S26
7,6,0 7,6,1 7,6,2 8,4,1 8,5,1 8,5,2 C06
8,3,0 8,5,0 9,3,1 9,3,2 9,4,1 9,4,2 M06
7,3,0 7,3,1 8,3,1 8,3,2 8,4,0 8,4,2 S06
5,3,0 5,4,0 6,3,0 6,3,1 6,3,2 7,3,2 Y16
5,6,0 5,6,1 5,7,2 6,5,1 6,5,2 6,6,2 R16
6,4,0 6,4,2 6,5,0 7,4,0 7,4,1 7,4,2 Y26
4,5,0 5,5,0 5,5,1 5,5,2 5,6,2 6,4,1 Y06
4,3,0 4,3,2 5,3,1 5,3,2 5,4,1 5,4,2 W06
0,6,0 1,5,0 1,5,1 1,6,0 1,6,2 2,5,2 Q26
0,7,0 0,7,1 0,8,0 0,8,2 1,7,1 1,8,2 Q16
0,8,1 0,9,0 0,9,2 1,8,0 1,8,1 1,9,2 R06
1,6,1 1,7,0 1,7,2 2,7,1 2,7,2 2,8,2 S16
1,9,0 2,8,0 2,8,1 3,7,0 3,7,1 4,6,1 I06
3,6,0 4,4,1 4,5,1 4,5,2 4,6,0 4,6,2 L26
2,6,0 2,7,0 3,5,1 3,6,1 3,6,2 3,7,2 U06
2,5,0 2,5,1 2,6,1 2,6,2 3,5,0 3,5,2 V06
3,4,0 3,4,1 3,4,2 4,3,1 4,4,0 4,4,2 X06

                                _Q06
                               Q06  Q06
                              /      \_Q06
                              Q06    S26  C06
        _I06                   \_Q06/      \_C06
       R06  I06                R16  S26    C06  C06
  _R06/      \_I06            /      \_S26/      \_M06
 R06  R06    S16  I06         R16    R16  S26    C06  M06
/      \_R06/      \_I06       \_R16/      \_S26/      \
R06    Q16  S16    U06  I06    Y06  R16    S26  C06    M06
 \_Q16/      \_U06/      \_L26/      \_Y26/      \_S06/
 Q16  Q16    S16  U06    L26  Y06    R16  Y26    S06  M06
/      \_S16/      \_L26/      \_Y06/      \_Y26/      \
Q16    S16  V06    U06  L26    Y06  Y06    Y26  S06    M06
 \_Q16/      \_U06/      \_Y06/      \_Y26/      \_M06/
 J06  S16    V06  U06    L26  W06    Y26  S06    S06
/      \_Q26/      \_V06/      \_Y16/      \_S06/
J06    Q26  V06    V06  L26    W06  Y16    Y16
 \_Q26/      \_V06/      \_X06/      \_Y16/
 J06  Q26    Q26  X06    X06  W06    Y16
/      \_Q26/      \_X06/      \_Y16/
J06    J06         X06  X06    W06  L06
 \_J06/           /      \_W06/      \_L06
                  H06    W06  X16    X16  L06
                   \_H06/      \_X16/      \_L06
                   F06  H06    X16  X16    L16  L06
                  /      \_H06/      \_L16/      \
                  F06    H06  X16    L16  L16    L06
                   \_F06/      \_L16/      \_H16/
                   F06  H06    L16  H16    H16
                  /      \_O06/      \_H16/
                  F06    O06  O06    H16
                   \_F06/      \_H16/
                        O06    O06
                         \_O06/

solution 3 (10,572,737 searches):
4,0,0 4,0,1 4,1,0 4,1,2 5,0,1 5,0,2 O06
3,1,0 3,1,1 3,2,0 3,2,1 3,2,2 3,3,2 F06
5,0,0 6,0,0 6,0,1 6,0,2 7,0,0 7,0,2 H16
6,2,0 6,2,1 7,1,0 7,1,1 8,0,1 8,0,2 L06
5,1,0 5,1,2 6,1,0 6,1,2 7,0,1 7,1,2 L16
3,3,0 3,3,1 4,1,1 4,2,0 4,2,1 4,2,2 H06
5,1,1 5,2,0 5,2,1 5,2,2 6,1,1 6,2,2 X16
0,5,0 0,5,1 0,6,1 0,6,2 0,7,2 1,5,2 J06
5,7,0 5,7,1 5,8,0 5,8,2 6,7,0 6,7,1 Q06
6,6,0 6,6,1 6,7,2 7,5,0 7,5,1 7,5,2 S26
7,6,0 7,6,1 7,6,2 8,4,1 8,5,1 8,5,2 C06
8,3,1 8,4,0 8,4,2 8,5,0 9,4,1 9,4,2 S06
7,3,0 7,3,1 8,3,0 8,3,2 9,3,1 9,3,2 M06
5,3,0 5,4,0 6,3,0 6,3,1 6,3,2 7,3,2 Y16
5,6,0 5,6,1 5,7,2 6,5,1 6,5,2 6,6,2 R16
6,4,0 6,4,2 6,5,0 7,4,0 7,4,1 7,4,2 Y26
4,6,0 4,6,2 5,5,0 5,5,1 5,6,2 6,4,1 L26
1,9,0 2,8,0 2,8,1 3,7,0 3,7,1 4,6,1 I06
0,8,1 0,9,0 0,9,2 1,8,0 1,8,1 1,9,2 R06
1,6,1 1,7,0 1,7,2 2,7,1 2,7,2 2,8,2 S16
0,7,0 0,7,1 0,8,0 0,8,2 1,7,1 1,8,2 Q16
0,6,0 1,5,0 1,5,1 1,6,0 1,6,2 2,5,2 Q26
2,6,0 2,7,0 3,5,1 3,6,1 3,6,2 3,7,2 U06
2,5,0 2,5,1 2,6,1 2,6,2 3,5,0 3,5,2 V06
4,3,0 4,3,2 5,3,1 5,3,2 5,4,1 5,4,2 W06
3,6,0 4,4,1 4,5,0 4,5,1 4,5,2 5,5,2 Y06
3,4,0 3,4,1 3,4,2 4,3,1 4,4,0 4,4,2 X06

                                _Q06
                               Q06  Q06
                              /      \_Q06
                              Q06    S26  C06
        _I06                   \_Q06/      \_C06
       R06  I06                R16  S26    C06  C06
  _R06/      \_I06            /      \_S26/      \_S06
 R06  R06    S16  I06         R16    R16  S26    C06  S06
/      \_R06/      \_I06       \_R16/      \_S26/      \
R06    Q16  S16    U06  I06    L26  R16    S26  C06    S06
 \_Q16/      \_U06/      \_L26/      \_Y26/      \_S06/
 Q16  Q16    S16  U06    L26  L26    R16  Y26    S06  M06
/      \_S16/      \_Y06/      \_L26/      \_Y26/      \
Q16    S16  V06    U06  Y06    Y06  L26    Y26  S06    M06
 \_Q16/      \_U06/      \_Y06/      \_Y26/      \_M06/
 J06  S16    V06  U06    Y06  W06    Y26  M06    M06
/      \_Q26/      \_V06/      \_Y16/      \_M06/
J06    Q26  V06    V06  Y06    W06  Y16    Y16
 \_Q26/      \_V06/      \_X06/      \_Y16/
 J06  Q26    Q26  X06    X06  W06    Y16
/      \_Q26/      \_X06/      \_Y16/
J06    J06         X06  X06    W06  L06
 \_J06/           /      \_W06/      \_L06
                  H06    W06  X16    X16  L06
                   \_H06/      \_X16/      \_L06
                   F06  H06    X16  X16    L16  L06
                  /      \_H06/      \_L16/      \
                  F06    H06  X16    L16  L16    L06
                   \_F06/      \_L16/      \_H16/
                   F06  H06    L16  H16    H16
                  /      \_O06/      \_H16/
                  F06    O06  O06    H16
                   \_F06/      \_H16/
                        O06    O06
                         \_O06/

solution 4 (10,573,736 searches):
4,0,0 4,0,1 4,1,0 4,1,2 5,0,1 5,0,2 O06
3,1,0 3,1,1 3,2,0 3,2,1 3,2,2 3,3,2 F06
5,0,0 6,0,0 6,0,1 6,0,2 7,0,0 7,0,2 H16
6,2,0 6,2,1 7,1,0 7,1,1 8,0,1 8,0,2 L06
5,1,0 5,1,2 6,1,0 6,1,2 7,0,1 7,1,2 L16
3,3,0 3,3,1 4,1,1 4,2,0 4,2,1 4,2,2 H06
5,1,1 5,2,0 5,2,1 5,2,2 6,1,1 6,2,2 X16
0,5,0 0,5,1 0,6,1 0,6,2 0,7,2 1,5,2 J06
5,7,0 5,7,1 5,8,0 5,8,2 6,7,0 6,7,1 Q06
6,6,0 6,6,1 6,7,2 7,5,0 7,5,1 7,5,2 S26
7,6,0 7,6,1 7,6,2 8,4,1 8,5,1 8,5,2 C06
8,3,1 8,4,0 8,4,2 8,5,0 9,4,1 9,4,2 S06
7,3,0 7,3,1 8,3,0 8,3,2 9,3,1 9,3,2 M06
5,3,0 5,4,0 6,3,0 6,3,1 6,3,2 7,3,2 Y16
5,6,0 5,6,1 5,7,2 6,5,1 6,5,2 6,6,2 R16
6,4,0 6,4,2 6,5,0 7,4,0 7,4,1 7,4,2 Y26
4,5,0 5,5,0 5,5,1 5,5,2 5,6,2 6,4,1 Y06
4,3,0 4,3,2 5,3,1 5,3,2 5,4,1 5,4,2 W06
0,6,0 1,5,0 1,5,1 1,6,0 1,6,2 2,5,2 Q26
0,7,0 0,7,1 0,8,0 0,8,2 1,7,1 1,8,2 Q16
0,8,1 0,9,0 0,9,2 1,8,0 1,8,1 1,9,2 R06
1,6,1 1,7,0 1,7,2 2,7,1 2,7,2 2,8,2 S16
1,9,0 2,8,0 2,8,1 3,7,0 3,7,1 4,6,1 I06
3,6,0 4,4,1 4,5,1 4,5,2 4,6,0 4,6,2 L26
2,6,0 2,7,0 3,5,1 3,6,1 3,6,2 3,7,2 U06
2,5,0 2,5,1 2,6,1 2,6,2 3,5,0 3,5,2 V06
3,4,0 3,4,1 3,4,2 4,3,1 4,4,0 4,4,2 X06

                                _Q06
                               Q06  Q06
                              /      \_Q06
                              Q06    S26  C06
        _I06                   \_Q06/      \_C06
       R06  I06                R16  S26    C06  C06
  _R06/      \_I06            /      \_S26/      \_S06
 R06  R06    S16  I06         R16    R16  S26    C06  S06
/      \_R06/      \_I06       \_R16/      \_S26/      \
R06    Q16  S16    U06  I06    Y06  R16    S26  C06    S06
 \_Q16/      \_U06/      \_L26/      \_Y26/      \_S06/
 Q16  Q16    S16  U06    L26  Y06    R16  Y26    S06  M06
/      \_S16/      \_L26/      \_Y06/      \_Y26/      \
Q16    S16  V06    U06  L26    Y06  Y06    Y26  S06    M06
 \_Q16/      \_U06/      \_Y06/      \_Y26/      \_M06/
 J06  S16    V06  U06    L26  W06    Y26  M06    M06
/      \_Q26/      \_V06/      \_Y16/      \_M06/
J06    Q26  V06    V06  L26    W06  Y16    Y16
 \_Q26/      \_V06/      \_X06/      \_Y16/
 J06  Q26    Q26  X06    X06  W06    Y16
/      \_Q26/      \_X06/      \_Y16/
J06    J06         X06  X06    W06  L06
 \_J06/           /      \_W06/      \_L06
                  H06    W06  X16    X16  L06
                   \_H06/      \_X16/      \_L06
                   F06  H06    X16  X16    L16  L06
                  /      \_H06/      \_L16/      \
                  F06    H06  X16    L16  L16    L06
                   \_F06/      \_L16/      \_H16/
                   F06  H06    L16  H16    H16
                  /      \_O06/      \_H16/
                  F06    O06  O06    H16
                   \_F06/      \_H16/
                        O06    O06
                         \_O06/

solution 5 (15,241,879 searches):
4,0,0 4,0,1 4,1,0 4,1,2 5,0,1 5,0,2 O06
3,1,0 3,1,1 3,2,0 3,2,1 3,2,2 3,3,2 F06
5,0,0 6,0,0 6,0,1 6,0,2 7,0,0 7,0,2 H16
6,2,0 6,2,1 7,1,0 7,1,1 8,0,1 8,0,2 L06
5,1,0 5,1,2 6,1,0 6,1,2 7,0,1 7,1,2 L16
3,3,0 3,3,1 4,1,1 4,2,0 4,2,1 4,2,2 H06
5,1,1 5,2,0 5,2,1 5,2,2 6,1,1 6,2,2 X16
0,5,0 0,5,1 0,6,1 0,6,2 0,7,2 1,5,2 J06
5,7,0 5,7,1 5,8,0 5,8,2 6,6,1 6,7,1 Q06
6,7,0 6,7,2 7,5,1 7,6,0 7,6,1 7,6,2 R06
5,6,0 5,6,1 5,6,2 5,7,2 6,6,0 6,6,2 Y26
8,4,0 8,4,2 8,5,0 8,5,1 9,4,1 9,4,2 V06
7,3,0 7,3,1 8,3,0 8,3,2 9,3,1 9,3,2 M06
6,5,0 6,5,1 7,5,0 7,5,2 8,4,1 8,5,2 S26
6,4,0 6,4,1 7,4,0 7,4,1 7,4,2 8,3,1 R16
5,3,0 6,3,0 6,3,1 6,3,2 6,4,2 7,3,2 Y16
4,6,0 5,4,1 5,5,0 5,5,1 5,5,2 6,5,2 Y06
4,3,0 4,3,2 5,3,1 5,3,2 5,4,0 5,4,2 S16
0,6,0 1,5,0 1,5,1 2,5,0 2,5,1 2,5,2 C06
3,4,0 3,4,2 4,3,1 4,4,0 4,4,1 4,4,2 X06
3,4,1 3,5,0 3,5,1 3,5,2 4,5,0 4,5,2 L26
2,8,0 3,7,0 3,7,1 4,5,1 4,6,1 4,6,2 W06
1,6,0 1,6,2 2,6,0 2,6,2 3,6,0 3,6,2 I06
1,7,0 2,6,1 2,7,0 2,7,2 3,6,1 3,7,2 U06
0,7,0 0,7,1 0,8,2 1,6,1 1,7,1 1,7,2 Q26
0,8,0 0,8,1 0,9,2 1,8,0 1,8,2 2,7,1 S06
0,9,0 1,8,1 1,9,0 1,9,2 2,8,1 2,8,2 Q16

                                _Q06
                               Q06  Q06
                              /      \_R06
                              Q06    R06  R06
        _Q16                   \_Q06/      \_R06
       Q16  Q16                Y26  Q06    R06  V06
  _Q16/      \_W06            /      \_Y26/      \_V06
 S06  Q16    Q16  W06         Y26    Y26  R06    S26  V06
/      \_S06/      \_W06       \_Y26/      \_S26/      \
S06    S06  S06    U06  W06    Y26  S26    S26  S26    V06
 \_S06/      \_U06/      \_Y06/      \_S26/      \_V06/
 Q26  Q26    U06  U06    W06  Y06    Y06  R16    V06  M06
/      \_U06/      \_I06/      \_Y06/      \_R16/      \
Q26    Q26  U06    I06  W06    Y06  R16    R16  R16    M06
 \_Q26/      \_I06/      \_L26/      \_R16/      \_M06/
 J06  Q26    I06  L26    L26  Y06    Y16  M06    M06
/      \_I06/      \_L26/      \_S16/      \_M06/
J06    I06  C06    L26  X06    S16  Y16    Y16
 \_C06/      \_C06/      \_X06/      \_Y16/
 J06  C06    C06  L26    X06  S16    Y16
/      \_C06/      \_X06/      \_Y16/
J06    J06         X06  X06    S16  L06
 \_J06/           /      \_S16/      \_L06
                  H06    S16  X16    X16  L06
                   \_H06/      \_X16/      \_L06
                   F06  H06    X16  X16    L16  L06
                  /      \_H06/      \_L16/      \
                  F06    H06  X16    L16  L16    L06
                   \_F06/      \_L16/      \_H16/
                   F06  H06    L16  H16    H16
                  /      \_O06/      \_H16/
                  F06    O06  O06    H16
                   \_F06/      \_H16/
                        O06    O06
                         \_O06/

solution 6 (16,226,889 searches):
4,0,0 4,0,1 4,1,0 4,1,2 5,0,1 5,0,2 O06
3,1,0 3,1,1 3,2,0 3,2,1 3,2,2 3,3,2 F06
5,0,0 6,0,0 6,0,1 6,0,2 7,0,0 7,0,2 H16
6,2,0 6,2,1 7,1,0 7,1,1 8,0,1 8,0,2 L06
5,1,0 5,1,2 6,1,0 6,1,2 7,0,1 7,1,2 L16
3,3,0 3,3,1 4,1,1 4,2,0 4,2,1 4,2,2 H06
5,1,1 5,2,0 5,2,1 5,2,2 6,1,1 6,2,2 X16
0,5,0 0,5,1 0,6,1 0,6,2 0,7,2 1,5,2 J06
5,7,1 5,8,0 5,8,2 6,6,1 6,7,1 6,7,2 Q06
5,6,0 5,6,1 5,6,2 5,7,0 5,7,2 6,6,2 Q26
6,7,0 7,6,0 7,6,1 8,5,0 8,5,1 9,4,1 I06
6,6,0 7,4,0 7,4,1 7,5,1 7,5,2 7,6,2 S26
7,5,0 8,3,1 8,4,0 8,4,1 8,4,2 8,5,2 X06
7,3,0 8,3,0 8,3,2 9,3,1 9,3,2 9,4,2 W06
6,4,0 6,4,1 6,4,2 6,5,0 6,5,1 6,5,2 U06
5,4,0 6,3,0 6,3,1 7,3,1 7,3,2 7,4,2 V06
4,3,0 4,4,0 5,3,0 5,3,1 5,3,2 6,3,2 Y16
3,4,0 3,4,1 3,4,2 3,5,2 4,3,1 4,3,2 R16
4,6,0 5,4,1 5,4,2 5,5,0 5,5,1 5,5,2 L26
3,5,0 3,5,1 4,4,1 4,4,2 4,5,0 4,5,2 Y06
1,7,0 2,6,0 2,6,1 3,6,0 3,6,2 4,5,1 S16
2,7,0 3,6,1 3,7,0 3,7,2 4,6,1 4,6,2 Q16
1,8,0 2,7,1 2,7,2 2,8,0 2,8,2 3,7,1 R06
0,8,1 0,9,0 0,9,2 1,9,0 1,9,2 2,8,1 M06
0,7,0 0,7,1 0,8,0 0,8,2 1,8,1 1,8,2 S06
1,6,0 1,6,1 1,6,2 1,7,1 1,7,2 2,6,2 Y26
0,6,0 1,5,0 1,5,1 2,5,0 2,5,1 2,5,2 C06

                                _Q06
                               Q06  Q06
                              /      \_I06
                              Q06    Q06  I06
        _M06                   \_Q26/      \_I06
       M06  M06                Q26  Q06    S26  I06
  _M06/      \_R06            /      \_S26/      \_I06
 M06  S06    R06  R06         Q26    Q26  S26    X06  I06
/      \_R06/      \_Q16       \_Q26/      \_X06/      \
M06    S06  R06    Q16  Q16    Q26  U06    S26  X06    W06
 \_S06/      \_Q16/      \_L26/      \_U06/      \_X06/
 S06  Y26    R06  Q16    Q16  L26    U06  S26    X06  W06
/      \_S16/      \_S16/      \_L26/      \_S26/      \
S06    Y26  S16    S16  S16    L26  U06    V06  X06    W06
 \_S06/      \_S16/      \_Y06/      \_U06/      \_W06/
 J06  Y26    Y26  Y06    Y06  L26    U06  V06    W06
/      \_Y26/      \_Y06/      \_V06/      \_W06/
J06    Y26  C06    R16  Y06    L26  V06    V06
 \_C06/      \_C06/      \_Y16/      \_V06/
 J06  C06    C06  R16    Y06  Y16    Y16
/      \_C06/      \_R16/      \_Y16/
J06    J06         R16  R16    Y16  L06
 \_J06/           /      \_Y16/      \_L06
                  H06    R16  X16    X16  L06
                   \_H06/      \_X16/      \_L06
                   F06  H06    X16  X16    L16  L06
                  /      \_H06/      \_L16/      \
                  F06    H06  X16    L16  L16    L06
                   \_F06/      \_L16/      \_H16/
                   F06  H06    L16  H16    H16
                  /      \_O06/      \_H16/
                  F06    O06  O06    H16
                   \_F06/      \_H16/
                        O06    O06
                         \_O06/

solution 7 (16,226,894 searches):
4,0,0 4,0,1 4,1,0 4,1,2 5,0,1 5,0,2 O06
3,1,0 3,1,1 3,2,0 3,2,1 3,2,2 3,3,2 F06
5,0,0 6,0,0 6,0,1 6,0,2 7,0,0 7,0,2 H16
6,2,0 6,2,1 7,1,0 7,1,1 8,0,1 8,0,2 L06
5,1,0 5,1,2 6,1,0 6,1,2 7,0,1 7,1,2 L16
3,3,0 3,3,1 4,1,1 4,2,0 4,2,1 4,2,2 H06
5,1,1 5,2,0 5,2,1 5,2,2 6,1,1 6,2,2 X16
0,5,0 0,5,1 0,6,1 0,6,2 0,7,2 1,5,2 J06
5,7,1 5,8,0 5,8,2 6,6,1 6,7,1 6,7,2 Q06
5,6,0 5,6,1 5,6,2 5,7,0 5,7,2 6,6,2 Q26
6,7,0 7,6,0 7,6,1 8,5,0 8,5,1 9,4,1 I06
6,6,0 7,4,0 7,4,1 7,5,1 7,5,2 7,6,2 S26
7,5,0 8,3,1 8,4,0 8,4,1 8,4,2 8,5,2 X06
7,3,0 8,3,0 8,3,2 9,3,1 9,3,2 9,4,2 W06
6,4,0 6,4,1 6,4,2 6,5,0 6,5,1 6,5,2 U06
5,4,0 6,3,0 6,3,1 7,3,1 7,3,2 7,4,2 V06
4,3,0 4,4,0 5,3,0 5,3,1 5,3,2 6,3,2 Y16
3,4,0 3,4,1 3,4,2 3,5,2 4,3,1 4,3,2 R16
4,6,0 5,4,1 5,4,2 5,5,0 5,5,1 5,5,2 L26
3,5,0 3,5,1 4,4,1 4,4,2 4,5,0 4,5,2 Y06
1,7,0 2,6,0 2,6,1 3,6,0 3,6,2 4,5,1 S16
2,7,0 3,6,1 3,7,0 3,7,2 4,6,1 4,6,2 Q16
1,8,0 2,7,1 2,7,2 2,8,0 2,8,2 3,7,1 R06
0,8,0 1,8,1 1,8,2 1,9,0 1,9,2 2,8,1 S06
0,7,0 0,7,1 0,8,1 0,8,2 0,9,0 0,9,2 M06
1,6,0 1,6,1 1,6,2 1,7,1 1,7,2 2,6,2 Y26
0,6,0 1,5,0 1,5,1 2,5,0 2,5,1 2,5,2 C06

                                _Q06
                               Q06  Q06
                              /      \_I06
                              Q06    Q06  I06
        _S06                   \_Q26/      \_I06
       S06  S06                Q26  Q06    S26  I06
  _M06/      \_R06            /      \_S26/      \_I06
 M06  S06    R06  R06         Q26    Q26  S26    X06  I06
/      \_R06/      \_Q16       \_Q26/      \_X06/      \
M06    S06  R06    Q16  Q16    Q26  U06    S26  X06    W06
 \_S06/      \_Q16/      \_L26/      \_U06/      \_X06/
 M06  Y26    R06  Q16    Q16  L26    U06  S26    X06  W06
/      \_S16/      \_S16/      \_L26/      \_S26/      \
M06    Y26  S16    S16  S16    L26  U06    V06  X06    W06
 \_M06/      \_S16/      \_Y06/      \_U06/      \_W06/
 J06  Y26    Y26  Y06    Y06  L26    U06  V06    W06
/      \_Y26/      \_Y06/      \_V06/      \_W06/
J06    Y26  C06    R16  Y06    L26  V06    V06
 \_C06/      \_C06/      \_Y16/      \_V06/
 J06  C06    C06  R16    Y06  Y16    Y16
/      \_C06/      \_R16/      \_Y16/
J06    J06         R16  R16    Y16  L06
 \_J06/           /      \_Y16/      \_L06
                  H06    R16  X16    X16  L06
                   \_H06/      \_X16/      \_L06
                   F06  H06    X16  X16    L16  L06
                  /      \_H06/      \_L16/      \
                  F06    H06  X16    L16  L16    L06
                   \_F06/      \_L16/      \_H16/
                   F06  H06    L16  H16    H16
                  /      \_O06/      \_H16/
                  F06    O06  O06    H16
                   \_F06/      \_H16/
                        O06    O06
                         \_O06/

solution 8 (34,874,451 searches):
4,0,0 4,0,1 4,1,0 4,1,2 5,0,1 5,0,2 O06
3,1,0 3,1,1 3,2,0 3,2,1 3,2,2 3,3,2 F06
5,0,0 6,0,0 6,0,1 6,0,2 7,0,0 7,0,2 H16
6,2,0 6,2,1 7,1,0 7,1,1 8,0,1 8,0,2 L06
5,1,0 5,1,2 6,1,0 6,1,2 7,0,1 7,1,2 L16
3,3,0 3,3,1 4,1,1 4,2,0 4,2,1 4,2,2 H06
5,1,1 5,2,0 5,2,1 5,2,2 6,1,1 6,2,2 X16
0,5,0 0,5,1 0,6,1 0,6,2 0,7,2 1,5,2 J06
5,7,0 5,7,1 5,8,0 5,8,2 6,6,1 6,7,2 Q16
6,7,0 6,7,1 7,5,0 7,5,1 7,6,1 7,6,2 S16
7,6,0 8,4,0 8,4,1 8,4,2 8,5,1 8,5,2 S26
8,3,0 8,5,0 9,3,1 9,3,2 9,4,1 9,4,2 M06
5,6,0 5,6,1 5,6,2 5,7,2 6,6,0 6,6,2 Y26
7,3,0 7,4,0 7,4,1 7,5,2 8,3,1 8,3,2 S06
6,4,0 6,4,1 6,4,2 6,5,0 6,5,1 6,5,2 U06
5,4,0 6,3,0 6,3,1 7,3,1 7,3,2 7,4,2 V06
4,3,0 4,4,0 5,3,0 5,3,1 5,3,2 6,3,2 Y16
3,4,0 3,4,1 3,4,2 3,5,2 4,3,1 4,3,2 R16
4,6,0 5,4,1 5,4,2 5,5,0 5,5,1 5,5,2 L26
3,5,0 3,5,1 4,4,1 4,4,2 4,5,0 4,5,2 Y06
0,6,0 1,5,0 1,5,1 2,5,0 2,5,1 2,5,2 C06
3,6,1 3,7,0 3,7,2 4,5,1 4,6,1 4,6,2 Q06
1,6,0 1,6,2 2,6,0 2,6,2 3,6,0 3,6,2 I06
1,8,0 2,7,0 2,7,1 2,8,0 2,8,2 3,7,1 Q26
0,9,0 1,8,1 1,8,2 1,9,0 1,9,2 2,8,1 R06
0,7,0 0,7,1 0,8,1 0,8,2 0,9,2 1,6,1 W06
0,8,0 1,7,0 1,7,1 1,7,2 2,6,1 2,7,2 X06

                                _Q16
                               Q16  S16
                              /      \_S16
                              Q16    Q16  S16
        _R06                   \_Q16/      \_S26
       R06  R06                Y26  Q16    S16  S26
  _R06/      \_Q26            /      \_Y26/      \_M06
 W06  R06    Q26  Q26         Y26    Y26  S16    S26  M06
/      \_Q26/      \_Q06       \_Y26/      \_S16/      \
W06    R06  Q26    Q06  Q06    Y26  U06    S06  S26    M06
 \_X06/      \_Q26/      \_L26/      \_U06/      \_S26/
 W06  X06    X06  Q06    Q06  L26    U06  S06    S26  M06
/      \_X06/      \_I06/      \_L26/      \_S06/      \
W06    X06  X06    I06  Q06    L26  U06    V06  S06    M06
 \_W06/      \_I06/      \_Y06/      \_U06/      \_M06/
 J06  W06    I06  Y06    Y06  L26    U06  V06    S06
/      \_I06/      \_Y06/      \_V06/      \_S06/
J06    I06  C06    R16  Y06    L26  V06    V06
 \_C06/      \_C06/      \_Y16/      \_V06/
 J06  C06    C06  R16    Y06  Y16    Y16
/      \_C06/      \_R16/      \_Y16/
J06    J06         R16  R16    Y16  L06
 \_J06/           /      \_Y16/      \_L06
                  H06    R16  X16    X16  L06
                   \_H06/      \_X16/      \_L06
                   F06  H06    X16  X16    L16  L06
                  /      \_H06/      \_L16/      \
                  F06    H06  X16    L16  L16    L06
                   \_F06/      \_L16/      \_H16/
                   F06  H06    L16  H16    H16
                  /      \_O06/      \_H16/
                  F06    O06  O06    H16
                   \_F06/      \_H16/
                        O06    O06
                         \_O06/

solution 9 (132,608,545 searches):
4,0,0 4,0,1 4,1,0 4,1,2 5,0,1 5,0,2 O06
3,1,0 3,1,1 3,2,0 3,2,1 3,2,2 3,3,2 F06
5,0,0 6,0,0 6,0,1 6,0,2 7,0,0 7,0,2 H16
6,2,0 6,2,1 7,1,0 7,1,1 8,0,1 8,0,2 L06
5,1,0 5,1,2 6,1,0 6,1,2 7,0,1 7,1,2 L16
3,3,0 3,3,1 4,1,1 4,2,0 4,2,1 4,2,2 H06
5,1,1 5,2,0 5,2,1 5,2,2 6,1,1 6,2,2 X16
0,5,0 0,5,1 0,6,0 0,6,2 1,5,2 1,6,2 Q06
1,5,0 1,5,1 2,5,0 2,5,1 2,5,2 3,4,1 R16
0,6,1 0,7,0 0,7,2 1,6,0 1,6,1 2,6,2 S06
0,7,1 0,8,0 0,8,2 1,7,1 1,7,2 1,8,2 Q26
0,8,1 0,9,0 0,9,2 1,8,0 1,8,1 1,9,2 R06
1,9,0 2,7,1 2,8,0 2,8,1 2,8,2 3,7,1 Y16
3,4,0 3,4,2 3,5,0 4,4,0 4,4,1 4,4,2 Y26
4,3,0 4,3,1 4,3,2 5,3,1 5,3,2 5,4,2 C06
5,3,0 5,5,0 6,3,1 6,3,2 6,4,1 6,4,2 M06
6,3,0 7,3,0 7,3,2 8,3,0 8,3,2 9,3,2 I06
4,5,0 4,5,2 5,4,0 5,4,1 5,5,1 5,5,2 Y06
1,7,0 2,6,0 2,6,1 3,5,1 3,5,2 3,6,2 L26
2,7,0 2,7,2 3,6,0 3,6,1 4,5,1 4,6,2 S26
3,7,0 3,7,2 4,6,0 4,6,1 5,6,0 5,6,2 S16
5,6,1 5,7,1 5,7,2 5,8,0 5,8,2 6,7,1 J06
6,4,0 6,5,0 7,3,1 7,4,1 7,4,2 7,5,2 U06
6,5,1 6,5,2 6,6,0 6,6,2 7,5,0 7,5,1 V06
5,7,0 6,6,1 6,7,0 6,7,2 7,6,1 7,6,2 Q16
7,6,0 8,5,0 8,5,1 9,3,1 9,4,1 9,4,2 W06
7,4,0 8,3,1 8,4,0 8,4,1 8,4,2 8,5,2 X06

                                _J06
                               J06  J06
                              /      \_Q16
                              J06    Q16  Q16
        _Y16                   \_Q16/      \_W06
       R06  Y16                J06  Q16    Q16  W06
  _R06/      \_Y16            /      \_V06/      \_W06
 R06  R06    Y16  Y16         J06    V06  V06    X06  W06
/      \_R06/      \_S16       \_S16/      \_V06/      \
R06    Q26  Y16    S16  S16    S16  V06    U06  X06    W06
 \_Q26/      \_S26/      \_S16/      \_U06/      \_X06/
 Q26  Q26    S26  S26    S26  Y06    V06  U06    X06  W06
/      \_L26/      \_S26/      \_M06/      \_X06/      \
Q26    Q26  L26    L26  S26    Y06  M06    U06  X06    I06
 \_S06/      \_L26/      \_Y06/      \_U06/      \_I06/
 S06  S06    S06  L26    Y06  Y06    M06  U06    I06
/      \_S06/      \_Y26/      \_Y06/      \_I06/
S06    Q06  R16    L26  Y26    C06  M06    I06
 \_Q06/      \_R16/      \_Y26/      \_I06/
 Q06  R16    R16  R16    Y26  C06    M06
/      \_R16/      \_Y26/      \_M06/
Q06    Q06         Y26  C06    C06  L06
 \_Q06/           /      \_C06/      \_L06
                  H06    C06  X16    X16  L06
                   \_H06/      \_X16/      \_L06
                   F06  H06    X16  X16    L16  L06
                  /      \_H06/      \_L16/      \
                  F06    H06  X16    L16  L16    L06
                   \_F06/      \_L16/      \_H16/
                   F06  H06    L16  H16    H16
                  /      \_O06/      \_H16/
                  F06    O06  O06    H16
                   \_F06/      \_H16/
                        O06    O06
                         \_O06/

solution 10 (147,581,190 searches):
4,0,0 4,0,1 4,1,0 4,1,2 5,0,1 5,0,2 O06
3,1,0 3,1,1 3,2,0 3,2,1 3,2,2 3,3,2 F06
5,0,0 6,0,0 6,0,1 6,0,2 7,0,0 7,0,2 H16
6,2,0 6,2,1 7,1,0 7,1,1 8,0,1 8,0,2 L06
5,1,0 5,1,2 6,1,0 6,1,2 7,0,1 7,1,2 L16
3,3,0 3,3,1 4,1,1 4,2,0 4,2,1 4,2,2 H06
5,1,1 5,2,0 5,2,1 5,2,2 6,1,1 6,2,2 X16
0,5,0 0,5,1 0,6,0 0,6,2 1,5,2 1,6,2 Q06
1,5,0 1,5,1 2,5,0 2,5,2 3,4,1 3,5,2 S26
0,6,1 0,7,1 0,7,2 0,8,0 0,8,2 1,8,2 W06
0,8,1 0,9,0 0,9,2 1,9,0 1,9,2 2,8,1 M06
1,8,0 1,8,1 2,8,0 2,8,2 3,7,1 3,7,2 S06
3,4,0 3,4,2 3,5,0 4,4,0 4,4,1 4,4,2 Y26
4,3,0 4,3,1 4,3,2 5,3,1 5,3,2 5,4,2 C06
5,3,0 6,3,0 6,3,2 7,3,0 7,3,2 8,3,2 I06
0,7,0 1,6,0 1,6,1 1,7,2 2,5,1 2,6,2 U06
1,7,0 1,7,1 2,6,0 2,6,1 2,7,1 2,7,2 Y16
2,7,0 3,5,1 3,6,0 3,6,1 3,6,2 4,6,2 Y06
3,7,0 4,6,0 4,6,1 5,6,0 5,6,2 6,5,1 S16
4,5,0 4,5,1 4,5,2 5,4,0 5,4,1 5,5,2 X06
5,5,0 5,5,1 6,4,1 6,5,0 6,5,2 7,5,2 L26
6,3,1 6,4,0 6,4,2 7,3,1 7,4,1 7,4,2 R16
5,6,1 5,7,1 5,7,2 5,8,0 5,8,2 6,7,1 J06
7,4,0 8,3,0 8,3,1 9,3,1 9,3,2 9,4,2 V06
8,4,0 8,4,1 8,4,2 8,5,0 8,5,2 9,4,1 Q16
6,6,0 7,5,0 7,5,1 7,6,0 7,6,2 8,5,1 Q26
5,7,0 6,6,1 6,6,2 6,7,0 6,7,2 7,6,1 R06

                                _J06
                               J06  J06
                              /      \_R06
                              J06    R06  R06
        _M06                   \_R06/      \_Q26
       M06  M06                J06  R06    Q26  Q26
  _M06/      \_S06            /      \_Q26/      \_Q16
 M06  S06    S06  S06         J06    R06  Q26    Q16  Q16
/      \_S06/      \_S16       \_S16/      \_Q26/      \
M06    W06  Y16    S06  S16    S16  S16    L26  Q16    V06
 \_W06/      \_Y06/      \_S16/      \_L26/      \_Q16/
 W06  Y16    Y16  Y06    Y06  L26    L26  R16    Q16  V06
/      \_Y16/      \_Y06/      \_L26/      \_V06/      \
W06    U06  Y16    Y06  X06    X06  L26    R16  V06    V06
 \_U06/      \_Y16/      \_X06/      \_R16/      \_V06/
 W06  U06    U06  Y06    X06  X06    R16  R16    I06
/      \_U06/      \_Y26/      \_X06/      \_I06/
W06    Q06  U06    S26  Y26    C06  R16    I06
 \_Q06/      \_S26/      \_Y26/      \_I06/
 Q06  S26    S26  S26    Y26  C06    I06
/      \_S26/      \_Y26/      \_I06/
Q06    Q06         Y26  C06    C06  L06
 \_Q06/           /      \_C06/      \_L06
                  H06    C06  X16    X16  L06
                   \_H06/      \_X16/      \_L06
                   F06  H06    X16  X16    L16  L06
                  /      \_H06/      \_L16/      \
                  F06    H06  X16    L16  L16    L06
                   \_F06/      \_L16/      \_H16/
                   F06  H06    L16  H16    H16
                  /      \_O06/      \_H16/
                  F06    O06  O06    H16
                   \_F06/      \_H16/
                        O06    O06
                         \_O06/

User-requested solution limit reached.
10 solutions, 147,581,190 searches, duration 1:59:11.647992
