solving HexatwigsTrefoil7:

solution 1 (24,925,790 searches):
00,00,0 00,00,1 00,01,0 00,01,2 01,00,1 01,00,2 O06
01,00,0 01,01,0 02,00,1 02,00,2 02,01,1 02,01,2 F06
02,00,0 03,00,0 03,00,2 03,01,0 04,00,1 04,00,2 J06
02,01,0 02,02,0 02,02,1 03,00,1 03,01,1 03,01,2 C06
00,01,1 00,02,0 00,02,1 00,02,2 00,03,1 00,03,2 H16
01,01,1 01,01,2 01,02,0 01,02,1 01,02,2 02,02,2 H06
00,03,0 00,04,0 00,04,2 01,03,0 01,03,1 01,03,2 Q26
08,01,0 09,00,1 09,01,0 09,01,1 09,01,2 10,00,1 X16
08,00,0 08,00,1 08,00,2 09,00,0 09,00,2 10,00,2 L16
06,00,0 06,00,1 06,01,1 06,01,2 07,00,0 07,00,2 V06
06,01,0 07,00,1 07,01,0 07,01,2 08,01,1 08,01,2 S26
07,02,0 07,03,0 07,03,1 08,02,0 08,02,1 08,02,2 Y26
05,03,0 05,03,2 06,03,1 06,03,2 06,04,0 06,04,2 S16
06,02,0 06,03,0 07,01,1 07,02,1 07,02,2 07,03,2 U06
04,02,0 04,02,1 05,02,0 05,02,2 06,02,1 06,02,2 M06
02,03,0 02,03,2 03,02,0 03,02,1 03,02,2 04,02,2 R16
03,03,0 04,03,0 04,03,1 04,03,2 04,04,2 05,02,1 Y06
02,05,0 03,05,0 03,05,2 04,04,0 04,04,1 05,03,1 W06
02,04,0 03,03,1 03,03,2 03,04,0 03,04,1 03,04,2 X06
02,03,1 02,04,1 02,04,2 02,05,1 02,05,2 02,06,2 I06
03,05,1 03,06,0 03,06,2 03,07,0 04,06,1 04,06,2 S06
01,06,1 01,07,0 01,07,2 02,06,0 02,06,1 02,07,2 R06
00,06,0 00,06,1 00,07,0 00,07,2 01,06,0 01,06,2 Q06
00,07,1 00,08,0 00,08,1 00,08,2 00,09,2 01,07,1 Y16
01,08,0 01,08,2 02,07,0 02,07,1 02,08,2 03,06,1 L26
01,09,0 01,09,1 02,08,0 02,08,1 03,07,1 03,07,2 L06
00,09,0 00,09,1 00,10,0 00,10,2 01,08,1 01,09,2 Q16

  _Q16
 Q16  L06
/      \_L06
Q16    Q16  L06
 \_Q16/      \_L06
 Y16  Q16    L26  L06
/      \_L26/      \_S06
Y16    L26  L26    L06  S06
 \_Y16/      \_L26/      \
 Y16  Y16    R06  L26    S06
/      \_R06/      \_S06/
Y16    R06  R06    S06
 \_Q06/      \_R06/                   _S16
 Q06  R06    I06  S06                S16  Y26
/      \_Q06/      \_W06            /      \_Y26
Q06    Q06  I06    W06  W06         S16    U06  Y26
 \_Q06/      \_W06/      \_W06       \_U06/      \_Y26
             I06  X06    Y06  W06    S16  U06    Y26  X16
            /      \_X06/      \_S16/      \_Y26/      \_X16
            I06    X06  Y06    S16  M06    U06  S26    X16  X16
             \_X06/      \_Y06/      \_U06/      \_X16/      \
             I06  X06    Y06  Y06    M06  U06    S26  X16    L16
            /      \_Y06/      \_M06/      \_S26/      \_L16/
            I06    X06  M06    M06  V06    S26  L16    L16
  _Q26       \_R16/      \_M06/      \_S26/      \_L16/
 Q26  Q26    R16  R16    R16         V06  S26    L16
/      \_Q26/      \_R16/           /      \_V06/
H16    Q26  C06    R16              V06    V06
 \_Q26/      \_C06/                  \_V06/
 H16  H06    H06  C06
/      \_H06/      \_J06
H16    H06  F06    C06  J06
 \_H16/      \_C06/      \
 H16  H06    F06  C06    J06
/      \_F06/      \_J06/
H16    H06  F06    J06
 \_O06/      \_J06/
 O06  O06    F06
/      \_F06/
O06    O06
 \_O06/

solution 2 (162,645,286 searches):
00,00,0 00,00,1 00,01,0 00,01,2 01,00,1 01,00,2 O06
01,00,0 01,01,0 02,00,1 02,00,2 02,01,1 02,01,2 F06
02,00,0 03,00,0 03,00,2 03,01,0 04,00,1 04,00,2 J06
02,01,0 02,02,0 02,02,1 03,00,1 03,01,1 03,01,2 C06
00,01,1 00,02,0 00,02,2 01,01,1 01,01,2 01,02,2 Q26
00,02,1 00,03,0 00,03,2 01,02,0 01,02,1 02,02,2 S06
00,03,1 00,04,0 00,04,2 01,03,0 01,03,1 01,03,2 Q16
08,02,0 08,02,1 09,01,0 09,01,1 10,00,1 10,00,2 L06
06,03,1 06,03,2 06,04,0 06,04,2 07,03,0 07,03,1 V06
00,10,0 00,10,2 01,09,0 01,09,1 02,08,1 02,08,2 M06
02,08,0 03,06,1 03,07,0 03,07,1 03,07,2 04,06,1 Y16
02,06,0 03,05,0 03,05,1 03,06,0 03,06,2 04,06,2 Y26
06,00,0 07,00,0 07,00,2 08,00,0 08,00,2 09,00,2 I06
08,00,1 08,01,0 08,01,2 09,00,0 09,00,1 09,01,2 R06
06,03,0 07,02,0 07,02,1 07,03,2 08,01,1 08,02,2 U06
05,02,0 05,02,1 06,00,1 06,01,1 06,01,2 06,02,2 H06
06,01,0 07,00,1 07,01,0 07,01,1 07,01,2 07,02,2 X06
04,03,0 04,03,2 05,03,0 05,03,2 06,02,0 06,02,1 W06
03,03,0 03,03,1 03,03,2 04,02,0 04,02,1 05,02,2 S26
02,03,0 02,03,2 03,02,0 03,02,1 03,02,2 04,02,2 R16
03,04,0 04,03,1 04,04,0 04,04,1 04,04,2 05,03,1 X16
02,03,1 02,04,0 02,04,2 03,04,1 03,04,2 03,05,2 S16
02,04,1 02,05,0 02,05,1 02,05,2 02,06,1 02,06,2 H16
00,07,1 00,08,1 00,08,2 00,09,0 00,09,1 00,09,2 L16
00,08,0 01,08,0 01,08,1 01,08,2 01,09,2 02,07,1 Y06
01,06,1 01,07,0 01,07,1 01,07,2 02,07,0 02,07,2 L26
00,06,0 00,06,1 00,07,0 00,07,2 01,06,0 01,06,2 Q06

  _M06
 M06  M06
/      \_M06
L16    Y06  M06
 \_L16/      \_Y16
 L16  Y06    M06  Y16
/      \_Y06/      \_Y16
L16    Y06  Y06    Y16  Y16
 \_Y06/      \_L26/      \
 L16  L26    L26  Y16    Y26
/      \_L26/      \_Y26/
L16    L26  H16    Y26
 \_Q06/      \_Y26/                   _V06
 Q06  L26    H16  Y26                V06  V06
/      \_Q06/      \_Y26            /      \_V06
Q06    Q06  H16    S16  X16         V06    U06  L06
 \_Q06/      \_H16/      \_X16       \_U06/      \_L06
             H16  S16    X16  X16    V06  U06    U06  L06
            /      \_X16/      \_W06/      \_U06/      \_L06
            H16    S16  X16    W06  W06    X06  U06    R06  L06
             \_S16/      \_W06/      \_W06/      \_R06/      \
             S16  S26    W06  H06    H06  X06    R06  R06    L06
            /      \_S26/      \_H06/      \_X06/      \_R06/
            S16    S26  S26    S26  H06    X06  R06    I06
  _Q16       \_R16/      \_S26/      \_X06/      \_I06/
 Q16  Q16    R16  R16    R16         H06  X06    I06
/      \_Q16/      \_R16/           /      \_I06/
Q16    Q16  C06    R16              H06    I06
 \_S06/      \_C06/                  \_I06/
 S06  S06    S06  C06
/      \_S06/      \_J06
S06    Q26  F06    C06  J06
 \_Q26/      \_C06/      \
 Q26  Q26    F06  C06    J06
/      \_F06/      \_J06/
Q26    Q26  F06    J06
 \_O06/      \_J06/
 O06  O06    F06
/      \_F06/
O06    O06
 \_O06/

solution 3 (162,645,289 searches):
00,00,0 00,00,1 00,01,0 00,01,2 01,00,1 01,00,2 O06
01,00,0 01,01,0 02,00,1 02,00,2 02,01,1 02,01,2 F06
02,00,0 03,00,0 03,00,2 03,01,0 04,00,1 04,00,2 J06
02,01,0 02,02,0 02,02,1 03,00,1 03,01,1 03,01,2 C06
00,01,1 00,02,0 00,02,2 01,01,1 01,01,2 01,02,2 Q26
00,02,1 00,03,0 00,03,2 01,02,0 01,02,1 02,02,2 S06
00,03,1 00,04,0 00,04,2 01,03,0 01,03,1 01,03,2 Q16
08,02,0 08,02,1 09,01,0 09,01,1 10,00,1 10,00,2 L06
06,03,1 06,03,2 06,04,0 06,04,2 07,03,0 07,03,1 V06
00,10,0 00,10,2 01,09,0 01,09,1 02,08,1 02,08,2 M06
02,08,0 03,06,1 03,07,0 03,07,1 03,07,2 04,06,1 Y16
02,06,0 03,05,0 03,05,1 03,06,0 03,06,2 04,06,2 Y26
06,00,0 07,00,0 07,00,2 08,00,0 08,00,2 09,00,2 I06
08,00,1 08,01,0 08,01,2 09,00,0 09,00,1 09,01,2 R06
06,03,0 07,02,0 07,02,1 07,03,2 08,01,1 08,02,2 U06
05,02,0 05,02,1 06,00,1 06,01,1 06,01,2 06,02,2 H06
06,01,0 07,00,1 07,01,0 07,01,1 07,01,2 07,02,2 X06
04,03,0 04,03,2 05,03,0 05,03,2 06,02,0 06,02,1 W06
03,03,0 03,03,1 03,03,2 04,02,0 04,02,1 05,02,2 S26
02,03,0 02,03,2 03,02,0 03,02,1 03,02,2 04,02,2 R16
03,04,0 04,03,1 04,04,0 04,04,1 04,04,2 05,03,1 X16
02,03,1 02,04,0 02,04,2 03,04,1 03,04,2 03,05,2 S16
02,04,1 02,05,0 02,05,1 02,05,2 02,06,1 02,06,2 H16
00,07,1 00,08,1 00,08,2 00,09,0 00,09,1 00,09,2 L16
00,08,0 01,06,1 01,07,0 01,07,1 01,07,2 02,07,2 Y06
01,08,0 01,08,1 01,08,2 01,09,2 02,07,0 02,07,1 L26
00,06,0 00,06,1 00,07,0 00,07,2 01,06,0 01,06,2 Q06

  _M06
 M06  M06
/      \_M06
L16    L26  M06
 \_L16/      \_Y16
 L16  L26    M06  Y16
/      \_L26/      \_Y16
L16    L26  L26    Y16  Y16
 \_Y06/      \_L26/      \
 L16  Y06    Y06  Y16    Y26
/      \_Y06/      \_Y26/
L16    Y06  H16    Y26
 \_Q06/      \_Y26/                   _V06
 Q06  Y06    H16  Y26                V06  V06
/      \_Q06/      \_Y26            /      \_V06
Q06    Q06  H16    S16  X16         V06    U06  L06
 \_Q06/      \_H16/      \_X16       \_U06/      \_L06
             H16  S16    X16  X16    V06  U06    U06  L06
            /      \_X16/      \_W06/      \_U06/      \_L06
            H16    S16  X16    W06  W06    X06  U06    R06  L06
             \_S16/      \_W06/      \_W06/      \_R06/      \
             S16  S26    W06  H06    H06  X06    R06  R06    L06
            /      \_S26/      \_H06/      \_X06/      \_R06/
            S16    S26  S26    S26  H06    X06  R06    I06
  _Q16       \_R16/      \_S26/      \_X06/      \_I06/
 Q16  Q16    R16  R16    R16         H06  X06    I06
/      \_Q16/      \_R16/           /      \_I06/
Q16    Q16  C06    R16              H06    I06
 \_S06/      \_C06/                  \_I06/
 S06  S06    S06  C06
/      \_S06/      \_J06
S06    Q26  F06    C06  J06
 \_Q26/      \_C06/      \
 Q26  Q26    F06  C06    J06
/      \_F06/      \_J06/
Q26    Q26  F06    J06
 \_O06/      \_J06/
 O06  O06    F06
/      \_F06/
O06    O06
 \_O06/

solution 4 (743,077,523 searches):
00,00,0 00,00,1 00,01,0 00,01,2 01,00,1 01,00,2 O06
01,00,0 01,01,0 02,00,1 02,00,2 02,01,1 02,01,2 F06
02,00,0 02,01,0 03,00,0 03,00,1 03,00,2 03,01,2 X16
02,02,0 02,02,1 03,01,0 03,01,1 04,00,1 04,00,2 L06
00,01,1 00,02,0 00,02,1 00,02,2 00,03,1 00,03,2 H16
01,01,1 01,01,2 01,02,0 01,02,1 01,02,2 02,02,2 H06
00,03,0 00,04,0 00,04,2 01,03,0 01,03,1 01,03,2 Q26
08,00,0 09,00,0 09,00,2 09,01,0 10,00,1 10,00,2 J06
00,09,0 00,10,0 01,09,0 01,09,1 01,09,2 02,08,1 Y16
00,08,0 00,08,1 00,08,2 00,09,1 00,09,2 00,10,2 L16
00,06,0 00,06,1 00,07,1 00,07,2 01,06,0 01,06,2 V06
00,07,0 01,06,1 01,07,0 01,07,2 02,06,1 02,07,2 U06
01,07,1 01,08,0 01,08,1 01,08,2 02,07,0 02,07,1 Y26
02,08,0 02,08,2 03,06,1 03,07,0 03,07,1 03,07,2 R06
03,05,1 03,05,2 03,06,0 03,06,2 04,06,1 04,06,2 S16
02,04,0 02,04,1 02,05,1 02,05,2 02,06,0 02,06,2 M06
02,03,0 02,03,1 02,03,2 02,04,2 03,02,1 03,02,2 R16
03,02,0 04,02,0 04,02,2 05,02,0 05,02,2 06,02,2 I06
03,05,0 04,04,0 04,04,1 05,02,1 05,03,1 05,03,2 W06
02,05,0 03,03,1 03,04,0 03,04,1 03,04,2 04,04,2 Y06
03,03,0 03,03,2 04,02,1 04,03,0 04,03,1 04,03,2 X06
05,03,0 06,03,1 06,03,2 06,04,0 06,04,2 07,03,1 S06
06,02,0 06,02,1 07,02,0 07,02,2 08,01,1 08,02,2 S26
06,03,0 07,02,1 07,03,0 07,03,2 08,02,0 08,02,1 C06
07,01,0 08,01,0 08,01,2 09,00,1 09,01,1 09,01,2 L26
07,00,0 07,00,1 07,01,1 07,01,2 08,00,1 08,00,2 Q06
06,00,0 06,00,1 06,01,0 06,01,1 06,01,2 07,00,2 Q16

  _Y16
 L16  Y16
/      \_Y16
L16    Y16  Y16
 \_Y16/      \_R06
 L16  Y26    R06  R06
/      \_Y26/      \_R06
L16    Y26  Y26    R06  S16
 \_L16/      \_Y26/      \
 L16  Y26    U06  R06    S16
/      \_U06/      \_S16/
V06    U06  U06    S16
 \_U06/      \_M06/                   _S06
 V06  U06    M06  S16                S06  S06
/      \_V06/      \_W06            /      \_C06
V06    V06  M06    S16  W06         S06    C06  C06
 \_V06/      \_Y06/      \_W06       \_C06/      \_C06
             M06  Y06    Y06  W06    S06  C06    S26  L26
            /      \_Y06/      \_S06/      \_S26/      \_J06
            M06    Y06  X06    W06  S26    S26  S26    L26  J06
             \_M06/      \_X06/      \_S26/      \_L26/      \
             R16  Y06    X06  W06    I06  Q06    L26  L26    J06
            /      \_X06/      \_I06/      \_L26/      \_J06/
            R16    X06  X06    I06  Q16    Q06  Q06    J06
  _Q26       \_R16/      \_I06/      \_Q16/      \_J06/
 Q26  Q26    R16  R16    I06         Q16  Q06    Q06
/      \_Q26/      \_I06/           /      \_Q06/
H16    Q26  L06    R16              Q16    Q16
 \_Q26/      \_L06/                  \_Q16/
 H16  H06    H06  L06
/      \_H06/      \_L06
H16    H06  F06    X16  L06
 \_H16/      \_X16/      \
 H16  H06    F06  X16    L06
/      \_F06/      \_X16/
H16    H06  F06    X16
 \_O06/      \_X16/
 O06  O06    F06
/      \_F06/
O06    O06
 \_O06/

solution 5 (746,007,384 searches):
00,00,0 00,00,1 00,01,0 00,01,2 01,00,1 01,00,2 O06
01,00,0 01,01,0 02,00,1 02,00,2 02,01,1 02,01,2 F06
02,00,0 02,01,0 03,00,0 03,00,1 03,00,2 03,01,2 X16
02,02,0 02,02,1 03,01,0 03,01,1 04,00,1 04,00,2 L06
00,01,1 00,02,0 00,02,1 00,02,2 00,03,1 00,03,2 H16
01,01,1 01,01,2 01,02,0 01,02,1 01,02,2 02,02,2 H06
00,03,0 00,04,0 00,04,2 01,03,0 01,03,1 01,03,2 Q26
08,02,0 09,00,0 09,01,0 09,01,1 10,00,1 10,00,2 J06
00,09,0 00,10,0 01,09,0 01,09,1 01,09,2 02,08,1 Y16
00,08,0 00,08,1 00,08,2 00,09,1 00,09,2 00,10,2 L16
00,06,0 00,06,1 00,07,1 00,07,2 01,06,0 01,06,2 V06
00,07,0 01,06,1 01,07,0 01,07,2 02,06,1 02,07,2 U06
01,07,1 01,08,0 01,08,1 01,08,2 02,07,0 02,07,1 Y26
02,08,0 02,08,2 03,06,1 03,07,0 03,07,1 03,07,2 R06
03,05,1 03,05,2 03,06,0 03,06,2 04,06,1 04,06,2 S16
02,04,0 02,04,1 02,05,1 02,05,2 02,06,0 02,06,2 M06
02,03,0 02,03,1 02,03,2 02,04,2 03,02,1 03,02,2 R16
03,02,0 04,02,0 04,02,2 05,02,1 05,02,2 05,03,2 W06
03,05,0 04,04,0 04,04,1 05,03,0 05,03,1 06,02,1 I06
02,05,0 03,03,1 03,04,0 03,04,1 03,04,2 04,04,2 Y06
03,03,0 03,03,2 04,02,1 04,03,0 04,03,1 04,03,2 X06
05,02,0 06,00,0 06,00,1 06,01,1 06,01,2 07,00,2 S06
06,02,0 06,02,2 07,01,0 07,01,1 08,00,1 08,01,2 S26
06,01,0 07,00,0 07,00,1 07,01,2 08,00,0 08,00,2 C06
07,02,0 08,01,0 08,01,1 09,00,1 09,00,2 09,01,2 L26
07,02,1 07,02,2 07,03,0 07,03,2 08,02,1 08,02,2 Q06
06,03,0 06,03,1 06,03,2 06,04,0 06,04,2 07,03,1 Q16

  _Y16
 L16  Y16
/      \_Y16
L16    Y16  Y16
 \_Y16/      \_R06
 L16  Y26    R06  R06
/      \_Y26/      \_R06
L16    Y26  Y26    R06  S16
 \_L16/      \_Y26/      \
 L16  Y26    U06  R06    S16
/      \_U06/      \_S16/
V06    U06  U06    S16
 \_U06/      \_M06/                   _Q16
 V06  U06    M06  S16                Q16  Q16
/      \_V06/      \_I06            /      \_Q06
V06    V06  M06    S16  I06         Q16    Q06  Q06
 \_V06/      \_Y06/      \_I06       \_Q16/      \_J06
             M06  Y06    Y06  I06    Q16  Q06    Q06  J06
            /      \_Y06/      \_I06/      \_L26/      \_J06
            M06    Y06  X06    W06  I06    Q06  L26    L26  J06
             \_M06/      \_X06/      \_S26/      \_L26/      \
             R16  Y06    X06  W06    S26  S26    S26  L26    J06
            /      \_X06/      \_S06/      \_S26/      \_J06/
            R16    X06  X06    W06  S06    C06  S26    L26
  _Q26       \_R16/      \_W06/      \_C06/      \_C06/
 Q26  Q26    R16  R16    W06         S06  C06    C06
/      \_Q26/      \_W06/           /      \_C06/
H16    Q26  L06    R16              S06    S06
 \_Q26/      \_L06/                  \_S06/
 H16  H06    H06  L06
/      \_H06/      \_L06
H16    H06  F06    X16  L06
 \_H16/      \_X16/      \
 H16  H06    F06  X16    L06
/      \_F06/      \_X16/
H16    H06  F06    X16
 \_O06/      \_X16/
 O06  O06    F06
/      \_F06/
O06    O06
 \_O06/

solution 6 (750,095,835 searches):
00,00,0 00,00,1 00,01,0 00,01,2 01,00,1 01,00,2 O06
01,00,0 01,01,0 02,00,1 02,00,2 02,01,1 02,01,2 F06
02,00,0 02,01,0 03,00,0 03,00,1 03,00,2 03,01,2 X16
02,02,0 02,02,1 03,01,0 03,01,1 04,00,1 04,00,2 L06
00,01,1 00,02,0 00,02,1 00,02,2 00,03,1 00,03,2 H16
01,01,1 01,01,2 01,02,0 01,02,1 01,02,2 02,02,2 H06
00,03,0 00,04,0 00,04,2 01,03,0 01,03,1 01,03,2 Q26
09,00,0 09,00,1 09,01,0 09,01,1 10,00,1 10,00,2 Q06
07,00,0 07,00,1 07,01,2 08,00,0 08,00,2 09,00,2 J06
06,00,0 06,00,1 06,01,0 06,01,1 06,01,2 07,00,2 Q16
07,01,0 07,01,1 08,00,1 08,01,0 08,01,2 09,01,2 L26
00,09,0 00,10,0 01,09,0 01,09,1 01,09,2 02,08,1 Y16
00,08,0 00,08,1 00,08,2 00,09,1 00,09,2 00,10,2 L16
00,06,0 00,06,1 00,07,1 00,07,2 01,06,0 01,06,2 V06
00,07,0 01,06,1 01,07,0 01,07,2 02,06,1 02,07,2 U06
01,07,1 01,08,0 01,08,1 01,08,2 02,07,0 02,07,1 Y26
02,08,0 02,08,2 03,06,1 03,07,0 03,07,1 03,07,2 R06
03,05,1 03,05,2 03,06,0 03,06,2 04,06,1 04,06,2 S16
02,04,0 02,04,1 02,05,1 02,05,2 02,06,0 02,06,2 M06
02,03,0 02,03,1 02,03,2 02,04,2 03,02,1 03,02,2 R16
03,02,0 04,02,0 04,02,2 05,02,0 05,02,2 06,02,2 I06
03,05,0 04,04,0 04,04,1 05,02,1 05,03,1 05,03,2 W06
02,05,0 03,03,1 03,04,0 03,04,1 03,04,2 04,04,2 Y06
03,03,0 03,03,2 04,02,1 04,03,0 04,03,1 04,03,2 X06
06,03,0 07,02,1 07,03,0 07,03,2 08,02,0 08,02,1 C06
05,03,0 06,03,1 06,03,2 06,04,0 06,04,2 07,03,1 S06
06,02,0 06,02,1 07,02,0 07,02,2 08,01,1 08,02,2 S26

  _Y16
 L16  Y16
/      \_Y16
L16    Y16  Y16
 \_Y16/      \_R06
 L16  Y26    R06  R06
/      \_Y26/      \_R06
L16    Y26  Y26    R06  S16
 \_L16/      \_Y26/      \
 L16  Y26    U06  R06    S16
/      \_U06/      \_S16/
V06    U06  U06    S16
 \_U06/      \_M06/                   _S06
 V06  U06    M06  S16                S06  S06
/      \_V06/      \_W06            /      \_C06
V06    V06  M06    S16  W06         S06    C06  C06
 \_V06/      \_Y06/      \_W06       \_C06/      \_C06
             M06  Y06    Y06  W06    S06  C06    S26  Q06
            /      \_Y06/      \_S06/      \_S26/      \_Q06
            M06    Y06  X06    W06  S26    S26  S26    L26  Q06
             \_M06/      \_X06/      \_S26/      \_L26/      \
             R16  Y06    X06  W06    I06  L26    L26  Q06    Q06
            /      \_X06/      \_I06/      \_L26/      \_Q06/
            R16    X06  X06    I06  Q16    J06  L26    J06
  _Q26       \_R16/      \_I06/      \_Q16/      \_J06/
 Q26  Q26    R16  R16    I06         Q16  J06    J06
/      \_Q26/      \_I06/           /      \_J06/
H16    Q26  L06    R16              Q16    Q16
 \_Q26/      \_L06/                  \_Q16/
 H16  H06    H06  L06
/      \_H06/      \_L06
H16    H06  F06    X16  L06
 \_H16/      \_X16/      \
 H16  H06    F06  X16    L06
/      \_F06/      \_X16/
H16    H06  F06    X16
 \_O06/      \_X16/
 O06  O06    F06
/      \_F06/
O06    O06
 \_O06/

solution 7 (750,786,356 searches):
00,00,0 00,00,1 00,01,0 00,01,2 01,00,1 01,00,2 O06
01,00,0 01,01,0 02,00,1 02,00,2 02,01,1 02,01,2 F06
02,00,0 02,01,0 03,00,0 03,00,1 03,00,2 03,01,2 X16
02,02,0 02,02,1 03,01,0 03,01,1 04,00,1 04,00,2 L06
00,01,1 00,02,0 00,02,1 00,02,2 00,03,1 00,03,2 H16
01,01,1 01,01,2 01,02,0 01,02,1 01,02,2 02,02,2 H06
00,03,0 00,04,0 00,04,2 01,03,0 01,03,1 01,03,2 Q26
09,00,0 09,00,2 09,01,0 09,01,2 10,00,1 10,00,2 Q06
07,02,1 07,03,0 07,03,2 08,02,0 08,02,1 09,01,1 J06
06,03,0 06,03,1 06,03,2 06,04,0 06,04,2 07,03,1 Q16
07,02,0 07,02,2 08,01,0 08,01,1 08,02,2 09,00,1 L26
00,09,0 00,10,0 01,09,0 01,09,1 01,09,2 02,08,1 Y16
00,08,0 00,08,1 00,08,2 00,09,1 00,09,2 00,10,2 L16
00,06,0 00,06,1 00,07,1 00,07,2 01,06,0 01,06,2 V06
00,07,0 01,06,1 01,07,0 01,07,2 02,06,1 02,07,2 U06
01,07,1 01,08,0 01,08,1 01,08,2 02,07,0 02,07,1 Y26
02,08,0 02,08,2 03,06,1 03,07,0 03,07,1 03,07,2 R06
03,05,1 03,05,2 03,06,0 03,06,2 04,06,1 04,06,2 S16
02,04,0 02,04,1 02,05,1 02,05,2 02,06,0 02,06,2 M06
02,03,0 02,03,1 02,03,2 02,04,2 03,02,1 03,02,2 R16
03,02,0 04,02,0 04,02,2 05,02,1 05,02,2 05,03,2 W06
03,05,0 04,04,0 04,04,1 05,03,0 05,03,1 06,02,1 I06
02,05,0 03,03,1 03,04,0 03,04,1 03,04,2 04,04,2 Y06
03,03,0 03,03,2 04,02,1 04,03,0 04,03,1 04,03,2 X06
06,01,0 07,00,0 07,00,1 07,01,2 08,00,0 08,00,2 C06
05,02,0 06,00,0 06,00,1 06,01,1 06,01,2 07,00,2 S06
06,02,0 06,02,2 07,01,0 07,01,1 08,00,1 08,01,2 S26

  _Y16
 L16  Y16
/      \_Y16
L16    Y16  Y16
 \_Y16/      \_R06
 L16  Y26    R06  R06
/      \_Y26/      \_R06
L16    Y26  Y26    R06  S16
 \_L16/      \_Y26/      \
 L16  Y26    U06  R06    S16
/      \_U06/      \_S16/
V06    U06  U06    S16
 \_U06/      \_M06/                   _Q16
 V06  U06    M06  S16                Q16  Q16
/      \_V06/      \_I06            /      \_J06
V06    V06  M06    S16  I06         Q16    J06  J06
 \_V06/      \_Y06/      \_I06       \_Q16/      \_J06
             M06  Y06    Y06  I06    Q16  J06    L26  J06
            /      \_Y06/      \_I06/      \_L26/      \_Q06
            M06    Y06  X06    W06  I06    L26  L26    Q06  Q06
             \_M06/      \_X06/      \_S26/      \_L26/      \
             R16  Y06    X06  W06    S26  S26    S26  L26    Q06
            /      \_X06/      \_S06/      \_S26/      \_Q06/
            R16    X06  X06    W06  S06    C06  S26    Q06
  _Q26       \_R16/      \_W06/      \_C06/      \_C06/
 Q26  Q26    R16  R16    W06         S06  C06    C06
/      \_Q26/      \_W06/           /      \_C06/
H16    Q26  L06    R16              S06    S06
 \_Q26/      \_L06/                  \_S06/
 H16  H06    H06  L06
/      \_H06/      \_L06
H16    H06  F06    X16  L06
 \_H16/      \_X16/      \
 H16  H06    F06  X16    L06
/      \_F06/      \_X16/
H16    H06  F06    X16
 \_O06/      \_X16/
 O06  O06    F06
/      \_F06/
O06    O06
 \_O06/

solution 8 (766,379,364 searches):
00,00,0 00,00,1 00,01,0 00,01,2 01,00,1 01,00,2 O06
01,00,0 01,01,0 02,00,1 02,00,2 02,01,1 02,01,2 F06
02,00,0 02,01,0 03,00,0 03,00,1 03,00,2 03,01,2 X16
02,02,0 02,02,1 03,01,0 03,01,1 04,00,1 04,00,2 L06
00,01,1 00,02,1 00,02,2 00,03,0 00,03,2 01,02,1 J06
00,02,0 01,01,1 01,01,2 01,02,0 01,02,2 02,02,2 H06
00,03,1 00,04,0 00,04,2 01,03,0 01,03,1 01,03,2 Q16
09,00,0 09,00,1 09,01,0 09,01,1 10,00,1 10,00,2 Q06
07,00,0 07,00,2 08,00,0 08,00,1 08,00,2 09,00,2 H16
06,00,0 06,00,1 06,01,0 06,01,1 06,01,2 07,00,1 Q26
07,02,0 07,02,1 07,02,2 08,01,0 08,01,1 09,01,2 S26
06,02,0 06,02,1 07,01,0 07,01,1 07,01,2 08,01,2 L26
06,03,0 07,03,0 07,03,2 08,02,0 08,02,1 08,02,2 C06
05,03,0 06,03,1 06,03,2 06,04,0 06,04,2 07,03,1 S06
03,02,0 04,02,0 04,02,2 05,02,0 05,02,2 06,02,2 I06
00,09,0 00,10,0 01,09,0 01,09,1 01,09,2 02,08,1 Y16
00,08,0 00,08,1 00,08,2 00,09,1 00,09,2 00,10,2 L16
02,03,0 02,03,1 02,03,2 02,04,2 03,02,1 03,02,2 R16
00,06,0 00,06,1 00,07,1 00,07,2 01,06,0 01,06,2 V06
03,05,1 03,05,2 03,06,0 03,06,2 04,06,1 04,06,2 S16
03,05,0 04,04,0 04,04,1 05,02,1 05,03,1 05,03,2 W06
02,04,0 02,04,1 02,05,1 02,05,2 02,06,0 02,06,2 M06
02,05,0 03,03,1 03,04,0 03,04,1 03,04,2 04,04,2 Y06
03,03,0 03,03,2 04,02,1 04,03,0 04,03,1 04,03,2 X06
00,07,0 01,06,1 01,07,0 01,07,2 02,06,1 02,07,2 U06
01,07,1 01,08,0 01,08,1 01,08,2 02,07,0 02,07,1 Y26
02,08,0 02,08,2 03,06,1 03,07,0 03,07,1 03,07,2 R06

  _Y16
 L16  Y16
/      \_Y16
L16    Y16  Y16
 \_Y16/      \_R06
 L16  Y26    R06  R06
/      \_Y26/      \_R06
L16    Y26  Y26    R06  S16
 \_L16/      \_Y26/      \
 L16  Y26    U06  R06    S16
/      \_U06/      \_S16/
V06    U06  U06    S16
 \_U06/      \_M06/                   _S06
 V06  U06    M06  S16                S06  S06
/      \_V06/      \_W06            /      \_C06
V06    V06  M06    S16  W06         S06    C06  C06
 \_V06/      \_Y06/      \_W06       \_C06/      \_C06
             M06  Y06    Y06  W06    S06  S26    C06  Q06
            /      \_Y06/      \_S06/      \_S26/      \_Q06
            M06    Y06  X06    W06  L26    S26  S26    S26  Q06
             \_M06/      \_X06/      \_L26/      \_S26/      \
             R16  Y06    X06  W06    I06  L26    L26  Q06    Q06
            /      \_X06/      \_I06/      \_L26/      \_Q06/
            R16    X06  X06    I06  Q26    L26  H16    H16
  _Q16       \_R16/      \_I06/      \_Q26/      \_H16/
 Q16  Q16    R16  R16    I06         Q26  Q26    H16
/      \_Q16/      \_I06/           /      \_H16/
Q16    Q16  L06    R16              Q26    H16
 \_J06/      \_L06/                  \_Q26/
 J06  J06    H06  L06
/      \_H06/      \_L06
J06    H06  F06    X16  L06
 \_H06/      \_X16/      \
 J06  H06    F06  X16    L06
/      \_F06/      \_X16/
J06    H06  F06    X16
 \_O06/      \_X16/
 O06  O06    F06
/      \_F06/
O06    O06
 \_O06/

solution 9 (766,812,511 searches):
00,00,0 00,00,1 00,01,0 00,01,2 01,00,1 01,00,2 O06
01,00,0 01,01,0 02,00,1 02,00,2 02,01,1 02,01,2 F06
02,00,0 02,01,0 03,00,0 03,00,1 03,00,2 03,01,2 X16
02,02,0 02,02,1 03,01,0 03,01,1 04,00,1 04,00,2 L06
00,01,1 00,02,1 00,02,2 00,03,0 00,03,2 01,02,1 J06
00,02,0 01,01,1 01,01,2 01,02,0 01,02,2 02,02,2 H06
00,03,1 00,04,0 00,04,2 01,03,0 01,03,1 01,03,2 Q16
09,00,0 09,00,2 09,01,0 09,01,2 10,00,1 10,00,2 Q06
07,03,0 07,03,1 08,02,0 08,02,1 08,02,2 09,01,1 H16
06,03,0 06,03,1 06,03,2 06,04,0 06,04,2 07,03,2 Q26
07,01,0 07,01,1 07,01,2 08,01,0 08,01,2 09,00,1 S26
06,02,0 06,02,2 07,02,0 07,02,1 07,02,2 08,01,1 L26
06,01,0 07,00,0 07,00,1 08,00,0 08,00,1 08,00,2 C06
05,02,0 06,00,0 06,00,1 06,01,1 06,01,2 07,00,2 S06
03,05,0 04,04,0 04,04,1 05,03,0 05,03,1 06,02,1 I06
00,09,0 00,10,0 01,09,0 01,09,1 01,09,2 02,08,1 Y16
00,08,0 00,08,1 00,08,2 00,09,1 00,09,2 00,10,2 L16
00,06,0 00,06,1 00,07,1 00,07,2 01,06,0 01,06,2 V06
00,07,0 01,06,1 01,07,0 01,07,2 02,06,1 02,07,2 U06
01,07,1 01,08,0 01,08,1 01,08,2 02,07,0 02,07,1 Y26
02,08,0 02,08,2 03,06,1 03,07,0 03,07,1 03,07,2 R06
03,05,1 03,05,2 03,06,0 03,06,2 04,06,1 04,06,2 S16
02,04,0 02,04,1 02,05,1 02,05,2 02,06,0 02,06,2 M06
02,03,0 02,03,1 02,03,2 02,04,2 03,02,1 03,02,2 R16
03,02,0 04,02,0 04,02,2 05,02,1 05,02,2 05,03,2 W06
02,05,0 03,03,1 03,04,0 03,04,1 03,04,2 04,04,2 Y06
03,03,0 03,03,2 04,02,1 04,03,0 04,03,1 04,03,2 X06

  _Y16
 L16  Y16
/      \_Y16
L16    Y16  Y16
 \_Y16/      \_R06
 L16  Y26    R06  R06
/      \_Y26/      \_R06
L16    Y26  Y26    R06  S16
 \_L16/      \_Y26/      \
 L16  Y26    U06  R06    S16
/      \_U06/      \_S16/
V06    U06  U06    S16
 \_U06/      \_M06/                   _Q26
 V06  U06    M06  S16                Q26  H16
/      \_V06/      \_I06            /      \_H16
V06    V06  M06    S16  I06         Q26    Q26  H16
 \_V06/      \_Y06/      \_I06       \_Q26/      \_H16
             M06  Y06    Y06  I06    Q26  L26    H16  H16
            /      \_Y06/      \_I06/      \_L26/      \_Q06
            M06    Y06  X06    W06  I06    L26  L26    Q06  Q06
             \_M06/      \_X06/      \_L26/      \_S26/      \
             R16  Y06    X06  W06    L26  S26    S26  S26    Q06
            /      \_X06/      \_S06/      \_S26/      \_Q06/
            R16    X06  X06    W06  S06    S26  C06    Q06
  _Q16       \_R16/      \_W06/      \_C06/      \_C06/
 Q16  Q16    R16  R16    W06         S06  C06    C06
/      \_Q16/      \_W06/           /      \_C06/
Q16    Q16  L06    R16              S06    S06
 \_J06/      \_L06/                  \_S06/
 J06  J06    H06  L06
/      \_H06/      \_L06
J06    H06  F06    X16  L06
 \_H06/      \_X16/      \
 J06  H06    F06  X16    L06
/      \_F06/      \_X16/
J06    H06  F06    X16
 \_O06/      \_X16/
 O06  O06    F06
/      \_F06/
O06    O06
 \_O06/

solution 10 (841,027,545 searches):
00,00,0 00,00,1 00,01,0 00,01,2 01,00,1 01,00,2 O06
01,00,0 01,01,0 02,00,1 02,00,2 02,01,1 02,01,2 F06
02,00,0 02,01,0 03,00,0 03,00,1 03,00,2 03,01,2 X16
02,02,0 02,02,1 03,01,0 03,01,1 04,00,1 04,00,2 L06
00,01,1 00,02,0 00,02,2 01,01,1 01,01,2 01,02,2 Q26
00,02,1 00,03,0 00,03,2 01,02,0 01,02,1 02,02,2 S06
00,03,1 00,04,0 00,04,2 01,03,0 01,03,1 01,03,2 Q16
08,00,0 08,00,1 09,00,0 09,00,2 10,00,1 10,00,2 M06
06,00,0 06,00,1 06,01,2 07,00,0 07,00,2 08,00,2 J06
00,10,0 01,09,0 01,09,1 01,09,2 02,08,0 02,08,1 H16
00,08,1 00,09,0 00,09,1 00,09,2 00,10,2 01,08,1 Y16
03,06,0 03,06,2 03,07,0 03,07,1 04,06,1 04,06,2 V06
00,06,0 00,06,1 00,07,0 00,07,2 01,06,2 01,07,2 Q06
00,07,1 00,08,0 00,08,2 01,07,0 01,07,1 01,08,2 R06
01,08,0 02,07,0 02,07,1 02,08,2 03,06,1 03,07,2 U06
01,06,0 01,06,1 02,05,1 02,06,1 02,06,2 02,07,2 Y26
02,06,0 03,05,0 03,05,1 04,04,0 04,04,1 05,03,1 I06
06,04,0 07,02,0 07,02,1 07,02,2 07,03,1 07,03,2 S26
07,03,0 08,02,0 08,02,1 09,01,0 09,01,1 09,01,2 L16
07,01,0 08,01,0 08,01,1 08,01,2 08,02,2 09,00,1 Y06
05,03,0 05,03,2 06,03,0 06,03,1 06,03,2 06,04,2 H06
06,02,0 06,02,1 06,02,2 07,00,1 07,01,1 07,01,2 C06
04,02,0 04,02,1 05,02,0 05,02,2 06,01,0 06,01,1 S16
02,03,0 02,03,2 03,02,0 03,02,1 03,02,2 04,02,2 R16
02,03,1 02,04,1 02,04,2 02,05,0 02,05,2 03,05,2 W06
03,03,0 03,03,2 04,03,0 04,03,1 04,03,2 05,02,1 L26
02,04,0 03,03,1 03,04,0 03,04,1 03,04,2 04,04,2 X06

  _H16
 Y16  H16
/      \_H16
Y16    H16  H16
 \_Y16/      \_H16
 Y16  Y16    U06  V06
/      \_U06/      \_V06
Y16    R06  U06    U06  V06
 \_R06/      \_U06/      \
 R06  R06    Y26  U06    V06
/      \_R06/      \_V06/
R06    Q06  Y26    V06
 \_Q06/      \_I06/                   _S26
 Q06  Y26    Y26  I06                H06  S26
/      \_Y26/      \_I06            /      \_L16
Q06    Q06  Y26    W06  I06         H06    S26  L16
 \_Q06/      \_W06/      \_I06       \_H06/      \_L16
             W06  X06    X06  I06    H06  S26    Y06  L16
            /      \_X06/      \_H06/      \_S26/      \_L16
            W06    X06  L26    H06  C06    S26  Y06    L16  M06
             \_X06/      \_L26/      \_C06/      \_Y06/      \
             W06  X06    L26  L26    C06  C06    Y06  Y06    M06
            /      \_L26/      \_S16/      \_Y06/      \_M06/
            W06    L26  S16    S16  S16    C06  M06    M06
  _Q16       \_R16/      \_S16/      \_S16/      \_M06/
 Q16  Q16    R16  R16    R16         J06  C06    J06
/      \_Q16/      \_R16/           /      \_J06/
Q16    Q16  L06    R16              J06    J06
 \_S06/      \_L06/                  \_J06/
 S06  S06    S06  L06
/      \_S06/      \_L06
S06    Q26  F06    X16  L06
 \_Q26/      \_X16/      \
 Q26  Q26    F06  X16    L06
/      \_F06/      \_X16/
Q26    Q26  F06    X16
 \_O06/      \_X16/
 O06  O06    F06
/      \_F06/
O06    O06
 \_O06/

User-requested solution limit reached.
10 solutions, 841,027,545 searches, duration 10:04:13.835996
