solving OneSidedPentatwigsTrapezoid12x2:

solution 1:
00,0,0 00,0,1 00,1,0 00,1,2 01,0,2 C5
00,1,1 00,2,0 00,2,2 01,1,0 01,1,1 P5
01,0,0 01,0,1 01,1,2 02,0,0 02,0,2 p5
01,2,0 01,2,2 02,2,0 02,2,2 03,2,2 i5
02,0,1 02,1,0 02,1,1 02,1,2 03,1,2 h5
03,0,0 03,0,1 03,0,2 04,0,1 04,0,2 r5
03,1,0 03,1,1 04,1,0 04,1,2 05,0,1 s5
04,0,0 05,0,0 05,0,2 06,0,0 06,0,2 I5
03,2,0 04,1,1 04,2,0 04,2,2 05,2,2 L5
05,1,0 05,1,1 05,1,2 06,0,1 06,1,2 X5
05,2,0 06,2,0 06,2,2 07,1,1 07,2,2 l5
06,1,0 06,1,1 07,0,1 07,1,0 07,1,2 H5
07,0,0 07,0,2 08,0,1 08,0,2 08,1,2 U5
07,2,0 08,1,0 08,1,1 08,2,0 08,2,2 Y5
08,0,0 09,0,1 09,0,2 09,1,1 09,1,2 w5
09,0,0 09,1,0 10,0,1 10,0,2 10,1,2 R5
10,0,0 11,0,0 11,0,1 11,0,2 12,0,2 T5
09,2,0 09,2,2 10,1,0 10,1,1 11,1,2 S5
10,2,0 10,2,2 11,1,0 11,1,1 12,0,1 W5

                                                              _W5_
                                                             W5   W5
                                                        _S5_/      \_W5_
                                                       S5   S5     S5   W5
                                                  _Y5_/      \_S5_/      \
                                                 Y5   w5     R5   T5     T5
                                            _Y5_/      \_R5_/      \_T5_/
                                           l5   Y5     w5   R5     T5
                                      _l5_/      \_Y5_/      \_T5_/
                                     l5   l5     U5   w5     R5
                                _l5_/      \_H5_/      \_R5_/
                               L5   H5     H5   U5     w5
                          _L5_/      \_H5_/      \_w5_/
                         L5   X5     X5   H5     U5
                    _L5_/      \_X5_/      \_U5_/
                   i5   L5     X5   X5     U5
              _i5_/      \_s5_/      \_I5_/
             i5   s5     s5   s5     I5
        _i5_/      \_s5_/      \_I5_/
       i5   h5     h5   r5     I5
  _P5_/      \_h5_/      \_I5_/
 P5   P5     h5   r5     r5
/      \_P5_/      \_r5_/
P5     p5   h5     r5
 \_C5_/      \_p5_/
 C5   p5     p5
/      \_p5_/
C5     C5
 \_C5_/

solution 2:
00,0,0 00,0,1 00,1,0 00,1,2 01,0,2 C5
00,1,1 00,2,0 00,2,2 01,1,0 01,1,1 P5
01,0,0 01,0,1 01,1,2 02,0,0 02,0,2 p5
01,2,0 01,2,2 02,2,0 02,2,2 03,2,2 i5
02,0,1 02,1,0 02,1,1 02,1,2 03,1,2 h5
03,0,0 03,0,1 03,0,2 04,0,0 04,0,2 l5
03,1,0 03,1,1 04,0,1 04,1,1 04,1,2 Y5
03,2,0 04,2,0 04,2,2 05,2,0 05,2,2 I5
04,1,0 05,0,0 05,0,1 05,0,2 05,1,2 X5
05,1,0 05,1,1 06,0,1 06,1,0 06,1,2 H5
06,0,0 06,0,2 07,0,1 07,0,2 07,1,2 U5
06,1,1 06,2,0 06,2,2 07,1,1 07,2,2 r5
07,0,0 07,1,0 08,0,1 08,0,2 08,1,2 R5
07,2,0 08,1,0 08,1,1 09,0,1 09,1,2 L5
08,0,0 09,0,0 09,0,2 10,0,1 10,0,2 W5
08,2,0 08,2,2 09,1,0 09,1,1 10,1,2 S5
09,2,0 09,2,2 10,2,0 10,2,2 11,1,1 w5
10,1,0 10,1,1 11,1,0 11,1,2 12,0,1 s5
10,0,0 11,0,0 11,0,1 11,0,2 12,0,2 T5

                                                              _w5_
                                                             w5   w5
                                                        _w5_/      \_s5_
                                                       w5   s5     s5   s5
                                                  _S5_/      \_s5_/      \
                                                 S5   S5     S5   T5     T5
                                            _L5_/      \_S5_/      \_T5_/
                                           r5   L5     L5   W5     T5
                                      _r5_/      \_L5_/      \_T5_/
                                     r5   r5     R5   L5     W5
                                _I5_/      \_R5_/      \_W5_/
                               I5   r5     U5   R5     W5
                          _I5_/      \_H5_/      \_W5_/
                         I5   H5     H5   U5     R5
                    _I5_/      \_H5_/      \_R5_/
                   i5   Y5     X5   H5     U5
              _i5_/      \_X5_/      \_U5_/
             i5   Y5     Y5   X5     U5
        _i5_/      \_Y5_/      \_X5_/
       i5   h5     h5   Y5     X5
  _P5_/      \_h5_/      \_l5_/
 P5   P5     h5   l5     l5
/      \_P5_/      \_l5_/
P5     p5   h5     l5
 \_C5_/      \_p5_/
 C5   p5     p5
/      \_p5_/
C5     C5
 \_C5_/

solution 3:
00,0,0 00,0,1 00,1,0 00,1,2 01,0,2 C5
00,1,1 00,2,0 00,2,2 01,2,0 01,2,2 W5
01,0,0 01,0,1 01,1,1 01,1,2 02,0,2 P5
10,2,0 11,1,0 11,1,1 11,1,2 12,0,1 T5
10,1,0 11,0,0 11,0,1 11,0,2 12,0,2 h5
08,2,0 08,2,2 09,2,0 09,2,2 10,2,2 i5
09,1,0 09,1,1 09,1,2 10,1,1 10,1,2 r5
09,0,0 09,0,2 10,0,0 10,0,1 10,0,2 L5
07,1,0 07,1,1 08,1,0 08,1,2 09,0,1 s5
07,0,0 07,0,1 08,0,0 08,0,1 08,0,2 R5
06,2,0 06,2,2 07,2,0 07,2,2 08,1,1 w5
06,0,0 06,0,1 06,0,2 06,1,2 07,0,2 Y5
05,2,0 05,2,2 06,1,0 06,1,1 07,1,2 S5
02,0,0 02,0,1 03,0,1 03,0,2 03,1,2 p5
01,1,0 02,1,0 02,1,1 02,1,2 02,2,2 H5
03,0,0 04,0,0 04,0,2 05,0,0 05,0,2 I5
03,2,0 04,2,0 04,2,2 05,1,0 05,1,1 U5
02,2,0 03,1,0 03,1,1 03,2,2 04,0,1 l5
04,1,0 04,1,1 04,1,2 05,0,1 05,1,2 X5

                                                              _T5_
                                                             i5   T5
                                                        _i5_/      \_T5_
                                                       i5   r5     T5   T5
                                                  _i5_/      \_h5_/      \
                                                 i5   r5     r5   h5     h5
                                            _w5_/      \_r5_/      \_h5_/
                                           w5   w5     r5   L5     h5
                                      _w5_/      \_s5_/      \_L5_/
                                     w5   s5     s5   s5     L5
                                _S5_/      \_s5_/      \_L5_/
                               S5   S5     S5   R5     L5
                          _U5_/      \_S5_/      \_R5_/
                         U5   U5     Y5   R5     R5
                    _U5_/      \_U5_/      \_R5_/
                   l5   X5     X5   Y5     Y5
              _l5_/      \_X5_/      \_Y5_/
             H5   l5     X5   X5     Y5
        _W5_/      \_l5_/      \_I5_/
       W5   H5     p5   l5     I5
  _W5_/      \_H5_/      \_I5_/
 W5   P5     H5   p5     I5
/      \_H5_/      \_I5_/
W5     P5   p5     p5
 \_C5_/      \_p5_/
 C5   P5     P5
/      \_P5_/
C5     C5
 \_C5_/

solution 4:
00,0,0 00,0,1 00,1,0 00,1,2 01,0,2 C5
00,1,1 00,2,0 00,2,2 01,2,0 01,2,2 W5
01,0,0 01,0,1 01,1,1 01,1,2 02,0,2 P5
11,0,0 11,1,0 11,1,1 12,0,1 12,0,2 p5
08,2,0 09,2,0 09,2,2 10,2,0 10,2,2 I5
02,0,0 02,0,1 03,0,0 03,0,2 04,0,2 w5
01,1,0 02,1,1 02,1,2 02,2,0 02,2,2 s5
02,1,0 03,0,1 03,1,1 03,1,2 03,2,2 l5
03,1,0 04,0,0 04,0,1 04,1,0 04,1,2 Y5
03,2,0 04,1,1 04,2,0 04,2,2 05,1,1 R5
05,0,1 05,1,0 05,1,2 06,0,1 06,1,2 r5
05,0,0 05,0,2 06,0,0 06,0,2 07,0,2 i5
05,2,0 05,2,2 06,1,0 06,1,1 06,2,2 h5
07,0,0 08,0,0 08,0,1 08,0,2 09,0,2 T5
07,0,1 07,1,0 07,1,2 08,1,1 08,1,2 S5
06,2,0 07,1,1 07,2,0 07,2,2 08,2,2 L5
08,1,0 09,0,0 09,0,1 10,0,0 10,0,2 U5
09,1,0 09,1,1 09,1,2 10,0,1 10,1,2 X5
10,1,0 10,1,1 11,0,1 11,0,2 11,1,2 H5

                                                              _I5_
                                                             I5   p5
                                                        _I5_/      \_p5_
                                                       I5   H5     H5   p5
                                                  _I5_/      \_H5_/      \
                                                 L5   X5     X5   H5     p5
                                            _L5_/      \_X5_/      \_p5_/
                                           L5   S5     X5   X5     H5
                                      _L5_/      \_U5_/      \_U5_/
                                     h5   L5     S5   U5     U5
                                _h5_/      \_S5_/      \_U5_/
                               h5   h5     S5   T5     T5
                          _R5_/      \_h5_/      \_T5_/
                         R5   R5     r5   S5     T5
                    _R5_/      \_r5_/      \_T5_/
                   l5   R5     r5   r5     i5
              _s5_/      \_Y5_/      \_i5_/
             s5   l5     Y5   r5     i5
        _W5_/      \_Y5_/      \_i5_/
       W5   s5     l5   Y5     i5
  _W5_/      \_l5_/      \_Y5_/
 W5   P5     s5   l5     w5
/      \_s5_/      \_w5_/
W5     P5   w5     w5
 \_C5_/      \_w5_/
 C5   P5     P5
/      \_P5_/
C5     C5
 \_C5_/

solution 5:
00,0,0 00,0,1 00,1,0 00,1,2 01,0,2 C5
00,1,1 00,2,0 00,2,2 01,2,0 01,2,2 W5
01,0,0 01,0,1 01,1,1 01,1,2 02,0,2 P5
11,0,0 11,1,0 11,1,1 12,0,1 12,0,2 p5
08,2,0 09,2,0 09,2,2 10,2,0 10,2,2 I5
02,0,0 02,0,1 03,0,0 03,0,2 04,0,2 w5
01,1,0 02,1,1 02,1,2 02,2,0 02,2,2 s5
02,1,0 03,0,1 03,1,1 03,1,2 03,2,2 l5
03,1,0 04,0,0 04,0,1 04,1,2 05,0,2 r5
03,2,0 04,1,0 04,1,1 05,0,1 05,1,2 L5
04,2,0 04,2,2 05,2,0 05,2,2 06,2,2 i5
05,0,0 06,0,0 06,0,1 06,0,2 07,0,2 T5
05,1,0 05,1,1 06,1,0 06,1,1 06,1,2 R5
06,2,0 07,0,0 07,0,1 07,1,1 07,1,2 S5
07,2,0 07,2,2 08,1,1 08,1,2 08,2,2 Y5
07,1,0 08,0,0 08,0,1 08,0,2 09,0,2 h5
08,1,0 09,0,0 09,0,1 10,0,0 10,0,2 U5
09,1,0 09,1,1 09,1,2 10,0,1 10,1,2 X5
10,1,0 10,1,1 11,0,1 11,0,2 11,1,2 H5

                                                              _I5_
                                                             I5   p5
                                                        _I5_/      \_p5_
                                                       I5   H5     H5   p5
                                                  _I5_/      \_H5_/      \
                                                 Y5   X5     X5   H5     p5
                                            _Y5_/      \_X5_/      \_p5_/
                                           Y5   Y5     X5   X5     H5
                                      _S5_/      \_U5_/      \_U5_/
                                     i5   S5     Y5   U5     U5
                                _i5_/      \_h5_/      \_U5_/
                               i5   R5     S5   h5     h5
                          _i5_/      \_R5_/      \_h5_/
                         i5   R5     R5   S5     h5
                    _L5_/      \_R5_/      \_S5_/
                   l5   L5     L5   T5     T5
              _s5_/      \_L5_/      \_T5_/
             s5   l5     r5   L5     T5
        _W5_/      \_r5_/      \_T5_/
       W5   s5     l5   r5     r5
  _W5_/      \_l5_/      \_r5_/
 W5   P5     s5   l5     w5
/      \_s5_/      \_w5_/
W5     P5   w5     w5
 \_C5_/      \_w5_/
 C5   P5     P5
/      \_P5_/
C5     C5
 \_C5_/

solution 6:
00,0,0 00,0,1 00,1,0 00,1,2 01,0,2 C5
00,1,1 00,2,0 00,2,2 01,2,0 01,2,2 W5
01,0,0 01,0,1 01,1,1 01,1,2 02,0,2 P5
11,0,0 11,1,0 11,1,1 12,0,1 12,0,2 p5
09,2,0 09,2,2 10,1,1 10,2,0 10,2,2 T5
10,1,0 10,1,2 11,0,1 11,0,2 11,1,2 Y5
09,0,0 09,0,1 09,0,2 10,0,0 10,0,2 l5
08,1,0 08,1,1 09,1,0 09,1,2 10,0,1 s5
07,2,0 07,2,2 08,2,0 08,2,2 09,1,1 w5
01,1,0 02,0,0 02,0,1 02,1,1 02,1,2 h5
02,2,0 02,2,2 03,2,0 03,2,2 04,2,2 i5
03,0,0 03,0,2 04,0,1 04,0,2 04,1,2 U5
02,1,0 03,0,1 03,1,0 03,1,1 03,1,2 X5
04,0,0 05,0,0 05,0,2 06,0,0 06,0,2 I5
04,1,0 04,1,1 05,0,1 05,1,0 05,1,2 H5
04,2,0 05,1,1 05,2,0 05,2,2 06,1,1 R5
06,0,1 06,1,0 06,1,2 07,0,1 07,1,2 r5
06,2,0 06,2,2 07,1,0 07,1,1 08,1,2 S5
07,0,0 07,0,2 08,0,0 08,0,1 08,0,2 L5

                                                              _T5_
                                                             T5   p5
                                                        _T5_/      \_p5_
                                                       T5   T5     Y5   p5
                                                  _w5_/      \_Y5_/      \
                                                 w5   w5     Y5   Y5     p5
                                            _w5_/      \_s5_/      \_p5_/
                                           w5   s5     s5   s5     Y5
                                      _S5_/      \_s5_/      \_l5_/
                                     S5   S5     S5   l5     l5
                                _R5_/      \_S5_/      \_l5_/
                               R5   R5     r5   L5     l5
                          _R5_/      \_r5_/      \_L5_/
                         i5   R5     r5   r5     L5
                    _i5_/      \_H5_/      \_L5_/
                   i5   H5     H5   r5     L5
              _i5_/      \_H5_/      \_I5_/
             i5   X5     U5   H5     I5
        _W5_/      \_X5_/      \_I5_/
       W5   h5     X5   U5     I5
  _W5_/      \_X5_/      \_I5_/
 W5   P5     h5   X5     U5
/      \_h5_/      \_U5_/
W5     P5   h5     U5
 \_C5_/      \_h5_/
 C5   P5     P5
/      \_P5_/
C5     C5
 \_C5_/

solution 7:
00,0,0 00,0,1 00,1,0 00,1,2 01,0,2 C5
00,1,1 00,2,0 00,2,2 01,2,0 01,2,2 W5
01,0,0 01,0,1 01,1,1 01,1,2 02,0,2 P5
11,0,0 11,1,0 11,1,1 12,0,1 12,0,2 p5
09,2,0 09,2,2 10,1,1 10,2,0 10,2,2 T5
10,0,0 10,0,1 10,0,2 11,0,1 11,0,2 r5
09,1,0 09,1,2 10,1,0 10,1,2 11,1,2 i5
07,2,0 07,2,2 08,2,0 08,2,2 09,1,1 w5
02,0,0 02,0,1 03,0,0 03,0,1 03,0,2 R5
01,1,0 02,1,1 02,1,2 02,2,0 02,2,2 s5
02,1,0 03,1,0 03,1,1 03,1,2 03,2,2 H5
08,0,1 08,1,0 08,1,1 08,1,2 09,0,1 Y5
07,0,0 08,0,0 08,0,2 09,0,0 09,0,2 I5
05,2,0 06,2,0 06,2,2 07,1,0 07,1,1 U5
06,1,0 06,1,1 06,1,2 07,0,1 07,1,2 X5
05,1,0 05,1,2 06,0,0 06,0,1 07,0,2 S5
03,2,0 04,2,0 04,2,2 05,1,1 05,2,2 l5
04,0,0 04,0,1 04,0,2 04,1,1 04,1,2 L5
04,1,0 05,0,0 05,0,1 05,0,2 06,0,2 h5

                                                              _T5_
                                                             T5   p5
                                                        _T5_/      \_p5_
                                                       T5   T5     i5   p5
                                                  _w5_/      \_i5_/      \
                                                 w5   w5     i5   r5     p5
                                            _w5_/      \_i5_/      \_p5_/
                                           w5   Y5     i5   r5     r5
                                      _U5_/      \_Y5_/      \_r5_/
                                     U5   U5     Y5   Y5     r5
                                _U5_/      \_U5_/      \_I5_/
                               l5   X5     X5   Y5     I5
                          _l5_/      \_X5_/      \_I5_/
                         l5   l5     X5   X5     I5
                    _l5_/      \_S5_/      \_I5_/
                   H5   L5     S5   S5     S5
              _s5_/      \_h5_/      \_S5_/
             s5   H5     L5   h5     h5
        _W5_/      \_H5_/      \_h5_/
       W5   s5     H5   L5     h5
  _W5_/      \_H5_/      \_L5_/
 W5   P5     s5   R5     L5
/      \_s5_/      \_R5_/
W5     P5   R5     R5
 \_C5_/      \_R5_/
 C5   P5     P5
/      \_P5_/
C5     C5
 \_C5_/

solution 8:
00,0,0 00,0,1 00,1,0 00,1,2 01,0,2 C5
00,1,1 00,2,0 00,2,2 01,2,0 01,2,2 W5
01,0,0 01,0,1 01,1,1 01,1,2 02,0,2 P5
11,0,0 11,1,0 11,1,1 12,0,1 12,0,2 p5
09,2,0 09,2,2 10,1,1 10,2,0 10,2,2 T5
10,0,0 10,0,1 10,0,2 11,0,1 11,0,2 r5
09,1,0 09,1,2 10,1,0 10,1,2 11,1,2 i5
07,2,0 07,2,2 08,2,0 08,2,2 09,1,1 w5
01,1,0 02,0,0 02,0,1 03,0,0 03,0,2 U5
02,1,0 02,1,1 02,1,2 03,0,1 03,1,2 X5
02,2,0 02,2,2 03,1,0 03,1,1 04,1,2 S5
03,2,0 03,2,2 04,1,0 04,1,1 04,2,2 h5
04,0,0 04,0,1 04,0,2 05,0,0 05,0,2 l5
04,2,0 05,0,1 05,1,1 05,1,2 05,2,2 L5
07,0,0 08,0,0 08,0,2 09,0,0 09,0,2 I5
05,1,0 06,0,1 06,0,2 06,1,0 06,1,2 H5
05,2,0 06,1,1 06,2,0 06,2,2 07,1,1 R5
06,0,0 07,0,1 07,0,2 07,1,0 07,1,2 s5
08,0,1 08,1,0 08,1,1 08,1,2 09,0,1 Y5

                                                              _T5_
                                                             T5   p5
                                                        _T5_/      \_p5_
                                                       T5   T5     i5   p5
                                                  _w5_/      \_i5_/      \
                                                 w5   w5     i5   r5     p5
                                            _w5_/      \_i5_/      \_p5_/
                                           w5   Y5     i5   r5     r5
                                      _R5_/      \_Y5_/      \_r5_/
                                     R5   R5     Y5   Y5     r5
                                _R5_/      \_s5_/      \_I5_/
                               L5   R5     s5   Y5     I5
                          _L5_/      \_H5_/      \_I5_/
                         h5   L5     H5   s5     I5
                    _h5_/      \_H5_/      \_I5_/
                   h5   h5     L5   H5     s5
              _S5_/      \_h5_/      \_s5_/
             S5   S5     S5   L5     H5
        _W5_/      \_S5_/      \_l5_/
       W5   X5     X5   l5     l5
  _W5_/      \_X5_/      \_l5_/
 W5   P5     X5   X5     l5
/      \_U5_/      \_U5_/
W5     P5   U5     U5
 \_C5_/      \_U5_/
 C5   P5     P5
/      \_P5_/
C5     C5
 \_C5_/

solution 9:
00,0,0 00,0,1 00,1,0 00,1,2 01,0,2 C5
00,1,1 00,2,0 00,2,2 01,2,0 01,2,2 W5
01,0,0 01,0,1 01,1,1 01,1,2 02,0,2 P5
10,1,0 10,1,1 11,1,0 11,1,2 12,0,1 s5
09,2,0 09,2,2 10,2,0 10,2,2 11,1,1 w5
10,0,0 11,0,0 11,0,1 11,0,2 12,0,2 T5
01,1,0 02,0,0 02,0,1 03,0,0 03,0,2 U5
02,1,0 02,1,1 02,1,2 02,2,0 02,2,2 R5
03,0,1 03,1,0 03,1,1 03,1,2 04,1,2 h5
03,2,0 03,2,2 04,1,0 04,1,1 05,1,2 S5
04,2,0 04,2,2 05,2,0 05,2,2 06,2,2 i5
04,0,0 04,0,1 04,0,2 05,0,1 05,0,2 r5
05,0,0 05,1,0 05,1,1 06,0,1 06,0,2 p5
06,0,0 07,0,0 07,0,2 08,0,0 08,0,2 I5
06,1,0 06,1,1 06,1,2 07,0,1 07,1,2 X5
09,0,0 09,0,1 09,0,2 09,1,2 10,0,2 Y5
08,2,0 09,1,0 09,1,1 10,0,1 10,1,2 L5
06,2,0 07,2,0 07,2,2 08,1,1 08,2,2 l5
07,1,0 07,1,1 08,0,1 08,1,0 08,1,2 H5

                                                              _w5_
                                                             w5   w5
                                                        _w5_/      \_s5_
                                                       w5   s5     s5   s5
                                                  _L5_/      \_s5_/      \
                                                 l5   L5     L5   T5     T5
                                            _l5_/      \_L5_/      \_T5_/
                                           l5   l5     Y5   L5     T5
                                      _l5_/      \_H5_/      \_T5_/
                                     i5   H5     H5   Y5     Y5
                                _i5_/      \_H5_/      \_Y5_/
                               i5   X5     X5   H5     Y5
                          _i5_/      \_X5_/      \_I5_/
                         i5   p5     X5   X5     I5
                    _S5_/      \_p5_/      \_I5_/
                   S5   S5     S5   p5     I5
              _R5_/      \_S5_/      \_I5_/
             R5   h5     h5   r5     p5
        _W5_/      \_h5_/      \_p5_/
       W5   R5     h5   r5     r5
  _W5_/      \_R5_/      \_r5_/
 W5   P5     R5   h5     r5
/      \_U5_/      \_U5_/
W5     P5   U5     U5
 \_C5_/      \_U5_/
 C5   P5     P5
/      \_P5_/
C5     C5
 \_C5_/

solution 10:
00,0,0 00,0,1 00,1,0 00,1,2 01,0,2 C5
00,1,1 00,2,0 00,2,2 01,2,0 01,2,2 W5
01,0,0 01,0,1 01,1,1 01,1,2 02,0,2 P5
10,1,0 10,1,1 11,1,0 11,1,2 12,0,1 s5
09,2,0 09,2,2 10,2,0 10,2,2 11,1,1 w5
10,0,0 11,0,0 11,0,1 11,0,2 12,0,2 T5
01,1,0 02,0,0 02,0,1 03,0,0 03,0,2 U5
02,1,1 02,1,2 02,2,0 02,2,2 03,1,1 p5
02,1,0 03,0,1 03,1,0 03,1,2 04,1,2 L5
03,2,0 03,2,2 04,1,0 04,1,1 05,1,2 S5
04,2,0 04,2,2 05,1,0 05,1,1 05,2,2 h5
04,0,0 04,0,1 04,0,2 05,0,1 05,0,2 r5
05,0,0 06,0,0 06,0,1 06,0,2 06,1,2 H5
06,2,0 07,2,0 07,2,2 08,2,0 08,2,2 I5
05,2,0 06,1,0 06,1,1 06,2,2 07,0,1 l5
07,0,0 07,0,2 08,0,0 08,0,2 09,0,2 i5
07,1,0 07,1,1 07,1,2 08,0,1 08,1,2 X5
08,1,0 08,1,1 09,0,1 09,1,1 09,1,2 Y5
09,0,0 09,1,0 10,0,1 10,0,2 10,1,2 R5

                                                              _w5_
                                                             w5   w5
                                                        _w5_/      \_s5_
                                                       w5   s5     s5   s5
                                                  _I5_/      \_s5_/      \
                                                 I5   Y5     R5   T5     T5
                                            _I5_/      \_R5_/      \_T5_/
                                           I5   Y5     Y5   R5     T5
                                      _I5_/      \_Y5_/      \_T5_/
                                     l5   X5     X5   Y5     R5
                                _l5_/      \_X5_/      \_R5_/
                               h5   l5     X5   X5     i5
                          _h5_/      \_l5_/      \_i5_/
                         h5   h5     H5   l5     i5
                    _S5_/      \_h5_/      \_i5_/
                   S5   S5     S5   H5     i5
              _p5_/      \_S5_/      \_H5_/
             p5   p5     L5   r5     H5
        _W5_/      \_L5_/      \_H5_/
       W5   p5     L5   r5     r5
  _W5_/      \_L5_/      \_r5_/
 W5   P5     p5   L5     r5
/      \_U5_/      \_U5_/
W5     P5   U5     U5
 \_C5_/      \_U5_/
 C5   P5     P5
/      \_P5_/
C5     C5
 \_C5_/

solution 11:
00,0,0 00,0,1 00,1,0 00,1,2 01,0,2 C5
00,1,1 00,2,0 00,2,2 01,2,0 01,2,2 W5
01,0,1 01,1,0 01,1,1 01,1,2 02,0,1 Y5
01,0,0 02,0,0 02,0,2 03,0,0 03,0,2 I5
10,1,0 10,1,1 11,1,0 11,1,2 12,0,1 s5
09,2,0 09,2,2 10,2,0 10,2,2 11,1,1 w5
10,0,0 11,0,0 11,0,1 11,0,2 12,0,2 T5
02,1,1 02,1,2 02,2,0 02,2,2 03,1,1 p5
02,1,0 03,0,1 03,1,0 03,1,2 04,1,2 L5
03,2,0 03,2,2 04,1,0 04,1,1 05,1,2 S5
04,2,0 04,2,2 05,1,0 05,1,1 05,2,2 h5
04,0,0 04,0,1 04,0,2 05,0,1 05,0,2 r5
05,0,0 06,0,0 06,0,1 06,0,2 06,1,2 H5
08,2,0 08,2,2 09,0,1 09,1,1 09,1,2 P5
09,0,0 09,1,0 10,0,1 10,0,2 10,1,2 R5
06,2,0 07,2,0 07,2,2 08,1,0 08,1,1 U5
05,2,0 06,1,0 06,1,1 06,2,2 07,0,1 l5
07,0,0 07,0,2 08,0,0 08,0,2 09,0,2 i5
07,1,0 07,1,1 07,1,2 08,0,1 08,1,2 X5

                                                              _w5_
                                                             w5   w5
                                                        _w5_/      \_s5_
                                                       w5   s5     s5   s5
                                                  _P5_/      \_s5_/      \
                                                 P5   P5     R5   T5     T5
                                            _U5_/      \_R5_/      \_T5_/
                                           U5   U5     P5   R5     T5
                                      _U5_/      \_U5_/      \_T5_/
                                     l5   X5     X5   P5     R5
                                _l5_/      \_X5_/      \_R5_/
                               h5   l5     X5   X5     i5
                          _h5_/      \_l5_/      \_i5_/
                         h5   h5     H5   l5     i5
                    _S5_/      \_h5_/      \_i5_/
                   S5   S5     S5   H5     i5
              _p5_/      \_S5_/      \_H5_/
             p5   p5     L5   r5     H5
        _W5_/      \_L5_/      \_H5_/
       W5   p5     L5   r5     r5
  _W5_/      \_L5_/      \_r5_/
 W5   Y5     p5   L5     r5
/      \_Y5_/      \_I5_/
W5     Y5   Y5     I5
 \_C5_/      \_I5_/
 C5   Y5     I5
/      \_I5_/
C5     C5
 \_C5_/

solution 12:
00,0,0 00,0,1 00,1,0 00,1,2 01,0,2 C5
00,1,1 00,2,0 00,2,2 01,2,0 01,2,2 W5
01,0,0 01,0,1 01,1,2 02,0,0 02,0,2 p5
01,1,0 01,1,1 02,0,1 02,1,1 02,1,2 Y5
02,2,0 02,2,2 03,2,0 03,2,2 04,2,2 i5
11,0,0 11,0,2 11,1,0 12,0,1 12,0,2 P5
10,1,0 10,1,2 11,0,1 11,1,1 11,1,2 h5
09,2,0 09,2,2 10,1,1 10,2,0 10,2,2 T5
09,0,0 09,0,1 09,0,2 10,0,0 10,0,2 l5
08,1,0 08,1,1 09,1,0 09,1,2 10,0,1 s5
07,2,0 07,2,2 08,2,0 08,2,2 09,1,1 w5
03,0,0 03,0,2 04,0,1 04,0,2 04,1,2 U5
02,1,0 03,0,1 03,1,0 03,1,1 03,1,2 X5
04,0,0 05,0,0 05,0,2 06,0,0 06,0,2 I5
04,1,0 04,1,1 05,0,1 05,1,0 05,1,2 H5
04,2,0 05,1,1 05,2,0 05,2,2 06,1,1 R5
06,0,1 06,1,0 06,1,2 07,0,1 07,1,2 r5
06,2,0 06,2,2 07,1,0 07,1,1 08,1,2 S5
07,0,0 07,0,2 08,0,0 08,0,1 08,0,2 L5

                                                              _T5_
                                                             T5   h5
                                                        _T5_/      \_P5_
                                                       T5   T5     h5   P5
                                                  _w5_/      \_h5_/      \
                                                 w5   w5     h5   h5     P5
                                            _w5_/      \_s5_/      \_P5_/
                                           w5   s5     s5   s5     P5
                                      _S5_/      \_s5_/      \_l5_/
                                     S5   S5     S5   l5     l5
                                _R5_/      \_S5_/      \_l5_/
                               R5   R5     r5   L5     l5
                          _R5_/      \_r5_/      \_L5_/
                         i5   R5     r5   r5     L5
                    _i5_/      \_H5_/      \_L5_/
                   i5   H5     H5   r5     L5
              _i5_/      \_H5_/      \_I5_/
             i5   X5     U5   H5     I5
        _W5_/      \_X5_/      \_I5_/
       W5   Y5     X5   U5     I5
  _W5_/      \_X5_/      \_I5_/
 W5   Y5     Y5   X5     U5
/      \_Y5_/      \_U5_/
W5     p5   Y5     U5
 \_C5_/      \_p5_/
 C5   p5     p5
/      \_p5_/
C5     C5
 \_C5_/

Session interrupted by user.
12 solutions, 634673 searches, duration 0:21:09.830370
