solving OneSidedPentatwigsElongatedHexagon8x2_1:

solution 1 (456,035 searches):
3,2,0 3,2,1 3,3,0 3,3,2 4,2,2 C5
1,3,0 1,3,2 2,2,1 2,3,0 2,3,2 T5
4,3,0 4,3,2 5,3,0 5,3,2 6,3,2 i5
0,2,1 0,2,2 0,3,0 0,3,2 1,2,1 p5
0,1,0 0,1,1 1,1,0 1,1,2 2,0,1 s5
1,0,0 1,0,1 2,0,0 2,0,2 3,0,2 w5
0,2,0 1,1,1 1,2,0 1,2,2 2,1,1 R5
2,1,0 2,1,2 3,0,0 3,0,1 4,0,2 S5
2,2,0 2,2,2 3,1,1 3,1,2 3,2,2 Y5
3,1,0 4,0,0 4,0,1 5,0,1 5,0,2 P5
4,1,0 4,1,1 4,1,2 5,1,0 5,1,2 l5
5,0,0 6,0,0 6,0,2 7,0,0 7,0,2 I5
4,2,0 5,1,1 5,2,0 5,2,1 5,2,2 X5
6,0,1 6,1,0 6,1,2 7,0,1 7,1,2 r5
6,1,1 6,2,0 6,2,1 6,2,2 7,2,2 h5
7,3,0 7,3,2 8,2,0 8,2,1 9,1,1 W5
6,3,0 7,2,0 7,2,1 8,1,1 8,2,2 L5
8,0,0 8,0,2 9,0,1 9,0,2 9,1,2 U5
7,1,0 7,1,1 8,0,1 8,1,0 8,1,2 H5

                                            _W5_
                                           W5   W5
                                      _L5_/      \_W5_
                                     i5   L5     L5   W5
                                _i5_/      \_L5_/      \
                               i5   h5     h5   L5     U5
                          _i5_/      \_h5_/      \_H5_/
                         i5   X5     h5   H5     H5   U5
                    _C5_/      \_X5_/      \_H5_/      \
                   C5          X5   h5     r5   H5     U5
              _T5_/       _X5_/      \_r5_/      \_U5_/
             T5   C5     C5   X5     r5   r5     U5
        _T5_/      \_C5_/      \_l5_/      \_I5_/
       T5   T5     Y5   l5     l5   r5     I5
  _p5_/      \_Y5_/      \_l5_/      \_I5_/
 p5   p5     Y5   Y5     l5   P5     I5
/      \_R5_/      \_P5_/      \_I5_/
p5     R5   R5     Y5   P5     P5
 \_R5_/      \_S5_/      \_P5_/
 p5   R5     S5   S5     S5
/      \_s5_/      \_S5_/
s5     s5   s5     w5
 \_s5_/      \_w5_/
      w5     w5
       \_w5_/

solution 2 (1,119,366 searches):
2,3,0 3,2,1 3,2,2 3,3,0 3,3,2 H5
4,3,0 4,3,2 5,2,1 5,3,0 5,3,2 T5
1,3,0 2,1,1 2,2,1 2,2,2 2,3,2 L5
2,2,0 3,1,0 3,1,1 3,1,2 4,1,2 h5
4,0,0 4,0,1 5,0,1 5,0,2 5,1,2 p5
2,0,0 2,0,2 3,0,0 3,0,2 4,0,2 i5
1,1,0 2,0,1 2,1,0 2,1,2 3,0,1 R5
0,1,0 0,1,1 0,2,2 1,0,0 1,0,1 w5
3,2,0 4,1,0 4,1,1 4,2,0 4,2,2 Y5
5,0,0 6,0,1 6,0,2 6,1,0 6,1,2 s5
5,1,0 5,1,1 5,2,0 5,2,2 6,1,1 C5
6,0,0 7,0,0 7,0,2 8,0,0 8,0,2 I5
8,2,0 9,0,1 9,0,2 9,1,1 9,1,2 W5
1,1,1 1,1,2 1,2,0 1,2,1 1,2,2 l5
0,2,0 0,2,1 0,3,0 0,3,2 1,3,2 P5
7,3,0 8,1,0 8,1,1 8,2,1 8,2,2 S5
7,0,1 7,1,0 7,1,2 8,0,1 8,1,2 r5
6,2,1 6,2,2 6,3,0 6,3,2 7,3,2 U5
6,2,0 7,1,1 7,2,0 7,2,1 7,2,2 X5

                                            _S5_
                                           U5   S5
                                      _U5_/      \_W5_
                                     U5   X5     S5   W5
                                _T5_/      \_X5_/      \
                               T5   U5     X5   S5     W5
                          _T5_/      \_X5_/      \_S5_/
                         T5   T5     U5   X5     r5   W5
                    _H5_/      \_C5_/      \_r5_/      \
                   H5          C5   C5     r5   r5     W5
              _H5_/       _Y5_/      \_s5_/      \_I5_/
             L5   H5     Y5   C5     s5   r5     I5
        _L5_/      \_Y5_/      \_C5_/      \_I5_/
       P5   L5     H5   Y5     p5   s5     I5
  _P5_/      \_h5_/      \_Y5_/      \_I5_/
 P5   l5     L5   h5     h5   p5     s5
/      \_l5_/      \_h5_/      \_s5_/
P5     l5   L5     h5   p5     p5
 \_P5_/      \_R5_/      \_p5_/
 w5   l5     R5   R5     i5
/      \_R5_/      \_i5_/
w5     l5   R5     i5
 \_w5_/      \_i5_/
      w5     i5
       \_w5_/

solution 3 (1,990,760 searches):
2,3,0 3,2,1 3,2,2 3,3,0 3,3,2 H5
4,3,0 4,3,2 5,2,0 5,2,1 5,2,2 r5
5,3,0 5,3,2 6,2,0 6,2,1 7,2,2 S5
6,3,0 6,3,2 7,3,0 7,3,2 8,2,1 w5
7,2,0 7,2,1 8,0,1 8,1,1 8,1,2 U5
8,1,0 8,2,0 8,2,2 9,1,1 9,1,2 C5
7,0,0 8,0,0 8,0,2 9,0,1 9,0,2 W5
6,1,0 7,0,1 7,1,0 7,1,1 7,1,2 X5
5,1,0 6,0,1 6,1,1 6,1,2 6,2,2 l5
5,0,0 5,0,2 6,0,0 6,0,2 7,0,2 i5
3,2,0 4,2,0 4,2,2 5,1,1 5,1,2 p5
4,0,1 4,1,0 4,1,1 4,1,2 5,0,1 Y5
2,0,0 3,0,0 3,0,2 4,0,0 4,0,2 I5
2,2,0 3,0,1 3,1,0 3,1,1 3,1,2 h5
1,2,0 1,2,1 1,3,0 1,3,2 2,3,2 P5
0,2,0 0,2,1 0,2,2 0,3,0 0,3,2 R5
2,1,0 2,1,1 2,1,2 2,2,1 2,2,2 L5
0,1,0 0,1,1 1,0,0 1,0,1 1,1,2 T5
1,1,0 1,1,1 1,2,2 2,0,1 2,0,2 s5

                                            _w5_
                                           w5   w5
                                      _w5_/      \_C5_
                                     w5   U5     C5   C5
                                _S5_/      \_U5_/      \
                               S5   S5     S5   U5     C5
                          _r5_/      \_S5_/      \_C5_/
                         r5   r5     l5   X5     U5   W5
                    _H5_/      \_r5_/      \_X5_/      \
                   H5          r5   l5     X5   U5     W5
              _H5_/       _p5_/      \_X5_/      \_W5_/
             P5   H5     p5   p5     l5   X5     W5
        _P5_/      \_p5_/      \_l5_/      \_W5_/
       P5   L5     H5   Y5     p5   l5     i5
  _R5_/      \_h5_/      \_Y5_/      \_i5_/
 R5   P5     L5   h5     Y5   Y5     i5
/      \_P5_/      \_h5_/      \_i5_/
R5     s5   L5     h5   Y5     i5
 \_R5_/      \_L5_/      \_I5_/
 R5   s5     L5   h5     I5
/      \_s5_/      \_I5_/
T5     T5   s5     I5
 \_T5_/      \_I5_/
      T5     s5
       \_T5_/

solution 4 (2,195,610 searches):
1,3,0 2,3,0 2,3,2 3,3,0 3,3,2 I5
4,2,0 4,3,0 4,3,2 5,2,1 5,2,2 C5
5,3,0 5,3,2 6,2,1 6,3,0 6,3,2 T5
7,2,1 7,3,0 7,3,2 8,2,0 8,2,1 P5
8,0,1 8,1,0 8,1,2 9,1,1 9,1,2 S5
7,0,0 8,0,0 8,0,2 9,0,1 9,0,2 W5
7,1,1 7,2,0 7,2,2 8,1,1 8,2,2 r5
5,2,0 6,1,0 6,1,1 6,2,0 6,2,2 Y5
6,0,0 7,0,1 7,0,2 7,1,0 7,1,2 s5
0,1,1 0,2,1 0,2,2 0,3,0 0,3,2 w5
0,2,0 1,1,1 1,2,1 1,2,2 1,3,2 l5
0,1,0 1,0,0 1,0,1 2,0,0 2,0,2 U5
1,1,0 1,1,2 2,0,1 2,1,1 2,1,2 h5
1,2,0 2,2,0 2,2,1 2,2,2 3,1,1 H5
3,2,0 3,2,1 3,2,2 4,1,1 4,2,2 X5
2,1,0 3,0,1 3,1,0 3,1,2 4,0,1 R5
3,0,0 3,0,2 4,0,0 4,0,2 5,0,2 i5
4,1,0 4,1,2 5,1,0 5,1,1 5,1,2 L5
5,0,0 5,0,1 6,0,1 6,0,2 6,1,2 p5

                                            _P5_
                                           P5   P5
                                      _T5_/      \_P5_
                                     T5   P5     r5   S5
                                _T5_/      \_r5_/      \
                               T5   T5     r5   r5     S5
                          _C5_/      \_Y5_/      \_S5_/
                         C5   C5     Y5   r5     S5   W5
                    _I5_/      \_Y5_/      \_s5_/      \
                   I5          C5   Y5     s5   S5     W5
              _I5_/       _C5_/      \_Y5_/      \_W5_/
             I5   X5     X5   L5     p5   s5     W5
        _I5_/      \_X5_/      \_L5_/      \_W5_/
       l5   H5     X5   X5     L5   p5     s5
  _w5_/      \_H5_/      \_L5_/      \_s5_/
 w5   l5     H5   H5     L5   p5     p5
/      \_H5_/      \_R5_/      \_p5_/
w5     l5   h5     R5   R5     i5
 \_l5_/      \_R5_/      \_i5_/
 w5   l5     h5   R5     i5
/      \_h5_/      \_i5_/
w5     h5   h5     i5
 \_U5_/      \_U5_/
      U5     U5
       \_U5_/

solution 5 (2,482,117 searches):
1,3,0 2,3,0 2,3,2 3,3,0 3,3,2 I5
4,3,0 4,3,2 5,1,1 5,2,1 5,2,2 P5
5,3,0 5,3,2 6,2,0 6,2,1 7,2,2 S5
6,3,0 6,3,2 7,3,0 7,3,2 8,2,1 w5
7,2,0 7,2,1 8,0,1 8,1,1 8,1,2 U5
8,1,0 8,2,0 8,2,2 9,1,1 9,1,2 C5
7,0,0 8,0,0 8,0,2 9,0,1 9,0,2 W5
3,2,0 3,2,1 3,2,2 4,2,0 4,2,2 l5
6,1,0 7,0,1 7,1,0 7,1,1 7,1,2 X5
5,2,0 6,0,1 6,1,1 6,1,2 6,2,2 L5
5,0,0 5,0,2 6,0,0 6,0,2 7,0,2 i5
4,1,0 4,1,1 5,0,1 5,1,0 5,1,2 H5
3,1,0 3,1,2 4,0,0 4,0,1 4,1,2 h5
2,0,0 3,0,0 3,0,1 3,0,2 4,0,2 T5
2,1,1 2,2,0 2,2,1 2,2,2 3,1,1 Y5
1,0,0 2,0,1 2,0,2 2,1,0 2,1,2 s5
0,1,0 0,1,1 0,2,0 0,2,2 1,0,1 p5
1,1,0 1,1,1 1,1,2 1,2,0 1,2,2 R5
0,2,1 0,3,0 0,3,2 1,2,1 1,3,2 r5

                                            _w5_
                                           w5   w5
                                      _w5_/      \_C5_
                                     w5   U5     C5   C5
                                _S5_/      \_U5_/      \
                               S5   S5     S5   U5     C5
                          _P5_/      \_S5_/      \_C5_/
                         P5   P5     L5   X5     U5   W5
                    _I5_/      \_L5_/      \_X5_/      \
                   I5          P5   L5     X5   U5     W5
              _I5_/       _l5_/      \_X5_/      \_W5_/
             I5   l5     l5   P5     L5   X5     W5
        _I5_/      \_l5_/      \_H5_/      \_W5_/
       r5   Y5     l5   H5     H5   L5     i5
  _r5_/      \_Y5_/      \_H5_/      \_i5_/
 r5   r5     Y5   Y5     h5   H5     i5
/      \_R5_/      \_h5_/      \_i5_/
r5     R5   Y5     h5   h5     i5
 \_p5_/      \_s5_/      \_h5_/
 p5   R5     s5   T5     T5
/      \_R5_/      \_T5_/
p5     R5   s5     T5
 \_p5_/      \_T5_/
      p5     s5
       \_s5_/

solution 6 (2,492,194 searches):
1,3,0 2,3,0 2,3,2 3,3,0 3,3,2 I5
4,3,0 4,3,2 5,1,1 5,2,1 5,2,2 P5
5,3,0 5,3,2 6,2,0 6,2,1 7,2,2 S5
6,3,0 6,3,2 7,3,0 7,3,2 8,2,1 w5
7,2,0 7,2,1 8,2,0 8,2,2 9,1,1 s5
3,2,0 3,2,1 3,2,2 4,2,0 4,2,2 l5
8,0,0 8,0,1 9,0,1 9,0,2 9,1,2 p5
7,1,0 7,1,1 8,1,0 8,1,1 8,1,2 R5
6,1,0 7,0,0 7,0,1 7,1,2 8,0,2 r5
5,2,0 6,0,1 6,1,1 6,1,2 6,2,2 L5
5,0,0 5,0,2 6,0,0 6,0,2 7,0,2 i5
4,1,0 4,1,1 5,0,1 5,1,0 5,1,2 H5
3,1,0 3,1,2 4,0,0 4,0,1 4,1,2 h5
2,1,1 2,2,0 2,2,1 2,2,2 3,1,1 Y5
2,0,0 3,0,0 3,0,1 3,0,2 4,0,2 T5
0,2,0 1,1,0 1,1,1 2,1,0 2,1,2 U5
0,3,0 1,2,0 1,2,1 1,2,2 1,3,2 X5
1,0,0 1,0,1 1,1,2 2,0,1 2,0,2 C5
0,1,0 0,1,1 0,2,1 0,2,2 0,3,2 W5

                                            _w5_
                                           w5   w5
                                      _w5_/      \_s5_
                                     w5   s5     s5   s5
                                _S5_/      \_s5_/      \
                               S5   S5     S5   R5     p5
                          _P5_/      \_S5_/      \_R5_/
                         P5   P5     L5   R5     R5   p5
                    _I5_/      \_L5_/      \_R5_/      \
                   I5          P5   L5     r5   p5     p5
              _I5_/       _l5_/      \_r5_/      \_p5_/
             I5   l5     l5   P5     L5   r5     r5
        _I5_/      \_l5_/      \_H5_/      \_r5_/
       X5   Y5     l5   H5     H5   L5     i5
  _X5_/      \_Y5_/      \_H5_/      \_i5_/
 W5   X5     Y5   Y5     h5   H5     i5
/      \_X5_/      \_h5_/      \_i5_/
W5     X5   Y5     h5   h5     i5
 \_U5_/      \_U5_/      \_h5_/
 W5   U5     U5   T5     T5
/      \_U5_/      \_T5_/
W5     C5   C5     T5
 \_W5_/      \_T5_/
      C5     C5
       \_C5_/

solution 7 (2,497,664 searches):
1,3,0 2,3,0 2,3,2 3,3,0 3,3,2 I5
4,3,0 4,3,2 5,1,1 5,2,1 5,2,2 P5
5,3,0 5,3,2 6,2,1 6,3,0 6,3,2 T5
3,2,0 3,2,1 4,1,1 4,2,0 4,2,2 H5
7,2,0 7,2,1 7,3,0 7,3,2 8,2,2 C5
8,1,0 8,2,0 8,2,1 9,1,1 9,1,2 p5
7,0,0 8,0,0 8,0,2 9,0,1 9,0,2 W5
7,1,0 7,1,1 8,0,1 8,1,1 8,1,2 Y5
5,2,0 6,1,1 6,2,0 6,2,2 7,2,2 L5
5,1,0 5,1,2 6,1,0 6,1,2 7,1,2 i5
6,0,0 6,0,1 6,0,2 7,0,1 7,0,2 r5
4,0,0 4,0,1 5,0,0 5,0,1 5,0,2 R5
3,1,0 3,1,1 3,1,2 4,1,0 4,1,2 l5
2,1,1 2,2,0 2,2,1 2,2,2 3,2,2 h5
2,1,0 2,1,2 3,0,0 3,0,1 4,0,2 S5
1,0,0 1,0,1 2,0,0 2,0,2 3,0,2 w5
0,1,0 0,1,1 1,1,0 1,1,2 2,0,1 s5
0,2,1 0,2,2 0,3,0 0,3,2 1,3,2 U5
0,2,0 1,1,1 1,2,0 1,2,1 1,2,2 X5

                                            _C5_
                                           C5   p5
                                      _T5_/      \_p5_
                                     T5   C5     C5   p5
                                _T5_/      \_C5_/      \
                               T5   T5     L5   Y5     p5
                          _P5_/      \_L5_/      \_p5_/
                         P5   P5     L5   Y5     Y5   W5
                    _I5_/      \_L5_/      \_Y5_/      \
                   I5          P5   L5     i5   Y5     W5
              _I5_/       _H5_/      \_i5_/      \_W5_/
             I5   H5     H5   P5     i5   r5     W5
        _I5_/      \_H5_/      \_i5_/      \_W5_/
       U5   h5     h5   H5     i5   r5     r5
  _U5_/      \_h5_/      \_l5_/      \_r5_/
 U5   X5     h5   l5     l5   R5     r5
/      \_X5_/      \_l5_/      \_R5_/
U5     X5   h5     l5   R5     R5
 \_X5_/      \_S5_/      \_R5_/
 U5   X5     S5   S5     S5
/      \_s5_/      \_S5_/
s5     s5   s5     w5
 \_s5_/      \_w5_/
      w5     w5
       \_w5_/

solution 8 (2,854,934 searches):
1,3,0 2,3,0 2,3,2 3,3,0 3,3,2 I5
4,3,0 4,3,2 5,2,0 5,2,1 6,2,2 S5
5,3,0 5,3,2 6,2,1 6,3,0 6,3,2 T5
7,2,0 7,3,0 8,1,1 8,2,1 8,2,2 r5
6,2,0 7,1,1 7,2,1 7,2,2 7,3,2 l5
8,1,0 8,1,2 8,2,0 9,1,1 9,1,2 P5
7,0,0 8,0,0 8,0,2 9,0,1 9,0,2 W5
6,1,0 6,1,1 7,1,0 7,1,2 8,0,1 s5
6,0,0 6,0,1 6,1,2 7,0,1 7,0,2 C5
4,0,0 4,0,2 5,0,0 5,0,2 6,0,2 i5
4,1,1 4,1,2 4,2,0 4,2,2 5,2,2 U5
4,1,0 5,0,1 5,1,0 5,1,1 5,1,2 X5
2,2,0 2,2,1 3,2,0 3,2,1 3,2,2 R5
2,1,0 3,1,0 3,1,1 3,1,2 4,0,1 H5
2,0,0 2,0,2 3,0,0 3,0,1 3,0,2 L5
0,1,0 0,1,1 0,2,2 1,0,0 1,0,1 w5
1,1,0 1,1,2 2,0,1 2,1,1 2,1,2 h5
1,2,0 1,2,1 1,2,2 1,3,2 2,2,2 Y5
0,2,0 0,2,1 0,3,0 0,3,2 1,1,1 p5

                                            _r5_
                                           l5   r5
                                      _T5_/      \_P5_
                                     T5   l5     r5   P5
                                _T5_/      \_r5_/      \
                               T5   T5     l5   r5     P5
                          _S5_/      \_l5_/      \_P5_/
                         S5   S5     S5   l5     P5   W5
                    _I5_/      \_S5_/      \_s5_/      \
                   I5          U5   s5     s5   s5     W5
              _I5_/       _U5_/      \_s5_/      \_W5_/
             I5   R5     U5   X5     C5   C5     W5
        _I5_/      \_R5_/      \_X5_/      \_W5_/
       Y5   R5     R5   U5     X5   C5     C5
  _p5_/      \_R5_/      \_X5_/      \_C5_/
 p5   Y5     Y5   H5     U5   X5     i5
/      \_Y5_/      \_H5_/      \_i5_/
p5     Y5   h5     H5   H5     i5
 \_p5_/      \_H5_/      \_i5_/
 w5   p5     h5   L5     i5
/      \_h5_/      \_L5_/
w5     h5   h5     L5
 \_w5_/      \_L5_/
      w5     L5
       \_w5_/

solution 9 (2,960,455 searches):
1,3,0 2,3,0 2,3,2 3,3,0 3,3,2 I5
4,3,0 4,3,2 5,2,0 5,2,1 6,2,2 S5
5,3,0 5,3,2 6,3,0 6,3,2 7,3,2 i5
7,3,0 8,1,1 8,1,2 8,2,1 8,2,2 W5
8,1,0 8,2,0 9,0,1 9,1,1 9,1,2 r5
7,1,0 8,0,0 8,0,1 8,0,2 9,0,2 h5
6,2,0 6,2,1 7,2,0 7,2,1 7,2,2 R5
6,1,0 6,1,1 7,0,1 7,1,1 7,1,2 Y5
6,0,0 6,0,1 6,1,2 7,0,0 7,0,2 p5
4,0,0 5,0,0 5,0,1 5,0,2 6,0,2 T5
4,1,0 5,1,0 5,1,1 5,1,2 5,2,2 H5
3,2,0 3,2,1 3,2,2 4,2,0 4,2,2 l5
2,2,0 3,1,0 3,1,1 4,1,1 4,1,2 P5
3,0,0 3,0,1 3,1,2 4,0,1 4,0,2 C5
1,0,0 1,0,1 2,0,0 2,0,2 3,0,2 w5
0,1,0 0,1,1 1,1,0 1,1,2 2,0,1 s5
0,2,1 0,2,2 0,3,0 0,3,2 1,3,2 U5
2,1,0 2,1,1 2,1,2 2,2,1 2,2,2 L5
0,2,0 1,1,1 1,2,0 1,2,1 1,2,2 X5

                                            _W5_
                                           i5   W5
                                      _i5_/      \_r5_
                                     i5   R5     W5   r5
                                _i5_/      \_R5_/      \
                               i5   R5     R5   W5     r5
                          _S5_/      \_R5_/      \_r5_/
                         S5   S5     S5   Y5     W5   r5
                    _I5_/      \_S5_/      \_h5_/      \
                   I5          H5   Y5     Y5   h5     h5
              _I5_/       _l5_/      \_Y5_/      \_h5_/
             I5   l5     l5   H5     p5   Y5     h5
        _I5_/      \_l5_/      \_H5_/      \_p5_/
       U5   L5     l5   P5     H5   p5     p5
  _U5_/      \_P5_/      \_H5_/      \_p5_/
 U5   X5     L5   P5     P5   T5     T5
/      \_X5_/      \_P5_/      \_T5_/
U5     X5   L5     C5   C5     T5
 \_X5_/      \_L5_/      \_T5_/
 U5   X5     L5   C5     C5
/      \_s5_/      \_C5_/
s5     s5   s5     w5
 \_s5_/      \_w5_/
      w5     w5
       \_w5_/

solution 10 (2,962,074 searches):
1,3,0 2,3,0 2,3,2 3,3,0 3,3,2 I5
4,3,0 4,3,2 5,2,0 5,2,1 6,2,2 S5
5,3,0 5,3,2 6,3,0 6,3,2 7,3,2 i5
7,3,0 8,1,1 8,2,0 8,2,1 8,2,2 h5
7,1,0 8,1,0 8,1,2 9,1,1 9,1,2 W5
8,0,0 8,0,1 8,0,2 9,0,1 9,0,2 r5
6,2,0 6,2,1 7,2,0 7,2,1 7,2,2 R5
6,1,0 6,1,1 7,0,1 7,1,1 7,1,2 Y5
6,0,0 6,0,1 6,1,2 7,0,0 7,0,2 p5
4,0,0 5,0,0 5,0,1 5,0,2 6,0,2 T5
4,1,0 5,1,0 5,1,1 5,1,2 5,2,2 H5
3,2,0 3,2,1 3,2,2 4,2,0 4,2,2 l5
2,2,0 3,1,0 3,1,1 4,1,1 4,1,2 P5
3,0,0 3,0,1 3,1,2 4,0,1 4,0,2 C5
1,0,0 1,0,1 2,0,0 2,0,2 3,0,2 w5
0,1,0 0,1,1 1,1,0 1,1,2 2,0,1 s5
0,2,1 0,2,2 0,3,0 0,3,2 1,3,2 U5
2,1,0 2,1,1 2,1,2 2,2,1 2,2,2 L5
0,2,0 1,1,1 1,2,0 1,2,1 1,2,2 X5

                                            _h5_
                                           i5   h5
                                      _i5_/      \_h5_
                                     i5   R5     h5   W5
                                _i5_/      \_R5_/      \
                               i5   R5     R5   h5     W5
                          _S5_/      \_R5_/      \_W5_/
                         S5   S5     S5   Y5     W5   r5
                    _I5_/      \_S5_/      \_W5_/      \
                   I5          H5   Y5     Y5   r5     r5
              _I5_/       _l5_/      \_Y5_/      \_r5_/
             I5   l5     l5   H5     p5   Y5     r5
        _I5_/      \_l5_/      \_H5_/      \_p5_/
       U5   L5     l5   P5     H5   p5     p5
  _U5_/      \_P5_/      \_H5_/      \_p5_/
 U5   X5     L5   P5     P5   T5     T5
/      \_X5_/      \_P5_/      \_T5_/
U5     X5   L5     C5   C5     T5
 \_X5_/      \_L5_/      \_T5_/
 U5   X5     L5   C5     C5
/      \_s5_/      \_C5_/
s5     s5   s5     w5
 \_s5_/      \_w5_/
      w5     w5
       \_w5_/

User-requested solution limit reached.
10 solutions, 2,962,074 searches, duration 0:00:10.527185
