solving OneSidedPolytwigs12345Butterfly12x2:

solution 1:
00,2,0 00,2,1 00,3,0 00,3,2 01,2,1 C5
01,3,0 01,3,2 02,2,1 C3
02,3,0 02,3,2 03,2,1 03,2,2 C4
03,3,2 I1
01,0,0 01,0,1 L2
10,3,0 11,2,1 11,2,2 11,3,0 11,3,2 H5
11,2,0 12,1,1 12,1,2 12,2,1 12,2,2 T5
12,0,0 12,0,2 12,1,0 13,0,1 13,0,2 P5
10,2,0 10,2,1 11,1,0 11,1,1 12,0,1 I5
09,3,0 09,3,2 10,3,2 S3
10,0,0 10,0,1 11,0,0 11,0,2 P4
08,1,0 08,1,2 09,0,0 09,0,1 10,0,2 S5
07,1,0 07,1,1 08,0,0 08,0,1 09,0,2 W5
06,0,0 07,0,0 07,0,2 08,0,2 W4
10,1,0 10,1,1 10,2,2 11,0,1 11,1,2 R5
09,1,0 09,1,1 09,1,2 09,2,2 10,1,2 Y5
07,3,0 08,3,0 08,3,2 09,2,0 09,2,1 U5
07,2,0 08,1,1 08,2,0 08,2,1 08,2,2 X5
05,3,0 05,3,2 06,3,0 06,3,2 07,3,2 i5
06,2,0 06,2,1 06,2,2 07,2,1 07,2,2 r5
05,2,0 06,1,0 06,1,1 07,0,1 07,1,2 L5
03,3,0 04,3,0 04,3,2 05,2,1 05,2,2 p5
04,1,0 05,0,0 05,0,1 05,0,2 06,0,2 h5
05,1,0 05,1,2 06,0,1 06,1,2 Y4
04,2,0 04,2,1 04,2,2 05,1,1 y4
03,2,0 04,0,1 04,1,1 04,1,2 p4
03,0,0 04,0,0 04,0,2 s3
01,1,0 01,1,1 01,1,2 Y3
01,2,0 01,2,2 02,2,0 02,2,2 03,1,1 w5
02,0,0 03,0,1 03,0,2 03,1,0 03,1,2 s5
02,0,1 02,0,2 02,1,0 02,1,1 02,1,2 l5

                                                                    _H5_
                                                                   H5   T5
                                                              _H5_/      \
                                                             S3   H5     T5
                                                        _S3_/      \_T5_/
                                                       S3   I5     H5   T5
                                                  _U5_/      \_I5_/      \_P5_
                                                 U5   U5     R5   I5     T5   P5
                                            _U5_/      \_U5_/      \_I5_/      \
                                           i5   X5     Y5   R5     R5   I5     P5
                                      _i5_/      \_X5_/      \_R5_/      \_P5_/
                                     i5   r5     X5   Y5     Y5   R5     P5
                                _i5_/      \_X5_/      \_Y5_/      \_P4_/
                               i5   r5     r5   X5     Y5   P4     P4
                          _p5_/      \_r5_/      \_S5_/      \_P4_/
                         p5   p5     r5   W5     S5   S5     S5
                    _p5_/      \_L5_/      \_W5_/      \_S5_/
                   I1   y4     p5   L5     L5   W5     W5
              _C4_/      \_y4_/      \_L5_/      \_W5_/
             C4   C4     y4   y4     Y4   L5     W4
        _C3_/      \_p4_/      \_Y4_/      \_W4_/
       C3   C3     C4   p4     Y4   Y4     W4
  _C5_/      \_w5_/      \_h5_/      \_W4_/
 C5   C5     w5   w5     p4   h5     h5
/      \_w5_/      \_s5_/      \_h5_/
C5     w5   l5     s5   p4     h5
 \_C5_/      \_l5_/      \_s3_/
      Y3     l5   s5     s3
       \_Y3_/      \_s3_/
       Y3   l5     s5
      /      \_s5_/
      L2     l5
       \_L2_/

solution 2:
00,2,0 00,2,1 00,3,0 00,3,2 01,2,1 C5
01,3,0 01,3,2 02,2,1 C3
02,3,0 02,3,2 03,2,1 03,2,2 C4
03,3,2 I1
01,0,0 01,0,1 L2
10,3,0 11,2,1 11,2,2 11,3,0 11,3,2 H5
11,2,0 12,1,1 12,1,2 12,2,1 12,2,2 T5
12,0,0 12,0,2 12,1,0 13,0,1 13,0,2 P5
10,2,0 10,2,1 11,1,0 11,1,1 12,0,1 I5
09,3,0 09,3,2 10,3,2 S3
10,0,0 10,0,1 11,0,0 11,0,2 P4
08,1,0 08,1,2 09,0,0 09,0,1 10,0,2 S5
07,1,0 07,1,1 08,0,0 08,0,1 09,0,2 W5
06,0,0 07,0,0 07,0,2 08,0,2 W4
10,1,0 10,1,1 10,2,2 11,0,1 11,1,2 R5
09,1,0 09,1,1 09,1,2 09,2,2 10,1,2 Y5
07,3,0 08,3,0 08,3,2 09,2,0 09,2,1 U5
07,2,0 08,1,1 08,2,0 08,2,1 08,2,2 X5
05,3,0 05,3,2 06,3,0 06,3,2 07,3,2 i5
06,2,0 06,2,1 06,2,2 07,2,1 07,2,2 r5
05,2,0 06,1,0 06,1,1 07,0,1 07,1,2 L5
03,3,0 04,3,0 04,3,2 05,2,1 05,2,2 p5
05,0,0 05,0,2 06,0,1 06,0,2 p4
05,0,1 05,1,0 05,1,1 05,1,2 06,1,2 h5
01,2,0 01,2,2 02,2,0 02,2,2 03,1,1 w5
01,1,0 01,1,1 01,1,2 Y3
03,2,0 04,2,0 04,2,1 04,2,2 y4
04,0,1 04,1,0 04,1,1 04,1,2 Y4
02,0,0 03,0,1 03,0,2 03,1,0 03,1,2 s5
02,0,1 02,0,2 02,1,0 02,1,1 02,1,2 l5
03,0,0 04,0,0 04,0,2 s3

                                                                    _H5_
                                                                   H5   T5
                                                              _H5_/      \
                                                             S3   H5     T5
                                                        _S3_/      \_T5_/
                                                       S3   I5     H5   T5
                                                  _U5_/      \_I5_/      \_P5_
                                                 U5   U5     R5   I5     T5   P5
                                            _U5_/      \_U5_/      \_I5_/      \
                                           i5   X5     Y5   R5     R5   I5     P5
                                      _i5_/      \_X5_/      \_R5_/      \_P5_/
                                     i5   r5     X5   Y5     Y5   R5     P5
                                _i5_/      \_X5_/      \_Y5_/      \_P4_/
                               i5   r5     r5   X5     Y5   P4     P4
                          _p5_/      \_r5_/      \_S5_/      \_P4_/
                         p5   p5     r5   W5     S5   S5     S5
                    _p5_/      \_L5_/      \_W5_/      \_S5_/
                   I1   y4     p5   L5     L5   W5     W5
              _C4_/      \_y4_/      \_L5_/      \_W5_/
             C4   C4     y4   h5     h5   L5     W4
        _C3_/      \_y4_/      \_h5_/      \_W4_/
       C3   C3     C4   Y4     h5   p4     W4
  _C5_/      \_w5_/      \_Y4_/      \_W4_/
 C5   C5     w5   w5     Y4   h5     p4
/      \_w5_/      \_s5_/      \_p4_/
C5     w5   l5     s5   Y4     p4
 \_C5_/      \_l5_/      \_s3_/
      Y3     l5   s5     s3
       \_Y3_/      \_s3_/
       Y3   l5     s5
      /      \_s5_/
      L2     l5
       \_L2_/

solution 3:
00,2,0 00,2,1 00,3,0 00,3,2 01,2,1 C5
01,3,0 01,3,2 02,2,1 C3
02,3,0 02,3,2 03,2,1 03,2,2 C4
03,3,2 I1
01,0,0 01,0,1 L2
10,3,0 11,2,1 11,2,2 11,3,0 11,3,2 H5
11,2,0 12,1,1 12,1,2 12,2,1 12,2,2 T5
12,0,0 12,0,2 12,1,0 13,0,1 13,0,2 P5
10,2,0 10,2,1 11,1,0 11,1,1 12,0,1 I5
09,3,0 09,3,2 10,3,2 S3
10,0,0 10,0,1 11,0,0 11,0,2 P4
08,1,0 08,1,2 09,0,0 09,0,1 10,0,2 S5
07,1,0 07,1,1 08,0,0 08,0,1 09,0,2 W5
06,0,0 07,0,0 07,0,2 08,0,2 W4
10,1,0 10,1,1 10,2,2 11,0,1 11,1,2 R5
09,1,0 09,1,1 09,1,2 09,2,2 10,1,2 Y5
07,3,0 08,3,0 08,3,2 09,2,0 09,2,1 U5
07,2,0 08,1,1 08,2,0 08,2,1 08,2,2 X5
06,2,0 06,2,1 07,2,1 07,2,2 07,3,2 p5
05,3,0 06,3,0 06,3,2 s3
01,1,1 01,2,0 01,2,2 02,2,2 p4
01,1,0 01,1,2 02,0,1 02,1,1 02,1,2 h5
02,0,0 02,0,2 03,0,0 03,0,2 04,0,2 i5
02,1,0 02,2,0 03,0,1 03,1,1 03,1,2 r5
04,0,0 05,0,1 05,0,2 05,1,0 05,1,2 s5
05,0,0 06,0,1 06,0,2 06,1,1 06,1,2 w5
06,1,0 07,0,1 07,1,2 Y3
04,2,0 05,1,1 05,2,0 05,2,2 06,2,2 L5
03,3,0 04,3,0 04,3,2 05,2,1 05,3,2 l5
03,2,0 04,1,1 04,2,1 04,2,2 Y4
03,1,0 04,0,1 04,1,0 04,1,2 y4

                                                                    _H5_
                                                                   H5   T5
                                                              _H5_/      \
                                                             S3   H5     T5
                                                        _S3_/      \_T5_/
                                                       S3   I5     H5   T5
                                                  _U5_/      \_I5_/      \_P5_
                                                 U5   U5     R5   I5     T5   P5
                                            _U5_/      \_U5_/      \_I5_/      \
                                           p5   X5     Y5   R5     R5   I5     P5
                                      _s3_/      \_X5_/      \_R5_/      \_P5_/
                                     s3   p5     X5   Y5     Y5   R5     P5
                                _s3_/      \_X5_/      \_Y5_/      \_P4_/
                               l5   p5     p5   X5     Y5   P4     P4
                          _l5_/      \_p5_/      \_S5_/      \_P4_/
                         l5   l5     L5   W5     S5   S5     S5
                    _l5_/      \_L5_/      \_W5_/      \_S5_/
                   I1   Y4     L5   w5     Y3   W5     W5
              _C4_/      \_L5_/      \_Y3_/      \_W5_/
             C4   C4     Y4   L5     w5   Y3     W4
        _C3_/      \_Y4_/      \_s5_/      \_W4_/
       C3   C3     C4   Y4     s5   w5     W4
  _C5_/      \_r5_/      \_y4_/      \_W4_/
 C5   C5     p4   r5     y4   s5     w5
/      \_p4_/      \_y4_/      \_w5_/
C5     p4   h5     r5   y4     s5
 \_C5_/      \_r5_/      \_s5_/
      p4     h5   r5     i5
       \_h5_/      \_i5_/
       h5   h5     i5
      /      \_i5_/
      L2     i5
       \_L2_/

solution 4:
00,2,0 00,2,1 00,3,0 00,3,2 01,2,1 C5
01,3,0 01,3,2 02,2,1 C3
02,3,0 02,3,2 03,2,1 03,2,2 C4
03,3,2 I1
01,0,0 01,0,1 L2
10,3,0 11,2,1 11,2,2 11,3,0 11,3,2 H5
11,2,0 12,1,1 12,1,2 12,2,1 12,2,2 T5
12,0,0 12,0,2 12,1,0 13,0,1 13,0,2 P5
10,2,0 10,2,1 11,1,0 11,1,1 12,0,1 I5
09,3,0 09,3,2 10,3,2 S3
10,0,0 10,0,1 11,0,0 11,0,2 P4
08,1,0 08,1,2 09,0,0 09,0,1 10,0,2 S5
07,1,0 07,1,1 08,0,0 08,0,1 09,0,2 W5
06,0,0 07,0,0 07,0,2 08,0,2 W4
10,1,0 10,1,1 10,2,2 11,0,1 11,1,2 R5
09,1,0 09,1,1 09,1,2 09,2,2 10,1,2 Y5
08,3,0 08,3,2 09,2,0 09,2,1 p4
07,3,0 08,2,0 08,2,1 08,2,2 Y4
06,2,0 06,2,2 07,2,0 07,2,2 08,1,1 w5
06,2,1 06,3,0 06,3,2 07,2,1 07,3,2 r5
04,2,0 05,2,1 05,2,2 05,3,0 05,3,2 s5
03,3,0 04,2,1 04,3,0 04,3,2 y4
05,2,0 06,1,0 06,1,1 07,0,1 07,1,2 L5
01,1,1 01,1,2 01,2,0 01,2,2 02,2,2 U5
02,2,0 03,0,1 03,1,0 03,1,1 03,1,2 h5
01,1,0 02,0,1 02,1,0 02,1,1 02,1,2 X5
02,0,0 02,0,2 03,0,0 03,0,2 04,0,2 i5
03,2,0 04,1,0 04,1,1 04,2,2 05,0,1 l5
04,0,0 04,0,1 04,1,2 05,0,0 05,0,2 p5
05,1,0 05,1,1 05,1,2 Y3
06,0,1 06,0,2 06,1,2 s3

                                                                    _H5_
                                                                   H5   T5
                                                              _H5_/      \
                                                             S3   H5     T5
                                                        _S3_/      \_T5_/
                                                       S3   I5     H5   T5
                                                  _p4_/      \_I5_/      \_P5_
                                                 p4   p4     R5   I5     T5   P5
                                            _Y4_/      \_p4_/      \_I5_/      \
                                           r5   Y4     Y5   R5     R5   I5     P5
                                      _r5_/      \_Y4_/      \_R5_/      \_P5_/
                                     r5   r5     Y4   Y5     Y5   R5     P5
                                _s5_/      \_w5_/      \_Y5_/      \_P4_/
                               s5   r5     w5   w5     Y5   P4     P4
                          _y4_/      \_w5_/      \_S5_/      \_P4_/
                         y4   s5     w5   W5     S5   S5     S5
                    _y4_/      \_L5_/      \_W5_/      \_S5_/
                   I1   y4     s5   L5     L5   W5     W5
              _C4_/      \_s5_/      \_L5_/      \_W5_/
             C4   C4     l5   Y3     s3   L5     W4
        _C3_/      \_l5_/      \_Y3_/      \_W4_/
       C3   C3     C4   l5     Y3   s3     W4
  _C5_/      \_h5_/      \_l5_/      \_W4_/
 C5   C5     U5   h5     p5   l5     s3
/      \_U5_/      \_h5_/      \_p5_/
C5     U5   X5     h5   p5     p5
 \_C5_/      \_X5_/      \_p5_/
      U5     X5   h5     i5
       \_X5_/      \_i5_/
       U5   X5     i5
      /      \_i5_/
      L2     i5
       \_L2_/

solution 5:
00,2,0 00,2,1 00,3,0 00,3,2 01,2,1 C5
01,3,0 01,3,2 02,2,1 C3
02,3,0 02,3,2 03,2,1 03,2,2 C4
03,3,2 I1
01,0,0 01,0,1 L2
10,3,0 11,2,1 11,2,2 11,3,0 11,3,2 H5
11,2,0 12,1,1 12,1,2 12,2,1 12,2,2 T5
12,0,0 12,0,2 12,1,0 13,0,1 13,0,2 P5
10,2,0 10,2,1 11,1,0 11,1,1 12,0,1 I5
09,3,0 09,3,2 10,3,2 S3
10,0,0 10,0,1 11,0,0 11,0,2 P4
08,1,0 08,1,2 09,0,0 09,0,1 10,0,2 S5
07,1,0 07,1,1 08,0,0 08,0,1 09,0,2 W5
06,0,0 07,0,0 07,0,2 08,0,2 W4
10,1,0 10,1,1 10,2,2 11,0,1 11,1,2 R5
09,1,0 09,1,1 09,1,2 09,2,2 10,1,2 Y5
08,3,0 08,3,2 09,2,0 09,2,1 p4
07,3,0 07,3,2 08,2,0 08,2,1 08,2,2 r5
06,2,0 06,2,1 07,2,0 07,2,2 08,1,1 s5
05,3,0 05,3,2 06,3,0 06,3,2 07,2,1 w5
01,1,1 01,1,2 01,2,0 01,2,2 02,2,2 U5
02,2,0 03,1,0 03,1,1 04,0,1 04,1,2 L5
03,0,0 03,0,2 04,0,0 04,0,2 05,0,2 i5
05,0,0 05,0,1 06,0,1 06,0,2 06,1,2 p5
06,1,0 06,1,1 07,0,1 07,1,2 y4
04,1,0 05,1,0 05,1,2 s3
04,3,0 05,2,0 05,2,1 05,2,2 06,2,2 h5
03,3,0 04,2,0 04,2,1 04,3,2 05,1,1 l5
03,2,0 04,1,1 04,2,2 Y3
01,1,0 02,0,0 02,0,1 02,0,2 Y4
02,1,0 02,1,1 02,1,2 03,0,1 03,1,2 X5

                                                                    _H5_
                                                                   H5   T5
                                                              _H5_/      \
                                                             S3   H5     T5
                                                        _S3_/      \_T5_/
                                                       S3   I5     H5   T5
                                                  _p4_/      \_I5_/      \_P5_
                                                 p4   p4     R5   I5     T5   P5
                                            _r5_/      \_p4_/      \_I5_/      \
                                           r5   r5     Y5   R5     R5   I5     P5
                                      _w5_/      \_r5_/      \_R5_/      \_P5_/
                                     w5   w5     r5   Y5     Y5   R5     P5
                                _w5_/      \_s5_/      \_Y5_/      \_P4_/
                               w5   s5     s5   s5     Y5   P4     P4
                          _h5_/      \_s5_/      \_S5_/      \_P4_/
                         l5   h5     h5   W5     S5   S5     S5
                    _l5_/      \_h5_/      \_W5_/      \_S5_/
                   I1   l5     h5   y4     y4   W5     W5
              _C4_/      \_l5_/      \_y4_/      \_W5_/
             C4   C4     Y3   l5     p5   y4     W4
        _C3_/      \_Y3_/      \_s3_/      \_W4_/
       C3   C3     C4   Y3     s3   p5     W4
  _C5_/      \_L5_/      \_s3_/      \_W4_/
 C5   C5     U5   L5     L5   p5     p5
/      \_U5_/      \_L5_/      \_p5_/
C5     U5   X5     X5   L5     i5
 \_C5_/      \_X5_/      \_i5_/
      U5     X5   X5     i5
       \_Y4_/      \_i5_/
       U5   Y4     i5
      /      \_Y4_/
      L2     Y4
       \_L2_/

solution 6:
00,2,0 00,2,1 00,3,0 00,3,2 01,2,1 C5
01,3,0 01,3,2 02,2,1 C3
02,3,0 02,3,2 03,2,1 03,2,2 C4
03,3,2 I1
01,0,0 01,0,1 L2
10,3,0 11,2,1 11,2,2 11,3,0 11,3,2 H5
11,2,0 12,1,1 12,1,2 12,2,1 12,2,2 T5
12,0,0 12,0,2 12,1,0 13,0,1 13,0,2 P5
10,2,0 10,2,1 11,1,0 11,1,1 12,0,1 I5
09,3,0 09,3,2 10,3,2 S3
10,0,0 10,0,1 11,0,0 11,0,2 P4
08,1,0 08,1,2 09,0,0 09,0,1 10,0,2 S5
07,1,0 07,1,1 08,0,0 08,0,1 09,0,2 W5
06,0,0 07,0,0 07,0,2 08,0,2 W4
10,1,0 10,1,1 10,2,2 11,0,1 11,1,2 R5
09,1,0 09,1,1 09,1,2 09,2,2 10,1,2 Y5
08,3,0 08,3,2 09,2,0 09,2,1 p4
07,3,0 07,3,2 08,2,0 08,2,1 08,2,2 r5
06,2,0 06,2,1 07,2,0 07,2,2 08,1,1 s5
05,3,0 05,3,2 06,3,0 06,3,2 07,2,1 w5
01,1,1 01,1,2 01,2,0 01,2,2 02,2,2 U5
02,2,0 03,1,0 03,1,1 03,1,2 Y4
04,3,0 05,2,0 05,2,1 05,2,2 06,2,2 h5
03,3,0 04,2,0 04,2,1 04,3,2 05,1,1 l5
06,1,0 06,1,1 06,1,2 07,0,1 07,1,2 X5
04,1,0 05,1,0 05,1,2 06,0,1 06,0,2 p5
02,0,0 02,0,2 03,0,0 03,0,2 04,0,2 i5
03,2,0 04,0,1 04,1,1 04,1,2 04,2,2 L5
01,1,0 02,0,1 02,1,2 Y3
02,1,0 02,1,1 03,0,1 s3
04,0,0 05,0,0 05,0,1 05,0,2 y4

                                                                    _H5_
                                                                   H5   T5
                                                              _H5_/      \
                                                             S3   H5     T5
                                                        _S3_/      \_T5_/
                                                       S3   I5     H5   T5
                                                  _p4_/      \_I5_/      \_P5_
                                                 p4   p4     R5   I5     T5   P5
                                            _r5_/      \_p4_/      \_I5_/      \
                                           r5   r5     Y5   R5     R5   I5     P5
                                      _w5_/      \_r5_/      \_R5_/      \_P5_/
                                     w5   w5     r5   Y5     Y5   R5     P5
                                _w5_/      \_s5_/      \_Y5_/      \_P4_/
                               w5   s5     s5   s5     Y5   P4     P4
                          _h5_/      \_s5_/      \_S5_/      \_P4_/
                         l5   h5     h5   W5     S5   S5     S5
                    _l5_/      \_h5_/      \_W5_/      \_S5_/
                   I1   l5     h5   X5     X5   W5     W5
              _C4_/      \_l5_/      \_X5_/      \_W5_/
             C4   C4     L5   l5     X5   X5     W4
        _C3_/      \_L5_/      \_p5_/      \_W4_/
       C3   C3     C4   L5     p5   p5     W4
  _C5_/      \_Y4_/      \_p5_/      \_W4_/
 C5   C5     U5   Y4     L5   y4     p5
/      \_U5_/      \_Y4_/      \_y4_/
C5     U5   s3     Y4   L5     y4
 \_C5_/      \_s3_/      \_y4_/
      U5     Y3   s3     i5
       \_Y3_/      \_i5_/
       U5   Y3     i5
      /      \_i5_/
      L2     i5
       \_L2_/

solution 7:
00,2,0 00,2,1 00,3,0 00,3,2 01,2,1 C5
01,3,0 01,3,2 02,2,1 C3
02,3,0 02,3,2 03,2,1 03,2,2 C4
03,3,2 I1
01,0,0 01,0,1 L2
10,3,0 11,2,1 11,2,2 11,3,0 11,3,2 H5
11,2,0 12,1,1 12,1,2 12,2,1 12,2,2 T5
12,0,0 12,0,2 12,1,0 13,0,1 13,0,2 P5
10,2,0 10,2,1 11,1,0 11,1,1 12,0,1 I5
09,3,0 09,3,2 10,3,2 S3
10,0,0 10,0,1 11,0,0 11,0,2 P4
08,1,0 08,1,2 09,0,0 09,0,1 10,0,2 S5
07,1,0 07,1,1 08,0,0 08,0,1 09,0,2 W5
06,0,0 07,0,0 07,0,2 08,0,2 W4
10,1,0 10,1,1 10,2,2 11,0,1 11,1,2 R5
09,1,0 09,1,1 09,1,2 09,2,2 10,1,2 Y5
08,3,0 08,3,2 09,2,0 09,2,1 p4
07,3,0 07,3,2 08,2,0 08,2,1 08,2,2 r5
06,2,0 06,2,1 07,2,0 07,2,2 08,1,1 s5
05,3,0 05,3,2 06,3,0 06,3,2 07,2,1 w5
01,1,1 01,1,2 01,2,0 01,2,2 02,2,2 U5
02,2,0 03,0,1 03,1,0 03,1,1 03,1,2 h5
01,1,0 02,0,1 02,1,0 02,1,1 02,1,2 X5
02,0,0 02,0,2 03,0,0 03,0,2 04,0,2 i5
03,2,0 04,0,1 04,1,1 04,1,2 04,2,2 L5
04,0,0 05,0,0 05,0,1 05,0,2 y4
04,1,0 05,1,0 05,1,2 06,0,1 06,0,2 p5
04,3,0 05,2,0 05,2,1 05,2,2 Y4
06,1,1 06,1,2 06,2,2 s3
03,3,0 04,2,0 04,2,1 04,3,2 05,1,1 l5
06,1,0 07,0,1 07,1,2 Y3

                                                                    _H5_
                                                                   H5   T5
                                                              _H5_/      \
                                                             S3   H5     T5
                                                        _S3_/      \_T5_/
                                                       S3   I5     H5   T5
                                                  _p4_/      \_I5_/      \_P5_
                                                 p4   p4     R5   I5     T5   P5
                                            _r5_/      \_p4_/      \_I5_/      \
                                           r5   r5     Y5   R5     R5   I5     P5
                                      _w5_/      \_r5_/      \_R5_/      \_P5_/
                                     w5   w5     r5   Y5     Y5   R5     P5
                                _w5_/      \_s5_/      \_Y5_/      \_P4_/
                               w5   s5     s5   s5     Y5   P4     P4
                          _Y4_/      \_s5_/      \_S5_/      \_P4_/
                         l5   Y4     s3   W5     S5   S5     S5
                    _l5_/      \_Y4_/      \_W5_/      \_S5_/
                   I1   l5     Y4   s3     Y3   W5     W5
              _C4_/      \_l5_/      \_Y3_/      \_W5_/
             C4   C4     L5   l5     s3   Y3     W4
        _C3_/      \_L5_/      \_p5_/      \_W4_/
       C3   C3     C4   L5     p5   p5     W4
  _C5_/      \_h5_/      \_p5_/      \_W4_/
 C5   C5     U5   h5     L5   y4     p5
/      \_U5_/      \_h5_/      \_y4_/
C5     U5   X5     h5   L5     y4
 \_C5_/      \_X5_/      \_y4_/
      U5     X5   h5     i5
       \_X5_/      \_i5_/
       U5   X5     i5
      /      \_i5_/
      L2     i5
       \_L2_/

solution 8:
00,2,0 00,2,1 00,3,0 00,3,2 01,2,1 C5
01,3,0 01,3,2 02,2,1 C3
02,3,0 02,3,2 03,2,1 03,2,2 C4
03,3,2 I1
01,0,0 01,0,1 L2
10,3,0 11,2,1 11,2,2 11,3,0 11,3,2 H5
11,2,0 12,1,1 12,1,2 12,2,1 12,2,2 T5
12,0,0 12,0,2 12,1,0 13,0,1 13,0,2 P5
10,2,0 10,2,1 11,1,0 11,1,1 12,0,1 I5
09,3,0 09,3,2 10,3,2 S3
10,0,0 10,0,1 11,0,0 11,0,2 P4
08,1,0 08,1,2 09,0,0 09,0,1 10,0,2 S5
07,1,0 07,1,1 08,0,0 08,0,1 09,0,2 W5
06,0,0 07,0,0 07,0,2 08,0,2 W4
10,1,0 10,1,1 10,2,2 11,0,1 11,1,2 R5
09,1,0 09,1,1 09,1,2 09,2,2 10,1,2 Y5
08,3,0 08,3,2 09,2,0 09,2,1 p4
07,3,0 07,3,2 08,2,0 08,2,1 08,2,2 r5
06,2,0 06,2,1 07,2,0 07,2,2 08,1,1 s5
05,3,0 05,3,2 06,3,0 06,3,2 07,2,1 w5
01,1,1 01,1,2 01,2,0 01,2,2 02,2,2 U5
02,2,0 03,0,1 03,1,0 03,1,1 03,1,2 h5
01,1,0 02,0,1 02,1,0 02,1,1 02,1,2 X5
02,0,0 02,0,2 03,0,0 03,0,2 04,0,2 i5
04,0,0 04,0,1 04,1,2 05,0,0 05,0,2 p5
06,0,1 06,0,2 06,1,2 s3
04,3,0 05,2,0 05,2,1 06,1,1 06,2,2 L5
06,1,0 07,0,1 07,1,2 Y3
03,3,0 04,2,0 04,2,1 04,3,2 Y4
03,2,0 04,1,0 04,1,1 04,2,2 05,0,1 l5
05,1,0 05,1,1 05,1,2 05,2,2 y4

                                                                    _H5_
                                                                   H5   T5
                                                              _H5_/      \
                                                             S3   H5     T5
                                                        _S3_/      \_T5_/
                                                       S3   I5     H5   T5
                                                  _p4_/      \_I5_/      \_P5_
                                                 p4   p4     R5   I5     T5   P5
                                            _r5_/      \_p4_/      \_I5_/      \
                                           r5   r5     Y5   R5     R5   I5     P5
                                      _w5_/      \_r5_/      \_R5_/      \_P5_/
                                     w5   w5     r5   Y5     Y5   R5     P5
                                _w5_/      \_s5_/      \_Y5_/      \_P4_/
                               w5   s5     s5   s5     Y5   P4     P4
                          _L5_/      \_s5_/      \_S5_/      \_P4_/
                         Y4   L5     L5   W5     S5   S5     S5
                    _Y4_/      \_L5_/      \_W5_/      \_S5_/
                   I1   Y4     y4   L5     Y3   W5     W5
              _C4_/      \_Y4_/      \_Y3_/      \_W5_/
             C4   C4     l5   y4     s3   Y3     W4
        _C3_/      \_l5_/      \_y4_/      \_W4_/
       C3   C3     C4   l5     y4   s3     W4
  _C5_/      \_h5_/      \_l5_/      \_W4_/
 C5   C5     U5   h5     p5   l5     s3
/      \_U5_/      \_h5_/      \_p5_/
C5     U5   X5     h5   p5     p5
 \_C5_/      \_X5_/      \_p5_/
      U5     X5   h5     i5
       \_X5_/      \_i5_/
       U5   X5     i5
      /      \_i5_/
      L2     i5
       \_L2_/

solution 9:
00,2,0 00,2,1 00,3,0 00,3,2 01,2,1 C5
01,3,0 01,3,2 02,2,1 C3
02,3,0 02,3,2 03,2,1 03,2,2 C4
03,3,2 I1
01,0,0 01,0,1 L2
10,3,0 11,2,1 11,2,2 11,3,0 11,3,2 H5
11,2,0 12,1,1 12,1,2 12,2,1 12,2,2 T5
12,0,0 12,0,2 12,1,0 13,0,1 13,0,2 P5
10,2,0 10,2,1 11,1,0 11,1,1 12,0,1 I5
09,3,0 09,3,2 10,3,2 S3
10,0,0 10,0,1 11,0,0 11,0,2 P4
08,1,0 08,1,2 09,0,0 09,0,1 10,0,2 S5
07,1,0 07,1,1 08,0,0 08,0,1 09,0,2 W5
06,0,0 07,0,0 07,0,2 08,0,2 W4
10,1,0 10,1,1 10,2,2 11,0,1 11,1,2 R5
09,1,0 09,1,1 09,1,2 09,2,2 10,1,2 Y5
08,3,0 08,3,2 09,2,0 09,2,1 p4
07,3,0 07,3,2 08,2,0 08,2,1 08,2,2 r5
06,2,0 06,2,1 07,2,0 07,2,2 08,1,1 s5
05,3,0 05,3,2 06,3,0 06,3,2 07,2,1 w5
01,1,1 01,1,2 01,2,0 01,2,2 02,2,2 U5
02,2,0 03,0,1 03,1,0 03,1,1 03,1,2 h5
01,1,0 02,0,1 02,1,0 02,1,1 02,1,2 X5
02,0,0 02,0,2 03,0,0 03,0,2 04,0,2 i5
04,0,0 04,0,1 04,1,2 05,0,0 05,0,2 p5
05,1,0 06,0,1 06,0,2 06,1,2 y4
06,1,0 07,0,1 07,1,2 Y3
04,3,0 05,2,0 05,2,1 06,1,1 06,2,2 L5
03,3,0 04,2,0 04,2,1 04,3,2 Y4
03,2,0 04,1,0 04,1,1 04,2,2 05,0,1 l5
05,1,1 05,1,2 05,2,2 s3

                                                                    _H5_
                                                                   H5   T5
                                                              _H5_/      \
                                                             S3   H5     T5
                                                        _S3_/      \_T5_/
                                                       S3   I5     H5   T5
                                                  _p4_/      \_I5_/      \_P5_
                                                 p4   p4     R5   I5     T5   P5
                                            _r5_/      \_p4_/      \_I5_/      \
                                           r5   r5     Y5   R5     R5   I5     P5
                                      _w5_/      \_r5_/      \_R5_/      \_P5_/
                                     w5   w5     r5   Y5     Y5   R5     P5
                                _w5_/      \_s5_/      \_Y5_/      \_P4_/
                               w5   s5     s5   s5     Y5   P4     P4
                          _L5_/      \_s5_/      \_S5_/      \_P4_/
                         Y4   L5     L5   W5     S5   S5     S5
                    _Y4_/      \_L5_/      \_W5_/      \_S5_/
                   I1   Y4     s3   L5     Y3   W5     W5
              _C4_/      \_Y4_/      \_Y3_/      \_W5_/
             C4   C4     l5   s3     y4   Y3     W4
        _C3_/      \_l5_/      \_y4_/      \_W4_/
       C3   C3     C4   l5     s3   y4     W4
  _C5_/      \_h5_/      \_l5_/      \_W4_/
 C5   C5     U5   h5     p5   l5     y4
/      \_U5_/      \_h5_/      \_p5_/
C5     U5   X5     h5   p5     p5
 \_C5_/      \_X5_/      \_p5_/
      U5     X5   h5     i5
       \_X5_/      \_i5_/
       U5   X5     i5
      /      \_i5_/
      L2     i5
       \_L2_/

solution 10:
00,2,0 00,2,1 00,3,0 00,3,2 01,2,1 C5
01,3,0 01,3,2 02,2,1 C3
02,3,0 02,3,2 03,2,1 03,2,2 C4
03,3,2 I1
01,0,0 01,0,1 L2
10,3,0 11,2,1 11,2,2 11,3,0 11,3,2 H5
11,2,0 12,1,1 12,1,2 12,2,1 12,2,2 T5
12,0,0 12,0,2 12,1,0 13,0,1 13,0,2 P5
10,2,0 10,2,1 11,1,0 11,1,1 12,0,1 I5
09,3,0 09,3,2 10,3,2 S3
10,0,0 10,0,1 11,0,0 11,0,2 P4
08,1,0 08,1,2 09,0,0 09,0,1 10,0,2 S5
07,1,0 07,1,1 08,0,0 08,0,1 09,0,2 W5
06,0,0 07,0,0 07,0,2 08,0,2 W4
10,1,0 10,1,1 10,2,2 11,0,1 11,1,2 R5
09,1,0 09,1,1 09,1,2 09,2,2 10,1,2 Y5
08,3,0 08,3,2 09,2,0 09,2,1 p4
07,3,0 07,3,2 08,2,0 08,2,1 08,2,2 r5
06,2,0 06,2,1 07,2,0 07,2,2 08,1,1 s5
05,3,0 05,3,2 06,3,0 06,3,2 07,2,1 w5
01,1,1 01,1,2 01,2,2 s3
06,1,0 06,1,1 06,1,2 07,0,1 07,1,2 X5
04,1,0 05,1,0 05,1,2 06,0,1 06,0,2 p5
04,0,0 05,0,0 05,0,1 05,0,2 y4
02,0,0 02,0,2 03,0,0 03,0,2 04,0,2 i5
04,3,0 05,2,0 05,2,1 05,2,2 06,2,2 h5
03,3,0 04,2,0 04,2,1 04,3,2 05,1,1 l5
03,2,0 04,0,1 04,1,1 04,1,2 04,2,2 L5
01,1,0 02,0,1 02,1,1 02,1,2 Y4
01,2,0 02,2,0 02,2,2 03,1,0 03,1,1 U5
02,1,0 03,0,1 03,1,2 Y3

                                                                    _H5_
                                                                   H5   T5
                                                              _H5_/      \
                                                             S3   H5     T5
                                                        _S3_/      \_T5_/
                                                       S3   I5     H5   T5
                                                  _p4_/      \_I5_/      \_P5_
                                                 p4   p4     R5   I5     T5   P5
                                            _r5_/      \_p4_/      \_I5_/      \
                                           r5   r5     Y5   R5     R5   I5     P5
                                      _w5_/      \_r5_/      \_R5_/      \_P5_/
                                     w5   w5     r5   Y5     Y5   R5     P5
                                _w5_/      \_s5_/      \_Y5_/      \_P4_/
                               w5   s5     s5   s5     Y5   P4     P4
                          _h5_/      \_s5_/      \_S5_/      \_P4_/
                         l5   h5     h5   W5     S5   S5     S5
                    _l5_/      \_h5_/      \_W5_/      \_S5_/
                   I1   l5     h5   X5     X5   W5     W5
              _C4_/      \_l5_/      \_X5_/      \_W5_/
             C4   C4     L5   l5     X5   X5     W4
        _C3_/      \_L5_/      \_p5_/      \_W4_/
       C3   C3     C4   L5     p5   p5     W4
  _C5_/      \_U5_/      \_p5_/      \_W4_/
 C5   C5     U5   U5     L5   y4     p5
/      \_U5_/      \_U5_/      \_y4_/
C5     s3   Y4     Y3   L5     y4
 \_C5_/      \_Y3_/      \_y4_/
      s3     Y4   Y3     i5
       \_Y4_/      \_i5_/
       s3   Y4     i5
      /      \_i5_/
      L2     i5
       \_L2_/

...

solution 124:
00,2,0 00,2,1 00,3,0 00,3,2 01,2,1 C5
01,3,0 01,3,2 02,2,1 C3
02,3,0 02,3,2 03,2,1 03,2,2 C4
03,3,2 I1
01,0,0 01,0,1 L2
10,3,0 11,2,1 11,2,2 11,3,0 11,3,2 H5
11,2,0 12,1,1 12,1,2 12,2,1 12,2,2 T5
12,0,0 12,0,2 12,1,0 13,0,1 13,0,2 P5
10,2,0 10,2,1 11,1,0 11,1,1 12,0,1 I5
09,3,0 09,3,2 10,3,2 S3
10,0,0 10,0,1 11,0,0 11,0,2 P4
08,1,0 08,1,2 09,0,0 09,0,1 10,0,2 S5
07,1,0 07,1,1 08,0,0 08,0,1 09,0,2 W5
06,0,0 06,0,2 07,0,0 07,0,2 08,0,2 i5
10,1,0 10,1,2 11,0,1 11,1,2 Y4
08,3,0 09,2,0 09,2,1 10,1,1 10,2,2 L5
08,2,0 09,1,0 09,1,1 09,1,2 09,2,2 X5
06,0,1 06,1,0 06,1,2 07,0,1 07,1,2 r5
07,2,0 08,1,1 08,2,1 08,2,2 08,3,2 l5
06,2,0 07,2,1 07,2,2 07,3,0 07,3,2 s5
05,3,0 05,3,2 06,3,0 06,3,2 W4
05,2,0 05,2,2 06,1,1 06,2,1 06,2,2 h5
03,3,0 04,2,1 04,3,0 04,3,2 05,2,1 R5
02,0,0 02,0,2 03,0,1 03,0,2 03,1,2 U5
03,0,0 04,0,1 04,0,2 04,1,1 04,1,2 w5
02,2,0 02,2,2 03,1,0 03,1,1 p4
03,2,0 04,2,0 04,2,2 s3
04,0,0 04,1,0 05,0,0 05,0,1 05,0,2 Y5
05,1,0 05,1,1 05,1,2 Y3
01,1,1 01,1,2 01,2,0 01,2,2 02,1,1 p5
01,1,0 02,0,1 02,1,0 02,1,2 y4

                                                                    _H5_
                                                                   H5   T5
                                                              _H5_/      \
                                                             S3   H5     T5
                                                        _S3_/      \_T5_/
                                                       S3   I5     H5   T5
                                                  _L5_/      \_I5_/      \_P5_
                                                 l5   L5     L5   I5     T5   P5
                                            _s5_/      \_L5_/      \_I5_/      \
                                           s5   l5     X5   L5     Y4   I5     P5
                                      _W4_/      \_X5_/      \_Y4_/      \_P5_/
                                     W4   s5     l5   X5     Y4   Y4     P5
                                _W4_/      \_l5_/      \_X5_/      \_P4_/
                               W4   h5     s5   l5     X5   P4     P4
                          _R5_/      \_s5_/      \_S5_/      \_P4_/
                         R5   R5     h5   W5     S5   S5     S5
                    _R5_/      \_h5_/      \_W5_/      \_S5_/
                   I1   R5     h5   h5     r5   W5     W5
              _C4_/      \_s3_/      \_r5_/      \_W5_/
             C4   C4     s3   Y3     r5   r5     i5
        _C3_/      \_s3_/      \_Y3_/      \_i5_/
       C3   C3     C4   w5     Y3   r5     i5
  _C5_/      \_p4_/      \_Y5_/      \_i5_/
 C5   C5     p4   p4     w5   Y5     i5
/      \_p5_/      \_p4_/      \_Y5_/
C5     p5   p5     U5   w5     Y5
 \_C5_/      \_y4_/      \_Y5_/
      p5     y4   U5     w5
       \_y4_/      \_w5_/
       p5   y4     U5
      /      \_U5_/
      L2     U5
       \_L2_/

Session interrupted by user.
124 solutions, 3032219 searches, duration 1:38:13.251037
