solving NonConvexPentacubesZigZag2:

solution 1:
16,01,0 17,00,0 17,01,0 17,02,0 18,01,0 X
17,00,1 18,00,0 18,00,1 19,00,0 19,00,1 P
15,02,1 16,00,0 16,00,1 16,01,1 16,02,1 J1
16,03,1 17,01,1 17,02,1 17,03,1 18,01,1 Z
15,03,0 15,04,0 16,02,0 16,03,0 17,03,0 F
14,02,0 14,02,1 14,03,1 15,02,0 15,03,1 A
14,03,0 14,04,0 14,04,1 14,05,0 15,05,0 J2
12,05,1 13,05,1 14,05,1 15,04,1 15,05,1 L
12,04,0 12,04,1 12,05,0 12,06,0 13,04,1 J4
13,04,0 13,05,0 13,06,0 13,06,1 13,07,1 N
11,06,0 11,07,0 12,07,0 12,07,1 13,07,0 L2
10,06,0 10,06,1 10,07,1 11,06,1 12,06,1 L3
10,09,0 11,07,1 11,08,1 11,09,0 11,09,1 L4
10,07,0 10,08,0 10,08,1 10,09,1 11,08,0 S2
00,17,0 01,16,0 01,17,0 02,15,0 02,16,0 W
00,17,1 01,17,1 02,17,0 02,17,1 03,17,1 Y
01,16,1 02,14,1 02,15,1 02,16,1 03,16,1 T
03,15,0 03,16,0 03,17,0 04,15,0 05,15,0 V
02,14,0 03,14,0 03,14,1 03,15,1 04,15,1 V1
04,13,0 04,14,0 04,14,1 05,14,1 05,15,1 V2
04,13,1 05,13,0 05,13,1 05,14,0 06,13,1 T2
04,12,0 04,12,1 05,12,1 06,11,1 06,12,1 L1
05,12,0 06,12,0 06,13,0 07,13,0 07,13,1 S1
06,10,1 07,10,0 07,10,1 07,11,1 08,11,1 N2
06,10,0 06,11,0 07,11,0 07,12,0 07,12,1 N1
08,09,0 08,10,0 08,10,1 08,11,0 09,10,0 T1
09,09,0 09,09,1 09,10,1 09,11,0 09,11,1 U
08,08,0 08,08,1 08,09,1 09,08,0 09,08,1 Q

W  W  Y  V                                                      Y  Y  Y  Y
   W  W  V                                                         T  T  T
      W  V  V  V                                                      T  V1 V1 V2
      V1 V1 V2 T2                                                     T  V1 V2 V2
            V2 T2 S1 S1                                                     T2 T2 T2 S1
            L1 S1 S1 N1                                                     L1 L1 L1 N1
                  N1 N1 T1 U                                                      L1 N2 N2 U
                  N1 N2 T1 T1                                                     N2 N2 T1 U
                        T1 U  L4 L4                                                     Q  U  S2 L4
                        Q  Q  S2 S2                                                     Q  Q  S2 L4
                              S2 L2 L2 L2                                                     L3 L4 L2 N
                              L3 L2 J4 N                                                      L3 L3 L3 N
                                    J4 N  J2 J2                                                     L  L  L  L
                                    J4 N  J2 F                                                      J4 J4 J2 L
                                          J2 F  F  F                                                      A  A  Z  Z
                                          A  A  F  X                                                      A  J1 J1 Z
                                                X  X  X                                                         J1 Z  Z
                                                J1 X  P  P                                                      J1 P  P  P

solution 2:
16,01,0 17,00,0 17,01,0 17,02,0 18,01,0 X
17,00,1 18,00,0 18,00,1 19,00,0 19,00,1 P
15,02,1 16,00,0 16,00,1 16,01,1 16,02,1 J1
16,03,1 17,01,1 17,02,1 17,03,1 18,01,1 Z
15,03,0 15,04,0 16,02,0 16,03,0 17,03,0 F
14,02,0 14,02,1 14,03,1 15,02,0 15,03,1 A
14,03,0 14,04,0 14,04,1 14,05,0 15,05,0 J2
12,05,1 13,05,1 14,05,1 15,04,1 15,05,1 L
12,04,0 12,04,1 12,05,0 12,06,0 13,04,1 J4
13,04,0 13,05,0 13,06,0 13,06,1 13,07,1 N
11,06,0 11,07,0 12,07,0 12,07,1 13,07,0 L2
10,06,0 10,06,1 10,07,1 11,06,1 12,06,1 L3
10,09,0 11,07,1 11,08,1 11,09,0 11,09,1 L4
10,07,0 10,08,0 10,08,1 10,09,1 11,08,0 S2
00,17,0 01,16,0 01,17,0 02,15,0 02,16,0 W
00,17,1 01,17,1 02,17,0 02,17,1 03,17,1 Y
01,16,1 02,14,1 02,15,1 02,16,1 03,16,1 T
03,15,0 03,16,0 03,17,0 04,15,0 05,15,0 V
02,14,0 03,14,0 03,14,1 03,15,1 04,15,1 V1
04,13,0 04,14,0 04,14,1 05,14,1 05,15,1 V2
04,13,1 05,13,0 05,13,1 05,14,0 06,13,1 T2
04,12,0 04,12,1 05,12,1 06,11,1 06,12,1 L1
05,12,0 06,12,0 06,13,0 07,13,0 07,13,1 S1
06,10,1 07,10,0 07,10,1 07,11,1 08,11,1 N2
06,10,0 06,11,0 07,11,0 07,12,0 07,12,1 N1
08,10,1 09,09,1 09,10,0 09,10,1 09,11,1 T1
08,09,0 08,10,0 08,11,0 09,09,0 09,11,0 U
08,08,0 08,08,1 08,09,1 09,08,0 09,08,1 Q

W  W  Y  V                                                      Y  Y  Y  Y
   W  W  V                                                         T  T  T
      W  V  V  V                                                      T  V1 V1 V2
      V1 V1 V2 T2                                                     T  V1 V2 V2
            V2 T2 S1 S1                                                     T2 T2 T2 S1
            L1 S1 S1 N1                                                     L1 L1 L1 N1
                  N1 N1 U  U                                                      L1 N2 N2 T1
                  N1 N2 U  T1                                                     N2 N2 T1 T1
                        U  U  L4 L4                                                     Q  T1 S2 L4
                        Q  Q  S2 S2                                                     Q  Q  S2 L4
                              S2 L2 L2 L2                                                     L3 L4 L2 N
                              L3 L2 J4 N                                                      L3 L3 L3 N
                                    J4 N  J2 J2                                                     L  L  L  L
                                    J4 N  J2 F                                                      J4 J4 J2 L
                                          J2 F  F  F                                                      A  A  Z  Z
                                          A  A  F  X                                                      A  J1 J1 Z
                                                X  X  X                                                         J1 Z  Z
                                                J1 X  P  P                                                      J1 P  P  P

solution 3:
16,01,0 17,00,0 17,01,0 17,02,0 18,01,0 X
17,00,1 18,00,0 18,00,1 19,00,0 19,00,1 P
15,02,1 16,00,0 16,00,1 16,01,1 16,02,1 J1
16,03,1 17,01,1 17,02,1 17,03,1 18,01,1 Z
15,03,0 15,04,0 16,02,0 16,03,0 17,03,0 F
14,02,0 14,02,1 14,03,1 15,02,0 15,03,1 A
14,03,0 14,04,0 14,04,1 14,05,0 15,05,0 J2
12,05,1 13,05,1 14,05,1 15,04,1 15,05,1 L
12,04,0 12,04,1 12,05,0 12,06,0 13,04,1 J4
13,04,0 13,05,0 13,06,0 13,06,1 13,07,1 N
11,06,0 11,07,0 12,07,0 12,07,1 13,07,0 L2
10,06,0 10,06,1 10,07,1 11,06,1 12,06,1 L3
10,09,0 11,07,1 11,08,1 11,09,0 11,09,1 L4
10,07,0 10,08,0 10,08,1 10,09,1 11,08,0 S2
00,17,0 01,17,0 02,17,0 02,17,1 03,17,0 Y
00,17,1 01,16,1 01,17,1 02,15,1 02,16,1 W
01,16,0 02,14,0 02,15,0 02,16,0 03,16,0 T
03,15,1 03,16,1 03,17,1 04,15,1 05,15,1 V
02,14,1 03,14,0 03,14,1 03,15,0 04,15,0 V2
04,13,1 04,14,0 04,14,1 05,14,0 05,15,0 V1
04,13,0 05,13,0 05,13,1 05,14,1 06,13,1 N2
04,12,0 04,12,1 05,12,1 06,11,1 06,12,1 L1
05,12,0 06,12,0 06,13,0 07,13,0 07,13,1 S1
06,10,0 06,10,1 06,11,0 07,11,0 07,12,0 N1
07,10,1 07,11,1 07,12,1 08,11,0 08,11,1 T2
07,10,0 08,09,0 08,10,0 08,10,1 09,10,0 T1
09,09,0 09,09,1 09,10,1 09,11,0 09,11,1 U
08,08,0 08,08,1 08,09,1 09,08,0 09,08,1 Q

Y  Y  Y  Y                                                      W  W  Y  V
   T  T  T                                                         W  W  V
      T  V2 V2 V1                                                     W  V  V  V
      T  V2 V1 V1                                                     V2 V2 V1 N2
            N2 N2 S1 S1                                                     V1 N2 N2 S1
            L1 S1 S1 N1                                                     L1 L1 L1 T2
                  N1 N1 T2 U                                                      L1 T2 T2 U
                  N1 T1 T1 T1                                                     N1 T2 T1 U
                        T1 U  L4 L4                                                     Q  U  S2 L4
                        Q  Q  S2 S2                                                     Q  Q  S2 L4
                              S2 L2 L2 L2                                                     L3 L4 L2 N
                              L3 L2 J4 N                                                      L3 L3 L3 N
                                    J4 N  J2 J2                                                     L  L  L  L
                                    J4 N  J2 F                                                      J4 J4 J2 L
                                          J2 F  F  F                                                      A  A  Z  Z
                                          A  A  F  X                                                      A  J1 J1 Z
                                                X  X  X                                                         J1 Z  Z
                                                J1 X  P  P                                                      J1 P  P  P

solution 4:
16,01,0 17,00,0 17,01,0 17,02,0 18,01,0 X
17,00,1 18,00,0 18,00,1 19,00,0 19,00,1 P
15,02,1 16,00,0 16,00,1 16,01,1 16,02,1 J1
16,03,1 17,01,1 17,02,1 17,03,1 18,01,1 Z
15,03,0 15,04,0 16,02,0 16,03,0 17,03,0 F
14,02,0 14,02,1 14,03,1 15,02,0 15,03,1 A
14,03,0 14,04,0 14,04,1 14,05,0 15,05,0 J2
12,05,1 13,05,1 14,05,1 15,04,1 15,05,1 L
12,04,0 12,04,1 12,05,0 12,06,0 13,04,1 J4
13,04,0 13,05,0 13,06,0 13,06,1 13,07,1 N
11,06,0 11,07,0 12,07,0 12,07,1 13,07,0 L2
10,06,0 10,06,1 10,07,1 11,06,1 12,06,1 L3
10,09,0 11,07,1 11,08,1 11,09,0 11,09,1 L4
10,07,0 10,08,0 10,08,1 10,09,1 11,08,0 S2
00,17,0 01,17,0 02,17,0 02,17,1 03,17,0 Y
00,17,1 01,16,1 01,17,1 02,15,1 02,16,1 W
01,16,0 02,14,0 02,15,0 02,16,0 03,16,0 T
03,15,1 03,16,1 03,17,1 04,15,1 05,15,1 V
02,14,1 03,14,0 03,14,1 03,15,0 04,15,0 V2
04,13,1 04,14,0 04,14,1 05,14,0 05,15,0 V1
04,13,0 05,13,0 05,13,1 05,14,1 06,13,1 N2
04,12,0 04,12,1 05,12,1 06,11,1 06,12,1 L1
05,12,0 06,12,0 06,13,0 07,13,0 07,13,1 S1
06,10,0 06,10,1 07,10,1 07,11,1 08,11,1 N1
06,11,0 07,11,0 07,12,0 07,12,1 08,11,0 T2
07,10,0 08,09,0 08,10,0 08,10,1 09,10,0 T1
09,09,0 09,09,1 09,10,1 09,11,0 09,11,1 U
08,08,0 08,08,1 08,09,1 09,08,0 09,08,1 Q

Y  Y  Y  Y                                                      W  W  Y  V
   T  T  T                                                         W  W  V
      T  V2 V2 V1                                                     W  V  V  V
      T  V2 V1 V1                                                     V2 V2 V1 N2
            N2 N2 S1 S1                                                     V1 N2 N2 S1
            L1 S1 S1 T2                                                     L1 L1 L1 T2
                  T2 T2 T2 U                                                      L1 N1 N1 U
                  N1 T1 T1 T1                                                     N1 N1 T1 U
                        T1 U  L4 L4                                                     Q  U  S2 L4
                        Q  Q  S2 S2                                                     Q  Q  S2 L4
                              S2 L2 L2 L2                                                     L3 L4 L2 N
                              L3 L2 J4 N                                                      L3 L3 L3 N
                                    J4 N  J2 J2                                                     L  L  L  L
                                    J4 N  J2 F                                                      J4 J4 J2 L
                                          J2 F  F  F                                                      A  A  Z  Z
                                          A  A  F  X                                                      A  J1 J1 Z
                                                X  X  X                                                         J1 Z  Z
                                                J1 X  P  P                                                      J1 P  P  P

solution 5:
16,01,0 17,00,0 17,01,0 17,02,0 18,01,0 X
17,00,1 18,00,0 18,00,1 19,00,0 19,00,1 P
15,02,1 16,00,0 16,00,1 16,01,1 16,02,1 J1
16,03,1 17,01,1 17,02,1 17,03,1 18,01,1 Z
15,03,0 15,04,0 16,02,0 16,03,0 17,03,0 F
14,02,0 14,02,1 14,03,1 15,02,0 15,03,1 A
14,03,0 14,04,0 14,04,1 14,05,0 15,05,0 J2
12,05,1 13,05,1 14,05,1 15,04,1 15,05,1 L
12,04,0 12,04,1 12,05,0 12,06,0 13,04,1 J4
13,04,0 13,05,0 13,06,0 13,06,1 13,07,1 N
11,06,0 11,07,0 12,07,0 12,07,1 13,07,0 L2
10,06,0 10,06,1 10,07,1 11,06,1 12,06,1 L3
10,09,0 11,07,1 11,08,1 11,09,0 11,09,1 L4
09,08,0 10,07,0 10,08,0 10,08,1 11,08,0 T1
08,08,0 08,08,1 09,08,1 09,09,1 10,09,1 N1
00,17,0 01,17,0 02,17,0 02,17,1 03,17,0 Y
00,17,1 01,16,1 01,17,1 02,15,1 02,16,1 W
01,16,0 02,14,0 02,15,0 02,16,0 03,16,0 T
03,15,1 03,16,1 03,17,1 04,15,1 05,15,1 V
02,14,1 03,14,0 03,14,1 03,15,0 04,15,0 V2
04,14,1 05,13,0 05,14,0 05,14,1 05,15,0 T2
04,13,0 04,13,1 04,14,0 05,12,1 05,13,1 V1
04,12,0 04,12,1 05,12,0 06,12,0 06,13,0 L1
06,13,1 07,12,0 07,12,1 07,13,0 07,13,1 Q
06,10,0 06,11,0 06,11,1 06,12,1 07,10,0 S1
06,10,1 07,10,1 07,11,0 07,11,1 08,11,1 N2
08,09,0 08,10,0 08,11,0 09,09,0 09,11,0 U
08,09,1 08,10,1 09,10,0 09,10,1 09,11,1 S2

Y  Y  Y  Y                                                      W  W  Y  V
   T  T  T                                                         W  W  V
      T  V2 V2 T2                                                     W  V  V  V
      T  V2 V1 T2                                                     V2 V2 T2 T2
            V1 T2 L1 Q                                                      V1 V1 Q  Q
            L1 L1 L1 Q                                                      L1 V1 S1 Q
                  S1 N2 U  U                                                      S1 N2 N2 S2
                  S1 S1 U  S2                                                     N2 N2 S2 S2
                        U  U  L4 L4                                                     S2 N1 N1 L4
                        N1 T1 T1 T1                                                     N1 N1 T1 L4
                              T1 L2 L2 L2                                                     L3 L4 L2 N
                              L3 L2 J4 N                                                      L3 L3 L3 N
                                    J4 N  J2 J2                                                     L  L  L  L
                                    J4 N  J2 F                                                      J4 J4 J2 L
                                          J2 F  F  F                                                      A  A  Z  Z
                                          A  A  F  X                                                      A  J1 J1 Z
                                                X  X  X                                                         J1 Z  Z
                                                J1 X  P  P                                                      J1 P  P  P

solution 6:
16,01,0 17,00,0 17,01,0 17,02,0 18,01,0 X
17,00,1 18,00,0 18,00,1 19,00,0 19,00,1 P
15,02,1 16,00,0 16,00,1 16,01,1 16,02,1 J1
16,03,1 17,01,1 17,02,1 17,03,1 18,01,1 Z
15,03,0 15,04,0 16,02,0 16,03,0 17,03,0 F
14,02,0 14,02,1 14,03,1 15,02,0 15,03,1 A
14,03,0 14,04,0 14,04,1 14,05,0 15,05,0 J2
12,05,1 13,05,1 14,05,1 15,04,1 15,05,1 L
12,04,0 12,04,1 12,05,0 12,06,0 13,04,1 J4
13,04,0 13,05,0 13,06,0 13,06,1 13,07,1 N
11,06,0 11,07,0 12,07,0 12,07,1 13,07,0 L2
10,06,0 10,06,1 10,07,1 11,06,1 12,06,1 L3
10,09,0 11,07,1 11,08,1 11,09,0 11,09,1 L4
09,08,0 10,07,0 10,08,0 10,08,1 11,08,0 T1
08,08,0 08,08,1 09,08,1 09,09,1 10,09,1 N1
00,17,0 01,17,0 02,17,0 02,17,1 03,17,0 Y
00,17,1 01,16,1 01,17,1 02,15,1 02,16,1 W
01,16,0 02,14,0 02,15,0 02,16,0 03,16,0 T
03,15,1 03,16,1 03,17,1 04,15,1 05,15,1 V
02,14,1 03,14,0 03,14,1 03,15,0 04,15,0 V2
04,14,1 05,13,0 05,14,0 05,14,1 05,15,0 T2
04,13,0 04,13,1 04,14,0 05,12,1 05,13,1 V1
04,12,0 04,12,1 05,12,0 06,12,0 06,13,0 L1
06,13,1 07,12,0 07,12,1 07,13,0 07,13,1 Q
06,10,0 06,11,0 06,11,1 06,12,1 07,10,0 S1
06,10,1 07,10,1 07,11,0 07,11,1 08,11,1 N2
08,09,0 08,11,0 09,09,0 09,10,0 09,11,0 U
08,09,1 08,10,0 08,10,1 09,10,1 09,11,1 S2

Y  Y  Y  Y                                                      W  W  Y  V
   T  T  T                                                         W  W  V
      T  V2 V2 T2                                                     W  V  V  V
      T  V2 V1 T2                                                     V2 V2 T2 T2
            V1 T2 L1 Q                                                      V1 V1 Q  Q
            L1 L1 L1 Q                                                      L1 V1 S1 Q
                  S1 N2 U  U                                                      S1 N2 N2 S2
                  S1 S1 S2 U                                                      N2 N2 S2 S2
                        U  U  L4 L4                                                     S2 N1 N1 L4
                        N1 T1 T1 T1                                                     N1 N1 T1 L4
                              T1 L2 L2 L2                                                     L3 L4 L2 N
                              L3 L2 J4 N                                                      L3 L3 L3 N
                                    J4 N  J2 J2                                                     L  L  L  L
                                    J4 N  J2 F                                                      J4 J4 J2 L
                                          J2 F  F  F                                                      A  A  Z  Z
                                          A  A  F  X                                                      A  J1 J1 Z
                                                X  X  X                                                         J1 Z  Z
                                                J1 X  P  P                                                      J1 P  P  P

solution 7:
16,01,0 17,00,0 17,01,0 17,02,0 18,01,0 X
17,00,1 18,00,0 18,00,1 19,00,0 19,00,1 P
15,02,1 16,00,0 16,00,1 16,01,1 16,02,1 J1
16,03,1 17,01,1 17,02,1 17,03,1 18,01,1 Z
15,03,0 15,04,0 16,02,0 16,03,0 17,03,0 F
14,02,0 14,02,1 14,03,1 15,02,0 15,03,1 A
14,03,0 14,04,0 14,04,1 14,05,0 15,05,0 J2
12,05,1 13,05,1 14,05,1 15,04,1 15,05,1 L
12,04,0 12,04,1 12,05,0 12,06,0 13,04,1 J4
13,04,0 13,05,0 13,06,0 13,06,1 13,07,1 N
11,06,0 11,07,0 12,07,0 12,07,1 13,07,0 L2
10,06,0 10,06,1 10,07,1 11,06,1 12,06,1 L3
10,09,0 11,07,1 11,08,1 11,09,0 11,09,1 L4
09,08,0 10,07,0 10,08,0 10,08,1 11,08,0 T1
08,08,0 08,08,1 09,08,1 09,09,1 10,09,1 N1
00,17,0 01,17,0 02,17,0 02,17,1 03,17,0 Y
00,17,1 01,16,1 01,17,1 02,15,1 02,16,1 W
01,16,0 02,14,0 02,15,0 02,16,0 03,16,0 T
03,15,1 03,16,1 03,17,1 04,15,1 05,15,1 V
02,14,1 03,14,0 03,14,1 03,15,0 04,15,0 V2
04,13,1 04,14,0 04,14,1 05,14,0 05,15,0 V1
04,13,0 05,12,1 05,13,0 05,13,1 05,14,1 T2
04,12,0 04,12,1 05,12,0 06,12,0 06,13,0 L1
06,13,1 07,12,0 07,12,1 07,13,0 07,13,1 Q
06,10,0 06,11,0 06,11,1 06,12,1 07,10,0 S1
06,10,1 07,10,1 07,11,0 07,11,1 08,11,1 N2
08,09,0 08,10,0 08,11,0 09,09,0 09,11,0 U
08,09,1 08,10,1 09,10,0 09,10,1 09,11,1 S2

Y  Y  Y  Y                                                      W  W  Y  V
   T  T  T                                                         W  W  V
      T  V2 V2 V1                                                     W  V  V  V
      T  V2 V1 V1                                                     V2 V2 V1 T2
            T2 T2 L1 Q                                                      V1 T2 Q  Q
            L1 L1 L1 Q                                                      L1 T2 S1 Q
                  S1 N2 U  U                                                      S1 N2 N2 S2
                  S1 S1 U  S2                                                     N2 N2 S2 S2
                        U  U  L4 L4                                                     S2 N1 N1 L4
                        N1 T1 T1 T1                                                     N1 N1 T1 L4
                              T1 L2 L2 L2                                                     L3 L4 L2 N
                              L3 L2 J4 N                                                      L3 L3 L3 N
                                    J4 N  J2 J2                                                     L  L  L  L
                                    J4 N  J2 F                                                      J4 J4 J2 L
                                          J2 F  F  F                                                      A  A  Z  Z
                                          A  A  F  X                                                      A  J1 J1 Z
                                                X  X  X                                                         J1 Z  Z
                                                J1 X  P  P                                                      J1 P  P  P

solution 8:
16,01,0 17,00,0 17,01,0 17,02,0 18,01,0 X
17,00,1 18,00,0 18,00,1 19,00,0 19,00,1 P
15,02,1 16,00,0 16,00,1 16,01,1 16,02,1 J1
16,03,1 17,01,1 17,02,1 17,03,1 18,01,1 Z
15,03,0 15,04,0 16,02,0 16,03,0 17,03,0 F
14,02,0 14,02,1 14,03,1 15,02,0 15,03,1 A
14,03,0 14,04,0 14,04,1 14,05,0 15,05,0 J2
12,05,1 13,05,1 14,05,1 15,04,1 15,05,1 L
12,04,0 12,04,1 12,05,0 12,06,0 13,04,1 J4
13,04,0 13,05,0 13,06,0 13,06,1 13,07,1 N
11,06,0 11,07,0 12,07,0 12,07,1 13,07,0 L2
10,06,0 10,06,1 10,07,1 11,06,1 12,06,1 L3
10,09,0 11,07,1 11,08,1 11,09,0 11,09,1 L4
09,08,0 10,07,0 10,08,0 10,08,1 11,08,0 T1
08,08,0 08,08,1 09,08,1 09,09,1 10,09,1 N1
00,17,0 01,17,0 02,17,0 02,17,1 03,17,0 Y
00,17,1 01,16,1 01,17,1 02,15,1 02,16,1 W
01,16,0 02,14,0 02,15,0 02,16,0 03,16,0 T
03,15,1 03,16,1 03,17,1 04,15,1 05,15,1 V
02,14,1 03,14,0 03,14,1 03,15,0 04,15,0 V2
04,13,1 04,14,0 04,14,1 05,14,0 05,15,0 V1
04,13,0 05,12,1 05,13,0 05,13,1 05,14,1 T2
04,12,0 04,12,1 05,12,0 06,12,0 06,13,0 L1
06,13,1 07,12,0 07,12,1 07,13,0 07,13,1 Q
06,10,0 06,11,0 06,11,1 06,12,1 07,10,0 S1
06,10,1 07,10,1 07,11,0 07,11,1 08,11,1 N2
08,09,0 08,11,0 09,09,0 09,10,0 09,11,0 U
08,09,1 08,10,0 08,10,1 09,10,1 09,11,1 S2

Y  Y  Y  Y                                                      W  W  Y  V
   T  T  T                                                         W  W  V
      T  V2 V2 V1                                                     W  V  V  V
      T  V2 V1 V1                                                     V2 V2 V1 T2
            T2 T2 L1 Q                                                      V1 T2 Q  Q
            L1 L1 L1 Q                                                      L1 T2 S1 Q
                  S1 N2 U  U                                                      S1 N2 N2 S2
                  S1 S1 S2 U                                                      N2 N2 S2 S2
                        U  U  L4 L4                                                     S2 N1 N1 L4
                        N1 T1 T1 T1                                                     N1 N1 T1 L4
                              T1 L2 L2 L2                                                     L3 L4 L2 N
                              L3 L2 J4 N                                                      L3 L3 L3 N
                                    J4 N  J2 J2                                                     L  L  L  L
                                    J4 N  J2 F                                                      J4 J4 J2 L
                                          J2 F  F  F                                                      A  A  Z  Z
                                          A  A  F  X                                                      A  J1 J1 Z
                                                X  X  X                                                         J1 Z  Z
                                                J1 X  P  P                                                      J1 P  P  P

solution 9:
16,01,0 17,00,0 17,01,0 17,02,0 18,01,0 X
17,00,1 18,00,0 18,00,1 19,00,0 19,00,1 P
15,02,1 16,00,0 16,00,1 16,01,1 16,02,1 J1
16,03,1 17,01,1 17,02,1 17,03,1 18,01,1 Z
15,03,0 15,04,0 16,02,0 16,03,0 17,03,0 F
14,02,0 14,02,1 14,03,1 15,02,0 15,03,1 A
14,03,0 14,04,0 14,04,1 14,05,0 15,05,0 J2
12,05,1 13,05,1 14,05,1 15,04,1 15,05,1 L
12,04,0 12,04,1 12,05,0 12,06,0 13,04,1 J4
13,04,0 13,05,0 13,06,0 13,06,1 13,07,1 N
11,06,0 11,07,0 12,07,0 12,07,1 13,07,0 L2
10,06,0 10,06,1 10,07,1 11,06,1 12,06,1 L3
10,09,0 11,07,1 11,08,1 11,09,0 11,09,1 L4
09,08,0 10,07,0 10,08,0 10,08,1 11,08,0 T1
08,09,0 09,08,1 09,09,0 09,09,1 10,09,1 S2
08,08,0 08,08,1 08,09,1 08,10,0 08,10,1 U
08,11,0 09,10,0 09,10,1 09,11,0 09,11,1 Q
00,17,0 01,16,0 01,17,0 02,15,0 02,16,0 W
00,17,1 01,17,1 02,17,0 02,17,1 03,17,1 Y
01,16,1 02,14,1 02,15,1 02,16,1 03,16,1 T
03,15,0 03,16,0 03,17,0 04,15,0 05,15,0 V
02,14,0 03,14,0 03,14,1 03,15,1 04,15,1 V1
04,13,0 04,14,0 04,14,1 05,14,1 05,15,1 V2
04,13,1 05,13,0 05,13,1 05,14,0 06,13,1 T2
04,12,0 04,12,1 05,12,1 06,11,1 06,12,1 L1
05,12,0 06,12,0 06,13,0 07,13,0 07,13,1 S1
06,10,1 07,10,0 07,10,1 07,11,1 08,11,1 N2
06,10,0 06,11,0 07,11,0 07,12,0 07,12,1 N1

W  W  Y  V                                                      Y  Y  Y  Y
   W  W  V                                                         T  T  T
      W  V  V  V                                                      T  V1 V1 V2
      V1 V1 V2 T2                                                     T  V1 V2 V2
            V2 T2 S1 S1                                                     T2 T2 T2 S1
            L1 S1 S1 N1                                                     L1 L1 L1 N1
                  N1 N1 Q  Q                                                      L1 N2 N2 Q
                  N1 N2 U  Q                                                      N2 N2 U  Q
                        S2 S2 L4 L4                                                     U  S2 S2 L4
                        U  T1 T1 T1                                                     U  S2 T1 L4
                              T1 L2 L2 L2                                                     L3 L4 L2 N
                              L3 L2 J4 N                                                      L3 L3 L3 N
                                    J4 N  J2 J2                                                     L  L  L  L
                                    J4 N  J2 F                                                      J4 J4 J2 L
                                          J2 F  F  F                                                      A  A  Z  Z
                                          A  A  F  X                                                      A  J1 J1 Z
                                                X  X  X                                                         J1 Z  Z
                                                J1 X  P  P                                                      J1 P  P  P

solution 10:
16,01,0 17,00,0 17,01,0 17,02,0 18,01,0 X
17,00,1 18,00,0 18,00,1 19,00,0 19,00,1 P
15,02,1 16,00,0 16,00,1 16,01,1 16,02,1 J1
16,03,1 17,01,1 17,02,1 17,03,1 18,01,1 Z
15,03,0 15,04,0 16,02,0 16,03,0 17,03,0 F
14,02,0 14,02,1 14,03,1 15,02,0 15,03,1 A
14,03,0 14,04,0 14,04,1 14,05,0 15,05,0 J2
12,05,1 13,05,1 14,05,1 15,04,1 15,05,1 L
12,04,0 12,04,1 12,05,0 12,06,0 13,04,1 J4
13,04,0 13,05,0 13,06,0 13,06,1 13,07,1 N
11,06,0 11,07,0 12,07,0 12,07,1 13,07,0 L2
10,06,0 10,06,1 10,07,1 11,06,1 12,06,1 L3
10,08,1 11,07,1 11,08,0 11,08,1 11,09,0 S2
10,07,0 10,08,0 10,09,0 10,09,1 11,09,1 L4
00,17,0 01,16,0 01,17,0 02,15,0 02,16,0 W
00,17,1 01,17,1 02,17,0 02,17,1 03,17,1 Y
01,16,1 02,14,1 02,15,1 02,16,1 03,16,1 T
03,15,0 03,16,0 03,17,0 04,15,0 05,15,0 V
02,14,0 03,14,0 03,14,1 03,15,1 04,15,1 V1
04,13,0 04,14,0 04,14,1 05,14,1 05,15,1 V2
04,13,1 05,13,0 05,13,1 05,14,0 06,13,1 T2
04,12,0 04,12,1 05,12,1 06,11,1 06,12,1 L1
05,12,0 06,12,0 06,13,0 07,13,0 07,13,1 S1
06,10,1 07,10,0 07,10,1 07,11,1 08,11,1 N2
06,10,0 06,11,0 07,11,0 07,12,0 07,12,1 N1
08,09,0 08,10,0 08,10,1 08,11,0 09,10,0 T1
09,09,0 09,09,1 09,10,1 09,11,0 09,11,1 U
08,08,0 08,08,1 08,09,1 09,08,0 09,08,1 Q

W  W  Y  V                                                      Y  Y  Y  Y
   W  W  V                                                         T  T  T
      W  V  V  V                                                      T  V1 V1 V2
      V1 V1 V2 T2                                                     T  V1 V2 V2
            V2 T2 S1 S1                                                     T2 T2 T2 S1
            L1 S1 S1 N1                                                     L1 L1 L1 N1
                  N1 N1 T1 U                                                      L1 N2 N2 U
                  N1 N2 T1 T1                                                     N2 N2 T1 U
                        T1 U  L4 S2                                                     Q  U  L4 L4
                        Q  Q  L4 S2                                                     Q  Q  S2 S2
                              L4 L2 L2 L2                                                     L3 S2 L2 N
                              L3 L2 J4 N                                                      L3 L3 L3 N
                                    J4 N  J2 J2                                                     L  L  L  L
                                    J4 N  J2 F                                                      J4 J4 J2 L
                                          J2 F  F  F                                                      A  A  Z  Z
                                          A  A  F  X                                                      A  J1 J1 Z
                                                X  X  X                                                         J1 Z  Z
                                                J1 X  P  P                                                      J1 P  P  P

...

solution 29:
16,01,0 17,00,0 17,01,0 17,02,0 18,01,0 X
17,00,1 18,00,0 18,00,1 19,00,0 19,00,1 P
15,02,1 16,00,0 16,00,1 16,01,1 16,02,1 J1
16,03,1 17,01,1 17,02,1 17,03,1 18,01,1 Z
15,03,0 15,04,0 16,02,0 16,03,0 17,03,0 F
14,02,0 14,02,1 14,03,1 15,02,0 15,03,1 A
14,03,0 14,04,0 14,04,1 14,05,0 15,05,0 J2
12,05,1 13,05,1 14,05,1 15,04,1 15,05,1 L
12,04,0 12,04,1 12,05,0 12,06,0 13,04,1 J4
13,04,0 13,05,0 13,06,0 13,06,1 13,07,1 N
11,07,0 11,07,1 11,08,0 12,07,0 13,07,0 L3
10,06,0 11,06,0 11,06,1 12,06,1 12,07,1 N1
10,06,1 10,07,0 10,07,1 10,08,1 11,08,1 L2
09,08,0 10,08,0 10,09,0 11,09,0 11,09,1 S1
00,17,0 01,17,0 02,17,0 02,17,1 03,17,0 Y
00,17,1 01,16,1 01,17,1 02,15,1 02,16,1 W
01,16,0 02,14,0 02,15,0 02,16,0 03,16,0 T
03,15,1 03,16,1 03,17,1 04,15,1 05,15,1 V
02,14,1 03,14,0 03,14,1 03,15,0 04,15,0 V2
04,13,0 04,14,0 05,14,0 05,14,1 05,15,0 N2
04,12,0 04,12,1 04,13,1 04,14,1 05,12,0 L4
08,09,0 09,08,1 09,09,0 09,09,1 10,09,1 S2
08,08,0 08,08,1 08,09,1 08,10,1 09,10,1 L1
08,11,0 08,11,1 09,10,0 09,11,0 09,11,1 Q
06,10,0 07,10,0 07,10,1 07,11,1 08,10,0 T2
06,10,1 06,11,0 06,11,1 07,11,0 07,12,0 V1
05,13,0 06,12,0 06,13,0 06,13,1 07,13,0 T1
05,12,1 05,13,1 06,12,1 07,12,1 07,13,1 U

Y  Y  Y  Y                                                      W  W  Y  V
   T  T  T                                                         W  W  V
      T  V2 V2 N2                                                     W  V  V  V
      T  V2 N2 N2                                                     V2 V2 L4 N2
            N2 T1 T1 T1                                                     L4 U  T1 U
            L4 L4 T1 V1                                                     L4 U  U  U
                  V1 V1 Q  Q                                                      V1 T2 Q  Q
                  T2 T2 T2 Q                                                      V1 T2 L1 L1
                        S2 S2 S1 S1                                                     L1 S2 S2 S1
                        L1 S1 S1 L3                                                     L1 S2 L2 L2
                              L2 L3 L3 L3                                                     L2 L3 N1 N
                              N1 N1 J4 N                                                      L2 N1 N1 N
                                    J4 N  J2 J2                                                     L  L  L  L
                                    J4 N  J2 F                                                      J4 J4 J2 L
                                          J2 F  F  F                                                      A  A  Z  Z
                                          A  A  F  X                                                      A  J1 J1 Z
                                                X  X  X                                                         J1 Z  Z
                                                J1 X  P  P                                                      J1 P  P  P

Session interrupted by user.
29 solutions, 1322216 searches, duration 0:49:12.288209
