solving PentacubesCastle:

solution 1 (1,208 searches):
0,0,0 0,0,1 0,0,2 0,1,1 1,0,0 J25
0,5,0 0,6,0 0,6,1 0,6,2 1,5,0 J45
5,0,0 6,0,0 6,0,1 6,0,2 6,1,1 L25
5,6,0 6,5,0 6,6,0 6,6,1 6,6,2 L35
6,1,0 6,2,0 6,2,1 6,2,2 6,3,1 F5
4,4,1 4,5,1 5,4,1 6,4,1 6,4,2 J15
5,4,0 5,5,0 5,5,1 6,4,0 6,5,1 A5
3,6,1 4,6,0 4,6,1 4,6,2 5,6,1 X5
2,4,1 2,5,1 2,6,1 2,6,2 3,4,1 L15
1,6,0 1,6,1 2,4,0 2,5,0 2,6,0 L45
3,5,0 3,5,1 3,6,0 4,4,0 4,5,0 S25
2,2,0 2,2,1 2,2,2 2,2,3 2,2,4 I5
0,2,1 0,2,2 0,3,1 1,3,1 1,4,1 N15
0,4,0 0,4,1 0,4,2 0,5,1 1,5,1 T25
0,1,0 0,2,0 0,3,0 1,3,0 1,4,0 N5
1,1,0 1,2,0 2,1,0 3,1,0 4,1,0 L5
1,0,1 1,1,1 1,2,1 2,1,1 3,1,1 T5
2,0,0 2,0,1 2,0,2 3,0,0 3,0,1 P5
4,0,0 4,0,1 4,0,2 4,1,1 5,0,1 T15
4,3,1 4,3,2 5,3,0 5,3,1 6,3,0 W5
3,2,0 3,2,1 3,2,2 3,3,0 3,4,0 V5
2,3,0 2,3,1 2,3,2 2,3,3 2,4,2 Y5
3,3,1 3,3,2 3,4,2 4,4,2 4,4,3 V15
4,2,0 4,3,0 5,1,0 5,1,1 5,2,0 S15
3,2,3 4,2,1 4,2,2 4,2,3 5,2,1 Z5
2,2,5 3,2,4 3,2,5 3,3,4 4,3,4 V25
4,2,4 4,2,5 4,3,5 4,4,4 4,4,5 U5
2,4,3 3,3,3 3,4,3 3,4,4 4,3,3 N25
2,3,4 2,3,5 2,4,4 2,4,5 3,4,5 Q5

J45 L45 L45 S25 X5  L35 L35     J45 L45 L15 X5  X5  X5  L35     J45     L15     X5      L35
J45 J45 L45 S25 S25 A5  L35     T25 T25 L15 S25 J15 A5  A5
T25 N5  L45 V5  S25 A5  A5      T25 N15 L15 L15 J15 J15 J15     T25     Y5  V15 V15     J15             N25 N25 V15                     Q5  N25 U5                      Q5  Q5  U5
N5  N5  Y5  V5  S15 W5  W5      N15 N15 Y5  V15 W5  W5  F5              Y5  V15 W5                      Y5  N25 N25                     Q5  V25 V25                     Q5      U5
N5  L5  I5  V5  S15 S15 F5      N15 T5  I5  V5  Z5  Z5  F5      N15     I5  V5  Z5      F5              I5  Z5  Z5                      I5  V25 U5                      V25 V25 U5
N5  L5  L5  L5  L5  S15 F5      J25 T5  T5  T5  T15 S15 L25
J25 J25 P5  P5  T15 L25 L25     J25 T5  P5  P5  T15 T15 L25     J25     P5      T15     L25

solution 2 (3,546 searches):
0,0,0 0,0,1 0,0,2 0,1,1 1,0,0 J25
0,5,0 0,6,0 0,6,1 0,6,2 1,5,0 J45
5,0,0 6,0,0 6,0,1 6,0,2 6,1,1 L25
5,6,0 6,5,0 6,6,0 6,6,1 6,6,2 L35
6,1,0 6,2,0 6,2,1 6,2,2 6,3,1 F5
4,4,1 4,5,1 5,4,1 6,4,1 6,4,2 J15
5,4,0 5,5,0 5,5,1 6,4,0 6,5,1 A5
3,6,1 4,6,0 4,6,1 4,6,2 5,6,1 X5
2,4,1 2,5,1 2,6,1 2,6,2 3,4,1 L15
1,6,0 1,6,1 2,4,0 2,5,0 2,6,0 L45
3,5,0 3,5,1 3,6,0 4,4,0 4,5,0 S25
2,2,0 2,2,1 2,2,2 2,2,3 2,2,4 I5
0,2,1 0,2,2 0,3,1 1,3,1 1,4,1 N15
0,4,0 0,4,1 0,4,2 0,5,1 1,5,1 T25
0,1,0 0,2,0 0,3,0 1,3,0 1,4,0 N5
1,0,1 1,1,0 1,1,1 1,2,0 1,2,1 P5
2,0,1 2,0,2 2,1,1 3,0,0 3,0,1 N25
2,0,0 2,1,0 3,1,0 4,1,0 5,1,0 L5
4,0,0 4,0,1 4,0,2 4,1,1 5,0,1 T15
4,3,1 4,3,2 5,3,0 5,3,1 6,3,0 W5
4,2,0 4,3,0 5,1,1 5,2,0 5,2,1 V25
3,2,0 3,3,0 3,3,1 3,3,2 3,4,0 T5
2,3,0 2,3,1 2,3,2 2,3,3 2,4,2 Y5
3,1,1 3,2,1 3,2,2 4,2,1 4,2,2 Q5
3,4,2 3,4,3 3,4,4 4,4,2 4,4,4 U5
2,4,3 2,4,4 2,4,5 3,4,5 4,4,5 V5
4,2,5 4,3,3 4,3,4 4,3,5 4,4,3 Z5
2,3,4 3,2,3 3,3,3 3,3,4 4,2,3 V15
2,2,5 2,3,5 3,2,4 3,2,5 4,2,4 S15

J45 L45 L45 S25 X5  L35 L35     J45 L45 L15 X5  X5  X5  L35     J45     L15     X5      L35
J45 J45 L45 S25 S25 A5  L35     T25 T25 L15 S25 J15 A5  A5
T25 N5  L45 T5  S25 A5  A5      T25 N15 L15 L15 J15 J15 J15     T25     Y5  U5  U5      J15             V5  U5  Z5                      V5  U5  U5                      V5  V5  V5
N5  N5  Y5  T5  V25 W5  W5      N15 N15 Y5  T5  W5  W5  F5              Y5  T5  W5                      Y5  V15 Z5                      V15 V15 Z5                      S15     Z5
N5  P5  I5  T5  V25 V25 F5      N15 P5  I5  Q5  Q5  V25 F5      N15     I5  Q5  Q5      F5              I5  V15 V15                     I5  S15 S15                     S15 S15 Z5
N5  P5  L5  L5  L5  L5  F5      J25 P5  N25 Q5  T15 V25 L25
J25 J25 L5  N25 T15 L25 L25     J25 P5  N25 N25 T15 T15 L25     J25     N25     T15     L25

solution 3 (4,398 searches):
0,0,0 0,0,1 0,0,2 0,1,1 1,0,0 J25
0,5,0 0,6,0 0,6,1 0,6,2 1,5,0 J45
5,0,0 6,0,0 6,0,1 6,0,2 6,1,1 L25
5,6,0 6,5,0 6,6,0 6,6,1 6,6,2 L35
6,1,0 6,2,0 6,2,1 6,2,2 6,3,1 F5
4,4,1 4,5,1 5,4,1 6,4,1 6,4,2 J15
5,4,0 5,5,0 5,5,1 6,4,0 6,5,1 A5
3,6,1 4,6,0 4,6,1 4,6,2 5,6,1 X5
2,4,1 2,5,1 2,6,1 2,6,2 3,4,1 L15
1,6,0 1,6,1 2,4,0 2,5,0 2,6,0 L45
3,5,0 3,5,1 3,6,0 4,4,0 4,5,0 S25
2,2,0 2,2,1 2,2,2 2,2,3 2,2,4 I5
0,2,1 0,2,2 0,3,1 1,3,1 1,4,1 N15
0,4,0 0,4,1 0,4,2 0,5,1 1,5,1 T25
0,1,0 0,2,0 0,3,0 1,3,0 1,4,0 N5
1,0,1 1,1,0 1,1,1 1,2,0 1,2,1 P5
2,0,1 2,0,2 2,1,1 3,0,0 3,0,1 N25
2,0,0 2,1,0 3,1,0 3,1,1 4,1,1 S15
4,0,1 4,0,2 5,0,1 5,1,0 5,1,1 V15
3,2,0 4,0,0 4,1,0 4,2,0 5,2,0 T5
3,3,0 3,4,0 4,3,0 5,3,0 6,3,0 L5
2,3,0 2,3,1 2,3,2 2,3,3 2,4,2 Y5
2,2,5 2,3,5 2,4,5 3,4,5 4,4,5 V5
3,2,1 3,3,1 4,2,1 5,2,1 5,3,1 U5
3,2,2 3,2,3 3,3,2 4,3,1 4,3,2 V25
4,2,2 4,2,3 4,3,3 4,4,3 4,4,4 Z5
2,4,3 2,4,4 3,4,2 3,4,3 4,4,2 W5
2,3,4 3,3,3 3,3,4 3,4,4 4,3,4 T15
3,2,4 3,2,5 4,2,4 4,2,5 4,3,5 Q5

J45 L45 L45 S25 X5  L35 L35     J45 L45 L15 X5  X5  X5  L35     J45     L15     X5      L35
J45 J45 L45 S25 S25 A5  L35     T25 T25 L15 S25 J15 A5  A5
T25 N5  L45 L5  S25 A5  A5      T25 N15 L15 L15 J15 J15 J15     T25     Y5  W5  W5      J15             W5  W5  Z5                      W5  T15 Z5                      V5  V5  V5
N5  N5  Y5  L5  L5  L5  L5      N15 N15 Y5  U5  V25 U5  F5              Y5  V25 V25                     Y5  T15 Z5                      T15 T15 T15                     V5      Q5
N5  P5  I5  T5  T5  T5  F5      N15 P5  I5  U5  U5  U5  F5      N15     I5  V25 Z5      F5              I5  V25 Z5                      I5  Q5  Q5                      V5  Q5  Q5
N5  P5  S15 S15 T5  V15 F5      J25 P5  N25 S15 S15 V15 L25
J25 J25 S15 N25 T5  L25 L25     J25 P5  N25 N25 V15 V15 L25     J25     N25     V15     L25

solution 4 (4,400 searches):
0,0,0 0,0,1 0,0,2 0,1,1 1,0,0 J25
0,5,0 0,6,0 0,6,1 0,6,2 1,5,0 J45
5,0,0 6,0,0 6,0,1 6,0,2 6,1,1 L25
5,6,0 6,5,0 6,6,0 6,6,1 6,6,2 L35
6,1,0 6,2,0 6,2,1 6,2,2 6,3,1 F5
4,4,1 4,5,1 5,4,1 6,4,1 6,4,2 J15
5,4,0 5,5,0 5,5,1 6,4,0 6,5,1 A5
3,6,1 4,6,0 4,6,1 4,6,2 5,6,1 X5
2,4,1 2,5,1 2,6,1 2,6,2 3,4,1 L15
1,6,0 1,6,1 2,4,0 2,5,0 2,6,0 L45
3,5,0 3,5,1 3,6,0 4,4,0 4,5,0 S25
2,2,0 2,2,1 2,2,2 2,2,3 2,2,4 I5
0,2,1 0,2,2 0,3,1 1,3,1 1,4,1 N15
0,4,0 0,4,1 0,4,2 0,5,1 1,5,1 T25
0,1,0 0,2,0 0,3,0 1,3,0 1,4,0 N5
1,0,1 1,1,0 1,1,1 1,2,0 1,2,1 P5
2,0,1 2,0,2 2,1,1 3,0,0 3,0,1 N25
2,0,0 2,1,0 3,1,0 3,1,1 4,1,1 S15
4,0,1 4,0,2 5,0,1 5,1,0 5,1,1 V15
3,2,0 4,0,0 4,1,0 4,2,0 5,2,0 T5
3,3,0 3,4,0 4,3,0 5,3,0 6,3,0 L5
2,3,0 2,3,1 2,3,2 2,3,3 2,4,2 Y5
2,2,5 2,3,5 2,4,5 3,4,5 4,4,5 V5
3,2,1 3,3,1 4,2,1 5,2,1 5,3,1 U5
3,2,2 3,2,3 3,3,2 4,3,1 4,3,2 V25
4,2,2 4,2,3 4,3,3 4,4,3 4,4,4 Z5
2,4,3 2,4,4 3,4,2 3,4,3 4,4,2 W5
2,3,4 3,2,4 3,3,3 3,3,4 3,4,4 T15
3,2,5 4,2,4 4,2,5 4,3,4 4,3,5 Q5

J45 L45 L45 S25 X5  L35 L35     J45 L45 L15 X5  X5  X5  L35     J45     L15     X5      L35
J45 J45 L45 S25 S25 A5  L35     T25 T25 L15 S25 J15 A5  A5
T25 N5  L45 L5  S25 A5  A5      T25 N15 L15 L15 J15 J15 J15     T25     Y5  W5  W5      J15             W5  W5  Z5                      W5  T15 Z5                      V5  V5  V5
N5  N5  Y5  L5  L5  L5  L5      N15 N15 Y5  U5  V25 U5  F5              Y5  V25 V25                     Y5  T15 Z5                      T15 T15 Q5                      V5      Q5
N5  P5  I5  T5  T5  T5  F5      N15 P5  I5  U5  U5  U5  F5      N15     I5  V25 Z5      F5              I5  V25 Z5                      I5  T15 Q5                      V5  Q5  Q5
N5  P5  S15 S15 T5  V15 F5      J25 P5  N25 S15 S15 V15 L25
J25 J25 S15 N25 T5  L25 L25     J25 P5  N25 N25 V15 V15 L25     J25     N25     V15     L25

solution 5 (5,152 searches):
0,0,0 0,0,1 0,0,2 0,1,1 1,0,0 J25
0,5,0 0,6,0 0,6,1 0,6,2 1,5,0 J45
5,0,0 6,0,0 6,0,1 6,0,2 6,1,1 L25
5,6,0 6,5,0 6,6,0 6,6,1 6,6,2 L35
6,1,0 6,2,0 6,2,1 6,2,2 6,3,1 F5
4,4,1 4,5,1 5,4,1 6,4,1 6,4,2 J15
5,4,0 5,5,0 5,5,1 6,4,0 6,5,1 A5
3,6,1 4,6,0 4,6,1 4,6,2 5,6,1 X5
2,4,1 2,5,1 2,6,1 2,6,2 3,4,1 L15
1,6,0 1,6,1 2,4,0 2,5,0 2,6,0 L45
3,5,0 3,5,1 3,6,0 4,4,0 4,5,0 S25
2,2,0 2,2,1 2,2,2 2,2,3 2,2,4 I5
0,2,1 0,2,2 0,3,1 1,3,1 1,4,1 N15
0,4,0 0,4,1 0,4,2 0,5,1 1,5,1 T25
0,1,0 0,2,0 0,3,0 1,3,0 1,4,0 N5
1,0,1 1,1,0 1,1,1 1,2,0 1,2,1 P5
2,0,1 2,0,2 2,1,1 3,0,0 3,0,1 N25
2,0,0 2,1,0 3,1,0 3,1,1 4,1,1 S15
4,0,1 4,0,2 5,0,1 5,1,0 5,1,1 V15
3,2,0 4,0,0 4,1,0 4,2,0 5,2,0 T5
4,3,1 4,3,2 5,3,0 5,3,1 6,3,0 W5
3,2,1 3,2,2 3,2,3 4,2,1 5,2,1 V5
2,3,0 3,3,0 3,3,1 3,4,0 4,3,0 T15
2,2,5 2,3,5 2,4,5 3,2,5 3,4,5 U5
4,2,2 4,2,3 4,2,4 4,2,5 4,3,5 L5
3,2,4 3,3,4 4,3,3 4,3,4 4,4,3 V25
2,4,3 2,4,4 3,4,4 4,4,4 4,4,5 Z5
3,3,2 3,3,3 3,4,2 3,4,3 4,4,2 Q5
2,3,1 2,3,2 2,3,3 2,3,4 2,4,2 Y5

J45 L45 L45 S25 X5  L35 L35     J45 L45 L15 X5  X5  X5  L35     J45     L15     X5      L35
J45 J45 L45 S25 S25 A5  L35     T25 T25 L15 S25 J15 A5  A5
T25 N5  L45 T15 S25 A5  A5      T25 N15 L15 L15 J15 J15 J15     T25     Y5  Q5  Q5      J15             Z5  Q5  V25                     Z5  Z5  Z5                      U5  U5  Z5
N5  N5  T15 T15 T15 W5  W5      N15 N15 Y5  T15 W5  W5  F5              Y5  Q5  W5                      Y5  Q5  V25                     Y5  V25 V25                     U5      L5
N5  P5  I5  T5  T5  T5  F5      N15 P5  I5  V5  V5  V5  F5      N15     I5  V5  L5      F5              I5  V5  L5                      I5  V25 L5                      U5  U5  L5
N5  P5  S15 S15 T5  V15 F5      J25 P5  N25 S15 S15 V15 L25
J25 J25 S15 N25 T5  L25 L25     J25 P5  N25 N25 V15 V15 L25     J25     N25     V15     L25

solution 6 (7,819 searches):
0,0,0 0,0,1 0,0,2 0,1,1 1,0,0 J25
0,5,0 0,6,0 0,6,1 0,6,2 1,5,0 J45
5,0,0 6,0,0 6,0,1 6,0,2 6,1,1 L25
5,6,0 6,5,0 6,6,0 6,6,1 6,6,2 L35
6,1,0 6,2,0 6,2,1 6,2,2 6,3,1 F5
4,4,1 4,5,1 5,4,1 6,4,1 6,4,2 J15
5,4,0 5,5,0 5,5,1 6,4,0 6,5,1 A5
3,6,1 4,6,0 4,6,1 4,6,2 5,6,1 X5
2,4,1 2,5,1 2,6,1 2,6,2 3,4,1 L15
1,6,0 1,6,1 2,4,0 2,5,0 2,6,0 L45
3,5,0 3,5,1 3,6,0 4,4,0 4,5,0 S25
2,2,0 2,2,1 2,2,2 2,2,3 2,2,4 I5
0,2,1 0,2,2 0,3,1 1,3,1 1,4,1 N15
0,4,0 0,4,1 0,4,2 0,5,1 1,5,1 T25
0,1,0 0,2,0 0,3,0 1,3,0 1,4,0 N5
1,0,1 1,1,0 1,1,1 1,2,0 1,2,1 P5
2,0,1 2,0,2 2,1,1 3,0,0 3,0,1 N25
2,0,0 2,1,0 3,1,0 4,0,0 4,1,0 U5
3,1,1 3,2,1 4,0,1 4,0,2 4,1,1 S15
4,3,1 5,0,1 5,1,1 5,2,1 5,3,1 L5
4,3,0 5,1,0 5,2,0 5,3,0 6,3,0 T5
2,3,0 3,2,0 3,3,0 3,3,1 3,4,0 T15
4,2,0 4,2,1 4,2,2 4,2,3 4,3,2 Y5
2,3,1 2,3,2 3,2,2 3,2,3 3,3,2 V15
2,2,5 3,2,5 4,2,5 4,3,5 4,4,5 V5
2,4,2 3,4,2 3,4,3 3,4,4 4,4,4 Z5
2,3,4 2,3,5 2,4,4 2,4,5 3,4,5 Q5
4,2,4 4,3,3 4,3,4 4,4,2 4,4,3 W5
2,3,3 2,4,3 3,2,4 3,3,3 3,3,4 V25

J45 L45 L45 S25 X5  L35 L35     J45 L45 L15 X5  X5  X5  L35     J45     L15     X5      L35
J45 J45 L45 S25 S25 A5  L35     T25 T25 L15 S25 J15 A5  A5
T25 N5  L45 T15 S25 A5  A5      T25 N15 L15 L15 J15 J15 J15     T25     Z5  Z5  W5      J15             V25 Z5  W5                      Q5  Z5  Z5                      Q5  Q5  V5
N5  N5  T15 T15 T5  T5  T5      N15 N15 V15 T15 L5  L5  F5              V15 V15 Y5                      V25 V25 W5                      Q5  V25 W5                      Q5      V5
N5  P5  I5  T15 Y5  T5  F5      N15 P5  I5  S15 Y5  L5  F5      N15     I5  V15 Y5      F5              I5  V15 Y5                      I5  V25 W5                      V5  V5  V5
N5  P5  U5  U5  U5  T5  F5      J25 P5  N25 S15 S15 L5  L25
J25 J25 U5  N25 U5  L25 L25     J25 P5  N25 N25 S15 L5  L25     J25     N25     S15     L25

solution 7 (11,762 searches):
0,0,0 0,0,1 0,0,2 0,1,1 1,0,0 J25
0,5,0 0,6,0 0,6,1 0,6,2 1,5,0 J45
5,0,0 6,0,0 6,0,1 6,0,2 6,1,1 L25
5,6,0 6,5,0 6,6,0 6,6,1 6,6,2 L35
6,1,0 6,2,0 6,2,1 6,2,2 6,3,1 F5
4,4,1 4,5,1 5,4,1 6,4,1 6,4,2 J15
5,4,0 5,5,0 5,5,1 6,4,0 6,5,1 A5
3,6,1 4,6,0 4,6,1 4,6,2 5,6,1 X5
2,4,1 2,5,1 2,6,1 2,6,2 3,4,1 L15
1,6,0 1,6,1 2,4,0 2,5,0 2,6,0 L45
3,5,0 3,5,1 3,6,0 4,4,0 4,5,0 S25
2,2,0 2,2,1 2,2,2 2,2,3 2,2,4 I5
0,2,1 0,2,2 0,3,1 1,3,1 1,4,1 N15
0,4,0 0,4,1 0,4,2 0,5,1 1,5,1 T25
0,1,0 0,2,0 0,3,0 1,3,0 1,4,0 N5
1,0,1 1,1,0 1,1,1 1,2,0 1,2,1 P5
2,0,1 2,0,2 2,1,1 3,0,0 3,0,1 N25
2,0,0 2,1,0 3,1,0 4,0,0 4,1,0 U5
4,0,1 4,0,2 4,1,1 4,2,0 4,2,1 Z5
4,3,0 5,1,0 5,2,0 5,3,0 6,3,0 T5
4,3,1 5,0,1 5,1,1 5,2,1 5,3,1 L5
2,3,0 3,2,0 3,3,0 3,3,1 3,4,0 T15
3,1,1 3,2,1 3,2,2 4,2,2 4,3,2 V25
2,3,1 2,3,2 3,3,2 3,3,3 4,3,3 W5
3,2,3 3,2,4 3,3,4 4,3,4 4,3,5 V15
2,2,5 3,2,5 4,2,3 4,2,4 4,2,5 V5
3,4,3 4,4,2 4,4,3 4,4,4 4,4,5 Y5
2,3,3 2,3,4 2,4,2 2,4,3 3,4,2 S15
2,3,5 2,4,4 2,4,5 3,4,4 3,4,5 Q5

J45 L45 L45 S25 X5  L35 L35     J45 L45 L15 X5  X5  X5  L35     J45     L15     X5      L35
J45 J45 L45 S25 S25 A5  L35     T25 T25 L15 S25 J15 A5  A5
T25 N5  L45 T15 S25 A5  A5      T25 N15 L15 L15 J15 J15 J15     T25     S15 S15 Y5      J15             S15 Y5  Y5                      Q5  Q5  Y5                      Q5  Q5  Y5
N5  N5  T15 T15 T5  T5  T5      N15 N15 W5  T15 L5  L5  F5              W5  W5  V25                     S15 W5  W5                      S15 V15 V15                     Q5      V15
N5  P5  I5  T15 Z5  T5  F5      N15 P5  I5  V25 Z5  L5  F5      N15     I5  V25 V25     F5              I5  V15 V5                      I5  V15 V5                      V5  V5  V5
N5  P5  U5  U5  U5  T5  F5      J25 P5  N25 V25 Z5  L5  L25
J25 J25 U5  N25 U5  L25 L25     J25 P5  N25 N25 Z5  L5  L25     J25     N25     Z5      L25

solution 8 (11,782 searches):
0,0,0 0,0,1 0,0,2 0,1,1 1,0,0 J25
0,5,0 0,6,0 0,6,1 0,6,2 1,5,0 J45
5,0,0 6,0,0 6,0,1 6,0,2 6,1,1 L25
5,6,0 6,5,0 6,6,0 6,6,1 6,6,2 L35
6,1,0 6,2,0 6,2,1 6,2,2 6,3,1 F5
4,4,1 4,5,1 5,4,1 6,4,1 6,4,2 J15
5,4,0 5,5,0 5,5,1 6,4,0 6,5,1 A5
3,6,1 4,6,0 4,6,1 4,6,2 5,6,1 X5
2,4,1 2,5,1 2,6,1 2,6,2 3,4,1 L15
1,6,0 1,6,1 2,4,0 2,5,0 2,6,0 L45
3,5,0 3,5,1 3,6,0 4,4,0 4,5,0 S25
2,2,0 2,2,1 2,2,2 2,2,3 2,2,4 I5
0,2,1 0,2,2 0,3,1 1,3,1 1,4,1 N15
0,4,0 0,4,1 0,4,2 0,5,1 1,5,1 T25
0,1,0 0,2,0 0,3,0 1,3,0 1,4,0 N5
1,0,1 1,1,0 1,1,1 1,2,0 1,2,1 P5
2,0,1 2,0,2 2,1,1 3,0,0 3,0,1 N25
2,0,0 2,1,0 3,1,0 4,0,0 4,1,0 U5
4,0,1 4,0,2 4,1,1 4,2,0 4,2,1 Z5
4,3,0 5,1,0 5,2,0 5,3,0 6,3,0 T5
4,3,1 5,0,1 5,1,1 5,2,1 5,3,1 L5
2,3,0 3,2,0 3,3,0 3,3,1 3,4,0 T15
3,1,1 3,2,1 3,2,2 4,2,2 4,3,2 V25
2,3,1 2,3,2 2,3,3 2,3,4 2,4,2 Y5
2,2,5 2,3,5 3,2,4 3,2,5 4,2,4 S15
4,2,5 4,3,5 4,4,3 4,4,4 4,4,5 V5
2,4,5 3,3,4 3,4,4 3,4,5 4,3,4 V15
2,4,3 2,4,4 3,4,2 3,4,3 4,4,2 W5
3,2,3 3,3,2 3,3,3 4,2,3 4,3,3 Q5

J45 L45 L45 S25 X5  L35 L35     J45 L45 L15 X5  X5  X5  L35     J45     L15     X5      L35
J45 J45 L45 S25 S25 A5  L35     T25 T25 L15 S25 J15 A5  A5
T25 N5  L45 T15 S25 A5  A5      T25 N15 L15 L15 J15 J15 J15     T25     Y5  W5  W5      J15             W5  W5  V5                      W5  V15 V5                      V15 V15 V5
N5  N5  T15 T15 T5  T5  T5      N15 N15 Y5  T15 L5  L5  F5              Y5  Q5  V25                     Y5  Q5  Q5                      Y5  V15 V15                     S15     V5
N5  P5  I5  T15 Z5  T5  F5      N15 P5  I5  V25 Z5  L5  F5      N15     I5  V25 V25     F5              I5  Q5  Q5                      I5  S15 S15                     S15 S15 V5
N5  P5  U5  U5  U5  T5  F5      J25 P5  N25 V25 Z5  L5  L25
J25 J25 U5  N25 U5  L25 L25     J25 P5  N25 N25 Z5  L5  L25     J25     N25     Z5      L25

solution 9 (11,900 searches):
0,0,0 0,0,1 0,0,2 0,1,1 1,0,0 J25
0,5,0 0,6,0 0,6,1 0,6,2 1,5,0 J45
5,0,0 6,0,0 6,0,1 6,0,2 6,1,1 L25
5,6,0 6,5,0 6,6,0 6,6,1 6,6,2 L35
6,1,0 6,2,0 6,2,1 6,2,2 6,3,1 F5
4,4,1 4,5,1 5,4,1 6,4,1 6,4,2 J15
5,4,0 5,5,0 5,5,1 6,4,0 6,5,1 A5
3,6,1 4,6,0 4,6,1 4,6,2 5,6,1 X5
2,4,1 2,5,1 2,6,1 2,6,2 3,4,1 L15
1,6,0 1,6,1 2,4,0 2,5,0 2,6,0 L45
3,5,0 3,5,1 3,6,0 4,4,0 4,5,0 S25
2,2,0 2,2,1 2,2,2 2,2,3 2,2,4 I5
0,2,1 0,2,2 0,3,1 1,3,1 1,4,1 N15
0,4,0 0,4,1 0,4,2 0,5,1 1,5,1 T25
0,1,0 0,2,0 0,3,0 1,3,0 1,4,0 N5
1,0,1 1,1,0 1,1,1 1,2,0 1,2,1 P5
2,0,1 2,0,2 2,1,1 3,0,0 3,0,1 N25
2,0,0 2,1,0 3,1,0 4,0,0 4,1,0 U5
4,0,1 4,0,2 4,1,1 4,2,0 4,2,1 Z5
4,3,0 5,1,0 5,2,0 5,3,0 6,3,0 T5
4,3,1 5,0,1 5,1,1 5,2,1 5,3,1 L5
2,3,0 3,2,0 3,3,0 3,3,1 3,4,0 T15
3,1,1 3,2,1 3,2,2 4,2,2 4,3,2 V25
2,3,1 2,3,2 2,3,3 2,3,4 2,4,3 Y5
2,2,5 2,3,5 2,4,5 3,4,5 4,4,5 V5
2,4,2 3,3,2 3,3,3 3,4,2 4,3,3 V15
2,4,4 3,4,3 3,4,4 4,4,2 4,4,3 W5
3,2,5 4,2,5 4,3,4 4,3,5 4,4,4 S15
3,2,3 3,2,4 3,3,4 4,2,3 4,2,4 Q5

J45 L45 L45 S25 X5  L35 L35     J45 L45 L15 X5  X5  X5  L35     J45     L15     X5      L35
J45 J45 L45 S25 S25 A5  L35     T25 T25 L15 S25 J15 A5  A5
T25 N5  L45 T15 S25 A5  A5      T25 N15 L15 L15 J15 J15 J15     T25     V15 V15 W5      J15             Y5  W5  W5                      W5  W5  S15                     V5  V5  V5
N5  N5  T15 T15 T5  T5  T5      N15 N15 Y5  T15 L5  L5  F5              Y5  V15 V25                     Y5  V15 V15                     Y5  Q5  S15                     V5      S15
N5  P5  I5  T15 Z5  T5  F5      N15 P5  I5  V25 Z5  L5  F5      N15     I5  V25 V25     F5              I5  Q5  Q5                      I5  Q5  Q5                      V5  S15 S15
N5  P5  U5  U5  U5  T5  F5      J25 P5  N25 V25 Z5  L5  L25
J25 J25 U5  N25 U5  L25 L25     J25 P5  N25 N25 Z5  L5  L25     J25     N25     Z5      L25

solution 10 (12,247 searches):
0,0,0 0,0,1 0,0,2 0,1,1 1,0,0 J25
0,5,0 0,6,0 0,6,1 0,6,2 1,5,0 J45
5,0,0 6,0,0 6,0,1 6,0,2 6,1,1 L25
5,6,0 6,5,0 6,6,0 6,6,1 6,6,2 L35
6,1,0 6,2,0 6,2,1 6,2,2 6,3,1 F5
4,4,1 4,5,1 5,4,1 6,4,1 6,4,2 J15
5,4,0 5,5,0 5,5,1 6,4,0 6,5,1 A5
3,6,1 4,6,0 4,6,1 4,6,2 5,6,1 X5
2,4,1 2,5,1 2,6,1 2,6,2 3,4,1 L15
1,6,0 1,6,1 2,4,0 2,5,0 2,6,0 L45
3,5,0 3,5,1 3,6,0 4,4,0 4,5,0 S25
2,2,0 2,2,1 2,2,2 2,2,3 2,2,4 I5
0,2,1 0,2,2 0,3,1 1,3,1 1,4,1 N15
0,4,0 0,4,1 0,4,2 0,5,1 1,5,1 T25
0,1,0 0,2,0 0,3,0 1,3,0 1,4,0 N5
1,0,1 1,1,0 1,1,1 1,2,0 1,2,1 P5
2,0,1 2,0,2 2,1,1 3,0,0 3,0,1 N25
2,0,0 2,1,0 3,1,0 3,1,1 3,2,1 V15
4,0,1 4,0,2 4,1,1 5,0,1 5,1,1 Q5
4,0,0 4,1,0 4,2,0 4,3,0 5,1,0 Y5
4,2,1 5,2,0 5,2,1 5,3,0 6,3,0 V25
2,3,0 3,2,0 3,3,0 3,3,1 3,4,0 T15
4,2,2 4,2,3 4,3,1 4,3,2 5,3,1 S15
2,3,1 2,3,2 3,3,2 3,3,3 4,3,3 W5
2,2,5 3,2,2 3,2,3 3,2,4 3,2,5 L5
2,3,3 2,3,4 2,3,5 3,3,4 4,3,4 T5
4,2,4 4,2,5 4,3,5 4,4,4 4,4,5 U5
2,4,2 2,4,3 2,4,4 3,4,2 4,4,2 V5
2,4,5 3,4,3 3,4,4 3,4,5 4,4,3 Z5

J45 L45 L45 S25 X5  L35 L35     J45 L45 L15 X5  X5  X5  L35     J45     L15     X5      L35
J45 J45 L45 S25 S25 A5  L35     T25 T25 L15 S25 J15 A5  A5
T25 N5  L45 T15 S25 A5  A5      T25 N15 L15 L15 J15 J15 J15     T25     V5  V5  V5      J15             V5  Z5  Z5                      V5  Z5  U5                      Z5  Z5  U5
N5  N5  T15 T15 Y5  V25 V25     N15 N15 W5  T15 S15 S15 F5              W5  W5  S15                     T5  W5  W5                      T5  T5  T5                      T5      U5
N5  P5  I5  T15 Y5  V25 F5      N15 P5  I5  V15 V25 V25 F5      N15     I5  L5  S15     F5              I5  L5  S15                     I5  L5  U5                      L5  L5  U5
N5  P5  V15 V15 Y5  Y5  F5      J25 P5  N25 V15 Q5  Q5  L25
J25 J25 V15 N25 Y5  L25 L25     J25 P5  N25 N25 Q5  Q5  L25     J25     N25     Q5      L25

User-requested solution limit reached.
10 solutions, 12,247 searches, duration 0:00:07.351064
