solving Pentacubes2x13x13DiamondFrame:

solution 1:
05,01,0 06,00,0 06,01,0 06,02,0 07,01,0 X
06,00,1 06,01,1 07,01,1 07,02,1 07,03,1 N
05,01,1 05,02,1 05,03,0 05,03,1 06,02,1 J2
03,03,0 04,02,0 04,03,0 04,04,0 05,02,0 F
03,03,1 03,04,1 04,02,1 04,03,1 04,04,1 P
07,02,0 07,03,0 08,02,0 08,02,1 08,03,1 A
06,03,0 06,04,0 06,05,0 06,06,0 06,07,0 I
03,05,0 03,05,1 04,05,0 05,04,0 05,05,0 J1
02,04,0 02,05,0 02,06,0 02,07,0 03,04,0 L
01,05,0 01,05,1 02,04,1 02,05,1 02,06,1 T2
00,06,0 00,06,1 01,06,0 01,06,1 01,07,0 Q
01,07,1 02,07,1 03,06,0 03,07,0 03,07,1 J4
04,06,0 05,06,0 05,07,0 05,08,0 06,08,0 Z
02,08,0 02,08,1 03,08,1 03,09,1 04,09,1 N1
03,08,0 03,09,0 04,07,0 04,08,0 04,08,1 S2
04,09,0 05,09,0 05,09,1 05,10,0 05,11,0 L3
04,10,0 04,10,1 05,10,1 06,10,0 06,10,1 U
06,11,0 06,12,0 06,12,1 07,10,0 07,11,0 S1
05,11,1 06,11,1 07,09,1 07,10,1 07,11,1 V
06,09,0 07,09,0 08,08,0 08,09,0 08,10,0 T
07,05,0 07,06,0 07,07,0 07,08,0 08,06,0 Y
08,09,1 08,10,1 09,08,0 09,09,0 09,09,1 V1
08,08,1 09,07,1 09,08,1 10,06,1 10,07,1 W
08,07,0 09,07,0 10,07,0 10,08,0 10,08,1 L4
07,04,0 08,03,0 08,04,0 08,04,1 09,03,0 N2
09,03,1 09,04,1 10,04,0 10,04,1 10,05,0 V2
08,05,0 09,04,0 09,05,0 09,05,1 09,06,0 T1
10,05,1 11,05,1 11,06,1 11,07,0 11,07,1 L1
10,06,0 11,05,0 11,06,0 12,06,0 12,06,1 L2

                  S1                                         S1
               L3 S1 S1                                   V  V  V
            U  L3 U  S1 T                              U  U  U  V  V1
         S2 L3 L3 T  T  T  V1                       N1 N1 L3    V  V1 V1
      N1 S2 S2 Z  Z  Y  T  V1 L4                 N1 N1 S2          W  W  L4
   Q  L  J4 S2 Z  I  Y  L4 L4 L4 L1           J4 J4 J4                W  W  L1
Q  Q  L  J4 Z  Z  I  Y  Y  T1 L2 L2 L2     Q  Q  T2                      W  L1 L2
   T2 L  J1 J1 J1 I  Y  T1 T1 V2 L2           T2 T2 J1                T1 L1 L1
      L  L  F  J1 I  N2 N2 T1 V2                 T2 P  P           N2 V2 V2
         F  F  J2 I  A  N2 N2                       P  P  J2    N  A  V2
            F  F  X  A  A                              P  J2 J2 N  A
               X  X  X                                    J2 N  N
                  X                                          N

solution 2:
05,01,0 06,00,0 06,01,0 06,02,0 07,01,0 X
06,00,1 06,01,1 07,01,1 07,02,1 07,03,1 N
05,01,1 05,02,1 05,03,0 05,03,1 06,02,1 J2
03,03,0 04,02,0 04,03,0 04,04,0 05,02,0 F
03,03,1 03,04,1 04,02,1 04,03,1 04,04,1 P
07,02,0 07,03,0 08,02,0 08,02,1 08,03,1 A
06,03,0 06,04,0 06,05,0 06,06,0 06,07,0 I
03,05,0 03,05,1 04,05,0 05,04,0 05,05,0 J1
02,04,0 02,05,0 02,06,0 02,07,0 03,04,0 L
01,05,0 01,05,1 02,04,1 02,05,1 02,06,1 T2
00,06,0 00,06,1 01,06,0 01,06,1 01,07,0 Q
01,07,1 02,07,1 03,06,0 03,07,0 03,07,1 J4
04,06,0 05,06,0 05,07,0 05,08,0 06,08,0 Z
02,08,0 02,08,1 03,08,1 03,09,1 04,09,1 N1
03,08,0 03,09,0 04,07,0 04,08,0 04,08,1 S2
04,09,0 04,10,0 04,10,1 05,10,1 06,10,1 L4
05,09,0 05,09,1 05,10,0 05,11,0 05,11,1 U
06,10,0 06,11,0 06,12,0 06,12,1 07,10,0 L1
06,11,1 07,09,1 07,10,1 07,11,0 07,11,1 L3
06,09,0 07,09,0 08,08,0 08,09,0 08,10,0 T
07,05,0 07,06,0 07,07,0 07,08,0 08,06,0 Y
08,09,1 08,10,1 09,08,0 09,09,0 09,09,1 V1
08,08,1 09,08,1 10,06,1 10,07,1 10,08,1 V
08,07,0 09,06,0 09,07,0 09,07,1 10,06,0 N2
10,07,0 10,08,0 11,06,1 11,07,0 11,07,1 V2
10,05,0 11,05,0 11,06,0 12,06,0 12,06,1 S1
09,03,1 09,04,1 10,04,1 10,05,1 11,05,1 W
09,03,0 09,04,0 09,05,0 09,05,1 10,04,0 L2
07,04,0 08,03,0 08,04,0 08,04,1 08,05,0 T1

                  L1                                         L1
               U  L1 L3                                   U  L3 L3
            L4 U  L1 L1 T                              L4 L4 L4 L3 V1
         S2 L4 U  T  T  T  V1                       N1 N1 U     L3 V1 V1
      N1 S2 S2 Z  Z  Y  T  V1 V2                 N1 N1 S2          V  V  V
   Q  L  J4 S2 Z  I  Y  N2 N2 V2 V2           J4 J4 J4                N2 V  V2
Q  Q  L  J4 Z  Z  I  Y  Y  N2 N2 S1 S1     Q  Q  T2                      V  V2 S1
   T2 L  J1 J1 J1 I  Y  T1 L2 S1 S1           T2 T2 J1                L2 W  W
      L  L  F  J1 I  T1 T1 L2 L2                 T2 P  P           T1 W  W
         F  F  J2 I  A  T1 L2                       P  P  J2    N  A  W
            F  F  X  A  A                              P  J2 J2 N  A
               X  X  X                                    J2 N  N
                  X                                          N

solution 3:
05,01,0 06,00,0 06,01,0 06,02,0 07,01,0 X
06,00,1 06,01,1 07,01,1 07,02,1 07,03,1 N
05,01,1 05,02,1 05,03,0 05,03,1 06,02,1 J2
03,03,0 04,02,0 04,03,0 04,04,0 05,02,0 F
03,03,1 03,04,1 04,02,1 04,03,1 04,04,1 P
07,02,0 07,03,0 08,02,0 08,02,1 08,03,1 A
06,03,0 06,04,0 06,05,0 06,06,0 06,07,0 I
03,05,0 03,05,1 04,05,0 05,04,0 05,05,0 J1
02,04,0 02,05,0 02,06,0 02,07,0 03,04,0 L
01,05,0 01,05,1 02,04,1 02,05,1 02,06,1 T2
00,06,0 00,06,1 01,06,0 01,06,1 01,07,0 Q
01,07,1 02,07,1 03,06,0 03,07,0 03,07,1 J4
04,06,0 05,06,0 05,07,0 05,08,0 06,08,0 Z
02,08,0 02,08,1 03,08,1 03,09,1 04,09,1 N1
03,08,0 03,09,0 04,07,0 04,08,0 04,08,1 S2
04,09,0 04,10,0 04,10,1 05,10,0 05,11,0 N2
05,09,0 05,09,1 05,10,1 05,11,1 06,09,0 L4
06,10,0 06,10,1 06,11,0 06,12,0 06,12,1 U
06,11,1 07,10,1 07,11,1 08,10,0 08,10,1 S1
07,09,0 07,09,1 07,10,0 07,11,0 08,09,0 L3
08,09,1 09,08,0 09,09,0 09,09,1 10,08,0 V1
07,06,0 07,07,0 07,08,0 08,06,0 09,06,0 V
08,08,0 08,08,1 09,08,1 10,07,1 10,08,1 L1
08,07,0 09,07,0 09,07,1 10,07,0 11,07,0 Y
08,05,0 09,05,0 10,04,0 10,05,0 10,06,0 T
07,04,0 07,05,0 08,03,0 08,04,0 09,03,0 W
10,04,1 10,05,1 11,05,0 11,05,1 11,06,0 V2
10,06,1 11,06,1 11,07,1 12,06,0 12,06,1 L2
08,04,1 09,03,1 09,04,0 09,04,1 09,05,1 T1

                  U                                          U
               N2 U  L3                                   L4 S1 S1
            N2 N2 U  L3 S1                             N2 L4 U  S1 S1
         S2 N2 L4 L4 L3 L3 V1                       N1 N1 L4    L3 V1 V1
      N1 S2 S2 Z  Z  V  L1 V1 V1                 N1 N1 S2          L1 L1 L1
   Q  L  J4 S2 Z  I  V  Y  Y  Y  Y            J4 J4 J4                Y  L1 L2
Q  Q  L  J4 Z  Z  I  V  V  V  T  V2 L2     Q  Q  T2                      L2 L2 L2
   T2 L  J1 J1 J1 I  W  T  T  T  V2           T2 T2 J1                T1 V2 V2
      L  L  F  J1 I  W  W  T1 T                  T2 P  P           T1 T1 V2
         F  F  J2 I  A  W  W                        P  P  J2    N  A  T1
            F  F  X  A  A                              P  J2 J2 N  A
               X  X  X                                    J2 N  N
                  X                                          N

solution 4:
05,01,0 06,00,0 06,01,0 06,02,0 07,01,0 X
06,00,1 06,01,1 07,01,1 07,02,1 07,03,1 N
05,01,1 05,02,1 05,03,0 05,03,1 06,02,1 J2
03,03,0 04,02,0 04,03,0 04,04,0 05,02,0 F
03,03,1 03,04,1 04,02,1 04,03,1 04,04,1 P
07,02,0 07,03,0 08,02,0 08,02,1 08,03,1 A
06,03,0 06,04,0 06,05,0 06,06,0 06,07,0 I
03,05,0 03,05,1 04,05,0 05,04,0 05,05,0 J1
02,04,0 02,05,0 02,06,0 02,07,0 03,04,0 L
01,05,0 01,05,1 02,04,1 02,05,1 02,06,1 T2
00,06,0 00,06,1 01,06,0 01,06,1 01,07,0 Q
01,07,1 02,07,1 03,06,0 03,07,0 03,07,1 J4
04,06,0 05,06,0 05,07,0 05,08,0 06,08,0 Z
02,08,0 02,08,1 03,08,0 03,09,0 04,09,0 S1
03,08,1 03,09,1 04,07,0 04,08,0 04,08,1 V1
04,09,1 04,10,0 04,10,1 05,10,1 06,10,1 L3
05,09,0 05,09,1 06,09,0 06,10,0 07,09,0 L2
05,10,0 05,11,0 06,11,0 06,12,0 06,12,1 N1
05,11,1 06,11,1 07,09,1 07,10,1 07,11,1 V
07,10,0 07,11,0 08,09,0 08,10,0 08,10,1 S2
08,08,1 08,09,1 09,08,1 10,08,0 10,08,1 L1
07,08,0 08,08,0 09,08,0 09,09,0 09,09,1 L4
08,04,1 09,03,1 09,04,0 09,04,1 10,04,1 T1
08,03,0 08,04,0 08,05,0 09,03,0 09,05,0 U
07,04,0 07,05,0 07,06,0 07,07,0 08,06,0 Y
08,07,0 09,06,0 09,07,0 09,07,1 10,06,0 N2
10,07,0 11,06,1 11,07,0 11,07,1 12,06,1 V2
09,05,1 10,05,1 10,06,1 10,07,1 11,05,1 T
10,04,0 10,05,0 11,05,0 11,06,0 12,06,0 W

                  N1                                         N1
               N1 N1 S2                                   V  V  V
            L3 N1 L2 S2 S2                             L3 L3 L3 V  S2
         S1 S1 L2 L2 L2 S2 L4                       V1 L3 L2    V  L1 L4
      S1 S1 V1 Z  Z  L4 L4 L4 L1                 S1 V1 V1          L1 L1 L1
   Q  L  J4 V1 Z  I  Y  N2 N2 V2 V2           J4 J4 J4                N2 T  V2
Q  Q  L  J4 Z  Z  I  Y  Y  N2 N2 W  W      Q  Q  T2                      T  V2 V2
   T2 L  J1 J1 J1 I  Y  U  U  W  W            T2 T2 J1                T  T  T
      L  L  F  J1 I  Y  U  T1 W                  T2 P  P           T1 T1 T1
         F  F  J2 I  A  U  U                        P  P  J2    N  A  T1
            F  F  X  A  A                              P  J2 J2 N  A
               X  X  X                                    J2 N  N
                  X                                          N

solution 5:
05,01,0 06,00,0 06,01,0 06,02,0 07,01,0 X
06,00,1 06,01,1 07,01,1 07,02,1 07,03,1 N
05,01,1 05,02,1 05,03,0 05,03,1 06,02,1 J2
03,03,0 04,02,0 04,03,0 04,04,0 05,02,0 F
03,03,1 03,04,1 04,02,1 04,03,1 04,04,1 P
07,02,0 07,03,0 08,02,0 08,02,1 08,03,1 A
06,03,0 06,04,0 06,05,0 06,06,0 06,07,0 I
03,05,0 03,05,1 04,05,0 05,04,0 05,05,0 J1
02,04,0 02,05,0 02,06,0 02,07,0 03,04,0 L
01,05,0 01,05,1 02,04,1 02,05,1 02,06,1 T2
00,06,0 00,06,1 01,06,0 01,06,1 01,07,0 Q
01,07,1 02,07,1 03,06,0 03,07,0 03,07,1 J4
04,06,0 05,06,0 05,07,0 05,08,0 06,08,0 Z
02,08,0 02,08,1 03,08,0 03,09,0 04,09,0 S1
03,08,1 03,09,1 04,07,0 04,08,0 04,08,1 V1
04,09,1 04,10,0 04,10,1 05,10,1 05,11,1 S2
05,09,0 05,09,1 05,10,0 05,11,0 06,09,0 L3
06,10,0 06,10,1 06,11,1 06,12,0 06,12,1 U
06,11,0 07,09,1 07,10,1 07,11,0 07,11,1 L4
07,10,0 08,09,1 08,10,0 08,10,1 09,09,1 V2
07,06,0 07,07,0 07,08,0 07,09,0 08,08,0 Y
08,09,0 09,08,0 09,09,0 10,08,0 10,08,1 N1
08,08,1 09,07,1 09,08,1 10,06,1 10,07,1 W
07,05,0 08,05,0 08,06,0 08,07,0 09,05,0 T
07,04,0 08,03,0 08,04,0 08,04,1 09,04,0 T1
09,03,0 09,03,1 09,04,1 09,05,1 10,04,1 L2
10,04,0 10,05,0 10,06,0 11,06,0 12,06,0 V
10,05,1 11,05,0 11,05,1 11,06,1 12,06,1 N2
09,06,0 09,07,0 10,07,0 11,07,0 11,07,1 L1

                  U                                          U
               L3 L4 L4                                   S2 U  L4
            S2 L3 U  V2 V2                             S2 S2 U  L4 V2
         S1 S1 L3 L3 Y  N1 N1                       V1 S2 L3    L4 V2 V2
      S1 S1 V1 Z  Z  Y  Y  N1 N1                 S1 V1 V1          W  W  N1
   Q  L  J4 V1 Z  I  Y  T  L1 L1 L1           J4 J4 J4                W  W  L1
Q  Q  L  J4 Z  Z  I  Y  T  L1 V  V  V      Q  Q  T2                      W  N2 N2
   T2 L  J1 J1 J1 I  T  T  T  V  N2           T2 T2 J1                L2 N2 N2
      L  L  F  J1 I  T1 T1 T1 V                  T2 P  P           T1 L2 L2
         F  F  J2 I  A  T1 L2                       P  P  J2    N  A  L2
            F  F  X  A  A                              P  J2 J2 N  A
               X  X  X                                    J2 N  N
                  X                                          N

solution 6:
05,01,0 06,00,0 06,01,0 06,02,0 07,01,0 X
06,00,1 06,01,1 07,01,1 07,02,1 07,03,1 N
05,01,1 05,02,1 05,03,0 05,03,1 06,02,1 J2
03,03,0 04,02,0 04,03,0 04,04,0 05,02,0 F
03,03,1 03,04,1 04,02,1 04,03,1 04,04,1 P
07,02,0 07,03,0 08,02,0 08,02,1 08,03,1 A
06,03,0 06,04,0 06,05,0 06,06,0 06,07,0 I
03,05,0 03,05,1 04,05,0 05,04,0 05,05,0 J1
02,04,0 02,05,0 02,06,0 02,07,0 03,04,0 L
01,05,0 01,05,1 02,04,1 02,05,1 02,06,1 T2
00,06,0 00,06,1 01,06,0 01,06,1 01,07,0 Q
01,07,1 02,07,1 03,06,0 03,07,0 03,07,1 J4
04,06,0 05,06,0 05,07,0 05,08,0 06,08,0 Z
02,08,0 02,08,1 03,08,0 03,09,0 04,09,0 S1
03,08,1 03,09,1 04,07,0 04,08,0 04,08,1 V1
04,09,1 04,10,0 04,10,1 05,10,1 05,11,1 S2
05,09,0 05,09,1 05,10,0 05,11,0 06,09,0 L3
06,10,0 06,10,1 06,11,1 06,12,0 06,12,1 U
06,11,0 07,10,1 07,11,0 07,11,1 08,10,1 V2
07,10,0 08,09,0 08,10,0 09,09,0 09,09,1 N1
07,09,1 08,08,1 08,09,1 09,07,1 09,08,1 W
07,06,0 07,07,0 07,08,0 07,09,0 08,08,0 Y
09,08,0 10,06,1 10,07,1 10,08,0 10,08,1 L4
07,05,0 08,05,0 08,06,0 08,07,0 09,05,0 T
07,04,0 08,03,0 08,04,0 08,04,1 09,04,0 T1
09,03,0 09,03,1 09,04,1 09,05,1 10,04,1 L2
10,04,0 10,05,0 10,06,0 11,06,0 12,06,0 V
10,05,1 11,05,0 11,05,1 11,06,1 12,06,1 N2
09,06,0 09,07,0 10,07,0 11,07,0 11,07,1 L1

                  U                                          U
               L3 V2 V2                                   S2 U  V2
            S2 L3 U  N1 N1                             S2 S2 U  V2 V2
         S1 S1 L3 L3 Y  N1 N1                       V1 S2 L3    W  W  N1
      S1 S1 V1 Z  Z  Y  Y  L4 L4                 S1 V1 V1          W  W  L4
   Q  L  J4 V1 Z  I  Y  T  L1 L1 L1           J4 J4 J4                W  L4 L1
Q  Q  L  J4 Z  Z  I  Y  T  L1 V  V  V      Q  Q  T2                      L4 N2 N2
   T2 L  J1 J1 J1 I  T  T  T  V  N2           T2 T2 J1                L2 N2 N2
      L  L  F  J1 I  T1 T1 T1 V                  T2 P  P           T1 L2 L2
         F  F  J2 I  A  T1 L2                       P  P  J2    N  A  L2
            F  F  X  A  A                              P  J2 J2 N  A
               X  X  X                                    J2 N  N
                  X                                          N

solution 7:
05,01,0 06,00,0 06,01,0 06,02,0 07,01,0 X
06,00,1 06,01,1 07,01,1 07,02,1 07,03,1 N
05,01,1 05,02,1 05,03,0 05,03,1 06,02,1 J2
03,03,0 04,02,0 04,03,0 04,04,0 05,02,0 F
03,03,1 03,04,1 04,02,1 04,03,1 04,04,1 P
07,02,0 07,03,0 08,02,0 08,02,1 08,03,1 A
06,03,0 06,04,0 06,05,0 06,06,0 06,07,0 I
03,05,0 03,05,1 04,05,0 05,04,0 05,05,0 J1
02,04,0 02,05,0 02,06,0 02,07,0 03,04,0 L
01,05,0 01,05,1 02,04,1 02,05,1 02,06,1 T2
00,06,0 00,06,1 01,06,0 01,06,1 01,07,0 Q
01,07,1 02,07,1 03,06,0 03,07,0 03,07,1 J4
04,06,0 05,06,0 05,07,0 05,08,0 06,08,0 Z
02,08,0 02,08,1 03,08,0 03,09,0 04,09,0 S1
03,08,1 03,09,1 04,07,0 04,08,0 04,08,1 V1
04,09,1 04,10,0 04,10,1 05,10,1 05,11,1 S2
05,09,0 05,09,1 06,09,0 07,09,0 07,09,1 U
05,10,0 05,11,0 06,11,0 06,12,0 06,12,1 N1
06,10,0 06,10,1 07,10,0 07,11,0 08,10,0 L2
06,11,1 07,10,1 07,11,1 08,09,1 08,10,1 W
09,03,1 09,04,0 09,04,1 09,05,1 10,04,1 T1
07,04,0 08,03,0 08,04,0 08,04,1 09,03,0 N2
07,05,0 07,06,0 07,07,0 07,08,0 08,06,0 Y
08,05,0 09,05,0 10,04,0 10,05,0 10,06,0 T
10,05,1 11,05,0 11,05,1 11,06,0 12,06,0 V2
10,06,1 10,07,1 10,08,1 11,06,1 12,06,1 V
09,06,0 09,07,0 10,07,0 11,07,0 11,07,1 L1
08,09,0 09,07,1 09,08,1 09,09,0 09,09,1 L4
08,07,0 08,08,0 08,08,1 09,08,0 10,08,0 L3

                  N1                                         N1
               N1 N1 L2                                   S2 W  W
            S2 N1 L2 L2 L2                             S2 S2 L2 W  W
         S1 S1 U  U  U  L4 L4                       V1 S2 U     U  W  L4
      S1 S1 V1 Z  Z  Y  L3 L3 L3                 S1 V1 V1          L3 L4 V
   Q  L  J4 V1 Z  I  Y  L3 L1 L1 L1           J4 J4 J4                L4 V  L1
Q  Q  L  J4 Z  Z  I  Y  Y  L1 T  V2 V2     Q  Q  T2                      V  V  V
   T2 L  J1 J1 J1 I  Y  T  T  T  V2           T2 T2 J1                T1 V2 V2
      L  L  F  J1 I  N2 N2 T1 T                  T2 P  P           N2 T1 T1
         F  F  J2 I  A  N2 N2                       P  P  J2    N  A  T1
            F  F  X  A  A                              P  J2 J2 N  A
               X  X  X                                    J2 N  N
                  X                                          N

solution 8:
05,01,0 06,00,0 06,01,0 06,02,0 07,01,0 X
06,00,1 06,01,1 07,01,1 07,02,1 07,03,1 N
05,01,1 05,02,1 05,03,0 05,03,1 06,02,1 J2
03,03,0 04,02,0 04,03,0 04,04,0 05,02,0 F
03,03,1 03,04,1 04,02,1 04,03,1 04,04,1 P
07,02,0 07,03,0 08,02,0 08,02,1 08,03,1 A
06,03,0 06,04,0 06,05,0 06,06,0 06,07,0 I
03,05,0 03,05,1 04,05,0 05,04,0 05,05,0 J1
02,04,0 02,05,0 02,06,0 02,07,0 03,04,0 L
01,05,0 01,05,1 02,04,1 02,05,1 02,06,1 T2
00,06,0 00,06,1 01,06,0 01,06,1 01,07,0 Q
01,07,1 02,07,1 03,06,0 03,07,0 03,07,1 J4
04,06,0 05,06,0 05,07,0 05,08,0 06,08,0 Z
02,08,0 02,08,1 03,08,0 03,09,0 04,09,0 S1
03,08,1 03,09,1 04,07,0 04,08,0 04,08,1 V1
04,09,1 04,10,1 05,10,1 05,11,1 06,11,1 W
06,10,0 06,10,1 06,11,0 06,12,0 06,12,1 U
04,10,0 05,09,0 05,09,1 05,10,0 05,11,0 L2
07,10,1 07,11,0 07,11,1 08,09,1 08,10,1 N1
06,09,0 07,09,0 07,09,1 07,10,0 08,10,0 S2
09,03,1 09,04,0 09,04,1 09,05,1 10,04,1 T1
07,04,0 08,03,0 08,04,0 08,04,1 09,03,0 N2
07,05,0 07,06,0 07,07,0 07,08,0 08,06,0 Y
08,05,0 09,05,0 10,04,0 10,05,0 10,06,0 T
10,05,1 11,05,0 11,05,1 11,06,0 12,06,0 V2
10,06,1 10,07,1 10,08,1 11,06,1 12,06,1 V
09,06,0 09,07,0 10,07,0 11,07,0 11,07,1 L1
08,09,0 09,07,1 09,08,1 09,09,0 09,09,1 L4
08,07,0 08,08,0 08,08,1 09,08,0 10,08,0 L3

                  U                                          U
               L2 U  N1                                   W  W  N1
            L2 L2 U  S2 S2                             W  W  U  N1 N1
         S1 S1 L2 S2 S2 L4 L4                       V1 W  L2    S2 N1 L4
      S1 S1 V1 Z  Z  Y  L3 L3 L3                 S1 V1 V1          L3 L4 V
   Q  L  J4 V1 Z  I  Y  L3 L1 L1 L1           J4 J4 J4                L4 V  L1
Q  Q  L  J4 Z  Z  I  Y  Y  L1 T  V2 V2     Q  Q  T2                      V  V  V
   T2 L  J1 J1 J1 I  Y  T  T  T  V2           T2 T2 J1                T1 V2 V2
      L  L  F  J1 I  N2 N2 T1 T                  T2 P  P           N2 T1 T1
         F  F  J2 I  A  N2 N2                       P  P  J2    N  A  T1
            F  F  X  A  A                              P  J2 J2 N  A
               X  X  X                                    J2 N  N
                  X                                          N

solution 9:
05,01,0 06,00,0 06,01,0 06,02,0 07,01,0 X
06,00,1 06,01,1 07,01,1 07,02,1 07,03,1 N
05,01,1 05,02,1 05,03,0 05,03,1 06,02,1 J2
03,03,0 04,02,0 04,03,0 04,04,0 05,02,0 F
03,03,1 03,04,1 04,02,1 04,03,1 04,04,1 P
07,02,0 07,03,0 08,02,0 08,02,1 08,03,1 A
06,03,0 06,04,0 06,05,0 06,06,0 06,07,0 I
03,05,0 03,05,1 04,05,0 05,04,0 05,05,0 J1
02,04,0 02,05,0 02,06,0 02,07,0 03,04,0 L
01,05,0 01,05,1 02,04,1 02,05,1 02,06,1 T2
00,06,0 00,06,1 01,06,0 01,06,1 01,07,0 Q
01,07,1 02,07,1 03,06,0 03,07,0 03,07,1 J4
04,06,0 05,06,0 05,07,0 05,08,0 06,08,0 Z
02,08,1 03,08,1 03,09,0 03,09,1 04,09,0 V1
02,08,0 03,08,0 04,07,0 04,08,0 04,08,1 L3
04,09,1 04,10,1 05,10,1 05,11,0 05,11,1 S1
04,10,0 05,09,0 05,09,1 05,10,0 06,09,0 N2
06,10,0 06,10,1 06,11,1 06,12,0 06,12,1 U
06,11,0 07,09,1 07,10,1 07,11,0 07,11,1 L4
07,10,0 08,09,0 08,10,0 09,09,0 09,09,1 N1
08,08,1 08,09,1 08,10,1 09,08,1 10,08,1 V
07,07,0 07,08,0 07,09,0 08,08,0 09,08,0 T
07,05,0 07,06,0 08,06,0 08,07,0 09,07,0 W
09,07,1 10,06,1 10,07,0 10,07,1 10,08,0 S2
10,06,0 11,05,0 11,06,0 12,06,0 12,06,1 L2
10,05,1 11,05,1 11,06,1 11,07,0 11,07,1 L1
09,03,1 09,04,1 10,04,0 10,04,1 10,05,0 V2
09,03,0 09,04,0 09,05,0 09,05,1 09,06,0 Y
07,04,0 08,03,0 08,04,0 08,04,1 08,05,0 T1

                  U                                          U
               S1 L4 L4                                   S1 U  L4
            N2 N2 U  N1 N1                             S1 S1 U  L4 V
         V1 V1 N2 N2 T  N1 N1                       V1 S1 N2    L4 V  N1
      L3 L3 L3 Z  Z  T  T  T  S2                 V1 V1 L3          V  V  V
   Q  L  J4 L3 Z  I  T  W  W  S2 L1           J4 J4 J4                S2 S2 L1
Q  Q  L  J4 Z  Z  I  W  W  Y  L2 L2 L2     Q  Q  T2                      S2 L1 L2
   T2 L  J1 J1 J1 I  W  T1 Y  V2 L2           T2 T2 J1                Y  L1 L1
      L  L  F  J1 I  T1 T1 Y  V2                 T2 P  P           T1 V2 V2
         F  F  J2 I  A  T1 Y                        P  P  J2    N  A  V2
            F  F  X  A  A                              P  J2 J2 N  A
               X  X  X                                    J2 N  N
                  X                                          N

solution 10:
05,01,0 06,00,0 06,01,0 06,02,0 07,01,0 X
06,00,1 06,01,1 07,01,1 07,02,1 07,03,1 N
05,01,1 05,02,1 05,03,0 05,03,1 06,02,1 J2
03,03,0 04,02,0 04,03,0 04,04,0 05,02,0 F
03,03,1 03,04,1 04,02,1 04,03,1 04,04,1 P
07,02,0 07,03,0 08,02,0 08,02,1 08,03,1 A
06,03,0 06,04,0 06,05,0 06,06,0 06,07,0 I
03,05,0 03,05,1 04,05,0 05,04,0 05,05,0 J1
02,04,0 02,05,0 02,06,0 02,07,0 03,04,0 L
01,05,0 01,05,1 02,04,1 02,05,1 02,06,1 T2
00,06,0 00,06,1 01,06,0 01,06,1 01,07,0 Q
01,07,1 02,07,1 03,06,0 03,07,0 03,07,1 J4
04,06,0 05,06,0 05,07,0 05,08,0 06,08,0 Z
02,08,1 03,08,1 03,09,1 04,09,1 04,10,1 W
02,08,0 03,08,0 04,07,0 04,08,0 04,08,1 L3
03,09,0 04,09,0 04,10,0 05,09,0 06,09,0 Y
05,09,1 05,10,0 05,10,1 05,11,0 06,10,0 N2
05,11,1 06,10,1 06,11,1 06,12,0 06,12,1 L2
06,11,0 07,10,1 07,11,0 07,11,1 08,10,1 V2
07,08,0 07,09,0 07,10,0 08,08,0 08,08,1 L4
07,09,1 08,09,0 08,09,1 08,10,0 09,09,0 S2
09,07,1 09,08,1 09,09,1 10,07,1 11,07,1 V
08,07,0 09,07,0 09,08,0 10,08,0 10,08,1 S1
07,05,0 07,06,0 07,07,0 08,06,0 09,06,0 T
07,04,0 08,03,0 08,04,0 08,04,1 08,05,0 T1
09,03,0 09,03,1 09,04,0 09,05,0 09,05,1 U
09,04,1 10,04,1 10,05,1 10,06,0 10,06,1 L1
10,07,0 11,06,0 11,07,0 12,06,0 12,06,1 N1
10,04,0 10,05,0 11,05,0 11,05,1 11,06,1 V1

                  L2                                         L2
               N2 V2 V2                                   L2 L2 V2
            Y  N2 N2 L4 S2                             W  N2 L2 V2 V2
         Y  Y  Y  Y  L4 S2 S2                       W  W  N2    S2 S2 V
      L3 L3 L3 Z  Z  L4 L4 S1 S1                 W  W  L3          L4 V  S1
   Q  L  J4 L3 Z  I  T  S1 S1 N1 N1           J4 J4 J4                V  V  V
Q  Q  L  J4 Z  Z  I  T  T  T  L1 N1 N1     Q  Q  T2                      L1 V1 N1
   T2 L  J1 J1 J1 I  T  T1 U  V1 V1           T2 T2 J1                U  L1 V1
      L  L  F  J1 I  T1 T1 U  V1                 T2 P  P           T1 L1 L1
         F  F  J2 I  A  T1 U                        P  P  J2    N  A  U
            F  F  X  A  A                              P  J2 J2 N  A
               X  X  X                                    J2 N  N
                  X                                          N

...

solution 1289:
05,01,0 06,00,0 06,01,0 06,02,0 07,01,0 X
06,00,1 06,01,1 07,01,1 07,02,1 07,03,1 N
05,01,1 05,02,1 05,03,0 05,03,1 06,02,1 J2
03,03,0 04,02,0 04,03,0 04,04,0 05,02,0 F
03,03,1 03,04,1 04,02,1 04,03,1 04,04,1 P
07,02,0 07,03,0 08,02,0 08,02,1 08,03,1 A
06,03,0 06,04,0 06,05,0 06,06,0 06,07,0 I
03,05,0 03,05,1 04,05,0 05,04,0 05,05,0 J1
02,04,0 02,05,0 02,06,0 02,06,1 03,04,0 L1
01,05,0 01,05,1 01,06,1 02,04,1 02,05,1 N2
00,06,0 00,06,1 01,06,0 01,07,0 02,07,0 S1
01,07,1 02,07,1 02,08,1 03,07,0 03,07,1 L2
03,06,0 04,06,0 05,06,0 05,07,0 05,08,0 V
02,08,0 03,08,0 04,07,0 04,08,0 04,08,1 L3
03,08,1 03,09,0 03,09,1 04,09,0 04,10,0 V1
04,09,1 05,09,0 05,09,1 05,10,0 05,11,0 L4
04,10,1 05,10,1 05,11,1 06,11,1 06,12,1 W
06,09,0 06,10,0 06,10,1 06,11,0 06,12,0 Y
06,08,0 07,05,0 07,06,0 07,07,0 07,08,0 L
07,04,0 08,03,0 08,04,0 09,03,0 09,03,1 N1
08,04,1 09,04,0 09,04,1 09,05,1 10,04,1 T1
07,09,0 07,09,1 07,10,1 07,11,0 07,11,1 U
07,10,0 08,09,0 08,09,1 08,10,0 08,10,1 Q
08,05,0 08,06,0 09,05,0 10,04,0 10,05,0 Z
09,06,0 10,06,0 11,05,0 11,06,0 11,07,0 T
11,05,1 11,06,1 11,07,1 12,06,0 12,06,1 T2
09,07,0 09,07,1 10,05,1 10,06,1 10,07,1 J4
08,07,0 08,08,0 08,08,1 09,08,1 09,09,1 V2
09,08,0 09,09,0 10,07,0 10,08,0 10,08,1 S2

                  Y                                          W
               L4 Y  U                                    W  W  U
            V1 L4 Y  Q  Q                              W  W  Y  U  Q
         V1 V1 L4 Y  U  Q  S2                       V1 L4 L4    U  Q  V2
      L3 L3 L3 V  L  L  V2 S2 S2                 L2 V1 L3          V2 V2 S2
   S1 S1 L2 L3 V  I  L  V2 J4 S2 T            L2 L2 L2                J4 J4 T2
S1 S1 L1 V  V  V  I  L  Z  T  T  T  T2     S1 N2 L1                      J4 T2 T2
   N2 L1 J1 J1 J1 I  L  Z  Z  Z  T            N2 N2 J1                T1 J4 T2
      L1 L1 F  J1 I  N1 N1 T1 Z                  N2 P  P           T1 T1 T1
         F  F  J2 I  A  N1 N1                       P  P  J2    N  A  N1
            F  F  X  A  A                              P  J2 J2 N  A
               X  X  X                                    J2 N  N
                  X                                          N

Session interrupted by user.
1289 solutions, 25719708 searches, duration 4:49:54.272000
