solving Pentacubes2x11x11Frame:

solution 1:
00,00,0 00,01,0 01,01,0 01,02,0 02,01,0 F
01,00,0 02,00,0 03,00,0 04,00,0 05,00,0 I
00,02,0 00,03,0 00,04,0 00,05,0 01,05,0 L
09,01,0 09,02,0 09,03,0 10,00,0 10,01,0 N
08,04,0 09,04,0 10,02,0 10,03,0 10,04,0 V
07,00,0 08,00,0 08,01,0 08,02,0 09,00,0 T
00,08,0 00,09,0 00,10,0 01,08,0 01,10,0 U
09,09,0 09,10,0 10,08,0 10,09,0 10,10,0 P
08,04,1 08,05,0 08,05,1 09,05,0 10,05,0 J4
08,07,0 08,07,1 09,07,0 10,06,0 10,07,0 J1
07,05,0 07,06,0 08,06,0 08,06,1 09,06,0 L2
08,08,0 08,08,1 08,09,0 08,10,0 09,08,0 L3
00,06,0 00,07,0 01,07,0 02,07,0 02,07,1 L1
01,09,0 02,08,0 02,08,1 02,09,0 03,08,1 V1
02,10,0 03,09,0 03,10,0 04,10,0 05,10,0 Y
06,08,1 07,08,0 07,08,1 07,09,0 07,10,0 L4
05,08,0 05,08,1 05,09,0 06,09,0 06,10,0 N1
05,07,0 06,06,0 06,07,0 06,08,0 07,07,0 X
03,07,0 03,08,0 04,08,0 04,08,1 04,09,0 N2
04,06,0 04,07,0 05,05,0 05,06,0 06,05,0 W
05,01,0 05,02,0 05,02,1 06,00,0 06,01,0 S1
04,04,0 04,05,0 05,04,0 06,03,0 06,04,0 Z
07,03,0 07,04,0 08,02,1 08,03,0 08,03,1 V2
06,02,0 06,02,1 07,01,0 07,02,0 07,02,1 Q
04,01,0 04,02,0 04,02,1 04,03,0 05,03,0 J2
01,06,0 02,05,0 02,06,0 02,06,1 03,06,0 T1
02,04,0 02,04,1 02,05,1 03,04,0 03,05,0 A
01,03,0 01,04,0 02,02,0 02,03,0 02,03,1 S2
02,02,1 03,01,0 03,02,0 03,02,1 03,03,0 T2

U  U  Y  Y  Y  Y  N1 L4 L3 P  P
U  V1 V1 Y  N2 N1 N1 L4 L3 P  P
U  U  V1 N2 N2 N1 X  L4 L3 L3 P            V1 V1 N2 N1 L4 L4 L3
L1 L1 L1 N2 W  X  X  X  J1 J1 J1           L1                J1
L1 T1 T1 T1 W  W  X  L2 L2 L2 J1           T1                L2
L  L  T1 A  Z  W  W  L2 J4 J4 J4           A                 J4
L  S2 A  A  Z  Z  Z  V2 V  V  V            A                 J4
L  S2 S2 T2 J2 J2 Z  V2 V2 N  V            S2                V2
L  F  S2 T2 J2 S1 Q  Q  T  N  V            T2 T2 J2 S1 Q  Q  V2
F  F  F  T2 J2 S1 S1 Q  T  N  N
F  I  I  I  I  I  S1 T  T  T  N

solution 2:
00,00,0 00,01,0 01,01,0 01,02,0 02,01,0 F
01,00,0 02,00,0 03,00,0 04,00,0 05,00,0 I
00,02,0 00,03,0 00,04,0 00,05,0 01,05,0 L
09,01,0 09,02,0 09,03,0 10,00,0 10,01,0 N
08,04,0 09,04,0 10,02,0 10,03,0 10,04,0 V
07,00,0 08,00,0 08,01,0 08,02,0 09,00,0 T
00,08,0 00,09,0 00,10,0 01,08,0 01,10,0 U
08,10,0 09,09,0 09,10,0 10,09,0 10,10,0 P
08,04,1 08,05,0 08,05,1 09,05,0 10,05,0 J4
08,07,0 08,07,1 09,07,0 10,06,0 10,07,0 J1
08,08,0 08,08,1 08,09,0 09,08,0 10,08,0 L3
07,05,0 07,06,0 08,06,0 08,06,1 09,06,0 L2
00,06,0 00,07,0 01,07,0 02,07,0 02,07,1 L1
01,09,0 02,08,0 02,08,1 02,09,0 03,08,1 V1
02,10,0 03,09,0 03,10,0 04,10,0 05,10,0 Y
06,08,1 07,08,0 07,08,1 07,09,0 07,10,0 L4
05,08,0 05,08,1 05,09,0 06,09,0 06,10,0 N1
05,07,0 06,06,0 06,07,0 06,08,0 07,07,0 X
03,07,0 03,08,0 04,08,0 04,08,1 04,09,0 N2
04,06,0 04,07,0 05,05,0 05,06,0 06,05,0 W
05,01,0 05,02,0 05,02,1 06,00,0 06,01,0 S1
04,04,0 04,05,0 05,04,0 06,03,0 06,04,0 Z
07,03,0 07,04,0 08,02,1 08,03,0 08,03,1 V2
06,02,0 06,02,1 07,01,0 07,02,0 07,02,1 Q
04,01,0 04,02,0 04,02,1 04,03,0 05,03,0 J2
01,06,0 02,05,0 02,06,0 02,06,1 03,06,0 T1
02,04,0 02,04,1 02,05,1 03,04,0 03,05,0 A
01,03,0 01,04,0 02,02,0 02,03,0 02,03,1 S2
02,02,1 03,01,0 03,02,0 03,02,1 03,03,0 T2

U  U  Y  Y  Y  Y  N1 L4 P  P  P
U  V1 V1 Y  N2 N1 N1 L4 L3 P  P
U  U  V1 N2 N2 N1 X  L4 L3 L3 L3           V1 V1 N2 N1 L4 L4 L3
L1 L1 L1 N2 W  X  X  X  J1 J1 J1           L1                J1
L1 T1 T1 T1 W  W  X  L2 L2 L2 J1           T1                L2
L  L  T1 A  Z  W  W  L2 J4 J4 J4           A                 J4
L  S2 A  A  Z  Z  Z  V2 V  V  V            A                 J4
L  S2 S2 T2 J2 J2 Z  V2 V2 N  V            S2                V2
L  F  S2 T2 J2 S1 Q  Q  T  N  V            T2 T2 J2 S1 Q  Q  V2
F  F  F  T2 J2 S1 S1 Q  T  N  N
F  I  I  I  I  I  S1 T  T  T  N

solution 3:
00,00,0 00,01,0 01,01,0 01,02,0 02,01,0 F
01,00,0 02,00,0 03,00,0 04,00,0 05,00,0 I
00,02,0 00,03,0 00,04,0 00,05,0 01,05,0 L
09,01,0 09,02,0 09,03,0 10,00,0 10,01,0 N
08,04,0 09,04,0 10,02,0 10,03,0 10,04,0 V
07,00,0 08,00,0 08,01,0 08,02,0 09,00,0 T
00,10,0 01,09,0 01,10,0 02,08,0 02,09,0 W
00,06,0 00,07,0 00,08,0 00,09,0 01,08,0 Y
02,10,0 03,08,0 03,08,1 03,09,0 03,10,0 L1
09,09,0 09,10,0 10,08,0 10,09,0 10,10,0 P
06,00,0 06,01,0 07,01,0 07,02,0 07,02,1 N1
07,03,0 07,04,0 08,02,1 08,03,0 08,03,1 V2
01,07,0 02,07,0 02,07,1 02,08,1 03,07,0 T2
08,04,1 08,05,0 08,05,1 09,05,0 10,05,0 J4
08,07,0 08,07,1 09,07,0 10,06,0 10,07,0 J1
07,06,0 07,07,0 08,06,0 08,06,1 09,06,0 J2
05,05,0 06,04,0 06,05,0 06,06,0 07,05,0 X
08,08,0 08,08,1 08,09,0 08,10,0 09,08,0 L3
04,09,0 04,10,0 05,10,0 06,09,0 06,10,0 U
06,08,1 07,08,0 07,08,1 07,09,0 07,10,0 L4
04,07,0 04,08,0 04,08,1 05,06,0 05,07,0 S1
05,08,0 05,08,1 05,09,0 06,07,0 06,08,0 S2
03,06,0 04,04,0 04,05,0 04,06,0 05,04,0 Z
01,06,0 02,05,0 02,05,1 02,06,0 02,06,1 Q
01,04,0 02,04,0 02,04,1 03,04,0 03,05,0 L2
01,03,0 02,02,0 02,03,0 02,03,1 03,03,0 T1
02,02,1 03,01,0 03,02,0 03,02,1 04,01,0 V1
04,02,0 04,02,1 04,03,0 05,02,1 05,03,0 A
05,01,0 05,02,0 06,02,0 06,02,1 06,03,0 N2

W  W  L1 L1 U  U  U  L4 L3 P  P
Y  W  W  L1 U  S2 U  L4 L3 P  P
Y  Y  W  L1 S1 S2 S2 L4 L3 L3 P            T2 L1 S1 S2 L4 L4 L3
Y  T2 T2 T2 S1 S1 S2 J2 J1 J1 J1           T2                J1
Y  Q  Q  Z  Z  S1 X  J2 J2 J2 J1           Q                 J2
L  L  Q  L2 Z  X  X  X  J4 J4 J4           Q                 J4
L  L2 L2 L2 Z  Z  X  V2 V  V  V            L2                J4
L  T1 T1 T1 A  A  N2 V2 V2 N  V            T1                V2
L  F  T1 V1 A  N2 N2 N1 T  N  V            V1 V1 A  A  N2 N1 V2
F  F  F  V1 V1 N2 N1 N1 T  N  N
F  I  I  I  I  I  N1 T  T  T  N

solution 4:
00,00,0 00,01,0 01,01,0 01,02,0 02,01,0 F
01,00,0 02,00,0 03,00,0 04,00,0 05,00,0 I
00,02,0 00,03,0 00,04,0 00,05,0 01,05,0 L
09,01,0 09,02,0 09,03,0 10,00,0 10,01,0 N
08,04,0 09,04,0 10,02,0 10,03,0 10,04,0 V
07,00,0 08,00,0 08,01,0 08,02,0 09,00,0 T
00,10,0 01,09,0 01,10,0 02,08,0 02,09,0 W
00,06,0 00,07,0 00,08,0 00,09,0 01,08,0 Y
02,10,0 03,08,0 03,08,1 03,09,0 03,10,0 L1
08,10,0 09,09,0 09,10,0 10,09,0 10,10,0 P
06,00,0 06,01,0 07,01,0 07,02,0 07,02,1 N1
07,03,0 07,04,0 08,02,1 08,03,0 08,03,1 V2
01,07,0 02,07,0 02,07,1 02,08,1 03,07,0 T2
08,04,1 08,05,0 08,05,1 09,05,0 10,05,0 J4
08,07,0 08,07,1 09,07,0 10,06,0 10,07,0 J1
08,08,0 08,08,1 08,09,0 09,08,0 10,08,0 L3
07,06,0 07,07,0 08,06,0 08,06,1 09,06,0 J2
05,05,0 06,04,0 06,05,0 06,06,0 07,05,0 X
04,09,0 04,10,0 05,10,0 06,09,0 06,10,0 U
06,08,1 07,08,0 07,08,1 07,09,0 07,10,0 L4
04,07,0 04,08,0 04,08,1 05,06,0 05,07,0 S1
05,08,0 05,08,1 05,09,0 06,07,0 06,08,0 S2
03,06,0 04,04,0 04,05,0 04,06,0 05,04,0 Z
01,06,0 02,05,0 02,05,1 02,06,0 02,06,1 Q
01,04,0 02,04,0 02,04,1 03,04,0 03,05,0 L2
01,03,0 02,02,0 02,03,0 02,03,1 03,03,0 T1
02,02,1 03,01,0 03,02,0 03,02,1 04,01,0 V1
04,02,0 04,02,1 04,03,0 05,02,1 05,03,0 A
05,01,0 05,02,0 06,02,0 06,02,1 06,03,0 N2

W  W  L1 L1 U  U  U  L4 P  P  P
Y  W  W  L1 U  S2 U  L4 L3 P  P
Y  Y  W  L1 S1 S2 S2 L4 L3 L3 L3           T2 L1 S1 S2 L4 L4 L3
Y  T2 T2 T2 S1 S1 S2 J2 J1 J1 J1           T2                J1
Y  Q  Q  Z  Z  S1 X  J2 J2 J2 J1           Q                 J2
L  L  Q  L2 Z  X  X  X  J4 J4 J4           Q                 J4
L  L2 L2 L2 Z  Z  X  V2 V  V  V            L2                J4
L  T1 T1 T1 A  A  N2 V2 V2 N  V            T1                V2
L  F  T1 V1 A  N2 N2 N1 T  N  V            V1 V1 A  A  N2 N1 V2
F  F  F  V1 V1 N2 N1 N1 T  N  N
F  I  I  I  I  I  N1 T  T  T  N

solution 5:
00,00,0 00,01,0 01,01,0 01,02,0 02,01,0 F
01,00,0 02,00,0 03,00,0 04,00,0 05,00,0 I
00,02,0 00,03,0 00,04,0 00,05,0 01,05,0 L
09,01,0 09,02,0 09,03,0 10,00,0 10,01,0 N
09,04,0 10,02,0 10,03,0 10,04,0 10,05,0 Y
08,00,0 08,01,0 08,02,0 08,02,1 09,00,0 L1
06,00,0 07,00,0 07,01,0 07,02,0 07,02,1 J1
00,08,0 00,09,0 00,10,0 01,10,0 02,10,0 V
08,10,0 09,09,0 09,10,0 10,09,0 10,10,0 P
00,06,0 01,06,0 02,05,1 02,06,0 02,06,1 L4
00,07,0 01,07,0 02,07,0 02,07,1 02,08,1 J4
01,08,0 01,09,0 02,09,0 03,09,0 03,10,0 Z
02,08,0 03,06,0 03,07,0 03,08,0 03,08,1 L3
04,08,0 04,08,1 04,09,0 04,10,0 05,09,0 J2
05,10,0 06,08,0 06,09,0 06,10,0 07,10,0 T
09,06,0 09,08,0 10,06,0 10,07,0 10,08,0 U
04,06,0 04,07,0 05,05,0 05,06,0 06,05,0 W
03,04,0 04,03,0 04,04,0 04,05,0 05,04,0 X
01,04,0 02,04,0 02,04,1 02,05,0 03,05,0 S2
05,07,0 05,08,0 05,08,1 06,06,0 06,07,0 S1
06,04,0 07,03,0 07,04,0 08,03,0 08,03,1 N1
06,08,1 07,08,0 07,08,1 07,09,0 08,09,0 V2
01,03,0 02,02,0 02,03,0 02,03,1 03,03,0 T1
02,02,1 03,01,0 03,02,0 03,02,1 04,02,0 N2
04,01,0 04,02,1 05,01,0 05,02,0 05,02,1 A
05,03,0 06,01,0 06,02,0 06,02,1 06,03,0 L2
07,05,0 07,06,0 08,06,0 08,06,1 08,07,1 V1
08,04,0 08,04,1 08,05,0 08,05,1 09,05,0 Q
07,07,0 08,07,0 08,08,0 08,08,1 09,07,0 T2

V  V  V  Z  J2 T  T  T  P  P  P
V  Z  Z  Z  J2 J2 T  V2 V2 P  P
V  Z  L3 L3 J2 S1 T  V2 T2 U  U            J4 L3 J2 S1 V2 V2 T2
J4 J4 J4 L3 W  S1 S1 T2 T2 T2 U            J4                V1
L4 L4 L4 L3 W  W  S1 V1 V1 U  U            L4                V1
L  L  S2 S2 X  W  W  V1 Q  Q  Y            L4                Q
L  S2 S2 X  X  X  N1 N1 Q  Y  Y            S2                Q
L  T1 T1 T1 X  L2 L2 N1 N1 N  Y            T1                N1
L  F  T1 N2 N2 A  L2 J1 L1 N  Y            N2 N2 A  A  L2 J1 L1
F  F  F  N2 A  A  L2 J1 L1 N  N
F  I  I  I  I  I  J1 J1 L1 L1 N

solution 6:
00,00,0 00,01,0 01,01,0 01,02,0 02,01,0 F
01,00,0 02,00,0 03,00,0 04,00,0 05,00,0 I
00,02,0 00,03,0 00,04,0 00,05,0 01,05,0 L
09,01,0 09,02,0 09,03,0 10,00,0 10,01,0 N
09,04,0 10,02,0 10,03,0 10,04,0 10,05,0 Y
08,00,0 08,01,0 08,02,0 08,02,1 09,00,0 L1
06,00,0 07,00,0 07,01,0 07,02,0 07,02,1 J1
00,08,0 00,09,0 00,10,0 01,10,0 02,10,0 V
08,10,0 09,09,0 09,10,0 10,09,0 10,10,0 P
00,06,0 01,06,0 02,05,1 02,06,0 02,06,1 L4
00,07,0 01,07,0 02,07,0 02,07,1 02,08,0 L3
01,08,0 01,09,0 02,09,0 03,09,0 03,10,0 Z
02,08,1 03,06,0 03,07,0 03,08,0 03,08,1 J4
04,08,0 04,08,1 04,09,0 04,10,0 05,09,0 J2
05,10,0 06,08,0 06,09,0 06,10,0 07,10,0 T
09,06,0 09,08,0 10,06,0 10,07,0 10,08,0 U
04,06,0 04,07,0 05,05,0 05,06,0 06,05,0 W
03,04,0 04,03,0 04,04,0 04,05,0 05,04,0 X
01,04,0 02,04,0 02,04,1 02,05,0 03,05,0 S2
05,07,0 05,08,0 05,08,1 06,06,0 06,07,0 S1
06,04,0 07,03,0 07,04,0 08,03,0 08,03,1 N1
06,08,1 07,08,0 07,08,1 07,09,0 08,09,0 V2
01,03,0 02,02,0 02,03,0 02,03,1 03,03,0 T1
02,02,1 03,01,0 03,02,0 03,02,1 04,02,0 N2
04,01,0 04,02,1 05,01,0 05,02,0 05,02,1 A
05,03,0 06,01,0 06,02,0 06,02,1 06,03,0 L2
07,05,0 07,06,0 08,06,0 08,06,1 08,07,1 V1
08,04,0 08,04,1 08,05,0 08,05,1 09,05,0 Q
07,07,0 08,07,0 08,08,0 08,08,1 09,07,0 T2

V  V  V  Z  J2 T  T  T  P  P  P
V  Z  Z  Z  J2 J2 T  V2 V2 P  P
V  Z  L3 J4 J2 S1 T  V2 T2 U  U            J4 J4 J2 S1 V2 V2 T2
L3 L3 L3 J4 W  S1 S1 T2 T2 T2 U            L3                V1
L4 L4 L4 J4 W  W  S1 V1 V1 U  U            L4                V1
L  L  S2 S2 X  W  W  V1 Q  Q  Y            L4                Q
L  S2 S2 X  X  X  N1 N1 Q  Y  Y            S2                Q
L  T1 T1 T1 X  L2 L2 N1 N1 N  Y            T1                N1
L  F  T1 N2 N2 A  L2 J1 L1 N  Y            N2 N2 A  A  L2 J1 L1
F  F  F  N2 A  A  L2 J1 L1 N  N
F  I  I  I  I  I  J1 J1 L1 L1 N

solution 7:
00,00,0 00,01,0 01,01,0 01,02,0 02,01,0 F
01,00,0 02,00,0 03,00,0 04,00,0 05,00,0 I
00,02,0 00,03,0 00,04,0 00,05,0 01,05,0 L
09,01,0 09,02,0 09,03,0 10,00,0 10,01,0 N
09,04,0 10,02,0 10,03,0 10,04,0 10,05,0 Y
08,00,0 08,01,0 08,02,0 08,02,1 09,00,0 L1
06,00,0 07,00,0 07,01,0 07,02,0 07,02,1 J1
00,08,0 00,09,0 00,10,0 01,10,0 02,10,0 V
08,09,0 08,10,0 09,10,0 10,09,0 10,10,0 U
08,07,1 08,08,0 08,08,1 09,08,0 09,09,0 V1
08,07,0 09,07,0 10,06,0 10,07,0 10,08,0 T
05,10,0 06,09,0 06,10,0 07,09,0 07,10,0 P
00,06,0 01,06,0 02,05,1 02,06,0 02,06,1 L4
00,07,0 01,07,0 01,08,0 01,09,0 02,09,0 Z
02,08,0 03,08,0 03,08,1 03,09,0 03,10,0 L3
02,07,0 02,07,1 02,08,1 03,06,0 03,07,0 V2
04,08,0 04,08,1 04,09,0 04,10,0 05,08,1 J4
04,06,0 04,07,0 05,05,0 05,06,0 06,05,0 W
03,04,0 04,03,0 04,04,0 04,05,0 05,04,0 X
01,04,0 02,04,0 02,04,1 02,05,0 03,05,0 S2
05,07,0 05,08,0 05,09,0 06,08,0 06,08,1 T2
06,06,0 06,07,0 07,07,0 07,08,0 07,08,1 N1
01,03,0 02,02,0 02,03,0 02,03,1 03,03,0 T1
02,02,1 03,01,0 03,02,0 03,02,1 04,02,0 N2
04,01,0 04,02,1 05,01,0 05,02,0 05,02,1 A
05,03,0 06,01,0 06,02,0 06,02,1 06,03,0 L2
06,04,0 07,04,0 07,05,0 08,05,0 08,05,1 S1
07,06,0 08,06,0 08,06,1 09,05,0 09,06,0 J2
07,03,0 08,03,0 08,03,1 08,04,0 08,04,1 Q

V  V  V  L3 J4 P  P  P  U  U  U
V  Z  Z  L3 J4 T2 P  P  U  V1 U
V  Z  L3 L3 J4 T2 T2 N1 V1 V1 T            V2 L3 J4 J4 T2 N1 V1
Z  Z  V2 V2 W  T2 N1 N1 T  T  T            V2                V1
L4 L4 L4 V2 W  W  N1 J2 J2 J2 T            L4                J2
L  L  S2 S2 X  W  W  S1 S1 J2 Y            L4                S1
L  S2 S2 X  X  X  S1 S1 Q  Y  Y            S2                Q
L  T1 T1 T1 X  L2 L2 Q  Q  N  Y            T1                Q
L  F  T1 N2 N2 A  L2 J1 L1 N  Y            N2 N2 A  A  L2 J1 L1
F  F  F  N2 A  A  L2 J1 L1 N  N
F  I  I  I  I  I  J1 J1 L1 L1 N

Session interrupted by user.
7 solutions, 30793362 searches, duration 7:53:05.243000
