solving Pentacubes3x3x17Tower:

solution 1:
0,00,1 0,01,0 0,01,1 0,01,2 0,02,1 X
0,00,0 1,00,0 1,01,0 1,02,0 2,01,0 F
1,02,1 2,00,0 2,00,1 2,01,1 2,02,1 J1
0,00,2 1,00,1 1,00,2 2,00,2 2,01,2 J2
1,01,1 1,01,2 1,02,2 1,03,2 1,04,2 L
2,02,2 2,03,2 2,04,2 2,05,2 2,06,2 I
0,02,2 0,03,1 0,03,2 1,03,1 2,03,1 J4
1,04,0 2,02,0 2,03,0 2,04,0 2,04,1 L3
0,02,0 0,03,0 0,04,0 0,04,1 1,03,0 L2
0,04,2 0,05,1 0,05,2 1,04,1 1,05,1 A
1,05,2 1,06,0 1,06,1 1,06,2 2,06,0 L1
0,05,0 0,06,0 0,06,1 0,07,1 1,05,0 S1
2,05,0 2,05,1 2,06,1 2,07,0 2,07,1 U
0,06,2 0,07,2 0,08,2 1,08,1 1,08,2 L4
1,07,0 1,07,1 1,07,2 1,08,0 1,09,0 V
0,07,0 0,08,0 0,08,1 0,09,1 0,10,1 N
2,07,2 2,08,1 2,08,2 2,09,1 2,09,2 P
2,08,0 2,09,0 2,10,0 2,10,1 2,11,0 Y
0,09,0 0,10,0 1,10,0 1,10,1 1,11,0 N2
0,09,2 0,10,2 1,09,1 1,09,2 1,10,2 Q
1,11,2 2,10,2 2,11,1 2,11,2 2,12,1 S2
0,11,2 0,12,0 0,12,1 0,12,2 0,13,0 Z
0,11,0 0,11,1 1,11,1 1,12,1 1,12,2 V2
1,13,1 1,13,2 2,12,2 2,13,2 2,14,2 T2
1,12,0 2,12,0 2,13,0 2,13,1 2,14,1 N1
0,13,2 0,14,2 1,14,2 1,15,2 2,15,2 W
0,13,1 0,14,1 0,15,0 0,15,1 0,15,2 T
1,15,1 1,16,1 2,14,0 2,15,0 2,15,1 V1
0,14,0 1,13,0 1,14,0 1,14,1 1,15,0 T1

                V1
T  T1 V1     T  V1 V1     T  W  W
T1 T1 V1     T  T1 N1     W  W  T2
Z  T1 N1     T  T2 N1     W  T2 T2
Z  N1 N1     Z  V2 S2     Z  V2 T2
V2 N2 Y      V2 V2 S2     Z  S2 S2
N2 N2 Y      N  N2 Y      Q  Q  S2
N2 V  Y      N  Q  P      Q  Q  P
N  V  Y      N  L4 P      L4 L4 P
N  V  U      S1 V  U      L4 V  P
S1 L1 L1     S1 L1 U      L4 L1 I
S1 S1 U      A  A  U      A  L1 I
L2 L3 L3     L2 A  L3     A  L  I
L2 L2 L3     J4 J4 J4     J4 L  I
L2 F  L3     X  J1 J1     J4 L  I
X  F  F      X  L  J1     X  L  J2
F  F  J1     X  J2 J1     J2 J2 J2

solution 2:
0,00,1 0,01,0 0,01,1 0,01,2 0,02,1 X
0,00,0 1,00,0 1,01,0 1,02,0 2,01,0 F
1,02,1 2,00,0 2,00,1 2,01,1 2,02,1 J1
0,00,2 1,00,1 1,00,2 2,00,2 2,01,2 J2
1,01,1 1,01,2 1,02,2 1,03,2 1,04,2 L
2,02,2 2,03,2 2,04,2 2,05,2 2,06,2 I
0,02,2 0,03,1 0,03,2 1,03,1 2,03,1 J4
1,04,0 2,02,0 2,03,0 2,04,0 2,04,1 L3
0,02,0 0,03,0 0,04,0 0,04,1 1,03,0 L2
0,04,2 0,05,1 0,05,2 1,04,1 1,05,1 A
1,05,2 1,06,0 1,06,1 1,06,2 2,06,0 L1
0,05,0 0,06,0 0,06,1 0,07,1 1,05,0 S1
2,05,0 2,05,1 2,06,1 2,07,0 2,07,1 U
0,06,2 0,07,2 0,08,2 1,08,1 1,08,2 L4
1,07,0 1,07,1 1,07,2 1,08,0 1,09,0 V
0,07,0 0,08,0 0,08,1 0,09,1 0,10,1 N
2,07,2 2,08,1 2,08,2 2,09,1 2,09,2 P
2,08,0 2,09,0 2,10,0 2,10,1 2,11,0 Y
0,09,0 0,10,0 0,11,0 1,10,0 1,10,1 T2
0,09,2 1,09,1 1,09,2 1,10,2 2,10,2 N2
0,10,2 0,11,2 1,11,1 1,11,2 2,11,1 N1
2,11,2 2,12,0 2,12,1 2,12,2 2,13,2 T
0,12,0 1,11,0 1,12,0 1,12,1 1,13,0 T1
0,11,1 0,12,1 0,12,2 1,12,2 1,13,2 V2
0,13,0 0,13,1 0,14,1 0,15,1 0,15,2 Z
0,13,2 0,14,2 1,14,2 1,15,2 2,15,2 W
1,15,1 1,16,1 2,14,0 2,15,0 2,15,1 V1
0,14,0 0,15,0 1,14,0 1,14,1 1,15,0 Q
1,13,1 2,13,0 2,13,1 2,14,1 2,14,2 S2

                V1
Q  Q  V1     Z  V1 V1     Z  W  W
Q  Q  V1     Z  Q  S2     W  W  S2
Z  T1 S2     Z  S2 S2     W  V2 T
T1 T1 T      V2 T1 T      V2 V2 T
T2 T1 Y      V2 N1 N1     N1 N1 T
T2 T2 Y      N  T2 Y      N1 N2 N2
T2 V  Y      N  N2 P      N2 N2 P
N  V  Y      N  L4 P      L4 L4 P
N  V  U      S1 V  U      L4 V  P
S1 L1 L1     S1 L1 U      L4 L1 I
S1 S1 U      A  A  U      A  L1 I
L2 L3 L3     L2 A  L3     A  L  I
L2 L2 L3     J4 J4 J4     J4 L  I
L2 F  L3     X  J1 J1     J4 L  I
X  F  F      X  L  J1     X  L  J2
F  F  J1     X  J2 J1     J2 J2 J2

solution 3:
0,00,1 0,01,0 0,01,1 0,01,2 0,02,1 X
0,00,0 1,00,0 1,01,0 1,02,0 2,01,0 F
1,02,1 2,00,0 2,00,1 2,01,1 2,02,1 J1
0,00,2 1,00,1 1,00,2 2,00,2 2,01,2 J2
1,01,1 1,01,2 1,02,2 1,03,2 1,04,2 L
2,02,2 2,03,2 2,04,2 2,05,2 2,06,2 I
0,02,2 0,03,1 0,03,2 1,03,1 2,03,1 J4
1,04,0 2,02,0 2,03,0 2,04,0 2,04,1 L3
0,02,0 0,03,0 0,04,0 0,04,1 1,03,0 L2
0,04,2 0,05,1 0,05,2 1,04,1 1,05,1 A
1,05,2 1,06,0 1,06,1 1,06,2 2,06,0 L1
0,05,0 0,06,0 0,06,1 0,07,1 1,05,0 S1
2,05,0 2,05,1 2,06,1 2,07,0 2,07,1 U
0,06,2 0,07,2 0,08,2 1,08,1 1,08,2 L4
1,07,0 1,07,1 1,07,2 1,08,0 1,09,0 V
0,07,0 0,08,0 0,08,1 0,09,1 0,10,1 N
2,07,2 2,08,1 2,08,2 2,09,1 2,09,2 P
2,08,0 2,09,0 2,10,0 2,10,1 2,11,0 Y
0,09,0 0,10,0 0,11,0 1,10,0 1,10,1 T2
0,09,2 1,09,1 1,09,2 1,10,2 2,10,2 N2
0,10,2 0,11,2 1,11,1 1,11,2 2,11,1 N1
2,11,2 2,12,0 2,12,1 2,12,2 2,13,0 Z
0,12,0 0,13,0 1,11,0 1,12,0 1,12,1 S2
0,11,1 0,12,1 0,12,2 1,12,2 1,13,2 V2
0,13,2 0,14,2 1,14,2 1,15,2 2,15,2 W
1,13,1 2,13,1 2,13,2 2,14,1 2,14,2 Q
0,13,1 0,14,1 0,15,0 0,15,1 0,15,2 T
1,15,1 1,16,1 2,14,0 2,15,0 2,15,1 V1
0,14,0 1,13,0 1,14,0 1,14,1 1,15,0 T1

                V1
T  T1 V1     T  V1 V1     T  W  W
T1 T1 V1     T  T1 Q      W  W  Q
S2 T1 Z      T  Q  Q      W  V2 Q
S2 S2 Z      V2 S2 Z      V2 V2 Z
T2 S2 Y      V2 N1 N1     N1 N1 Z
T2 T2 Y      N  T2 Y      N1 N2 N2
T2 V  Y      N  N2 P      N2 N2 P
N  V  Y      N  L4 P      L4 L4 P
N  V  U      S1 V  U      L4 V  P
S1 L1 L1     S1 L1 U      L4 L1 I
S1 S1 U      A  A  U      A  L1 I
L2 L3 L3     L2 A  L3     A  L  I
L2 L2 L3     J4 J4 J4     J4 L  I
L2 F  L3     X  J1 J1     J4 L  I
X  F  F      X  L  J1     X  L  J2
F  F  J1     X  J2 J1     J2 J2 J2

solution 4:
0,00,1 0,01,0 0,01,1 0,01,2 0,02,1 X
0,00,0 1,00,0 1,01,0 1,02,0 2,01,0 F
1,02,1 2,00,0 2,00,1 2,01,1 2,02,1 J1
0,00,2 1,00,1 1,00,2 2,00,2 2,01,2 J2
1,01,1 1,01,2 1,02,2 1,03,2 1,04,2 L
2,02,2 2,03,2 2,04,2 2,05,2 2,06,2 I
0,02,2 0,03,1 0,03,2 1,03,1 2,03,1 J4
1,04,0 2,02,0 2,03,0 2,04,0 2,04,1 L3
0,02,0 0,03,0 0,04,0 0,04,1 1,03,0 L2
0,04,2 0,05,1 0,05,2 1,04,1 1,05,1 A
1,05,2 1,06,0 1,06,1 1,06,2 2,06,0 L1
0,05,0 0,06,0 0,06,1 0,07,1 1,05,0 S1
2,05,0 2,05,1 2,06,1 2,07,0 2,07,1 U
0,06,2 0,07,2 0,08,2 1,08,1 1,08,2 L4
1,07,0 1,07,1 1,07,2 1,08,0 1,09,0 V
0,07,0 0,08,0 0,08,1 0,09,1 0,10,1 N
2,07,2 2,08,1 2,08,2 2,09,1 2,09,2 P
2,08,0 2,09,0 2,10,0 2,10,1 2,11,0 Y
0,09,0 0,10,0 0,11,0 1,10,0 1,10,1 T2
0,09,2 1,09,1 1,09,2 1,10,2 2,10,2 N2
0,10,2 0,11,2 1,11,1 1,11,2 2,11,1 N1
0,12,2 0,13,2 1,12,2 2,11,2 2,12,2 Z
0,11,1 0,12,0 0,12,1 0,13,1 1,12,1 T1
1,11,0 1,12,0 2,12,0 2,12,1 2,13,1 V1
0,14,1 1,13,0 1,13,1 1,14,1 2,13,0 V2
0,13,0 0,14,0 0,15,0 1,14,0 2,14,0 T
0,14,2 0,15,2 1,13,2 1,14,2 2,13,2 W
0,15,1 1,15,0 1,15,1 1,16,1 2,15,0 S2
1,15,2 2,14,1 2,14,2 2,15,1 2,15,2 Q

                S2
T  S2 S2     S2 S2 Q      W  Q  Q
T  T  T      V2 V2 Q      W  W  Q
T  V2 V2     T1 V2 V1     Z  W  W
T1 V1 V1     T1 T1 V1     Z  Z  Z
T2 V1 Y      T1 N1 N1     N1 N1 Z
T2 T2 Y      N  T2 Y      N1 N2 N2
T2 V  Y      N  N2 P      N2 N2 P
N  V  Y      N  L4 P      L4 L4 P
N  V  U      S1 V  U      L4 V  P
S1 L1 L1     S1 L1 U      L4 L1 I
S1 S1 U      A  A  U      A  L1 I
L2 L3 L3     L2 A  L3     A  L  I
L2 L2 L3     J4 J4 J4     J4 L  I
L2 F  L3     X  J1 J1     J4 L  I
X  F  F      X  L  J1     X  L  J2
F  F  J1     X  J2 J1     J2 J2 J2

solution 5:
0,00,1 0,01,0 0,01,1 0,01,2 0,02,1 X
0,00,0 1,00,0 1,01,0 1,02,0 2,01,0 F
1,02,1 2,00,0 2,00,1 2,01,1 2,02,1 J1
0,00,2 1,00,1 1,00,2 2,00,2 2,01,2 J2
1,01,1 1,01,2 1,02,2 1,03,2 1,04,2 L
2,02,2 2,03,2 2,04,2 2,05,2 2,06,2 I
0,02,2 0,03,1 0,03,2 1,03,1 2,03,1 J4
1,04,0 2,02,0 2,03,0 2,04,0 2,04,1 L3
0,02,0 0,03,0 0,04,0 0,04,1 1,03,0 L2
0,04,2 0,05,1 0,05,2 1,04,1 1,05,1 A
1,05,2 1,06,0 1,06,1 1,06,2 2,06,0 L1
0,05,0 0,06,0 0,06,1 0,07,1 1,05,0 S1
2,05,0 2,05,1 2,06,1 2,07,0 2,07,1 U
0,06,2 0,07,2 0,08,2 1,08,1 1,08,2 L4
1,07,0 1,07,1 1,07,2 1,08,0 1,09,0 V
0,07,0 0,08,0 0,08,1 0,09,1 0,10,1 N
2,07,2 2,08,1 2,08,2 2,09,1 2,09,2 P
2,08,0 2,09,0 2,10,0 2,10,1 2,11,0 Y
0,09,0 0,10,0 0,11,0 1,10,0 1,10,1 T2
0,09,2 1,09,1 1,09,2 1,10,2 2,10,2 N2
0,10,2 0,11,2 1,11,1 1,11,2 2,11,1 N1
0,12,2 0,13,2 1,12,2 2,11,2 2,12,2 Z
0,11,1 0,12,0 0,12,1 0,13,1 1,12,1 T1
1,11,0 1,12,0 2,12,0 2,12,1 2,13,1 V1
2,13,0 2,14,0 2,14,1 2,15,1 2,15,2 W
1,13,1 1,13,2 1,14,2 2,13,2 2,14,2 Q
0,15,0 1,13,0 1,14,0 1,15,0 2,15,0 T
0,13,0 0,14,0 0,14,1 0,15,1 1,14,1 S2
0,14,2 0,15,2 1,15,1 1,15,2 1,16,1 V2

                V2
T  T  T      S2 V2 W      V2 V2 W
S2 T  W      S2 S2 W      V2 Q  Q
S2 T  W      T1 Q  V1     Z  Q  Q
T1 V1 V1     T1 T1 V1     Z  Z  Z
T2 V1 Y      T1 N1 N1     N1 N1 Z
T2 T2 Y      N  T2 Y      N1 N2 N2
T2 V  Y      N  N2 P      N2 N2 P
N  V  Y      N  L4 P      L4 L4 P
N  V  U      S1 V  U      L4 V  P
S1 L1 L1     S1 L1 U      L4 L1 I
S1 S1 U      A  A  U      A  L1 I
L2 L3 L3     L2 A  L3     A  L  I
L2 L2 L3     J4 J4 J4     J4 L  I
L2 F  L3     X  J1 J1     J4 L  I
X  F  F      X  L  J1     X  L  J2
F  F  J1     X  J2 J1     J2 J2 J2

solution 6:
0,00,1 0,01,0 0,01,1 0,01,2 0,02,1 X
0,00,0 1,00,0 1,01,0 1,02,0 2,01,0 F
1,02,1 2,00,0 2,00,1 2,01,1 2,02,1 J1
0,00,2 1,00,1 1,00,2 2,00,2 2,01,2 J2
1,01,1 1,01,2 1,02,2 1,03,2 1,04,2 L
2,02,2 2,03,2 2,04,2 2,05,2 2,06,2 I
0,02,2 0,03,1 0,03,2 1,03,1 2,03,1 J4
1,04,0 2,02,0 2,03,0 2,04,0 2,04,1 L3
0,02,0 0,03,0 0,04,0 0,04,1 1,03,0 L2
0,04,2 0,05,1 0,05,2 1,04,1 1,05,1 A
1,05,2 1,06,0 1,06,1 1,06,2 2,06,0 L1
0,05,0 0,06,0 0,06,1 0,07,1 1,05,0 S1
2,05,0 2,05,1 2,06,1 2,07,0 2,07,1 U
0,06,2 0,07,2 0,08,2 1,08,1 1,08,2 L4
1,07,0 1,07,1 1,07,2 1,08,0 1,09,0 V
0,07,0 0,08,0 0,08,1 0,09,1 0,10,1 N
2,07,2 2,08,1 2,08,2 2,09,1 2,09,2 P
2,08,0 2,09,0 2,10,0 2,10,1 2,11,0 Y
0,09,0 0,10,0 0,11,0 1,10,0 1,10,1 T2
0,09,2 1,09,1 1,09,2 1,10,2 2,10,2 N2
0,10,2 0,11,2 0,12,2 1,11,2 2,11,2 T
0,11,1 0,12,1 1,12,0 1,12,1 2,12,0 N1
1,11,0 1,11,1 2,11,1 2,12,1 2,12,2 V2
0,12,0 0,13,0 0,13,1 0,14,0 1,13,0 T1
0,13,2 1,12,2 1,13,1 1,13,2 1,14,1 S2
0,15,0 1,14,0 1,15,0 2,13,0 2,14,0 W
2,13,1 2,13,2 2,14,1 2,15,0 2,15,1 Z
1,15,1 1,15,2 1,16,1 2,14,2 2,15,2 V1
0,14,1 0,14,2 0,15,1 0,15,2 1,14,2 Q

                V1
W  W  Z      Q  V1 Z      Q  V1 V1
T1 W  W      Q  S2 Z      Q  Q  V1
T1 T1 W      T1 S2 Z      S2 S2 Z
T1 N1 N1     N1 N1 V2     T  S2 V2
T2 V2 Y      N1 V2 V2     T  T  T
T2 T2 Y      N  T2 Y      T  N2 N2
T2 V  Y      N  N2 P      N2 N2 P
N  V  Y      N  L4 P      L4 L4 P
N  V  U      S1 V  U      L4 V  P
S1 L1 L1     S1 L1 U      L4 L1 I
S1 S1 U      A  A  U      A  L1 I
L2 L3 L3     L2 A  L3     A  L  I
L2 L2 L3     J4 J4 J4     J4 L  I
L2 F  L3     X  J1 J1     J4 L  I
X  F  F      X  L  J1     X  L  J2
F  F  J1     X  J2 J1     J2 J2 J2

solution 7:
0,00,1 0,01,0 0,01,1 0,01,2 0,02,1 X
0,00,0 1,00,0 1,01,0 1,02,0 2,01,0 F
1,02,1 2,00,0 2,00,1 2,01,1 2,02,1 J1
0,00,2 1,00,1 1,00,2 2,00,2 2,01,2 J2
1,01,1 1,01,2 1,02,2 1,03,2 1,04,2 L
2,02,2 2,03,2 2,04,2 2,05,2 2,06,2 I
0,02,2 0,03,1 0,03,2 1,03,1 2,03,1 J4
1,04,0 2,02,0 2,03,0 2,04,0 2,04,1 L3
0,02,0 0,03,0 0,04,0 0,04,1 1,03,0 L2
0,04,2 0,05,1 0,05,2 1,04,1 1,05,1 A
1,05,2 1,06,0 1,06,1 1,06,2 2,06,0 L1
0,05,0 0,06,0 0,06,1 0,07,1 1,05,0 S1
2,05,0 2,05,1 2,06,1 2,07,0 2,07,1 U
0,06,2 0,07,2 0,08,2 1,08,1 1,08,2 L4
1,07,0 1,07,1 1,07,2 1,08,0 1,09,0 V
0,07,0 0,08,0 0,08,1 0,09,1 0,10,1 N
2,07,2 2,08,1 2,08,2 2,09,1 2,09,2 P
2,08,0 2,09,0 2,10,0 2,10,1 2,11,0 Y
0,09,0 0,10,0 0,11,0 1,10,0 1,10,1 T2
0,09,2 1,09,1 1,09,2 1,10,2 2,10,2 N2
0,10,2 0,11,2 0,12,2 1,11,2 2,11,2 T
0,11,1 0,12,0 0,12,1 1,12,0 1,12,1 Q
1,11,0 1,11,1 2,11,1 2,12,1 2,12,2 V2
1,13,0 2,12,0 2,13,0 2,13,1 2,14,0 T1
0,13,1 0,13,2 0,14,1 1,12,2 1,13,2 V1
0,13,0 0,14,0 1,14,0 1,15,0 2,15,0 W
0,14,2 0,15,2 1,14,2 2,13,2 2,14,2 Z
1,13,1 1,14,1 2,14,1 2,15,1 2,15,2 N1
0,15,0 0,15,1 1,15,1 1,15,2 1,16,1 S2

                S2
S2 W  W      S2 S2 N1     Z  S2 N1
W  W  T1     V1 N1 N1     Z  Z  Z
W  T1 T1     V1 N1 T1     V1 V1 Z
Q  Q  T1     Q  Q  V2     T  V1 V2
T2 V2 Y      Q  V2 V2     T  T  T
T2 T2 Y      N  T2 Y      T  N2 N2
T2 V  Y      N  N2 P      N2 N2 P
N  V  Y      N  L4 P      L4 L4 P
N  V  U      S1 V  U      L4 V  P
S1 L1 L1     S1 L1 U      L4 L1 I
S1 S1 U      A  A  U      A  L1 I
L2 L3 L3     L2 A  L3     A  L  I
L2 L2 L3     J4 J4 J4     J4 L  I
L2 F  L3     X  J1 J1     J4 L  I
X  F  F      X  L  J1     X  L  J2
F  F  J1     X  J2 J1     J2 J2 J2

solution 8:
0,00,1 0,01,0 0,01,1 0,01,2 0,02,1 X
0,00,0 1,00,0 1,01,0 1,02,0 2,01,0 F
1,02,1 2,00,0 2,00,1 2,01,1 2,02,1 J1
0,00,2 1,00,1 1,00,2 2,00,2 2,01,2 J2
1,01,1 1,01,2 1,02,2 1,03,2 1,04,2 L
2,02,2 2,03,2 2,04,2 2,05,2 2,06,2 I
0,02,2 0,03,1 0,03,2 1,03,1 2,03,1 J4
1,04,0 2,02,0 2,03,0 2,04,0 2,04,1 L3
0,02,0 0,03,0 0,04,0 0,04,1 1,03,0 L2
0,04,2 0,05,1 0,05,2 1,04,1 1,05,1 A
1,05,2 1,06,0 1,06,1 1,06,2 2,06,0 L1
0,05,0 0,06,0 0,06,1 0,07,1 1,05,0 S1
2,05,0 2,05,1 2,06,1 2,07,0 2,07,1 U
0,06,2 0,07,2 0,08,2 1,08,1 1,08,2 L4
1,07,0 1,07,1 1,07,2 1,08,0 1,09,0 V
0,07,0 0,08,0 0,08,1 0,09,1 0,10,1 N
2,07,2 2,08,1 2,08,2 2,09,1 2,09,2 P
2,08,0 2,09,0 2,10,0 2,10,1 2,11,0 Y
0,09,0 0,10,0 0,11,0 1,10,0 1,10,1 T2
0,09,2 1,09,1 1,09,2 1,10,2 2,10,2 N2
0,10,2 0,11,1 0,11,2 0,12,2 1,11,2 T1
1,11,0 1,11,1 2,11,1 2,11,2 2,12,1 S2
1,15,1 1,16,1 2,14,0 2,15,0 2,15,1 V1
0,14,0 0,14,1 0,15,0 0,15,1 1,15,0 Q
0,15,2 1,13,1 1,14,1 1,14,2 1,15,2 N1
0,12,0 1,12,0 1,13,0 1,14,0 2,12,0 T
0,13,2 0,14,2 1,13,2 2,12,2 2,13,2 Z
0,12,1 0,13,0 0,13,1 1,12,1 1,12,2 V2
2,13,0 2,13,1 2,14,1 2,14,2 2,15,2 W

                V1
Q  Q  V1     Q  V1 V1     N1 N1 W
Q  T  V1     Q  N1 W      Z  N1 W
V2 T  W      V2 N1 W      Z  Z  Z
T  T  T      V2 V2 S2     T1 V2 Z
T2 S2 Y      T1 S2 S2     T1 T1 S2
T2 T2 Y      N  T2 Y      T1 N2 N2
T2 V  Y      N  N2 P      N2 N2 P
N  V  Y      N  L4 P      L4 L4 P
N  V  U      S1 V  U      L4 V  P
S1 L1 L1     S1 L1 U      L4 L1 I
S1 S1 U      A  A  U      A  L1 I
L2 L3 L3     L2 A  L3     A  L  I
L2 L2 L3     J4 J4 J4     J4 L  I
L2 F  L3     X  J1 J1     J4 L  I
X  F  F      X  L  J1     X  L  J2
F  F  J1     X  J2 J1     J2 J2 J2

solution 9:
0,00,1 0,01,0 0,01,1 0,01,2 0,02,1 X
0,00,0 1,00,0 1,01,0 1,02,0 2,01,0 F
1,02,1 2,00,0 2,00,1 2,01,1 2,02,1 J1
0,00,2 1,00,1 1,00,2 2,00,2 2,01,2 J2
1,01,1 1,01,2 1,02,2 1,03,2 1,04,2 L
2,02,2 2,03,2 2,04,2 2,05,2 2,06,2 I
0,02,2 0,03,1 0,03,2 1,03,1 2,03,1 J4
1,04,0 2,02,0 2,03,0 2,04,0 2,04,1 L3
0,02,0 0,03,0 0,04,0 0,04,1 1,03,0 L2
0,04,2 0,05,1 0,05,2 1,04,1 1,05,1 A
1,05,2 1,06,0 1,06,1 1,06,2 2,06,0 L1
0,05,0 0,06,0 0,06,1 0,07,1 1,05,0 S1
2,05,0 2,05,1 2,06,1 2,07,0 2,07,1 U
0,06,2 0,07,2 0,08,2 1,08,1 1,08,2 L4
1,07,0 1,07,1 1,07,2 1,08,0 1,09,0 V
0,07,0 0,08,0 0,08,1 0,09,1 0,10,1 N
2,07,2 2,08,1 2,08,2 2,09,1 2,09,2 P
2,08,0 2,09,0 2,10,0 2,10,1 2,11,0 Y
0,09,0 0,10,0 0,11,0 1,10,0 1,10,1 T2
0,09,2 1,09,1 1,09,2 1,10,2 2,10,2 N2
0,10,2 0,11,1 0,11,2 0,12,2 1,11,2 T1
1,11,0 1,11,1 2,11,1 2,11,2 2,12,1 S2
1,15,0 1,15,1 1,16,1 2,14,0 2,15,0 V2
0,13,2 0,14,1 0,14,2 0,15,0 0,15,1 W
0,15,2 1,13,2 1,14,2 1,15,2 2,15,2 T
0,14,0 1,14,0 1,14,1 2,14,1 2,15,1 N1
0,13,1 1,12,1 1,12,2 1,13,1 2,12,2 V1
2,12,0 2,13,0 2,13,1 2,13,2 2,14,2 Z
0,12,0 0,12,1 0,13,0 1,12,0 1,13,0 Q

                V2
W  V2 V2     W  V2 N1     T  T  T
N1 N1 V2     W  N1 N1     W  T  Z
Q  Q  Z      V1 V1 Z      W  T  Z
Q  Q  Z      Q  V1 S2     T1 V1 V1
T2 S2 Y      T1 S2 S2     T1 T1 S2
T2 T2 Y      N  T2 Y      T1 N2 N2
T2 V  Y      N  N2 P      N2 N2 P
N  V  Y      N  L4 P      L4 L4 P
N  V  U      S1 V  U      L4 V  P
S1 L1 L1     S1 L1 U      L4 L1 I
S1 S1 U      A  A  U      A  L1 I
L2 L3 L3     L2 A  L3     A  L  I
L2 L2 L3     J4 J4 J4     J4 L  I
L2 F  L3     X  J1 J1     J4 L  I
X  F  F      X  L  J1     X  L  J2
F  F  J1     X  J2 J1     J2 J2 J2

solution 10:
0,00,1 0,01,0 0,01,1 0,01,2 0,02,1 X
0,00,0 1,00,0 1,01,0 1,02,0 2,01,0 F
1,02,1 2,00,0 2,00,1 2,01,1 2,02,1 J1
0,00,2 1,00,1 1,00,2 2,00,2 2,01,2 J2
1,01,1 1,01,2 1,02,2 1,03,2 1,04,2 L
2,02,2 2,03,2 2,04,2 2,05,2 2,06,2 I
0,02,2 0,03,1 0,03,2 1,03,1 2,03,1 J4
1,04,0 2,02,0 2,03,0 2,04,0 2,04,1 L3
0,02,0 0,03,0 0,04,0 0,04,1 1,03,0 L2
0,04,2 0,05,1 0,05,2 1,04,1 1,05,1 A
1,05,2 1,06,0 1,06,1 1,06,2 2,06,0 L1
0,05,0 0,06,0 0,06,1 0,07,1 1,05,0 S1
2,05,0 2,05,1 2,06,1 2,07,0 2,07,1 U
0,06,2 0,07,2 0,08,2 1,08,1 1,08,2 L4
1,07,0 1,07,1 1,07,2 1,08,0 1,09,0 V
0,07,0 0,08,0 0,08,1 0,09,1 0,10,1 N
2,07,2 2,08,1 2,08,2 2,09,1 2,09,2 P
2,08,0 2,09,0 2,10,0 2,10,1 2,11,0 Y
0,09,0 0,10,0 0,11,0 1,10,0 1,10,1 T2
0,09,2 1,09,1 1,09,2 1,10,2 2,10,2 N2
0,10,2 0,11,1 0,11,2 0,12,2 1,11,2 T1
2,11,2 2,12,0 2,12,1 2,12,2 2,13,2 T
0,12,0 1,11,0 1,11,1 1,12,0 2,11,1 V1
0,12,1 1,12,1 1,12,2 1,13,1 2,13,1 S2
0,14,0 0,15,0 0,15,1 1,15,1 1,16,1 V2
0,13,0 0,13,1 0,14,1 0,14,2 0,15,2 W
0,13,2 1,13,2 1,14,2 1,15,2 2,15,2 Z
1,15,0 2,14,1 2,14,2 2,15,0 2,15,1 N1
1,13,0 1,14,0 1,14,1 2,13,0 2,14,0 Q

                V2
V2 N1 N1     V2 V2 N1     W  Z  Z
V2 Q  Q      W  Q  N1     W  Z  N1
W  Q  Q      W  S2 S2     Z  Z  T
V1 V1 T      S2 S2 T      T1 S2 T
T2 V1 Y      T1 V1 V1     T1 T1 T
T2 T2 Y      N  T2 Y      T1 N2 N2
T2 V  Y      N  N2 P      N2 N2 P
N  V  Y      N  L4 P      L4 L4 P
N  V  U      S1 V  U      L4 V  P
S1 L1 L1     S1 L1 U      L4 L1 I
S1 S1 U      A  A  U      A  L1 I
L2 L3 L3     L2 A  L3     A  L  I
L2 L2 L3     J4 J4 J4     J4 L  I
L2 F  L3     X  J1 J1     J4 L  I
X  F  F      X  L  J1     X  L  J2
F  F  J1     X  J2 J1     J2 J2 J2

...

solution 90:
0,00,1 0,01,0 0,01,1 0,01,2 0,02,1 X
0,00,0 1,00,0 1,01,0 1,02,0 2,01,0 F
1,02,1 2,00,0 2,00,1 2,01,1 2,02,1 J1
0,00,2 1,00,1 1,00,2 2,00,2 2,01,2 J2
1,01,1 1,01,2 1,02,2 1,03,2 1,04,2 L
2,02,2 2,03,2 2,04,2 2,05,2 2,06,2 I
0,02,2 0,03,1 0,03,2 1,03,1 2,03,1 J4
1,04,0 2,02,0 2,03,0 2,04,0 2,04,1 L3
0,02,0 0,03,0 0,04,0 0,04,1 1,03,0 L2
0,04,2 0,05,1 0,05,2 1,04,1 1,05,1 A
1,05,2 1,06,0 1,06,1 1,06,2 2,06,0 L1
0,05,0 0,06,0 0,06,1 0,07,1 1,05,0 S1
2,05,0 2,05,1 2,06,1 2,07,0 2,07,1 U
0,06,2 0,07,2 0,08,2 1,08,1 1,08,2 L4
1,07,0 1,07,1 1,07,2 1,08,0 1,09,0 V
0,07,0 0,08,0 0,08,1 0,09,1 0,10,1 N
2,07,2 2,08,0 2,08,1 2,08,2 2,09,2 T
0,09,0 0,10,0 1,10,0 1,11,0 1,11,1 N1
2,09,0 2,09,1 2,10,0 2,10,1 2,10,2 P
0,09,2 1,09,1 1,09,2 1,10,1 1,10,2 Q
0,10,2 0,11,1 0,11,2 0,12,2 1,11,2 T1
0,11,0 0,12,0 0,12,1 0,13,1 1,12,0 S2
2,11,0 2,11,1 2,12,1 2,13,1 2,13,2 Z
1,12,1 1,12,2 1,13,1 2,11,2 2,12,2 V1
1,13,0 2,12,0 2,13,0 2,14,0 2,15,0 Y
0,13,0 0,14,0 1,14,0 1,14,1 1,15,0 N2
0,13,2 0,14,1 0,14,2 0,15,0 0,15,1 W
0,15,2 1,15,1 1,15,2 1,16,1 2,15,2 T2
1,13,2 1,14,2 2,14,1 2,14,2 2,15,1 V2

                T2
W  N2 Y      W  T2 V2     T2 T2 T2
N2 N2 Y      W  N2 V2     W  V2 V2
N2 Y  Y      S2 V1 Z      W  V2 Z
S2 S2 Y      S2 V1 Z      T1 V1 V1
S2 N1 Z      T1 N1 Z      T1 T1 V1
N1 N1 P      N  Q  P      T1 Q  P
N1 V  P      N  Q  P      Q  Q  T
N  V  T      N  L4 T      L4 L4 T
N  V  U      S1 V  U      L4 V  T
S1 L1 L1     S1 L1 U      L4 L1 I
S1 S1 U      A  A  U      A  L1 I
L2 L3 L3     L2 A  L3     A  L  I
L2 L2 L3     J4 J4 J4     J4 L  I
L2 F  L3     X  J1 J1     J4 L  I
X  F  F      X  L  J1     X  L  J2
F  F  J1     X  J2 J1     J2 J2 J2

