solving Pentacubes2x7x15OpenBox:

solution 1 (430,020 searches):
0,00,0 0,01,0 0,01,1 0,02,0 1,01,0 T15
0,00,1 1,00,1 2,00,1 3,00,1 4,00,1 I5
0,02,1 0,03,0 0,03,1 1,02,0 1,03,0 A5
1,00,0 2,00,0 2,01,0 2,02,0 3,01,0 F5
3,00,0 4,00,0 4,01,0 5,00,0 5,00,1 J25
5,01,0 6,00,0 6,00,1 6,01,0 6,02,0 L25
5,03,0 6,01,1 6,02,1 6,03,0 6,03,1 L45
4,02,0 4,03,0 4,04,0 4,05,0 5,02,0 L5
2,03,0 2,04,0 3,02,0 3,03,0 3,04,0 P5
5,04,0 6,04,0 6,04,1 6,05,1 6,06,1 J45
0,04,1 0,05,0 0,05,1 0,06,0 1,06,0 N15
0,04,0 1,04,0 1,05,0 2,05,0 3,05,0 N5
0,06,1 0,07,0 0,07,1 0,08,0 1,07,0 N25
0,08,1 0,09,0 0,09,1 0,10,1 1,09,0 T25
5,05,0 6,05,0 6,06,0 6,07,0 6,07,1 J15
5,07,0 5,08,0 6,08,0 6,08,1 6,09,1 V15
2,06,0 3,06,0 3,07,0 4,06,0 5,06,0 Y5
1,08,0 2,07,0 2,08,0 2,09,0 3,08,0 X5
3,09,0 4,07,0 4,08,0 4,09,0 5,09,0 T5
4,10,0 4,11,0 5,10,0 6,09,0 6,10,0 Z5
5,11,0 6,10,1 6,11,0 6,11,1 6,12,0 S25
5,13,0 5,14,0 6,12,1 6,13,0 6,13,1 V25
4,14,0 4,14,1 5,14,1 6,14,0 6,14,1 U5
3,13,0 3,14,0 4,12,0 4,13,0 5,12,0 W5
1,13,0 1,14,0 2,14,0 2,14,1 3,14,1 S15
0,12,0 0,12,1 1,12,0 2,12,0 2,13,0 L15
0,10,0 0,11,0 0,11,1 1,11,0 2,11,0 L35
0,13,0 0,13,1 0,14,0 0,14,1 1,14,1 Q5
1,10,0 2,10,0 3,10,0 3,11,0 3,12,0 V5

Q5  S15 S15 W5  U5  V25 U5      Q5  Q5  S15 S15 U5  U5  U5
Q5  S15 L15 W5  W5  V25 V25     Q5                      V25
L15 L15 L15 V5  W5  W5  S25     L15                     V25
L35 L35 L35 V5  Z5  S25 S25     L35                     S25
L35 V5  V5  V5  Z5  Z5  Z5      T25                     S25
T25 T25 X5  T5  T5  T5  Z5      T25                     V15
N25 X5  X5  X5  T5  V15 V15     T25                     V15
N25 N25 X5  Y5  T5  V15 J15     N25                     J15
N15 N15 Y5  Y5  Y5  Y5  J15     N25                     J45
N15 N5  N5  N5  L5  J15 J15     N15                     J45
N5  N5  P5  P5  L5  J45 J45     N15                     J45
A5  A5  P5  P5  L5  L45 L45     A5                      L45
T15 A5  F5  P5  L5  L5  L25     A5                      L45
T15 T15 F5  F5  J25 L25 L25     T15                     L45
T15 F5  F5  J25 J25 J25 L25     I5  I5  I5  I5  I5  J25 L25

solution 2 (436,102 searches):
0,00,0 0,01,0 0,01,1 0,02,0 1,01,0 T15
0,00,1 1,00,1 2,00,1 3,00,1 4,00,1 I5
0,02,1 0,03,0 0,03,1 1,02,0 1,03,0 A5
1,00,0 2,00,0 2,01,0 2,02,0 3,01,0 F5
3,00,0 4,00,0 4,01,0 5,00,0 5,00,1 J25
5,01,0 6,00,0 6,00,1 6,01,0 6,02,0 L25
5,03,0 6,01,1 6,02,1 6,03,0 6,03,1 L45
4,02,0 4,03,0 4,04,0 4,05,0 5,02,0 L5
2,03,0 2,04,0 3,02,0 3,03,0 3,04,0 P5
5,04,0 6,04,0 6,04,1 6,05,1 6,06,1 J45
0,04,1 0,05,0 0,05,1 0,06,0 1,06,0 N15
0,04,0 1,04,0 1,05,0 2,05,0 3,05,0 N5
0,06,1 0,07,0 0,07,1 0,08,1 1,07,0 T25
5,05,0 6,05,0 6,06,0 6,07,0 6,07,1 J15
5,07,0 5,08,0 6,08,0 6,08,1 6,09,1 V15
2,06,0 3,06,0 3,07,0 4,06,0 5,06,0 Y5
3,09,0 4,07,0 4,08,0 4,09,0 5,09,0 T5
1,08,0 2,07,0 2,08,0 2,09,0 3,08,0 X5
0,08,0 0,09,0 0,09,1 0,10,1 1,09,0 S25
5,10,0 6,09,0 6,10,0 6,10,1 6,11,1 N25
5,13,0 5,14,0 6,12,1 6,13,0 6,13,1 V25
4,14,0 4,14,1 5,14,1 6,14,0 6,14,1 U5
4,10,0 4,11,0 5,11,0 6,11,0 6,12,0 Z5
3,13,0 3,14,0 4,12,0 4,13,0 5,12,0 W5
1,13,0 1,14,0 2,14,0 2,14,1 3,14,1 S15
0,12,0 0,12,1 1,12,0 2,12,0 2,13,0 L15
0,10,0 0,11,0 0,11,1 1,11,0 2,11,0 L35
0,13,0 0,13,1 0,14,0 0,14,1 1,14,1 Q5
1,10,0 2,10,0 3,10,0 3,11,0 3,12,0 V5

Q5  S15 S15 W5  U5  V25 U5      Q5  Q5  S15 S15 U5  U5  U5
Q5  S15 L15 W5  W5  V25 V25     Q5                      V25
L15 L15 L15 V5  W5  W5  Z5      L15                     V25
L35 L35 L35 V5  Z5  Z5  Z5      L35                     N25
L35 V5  V5  V5  Z5  N25 N25     S25                     N25
S25 S25 X5  T5  T5  T5  N25     S25                     V15
S25 X5  X5  X5  T5  V15 V15     T25                     V15
T25 T25 X5  Y5  T5  V15 J15     T25                     J15
N15 N15 Y5  Y5  Y5  Y5  J15     T25                     J45
N15 N5  N5  N5  L5  J15 J15     N15                     J45
N5  N5  P5  P5  L5  J45 J45     N15                     J45
A5  A5  P5  P5  L5  L45 L45     A5                      L45
T15 A5  F5  P5  L5  L5  L25     A5                      L45
T15 T15 F5  F5  J25 L25 L25     T15                     L45
T15 F5  F5  J25 J25 J25 L25     I5  I5  I5  I5  I5  J25 L25

solution 3 (632,766 searches):
0,00,0 0,01,0 0,01,1 0,02,0 1,01,0 T15
0,00,1 1,00,1 2,00,1 3,00,1 4,00,1 I5
0,02,1 0,03,0 0,03,1 1,02,0 1,03,0 A5
1,00,0 2,00,0 2,01,0 2,02,0 3,01,0 F5
3,00,0 4,00,0 4,01,0 5,00,0 5,00,1 J25
5,01,0 6,00,0 6,00,1 6,01,0 6,02,0 L25
5,03,0 6,01,1 6,02,1 6,03,0 6,03,1 L45
4,02,0 4,03,0 4,04,0 4,05,0 5,02,0 L5
2,03,0 2,04,0 3,02,0 3,03,0 3,04,0 P5
5,04,0 6,04,0 6,04,1 6,05,1 6,06,1 J45
0,04,0 0,04,1 0,05,0 1,04,0 1,05,0 Q5
0,05,1 0,06,0 0,06,1 0,07,0 1,07,0 N15
0,07,1 0,08,0 0,08,1 0,09,1 1,08,0 T25
1,06,0 2,06,0 2,07,0 3,07,0 3,08,0 W5
2,05,0 3,05,0 3,06,0 4,06,0 5,06,0 N5
5,05,0 6,05,0 6,06,0 6,07,0 6,07,1 J15
0,12,1 0,13,0 0,13,1 1,13,0 1,14,0 V15
0,14,0 0,14,1 1,14,1 2,14,0 2,14,1 U5
5,10,0 5,11,0 6,09,1 6,10,0 6,10,1 V25
4,07,0 5,07,0 5,08,0 6,08,0 6,08,1 S15
4,08,0 4,09,0 4,10,0 5,09,0 6,09,0 T5
5,13,0 6,11,0 6,11,1 6,12,0 6,13,0 L15
5,14,1 6,12,1 6,13,1 6,14,0 6,14,1 L35
3,14,1 4,13,0 4,14,0 4,14,1 5,14,0 N25
0,09,0 0,10,0 0,10,1 0,11,1 1,10,0 S25
1,09,0 2,08,0 2,09,0 2,10,0 3,09,0 X5
0,11,0 0,12,0 1,12,0 2,12,0 2,13,0 Z5
3,12,0 3,13,0 3,14,0 4,12,0 5,12,0 V5
1,11,0 2,11,0 3,10,0 3,11,0 4,11,0 Y5

U5  V15 U5  V5  N25 N25 L35     U5  U5  U5  N25 N25 L35 L35
V15 V15 Z5  V5  N25 L15 L15     V15                     L35
Z5  Z5  Z5  V5  V5  V5  L15     V15                     L35
Z5  Y5  Y5  Y5  Y5  V25 L15     S25                     L15
S25 S25 X5  Y5  T5  V25 V25     S25                     V25
S25 X5  X5  X5  T5  T5  T5      T25                     V25
T25 T25 X5  W5  T5  S15 S15     T25                     S15
N15 N15 W5  W5  S15 S15 J15     T25                     J15
N15 W5  W5  N5  N5  N5  J15     N15                     J45
Q5  Q5  N5  N5  L5  J15 J15     N15                     J45
Q5  Q5  P5  P5  L5  J45 J45     Q5                      J45
A5  A5  P5  P5  L5  L45 L45     A5                      L45
T15 A5  F5  P5  L5  L5  L25     A5                      L45
T15 T15 F5  F5  J25 L25 L25     T15                     L45
T15 F5  F5  J25 J25 J25 L25     I5  I5  I5  I5  I5  J25 L25

solution 4 (1,414,938 searches):
0,00,0 0,01,0 0,01,1 0,02,0 1,01,0 T15
0,00,1 1,00,1 2,00,1 3,00,1 4,00,1 I5
0,02,1 0,03,0 0,03,1 1,02,0 1,03,0 A5
1,00,0 2,00,0 2,01,0 2,02,0 3,01,0 F5
3,00,0 4,00,0 4,01,0 5,00,0 5,00,1 J25
5,01,0 6,00,0 6,00,1 6,01,0 6,02,0 L25
5,03,0 6,01,1 6,02,1 6,03,0 6,03,1 L45
4,02,0 4,03,0 4,04,0 4,05,0 5,02,0 L5
1,04,0 2,03,0 2,04,0 3,02,0 3,03,0 W5
2,05,0 2,06,0 2,07,0 3,04,0 3,05,0 N5
0,04,0 0,04,1 0,05,0 1,05,0 1,06,0 N15
0,05,1 0,06,0 0,06,1 0,07,0 0,07,1 P5
0,08,0 0,08,1 0,09,0 1,07,0 1,08,0 S25
0,09,1 0,10,0 0,10,1 0,11,0 1,10,0 N25
0,11,1 0,12,0 0,12,1 1,12,0 1,13,0 V15
0,13,0 0,13,1 0,14,0 0,14,1 1,14,1 Q5
1,14,0 2,12,0 2,13,0 2,14,0 3,12,0 Z5
2,14,1 3,13,0 3,14,0 3,14,1 4,14,1 T25
1,11,0 2,11,0 3,10,0 3,11,0 4,11,0 Y5
1,09,0 2,08,0 2,09,0 2,10,0 3,09,0 X5
5,04,0 6,04,0 6,04,1 6,05,1 6,06,1 J45
5,05,0 6,05,0 6,06,0 6,07,0 6,07,1 J15
5,10,0 5,11,0 6,09,1 6,10,0 6,10,1 V25
4,08,0 4,09,0 4,10,0 5,09,0 6,09,0 T5
4,07,0 5,07,0 5,08,0 6,08,0 6,08,1 S15
3,06,0 3,07,0 3,08,0 4,06,0 5,06,0 V5
5,13,0 6,11,0 6,11,1 6,12,0 6,13,0 L15
5,14,1 6,12,1 6,13,1 6,14,0 6,14,1 L35
4,12,0 4,13,0 4,14,0 5,12,0 5,14,0 U5

Q5  Z5  Z5  T25 U5  U5  L35     Q5  Q5  T25 T25 T25 L35 L35
Q5  V15 Z5  T25 U5  L15 L15     Q5                      L35
V15 V15 Z5  Z5  U5  U5  L15     V15                     L35
N25 Y5  Y5  Y5  Y5  V25 L15     V15                     L15
N25 N25 X5  Y5  T5  V25 V25     N25                     V25
S25 X5  X5  X5  T5  T5  T5      N25                     V25
S25 S25 X5  V5  T5  S15 S15     S25                     S15
P5  S25 N5  V5  S15 S15 J15     P5                      J15
P5  N15 N5  V5  V5  V5  J15     P5                      J45
N15 N15 N5  N5  L5  J15 J15     P5                      J45
N15 W5  W5  N5  L5  J45 J45     N15                     J45
A5  A5  W5  W5  L5  L45 L45     A5                      L45
T15 A5  F5  W5  L5  L5  L25     A5                      L45
T15 T15 F5  F5  J25 L25 L25     T15                     L45
T15 F5  F5  J25 J25 J25 L25     I5  I5  I5  I5  I5  J25 L25

solution 5 (1,855,394 searches):
0,00,0 0,01,0 0,01,1 0,02,0 1,01,0 T15
0,00,1 1,00,1 2,00,1 3,00,1 4,00,1 I5
0,02,1 0,03,0 0,03,1 1,02,0 1,03,0 A5
1,00,0 2,00,0 2,01,0 2,02,0 3,01,0 F5
3,00,0 4,00,0 4,01,0 5,00,0 5,00,1 J25
5,01,0 6,00,0 6,00,1 6,01,0 6,02,0 L25
5,03,0 6,01,1 6,02,1 6,03,0 6,03,1 L45
4,02,0 4,03,0 4,04,0 4,05,0 5,02,0 L5
1,04,0 2,03,0 2,04,0 3,02,0 3,03,0 W5
3,04,0 3,05,0 3,06,0 4,06,0 5,06,0 V5
5,04,0 6,04,0 6,04,1 6,05,1 6,06,1 J45
5,05,0 6,05,0 6,06,0 6,07,0 6,07,1 J15
0,04,0 0,04,1 0,05,0 1,05,0 1,06,0 N15
0,05,1 0,06,0 0,06,1 0,07,0 0,07,1 P5
2,05,0 2,06,0 2,07,0 3,07,0 3,08,0 N5
0,08,0 0,08,1 0,09,0 1,07,0 1,08,0 S25
0,09,1 0,10,0 0,10,1 0,11,0 1,10,0 N25
0,11,1 0,12,0 0,12,1 1,12,0 1,13,0 V15
0,13,0 0,13,1 0,14,0 0,14,1 1,14,1 Q5
5,10,0 5,11,0 6,09,1 6,10,0 6,10,1 V25
4,07,0 5,07,0 5,08,0 6,08,0 6,08,1 S15
4,08,0 4,09,0 4,10,0 5,09,0 6,09,0 T5
1,09,0 2,08,0 2,09,0 2,10,0 3,09,0 X5
1,11,0 2,11,0 3,10,0 3,11,0 4,11,0 Y5
1,14,0 2,12,0 2,13,0 2,14,0 3,12,0 Z5
2,14,1 3,13,0 3,14,0 3,14,1 4,14,1 T25
5,13,0 6,11,0 6,11,1 6,12,0 6,13,0 L15
5,14,1 6,12,1 6,13,1 6,14,0 6,14,1 L35
4,12,0 4,13,0 4,14,0 5,12,0 5,14,0 U5

Q5  Z5  Z5  T25 U5  U5  L35     Q5  Q5  T25 T25 T25 L35 L35
Q5  V15 Z5  T25 U5  L15 L15     Q5                      L35
V15 V15 Z5  Z5  U5  U5  L15     V15                     L35
N25 Y5  Y5  Y5  Y5  V25 L15     V15                     L15
N25 N25 X5  Y5  T5  V25 V25     N25                     V25
S25 X5  X5  X5  T5  T5  T5      N25                     V25
S25 S25 X5  N5  T5  S15 S15     S25                     S15
P5  S25 N5  N5  S15 S15 J15     P5                      J15
P5  N15 N5  V5  V5  V5  J15     P5                      J45
N15 N15 N5  V5  L5  J15 J15     P5                      J45
N15 W5  W5  V5  L5  J45 J45     N15                     J45
A5  A5  W5  W5  L5  L45 L45     A5                      L45
T15 A5  F5  W5  L5  L5  L25     A5                      L45
T15 T15 F5  F5  J25 L25 L25     T15                     L45
T15 F5  F5  J25 J25 J25 L25     I5  I5  I5  I5  I5  J25 L25

solution 6 (2,327,803 searches):
0,00,0 0,01,0 0,01,1 0,02,0 1,01,0 T15
0,00,1 1,00,1 2,00,1 3,00,1 4,00,1 I5
0,02,1 0,03,0 0,03,1 1,02,0 1,03,0 A5
1,00,0 2,00,0 2,01,0 2,02,0 3,01,0 F5
3,00,0 4,00,0 4,01,0 5,00,0 5,00,1 J25
5,01,0 6,00,0 6,00,1 6,01,0 6,02,0 L25
5,03,0 6,01,1 6,02,1 6,03,0 6,03,1 L45
4,02,0 4,03,0 4,04,0 4,05,0 5,02,0 L5
2,03,0 3,02,0 3,03,0 3,04,0 3,05,0 Y5
5,04,0 6,04,0 6,04,1 6,05,1 6,06,1 J45
5,05,0 6,05,0 6,06,0 6,07,0 6,07,1 J15
0,13,0 1,13,0 1,14,0 1,14,1 2,14,1 V25
0,12,0 0,12,1 0,13,1 0,14,0 0,14,1 U5
5,07,0 5,08,0 6,08,0 6,08,1 6,09,1 V15
3,06,0 4,06,0 4,07,0 4,08,0 5,06,0 T5
0,04,0 0,04,1 1,04,0 2,04,0 2,05,0 L15
0,05,1 0,06,0 0,06,1 0,07,0 1,07,0 N15
0,05,0 1,05,0 1,06,0 2,06,0 2,07,0 W5
0,07,1 0,08,0 0,08,1 0,09,1 1,08,0 T25
2,08,0 2,09,0 2,10,0 3,07,0 3,08,0 N5
0,09,0 0,10,0 0,10,1 0,11,1 1,09,0 S15
0,11,0 1,10,0 1,11,0 1,12,0 2,11,0 X5
3,09,0 3,10,0 3,11,0 4,09,0 5,09,0 V5
4,10,0 5,10,0 6,09,0 6,10,0 6,10,1 L35
5,11,0 5,12,0 6,11,0 6,11,1 6,12,0 Q5
2,12,0 2,13,0 3,12,0 4,11,0 4,12,0 Z5
5,13,0 6,12,1 6,13,0 6,13,1 6,14,0 S25
4,14,0 4,14,1 5,14,0 5,14,1 6,14,1 P5
2,14,0 3,13,0 3,14,0 3,14,1 4,13,0 N25

U5  V25 N25 N25 P5  P5  S25     U5  V25 V25 N25 P5  P5  P5
V25 V25 Z5  N25 N25 S25 S25     U5                      S25
U5  X5  Z5  Z5  Z5  Q5  Q5      U5                      S25
X5  X5  X5  V5  Z5  Q5  Q5      S15                     Q5
S15 X5  N5  V5  L35 L35 L35     S15                     L35
S15 S15 N5  V5  V5  V5  L35     T25                     V15
T25 T25 N5  N5  T5  V15 V15     T25                     V15
N15 N15 W5  N5  T5  V15 J15     T25                     J15
N15 W5  W5  T5  T5  T5  J15     N15                     J45
W5  W5  L15 Y5  L5  J15 J15     N15                     J45
L15 L15 L15 Y5  L5  J45 J45     L15                     J45
A5  A5  Y5  Y5  L5  L45 L45     A5                      L45
T15 A5  F5  Y5  L5  L5  L25     A5                      L45
T15 T15 F5  F5  J25 L25 L25     T15                     L45
T15 F5  F5  J25 J25 J25 L25     I5  I5  I5  I5  I5  J25 L25

solution 7 (2,327,884 searches):
0,00,0 0,01,0 0,01,1 0,02,0 1,01,0 T15
0,00,1 1,00,1 2,00,1 3,00,1 4,00,1 I5
0,02,1 0,03,0 0,03,1 1,02,0 1,03,0 A5
1,00,0 2,00,0 2,01,0 2,02,0 3,01,0 F5
3,00,0 4,00,0 4,01,0 5,00,0 5,00,1 J25
5,01,0 6,00,0 6,00,1 6,01,0 6,02,0 L25
5,03,0 6,01,1 6,02,1 6,03,0 6,03,1 L45
4,02,0 4,03,0 4,04,0 4,05,0 5,02,0 L5
2,03,0 3,02,0 3,03,0 3,04,0 3,05,0 Y5
5,04,0 6,04,0 6,04,1 6,05,1 6,06,1 J45
5,05,0 6,05,0 6,06,0 6,07,0 6,07,1 J15
0,13,0 1,13,0 1,14,0 1,14,1 2,14,1 V25
0,12,0 0,12,1 0,13,1 0,14,0 0,14,1 U5
5,07,0 5,08,0 6,08,0 6,08,1 6,09,1 V15
3,06,0 4,06,0 4,07,0 4,08,0 5,06,0 T5
0,04,0 0,04,1 1,04,0 2,04,0 2,05,0 L15
0,05,1 0,06,0 0,06,1 0,07,0 1,07,0 N15
0,05,0 1,05,0 1,06,0 2,06,0 2,07,0 W5
0,07,1 0,08,0 0,08,1 0,09,1 1,08,0 T25
3,07,0 3,08,0 3,09,0 4,09,0 5,09,0 V5
2,08,0 2,09,0 2,10,0 3,10,0 3,11,0 N5
4,10,0 5,10,0 6,09,0 6,10,0 6,10,1 L35
0,11,0 1,10,0 1,11,0 1,12,0 2,11,0 X5
0,09,0 0,10,0 0,10,1 0,11,1 1,09,0 S15
5,11,0 5,12,0 6,11,0 6,11,1 6,12,0 Q5
2,12,0 2,13,0 3,12,0 4,11,0 4,12,0 Z5
5,13,0 6,12,1 6,13,0 6,13,1 6,14,0 S25
4,14,0 4,14,1 5,14,0 5,14,1 6,14,1 P5
2,14,0 3,13,0 3,14,0 3,14,1 4,13,0 N25

U5  V25 N25 N25 P5  P5  S25     U5  V25 V25 N25 P5  P5  P5
V25 V25 Z5  N25 N25 S25 S25     U5                      S25
U5  X5  Z5  Z5  Z5  Q5  Q5      U5                      S25
X5  X5  X5  N5  Z5  Q5  Q5      S15                     Q5
S15 X5  N5  N5  L35 L35 L35     S15                     L35
S15 S15 N5  V5  V5  V5  L35     T25                     V15
T25 T25 N5  V5  T5  V15 V15     T25                     V15
N15 N15 W5  V5  T5  V15 J15     T25                     J15
N15 W5  W5  T5  T5  T5  J15     N15                     J45
W5  W5  L15 Y5  L5  J15 J15     N15                     J45
L15 L15 L15 Y5  L5  J45 J45     L15                     J45
A5  A5  Y5  Y5  L5  L45 L45     A5                      L45
T15 A5  F5  Y5  L5  L5  L25     A5                      L45
T15 T15 F5  F5  J25 L25 L25     T15                     L45
T15 F5  F5  J25 J25 J25 L25     I5  I5  I5  I5  I5  J25 L25

solution 8 (2,330,660 searches):
0,00,0 0,01,0 0,01,1 0,02,0 1,01,0 T15
0,00,1 1,00,1 2,00,1 3,00,1 4,00,1 I5
0,02,1 0,03,0 0,03,1 1,02,0 1,03,0 A5
1,00,0 2,00,0 2,01,0 2,02,0 3,01,0 F5
3,00,0 4,00,0 4,01,0 5,00,0 5,00,1 J25
5,01,0 6,00,0 6,00,1 6,01,0 6,02,0 L25
5,03,0 6,01,1 6,02,1 6,03,0 6,03,1 L45
4,02,0 4,03,0 4,04,0 4,05,0 5,02,0 L5
2,03,0 3,02,0 3,03,0 3,04,0 3,05,0 Y5
5,04,0 6,04,0 6,04,1 6,05,1 6,06,1 J45
5,05,0 6,05,0 6,06,0 6,07,0 6,07,1 J15
0,13,0 1,13,0 1,14,0 1,14,1 2,14,1 V25
0,12,0 0,12,1 0,13,1 0,14,0 0,14,1 U5
5,07,0 5,08,0 6,08,0 6,08,1 6,09,1 V15
3,06,0 3,07,0 3,08,0 4,06,0 5,06,0 V5
3,09,0 4,07,0 4,08,0 4,09,0 5,09,0 T5
4,10,0 5,10,0 6,09,0 6,10,0 6,10,1 L35
0,04,0 0,04,1 1,04,0 2,04,0 2,05,0 L15
0,05,1 0,06,0 0,06,1 0,07,0 1,07,0 N15
0,05,0 1,05,0 1,06,0 2,06,0 2,07,0 W5
0,07,1 0,08,0 0,08,1 0,09,1 1,08,0 T25
2,08,0 2,09,0 2,10,0 3,10,0 3,11,0 N5
0,11,0 1,10,0 1,11,0 1,12,0 2,11,0 X5
0,09,0 0,10,0 0,10,1 0,11,1 1,09,0 S15
5,11,0 5,12,0 6,11,0 6,11,1 6,12,0 Q5
2,12,0 2,13,0 3,12,0 4,11,0 4,12,0 Z5
5,13,0 6,12,1 6,13,0 6,13,1 6,14,0 S25
4,14,0 4,14,1 5,14,0 5,14,1 6,14,1 P5
2,14,0 3,13,0 3,14,0 3,14,1 4,13,0 N25

U5  V25 N25 N25 P5  P5  S25     U5  V25 V25 N25 P5  P5  P5
V25 V25 Z5  N25 N25 S25 S25     U5                      S25
U5  X5  Z5  Z5  Z5  Q5  Q5      U5                      S25
X5  X5  X5  N5  Z5  Q5  Q5      S15                     Q5
S15 X5  N5  N5  L35 L35 L35     S15                     L35
S15 S15 N5  T5  T5  T5  L35     T25                     V15
T25 T25 N5  V5  T5  V15 V15     T25                     V15
N15 N15 W5  V5  T5  V15 J15     T25                     J15
N15 W5  W5  V5  V5  V5  J15     N15                     J45
W5  W5  L15 Y5  L5  J15 J15     N15                     J45
L15 L15 L15 Y5  L5  J45 J45     L15                     J45
A5  A5  Y5  Y5  L5  L45 L45     A5                      L45
T15 A5  F5  Y5  L5  L5  L25     A5                      L45
T15 T15 F5  F5  J25 L25 L25     T15                     L45
T15 F5  F5  J25 J25 J25 L25     I5  I5  I5  I5  I5  J25 L25

solution 9 (2,647,975 searches):
0,00,0 0,01,0 0,01,1 0,02,0 1,01,0 T15
0,00,1 1,00,1 2,00,1 3,00,1 4,00,1 I5
0,02,1 0,03,0 0,03,1 1,02,0 1,03,0 A5
1,00,0 2,00,0 2,01,0 2,02,0 3,01,0 F5
3,00,0 4,00,0 4,01,0 5,00,0 5,00,1 J25
5,01,0 6,00,0 6,00,1 6,01,0 6,02,0 L25
5,03,0 6,01,1 6,02,1 6,03,0 6,03,1 L45
4,02,0 4,03,0 4,04,0 4,05,0 5,02,0 L5
2,03,0 3,02,0 3,03,0 3,04,0 3,05,0 Y5
5,04,0 6,04,0 6,04,1 6,05,1 6,06,1 J45
5,05,0 6,05,0 6,06,0 6,07,0 6,07,1 J15
5,09,0 5,10,0 6,08,1 6,09,0 6,09,1 V25
4,06,0 5,06,0 5,07,0 5,08,0 6,08,0 Z5
6,10,0 6,10,1 6,11,1 6,12,0 6,12,1 U5
4,09,0 4,10,0 4,11,0 5,11,0 6,11,0 V5
5,12,0 5,13,0 6,13,0 6,13,1 6,14,1 V15
4,14,0 4,14,1 5,14,0 5,14,1 6,14,0 P5
0,04,0 0,04,1 1,04,0 2,04,0 2,05,0 L15
0,05,0 0,05,1 0,06,0 0,06,1 1,05,0 Q5
2,06,0 3,06,0 3,07,0 4,07,0 4,08,0 W5
0,07,0 0,07,1 0,08,0 1,06,0 1,07,0 S25
0,08,1 0,09,0 0,09,1 0,10,0 1,09,0 N25
1,08,0 2,07,0 2,08,0 2,09,0 3,08,0 X5
1,10,0 2,10,0 3,09,0 3,10,0 3,11,0 T5
0,10,1 0,11,0 0,11,1 0,12,0 1,12,0 N15
1,11,0 2,11,0 2,12,0 3,12,0 4,12,0 N5
2,13,0 3,13,0 3,14,0 3,14,1 4,13,0 T25
0,12,1 0,13,1 0,14,0 0,14,1 1,14,1 L35
0,13,0 1,13,0 1,14,0 2,14,0 2,14,1 S15

L35 S15 S15 T25 P5  P5  P5      L35 L35 S15 T25 P5  P5  V15
S15 S15 T25 T25 T25 V15 V15     L35                     V15
N15 N15 N5  N5  N5  V15 U5      L35                     U5
N15 N5  N5  T5  V5  V5  V5      N15                     U5
N25 T5  T5  T5  V5  V25 U5      N15                     U5
N25 N25 X5  T5  V5  V25 V25     N25                     V25
S25 X5  X5  X5  W5  Z5  Z5      N25                     V25
S25 S25 X5  W5  W5  Z5  J15     S25                     J15
Q5  S25 W5  W5  Z5  Z5  J15     Q5                      J45
Q5  Q5  L15 Y5  L5  J15 J15     Q5                      J45
L15 L15 L15 Y5  L5  J45 J45     L15                     J45
A5  A5  Y5  Y5  L5  L45 L45     A5                      L45
T15 A5  F5  Y5  L5  L5  L25     A5                      L45
T15 T15 F5  F5  J25 L25 L25     T15                     L45
T15 F5  F5  J25 J25 J25 L25     I5  I5  I5  I5  I5  J25 L25

solution 10 (2,724,696 searches):
0,00,0 0,01,0 0,01,1 0,02,0 1,01,0 T15
0,00,1 1,00,1 2,00,1 3,00,1 4,00,1 I5
0,02,1 0,03,0 0,03,1 1,02,0 1,03,0 A5
1,00,0 2,00,0 2,01,0 2,02,0 3,01,0 F5
3,00,0 4,00,0 4,01,0 5,00,0 5,00,1 J25
5,01,0 6,00,0 6,00,1 6,01,0 6,02,0 L25
5,03,0 6,01,1 6,02,1 6,03,0 6,03,1 L45
4,02,0 4,03,0 4,04,0 4,05,0 5,02,0 L5
2,03,0 3,02,0 3,03,0 3,04,0 3,05,0 Y5
5,04,0 6,04,0 6,04,1 6,05,1 6,06,1 J45
5,05,0 6,05,0 6,06,0 6,07,0 6,07,1 J15
5,11,0 5,12,0 6,10,1 6,11,0 6,11,1 V25
6,12,0 6,12,1 6,13,1 6,14,0 6,14,1 U5
4,13,0 5,13,0 5,14,0 5,14,1 6,13,0 T25
3,13,0 3,14,0 3,14,1 4,14,0 4,14,1 Q5
0,10,1 0,11,0 0,11,1 1,11,0 1,12,0 V15
0,12,0 0,12,1 0,13,0 1,13,0 1,14,0 N15
0,13,1 0,14,0 0,14,1 1,14,1 2,14,1 L35
2,12,0 2,13,0 2,14,0 3,12,0 4,12,0 V5
5,09,0 6,08,1 6,09,0 6,09,1 6,10,0 S25
0,04,0 0,04,1 1,04,0 2,04,0 2,05,0 L15
0,05,0 0,05,1 1,05,0 1,06,0 2,06,0 S15
0,08,1 0,09,0 0,09,1 0,10,0 1,09,0 N25
0,06,0 0,06,1 0,07,0 0,07,1 0,08,0 P5
4,06,0 5,06,0 5,07,0 5,08,0 6,08,0 Z5
2,07,0 3,06,0 3,07,0 3,08,0 4,07,0 X5
1,07,0 1,08,0 2,08,0 2,09,0 3,09,0 W5
3,10,0 4,08,0 4,09,0 4,10,0 5,10,0 T5
1,10,0 2,10,0 2,11,0 3,11,0 4,11,0 N5

L35 N15 V5  Q5  Q5  T25 U5      L35 L35 L35 Q5  Q5  T25 U5
N15 N15 V5  Q5  T25 T25 T25     L35                     U5
N15 V15 V5  V5  V5  V25 U5      N15                     U5
V15 V15 N5  N5  N5  V25 V25     V15                     V25
N25 N5  N5  T5  T5  T5  S25     V15                     V25
N25 N25 W5  W5  T5  S25 S25     N25                     S25
P5  W5  W5  X5  T5  Z5  Z5      N25                     S25
P5  W5  X5  X5  X5  Z5  J15     P5                      J15
P5  S15 S15 X5  Z5  Z5  J15     P5                      J45
S15 S15 L15 Y5  L5  J15 J15     S15                     J45
L15 L15 L15 Y5  L5  J45 J45     L15                     J45
A5  A5  Y5  Y5  L5  L45 L45     A5                      L45
T15 A5  F5  Y5  L5  L5  L25     A5                      L45
T15 T15 F5  F5  J25 L25 L25     T15                     L45
T15 F5  F5  J25 J25 J25 L25     I5  I5  I5  I5  I5  J25 L25

User-requested solution limit reached.
10 solutions, 2,724,696 searches, duration 0:08:01.166747
