solving PentacubesDiamondTower:

solution 1 (14,585 searches):
3,3,4 3,3,5 3,3,6 3,3,7 3,3,8 I5
2,3,5 2,3,6 2,4,5 3,4,5 3,4,6 A5
2,2,4 2,2,5 3,2,5 3,2,6 4,2,5 F5
4,2,4 4,3,4 4,3,5 4,3,6 5,3,5 J25
3,1,4 3,1,5 4,1,3 4,1,4 4,2,3 N15
2,1,2 3,0,2 3,0,3 3,0,4 3,1,2 J45
2,1,3 2,1,4 2,2,3 2,3,3 3,3,3 J15
3,1,3 3,2,2 3,2,3 3,2,4 4,2,2 L25
3,3,1 4,1,1 4,1,2 4,2,1 4,3,1 L15
2,2,1 3,0,1 3,1,1 3,2,0 3,2,1 L35
2,1,0 2,1,1 2,2,0 2,3,0 2,4,0 L5
3,0,0 3,1,0 4,1,0 4,2,0 4,3,0 N5
3,3,0 3,4,0 3,4,1 4,4,1 5,4,1 L45
3,5,0 4,4,0 4,5,0 4,5,1 5,4,0 N25
3,5,1 3,5,2 3,6,0 3,6,1 3,6,2 P5
2,3,1 2,4,1 2,5,0 2,5,1 2,5,2 T5
5,2,0 5,2,1 5,3,0 5,3,1 6,3,0 Q5
5,2,2 5,2,3 5,3,2 6,3,1 6,3,2 V25
5,2,4 5,3,4 5,4,2 5,4,3 5,4,4 V5
4,3,2 4,3,3 5,3,3 6,3,3 6,3,4 Z5
3,4,4 4,4,2 4,4,3 4,4,4 4,4,5 Y5
3,5,3 3,6,3 4,5,2 4,5,3 4,5,4 T25
2,5,3 2,5,4 3,5,4 3,5,5 3,6,4 S25
0,3,0 0,3,1 1,3,1 1,3,2 1,4,2 S15
1,2,0 1,2,1 1,3,0 1,4,0 1,4,1 U5
1,2,2 2,2,2 2,3,2 3,3,2 3,4,2 W5
0,3,2 0,3,3 1,2,3 1,2,4 1,3,3 V15
0,3,4 1,3,4 1,3,5 1,4,4 2,3,4 T15
1,4,3 2,4,2 2,4,3 2,4,4 3,4,3 X5

            P5                              P5                              P5                              T25                             S25
        T5  N25 N25                     T5  P5  N25                     T5  P5  T25                     S25 T25 T25                     S25 S25 T25                         S25
    U5  L5  L45 N25 N25             U5  T5  L45 L45 L45             S15 X5  W5  Y5  V5              X5  X5  X5  Y5  V5              T15 X5  Y5  Y5  V5                  A5  A5  Y5                          A5
S15 U5  L5  L45 N5  Q5  Q5      S15 S15 T5  L15 L15 Q5  V25     V15 S15 W5  W5  Z5  V25 V25     V15 V15 J15 J15 Z5  Z5  Z5      T15 T15 T15 I5  J25 V5  Z5          T15 A5  I5  J25 J25                 A5  I5  J25                         I5                              I5
    U5  L5  L35 N5  Q5              U5  L35 L35 L15 Q5              W5  W5  L25 L25 V25             V15 J15 L25 N15 V25             V15 F5  L25 J25 V5                  F5  F5  F5                          F5
        L5  N5  N5                      L5  L35 L15                     J45 J45 L15                     J15 L25 N15                     J15 N15 N15                         N15
            N5                              L35                             J45                             J45                             J45

solution 2 (16,404 searches):
3,3,4 3,3,5 3,3,6 3,3,7 3,3,8 I5
2,3,5 2,3,6 2,4,5 3,4,5 3,4,6 A5
2,2,4 2,2,5 3,2,5 3,2,6 4,2,5 F5
4,2,4 4,3,4 4,3,5 4,3,6 5,3,5 J25
3,1,4 3,1,5 4,1,3 4,1,4 4,2,3 N15
2,1,2 3,0,2 3,0,3 3,0,4 3,1,2 J45
2,1,3 2,1,4 2,2,3 2,3,3 3,3,3 J15
3,1,3 3,2,2 3,2,3 3,2,4 4,2,2 L25
3,3,1 4,1,1 4,1,2 4,2,1 4,3,1 L15
2,2,1 3,0,1 3,1,1 3,2,0 3,2,1 L35
2,1,0 2,1,1 2,2,0 2,3,0 2,4,0 L5
3,0,0 3,1,0 4,1,0 4,2,0 4,3,0 N5
3,3,0 3,4,0 3,4,1 4,4,1 5,4,1 L45
3,5,0 4,4,0 4,5,0 4,5,1 5,4,0 N25
3,5,1 3,5,2 3,6,0 3,6,1 3,6,2 P5
2,3,1 2,4,1 2,5,0 2,5,1 2,5,2 T5
5,2,0 5,2,1 5,3,0 5,3,1 6,3,0 Q5
4,3,2 4,3,3 5,3,2 6,3,1 6,3,2 Z5
5,2,2 5,2,3 5,2,4 5,3,4 5,4,4 V5
5,3,3 5,4,2 5,4,3 6,3,3 6,3,4 V25
3,4,4 4,4,2 4,4,3 4,4,4 4,4,5 Y5
3,5,3 3,6,3 4,5,2 4,5,3 4,5,4 T25
2,5,3 2,5,4 3,5,4 3,5,5 3,6,4 S25
0,3,0 0,3,1 1,3,1 1,3,2 1,4,2 S15
1,2,0 1,2,1 1,3,0 1,4,0 1,4,1 U5
1,2,2 2,2,2 2,3,2 3,3,2 3,4,2 W5
0,3,2 0,3,3 1,2,3 1,2,4 1,3,3 V15
0,3,4 1,3,4 1,3,5 1,4,4 2,3,4 T15
1,4,3 2,4,2 2,4,3 2,4,4 3,4,3 X5

            P5                              P5                              P5                              T25                             S25
        T5  N25 N25                     T5  P5  N25                     T5  P5  T25                     S25 T25 T25                     S25 S25 T25                         S25
    U5  L5  L45 N25 N25             U5  T5  L45 L45 L45             S15 X5  W5  Y5  V25             X5  X5  X5  Y5  V25             T15 X5  Y5  Y5  V5                  A5  A5  Y5                          A5
S15 U5  L5  L45 N5  Q5  Q5      S15 S15 T5  L15 L15 Q5  Z5      V15 S15 W5  W5  Z5  Z5  Z5      V15 V15 J15 J15 Z5  V25 V25     T15 T15 T15 I5  J25 V5  V25         T15 A5  I5  J25 J25                 A5  I5  J25                         I5                              I5
    U5  L5  L35 N5  Q5              U5  L35 L35 L15 Q5              W5  W5  L25 L25 V5              V15 J15 L25 N15 V5              V15 F5  L25 J25 V5                  F5  F5  F5                          F5
        L5  N5  N5                      L5  L35 L15                     J45 J45 L15                     J15 L25 N15                     J15 N15 N15                         N15
            N5                              L35                             J45                             J45                             J45

solution 3 (16,576 searches):
3,3,4 3,3,5 3,3,6 3,3,7 3,3,8 I5
2,3,5 2,3,6 2,4,5 3,4,5 3,4,6 A5
2,2,4 2,2,5 3,2,5 3,2,6 4,2,5 F5
4,2,4 4,3,4 4,3,5 4,3,6 5,3,5 J25
3,1,4 3,1,5 4,1,3 4,1,4 4,2,3 N15
2,1,2 3,0,2 3,0,3 3,0,4 3,1,2 J45
2,1,3 2,1,4 2,2,3 2,3,3 3,3,3 J15
3,1,3 3,2,2 3,2,3 3,2,4 4,2,2 L25
3,3,1 4,1,1 4,1,2 4,2,1 4,3,1 L15
2,2,1 3,0,1 3,1,1 3,2,0 3,2,1 L35
2,1,0 2,1,1 2,2,0 2,3,0 2,4,0 L5
3,0,0 3,1,0 4,1,0 4,2,0 4,3,0 N5
3,3,0 3,4,0 3,4,1 4,4,1 5,4,1 L45
3,5,0 4,4,0 4,5,0 4,5,1 5,4,0 N25
3,5,1 3,5,2 3,6,0 3,6,1 3,6,2 P5
2,3,1 2,4,1 2,5,0 2,5,1 2,5,2 T5
5,2,0 5,3,0 5,3,1 6,3,0 6,3,1 Q5
4,3,2 4,3,3 5,2,1 5,2,2 5,3,2 V25
5,2,3 5,3,3 6,3,2 6,3,3 6,3,4 T25
5,2,4 5,3,4 5,4,2 5,4,3 5,4,4 V5
0,3,0 0,3,1 1,3,1 1,3,2 1,4,2 S15
1,2,0 1,2,1 1,3,0 1,4,0 1,4,1 U5
0,3,2 0,3,3 1,2,3 1,2,4 1,3,3 V15
1,2,2 2,2,2 2,3,2 3,3,2 3,4,2 W5
0,3,4 1,3,4 1,3,5 1,4,4 2,3,4 T15
2,5,3 2,5,4 3,5,3 4,5,2 4,5,3 Z5
1,4,3 2,4,2 2,4,3 2,4,4 3,4,3 X5
3,4,4 4,4,2 4,4,3 4,4,4 4,4,5 Y5
3,5,4 3,5,5 3,6,3 3,6,4 4,5,4 S25

            P5                              P5                              P5                              S25                             S25
        T5  N25 N25                     T5  P5  N25                     T5  P5  Z5                      Z5  Z5  Z5                      Z5  S25 S25                         S25
    U5  L5  L45 N25 N25             U5  T5  L45 L45 L45             S15 X5  W5  Y5  V5              X5  X5  X5  Y5  V5              T15 X5  Y5  Y5  V5                  A5  A5  Y5                          A5
S15 U5  L5  L45 N5  Q5  Q5      S15 S15 T5  L15 L15 Q5  Q5      V15 S15 W5  W5  V25 V25 T25     V15 V15 J15 J15 V25 T25 T25     T15 T15 T15 I5  J25 V5  T25         T15 A5  I5  J25 J25                 A5  I5  J25                         I5                              I5
    U5  L5  L35 N5  Q5              U5  L35 L35 L15 V25             W5  W5  L25 L25 V25             V15 J15 L25 N15 T25             V15 F5  L25 J25 V5                  F5  F5  F5                          F5
        L5  N5  N5                      L5  L35 L15                     J45 J45 L15                     J15 L25 N15                     J15 N15 N15                         N15
            N5                              L35                             J45                             J45                             J45

solution 4 (178,983 searches):
3,3,4 3,3,5 3,3,6 3,3,7 3,3,8 I5
2,3,5 2,3,6 2,4,5 3,4,5 3,4,6 A5
2,2,4 2,2,5 3,2,5 3,2,6 4,2,5 F5
4,2,4 4,3,4 4,3,5 4,3,6 5,3,5 J25
3,1,4 3,1,5 4,1,3 4,1,4 4,2,3 N15
2,1,2 3,0,2 3,0,3 3,0,4 3,1,2 J45
2,1,3 2,1,4 2,2,3 2,3,3 3,3,3 J15
3,1,3 3,2,2 3,2,3 3,2,4 4,2,2 L25
3,3,1 4,1,1 4,1,2 4,2,1 4,3,1 L15
2,2,1 3,0,1 3,1,1 3,2,0 3,2,1 L35
2,1,0 2,1,1 2,2,0 2,3,0 2,4,0 L5
3,0,0 3,1,0 4,1,0 4,2,0 4,3,0 N5
3,3,0 3,4,0 3,4,1 4,4,1 5,4,1 L45
3,5,0 3,6,0 3,6,1 4,4,0 4,5,0 S15
5,2,0 5,2,1 5,2,2 5,3,0 5,4,0 V5
4,3,2 5,3,1 5,3,2 6,3,0 6,3,1 W5
4,3,3 5,3,3 6,3,2 6,3,3 6,3,4 T5
5,2,3 5,2,4 5,3,4 5,4,3 5,4,4 U5
2,5,0 2,5,1 3,5,1 4,5,1 4,5,2 Z5
3,5,3 4,4,2 4,4,3 4,5,3 5,4,2 V25
2,5,4 3,5,4 3,5,5 3,6,3 3,6,4 N25
3,4,3 3,4,4 4,4,4 4,4,5 4,5,4 S25
2,4,2 2,5,2 3,4,2 3,5,2 3,6,2 P5
1,4,3 1,4,4 2,4,3 2,4,4 2,5,3 Q5
0,3,4 1,3,3 1,3,4 1,3,5 2,3,4 X5
1,2,1 1,2,2 1,2,3 1,2,4 2,2,2 Y5
0,3,1 0,3,2 0,3,3 1,3,2 1,4,2 T25
0,3,0 1,2,0 1,3,0 1,3,1 1,4,0 T15
1,4,1 2,3,1 2,3,2 2,4,1 3,3,2 V15

            S15                             S15                             P5                              N25                             N25
        Z5  S15 S15                     Z5  Z5  Z5                      P5  P5  Z5                      Q5  V25 V25                     N25 N25 S25                         N25
    T15 L5  L45 S15 V5              V15 V15 L45 L45 L45             T25 P5  P5  V25 V25             Q5  Q5  S25 V25 U5              Q5  Q5  S25 S25 U5                  A5  A5  S25                         A5
T15 T15 L5  L45 N5  V5  W5      T25 T15 V15 L15 L15 W5  W5      T25 T25 V15 V15 W5  W5  T5      T25 X5  J15 J15 T5  T5  T5      X5  X5  X5  I5  J25 U5  T5          X5  A5  I5  J25 J25                 A5  I5  J25                         I5                              I5
    T15 L5  L35 N5  V5              Y5  L35 L35 L15 V5              Y5  Y5  L25 L25 V5              Y5  J15 L25 N15 U5              Y5  F5  L25 J25 U5                  F5  F5  F5                          F5
        L5  N5  N5                      L5  L35 L15                     J45 J45 L15                     J15 L25 N15                     J15 N15 N15                         N15
            N5                              L35                             J45                             J45                             J45

solution 5 (626,294 searches):
3,3,4 3,3,5 3,3,6 3,3,7 3,3,8 I5
2,3,5 2,3,6 2,4,5 3,4,5 3,4,6 A5
2,2,4 2,2,5 3,2,5 3,2,6 4,2,5 F5
4,2,4 4,3,4 4,3,5 4,3,6 5,3,5 J25
3,1,4 3,1,5 4,1,3 4,1,4 4,2,3 N15
2,1,2 3,0,2 3,0,3 3,0,4 3,1,2 J45
2,1,3 2,1,4 2,2,3 2,3,3 3,3,3 J15
3,1,3 3,2,2 3,2,3 3,2,4 4,2,2 L25
3,3,1 4,1,1 4,1,2 4,2,1 4,3,1 L15
2,2,1 3,0,1 3,1,1 3,2,0 3,2,1 L35
2,1,0 2,1,1 2,2,0 2,3,0 2,4,0 L5
3,0,0 3,1,0 4,1,0 4,2,0 4,3,0 N5
3,3,0 3,4,0 3,4,1 4,4,1 5,4,1 L45
4,4,0 4,5,0 5,3,0 5,4,0 6,3,0 W5
5,2,0 5,2,1 5,2,2 5,3,1 6,3,1 T25
2,4,1 2,5,0 2,5,1 3,5,0 3,6,0 V15
4,3,3 5,2,3 5,2,4 5,3,3 5,3,4 Q5
4,3,2 5,3,2 6,3,2 6,3,3 6,3,4 V5
0,3,0 0,3,1 0,3,2 0,3,3 1,3,1 Y5
1,2,0 1,2,1 1,3,0 1,4,0 1,4,1 U5
2,2,2 2,3,1 2,3,2 3,3,2 3,4,2 S25
3,5,1 3,5,2 3,6,1 3,6,2 3,6,3 P5
4,4,2 4,5,1 4,5,2 5,4,2 5,4,3 V25
1,2,2 1,2,3 1,2,4 1,3,3 1,4,3 T5
0,3,4 1,3,4 1,3,5 1,4,4 2,3,4 T15
1,3,2 1,4,2 2,4,2 2,4,3 3,4,3 S15
2,5,2 2,5,3 3,5,3 4,5,3 4,5,4 Z5
3,4,4 4,4,3 4,4,4 4,4,5 5,4,4 X5
2,4,4 2,5,4 3,5,4 3,5,5 3,6,4 N25

            V15                             P5                              P5                              P5                              N25
        V15 V15 W5                      V15 P5  V25                     Z5  P5  V25                     Z5  Z5  Z5                      N25 N25 Z5                          N25
    U5  L5  L45 W5  W5              U5  V15 L45 L45 L45             S15 S15 S25 V25 V25             T5  S15 S15 X5  V25             T15 N25 X5  X5  X5                  A5  A5  X5                          A5
Y5  U5  L5  L45 N5  W5  W5      Y5  Y5  S25 L15 L15 T25 T25     Y5  S15 S25 S25 V5  V5  V5      Y5  T5  J15 J15 Q5  Q5  V5      T15 T15 T15 I5  J25 Q5  V5          T15 A5  I5  J25 J25                 A5  I5  J25                         I5                              I5
    U5  L5  L35 N5  T25             U5  L35 L35 L15 T25             T5  S25 L25 L25 T25             T5  J15 L25 N15 Q5              T5  F5  L25 J25 Q5                  F5  F5  F5                          F5
        L5  N5  N5                      L5  L35 L15                     J45 J45 L15                     J15 L25 N15                     J15 N15 N15                         N15
            N5                              L35                             J45                             J45                             J45

solution 6 (697,192 searches):
3,3,4 3,3,5 3,3,6 3,3,7 3,3,8 I5
2,3,5 2,3,6 2,4,5 3,4,5 3,4,6 A5
2,2,4 2,2,5 3,2,5 3,2,6 4,2,5 F5
4,2,4 4,3,4 4,3,5 4,3,6 5,3,5 J25
3,1,4 3,1,5 4,1,3 4,1,4 4,2,3 N15
2,1,2 3,0,2 3,0,3 3,0,4 3,1,2 J45
2,1,3 2,1,4 2,2,3 2,3,3 3,3,3 J15
3,1,3 3,2,2 3,2,3 3,2,4 4,2,2 L25
3,3,1 4,1,1 4,1,2 4,2,1 4,3,1 L15
2,2,1 3,0,1 3,1,1 3,2,0 3,2,1 L35
2,1,0 2,1,1 2,2,0 2,3,0 2,4,0 L5
3,0,0 3,1,0 4,1,0 4,2,0 4,3,0 N5
3,3,0 3,4,0 3,4,1 4,4,1 5,4,1 L45
4,4,0 4,5,0 5,3,0 5,4,0 6,3,0 W5
5,2,0 5,2,1 5,3,1 6,3,1 6,3,2 V15
2,5,0 3,5,0 3,5,1 3,6,0 4,5,1 N25
3,5,2 3,6,1 3,6,2 3,6,3 4,5,2 T25
5,3,2 5,3,3 5,4,3 6,3,3 6,3,4 S25
5,2,2 5,2,3 5,2,4 5,3,4 5,4,4 V5
3,3,2 3,4,2 4,3,2 4,4,2 5,4,2 P5
4,3,3 4,4,3 4,4,4 4,4,5 4,5,3 T5
3,5,3 3,5,4 3,5,5 3,6,4 4,5,4 T15
0,3,4 1,3,3 1,3,4 1,3,5 2,3,4 X5
1,2,1 1,2,2 1,2,3 1,2,4 2,2,2 Y5
0,3,2 0,3,3 1,3,2 2,3,1 2,3,2 Z5
0,3,0 0,3,1 1,2,0 1,3,0 1,3,1 Q5
1,4,0 1,4,1 2,4,1 2,5,1 2,5,2 V25
1,4,2 2,4,2 2,4,3 2,5,3 2,5,4 S15
1,4,3 1,4,4 2,4,4 3,4,3 3,4,4 U5

            N25                             T25                             T25                             T25                             T15
        N25 N25 W5                      V25 N25 N25                     V25 T25 T25                     S15 T15 T5                      S15 T15 T15                         T15
    V25 L5  L45 W5  W5              V25 V25 L45 L45 L45             S15 S15 P5  P5  P5              U5  S15 U5  T5  S25             U5  U5  U5  T5  V5                  A5  A5  T5                          A5
Q5  Q5  L5  L45 N5  W5  W5      Q5  Q5  Z5  L15 L15 V15 V15     Z5  Z5  Z5  P5  P5  S25 V15     Z5  X5  J15 J15 T5  S25 S25     X5  X5  X5  I5  J25 V5  S25         X5  A5  I5  J25 J25                 A5  I5  J25                         I5                              I5
    Q5  L5  L35 N5  V15             Y5  L35 L35 L15 V15             Y5  Y5  L25 L25 V5              Y5  J15 L25 N15 V5              Y5  F5  L25 J25 V5                  F5  F5  F5                          F5
        L5  N5  N5                      L5  L35 L15                     J45 J45 L15                     J15 L25 N15                     J15 N15 N15                         N15
            N5                              L35                             J45                             J45                             J45

solution 7 (708,432 searches):
3,3,4 3,3,5 3,3,6 3,3,7 3,3,8 I5
2,3,5 2,3,6 2,4,5 3,4,5 3,4,6 A5
2,2,4 2,2,5 3,2,5 3,2,6 4,2,5 F5
4,2,4 4,3,4 4,3,5 4,3,6 5,3,5 J25
3,1,4 3,1,5 4,1,3 4,1,4 4,2,3 N15
2,1,2 3,0,2 3,0,3 3,0,4 3,1,2 J45
2,1,3 2,1,4 2,2,3 2,3,3 3,3,3 J15
3,1,3 3,2,2 3,2,3 3,2,4 4,2,2 L25
3,3,1 4,1,1 4,1,2 4,2,1 4,3,1 L15
2,2,1 3,0,1 3,1,1 3,2,0 3,2,1 L35
2,1,0 2,1,1 2,2,0 2,3,0 2,4,0 L5
3,0,0 3,1,0 4,1,0 4,2,0 4,3,0 N5
3,3,0 3,4,0 3,4,1 4,4,1 5,4,1 L45
4,4,0 4,5,0 5,3,0 5,4,0 6,3,0 W5
5,2,0 5,2,1 5,3,1 6,3,1 6,3,2 V15
2,5,0 3,5,0 3,5,1 3,6,0 4,5,1 N25
3,4,2 3,5,2 3,6,1 3,6,2 3,6,3 T5
3,4,4 3,5,3 3,5,4 3,5,5 3,6,4 X5
4,4,4 4,4,5 4,5,3 4,5,4 5,4,4 S25
2,3,2 3,3,2 4,3,2 4,4,2 4,5,2 V5
5,2,4 5,3,3 5,3,4 6,3,3 6,3,4 Q5
5,2,2 5,2,3 5,3,2 5,4,2 5,4,3 U5
2,4,3 2,5,3 3,4,3 4,3,3 4,4,3 Z5
1,4,3 1,4,4 2,3,4 2,4,4 2,5,4 T25
1,4,0 1,4,1 2,4,1 2,5,1 2,5,2 V25
0,3,2 0,3,3 1,3,2 1,4,2 2,4,2 S15
0,3,0 0,3,1 1,3,0 1,3,1 2,3,1 P5
0,3,4 1,2,4 1,3,3 1,3,4 1,3,5 T15
1,2,0 1,2,1 1,2,2 1,2,3 2,2,2 Y5

            N25                             T5                              T5                              T5                              X5
        N25 N25 W5                      V25 N25 N25                     V25 T5  V5                      Z5  X5  S25                     T25 X5  S25                         X5
    V25 L5  L45 W5  W5              V25 V25 L45 L45 L45             S15 S15 T5  V5  U5              T25 Z5  Z5  Z5  U5              T25 T25 X5  S25 S25                 A5  A5  S25                         A5
P5  P5  L5  L45 N5  W5  W5      P5  P5  P5  L15 L15 V15 V15     S15 S15 V5  V5  V5  U5  V15     S15 T15 J15 J15 Z5  Q5  Q5      T15 T15 T25 I5  J25 Q5  Q5          T15 A5  I5  J25 J25                 A5  I5  J25                         I5                              I5
    Y5  L5  L35 N5  V15             Y5  L35 L35 L15 V15             Y5  Y5  L25 L25 U5              Y5  J15 L25 N15 U5              T15 F5  L25 J25 Q5                  F5  F5  F5                          F5
        L5  N5  N5                      L5  L35 L15                     J45 J45 L15                     J15 L25 N15                     J15 N15 N15                         N15
            N5                              L35                             J45                             J45                             J45

solution 8 (721,160 searches):
3,3,4 3,3,5 3,3,6 3,3,7 3,3,8 I5
2,3,5 2,3,6 2,4,5 3,4,5 3,4,6 A5
2,2,4 2,2,5 3,2,5 3,2,6 4,2,5 F5
4,2,4 4,3,4 4,3,5 4,3,6 5,3,5 J25
3,1,4 3,1,5 4,1,3 4,1,4 4,2,3 N15
2,1,2 3,0,2 3,0,3 3,0,4 3,1,2 J45
2,1,3 2,1,4 2,2,3 2,3,3 3,3,3 J15
3,1,3 3,2,2 3,2,3 3,2,4 4,2,2 L25
3,3,1 4,1,1 4,1,2 4,2,1 4,3,1 L15
2,2,1 3,0,1 3,1,1 3,2,0 3,2,1 L35
2,1,0 2,1,1 2,2,0 2,3,0 2,4,0 L5
3,0,0 3,1,0 4,1,0 4,2,0 4,3,0 N5
3,3,0 3,4,0 3,4,1 4,4,1 5,4,1 L45
4,4,0 4,5,0 5,3,0 5,4,0 6,3,0 W5
5,2,0 5,2,1 5,3,1 6,3,1 6,3,2 V15
2,5,0 3,5,0 3,5,1 3,6,0 4,5,1 N25
3,4,3 3,5,3 3,6,1 3,6,2 3,6,3 V5
2,5,4 3,4,4 3,5,4 3,5,5 3,6,4 T15
4,4,4 4,4,5 4,5,3 4,5,4 5,4,4 S25
5,3,3 5,4,2 5,4,3 6,3,3 6,3,4 V25
5,2,2 5,2,3 5,2,4 5,3,2 5,3,4 U5
3,3,2 4,3,2 4,3,3 4,4,2 4,4,3 Q5
2,5,1 2,5,2 2,5,3 3,5,2 4,5,2 T5
0,3,4 1,3,3 1,3,4 1,3,5 2,3,4 X5
1,2,1 1,2,2 1,2,3 1,2,4 2,2,2 Y5
0,3,2 0,3,3 1,3,2 2,3,1 2,3,2 Z5
0,3,0 0,3,1 1,2,0 1,3,0 1,4,0 T25
1,3,1 1,4,1 2,4,1 2,4,2 3,4,2 S15
1,4,2 1,4,3 1,4,4 2,4,3 2,4,4 P5

            N25                             V5                              V5                              V5                              T15
        N25 N25 W5                      T5  N25 N25                     T5  T5  T5                      T5  V5  S25                     T15 T15 S25                         T15
    T25 L5  L45 W5  W5              S15 S15 L45 L45 L45             P5  S15 S15 Q5  V25             P5  P5  V5  Q5  V25             P5  P5  T15 S25 S25                 A5  A5  S25                         A5
T25 T25 L5  L45 N5  W5  W5      T25 S15 Z5  L15 L15 V15 V15     Z5  Z5  Z5  Q5  Q5  U5  V15     Z5  X5  J15 J15 Q5  V25 V25     X5  X5  X5  I5  J25 U5  V25         X5  A5  I5  J25 J25                 A5  I5  J25                         I5                              I5
    T25 L5  L35 N5  V15             Y5  L35 L35 L15 V15             Y5  Y5  L25 L25 U5              Y5  J15 L25 N15 U5              Y5  F5  L25 J25 U5                  F5  F5  F5                          F5
        L5  N5  N5                      L5  L35 L15                     J45 J45 L15                     J15 L25 N15                     J15 N15 N15                         N15
            N5                              L35                             J45                             J45                             J45

solution 9 (768,144 searches):
3,3,4 3,3,5 3,3,6 3,3,7 3,3,8 I5
2,3,5 2,3,6 2,4,5 3,4,5 3,4,6 A5
2,2,4 2,2,5 3,2,5 3,2,6 4,2,5 F5
4,2,4 4,3,4 4,3,5 4,3,6 5,3,5 J25
3,1,4 3,1,5 4,1,3 4,1,4 4,2,3 N15
2,1,2 3,0,2 3,0,3 3,0,4 3,1,2 J45
2,1,3 2,1,4 2,2,3 2,3,3 3,3,3 J15
3,1,3 3,2,2 3,2,3 3,2,4 4,2,2 L25
3,3,1 4,1,1 4,1,2 4,2,1 4,3,1 L15
2,2,1 3,0,1 3,1,1 3,2,0 3,2,1 L35
2,1,0 2,1,1 2,2,0 2,3,0 2,4,0 L5
3,0,0 3,1,0 4,1,0 4,2,0 4,3,0 N5
3,3,0 3,4,0 3,4,1 4,4,1 5,4,1 L45
4,4,0 4,5,0 5,3,0 5,4,0 6,3,0 W5
5,2,0 5,2,1 5,3,1 6,3,1 6,3,2 V15
3,5,0 3,5,1 3,6,0 3,6,1 3,6,2 P5
1,3,1 1,4,1 2,4,1 2,5,0 2,5,1 S15
1,2,0 1,2,1 1,2,2 1,3,0 1,4,0 V5
0,3,0 0,3,1 0,3,2 0,3,3 1,3,2 Y5
2,2,2 2,3,1 2,3,2 3,3,2 3,4,2 S25
4,4,2 4,5,1 4,5,2 5,4,2 5,4,3 V25
4,3,2 4,3,3 5,3,3 6,3,3 6,3,4 Z5
5,2,2 5,2,3 5,2,4 5,3,2 5,3,4 U5
1,2,3 1,3,3 1,4,2 1,4,3 1,4,4 T5
0,3,4 1,2,4 1,3,4 1,3,5 2,3,4 T15
3,4,4 4,4,3 4,4,4 4,4,5 5,4,4 X5
2,4,4 2,5,4 3,5,4 3,5,5 3,6,4 N25
3,4,3 3,5,3 3,6,3 4,5,3 4,5,4 T25
2,4,2 2,4,3 2,5,2 2,5,3 3,5,2 Q5

            P5                              P5                              P5                              T25                             N25
        S15 P5  W5                      S15 P5  V25                     Q5  Q5  V25                     Q5  T25 T25                     N25 N25 T25                         N25
    V5  L5  L45 W5  W5              S15 S15 L45 L45 L45             T5  Q5  S25 V25 V25             T5  Q5  T25 X5  V25             T5  N25 X5  X5  X5                  A5  A5  X5                          A5
Y5  V5  L5  L45 N5  W5  W5      Y5  S15 S25 L15 L15 V15 V15     Y5  Y5  S25 S25 Z5  U5  V15     Y5  T5  J15 J15 Z5  Z5  Z5      T15 T15 T15 I5  J25 U5  Z5          T15 A5  I5  J25 J25                 A5  I5  J25                         I5                              I5
    V5  L5  L35 N5  V15             V5  L35 L35 L15 V15             V5  S25 L25 L25 U5              T5  J15 L25 N15 U5              T15 F5  L25 J25 U5                  F5  F5  F5                          F5
        L5  N5  N5                      L5  L35 L15                     J45 J45 L15                     J15 L25 N15                     J15 N15 N15                         N15
            N5                              L35                             J45                             J45                             J45

solution 10 (768,186 searches):
3,3,4 3,3,5 3,3,6 3,3,7 3,3,8 I5
2,3,5 2,3,6 2,4,5 3,4,5 3,4,6 A5
2,2,4 2,2,5 3,2,5 3,2,6 4,2,5 F5
4,2,4 4,3,4 4,3,5 4,3,6 5,3,5 J25
3,1,4 3,1,5 4,1,3 4,1,4 4,2,3 N15
2,1,2 3,0,2 3,0,3 3,0,4 3,1,2 J45
2,1,3 2,1,4 2,2,3 2,3,3 3,3,3 J15
3,1,3 3,2,2 3,2,3 3,2,4 4,2,2 L25
3,3,1 4,1,1 4,1,2 4,2,1 4,3,1 L15
2,2,1 3,0,1 3,1,1 3,2,0 3,2,1 L35
2,1,0 2,1,1 2,2,0 2,3,0 2,4,0 L5
3,0,0 3,1,0 4,1,0 4,2,0 4,3,0 N5
3,3,0 3,4,0 3,4,1 4,4,1 5,4,1 L45
4,4,0 4,5,0 5,3,0 5,4,0 6,3,0 W5
5,2,0 5,2,1 5,3,1 6,3,1 6,3,2 V15
3,5,0 3,5,1 3,6,0 3,6,1 3,6,2 P5
1,3,1 1,4,1 2,4,1 2,5,0 2,5,1 S15
1,2,0 1,2,1 1,2,2 1,3,0 1,4,0 V5
0,3,0 0,3,1 0,3,2 0,3,3 1,3,2 Y5
2,2,2 2,3,1 2,3,2 3,3,2 3,4,2 S25
4,3,2 4,3,3 4,4,2 4,5,1 4,5,2 Z5
5,2,2 5,2,3 5,2,4 5,3,2 5,3,4 U5
5,3,3 5,4,2 5,4,3 6,3,3 6,3,4 V25
1,2,3 1,3,3 1,4,2 1,4,3 1,4,4 T5
0,3,4 1,2,4 1,3,4 1,3,5 2,3,4 T15
3,4,4 4,4,3 4,4,4 4,4,5 5,4,4 X5
2,4,4 2,5,4 3,5,4 3,5,5 3,6,4 N25
3,4,3 3,5,3 3,6,3 4,5,3 4,5,4 T25
2,4,2 2,4,3 2,5,2 2,5,3 3,5,2 Q5

            P5                              P5                              P5                              T25                             N25
        S15 P5  W5                      S15 P5  Z5                      Q5  Q5  Z5                      Q5  T25 T25                     N25 N25 T25                         N25
    V5  L5  L45 W5  W5              S15 S15 L45 L45 L45             T5  Q5  S25 Z5  V25             T5  Q5  T25 X5  V25             T5  N25 X5  X5  X5                  A5  A5  X5                          A5
Y5  V5  L5  L45 N5  W5  W5      Y5  S15 S25 L15 L15 V15 V15     Y5  Y5  S25 S25 Z5  U5  V15     Y5  T5  J15 J15 Z5  V25 V25     T15 T15 T15 I5  J25 U5  V25         T15 A5  I5  J25 J25                 A5  I5  J25                         I5                              I5
    V5  L5  L35 N5  V15             V5  L35 L35 L15 V15             V5  S25 L25 L25 U5              T5  J15 L25 N15 U5              T15 F5  L25 J25 U5                  F5  F5  F5                          F5
        L5  N5  N5                      L5  L35 L15                     J45 J45 L15                     J15 L25 N15                     J15 N15 N15                         N15
            N5                              L35                             J45                             J45                             J45

User-requested solution limit reached.
10 solutions, 768,186 searches, duration 0:00:18.674019
