solving Polycubes12345OverlappingBlocks1:

solution 1 (5,275 searches):
0,0,0 0,0,1 0,0,2 0,0,3 0,0,4 I5
0,0,5 0,1,4 0,1,5 1,0,5 A4
1,0,0 M
1,0,1 1,1,0 1,1,1 1,1,2 1,2,1 X5
0,1,0 0,1,1 D
0,2,0 0,2,1 0,3,0 1,3,0 1,3,1 A5
0,3,1 0,3,2 1,2,2 1,3,2 B4
0,1,2 0,1,3 1,1,3 1,1,4 2,1,3 F5
0,2,2 0,2,3 0,2,4 I3
1,2,0 2,1,2 2,2,0 2,2,1 2,2,2 J15
1,0,2 2,0,1 2,0,2 2,0,3 2,1,1 J25
1,0,3 1,0,4 2,0,4 3,0,4 L4
2,0,0 2,1,0 3,1,0 3,1,1 3,1,2 J45
3,0,0 3,0,1 3,0,2 3,0,3 I4
2,0,5 3,0,5 3,1,5 3,2,4 3,2,5 L15
2,1,4 2,2,4 2,2,5 2,3,4 3,1,4 L25
1,1,5 1,2,3 1,2,4 1,2,5 2,1,5 L45
0,2,5 0,3,4 0,3,5 1,3,5 2,3,5 L35
0,3,3 1,3,3 1,3,4 2,3,3 T4
2,2,3 3,1,3 3,2,2 3,2,3 P4
3,2,0 3,2,1 3,3,0 3,4,0 3,5,0 L5
2,3,0 2,3,1 3,3,1 3,4,1 4,4,1 N15
2,3,2 3,3,2 3,3,3 3,4,2 4,3,3 N25
3,6,0 3,6,1 3,6,2 4,6,2 4,6,3 N5
3,5,1 3,5,2 4,5,1 4,5,2 O4
4,6,0 4,6,1 5,6,0 5,6,1 5,6,2 P5
4,4,0 4,5,0 5,4,0 5,4,1 5,5,0 Q5
4,3,0 4,3,1 5,3,1 5,3,2 5,4,2 S15
5,3,0 6,3,0 6,3,1 V3
4,3,2 4,4,2 4,4,3 4,5,3 5,4,3 S25
5,5,1 6,5,1 6,6,0 6,6,1 6,6,2 T25
6,4,0 6,4,1 6,4,2 6,5,0 6,5,2 U5
6,3,2 6,3,3 6,3,4 6,3,5 6,4,3 Y5
5,5,2 5,5,3 5,5,4 5,6,3 6,5,3 T15
6,4,4 6,5,4 6,6,3 6,6,4 6,6,5 T5
3,3,4 3,3,5 4,3,4 5,3,3 5,3,4 Z5
4,6,4 5,5,5 5,6,4 5,6,5 6,5,5 V25
4,4,4 5,4,4 5,4,5 6,4,5 S4
3,4,4 3,5,4 4,5,4 4,5,5 4,6,5 V15
3,4,5 3,5,5 4,3,5 4,4,5 5,3,5 W5
3,4,3 3,5,3 3,6,3 3,6,4 3,6,5 V5

            N5  P5  P5  T25                 N5  P5  P5  T25                 N5  N5  P5  T25                 V5  N5  T15 T5                  V5  V25 V25 T5                  V5  V15 V25 T5
            L5  Q5  Q5  U5                  O4  O4  T25 T25                 O4  O4  T15 U5                  V5  S25 T15 T15                 V15 V15 T15 T5                  W5  V15 V25 V25
            L5  Q5  Q5  U5                  N15 N15 Q5  U5                  N25 S25 S15 U5                  V5  S25 S25 Y5                  V15 S4  S4  T5                  W5  W5  S4  S4
A5  A5  N15 L5  S15 V3  V3      B4  A5  N15 N15 S15 S15 V3      B4  B4  N25 N25 S25 S15 Y5      T4  T4  T4  N25 N25 Z5  Y5      L35 T4  L25 Z5  Z5  Z5  Y5      L35 L35 L35 Z5  W5  W5  Y5
A5  J15 J15 L5                  A5  X5  J15 L5                  I3  B4  J15 P4                  I3  L45 P4  P4                  I3  L45 L25 L15                 L35 L45 L25 L15
D   X5  J45 J45                 D   X5  J25 J45                 F5  X5  J15 J45                 F5  F5  F5  P4                  A4  F5  L25 L25                 A4  L45 L45 L15
I5  M   J45 I4                  I5  X5  J25 I4                  I5  J25 J25 I4                  I5  L4  J25 I4                  I5  L4  L4  L4                  A4  A4  L15 L15

solution 2 (8,377 searches):
0,0,0 0,0,1 0,0,2 0,0,3 0,0,4 I5
0,0,5 0,1,4 0,1,5 1,0,5 A4
1,0,0 M
1,0,1 1,1,0 1,1,1 1,1,2 1,2,1 X5
0,1,0 0,1,1 D
0,2,0 0,2,1 0,3,0 1,3,0 1,3,1 A5
0,3,1 0,3,2 1,2,2 1,3,2 B4
0,1,2 0,1,3 1,1,3 1,1,4 2,1,3 F5
0,2,2 0,2,3 0,2,4 I3
1,2,0 2,1,2 2,2,0 2,2,1 2,2,2 J15
1,0,2 2,0,1 2,0,2 2,0,3 2,1,1 J25
1,0,3 1,0,4 2,0,4 3,0,4 L4
2,0,0 2,1,0 3,1,0 3,1,1 3,1,2 J45
3,0,0 3,0,1 3,0,2 3,0,3 I4
2,0,5 3,0,5 3,1,5 3,2,4 3,2,5 L15
2,1,4 2,2,4 2,2,5 2,3,4 3,1,4 L25
1,1,5 1,2,3 1,2,4 1,2,5 2,1,5 L45
0,2,5 0,3,4 0,3,5 1,3,5 2,3,5 L35
0,3,3 1,3,3 1,3,4 2,3,3 T4
2,2,3 3,1,3 3,2,2 3,2,3 P4
3,2,0 3,2,1 3,3,0 3,4,0 3,5,0 L5
2,3,0 2,3,1 3,3,1 3,4,1 4,4,1 N15
2,3,2 3,3,2 3,3,3 3,4,2 4,3,3 N25
3,6,0 3,6,1 3,6,2 4,6,2 4,6,3 N5
3,5,1 3,5,2 4,5,1 4,5,2 O4
4,6,0 4,6,1 5,6,0 5,6,1 5,6,2 P5
4,4,0 4,5,0 5,4,0 5,4,1 5,5,0 Q5
4,3,0 4,3,1 5,3,1 5,3,2 5,4,2 S15
5,3,0 6,3,0 6,3,1 V3
4,3,2 4,4,2 4,4,3 4,5,3 5,4,3 S25
5,5,1 6,5,1 6,6,0 6,6,1 6,6,2 T25
6,3,2 6,4,0 6,4,1 6,4,2 6,5,0 Z5
5,5,2 5,5,3 5,6,3 5,6,4 S4
6,3,3 6,4,3 6,5,2 6,5,3 6,5,4 T5
4,6,5 5,6,5 6,6,3 6,6,4 6,6,5 V5
3,5,4 3,6,3 3,6,4 3,6,5 4,6,4 T15
3,3,4 3,3,5 3,4,3 3,4,4 3,5,3 W5
5,3,3 5,3,4 5,4,4 6,4,4 6,4,5 V15
4,3,4 4,3,5 5,3,5 6,3,4 6,3,5 U5
3,4,5 4,4,4 4,4,5 4,5,4 5,5,4 V25
3,5,5 4,5,5 5,4,5 5,5,5 6,5,5 Y5

            N5  P5  P5  T25                 N5  P5  P5  T25                 N5  N5  P5  T25                 T15 N5  S4  V5                  T15 T15 S4  V5                  T15 V5  V5  V5
            L5  Q5  Q5  Z5                  O4  O4  T25 T25                 O4  O4  S4  T5                  W5  S25 S4  T5                  T15 V25 V25 T5                  Y5  Y5  Y5  Y5
            L5  Q5  Q5  Z5                  N15 N15 Q5  Z5                  N25 S25 S15 Z5                  W5  S25 S25 T5                  W5  V25 V15 V15                 V25 V25 Y5  V15
A5  A5  N15 L5  S15 V3  V3      B4  A5  N15 N15 S15 S15 V3      B4  B4  N25 N25 S25 S15 Z5      T4  T4  T4  N25 N25 V15 T5      L35 T4  L25 W5  U5  V15 U5      L35 L35 L35 W5  U5  U5  U5
A5  J15 J15 L5                  A5  X5  J15 L5                  I3  B4  J15 P4                  I3  L45 P4  P4                  I3  L45 L25 L15                 L35 L45 L25 L15
D   X5  J45 J45                 D   X5  J25 J45                 F5  X5  J15 J45                 F5  F5  F5  P4                  A4  F5  L25 L25                 A4  L45 L45 L15
I5  M   J45 I4                  I5  X5  J25 I4                  I5  J25 J25 I4                  I5  L4  J25 I4                  I5  L4  L4  L4                  A4  A4  L15 L15

solution 3 (11,833 searches):
0,0,0 0,0,1 0,0,2 0,0,3 0,0,4 I5
0,0,5 0,1,4 0,1,5 1,0,5 A4
1,0,0 M
1,0,1 1,1,0 1,1,1 1,1,2 1,2,1 X5
0,1,0 0,1,1 D
0,2,0 0,2,1 0,3,0 1,3,0 1,3,1 A5
0,3,1 0,3,2 1,2,2 1,3,2 B4
0,1,2 0,1,3 1,1,3 1,1,4 2,1,3 F5
0,2,2 0,2,3 0,2,4 I3
1,2,0 2,1,2 2,2,0 2,2,1 2,2,2 J15
1,0,2 2,0,1 2,0,2 2,0,3 2,1,1 J25
1,0,3 1,0,4 2,0,4 3,0,4 L4
2,0,0 2,1,0 3,1,0 3,1,1 3,1,2 J45
3,0,0 3,0,1 3,0,2 3,0,3 I4
2,0,5 3,0,5 3,1,5 3,2,4 3,2,5 L15
2,1,4 2,2,4 2,2,5 2,3,4 3,1,4 L25
1,1,5 1,2,3 1,2,4 1,2,5 2,1,5 L45
0,2,5 0,3,4 0,3,5 1,3,5 2,3,5 L35
0,3,3 1,3,3 1,3,4 2,3,3 T4
2,2,3 3,1,3 3,2,2 3,2,3 P4
3,2,0 3,2,1 3,3,0 3,4,0 3,5,0 L5
2,3,0 2,3,1 3,3,1 3,4,1 4,4,1 N15
2,3,2 3,3,2 3,3,3 3,4,2 4,3,3 N25
3,6,0 3,6,1 3,6,2 4,6,2 4,6,3 N5
3,5,1 3,5,2 4,5,1 4,5,2 O4
4,6,0 4,6,1 5,6,0 5,6,1 5,6,2 P5
4,4,0 4,5,0 5,4,0 5,4,1 5,5,0 Q5
4,3,0 4,3,1 5,3,1 5,3,2 5,4,2 S15
5,3,0 6,3,0 6,3,1 V3
4,3,2 4,4,2 4,4,3 4,5,3 5,4,3 S25
5,5,1 6,5,1 6,6,0 6,6,1 6,6,2 T25
6,3,2 6,4,0 6,4,1 6,4,2 6,5,0 Z5
4,5,4 5,5,2 5,5,3 5,5,4 5,5,5 Y5
5,6,3 5,6,4 6,5,2 6,5,3 6,6,3 V25
6,4,3 6,4,4 6,4,5 6,5,4 6,6,4 T5
4,5,5 4,6,5 5,6,5 6,5,5 6,6,5 U5
3,5,4 3,6,3 3,6,4 3,6,5 4,6,4 T15
3,3,4 3,3,5 3,4,3 3,4,4 3,5,3 W5
4,3,5 5,3,5 6,3,3 6,3,4 6,3,5 V5
3,4,5 3,5,5 4,3,4 4,4,4 4,4,5 V15
5,3,3 5,3,4 5,4,4 5,4,5 S4

            N5  P5  P5  T25                 N5  P5  P5  T25                 N5  N5  P5  T25                 T15 N5  V25 V25                 T15 T15 V25 T5                  T15 U5  U5  U5
            L5  Q5  Q5  Z5                  O4  O4  T25 T25                 O4  O4  Y5  V25                 W5  S25 Y5  V25                 T15 Y5  Y5  T5                  V15 U5  Y5  U5
            L5  Q5  Q5  Z5                  N15 N15 Q5  Z5                  N25 S25 S15 Z5                  W5  S25 S25 T5                  W5  V15 S4  T5                  V15 V15 S4  T5
A5  A5  N15 L5  S15 V3  V3      B4  A5  N15 N15 S15 S15 V3      B4  B4  N25 N25 S25 S15 Z5      T4  T4  T4  N25 N25 S4  V5      L35 T4  L25 W5  V15 S4  V5      L35 L35 L35 W5  V5  V5  V5
A5  J15 J15 L5                  A5  X5  J15 L5                  I3  B4  J15 P4                  I3  L45 P4  P4                  I3  L45 L25 L15                 L35 L45 L25 L15
D   X5  J45 J45                 D   X5  J25 J45                 F5  X5  J15 J45                 F5  F5  F5  P4                  A4  F5  L25 L25                 A4  L45 L45 L15
I5  M   J45 I4                  I5  X5  J25 I4                  I5  J25 J25 I4                  I5  L4  J25 I4                  I5  L4  L4  L4                  A4  A4  L15 L15

solution 4 (17,158 searches):
0,0,0 0,0,1 0,0,2 0,0,3 0,0,4 I5
0,0,5 0,1,4 0,1,5 1,0,5 A4
1,0,0 M
1,0,1 1,1,0 1,1,1 1,1,2 1,2,1 X5
0,1,0 0,1,1 D
0,2,0 0,2,1 0,3,0 1,3,0 1,3,1 A5
0,3,1 0,3,2 1,2,2 1,3,2 B4
0,1,2 0,1,3 1,1,3 1,1,4 2,1,3 F5
0,2,2 0,2,3 0,2,4 I3
1,2,0 2,1,2 2,2,0 2,2,1 2,2,2 J15
1,0,2 2,0,1 2,0,2 2,0,3 2,1,1 J25
1,0,3 1,0,4 2,0,4 3,0,4 L4
2,0,0 2,1,0 3,1,0 3,1,1 3,1,2 J45
3,0,0 3,0,1 3,0,2 3,0,3 I4
2,0,5 3,0,5 3,1,5 3,2,4 3,2,5 L15
2,1,4 2,2,4 2,2,5 2,3,4 3,1,4 L25
1,1,5 1,2,3 1,2,4 1,2,5 2,1,5 L45
0,2,5 0,3,4 0,3,5 1,3,5 2,3,5 L35
0,3,3 1,3,3 1,3,4 2,3,3 T4
2,2,3 3,1,3 3,2,2 3,2,3 P4
3,2,0 3,2,1 3,3,0 3,4,0 3,5,0 L5
2,3,0 2,3,1 3,3,1 3,4,1 4,4,1 N15
2,3,2 3,3,2 3,3,3 3,4,2 4,3,3 N25
3,6,0 3,6,1 3,6,2 4,6,2 4,6,3 N5
3,5,1 3,5,2 4,5,1 4,5,2 O4
4,6,0 4,6,1 5,6,0 5,6,1 5,6,2 P5
4,4,0 4,5,0 5,4,0 5,4,1 5,5,0 Q5
4,3,0 4,3,1 5,3,1 5,3,2 5,4,2 S15
5,3,0 6,3,0 6,3,1 V3
4,3,2 4,4,2 4,4,3 4,5,3 5,4,3 S25
5,5,1 6,4,0 6,5,0 6,5,1 6,6,0 T25
6,4,1 6,4,2 6,5,2 6,6,1 6,6,2 U5
6,3,2 6,3,3 6,3,4 6,3,5 6,4,3 Y5
5,5,2 5,5,3 5,5,4 5,6,3 6,5,3 T15
6,4,4 6,5,4 6,6,3 6,6,4 6,6,5 T5
3,3,4 3,3,5 4,3,4 5,3,3 5,3,4 Z5
4,6,4 5,5,5 5,6,4 5,6,5 6,5,5 V25
4,4,4 5,4,4 5,4,5 6,4,5 S4
3,4,4 3,5,4 4,5,4 4,5,5 4,6,5 V15
3,4,5 3,5,5 4,3,5 4,4,5 5,3,5 W5
3,4,3 3,5,3 3,6,3 3,6,4 3,6,5 V5

            N5  P5  P5  T25                 N5  P5  P5  U5                  N5  N5  P5  U5                  V5  N5  T15 T5                  V5  V25 V25 T5                  V5  V15 V25 T5
            L5  Q5  Q5  T25                 O4  O4  T25 T25                 O4  O4  T15 U5                  V5  S25 T15 T15                 V15 V15 T15 T5                  W5  V15 V25 V25
            L5  Q5  Q5  T25                 N15 N15 Q5  U5                  N25 S25 S15 U5                  V5  S25 S25 Y5                  V15 S4  S4  T5                  W5  W5  S4  S4
A5  A5  N15 L5  S15 V3  V3      B4  A5  N15 N15 S15 S15 V3      B4  B4  N25 N25 S25 S15 Y5      T4  T4  T4  N25 N25 Z5  Y5      L35 T4  L25 Z5  Z5  Z5  Y5      L35 L35 L35 Z5  W5  W5  Y5
A5  J15 J15 L5                  A5  X5  J15 L5                  I3  B4  J15 P4                  I3  L45 P4  P4                  I3  L45 L25 L15                 L35 L45 L25 L15
D   X5  J45 J45                 D   X5  J25 J45                 F5  X5  J15 J45                 F5  F5  F5  P4                  A4  F5  L25 L25                 A4  L45 L45 L15
I5  M   J45 I4                  I5  X5  J25 I4                  I5  J25 J25 I4                  I5  L4  J25 I4                  I5  L4  L4  L4                  A4  A4  L15 L15

solution 5 (20,493 searches):
0,0,0 0,0,1 0,0,2 0,0,3 0,0,4 I5
0,0,5 0,1,4 0,1,5 1,0,5 A4
1,0,0 M
1,0,1 1,1,0 1,1,1 1,1,2 1,2,1 X5
0,1,0 0,1,1 D
0,2,0 0,2,1 0,3,0 1,3,0 1,3,1 A5
0,3,1 0,3,2 1,2,2 1,3,2 B4
0,1,2 0,1,3 1,1,3 1,1,4 2,1,3 F5
0,2,2 0,2,3 0,2,4 I3
1,2,0 2,1,2 2,2,0 2,2,1 2,2,2 J15
1,0,2 2,0,1 2,0,2 2,0,3 2,1,1 J25
1,0,3 1,0,4 2,0,4 3,0,4 L4
2,0,0 2,1,0 3,1,0 3,1,1 3,1,2 J45
3,0,0 3,0,1 3,0,2 3,0,3 I4
2,0,5 3,0,5 3,1,5 3,2,4 3,2,5 L15
2,1,4 2,2,4 2,2,5 2,3,4 3,1,4 L25
1,1,5 1,2,3 1,2,4 1,2,5 2,1,5 L45
0,2,5 0,3,4 0,3,5 1,3,5 2,3,5 L35
0,3,3 1,3,3 1,3,4 2,3,3 T4
2,2,3 3,1,3 3,2,2 3,2,3 P4
3,2,0 3,2,1 3,3,0 3,4,0 3,5,0 L5
2,3,0 2,3,1 3,3,1 3,4,1 4,4,1 N15
2,3,2 3,3,2 3,3,3 3,4,2 4,3,3 N25
3,6,0 3,6,1 3,6,2 4,6,2 4,6,3 N5
3,5,1 3,5,2 4,5,1 4,5,2 O4
4,6,0 4,6,1 5,6,0 5,6,1 5,6,2 P5
4,4,0 4,5,0 5,4,0 5,4,1 5,5,0 Q5
4,3,0 4,3,1 5,3,1 5,3,2 5,4,2 S15
5,3,0 6,3,0 6,3,1 V3
4,3,2 4,4,2 4,4,3 4,5,3 5,4,3 S25
5,5,1 6,4,0 6,5,0 6,5,1 6,6,0 T25
5,5,2 5,5,3 6,5,2 6,6,1 6,6,2 V15
6,3,2 6,3,3 6,4,1 6,4,2 S4
4,3,4 5,3,3 5,3,4 5,4,4 6,3,4 T15
3,3,4 3,4,4 3,4,5 4,4,5 4,5,5 V25
3,3,5 4,3,5 5,3,5 5,4,5 6,3,5 Y5
3,4,3 3,5,3 3,5,4 3,5,5 3,6,3 T5
4,6,5 5,5,5 5,6,5 6,4,5 6,5,5 W5
3,6,4 3,6,5 4,6,4 5,6,3 5,6,4 Z5
6,4,3 6,5,3 6,6,3 6,6,4 6,6,5 V5
4,4,4 4,5,4 5,5,4 6,4,4 6,5,4 U5

            N5  P5  P5  T25                 N5  P5  P5  V15                 N5  N5  P5  V15                 T5  N5  Z5  V5                  Z5  Z5  Z5  V5                  Z5  W5  W5  V5
            L5  Q5  Q5  T25                 O4  O4  T25 T25                 O4  O4  V15 V15                 T5  S25 V15 V5                  T5  U5  U5  U5                  T5  V25 W5  W5
            L5  Q5  Q5  T25                 N15 N15 Q5  S4                  N25 S25 S15 S4                  T5  S25 S25 V5                  V25 U5  T15 U5                  V25 V25 Y5  W5
A5  A5  N15 L5  S15 V3  V3      B4  A5  N15 N15 S15 S15 V3      B4  B4  N25 N25 S25 S15 S4      T4  T4  T4  N25 N25 T15 S4      L35 T4  L25 V25 T15 T15 T15     L35 L35 L35 Y5  Y5  Y5  Y5
A5  J15 J15 L5                  A5  X5  J15 L5                  I3  B4  J15 P4                  I3  L45 P4  P4                  I3  L45 L25 L15                 L35 L45 L25 L15
D   X5  J45 J45                 D   X5  J25 J45                 F5  X5  J15 J45                 F5  F5  F5  P4                  A4  F5  L25 L25                 A4  L45 L45 L15
I5  M   J45 I4                  I5  X5  J25 I4                  I5  J25 J25 I4                  I5  L4  J25 I4                  I5  L4  L4  L4                  A4  A4  L15 L15

solution 6 (29,857 searches):
0,0,0 0,0,1 0,0,2 0,0,3 0,0,4 I5
0,0,5 0,1,4 0,1,5 1,0,5 A4
1,0,0 M
1,0,1 1,1,0 1,1,1 1,1,2 1,2,1 X5
0,1,0 0,1,1 D
0,2,0 0,2,1 0,3,0 1,3,0 1,3,1 A5
0,3,1 0,3,2 1,2,2 1,3,2 B4
0,1,2 0,1,3 1,1,3 1,1,4 2,1,3 F5
0,2,2 0,2,3 0,2,4 I3
1,2,0 2,1,2 2,2,0 2,2,1 2,2,2 J15
1,0,2 2,0,1 2,0,2 2,0,3 2,1,1 J25
1,0,3 1,0,4 2,0,4 3,0,4 L4
2,0,0 2,1,0 3,1,0 3,1,1 3,1,2 J45
3,0,0 3,0,1 3,0,2 3,0,3 I4
2,0,5 3,0,5 3,1,5 3,2,4 3,2,5 L15
2,1,4 2,2,4 2,2,5 2,3,4 3,1,4 L25
1,1,5 1,2,3 1,2,4 1,2,5 2,1,5 L45
0,2,5 0,3,4 0,3,5 1,3,5 2,3,5 L35
0,3,3 1,3,3 1,3,4 2,3,3 T4
2,2,3 3,1,3 3,2,2 3,2,3 P4
3,2,0 3,2,1 3,3,0 3,4,0 3,5,0 L5
2,3,0 2,3,1 3,3,1 3,4,1 4,4,1 N15
2,3,2 3,3,2 3,3,3 3,4,2 4,3,3 N25
3,6,0 3,6,1 3,6,2 4,6,2 4,6,3 N5
3,5,1 3,5,2 4,5,1 4,5,2 O4
4,6,0 4,6,1 5,6,0 5,6,1 5,6,2 P5
4,4,0 4,5,0 5,4,0 5,4,1 5,5,0 Q5
4,3,0 4,3,1 5,3,1 5,3,2 5,4,2 S15
5,3,0 6,3,0 6,3,1 V3
4,3,2 4,4,2 4,4,3 4,5,3 5,4,3 S25
5,5,1 6,4,0 6,5,0 6,5,1 6,6,0 T25
6,5,3 6,6,1 6,6,2 6,6,3 6,6,4 Y5
5,5,2 5,5,3 6,4,1 6,4,2 6,5,2 V25
4,3,4 5,3,3 5,3,4 6,3,2 6,3,3 W5
4,5,4 4,5,5 5,5,4 5,6,3 5,6,4 V15
3,5,4 3,6,3 3,6,4 3,6,5 4,6,4 T15
3,3,4 3,4,3 3,4,4 3,5,3 S4
6,3,4 6,3,5 6,4,5 6,5,4 6,5,5 U5
4,4,4 4,4,5 5,4,4 6,4,3 6,4,4 Z5
4,6,5 5,4,5 5,5,5 5,6,5 6,6,5 T5
3,3,5 3,4,5 3,5,5 4,3,5 5,3,5 V5

            N5  P5  P5  T25                 N5  P5  P5  Y5                  N5  N5  P5  Y5                  T15 N5  V15 Y5                  T15 T15 V15 Y5                  T15 T5  T5  T5
            L5  Q5  Q5  T25                 O4  O4  T25 T25                 O4  O4  V25 V25                 S4  S25 V25 Y5                  T15 V15 V15 U5                  V5  V15 T5  U5
            L5  Q5  Q5  T25                 N15 N15 Q5  V25                 N25 S25 S15 V25                 S4  S25 S25 Z5                  S4  Z5  Z5  Z5                  V5  Z5  T5  U5
A5  A5  N15 L5  S15 V3  V3      B4  A5  N15 N15 S15 S15 V3      B4  B4  N25 N25 S25 S15 W5      T4  T4  T4  N25 N25 W5  W5      L35 T4  L25 S4  W5  W5  U5      L35 L35 L35 V5  V5  V5  U5
A5  J15 J15 L5                  A5  X5  J15 L5                  I3  B4  J15 P4                  I3  L45 P4  P4                  I3  L45 L25 L15                 L35 L45 L25 L15
D   X5  J45 J45                 D   X5  J25 J45                 F5  X5  J15 J45                 F5  F5  F5  P4                  A4  F5  L25 L25                 A4  L45 L45 L15
I5  M   J45 I4                  I5  X5  J25 I4                  I5  J25 J25 I4                  I5  L4  J25 I4                  I5  L4  L4  L4                  A4  A4  L15 L15

solution 7 (29,916 searches):
0,0,0 0,0,1 0,0,2 0,0,3 0,0,4 I5
0,0,5 0,1,4 0,1,5 1,0,5 A4
1,0,0 M
1,0,1 1,1,0 1,1,1 1,1,2 1,2,1 X5
0,1,0 0,1,1 D
0,2,0 0,2,1 0,3,0 1,3,0 1,3,1 A5
0,3,1 0,3,2 1,2,2 1,3,2 B4
0,1,2 0,1,3 1,1,3 1,1,4 2,1,3 F5
0,2,2 0,2,3 0,2,4 I3
1,2,0 2,1,2 2,2,0 2,2,1 2,2,2 J15
1,0,2 2,0,1 2,0,2 2,0,3 2,1,1 J25
1,0,3 1,0,4 2,0,4 3,0,4 L4
2,0,0 2,1,0 3,1,0 3,1,1 3,1,2 J45
3,0,0 3,0,1 3,0,2 3,0,3 I4
2,0,5 3,0,5 3,1,5 3,2,4 3,2,5 L15
2,1,4 2,2,4 2,2,5 2,3,4 3,1,4 L25
1,1,5 1,2,3 1,2,4 1,2,5 2,1,5 L45
0,2,5 0,3,4 0,3,5 1,3,5 2,3,5 L35
0,3,3 1,3,3 1,3,4 2,3,3 T4
2,2,3 3,1,3 3,2,2 3,2,3 P4
3,2,0 3,2,1 3,3,0 3,4,0 3,5,0 L5
2,3,0 2,3,1 3,3,1 3,4,1 4,4,1 N15
2,3,2 3,3,2 3,3,3 3,4,2 4,3,3 N25
3,6,0 3,6,1 3,6,2 4,6,2 4,6,3 N5
3,5,1 3,5,2 4,5,1 4,5,2 O4
4,6,0 4,6,1 5,6,0 5,6,1 5,6,2 P5
4,4,0 4,5,0 5,4,0 5,4,1 5,5,0 Q5
4,3,0 4,3,1 5,3,1 5,3,2 5,4,2 S15
5,3,0 6,3,0 6,3,1 V3
4,3,2 4,4,2 4,4,3 4,5,3 5,4,3 S25
5,5,1 6,4,0 6,5,0 6,5,1 6,6,0 T25
6,5,3 6,6,1 6,6,2 6,6,3 6,6,4 Y5
5,5,2 5,5,3 6,4,1 6,4,2 6,5,2 V25
4,3,4 5,3,3 5,3,4 6,3,2 6,3,3 W5
3,6,4 3,6,5 4,6,4 5,6,3 5,6,4 Z5
3,4,3 3,5,3 3,5,4 3,5,5 3,6,3 T5
3,3,4 3,4,4 4,4,4 4,4,5 4,5,5 V15
3,3,5 3,4,5 4,3,5 5,3,5 5,4,5 U5
4,6,5 5,6,5 6,4,5 6,5,5 6,6,5 V5
4,5,4 5,4,4 5,5,4 5,5,5 6,5,4 T15
6,3,4 6,3,5 6,4,3 6,4,4 S4

            N5  P5  P5  T25                 N5  P5  P5  Y5                  N5  N5  P5  Y5                  T5  N5  Z5  Y5                  Z5  Z5  Z5  Y5                  Z5  V5  V5  V5
            L5  Q5  Q5  T25                 O4  O4  T25 T25                 O4  O4  V25 V25                 T5  S25 V25 Y5                  T5  T15 T15 T15                 T5  V15 T15 V5
            L5  Q5  Q5  T25                 N15 N15 Q5  V25                 N25 S25 S15 V25                 T5  S25 S25 S4                  V15 V15 T15 S4                  U5  V15 U5  V5
A5  A5  N15 L5  S15 V3  V3      B4  A5  N15 N15 S15 S15 V3      B4  B4  N25 N25 S25 S15 W5      T4  T4  T4  N25 N25 W5  W5      L35 T4  L25 V15 W5  W5  S4      L35 L35 L35 U5  U5  U5  S4
A5  J15 J15 L5                  A5  X5  J15 L5                  I3  B4  J15 P4                  I3  L45 P4  P4                  I3  L45 L25 L15                 L35 L45 L25 L15
D   X5  J45 J45                 D   X5  J25 J45                 F5  X5  J15 J45                 F5  F5  F5  P4                  A4  F5  L25 L25                 A4  L45 L45 L15
I5  M   J45 I4                  I5  X5  J25 I4                  I5  J25 J25 I4                  I5  L4  J25 I4                  I5  L4  L4  L4                  A4  A4  L15 L15

solution 8 (30,658 searches):
0,0,0 0,0,1 0,0,2 0,0,3 0,0,4 I5
0,0,5 0,1,4 0,1,5 1,0,5 A4
1,0,0 M
1,0,1 1,1,0 1,1,1 1,1,2 1,2,1 X5
0,1,0 0,1,1 D
0,2,0 0,2,1 0,3,0 1,3,0 1,3,1 A5
0,3,1 0,3,2 1,2,2 1,3,2 B4
0,1,2 0,1,3 1,1,3 1,1,4 2,1,3 F5
0,2,2 0,2,3 0,2,4 I3
1,2,0 2,1,2 2,2,0 2,2,1 2,2,2 J15
1,0,2 2,0,1 2,0,2 2,0,3 2,1,1 J25
1,0,3 1,0,4 2,0,4 3,0,4 L4
2,0,0 2,1,0 3,1,0 3,1,1 3,1,2 J45
3,0,0 3,0,1 3,0,2 3,0,3 I4
2,0,5 3,0,5 3,1,5 3,2,4 3,2,5 L15
2,1,4 2,2,4 2,2,5 2,3,4 3,1,4 L25
1,1,5 1,2,3 1,2,4 1,2,5 2,1,5 L45
0,2,5 0,3,4 0,3,5 1,3,5 2,3,5 L35
0,3,3 1,3,3 1,3,4 2,3,3 T4
2,2,3 3,1,3 3,2,2 3,2,3 P4
3,2,0 3,2,1 3,3,0 3,4,0 3,5,0 L5
2,3,0 2,3,1 3,3,1 3,4,1 4,4,1 N15
2,3,2 3,3,2 3,3,3 3,4,2 4,3,3 N25
3,6,0 3,6,1 3,6,2 4,6,2 4,6,3 N5
3,5,1 3,5,2 4,5,1 4,5,2 O4
4,6,0 4,6,1 5,6,0 5,6,1 5,6,2 P5
4,4,0 4,5,0 5,4,0 5,4,1 5,5,0 Q5
4,3,0 4,3,1 5,3,1 5,3,2 5,4,2 S15
5,3,0 6,3,0 6,3,1 V3
4,3,2 4,4,2 4,4,3 4,5,3 5,4,3 S25
5,5,1 6,4,0 6,5,0 6,5,1 6,6,0 T25
5,6,3 6,6,1 6,6,2 6,6,3 6,6,4 Y5
5,5,2 5,5,3 6,4,1 6,4,2 6,5,2 V25
5,3,3 6,3,2 6,3,3 6,3,4 6,4,3 T15
5,4,4 5,4,5 6,4,4 6,5,3 6,5,4 V15
4,3,4 5,3,4 5,3,5 6,3,5 S4
3,3,5 4,3,5 4,4,5 4,5,5 5,5,5 Z5
4,6,5 5,6,5 6,4,5 6,5,5 6,6,5 V5
3,3,4 3,4,4 4,4,4 4,5,4 5,5,4 W5
3,6,3 3,6,4 3,6,5 4,6,4 5,6,4 T5
3,4,3 3,4,5 3,5,3 3,5,4 3,5,5 U5

            N5  P5  P5  T25                 N5  P5  P5  Y5                  N5  N5  P5  Y5                  T5  N5  Y5  Y5                  T5  T5  T5  Y5                  T5  V5  V5  V5
            L5  Q5  Q5  T25                 O4  O4  T25 T25                 O4  O4  V25 V25                 U5  S25 V25 V15                 U5  W5  W5  V15                 U5  Z5  Z5  V5
            L5  Q5  Q5  T25                 N15 N15 Q5  V25                 N25 S25 S15 V25                 U5  S25 S25 T15                 W5  W5  V15 V15                 U5  Z5  V15 V5
A5  A5  N15 L5  S15 V3  V3      B4  A5  N15 N15 S15 S15 V3      B4  B4  N25 N25 S25 S15 T15     T4  T4  T4  N25 N25 T15 T15     L35 T4  L25 W5  S4  S4  T15     L35 L35 L35 Z5  Z5  S4  S4
A5  J15 J15 L5                  A5  X5  J15 L5                  I3  B4  J15 P4                  I3  L45 P4  P4                  I3  L45 L25 L15                 L35 L45 L25 L15
D   X5  J45 J45                 D   X5  J25 J45                 F5  X5  J15 J45                 F5  F5  F5  P4                  A4  F5  L25 L25                 A4  L45 L45 L15
I5  M   J45 I4                  I5  X5  J25 I4                  I5  J25 J25 I4                  I5  L4  J25 I4                  I5  L4  L4  L4                  A4  A4  L15 L15

solution 9 (31,954 searches):
0,0,0 0,0,1 0,0,2 0,0,3 0,0,4 I5
0,0,5 0,1,4 0,1,5 1,0,5 A4
1,0,0 M
1,0,1 1,1,0 1,1,1 1,1,2 1,2,1 X5
0,1,0 0,1,1 D
0,2,0 0,2,1 0,3,0 1,3,0 1,3,1 A5
0,3,1 0,3,2 1,2,2 1,3,2 B4
0,1,2 0,1,3 1,1,3 1,1,4 2,1,3 F5
0,2,2 0,2,3 0,2,4 I3
1,2,0 2,1,2 2,2,0 2,2,1 2,2,2 J15
1,0,2 2,0,1 2,0,2 2,0,3 2,1,1 J25
1,0,3 1,0,4 2,0,4 3,0,4 L4
2,0,0 2,1,0 3,1,0 3,1,1 3,1,2 J45
3,0,0 3,0,1 3,0,2 3,0,3 I4
2,0,5 3,0,5 3,1,5 3,2,4 3,2,5 L15
2,1,4 2,2,4 2,2,5 2,3,4 3,1,4 L25
1,1,5 1,2,3 1,2,4 1,2,5 2,1,5 L45
0,2,5 0,3,4 0,3,5 1,3,5 2,3,5 L35
0,3,3 1,3,3 1,3,4 2,3,3 T4
2,2,3 3,1,3 3,2,2 3,2,3 P4
3,2,0 3,2,1 3,3,0 3,4,0 3,5,0 L5
2,3,0 2,3,1 3,3,1 3,4,1 4,4,1 N15
2,3,2 3,3,2 3,3,3 3,4,2 4,3,3 N25
3,6,0 3,6,1 3,6,2 4,6,2 4,6,3 N5
3,5,1 3,5,2 4,5,1 4,5,2 O4
4,6,0 4,6,1 5,6,0 5,6,1 5,6,2 P5
4,4,0 4,5,0 5,4,0 5,4,1 5,5,0 Q5
4,3,0 4,3,1 5,3,1 5,3,2 5,4,2 S15
5,3,0 6,3,0 6,3,1 V3
4,3,2 4,4,2 4,4,3 4,5,3 5,4,3 S25
5,5,1 6,4,0 6,5,0 6,5,1 6,6,0 T25
5,6,3 6,6,1 6,6,2 6,6,3 6,6,4 Y5
5,5,2 5,5,3 6,4,1 6,4,2 6,5,2 V25
6,3,2 6,3,3 6,4,3 6,5,3 6,5,4 Z5
4,3,5 5,3,3 5,3,4 5,3,5 6,3,5 T5
5,4,5 5,5,5 6,3,4 6,4,4 6,4,5 V15
4,5,5 4,6,5 5,6,5 6,5,5 6,6,5 U5
3,3,5 3,4,4 3,4,5 3,5,5 4,4,5 T15
3,4,3 3,5,3 3,6,3 3,6,4 3,6,5 V5
3,3,4 4,3,4 4,4,4 5,4,4 5,5,4 W5
3,5,4 4,5,4 4,6,4 5,6,4 S4

            N5  P5  P5  T25                 N5  P5  P5  Y5                  N5  N5  P5  Y5                  V5  N5  Y5  Y5                  V5  S4  S4  Y5                  V5  U5  U5  U5
            L5  Q5  Q5  T25                 O4  O4  T25 T25                 O4  O4  V25 V25                 V5  S25 V25 Z5                  S4  S4  W5  Z5                  T15 U5  V15 U5
            L5  Q5  Q5  T25                 N15 N15 Q5  V25                 N25 S25 S15 V25                 V5  S25 S25 Z5                  T15 W5  W5  V15                 T15 T15 V15 V15
A5  A5  N15 L5  S15 V3  V3      B4  A5  N15 N15 S15 S15 V3      B4  B4  N25 N25 S25 S15 Z5      T4  T4  T4  N25 N25 T5  Z5      L35 T4  L25 W5  W5  T5  V15     L35 L35 L35 T15 T5  T5  T5
A5  J15 J15 L5                  A5  X5  J15 L5                  I3  B4  J15 P4                  I3  L45 P4  P4                  I3  L45 L25 L15                 L35 L45 L25 L15
D   X5  J45 J45                 D   X5  J25 J45                 F5  X5  J15 J45                 F5  F5  F5  P4                  A4  F5  L25 L25                 A4  L45 L45 L15
I5  M   J45 I4                  I5  X5  J25 I4                  I5  J25 J25 I4                  I5  L4  J25 I4                  I5  L4  L4  L4                  A4  A4  L15 L15

solution 10 (37,085 searches):
0,0,0 0,0,1 0,0,2 0,0,3 0,0,4 I5
0,0,5 0,1,4 0,1,5 1,0,5 A4
1,0,0 M
1,0,1 1,1,0 1,1,1 1,1,2 1,2,1 X5
0,1,0 0,1,1 D
0,2,0 0,2,1 0,3,0 1,3,0 1,3,1 A5
0,3,1 0,3,2 1,2,2 1,3,2 B4
0,1,2 0,1,3 1,1,3 1,1,4 2,1,3 F5
0,2,2 0,2,3 0,2,4 I3
1,2,0 2,1,2 2,2,0 2,2,1 2,2,2 J15
1,0,2 2,0,1 2,0,2 2,0,3 2,1,1 J25
1,0,3 1,0,4 2,0,4 3,0,4 L4
2,0,0 2,1,0 3,1,0 3,1,1 3,1,2 J45
3,0,0 3,0,1 3,0,2 3,0,3 I4
2,0,5 3,0,5 3,1,5 3,2,4 3,2,5 L15
2,1,4 2,2,4 2,2,5 2,3,4 3,1,4 L25
1,1,5 1,2,3 1,2,4 1,2,5 2,1,5 L45
0,2,5 0,3,4 0,3,5 1,3,5 2,3,5 L35
0,3,3 1,3,3 1,3,4 2,3,3 T4
2,2,3 3,1,3 3,2,2 3,2,3 P4
3,2,0 3,2,1 3,3,0 3,4,0 3,5,0 L5
2,3,0 2,3,1 3,3,1 3,4,1 4,4,1 N15
2,3,2 3,3,2 3,3,3 3,4,2 4,3,3 N25
3,6,0 3,6,1 3,6,2 4,6,2 4,6,3 N5
3,5,1 3,5,2 4,5,1 4,5,2 O4
4,6,0 4,6,1 5,6,0 5,6,1 5,6,2 P5
4,4,0 4,5,0 5,4,0 5,4,1 5,5,0 Q5
4,3,0 4,3,1 5,3,1 5,3,2 5,4,2 S15
5,3,0 6,3,0 6,3,1 V3
4,3,2 4,4,2 4,4,3 4,5,3 5,4,3 S25
6,4,0 6,4,1 6,5,0 6,6,0 6,6,1 U5
5,5,1 6,4,2 6,5,1 6,5,2 6,6,2 T25
6,3,2 6,3,3 6,3,4 6,3,5 6,4,3 Y5
5,5,2 5,5,3 5,5,4 5,6,3 6,5,3 T15
6,4,4 6,5,4 6,6,3 6,6,4 6,6,5 T5
3,3,4 3,3,5 4,3,4 5,3,3 5,3,4 Z5
4,6,4 5,5,5 5,6,4 5,6,5 6,5,5 V25
4,4,4 5,4,4 5,4,5 6,4,5 S4
3,4,4 3,5,4 4,5,4 4,5,5 4,6,5 V15
3,4,5 3,5,5 4,3,5 4,4,5 5,3,5 W5
3,4,3 3,5,3 3,6,3 3,6,4 3,6,5 V5

            N5  P5  P5  U5                  N5  P5  P5  U5                  N5  N5  P5  T25                 V5  N5  T15 T5                  V5  V25 V25 T5                  V5  V15 V25 T5
            L5  Q5  Q5  U5                  O4  O4  T25 T25                 O4  O4  T15 T25                 V5  S25 T15 T15                 V15 V15 T15 T5                  W5  V15 V25 V25
            L5  Q5  Q5  U5                  N15 N15 Q5  U5                  N25 S25 S15 T25                 V5  S25 S25 Y5                  V15 S4  S4  T5                  W5  W5  S4  S4
A5  A5  N15 L5  S15 V3  V3      B4  A5  N15 N15 S15 S15 V3      B4  B4  N25 N25 S25 S15 Y5      T4  T4  T4  N25 N25 Z5  Y5      L35 T4  L25 Z5  Z5  Z5  Y5      L35 L35 L35 Z5  W5  W5  Y5
A5  J15 J15 L5                  A5  X5  J15 L5                  I3  B4  J15 P4                  I3  L45 P4  P4                  I3  L45 L25 L15                 L35 L45 L25 L15
D   X5  J45 J45                 D   X5  J25 J45                 F5  X5  J15 J45                 F5  F5  F5  P4                  A4  F5  L25 L25                 A4  L45 L45 L15
I5  M   J45 I4                  I5  X5  J25 I4                  I5  J25 J25 I4                  I5  L4  J25 I4                  I5  L4  L4  L4                  A4  A4  L15 L15

User-requested solution limit reached.
10 solutions, 37,085 searches, duration 0:00:11.651627
