solving Polycubes12345OverlappingBlocks4:

solution 1 (1,440 searches):
1,1,0 1,1,1 1,1,2 1,1,3 1,1,4 I5
0,0,0 0,0,1 0,1,1 1,0,0 A4
0,1,0 0,2,0 1,2,0 1,2,1 B4
0,2,1 0,2,2 1,2,2 1,3,1 1,3,2 A5
0,0,2 0,1,2 D
1,0,2 2,0,2 2,1,2 2,2,2 3,1,2 F5
1,0,1 2,0,1 2,1,1 2,2,0 2,2,1 L15
2,0,0 2,1,0 3,1,0 3,1,1 4,1,0 L25
4,0,0 4,0,1 4,0,2 I3
5,1,0 5,1,1 5,1,2 5,1,3 I4
5,0,0 6,0,0 6,1,0 6,2,0 6,2,1 J15
5,0,1 M
5,0,2 6,0,1 6,0,2 6,1,1 6,1,2 Q5
5,2,2 5,2,3 5,2,4 5,3,3 6,2,2 J25
4,1,3 4,1,4 4,2,3 4,3,3 5,1,4 J45
4,1,2 4,2,2 4,3,1 4,3,2 5,3,2 L35
3,2,1 3,2,2 3,2,3 4,1,1 4,2,1 L45
2,1,3 2,2,3 2,3,3 3,1,3 L4
1,2,3 1,2,4 1,3,3 1,4,3 1,5,3 L5
1,3,4 1,4,4 2,1,4 2,2,4 2,3,4 N5
3,1,4 3,2,4 4,2,4 4,3,4 S4
3,3,4 3,3,5 3,4,4 4,4,4 4,5,4 N15
5,3,4 5,4,3 5,4,4 5,5,3 5,5,4 P5
1,5,4 2,4,4 2,5,3 2,5,4 P4
5,2,0 5,2,1 5,3,0 5,3,1 O4
2,3,0 3,2,0 3,3,0 3,3,1 4,2,0 N25
3,5,3 3,5,4 4,4,2 4,5,2 4,5,3 S15
2,4,3 3,3,3 3,4,2 3,4,3 4,4,3 T15
1,4,2 2,3,1 2,3,2 2,4,2 3,3,2 S25
1,4,1 1,5,0 1,5,1 1,5,2 1,6,1 X5
0,4,0 1,3,0 1,4,0 2,4,0 3,4,0 Y5
0,4,1 0,5,0 0,5,1 V3
0,4,2 0,5,2 0,6,2 1,6,2 2,6,2 V5
0,6,0 0,6,1 1,6,0 2,6,0 2,6,1 U5
2,4,1 2,5,0 2,5,1 2,5,2 T4
3,4,1 3,5,0 3,5,1 3,5,2 4,4,1 T25
4,3,0 4,4,0 4,5,0 5,4,0 6,4,0 T5
4,6,0 4,6,1 5,6,1 6,6,1 6,6,2 Z5
4,6,2 5,5,2 5,6,2 6,4,2 6,5,2 W5
4,5,1 5,5,0 5,5,1 5,6,0 6,6,0 V25
5,4,1 5,4,2 6,4,1 6,5,0 6,5,1 V15

U5  U5  U5      Z5  V25 V25     U5  X5  U5      Z5  Z5  Z5      V5  V5  V5      W5  W5  Z5
V3  X5  T4  T25 T5  V25 V15     V3  X5  T4  T25 V25 V25 V15     V5  X5  T4  T25 S15 W5  W5          L5  P4  S15 S15 P5              P4  P4  S15 N15 P5
Y5  Y5  Y5  Y5  T5  T5  T5      V3  X5  T4  T25 T25 V15 V15     V5  S25 S25 T15 S15 V15 W5          L5  T15 T15 T15 P5              N5  P4  N15 N15 P5
    Y5  N25 N25 T5  O4              A5  S25 N25 L35 O4              A5  S25 S25 L35 L35             L5  L4  T15 J45 J25             N5  N5  N15 S4  P5                      N15
B4  B4  L15 N25 N25 O4  J15     A5  B4  L15 L45 L45 O4  J15     A5  A5  F5  L45 L35 J25 J25         L5  L4  L45 J45 J25             L5  N5  S4  S4  J25
B4  I5  L25 L25 L25 I4  J15     A4  I5  L15 L25 L45 I4  Q5      D   I5  F5  F5  L35 I4  Q5          I5  L4  L4  J45 I4              I5  N5  S4  J45 J45
A4  A4  L25     I3  J15 J15     A4  L15 L15     I3  M   Q5      D   F5  F5      I3  Q5  Q5

solution 2 (1,579 searches):
1,1,0 1,1,1 1,1,2 1,1,3 1,1,4 I5
0,0,0 0,0,1 0,1,1 1,0,0 A4
0,1,0 0,2,0 1,2,0 1,2,1 B4
0,2,1 0,2,2 1,2,2 1,3,1 1,3,2 A5
0,0,2 0,1,2 D
1,0,2 2,0,2 2,1,2 2,2,2 3,1,2 F5
1,0,1 2,0,1 2,1,1 2,2,0 2,2,1 L15
2,0,0 2,1,0 3,1,0 3,1,1 4,1,0 L25
4,0,0 4,0,1 4,0,2 I3
5,1,0 5,1,1 5,1,2 5,1,3 I4
5,0,0 6,0,0 6,1,0 6,2,0 6,2,1 J15
5,0,1 M
5,0,2 6,0,1 6,0,2 6,1,1 6,1,2 Q5
5,2,2 5,2,3 5,2,4 5,3,3 6,2,2 J25
4,1,3 4,1,4 4,2,3 4,3,3 5,1,4 J45
4,1,2 4,2,2 4,3,1 4,3,2 5,3,2 L35
3,2,1 3,2,2 3,2,3 4,1,1 4,2,1 L45
2,1,3 2,2,3 2,3,3 3,1,3 L4
1,2,3 1,2,4 1,3,3 1,4,3 1,5,3 L5
1,3,4 1,4,4 2,1,4 2,2,4 2,3,4 N5
3,1,4 3,2,4 4,2,4 4,3,4 S4
3,3,4 3,3,5 3,4,4 4,4,4 4,5,4 N15
5,3,4 5,4,3 5,4,4 5,5,3 5,5,4 P5
1,5,4 2,4,4 2,5,3 2,5,4 P4
5,2,0 5,2,1 5,3,0 5,3,1 O4
2,3,0 3,2,0 3,3,0 3,3,1 4,2,0 N25
3,5,3 3,5,4 4,4,2 4,5,2 4,5,3 S15
2,4,3 3,3,3 3,4,2 3,4,3 4,4,3 T15
1,4,2 2,3,1 2,3,2 2,4,2 3,3,2 S25
1,4,1 1,5,0 1,5,1 1,5,2 1,6,1 X5
0,4,0 1,3,0 1,4,0 2,4,0 3,4,0 Y5
0,4,1 0,5,0 0,5,1 V3
0,4,2 0,5,2 0,6,0 0,6,1 0,6,2 V5
1,6,0 1,6,2 2,6,0 2,6,1 2,6,2 U5
2,4,1 2,5,0 2,5,1 2,5,2 T4
3,4,1 3,5,0 3,5,1 3,5,2 4,4,1 T25
4,3,0 4,4,0 4,5,0 5,4,0 6,4,0 T5
4,6,0 4,6,1 5,6,1 6,6,1 6,6,2 Z5
4,6,2 5,5,2 5,6,2 6,4,2 6,5,2 W5
4,5,1 5,5,0 5,5,1 5,6,0 6,6,0 V25
5,4,1 5,4,2 6,4,1 6,5,0 6,5,1 V15

V5  U5  U5      Z5  V25 V25     V5  X5  U5      Z5  Z5  Z5      V5  U5  U5      W5  W5  Z5
V3  X5  T4  T25 T5  V25 V15     V3  X5  T4  T25 V25 V25 V15     V5  X5  T4  T25 S15 W5  W5          L5  P4  S15 S15 P5              P4  P4  S15 N15 P5
Y5  Y5  Y5  Y5  T5  T5  T5      V3  X5  T4  T25 T25 V15 V15     V5  S25 S25 T15 S15 V15 W5          L5  T15 T15 T15 P5              N5  P4  N15 N15 P5
    Y5  N25 N25 T5  O4              A5  S25 N25 L35 O4              A5  S25 S25 L35 L35             L5  L4  T15 J45 J25             N5  N5  N15 S4  P5                      N15
B4  B4  L15 N25 N25 O4  J15     A5  B4  L15 L45 L45 O4  J15     A5  A5  F5  L45 L35 J25 J25         L5  L4  L45 J45 J25             L5  N5  S4  S4  J25
B4  I5  L25 L25 L25 I4  J15     A4  I5  L15 L25 L45 I4  Q5      D   I5  F5  F5  L35 I4  Q5          I5  L4  L4  J45 I4              I5  N5  S4  J45 J45
A4  A4  L25     I3  J15 J15     A4  L15 L15     I3  M   Q5      D   F5  F5      I3  Q5  Q5

solution 3 (1,699 searches):
1,1,0 1,1,1 1,1,2 1,1,3 1,1,4 I5
0,0,0 0,0,1 0,1,1 1,0,0 A4
0,1,0 0,2,0 1,2,0 1,2,1 B4
0,2,1 0,2,2 1,2,2 1,3,1 1,3,2 A5
0,0,2 0,1,2 D
1,0,2 2,0,2 2,1,2 2,2,2 3,1,2 F5
1,0,1 2,0,1 2,1,1 2,2,0 2,2,1 L15
2,0,0 2,1,0 3,1,0 3,1,1 4,1,0 L25
4,0,0 4,0,1 4,0,2 I3
5,1,0 5,1,1 5,1,2 5,1,3 I4
5,0,0 6,0,0 6,1,0 6,2,0 6,2,1 J15
5,0,1 M
5,0,2 6,0,1 6,0,2 6,1,1 6,1,2 Q5
5,2,2 5,2,3 5,2,4 5,3,3 6,2,2 J25
4,1,3 4,1,4 4,2,3 4,3,3 5,1,4 J45
4,1,2 4,2,2 4,3,1 4,3,2 5,3,2 L35
3,2,1 3,2,2 3,2,3 4,1,1 4,2,1 L45
2,1,3 2,2,3 2,3,3 3,1,3 L4
1,2,3 1,2,4 1,3,3 1,4,3 1,5,3 L5
1,3,4 1,4,4 2,1,4 2,2,4 2,3,4 N5
3,1,4 3,2,4 4,2,4 4,3,4 S4
3,3,4 3,3,5 3,4,4 4,4,4 4,5,4 N15
5,3,4 5,4,3 5,4,4 5,5,3 5,5,4 P5
1,5,4 2,4,4 2,5,3 2,5,4 P4
5,2,0 5,2,1 5,3,0 5,3,1 O4
2,3,0 3,2,0 3,3,0 3,3,1 4,2,0 N25
3,5,3 3,5,4 4,4,2 4,5,2 4,5,3 S15
2,4,3 3,3,3 3,4,2 3,4,3 4,4,3 T15
1,4,2 2,3,1 2,3,2 2,4,2 3,3,2 S25
1,4,1 1,5,0 1,5,1 1,5,2 1,6,1 X5
0,4,0 1,3,0 1,4,0 2,4,0 3,4,0 Y5
0,4,1 0,4,2 0,5,0 0,5,1 0,6,0 W5
0,5,2 0,6,1 0,6,2 V3
1,6,0 1,6,2 2,6,0 2,6,1 2,6,2 U5
2,4,1 2,5,0 2,5,1 2,5,2 3,4,1 T25
3,5,1 3,5,2 4,5,1 4,6,0 4,6,1 V15
3,5,0 4,3,0 4,4,0 4,5,0 5,5,0 T5
5,5,1 5,6,0 5,6,1 6,5,1 6,5,2 V25
4,6,2 5,4,2 5,5,2 5,6,2 6,4,2 Z5
4,4,1 5,4,0 5,4,1 6,4,1 T4
6,4,0 6,5,0 6,6,0 6,6,1 6,6,2 V5

W5  U5  U5      V15 V25 V5      V3  X5  U5      V15 V25 V5      V3  U5  U5      Z5  Z5  V5
W5  X5  T25 T5  T5  T5  V5      W5  X5  T25 V15 V15 V25 V25     V3  X5  T25 V15 S15 Z5  V25         L5  P4  S15 S15 P5              P4  P4  S15 N15 P5
Y5  Y5  Y5  Y5  T5  T4  V5      W5  X5  T25 T25 T4  T4  T4      W5  S25 S25 T15 S15 Z5  Z5          L5  T15 T15 T15 P5              N5  P4  N15 N15 P5
    Y5  N25 N25 T5  O4              A5  S25 N25 L35 O4              A5  S25 S25 L35 L35             L5  L4  T15 J45 J25             N5  N5  N15 S4  P5                      N15
B4  B4  L15 N25 N25 O4  J15     A5  B4  L15 L45 L45 O4  J15     A5  A5  F5  L45 L35 J25 J25         L5  L4  L45 J45 J25             L5  N5  S4  S4  J25
B4  I5  L25 L25 L25 I4  J15     A4  I5  L15 L25 L45 I4  Q5      D   I5  F5  F5  L35 I4  Q5          I5  L4  L4  J45 I4              I5  N5  S4  J45 J45
A4  A4  L25     I3  J15 J15     A4  L15 L15     I3  M   Q5      D   F5  F5      I3  Q5  Q5

solution 4 (3,131 searches):
1,1,0 1,1,1 1,1,2 1,1,3 1,1,4 I5
0,0,0 0,0,1 0,1,1 1,0,0 A4
0,1,0 0,2,0 1,2,0 1,2,1 B4
0,2,1 0,2,2 1,2,2 1,3,1 1,3,2 A5
0,0,2 0,1,2 D
1,0,2 2,0,2 2,1,2 2,2,2 3,1,2 F5
1,0,1 2,0,1 2,1,1 2,2,0 2,2,1 L15
2,0,0 2,1,0 3,1,0 3,1,1 4,1,0 L25
4,0,0 4,0,1 4,0,2 I3
5,1,0 5,1,1 5,1,2 5,1,3 I4
5,0,0 6,0,0 6,1,0 6,2,0 6,2,1 J15
5,0,1 M
5,0,2 6,0,1 6,0,2 6,1,1 6,1,2 Q5
5,2,2 5,2,3 5,2,4 5,3,3 6,2,2 J25
4,1,3 4,1,4 4,2,3 4,3,3 5,1,4 J45
4,1,2 4,2,2 4,3,1 4,3,2 5,3,2 L35
3,2,1 3,2,2 3,2,3 4,1,1 4,2,1 L45
2,1,3 2,2,3 2,3,3 3,1,3 L4
1,2,3 1,2,4 1,3,3 1,4,3 1,5,3 L5
1,3,4 1,4,4 2,1,4 2,2,4 2,3,4 N5
3,1,4 3,2,4 4,2,4 4,3,4 S4
3,3,4 3,3,5 3,4,4 4,4,4 4,5,4 N15
5,3,4 5,4,3 5,4,4 5,5,3 5,5,4 P5
1,5,4 2,4,4 2,5,3 2,5,4 P4
5,2,0 5,2,1 5,3,0 5,3,1 O4
2,3,0 3,2,0 3,3,0 3,3,1 4,2,0 N25
3,5,3 3,5,4 4,4,2 4,5,2 4,5,3 S15
2,4,3 3,3,3 3,4,2 3,4,3 4,4,3 T15
1,4,2 2,3,1 2,3,2 2,4,2 3,3,2 S25
2,4,1 2,5,0 2,5,1 2,5,2 2,6,1 X5
1,6,0 1,6,1 1,6,2 2,6,0 2,6,2 U5
3,4,1 3,5,0 3,5,1 3,5,2 4,4,1 T25
0,4,0 1,3,0 1,4,0 2,4,0 3,4,0 Y5
4,3,0 4,4,0 4,5,0 5,4,0 6,4,0 T5
0,4,2 0,5,2 0,6,0 0,6,1 0,6,2 V5
0,4,1 0,5,0 0,5,1 V3
1,4,1 1,5,0 1,5,1 1,5,2 T4
4,6,0 4,6,1 5,6,1 6,6,1 6,6,2 Z5
4,6,2 5,5,2 5,6,2 6,4,2 6,5,2 W5
4,5,1 5,5,0 5,5,1 5,6,0 6,6,0 V25
5,4,1 5,4,2 6,4,1 6,5,0 6,5,1 V15

V5  U5  U5      Z5  V25 V25     V5  U5  X5      Z5  Z5  Z5      V5  U5  U5      W5  W5  Z5
V3  T4  X5  T25 T5  V25 V15     V3  T4  X5  T25 V25 V25 V15     V5  T4  X5  T25 S15 W5  W5          L5  P4  S15 S15 P5              P4  P4  S15 N15 P5
Y5  Y5  Y5  Y5  T5  T5  T5      V3  T4  X5  T25 T25 V15 V15     V5  S25 S25 T15 S15 V15 W5          L5  T15 T15 T15 P5              N5  P4  N15 N15 P5
    Y5  N25 N25 T5  O4              A5  S25 N25 L35 O4              A5  S25 S25 L35 L35             L5  L4  T15 J45 J25             N5  N5  N15 S4  P5                      N15
B4  B4  L15 N25 N25 O4  J15     A5  B4  L15 L45 L45 O4  J15     A5  A5  F5  L45 L35 J25 J25         L5  L4  L45 J45 J25             L5  N5  S4  S4  J25
B4  I5  L25 L25 L25 I4  J15     A4  I5  L15 L25 L45 I4  Q5      D   I5  F5  F5  L35 I4  Q5          I5  L4  L4  J45 I4              I5  N5  S4  J45 J45
A4  A4  L25     I3  J15 J15     A4  L15 L15     I3  M   Q5      D   F5  F5      I3  Q5  Q5

solution 5 (7,710 searches):
1,1,0 1,1,1 1,1,2 1,1,3 1,1,4 I5
0,0,0 0,0,1 0,1,1 1,0,0 A4
0,1,0 0,2,0 1,2,0 1,2,1 B4
0,2,1 0,2,2 1,2,2 1,3,1 1,3,2 A5
0,0,2 0,1,2 D
1,0,2 2,0,2 2,1,2 2,2,2 3,1,2 F5
1,0,1 2,0,1 2,1,1 2,2,0 2,2,1 L15
2,0,0 2,1,0 3,1,0 3,1,1 4,1,0 L25
4,0,0 4,0,1 4,0,2 I3
5,1,0 5,1,1 5,1,2 5,1,3 I4
5,0,0 6,0,0 6,1,0 6,2,0 6,2,1 J15
5,0,1 M
5,0,2 6,0,1 6,0,2 6,1,1 6,1,2 Q5
5,2,2 5,2,3 5,2,4 5,3,3 6,2,2 J25
4,1,3 4,1,4 4,2,3 4,3,3 5,1,4 J45
4,1,2 4,2,2 4,3,1 4,3,2 5,3,2 L35
3,2,1 3,2,2 3,2,3 4,1,1 4,2,1 L45
2,1,3 2,2,3 2,3,3 3,1,3 L4
1,2,3 1,2,4 1,3,3 1,4,3 1,5,3 L5
1,3,4 1,4,4 2,1,4 2,2,4 2,3,4 N5
3,1,4 3,2,4 4,2,4 4,3,4 S4
3,3,4 3,3,5 3,4,4 4,4,4 4,5,4 N15
5,3,4 5,4,3 5,4,4 5,5,3 5,5,4 P5
1,5,4 2,4,4 2,5,3 2,5,4 P4
5,2,0 5,2,1 5,3,0 5,3,1 O4
2,3,0 3,2,0 3,3,0 3,3,1 4,2,0 N25
3,5,3 3,5,4 4,4,2 4,5,2 4,5,3 S15
2,4,3 3,3,3 3,4,2 3,4,3 4,4,3 T15
1,4,2 2,3,1 2,3,2 2,4,2 3,3,2 S25
2,4,1 2,5,0 2,5,1 2,5,2 2,6,1 X5
0,6,0 0,6,1 0,6,2 1,6,2 2,6,2 V5
0,4,0 0,5,0 1,5,0 1,6,0 2,6,0 W5
0,4,1 0,5,1 1,3,0 1,4,0 1,4,1 V15
0,4,2 0,5,2 1,5,1 1,5,2 1,6,1 V25
3,4,1 3,5,0 3,5,1 3,5,2 4,4,1 T25
2,4,0 3,4,0 4,3,0 4,4,0 5,4,0 Y5
4,5,0 5,5,0 6,4,0 6,5,0 6,6,0 T5
5,4,1 5,4,2 5,5,1 5,6,0 5,6,1 Z5
4,5,1 4,6,0 4,6,1 4,6,2 T4
6,4,1 6,4,2 6,5,1 6,6,1 6,6,2 U5
5,5,2 5,6,2 6,5,2 V3

V5  W5  W5      T4  Z5  T5      V5  V25 X5      T4  Z5  U5      V5  V5  V5      T4  V3  U5
W5  W5  X5  T25 T5  T5  T5      V15 V25 X5  T25 T4  Z5  U5      V25 V25 X5  T25 S15 V3  V3          L5  P4  S15 S15 P5              P4  P4  S15 N15 P5
W5  V15 Y5  Y5  Y5  Y5  T5      V15 V15 X5  T25 T25 Z5  U5      V25 S25 S25 T15 S15 Z5  U5          L5  T15 T15 T15 P5              N5  P4  N15 N15 P5
    V15 N25 N25 Y5  O4              A5  S25 N25 L35 O4              A5  S25 S25 L35 L35             L5  L4  T15 J45 J25             N5  N5  N15 S4  P5                      N15
B4  B4  L15 N25 N25 O4  J15     A5  B4  L15 L45 L45 O4  J15     A5  A5  F5  L45 L35 J25 J25         L5  L4  L45 J45 J25             L5  N5  S4  S4  J25
B4  I5  L25 L25 L25 I4  J15     A4  I5  L15 L25 L45 I4  Q5      D   I5  F5  F5  L35 I4  Q5          I5  L4  L4  J45 I4              I5  N5  S4  J45 J45
A4  A4  L25     I3  J15 J15     A4  L15 L15     I3  M   Q5      D   F5  F5      I3  Q5  Q5

solution 6 (7,737 searches):
1,1,0 1,1,1 1,1,2 1,1,3 1,1,4 I5
0,0,0 0,0,1 0,1,1 1,0,0 A4
0,1,0 0,2,0 1,2,0 1,2,1 B4
0,2,1 0,2,2 1,2,2 1,3,1 1,3,2 A5
0,0,2 0,1,2 D
1,0,2 2,0,2 2,1,2 2,2,2 3,1,2 F5
1,0,1 2,0,1 2,1,1 2,2,0 2,2,1 L15
2,0,0 2,1,0 3,1,0 3,1,1 4,1,0 L25
4,0,0 4,0,1 4,0,2 I3
5,1,0 5,1,1 5,1,2 5,1,3 I4
5,0,0 6,0,0 6,1,0 6,2,0 6,2,1 J15
5,0,1 M
5,0,2 6,0,1 6,0,2 6,1,1 6,1,2 Q5
5,2,2 5,2,3 5,2,4 5,3,3 6,2,2 J25
4,1,3 4,1,4 4,2,3 4,3,3 5,1,4 J45
4,1,2 4,2,2 4,3,1 4,3,2 5,3,2 L35
3,2,1 3,2,2 3,2,3 4,1,1 4,2,1 L45
2,1,3 2,2,3 2,3,3 3,1,3 L4
1,2,3 1,2,4 1,3,3 1,4,3 1,5,3 L5
1,3,4 1,4,4 2,1,4 2,2,4 2,3,4 N5
3,1,4 3,2,4 4,2,4 4,3,4 S4
3,3,4 3,3,5 3,4,4 4,4,4 4,5,4 N15
5,3,4 5,4,3 5,4,4 5,5,3 5,5,4 P5
1,5,4 2,4,4 2,5,3 2,5,4 P4
5,2,0 5,2,1 5,3,0 5,3,1 O4
2,3,0 3,2,0 3,3,0 3,3,1 4,2,0 N25
3,5,3 3,5,4 4,4,2 4,5,2 4,5,3 S15
2,4,3 3,3,3 3,4,2 3,4,3 4,4,3 T15
1,4,2 2,3,1 2,3,2 2,4,2 3,3,2 S25
2,4,1 2,5,0 2,5,1 2,5,2 2,6,1 X5
0,6,0 0,6,1 0,6,2 1,6,2 2,6,2 V5
0,4,0 0,5,0 1,5,0 1,6,0 2,6,0 W5
0,4,1 0,5,1 1,3,0 1,4,0 1,4,1 V15
0,4,2 0,5,2 1,5,1 1,5,2 1,6,1 V25
3,4,1 3,5,0 3,5,1 3,5,2 4,4,1 T25
2,4,0 3,4,0 4,3,0 4,4,0 5,4,0 Y5
4,6,2 5,4,2 5,5,2 5,6,2 6,6,2 T5
4,5,0 4,5,1 5,5,1 6,5,1 6,5,2 Z5
5,4,1 6,4,0 6,4,1 6,4,2 T4
4,6,0 4,6,1 5,6,1 6,6,0 6,6,1 U5
5,5,0 5,6,0 6,5,0 V3

V5  W5  W5      U5  V3  U5      V5  V25 X5      U5  U5  U5      V5  V5  V5      T5  T5  T5
W5  W5  X5  T25 Z5  V3  V3      V15 V25 X5  T25 Z5  Z5  Z5      V25 V25 X5  T25 S15 T5  Z5          L5  P4  S15 S15 P5              P4  P4  S15 N15 P5
W5  V15 Y5  Y5  Y5  Y5  T4      V15 V15 X5  T25 T25 T4  T4      V25 S25 S25 T15 S15 T5  T4          L5  T15 T15 T15 P5              N5  P4  N15 N15 P5
    V15 N25 N25 Y5  O4              A5  S25 N25 L35 O4              A5  S25 S25 L35 L35             L5  L4  T15 J45 J25             N5  N5  N15 S4  P5                      N15
B4  B4  L15 N25 N25 O4  J15     A5  B4  L15 L45 L45 O4  J15     A5  A5  F5  L45 L35 J25 J25         L5  L4  L45 J45 J25             L5  N5  S4  S4  J25
B4  I5  L25 L25 L25 I4  J15     A4  I5  L15 L25 L45 I4  Q5      D   I5  F5  F5  L35 I4  Q5          I5  L4  L4  J45 I4              I5  N5  S4  J45 J45
A4  A4  L25     I3  J15 J15     A4  L15 L15     I3  M   Q5      D   F5  F5      I3  Q5  Q5

solution 7 (8,848 searches):
1,1,0 1,1,1 1,1,2 1,1,3 1,1,4 I5
0,0,0 0,0,1 0,1,1 1,0,0 A4
0,1,0 0,2,0 1,2,0 1,2,1 B4
0,2,1 0,2,2 1,2,2 1,3,1 1,3,2 A5
0,0,2 0,1,2 D
1,0,2 2,0,2 2,1,2 2,2,2 3,1,2 F5
1,0,1 2,0,1 2,1,1 2,2,0 2,2,1 L15
2,0,0 2,1,0 3,1,0 3,1,1 4,1,0 L25
4,0,0 4,0,1 4,0,2 I3
5,1,0 5,1,1 5,1,2 5,1,3 I4
5,0,0 6,0,0 6,1,0 6,2,0 6,2,1 J15
5,0,1 M
5,0,2 6,0,1 6,0,2 6,1,1 6,1,2 Q5
5,2,2 5,2,3 5,2,4 5,3,3 6,2,2 J25
4,1,3 4,1,4 4,2,3 4,3,3 5,1,4 J45
4,1,2 4,2,2 4,3,1 4,3,2 5,3,2 L35
3,2,1 3,2,2 3,2,3 4,1,1 4,2,1 L45
2,1,3 2,2,3 2,3,3 3,1,3 L4
1,2,3 1,2,4 1,3,3 1,4,3 1,5,3 L5
1,3,4 1,4,4 2,1,4 2,2,4 2,3,4 N5
3,1,4 3,2,4 4,2,4 4,3,4 S4
3,3,4 3,3,5 3,4,4 4,4,4 4,5,4 N15
5,3,4 5,4,3 5,4,4 5,5,3 5,5,4 P5
1,5,4 2,4,4 2,5,3 2,5,4 P4
5,2,0 5,2,1 5,3,0 5,3,1 O4
2,3,0 3,2,0 3,3,0 3,3,1 4,2,0 N25
3,5,3 3,5,4 4,4,2 4,5,2 4,5,3 S15
2,4,3 3,3,3 3,4,2 3,4,3 4,4,3 T15
1,4,2 2,3,1 2,3,2 2,4,2 3,3,2 S25
2,4,1 2,5,0 2,5,1 2,5,2 2,6,1 X5
0,4,2 0,5,2 1,5,2 1,6,2 2,6,2 W5
0,6,1 0,6,2 1,5,0 1,5,1 1,6,1 V25
0,4,0 0,5,0 0,6,0 1,6,0 2,6,0 V5
0,4,1 0,5,1 1,3,0 1,4,0 1,4,1 V15
3,4,1 3,5,0 3,5,1 3,5,2 4,4,1 T25
2,4,0 3,4,0 4,3,0 4,4,0 5,4,0 Y5
4,5,0 5,5,0 6,4,0 6,5,0 6,6,0 T5
5,4,1 5,4,2 5,5,1 5,6,0 5,6,1 Z5
4,5,1 4,6,0 4,6,1 4,6,2 T4
6,4,1 6,4,2 6,5,1 6,6,1 6,6,2 U5
5,5,2 5,6,2 6,5,2 V3

V5  V5  V5      T4  Z5  T5      V25 V25 X5      T4  Z5  U5      V25 W5  W5      T4  V3  U5
V5  V25 X5  T25 T5  T5  T5      V15 V25 X5  T25 T4  Z5  U5      W5  W5  X5  T25 S15 V3  V3          L5  P4  S15 S15 P5              P4  P4  S15 N15 P5
V5  V15 Y5  Y5  Y5  Y5  T5      V15 V15 X5  T25 T25 Z5  U5      W5  S25 S25 T15 S15 Z5  U5          L5  T15 T15 T15 P5              N5  P4  N15 N15 P5
    V15 N25 N25 Y5  O4              A5  S25 N25 L35 O4              A5  S25 S25 L35 L35             L5  L4  T15 J45 J25             N5  N5  N15 S4  P5                      N15
B4  B4  L15 N25 N25 O4  J15     A5  B4  L15 L45 L45 O4  J15     A5  A5  F5  L45 L35 J25 J25         L5  L4  L45 J45 J25             L5  N5  S4  S4  J25
B4  I5  L25 L25 L25 I4  J15     A4  I5  L15 L25 L45 I4  Q5      D   I5  F5  F5  L35 I4  Q5          I5  L4  L4  J45 I4              I5  N5  S4  J45 J45
A4  A4  L25     I3  J15 J15     A4  L15 L15     I3  M   Q5      D   F5  F5      I3  Q5  Q5

solution 8 (8,875 searches):
1,1,0 1,1,1 1,1,2 1,1,3 1,1,4 I5
0,0,0 0,0,1 0,1,1 1,0,0 A4
0,1,0 0,2,0 1,2,0 1,2,1 B4
0,2,1 0,2,2 1,2,2 1,3,1 1,3,2 A5
0,0,2 0,1,2 D
1,0,2 2,0,2 2,1,2 2,2,2 3,1,2 F5
1,0,1 2,0,1 2,1,1 2,2,0 2,2,1 L15
2,0,0 2,1,0 3,1,0 3,1,1 4,1,0 L25
4,0,0 4,0,1 4,0,2 I3
5,1,0 5,1,1 5,1,2 5,1,3 I4
5,0,0 6,0,0 6,1,0 6,2,0 6,2,1 J15
5,0,1 M
5,0,2 6,0,1 6,0,2 6,1,1 6,1,2 Q5
5,2,2 5,2,3 5,2,4 5,3,3 6,2,2 J25
4,1,3 4,1,4 4,2,3 4,3,3 5,1,4 J45
4,1,2 4,2,2 4,3,1 4,3,2 5,3,2 L35
3,2,1 3,2,2 3,2,3 4,1,1 4,2,1 L45
2,1,3 2,2,3 2,3,3 3,1,3 L4
1,2,3 1,2,4 1,3,3 1,4,3 1,5,3 L5
1,3,4 1,4,4 2,1,4 2,2,4 2,3,4 N5
3,1,4 3,2,4 4,2,4 4,3,4 S4
3,3,4 3,3,5 3,4,4 4,4,4 4,5,4 N15
5,3,4 5,4,3 5,4,4 5,5,3 5,5,4 P5
1,5,4 2,4,4 2,5,3 2,5,4 P4
5,2,0 5,2,1 5,3,0 5,3,1 O4
2,3,0 3,2,0 3,3,0 3,3,1 4,2,0 N25
3,5,3 3,5,4 4,4,2 4,5,2 4,5,3 S15
2,4,3 3,3,3 3,4,2 3,4,3 4,4,3 T15
1,4,2 2,3,1 2,3,2 2,4,2 3,3,2 S25
2,4,1 2,5,0 2,5,1 2,5,2 2,6,1 X5
0,4,2 0,5,2 1,5,2 1,6,2 2,6,2 W5
0,6,1 0,6,2 1,5,0 1,5,1 1,6,1 V25
0,4,0 0,5,0 0,6,0 1,6,0 2,6,0 V5
0,4,1 0,5,1 1,3,0 1,4,0 1,4,1 V15
3,4,1 3,5,0 3,5,1 3,5,2 4,4,1 T25
2,4,0 3,4,0 4,3,0 4,4,0 5,4,0 Y5
4,6,2 5,4,2 5,5,2 5,6,2 6,6,2 T5
4,5,0 4,5,1 5,5,1 6,5,1 6,5,2 Z5
5,4,1 6,4,0 6,4,1 6,4,2 T4
4,6,0 4,6,1 5,6,1 6,6,0 6,6,1 U5
5,5,0 5,6,0 6,5,0 V3

V5  V5  V5      U5  V3  U5      V25 V25 X5      U5  U5  U5      V25 W5  W5      T5  T5  T5
V5  V25 X5  T25 Z5  V3  V3      V15 V25 X5  T25 Z5  Z5  Z5      W5  W5  X5  T25 S15 T5  Z5          L5  P4  S15 S15 P5              P4  P4  S15 N15 P5
V5  V15 Y5  Y5  Y5  Y5  T4      V15 V15 X5  T25 T25 T4  T4      W5  S25 S25 T15 S15 T5  T4          L5  T15 T15 T15 P5              N5  P4  N15 N15 P5
    V15 N25 N25 Y5  O4              A5  S25 N25 L35 O4              A5  S25 S25 L35 L35             L5  L4  T15 J45 J25             N5  N5  N15 S4  P5                      N15
B4  B4  L15 N25 N25 O4  J15     A5  B4  L15 L45 L45 O4  J15     A5  A5  F5  L45 L35 J25 J25         L5  L4  L45 J45 J25             L5  N5  S4  S4  J25
B4  I5  L25 L25 L25 I4  J15     A4  I5  L15 L25 L45 I4  Q5      D   I5  F5  F5  L35 I4  Q5          I5  L4  L4  J45 I4              I5  N5  S4  J45 J45
A4  A4  L25     I3  J15 J15     A4  L15 L15     I3  M   Q5      D   F5  F5      I3  Q5  Q5

solution 9 (9,496 searches):
1,1,0 1,1,1 1,1,2 1,1,3 1,1,4 I5
0,0,0 0,0,1 0,1,1 1,0,0 A4
0,1,0 0,2,0 1,2,0 1,2,1 B4
0,2,1 0,2,2 1,2,2 1,3,1 1,3,2 A5
0,0,2 0,1,2 D
1,0,2 2,0,2 2,1,2 2,2,2 3,1,2 F5
1,0,1 2,0,1 2,1,1 2,2,0 2,2,1 L15
2,0,0 2,1,0 3,1,0 3,1,1 4,1,0 L25
4,0,0 4,0,1 4,0,2 I3
5,1,0 5,1,1 5,1,2 5,1,3 I4
5,0,0 6,0,0 6,1,0 6,2,0 6,2,1 J15
5,0,1 M
5,0,2 6,0,1 6,0,2 6,1,1 6,1,2 Q5
5,2,2 5,2,3 5,2,4 5,3,3 6,2,2 J25
4,1,3 4,1,4 4,2,3 4,3,3 5,1,4 J45
4,1,2 4,2,2 4,3,1 4,3,2 5,3,2 L35
3,2,1 3,2,2 3,2,3 4,1,1 4,2,1 L45
2,1,3 2,2,3 2,3,3 3,1,3 L4
1,2,3 1,2,4 1,3,3 1,4,3 1,5,3 L5
1,3,4 1,4,4 2,1,4 2,2,4 2,3,4 N5
3,1,4 3,2,4 4,2,4 4,3,4 S4
3,3,4 3,3,5 3,4,4 4,4,4 4,5,4 N15
5,3,4 5,4,3 5,4,4 5,5,3 5,5,4 P5
1,5,4 2,4,4 2,5,3 2,5,4 P4
5,2,0 5,2,1 5,3,0 5,3,1 O4
2,3,0 3,2,0 3,3,0 3,3,1 4,2,0 N25
3,5,3 3,5,4 4,4,2 4,5,2 4,5,3 S15
2,4,3 3,3,3 3,4,2 3,4,3 4,4,3 T15
1,4,2 2,3,1 2,3,2 2,4,2 3,3,2 S25
2,4,1 2,5,0 2,5,1 2,5,2 2,6,1 X5
0,4,2 0,5,2 1,5,2 1,6,2 2,6,2 W5
0,6,0 0,6,1 0,6,2 1,6,0 2,6,0 V5
0,5,0 1,4,1 1,5,0 1,5,1 1,6,1 T25
0,4,0 0,4,1 0,5,1 1,3,0 1,4,0 V25
3,5,0 3,5,1 3,5,2 4,5,1 T4
2,4,0 3,4,0 4,3,0 4,4,0 4,5,0 T5
3,4,1 4,4,1 5,4,1 5,4,2 6,4,1 Y5
5,5,1 5,5,2 5,6,1 6,4,2 6,5,2 V15
4,6,0 5,4,0 5,5,0 5,6,0 6,4,0 Z5
4,6,1 4,6,2 5,6,2 6,6,1 6,6,2 U5
6,5,0 6,5,1 6,6,0 V3

V5  V5  V5      Z5  Z5  V3      V5  T25 X5      U5  V15 U5      V5  W5  W5      U5  U5  U5
T25 T25 X5  T4  T5  Z5  V3      V25 T25 X5  T4  T4  V15 V3      W5  W5  X5  T4  S15 V15 V15         L5  P4  S15 S15 P5              P4  P4  S15 N15 P5
V25 V25 T5  T5  T5  Z5  Z5      V25 T25 X5  Y5  Y5  Y5  Y5      W5  S25 S25 T15 S15 Y5  V15         L5  T15 T15 T15 P5              N5  P4  N15 N15 P5
    V25 N25 N25 T5  O4              A5  S25 N25 L35 O4              A5  S25 S25 L35 L35             L5  L4  T15 J45 J25             N5  N5  N15 S4  P5                      N15
B4  B4  L15 N25 N25 O4  J15     A5  B4  L15 L45 L45 O4  J15     A5  A5  F5  L45 L35 J25 J25         L5  L4  L45 J45 J25             L5  N5  S4  S4  J25
B4  I5  L25 L25 L25 I4  J15     A4  I5  L15 L25 L45 I4  Q5      D   I5  F5  F5  L35 I4  Q5          I5  L4  L4  J45 I4              I5  N5  S4  J45 J45
A4  A4  L25     I3  J15 J15     A4  L15 L15     I3  M   Q5      D   F5  F5      I3  Q5  Q5

solution 10 (10,211 searches):
1,1,0 1,1,1 1,1,2 1,1,3 1,1,4 I5
0,0,0 0,0,1 0,1,1 1,0,0 A4
0,1,0 0,2,0 1,2,0 1,2,1 B4
0,2,1 0,2,2 1,2,2 1,3,1 1,3,2 A5
0,0,2 0,1,2 D
1,0,2 2,0,2 2,1,2 2,2,2 3,1,2 F5
1,0,1 2,0,1 2,1,1 2,2,0 2,2,1 L15
2,0,0 2,1,0 3,1,0 3,1,1 4,1,0 L25
4,0,0 4,0,1 4,0,2 I3
5,1,0 5,1,1 5,1,2 5,1,3 I4
5,0,0 6,0,0 6,1,0 6,2,0 6,2,1 J15
5,0,1 M
5,0,2 6,0,1 6,0,2 6,1,1 6,1,2 Q5
5,2,2 5,2,3 5,2,4 5,3,3 6,2,2 J25
4,1,3 4,1,4 4,2,3 4,3,3 5,1,4 J45
4,1,2 4,2,2 4,3,1 4,3,2 5,3,2 L35
3,2,1 3,2,2 3,2,3 4,1,1 4,2,1 L45
2,1,3 2,2,3 2,3,3 3,1,3 L4
1,2,3 1,2,4 1,3,3 1,4,3 1,5,3 L5
1,3,4 1,4,4 2,1,4 2,2,4 2,3,4 N5
3,1,4 3,2,4 4,2,4 4,3,4 S4
3,3,4 3,3,5 3,4,4 4,4,4 4,5,4 N15
5,3,4 5,4,3 5,4,4 5,5,3 5,5,4 P5
1,5,4 2,4,4 2,5,3 2,5,4 P4
5,2,0 5,2,1 5,3,0 5,3,1 O4
2,3,0 3,2,0 3,3,0 3,3,1 4,2,0 N25
3,5,3 3,5,4 4,4,2 4,5,2 4,5,3 S15
2,4,3 3,3,3 3,4,2 3,4,3 4,4,3 T15
1,4,2 2,3,1 2,3,2 2,4,2 3,3,2 S25
2,4,1 2,5,0 2,5,1 2,5,2 2,6,1 X5
0,4,2 0,5,2 1,5,2 1,6,2 2,6,2 W5
0,6,0 0,6,1 0,6,2 1,6,0 2,6,0 V5
0,4,0 0,5,0 0,5,1 1,5,1 1,6,1 V25
0,4,1 1,3,0 1,4,0 1,4,1 1,5,0 T25
3,5,0 3,5,1 3,5,2 4,5,1 T4
2,4,0 3,4,0 4,3,0 4,4,0 4,5,0 T5
3,4,1 4,4,1 5,4,1 5,4,2 6,4,1 Y5
5,5,1 5,5,2 5,6,1 6,4,2 6,5,2 V15
4,6,0 5,4,0 5,5,0 5,6,0 6,4,0 Z5
4,6,1 4,6,2 5,6,2 6,6,1 6,6,2 U5
6,5,0 6,5,1 6,6,0 V3

V5  V5  V5      Z5  Z5  V3      V5  V25 X5      U5  V15 U5      V5  W5  W5      U5  U5  U5
V25 T25 X5  T4  T5  Z5  V3      V25 V25 X5  T4  T4  V15 V3      W5  W5  X5  T4  S15 V15 V15         L5  P4  S15 S15 P5              P4  P4  S15 N15 P5
V25 T25 T5  T5  T5  Z5  Z5      T25 T25 X5  Y5  Y5  Y5  Y5      W5  S25 S25 T15 S15 Y5  V15         L5  T15 T15 T15 P5              N5  P4  N15 N15 P5
    T25 N25 N25 T5  O4              A5  S25 N25 L35 O4              A5  S25 S25 L35 L35             L5  L4  T15 J45 J25             N5  N5  N15 S4  P5                      N15
B4  B4  L15 N25 N25 O4  J15     A5  B4  L15 L45 L45 O4  J15     A5  A5  F5  L45 L35 J25 J25         L5  L4  L45 J45 J25             L5  N5  S4  S4  J25
B4  I5  L25 L25 L25 I4  J15     A4  I5  L15 L25 L45 I4  Q5      D   I5  F5  F5  L35 I4  Q5          I5  L4  L4  J45 I4              I5  N5  S4  J45 J45
A4  A4  L25     I3  J15 J15     A4  L15 L15     I3  M   Q5      D   F5  F5      I3  Q5  Q5

User-requested solution limit reached.
10 solutions, 10,211 searches, duration 0:00:10.050417
