solving SolidPentominoesOpenBox8x3x3:

solution 1 (1,631 searches):
0,0,1 0,1,0 0,1,1 0,1,2 0,2,1 X
0,0,2 1,0,2 2,0,2 3,0,2 4,0,2 I
0,2,2 1,2,1 1,2,2 2,2,0 2,2,1 W
0,2,0 1,1,0 1,2,0 2,1,0 3,1,0 N
0,0,0 1,0,0 1,0,1 2,0,0 2,0,1 P
2,2,2 3,2,1 3,2,2 4,2,2 5,2,2 Y
3,2,0 4,0,0 4,1,0 4,2,0 5,0,0 Z
3,0,0 3,0,1 4,0,1 5,0,1 6,0,1 L
4,2,1 5,2,1 6,2,0 6,2,1 6,2,2 T
5,0,2 6,0,2 7,0,2 7,1,2 7,2,2 V
7,0,0 7,0,1 7,1,1 7,2,0 7,2,1 U
5,1,0 5,2,0 6,0,0 6,1,0 7,1,0 F

N N W Z Z F T U     X W W Y T T T U     W W Y Y Y Y T V
X N N N Z F F F     X             U     X             V
P P P L Z Z F U     X P P L L L L U     I I I I I V V V

solution 2 (1,683 searches):
0,0,1 0,1,0 0,1,1 0,1,2 0,2,1 X
0,0,2 1,0,2 2,0,2 3,0,2 4,0,2 I
0,2,2 1,2,1 1,2,2 2,2,0 2,2,1 W
0,2,0 1,1,0 1,2,0 2,1,0 3,1,0 N
0,0,0 1,0,0 1,0,1 2,0,0 3,0,0 Y
2,0,1 3,0,1 4,0,1 5,0,1 5,0,2 L
2,2,2 3,2,0 3,2,1 3,2,2 4,2,2 T
5,0,0 6,0,0 6,0,1 6,0,2 7,0,1 F
4,0,0 4,1,0 5,1,0 6,1,0 6,2,0 Z
4,2,0 4,2,1 5,2,0 5,2,1 6,2,1 P
5,2,2 6,2,2 7,2,0 7,2,1 7,2,2 V
7,0,0 7,0,2 7,1,0 7,1,1 7,1,2 U

N N W T P P Z V     X W W T P P P V     W W T T T V V V
X N N N Z Z Z U     X             U     X             U
Y Y Y Y Z F F U     X Y L L L L F F     I I I I I L F U

solution 3 (1,709 searches):
0,0,1 0,1,0 0,1,1 0,1,2 0,2,1 X
0,0,2 1,0,2 2,0,2 3,0,2 4,0,2 I
0,2,2 1,2,1 1,2,2 2,2,0 2,2,1 W
0,2,0 1,1,0 1,2,0 2,1,0 3,1,0 N
0,0,0 1,0,0 1,0,1 2,0,0 3,0,0 Y
2,0,1 3,0,1 4,0,1 5,0,1 5,0,2 L
2,2,2 3,2,0 3,2,1 3,2,2 4,2,2 T
5,0,0 6,0,0 6,0,1 6,0,2 7,0,2 Z
4,0,0 4,1,0 5,1,0 5,2,0 6,1,0 F
4,2,0 4,2,1 5,2,1 6,2,0 6,2,1 U
5,2,2 6,2,2 7,2,0 7,2,1 7,2,2 V
7,0,0 7,0,1 7,1,0 7,1,1 7,1,2 P

N N W T U F U V     X W W T U U U V     W W T T T V V V
X N N N F F F P     X             P     X             P
Y Y Y Y F Z Z P     X Y L L L L Z P     I I I I I L Z Z

solution 4 (1,749 searches):
0,0,1 0,1,0 0,1,1 0,1,2 0,2,1 X
0,0,2 1,0,2 2,0,2 3,0,2 4,0,2 I
0,2,2 1,2,1 1,2,2 2,2,0 2,2,1 W
0,2,0 1,1,0 1,2,0 2,1,0 3,1,0 N
0,0,0 1,0,0 1,0,1 2,0,0 3,0,0 Y
2,0,1 3,0,1 4,0,1 5,0,0 5,0,1 L
2,2,2 3,2,0 3,2,1 3,2,2 4,2,2 T
4,0,0 4,1,0 5,1,0 5,2,0 6,1,0 F
4,2,0 4,2,1 5,2,1 6,2,0 6,2,1 U
5,2,2 6,2,2 7,2,0 7,2,1 7,2,2 V
5,0,2 6,0,0 6,0,1 6,0,2 7,0,0 Z
7,0,1 7,0,2 7,1,0 7,1,1 7,1,2 P

N N W T U F U V     X W W T U U U V     W W T T T V V V
X N N N F F F P     X             P     X             P
Y Y Y Y F L Z Z     X Y L L L L Z P     I I I I I Z Z P

solution 5 (1,751 searches):
0,0,1 0,1,0 0,1,1 0,1,2 0,2,1 X
0,0,2 1,0,2 2,0,2 3,0,2 4,0,2 I
0,2,2 1,2,1 1,2,2 2,2,0 2,2,1 W
0,2,0 1,1,0 1,2,0 2,1,0 3,1,0 N
0,0,0 1,0,0 1,0,1 2,0,0 3,0,0 Y
2,0,1 3,0,1 4,0,1 5,0,0 5,0,1 L
2,2,2 3,2,0 3,2,1 3,2,2 4,2,2 T
4,0,0 4,1,0 5,1,0 5,2,0 6,1,0 F
4,2,0 4,2,1 5,2,1 6,2,0 6,2,1 U
5,2,2 6,2,2 7,0,2 7,1,2 7,2,2 V
5,0,2 6,0,0 6,0,1 6,0,2 7,0,0 Z
7,0,1 7,1,0 7,1,1 7,2,0 7,2,1 P

N N W T U F U P     X W W T U U U P     W W T T T V V V
X N N N F F F P     X             P     X             V
Y Y Y Y F L Z Z     X Y L L L L Z P     I I I I I Z Z V

solution 6 (1,763 searches):
0,0,1 0,1,0 0,1,1 0,1,2 0,2,1 X
0,0,2 1,0,2 2,0,2 3,0,2 4,0,2 I
0,2,2 1,2,1 1,2,2 2,2,0 2,2,1 W
0,2,0 1,1,0 1,2,0 2,1,0 3,1,0 N
0,0,0 1,0,0 1,0,1 2,0,0 3,0,0 Y
2,0,1 3,0,1 4,0,1 5,0,0 5,0,1 L
2,2,2 3,2,0 3,2,1 3,2,2 4,2,2 T
4,0,0 4,1,0 5,1,0 6,1,0 6,2,0 Z
4,2,0 4,2,1 5,2,0 5,2,1 6,2,1 P
5,2,2 6,2,2 7,2,0 7,2,1 7,2,2 V
5,0,2 6,0,0 6,0,1 6,0,2 7,0,1 F
7,0,0 7,0,2 7,1,0 7,1,1 7,1,2 U

N N W T P P Z V     X W W T P P P V     W W T T T V V V
X N N N Z Z Z U     X             U     X             U
Y Y Y Y Z L F U     X Y L L L L F F     I I I I I F F U

solution 7 (3,170 searches):
0,0,1 0,1,0 0,1,1 0,1,2 0,2,1 X
0,0,2 1,0,1 1,0,2 2,0,1 3,0,1 N
2,0,2 3,0,2 4,0,2 5,0,2 6,0,2 I
0,0,0 0,2,0 1,0,0 1,1,0 1,2,0 U
0,2,2 1,2,1 1,2,2 2,2,0 2,2,1 W
2,2,2 3,2,0 3,2,1 3,2,2 4,2,1 F
4,2,2 5,2,2 6,2,2 7,2,1 7,2,2 L
5,2,0 5,2,1 6,2,0 6,2,1 7,2,0 P
5,1,0 6,1,0 7,1,0 7,1,1 7,1,2 V
2,0,0 2,1,0 3,1,0 4,1,0 4,2,0 Z
5,0,1 6,0,1 7,0,0 7,0,1 7,0,2 T
3,0,0 4,0,0 4,0,1 5,0,0 6,0,0 Y

U U W F Z P P P     X W W F F P P L     W W F F L L L L
X U Z Z Z V V V     X             V     X             V
U U Z Y Y Y Y T     X N N N Y T T T     N N I I I I I T

solution 8 (3,447 searches):
0,0,1 0,1,0 0,1,1 0,1,2 0,2,1 X
0,0,2 1,0,1 1,0,2 2,0,1 3,0,1 N
2,0,2 3,0,2 4,0,2 5,0,2 6,0,2 I
0,0,0 0,2,0 1,0,0 1,1,0 1,2,0 U
0,2,2 1,2,1 1,2,2 2,2,2 3,2,2 Y
4,0,1 5,0,1 6,0,1 7,0,0 7,0,1 L
2,2,1 3,2,1 4,2,0 4,2,1 4,2,2 T
7,0,2 7,1,1 7,1,2 7,2,0 7,2,1 W
5,2,1 5,2,2 6,2,1 6,2,2 7,2,2 P
2,0,0 2,1,0 2,2,0 3,0,0 4,0,0 V
3,1,0 3,2,0 4,1,0 5,0,0 5,1,0 Z
5,2,0 6,0,0 6,1,0 6,2,0 7,1,0 F

U U V Z T F F W     X Y T T T P P W     Y Y Y Y T P P P
X U V Z Z Z F F     X             W     X             W
U U V V V Z F L     X N N N L L L L     N N I I I I I W

solution 9 (3,616 searches):
0,0,1 0,1,0 0,1,1 0,1,2 0,2,1 X
0,0,2 1,0,1 1,0,2 2,0,1 3,0,1 N
2,0,2 3,0,2 4,0,2 5,0,2 6,0,2 I
0,0,0 1,0,0 1,1,0 2,1,0 2,2,0 W
0,2,0 0,2,2 1,2,0 1,2,1 1,2,2 U
2,0,0 3,0,0 3,1,0 4,0,0 5,0,0 Y
4,0,1 5,0,1 6,0,1 7,0,1 7,0,2 L
4,1,0 4,2,0 5,1,0 6,0,0 6,1,0 Z
7,0,0 7,1,0 7,1,1 7,1,2 7,2,0 T
3,2,2 4,2,2 5,2,0 5,2,1 5,2,2 V
2,2,1 2,2,2 3,2,0 3,2,1 4,2,1 F
6,2,0 6,2,1 6,2,2 7,2,1 7,2,2 P

U U W F Z V P T     X U F F F V P P     U U F V V V P P
X W W Y Z Z Z T     X             T     X             T
W W Y Y Y Y Z T     X N N N L L L L     N N I I I I I L

solution 10 (3,630 searches):
0,0,1 0,1,0 0,1,1 0,1,2 0,2,1 X
0,0,2 1,0,1 1,0,2 2,0,1 3,0,1 N
2,0,2 3,0,2 4,0,2 5,0,2 6,0,2 I
0,0,0 1,0,0 1,1,0 2,1,0 2,2,0 W
0,2,0 0,2,2 1,2,0 1,2,1 1,2,2 U
2,0,0 3,0,0 3,1,0 4,0,0 5,0,0 Y
4,0,1 5,0,1 6,0,1 7,0,0 7,0,1 L
7,0,2 7,1,0 7,1,1 7,1,2 7,2,2 T
4,1,0 4,2,0 5,1,0 6,0,0 6,1,0 Z
3,2,2 4,2,2 5,2,0 5,2,1 5,2,2 V
2,2,1 2,2,2 3,2,0 3,2,1 4,2,1 F
6,2,0 6,2,1 6,2,2 7,2,0 7,2,1 P

U U W F Z V P P     X U F F F V P P     U U F V V V P T
X W W Y Z Z Z T     X             T     X             T
W W Y Y Y Y Z L     X N N N L L L L     N N I I I I I T

User-requested solution limit reached.
10 solutions, 3,630 searches, duration 0:00:06.898504
