solving SolidHexominoesSteppedBlock9x5x8:

solution 1 (41,616,726 searches):
0,2,0 0,2,1 0,2,2 0,2,3 0,2,4 0,2,5 I06
0,1,1 1,1,1 1,2,1 2,1,1 2,2,1 2,3,1 A06
0,0,0 0,1,0 1,0,0 2,0,0 3,0,0 3,1,0 C06
4,0,0 4,1,0 4,1,1 4,2,0 4,2,1 4,3,0 D06
1,1,0 2,1,0 2,2,0 2,3,0 2,4,0 3,2,0 F06
1,2,0 1,2,2 1,3,0 1,3,1 1,3,2 1,4,1 E06
3,1,1 3,2,1 3,2,2 3,2,3 3,2,4 3,3,3 F16
0,7,0 0,8,0 1,5,0 1,6,0 1,7,0 2,7,0 F26
0,4,0 0,4,1 0,4,2 1,4,0 1,4,2 1,4,3 G06
0,3,0 0,3,1 0,3,2 0,3,3 0,3,4 0,4,4 L06
1,8,0 2,6,0 2,8,0 3,6,0 3,7,0 3,8,0 J06
4,5,1 4,6,0 4,6,1 4,6,2 4,7,0 4,8,0 F36
2,5,1 2,7,1 3,5,1 3,6,1 3,7,1 4,7,1 H06
2,5,0 3,3,0 3,4,0 3,5,0 4,4,0 4,5,0 R06
0,6,1 0,7,1 1,5,1 1,6,1 1,7,1 2,6,1 K06
0,4,3 0,5,0 0,5,1 0,5,2 0,5,3 0,6,0 Z06
3,3,1 3,3,2 3,4,2 3,5,2 3,5,3 3,6,3 M06
2,4,1 2,4,2 2,4,3 2,4,4 3,4,1 4,4,1 V06
0,6,2 0,6,3 1,6,2 2,6,2 2,6,3 3,6,2 U06
2,2,2 2,2,3 2,2,4 2,2,5 2,3,2 2,3,3 P06
0,2,6 1,2,3 1,2,4 1,2,5 1,2,6 2,2,6 T06
1,3,3 1,3,4 2,3,4 2,3,5 3,3,4 3,3,5 Q06
3,2,5 3,2,6 4,2,2 4,2,3 4,2,4 4,2,5 N16
4,3,1 4,3,2 4,3,3 4,4,3 4,4,4 4,4,5 S06
4,4,2 4,5,2 4,5,3 4,6,3 4,6,4 4,6,5 W06
4,2,6 4,3,4 4,3,5 4,3,6 4,4,6 4,5,6 T16
0,3,5 1,3,5 1,3,6 2,3,6 2,3,7 3,3,6 W26
0,3,6 0,4,5 0,4,6 0,5,4 0,5,5 0,6,4 W16
1,4,5 1,4,6 1,4,7 2,4,5 2,4,6 2,4,7 O06
1,4,4 1,5,2 1,5,3 1,5,4 1,5,5 1,6,3 X16
0,5,6 1,5,6 2,5,5 2,5,6 2,5,7 3,5,6 X06
2,5,2 2,5,3 2,5,4 3,5,4 4,5,4 4,5,5 Z16
0,6,5 1,6,4 1,6,5 2,6,4 2,6,5 3,6,4 N06
0,6,6 1,6,6 2,6,6 3,6,5 3,6,6 4,6,6 Y06
3,4,3 3,4,4 3,4,5 3,4,6 3,4,7 3,5,5 Y16

F26 J06 J06 J06 F36
F26 F26 F26 J06 F36     K06 K06 H06 H06 H06
Z06 F26 J06 J06 F36     K06 K06 K06 H06 F36     U06 U06 U06 U06 F36     U06 X16 U06 M06 W06     W16 N06 N06 N06 W06     N06 N06 N06 Y06 W06     Y06 Y06 Y06 Y06 Y06
Z06 F26 R06 R06 R06     Z06 K06 H06 H06 F36     Z06 X16 Z16 M06 W06     Z06 X16 Z16 M06 W06     W16 X16 Z16 Z16 Z16     W16 X16 X06 Y16 Z16     X06 X06 X06 X06 T16             X06
G06 G06 F06 R06 R06     G06 E06 V06 V06 V06     G06 G06 V06 M06 W06     Z06 G06 V06 Y16 S06     L06 X16 V06 Y16 S06     W16 O06 O06 Y16 S06     W16 O06 O06 Y16 T16         O06 O06 Y16
L06 E06 F06 R06 D06     L06 E06 A06 M06 S06     L06 E06 P06 M06 S06     L06 Q06 P06 F16 S06     L06 Q06 Q06 Q06 T16     W26 W26 Q06 Q06 T16     W16 W26 W26 W26 T16             W26
I06 E06 F06 F06 D06     I06 A06 A06 F16 D06     I06 E06 P06 F16 N16     I06 T06 P06 F16 N16     I06 T06 P06 F16 N16     I06 T06 P06 N16 N16     T06 T06 T06 N16 T16
C06 F06 F06 C06 D06     A06 A06 A06 F16 D06
C06 C06 C06 C06 D06

solution 2 (126,422,741 searches):
0,2,0 0,2,1 0,2,2 0,2,3 0,2,4 0,2,5 I06
0,1,1 1,1,1 1,2,1 2,1,1 2,2,1 2,3,1 A06
0,0,0 0,1,0 1,0,0 2,0,0 3,0,0 3,1,0 C06
4,0,0 4,1,0 4,1,1 4,2,0 4,2,1 4,3,0 D06
1,1,0 2,1,0 2,2,0 2,3,0 2,4,0 3,2,0 F06
1,2,0 1,2,2 1,3,0 1,3,1 1,3,2 1,4,1 E06
3,1,1 3,2,1 3,2,2 3,2,3 3,2,4 3,3,3 F16
0,7,0 0,8,0 1,5,0 1,6,0 1,7,0 2,7,0 F26
0,4,0 0,4,1 0,4,2 1,4,0 1,4,2 1,4,3 G06
0,3,0 0,3,1 0,3,2 0,3,3 0,3,4 0,4,4 L06
1,8,0 2,6,0 2,8,0 3,6,0 3,7,0 3,8,0 J06
4,5,1 4,6,0 4,6,1 4,6,2 4,7,0 4,8,0 F36
2,5,1 2,7,1 3,5,1 3,6,1 3,7,1 4,7,1 H06
2,5,0 3,3,0 3,4,0 3,5,0 4,4,0 4,5,0 R06
0,6,1 0,7,1 1,5,1 1,6,1 1,7,1 2,6,1 K06
0,4,3 0,5,0 0,5,1 0,5,2 0,5,3 0,6,0 Z06
3,3,1 3,4,1 3,4,2 3,4,3 3,5,3 3,5,4 M06
2,3,2 2,3,3 2,3,4 3,3,2 4,3,1 4,3,2 Z16
2,2,2 2,2,3 2,2,4 2,2,5 3,2,5 3,2,6 N16
2,4,1 2,4,2 2,4,3 2,4,4 3,4,4 4,4,4 V06
4,4,1 4,4,2 4,4,3 4,5,3 4,5,4 4,5,5 S06
1,5,2 2,5,2 2,5,3 2,5,4 3,5,2 4,5,2 T16
4,2,2 4,2,3 4,2,4 4,2,5 4,2,6 4,3,3 Y06
1,3,5 2,3,5 2,3,6 3,3,4 3,3,5 4,3,4 W26
2,3,7 2,4,6 2,4,7 2,5,6 2,5,7 2,6,6 N06
0,2,6 1,2,3 1,2,4 1,2,5 1,2,6 2,2,6 T06
1,3,3 1,3,4 1,4,4 1,5,3 1,5,4 1,6,4 U06
1,3,6 1,4,5 1,4,6 1,4,7 1,5,6 1,6,6 X06
3,3,6 3,4,6 3,4,7 3,5,5 3,5,6 3,6,6 X16
4,3,5 4,3,6 4,4,5 4,4,6 4,5,6 4,6,6 P06
1,5,5 1,6,5 2,4,5 2,5,5 2,6,5 3,4,5 Q06
0,3,5 0,3,6 0,4,5 0,4,6 0,5,5 0,5,6 O06
0,5,4 0,6,2 0,6,3 0,6,4 0,6,5 0,6,6 Y16
2,6,2 3,6,2 3,6,3 4,6,3 4,6,4 4,6,5 W06
1,6,2 1,6,3 2,6,3 2,6,4 3,6,4 3,6,5 W16

F26 J06 J06 J06 F36
F26 F26 F26 J06 F36     K06 K06 H06 H06 H06
Z06 F26 J06 J06 F36     K06 K06 K06 H06 F36     Y16 W16 W06 W06 F36     Y16 W16 W16 W06 W06     Y16 U06 W16 W16 W06     Y16 Q06 Q06 W16 W06     Y16 X06 N06 X16 P06
Z06 F26 R06 R06 R06     Z06 K06 H06 H06 F36     Z06 T16 T16 T16 T16     Z06 U06 T16 M06 S06     Y16 U06 T16 M06 S06     O06 Q06 Q06 X16 S06     O06 X06 N06 X16 P06             N06
G06 G06 F06 R06 R06     G06 E06 V06 M06 S06     G06 G06 V06 M06 S06     Z06 G06 V06 M06 S06     L06 U06 V06 V06 V06     O06 X06 Q06 Q06 P06     O06 X06 N06 X16 P06         X06 N06 X16
L06 E06 F06 R06 D06     L06 E06 A06 M06 Z16     L06 E06 Z16 Z16 Z16     L06 U06 Z16 F16 Y06     L06 U06 Z16 W26 W26     O06 W26 W26 W26 P06     O06 X06 W26 X16 P06             N06
I06 E06 F06 F06 D06     I06 A06 A06 F16 D06     I06 E06 N16 F16 Y06     I06 T06 N16 F16 Y06     I06 T06 N16 F16 Y06     I06 T06 N16 N16 Y06     T06 T06 T06 N16 Y06
C06 F06 F06 C06 D06     A06 A06 A06 F16 D06
C06 C06 C06 C06 D06

solution 3 (126,422,743 searches):
0,2,0 0,2,1 0,2,2 0,2,3 0,2,4 0,2,5 I06
0,1,1 1,1,1 1,2,1 2,1,1 2,2,1 2,3,1 A06
0,0,0 0,1,0 1,0,0 2,0,0 3,0,0 3,1,0 C06
4,0,0 4,1,0 4,1,1 4,2,0 4,2,1 4,3,0 D06
1,1,0 2,1,0 2,2,0 2,3,0 2,4,0 3,2,0 F06
1,2,0 1,2,2 1,3,0 1,3,1 1,3,2 1,4,1 E06
3,1,1 3,2,1 3,2,2 3,2,3 3,2,4 3,3,3 F16
0,7,0 0,8,0 1,5,0 1,6,0 1,7,0 2,7,0 F26
0,4,0 0,4,1 0,4,2 1,4,0 1,4,2 1,4,3 G06
0,3,0 0,3,1 0,3,2 0,3,3 0,3,4 0,4,4 L06
1,8,0 2,6,0 2,8,0 3,6,0 3,7,0 3,8,0 J06
4,5,1 4,6,0 4,6,1 4,6,2 4,7,0 4,8,0 F36
2,5,1 2,7,1 3,5,1 3,6,1 3,7,1 4,7,1 H06
2,5,0 3,3,0 3,4,0 3,5,0 4,4,0 4,5,0 R06
0,6,1 0,7,1 1,5,1 1,6,1 1,7,1 2,6,1 K06
0,4,3 0,5,0 0,5,1 0,5,2 0,5,3 0,6,0 Z06
3,3,1 3,4,1 3,4,2 3,4,3 3,5,3 3,5,4 M06
2,3,2 2,3,3 2,3,4 3,3,2 4,3,1 4,3,2 Z16
2,2,2 2,2,3 2,2,4 2,2,5 3,2,5 3,2,6 N16
2,4,1 2,4,2 2,4,3 2,4,4 3,4,4 4,4,4 V06
4,4,1 4,4,2 4,4,3 4,5,3 4,5,4 4,5,5 S06
1,5,2 2,5,2 2,5,3 2,5,4 3,5,2 4,5,2 T16
4,2,2 4,2,3 4,2,4 4,2,5 4,2,6 4,3,3 Y06
1,3,5 2,3,5 2,3,6 3,3,4 3,3,5 4,3,4 W26
2,3,7 2,4,6 2,4,7 2,5,6 2,5,7 2,6,6 N06
0,2,6 1,2,3 1,2,4 1,2,5 1,2,6 2,2,6 T06
1,3,3 1,3,4 1,4,4 1,5,3 1,5,4 1,6,4 U06
1,3,6 1,4,5 1,4,6 1,4,7 1,5,6 1,6,6 X06
3,3,6 3,4,6 3,4,7 3,5,5 3,5,6 3,6,6 X16
4,3,5 4,3,6 4,4,5 4,4,6 4,5,6 4,6,6 P06
1,5,5 1,6,5 2,4,5 2,5,5 2,6,5 3,4,5 Q06
0,3,5 0,3,6 0,4,5 0,4,6 0,5,5 0,5,6 O06
0,5,4 0,6,2 0,6,3 0,6,4 0,6,5 0,6,6 Y16
1,6,2 2,6,2 3,6,2 3,6,3 4,6,3 4,6,4 W06
1,6,3 2,6,3 2,6,4 3,6,4 3,6,5 4,6,5 W16

F26 J06 J06 J06 F36
F26 F26 F26 J06 F36     K06 K06 H06 H06 H06
Z06 F26 J06 J06 F36     K06 K06 K06 H06 F36     Y16 W06 W06 W06 F36     Y16 W16 W16 W06 W06     Y16 U06 W16 W16 W06     Y16 Q06 Q06 W16 W16     Y16 X06 N06 X16 P06
Z06 F26 R06 R06 R06     Z06 K06 H06 H06 F36     Z06 T16 T16 T16 T16     Z06 U06 T16 M06 S06     Y16 U06 T16 M06 S06     O06 Q06 Q06 X16 S06     O06 X06 N06 X16 P06             N06
G06 G06 F06 R06 R06     G06 E06 V06 M06 S06     G06 G06 V06 M06 S06     Z06 G06 V06 M06 S06     L06 U06 V06 V06 V06     O06 X06 Q06 Q06 P06     O06 X06 N06 X16 P06         X06 N06 X16
L06 E06 F06 R06 D06     L06 E06 A06 M06 Z16     L06 E06 Z16 Z16 Z16     L06 U06 Z16 F16 Y06     L06 U06 Z16 W26 W26     O06 W26 W26 W26 P06     O06 X06 W26 X16 P06             N06
I06 E06 F06 F06 D06     I06 A06 A06 F16 D06     I06 E06 N16 F16 Y06     I06 T06 N16 F16 Y06     I06 T06 N16 F16 Y06     I06 T06 N16 N16 Y06     T06 T06 T06 N16 Y06
C06 F06 F06 C06 D06     A06 A06 A06 F16 D06
C06 C06 C06 C06 D06

solution 4 (137,583,232 searches):
0,2,0 0,2,1 0,2,2 0,2,3 0,2,4 0,2,5 I06
0,1,1 1,1,1 1,2,1 2,1,1 2,2,1 2,3,1 A06
0,0,0 0,1,0 1,0,0 2,0,0 3,0,0 3,1,0 C06
4,0,0 4,1,0 4,1,1 4,2,0 4,2,1 4,3,0 D06
1,1,0 2,1,0 2,2,0 2,3,0 2,4,0 3,2,0 F06
1,2,0 1,2,2 1,3,0 1,3,1 1,3,2 1,4,1 E06
3,1,1 3,2,1 3,2,2 3,2,3 3,2,4 3,3,3 F16
0,7,0 0,8,0 1,5,0 1,6,0 1,7,0 2,7,0 F26
0,4,0 0,4,1 0,4,2 1,4,0 1,4,2 1,4,3 G06
0,3,0 0,3,1 0,3,2 0,3,3 0,3,4 0,4,4 L06
1,8,0 2,6,0 2,8,0 3,6,0 3,7,0 3,8,0 J06
4,5,1 4,6,0 4,6,1 4,6,2 4,7,0 4,8,0 F36
2,5,1 2,7,1 3,5,1 3,6,1 3,7,1 4,7,1 H06
2,5,0 3,3,0 3,4,0 3,5,0 4,4,0 4,5,0 R06
0,6,1 0,7,1 1,5,1 1,6,1 1,7,1 2,6,1 K06
0,4,3 0,5,0 0,5,1 0,5,2 0,5,3 0,6,0 Z06
3,3,1 3,4,1 3,4,2 3,5,2 3,6,2 3,6,3 M06
1,3,3 1,3,4 2,3,2 2,3,3 2,3,4 3,3,2 Q06
2,2,2 2,2,3 2,2,4 2,2,5 2,3,5 2,3,6 N16
1,2,3 1,2,4 1,2,5 1,2,6 2,2,6 3,2,6 V06
2,3,7 2,4,4 2,4,5 2,4,6 2,4,7 2,5,7 T06
2,4,1 2,4,2 2,4,3 3,4,3 3,4,4 3,4,5 S06
3,2,5 3,3,4 3,3,5 3,3,6 3,4,6 3,4,7 W26
0,2,6 0,3,6 0,4,6 0,5,6 1,3,6 1,5,6 U06
1,3,5 1,4,4 1,4,5 1,4,6 1,4,7 1,5,5 X06
0,3,5 0,4,5 0,5,4 0,5,5 0,6,3 0,6,4 W06
0,6,2 1,6,2 2,6,2 2,6,3 2,6,4 3,6,4 Z16
0,6,5 1,6,3 1,6,4 1,6,5 2,6,5 3,6,5 T16
0,6,6 1,6,6 2,5,6 2,6,6 3,6,6 4,6,6 Y16
1,5,2 1,5,3 1,5,4 2,5,2 2,5,3 2,5,4 O06
2,5,5 3,5,3 3,5,4 3,5,5 3,5,6 4,5,4 X16
4,4,1 4,4,2 4,5,2 4,5,3 4,6,3 4,6,4 W16
4,3,1 4,3,2 4,3,3 4,3,4 4,4,3 4,4,4 P06
4,2,2 4,2,3 4,2,4 4,2,5 4,2,6 4,3,5 Y06
4,3,6 4,4,5 4,4,6 4,5,5 4,5,6 4,6,5 N06

F26 J06 J06 J06 F36
F26 F26 F26 J06 F36     K06 K06 H06 H06 H06
Z06 F26 J06 J06 F36     K06 K06 K06 H06 F36     Z16 Z16 Z16 M06 F36     W06 T16 Z16 M06 W16     W06 T16 Z16 Z16 W16     T16 T16 T16 T16 N06     Y16 Y16 Y16 Y16 Y16
Z06 F26 R06 R06 R06     Z06 K06 H06 H06 F36     Z06 O06 O06 M06 W16     Z06 O06 O06 X16 W16     W06 O06 O06 X16 X16     W06 X06 X16 X16 N06     U06 U06 Y16 X16 N06             T06
G06 G06 F06 R06 R06     G06 E06 S06 M06 W16     G06 G06 S06 M06 W16     Z06 G06 S06 S06 P06     L06 X06 T06 S06 P06     W06 X06 T06 S06 N06     U06 X06 T06 W26 N06         X06 T06 W26
L06 E06 F06 R06 D06     L06 E06 A06 M06 P06     L06 E06 Q06 Q06 P06     L06 Q06 Q06 F16 P06     L06 Q06 Q06 W26 P06     W06 X06 N16 W26 Y06     U06 U06 N16 W26 N06             T06
I06 E06 F06 F06 D06     I06 A06 A06 F16 D06     I06 E06 N16 F16 Y06     I06 V06 N16 F16 Y06     I06 V06 N16 F16 Y06     I06 V06 N16 W26 Y06     U06 V06 V06 V06 Y06
C06 F06 F06 C06 D06     A06 A06 A06 F16 D06
C06 C06 C06 C06 D06

solution 5 (160,035,245 searches):
0,2,0 0,2,1 0,2,2 0,2,3 0,2,4 0,2,5 I06
0,1,1 1,1,1 1,2,1 2,1,1 2,2,1 2,3,1 A06
0,0,0 0,1,0 1,0,0 2,0,0 3,0,0 3,1,0 C06
4,0,0 4,1,0 4,1,1 4,2,0 4,2,1 4,3,0 D06
1,1,0 2,1,0 2,2,0 2,3,0 2,4,0 3,2,0 F06
1,2,0 1,2,2 1,3,0 1,3,1 1,3,2 1,4,1 E06
3,1,1 3,2,1 3,2,2 3,2,3 3,2,4 3,3,3 F16
0,7,0 0,8,0 1,5,0 1,6,0 1,7,0 2,7,0 F26
0,4,0 0,4,1 0,4,2 1,4,0 1,4,2 1,4,3 G06
0,3,0 0,3,1 0,3,2 0,3,3 0,3,4 0,4,4 L06
1,8,0 2,6,0 2,8,0 3,6,0 3,7,0 3,8,0 J06
4,5,1 4,6,0 4,6,1 4,6,2 4,7,0 4,8,0 F36
2,5,1 2,7,1 3,5,1 3,6,1 3,7,1 4,7,1 H06
2,5,0 3,3,0 3,4,0 3,5,0 4,4,0 4,5,0 R06
0,6,1 0,7,1 1,5,1 1,6,1 1,7,1 2,6,1 K06
0,4,3 0,5,0 0,5,1 0,5,2 0,5,3 0,6,0 Z06
3,3,1 3,4,1 3,4,2 3,5,2 3,6,2 3,6,3 M06
2,3,2 3,3,2 4,3,1 4,3,2 4,3,3 4,3,4 T16
3,2,5 4,2,2 4,2,3 4,2,4 4,2,5 4,2,6 Y06
2,4,4 3,4,3 3,4,4 4,4,1 4,4,2 4,4,3 W06
2,4,1 2,4,2 2,4,3 2,5,2 2,5,3 2,5,4 N06
2,2,2 2,2,3 2,2,4 2,2,5 2,3,5 2,4,5 V06
1,3,3 2,3,3 2,3,4 3,3,4 3,3,5 4,3,5 W16
0,2,6 1,2,3 1,2,4 1,2,5 1,2,6 2,2,6 T06
0,3,5 1,3,4 1,3,5 1,3,6 2,3,6 2,3,7 W26
0,3,6 0,4,6 0,5,4 0,5,5 0,5,6 0,6,4 Z16
0,4,5 1,4,5 1,4,6 1,4,7 2,4,6 2,4,7 Q06
0,6,2 0,6,3 1,6,2 1,6,3 2,6,2 2,6,3 O06
1,4,4 1,5,2 1,5,3 1,5,4 1,5,5 1,5,6 Y16
2,5,5 2,5,6 2,5,7 3,5,3 3,5,4 3,5,5 S06
3,2,6 3,3,6 3,4,5 3,4,6 3,4,7 3,5,6 X06
4,3,6 4,4,5 4,4,6 4,5,6 4,6,5 4,6,6 U06
4,4,4 4,5,2 4,5,3 4,5,4 4,5,5 4,6,3 X16
0,6,5 1,6,4 1,6,5 2,6,4 3,6,4 4,6,4 N16
0,6,6 1,6,6 2,6,5 2,6,6 3,6,5 3,6,6 P06

F26 J06 J06 J06 F36
F26 F26 F26 J06 F36     K06 K06 H06 H06 H06
Z06 F26 J06 J06 F36     K06 K06 K06 H06 F36     O06 O06 O06 M06 F36     O06 O06 O06 M06 X16     Z16 N16 N16 N16 N16     N16 N16 P06 P06 U06     P06 P06 P06 P06 U06
Z06 F26 R06 R06 R06     Z06 K06 H06 H06 F36     Z06 Y16 N06 M06 X16     Z06 Y16 N06 S06 X16     Z16 Y16 N06 S06 X16     Z16 Y16 S06 S06 X16     Z16 Y16 S06 X06 U06             S06
G06 G06 F06 R06 R06     G06 E06 N06 M06 W06     G06 G06 N06 M06 W06     Z06 G06 N06 W06 W06     L06 Y16 W06 W06 X16     Q06 Q06 V06 X06 U06     Z16 Q06 Q06 X06 U06         Q06 Q06 X06
L06 E06 F06 R06 D06     L06 E06 A06 M06 T16     L06 E06 T16 T16 T16     L06 W16 W16 F16 T16     L06 W26 W16 W16 T16     W26 W26 V06 W16 W16     Z16 W26 W26 X06 U06             W26
I06 E06 F06 F06 D06     I06 A06 A06 F16 D06     I06 E06 V06 F16 Y06     I06 T06 V06 F16 Y06     I06 T06 V06 F16 Y06     I06 T06 V06 Y06 Y06     T06 T06 T06 X06 Y06
C06 F06 F06 C06 D06     A06 A06 A06 F16 D06
C06 C06 C06 C06 D06

solution 6 (163,224,996 searches):
0,2,0 0,2,1 0,2,2 0,2,3 0,2,4 0,2,5 I06
0,1,1 1,1,1 1,2,1 2,1,1 2,2,1 2,3,1 A06
0,0,0 0,1,0 1,0,0 2,0,0 3,0,0 3,1,0 C06
4,0,0 4,1,0 4,1,1 4,2,0 4,2,1 4,3,0 D06
1,1,0 2,1,0 2,2,0 2,3,0 2,4,0 3,2,0 F06
1,2,0 1,2,2 1,3,0 1,3,1 1,3,2 1,4,1 E06
3,1,1 3,2,1 3,2,2 3,2,3 3,2,4 3,3,3 F16
0,7,0 0,8,0 1,5,0 1,6,0 1,7,0 2,7,0 F26
0,4,0 0,4,1 0,4,2 1,4,0 1,4,2 1,4,3 G06
0,3,0 0,3,1 0,3,2 0,3,3 0,3,4 0,4,4 L06
1,8,0 2,6,0 2,8,0 3,6,0 3,7,0 3,8,0 J06
4,5,1 4,6,0 4,6,1 4,6,2 4,7,0 4,8,0 F36
2,5,1 2,7,1 3,5,1 3,6,1 3,7,1 4,7,1 H06
2,5,0 3,3,0 3,4,0 3,5,0 4,4,0 4,5,0 R06
0,6,1 0,7,1 1,5,1 1,6,1 1,7,1 2,6,1 K06
0,4,3 0,5,0 0,5,1 0,5,2 0,5,3 0,6,0 Z06
3,3,1 3,4,1 3,4,2 3,5,2 3,6,2 3,6,3 M06
2,3,2 2,3,3 2,3,4 2,3,5 3,3,2 3,3,4 U06
1,2,3 1,2,4 1,2,5 2,2,2 2,2,3 2,2,4 N06
2,2,5 3,2,5 4,2,3 4,2,4 4,2,5 4,2,6 T16
1,3,3 1,3,4 1,3,5 1,3,6 1,4,5 1,4,6 P06
1,4,7 2,4,4 2,4,5 2,4,6 2,4,7 3,4,7 T06
2,3,6 2,3,7 3,3,5 3,3,6 4,3,5 4,3,6 Q06
0,2,6 0,3,6 0,4,6 1,2,6 2,2,6 3,2,6 V06
0,3,5 0,4,5 0,5,4 0,5,5 0,5,6 0,6,5 X06
1,4,4 1,5,2 1,5,3 1,5,4 1,5,5 1,5,6 Y16
2,4,1 2,4,2 2,5,2 2,5,3 2,5,4 2,5,5 N16
2,4,3 3,4,3 3,4,4 4,4,4 4,4,5 4,4,6 W06
4,2,2 4,3,1 4,3,2 4,3,3 4,3,4 4,4,3 X16
3,4,5 3,4,6 3,5,3 3,5,4 3,5,5 3,6,4 W26
2,5,6 2,5,7 3,5,6 4,5,4 4,5,5 4,5,6 Z16
4,4,1 4,4,2 4,5,2 4,5,3 4,6,3 4,6,4 W16
0,6,2 0,6,3 1,6,2 1,6,3 2,6,2 2,6,3 O06
0,6,4 1,6,4 2,6,4 2,6,5 3,6,5 4,6,5 S06
0,6,6 1,6,5 1,6,6 2,6,6 3,6,6 4,6,6 Y06

F26 J06 J06 J06 F36
F26 F26 F26 J06 F36     K06 K06 H06 H06 H06
Z06 F26 J06 J06 F36     K06 K06 K06 H06 F36     O06 O06 O06 M06 F36     O06 O06 O06 M06 W16     S06 S06 S06 W26 W16     X06 Y06 S06 S06 S06     Y06 Y06 Y06 Y06 Y06
Z06 F26 R06 R06 R06     Z06 K06 H06 H06 F36     Z06 Y16 N16 M06 W16     Z06 Y16 N16 W26 W16     X06 Y16 N16 W26 Z16     X06 Y16 N16 W26 Z16     X06 Y16 Z16 Z16 Z16             Z16
G06 G06 F06 R06 R06     G06 E06 N16 M06 W16     G06 G06 N16 M06 W16     Z06 G06 W06 W06 X16     L06 Y16 T06 W06 W06     X06 P06 T06 W26 W06     V06 P06 T06 W26 W06         T06 T06 T06
L06 E06 F06 R06 D06     L06 E06 A06 M06 X16     L06 E06 U06 U06 X16     L06 P06 U06 F16 X16     L06 P06 U06 U06 X16     X06 P06 U06 Q06 Q06     V06 P06 Q06 Q06 Q06             Q06
I06 E06 F06 F06 D06     I06 A06 A06 F16 D06     I06 E06 N06 F16 X16     I06 N06 N06 F16 T16     I06 N06 N06 F16 T16     I06 N06 T16 T16 T16     V06 V06 V06 V06 T16
C06 F06 F06 C06 D06     A06 A06 A06 F16 D06
C06 C06 C06 C06 D06

solution 7 (193,069,615 searches):
0,2,0 0,2,1 0,2,2 0,2,3 0,2,4 0,2,5 I06
0,1,1 1,1,1 1,2,1 2,1,1 2,2,1 2,3,1 A06
0,0,0 0,1,0 1,0,0 2,0,0 3,0,0 3,1,0 C06
4,0,0 4,1,0 4,1,1 4,2,0 4,2,1 4,3,0 D06
1,1,0 2,1,0 2,2,0 2,3,0 2,4,0 3,2,0 F06
1,2,0 1,2,2 1,3,0 1,3,1 1,3,2 1,4,1 E06
3,1,1 3,2,1 3,2,2 3,2,3 3,2,4 3,3,3 F16
0,7,0 0,8,0 1,5,0 1,6,0 1,7,0 2,7,0 F26
0,4,0 0,4,1 0,4,2 1,4,0 1,4,2 1,4,3 G06
0,3,0 0,3,1 0,3,2 0,3,3 0,3,4 0,4,4 L06
1,8,0 2,6,0 2,8,0 3,6,0 3,7,0 3,8,0 J06
4,5,1 4,6,0 4,6,1 4,6,2 4,7,0 4,8,0 F36
2,5,1 2,7,1 3,5,1 3,6,1 3,7,1 4,7,1 H06
2,5,0 3,3,0 3,4,0 3,5,0 4,4,0 4,5,0 R06
0,6,1 0,7,1 1,5,1 1,6,1 1,7,1 2,6,1 K06
0,4,3 0,5,0 0,5,1 0,5,2 0,5,3 0,6,0 Z06
3,3,1 3,4,1 3,4,2 3,5,2 3,6,2 3,6,3 M06
3,3,2 3,3,4 4,3,1 4,3,2 4,3,3 4,3,4 U06
4,2,2 4,2,3 4,2,4 4,2,5 4,3,5 4,4,5 V06
3,4,3 3,4,4 4,4,1 4,4,2 4,4,3 4,4,4 P06
4,5,4 4,5,5 4,5,6 4,6,3 4,6,4 4,6,5 N06
3,5,3 3,5,4 3,5,5 3,5,6 4,5,2 4,5,3 N16
1,6,6 2,6,6 3,6,4 3,6,5 3,6,6 4,6,6 T16
0,6,2 0,6,3 0,6,4 0,6,5 0,6,6 1,6,5 Y06
1,6,2 1,6,3 1,6,4 2,6,2 2,6,3 2,6,4 O06
0,5,4 0,5,5 0,5,6 1,5,2 1,5,3 1,5,4 S06
2,2,2 2,3,2 2,4,1 2,4,2 2,4,3 2,5,2 X06
2,5,3 2,5,4 2,5,5 2,5,6 2,5,7 2,6,5 Y16
2,2,3 2,2,4 2,2,5 3,2,5 3,2,6 4,2,6 W06
1,3,6 2,3,6 2,3,7 3,3,5 3,3,6 4,3,6 X16
0,2,6 1,2,3 1,2,4 1,2,5 1,2,6 2,2,6 T06
0,3,5 0,3,6 1,3,5 2,3,3 2,3,4 2,3,5 Z16
1,3,3 1,3,4 1,4,4 1,4,5 1,5,5 1,5,6 W16
0,4,5 0,4,6 1,4,6 1,4,7 2,4,6 2,4,7 Q06
2,4,4 2,4,5 3,4,5 3,4,6 3,4,7 4,4,6 W26

F26 J06 J06 J06 F36
F26 F26 F26 J06 F36     K06 K06 H06 H06 H06
Z06 F26 J06 J06 F36     K06 K06 K06 H06 F36     Y06 O06 O06 M06 F36     Y06 O06 O06 M06 N06     Y06 O06 O06 T16 N06     Y06 Y06 Y16 T16 N06     Y06 T16 T16 T16 T16
Z06 F26 R06 R06 R06     Z06 K06 H06 H06 F36     Z06 S06 X06 M06 N16     Z06 S06 Y16 N16 N16     S06 S06 Y16 N16 N06     S06 W16 Y16 N16 N06     S06 W16 Y16 N16 N06             Y16
G06 G06 F06 R06 R06     G06 E06 X06 M06 P06     G06 G06 X06 M06 P06     Z06 G06 X06 P06 P06     L06 W16 W26 P06 P06     Q06 W16 W26 W26 V06     Q06 Q06 Q06 W26 W26         Q06 Q06 W26
L06 E06 F06 R06 D06     L06 E06 A06 M06 U06     L06 E06 X06 U06 U06     L06 W16 Z16 F16 U06     L06 W16 Z16 U06 U06     Z16 Z16 Z16 X16 V06     Z16 X16 X16 X16 X16             X16
I06 E06 F06 F06 D06     I06 A06 A06 F16 D06     I06 E06 X06 F16 V06     I06 T06 W06 F16 V06     I06 T06 W06 F16 V06     I06 T06 W06 W06 V06     T06 T06 T06 W06 W06
C06 F06 F06 C06 D06     A06 A06 A06 F16 D06
C06 C06 C06 C06 D06

solution 8 (205,131,166 searches):
0,2,0 0,2,1 0,2,2 0,2,3 0,2,4 0,2,5 I06
0,1,1 1,1,1 1,2,1 2,1,1 2,2,1 2,3,1 A06
0,0,0 0,1,0 1,0,0 2,0,0 3,0,0 3,1,0 C06
4,0,0 4,1,0 4,1,1 4,2,0 4,2,1 4,3,0 D06
1,1,0 2,1,0 2,2,0 2,3,0 2,4,0 3,2,0 F06
1,2,0 1,2,2 1,3,0 1,3,1 1,3,2 1,4,1 E06
3,1,1 3,2,1 3,2,2 3,2,3 3,2,4 3,3,3 F16
0,7,0 0,8,0 1,5,0 1,6,0 1,7,0 2,7,0 F26
0,4,0 0,4,1 0,4,2 1,4,0 1,4,2 1,4,3 G06
0,3,0 0,3,1 0,3,2 0,3,3 0,3,4 0,4,4 L06
1,8,0 2,6,0 2,8,0 3,6,0 3,7,0 3,8,0 J06
4,5,1 4,6,0 4,6,1 4,6,2 4,7,0 4,8,0 F36
2,5,1 2,7,1 3,5,1 3,6,1 3,7,1 4,7,1 H06
2,5,0 3,3,0 3,4,0 3,5,0 4,4,0 4,5,0 R06
0,6,1 0,7,1 1,5,1 1,6,1 1,7,1 2,6,1 K06
0,4,3 0,5,0 0,5,1 0,5,2 0,5,3 0,6,0 Z06
3,3,1 3,4,1 3,4,2 3,5,2 3,6,2 3,6,3 M06
3,3,2 3,3,4 4,3,1 4,3,2 4,3,3 4,3,4 U06
4,2,2 4,2,3 4,2,4 4,2,5 4,2,6 4,3,5 Y06
4,4,1 4,4,2 4,5,2 4,5,3 4,5,4 4,5,5 N16
2,6,5 3,6,5 4,6,3 4,6,4 4,6,5 4,6,6 T16
0,5,4 0,5,5 0,5,6 0,6,2 0,6,3 0,6,4 S06
0,6,5 0,6,6 1,6,4 1,6,5 2,6,3 2,6,4 W16
1,5,2 1,5,3 1,5,4 1,5,5 1,6,2 1,6,3 P06
2,2,2 2,3,2 2,4,1 2,4,2 2,5,2 2,6,2 Y16
3,3,5 3,4,4 3,4,5 3,5,3 3,5,4 3,6,4 W26
4,3,6 4,4,3 4,4,4 4,4,5 4,4,6 4,5,6 T06
1,2,3 1,3,3 2,2,3 2,3,3 2,4,3 3,4,3 Q06
3,3,6 3,4,6 3,4,7 3,5,5 3,5,6 3,6,6 X16
0,3,5 0,4,5 1,2,5 1,3,5 2,2,5 3,2,5 W06
1,2,4 1,3,4 1,4,4 2,2,4 2,3,4 2,4,4 O06
1,3,6 1,4,5 1,4,6 1,4,7 1,5,6 1,6,6 X06
0,2,6 0,3,6 0,4,6 1,2,6 2,2,6 3,2,6 V06
2,3,5 2,3,6 2,4,5 2,5,3 2,5,4 2,5,5 Z16
2,3,7 2,4,6 2,4,7 2,5,6 2,5,7 2,6,6 N06

F26 J06 J06 J06 F36
F26 F26 F26 J06 F36     K06 K06 H06 H06 H06
Z06 F26 J06 J06 F36     K06 K06 K06 H06 F36     S06 P06 Y16 M06 F36     S06 P06 W16 M06 T16     S06 W16 W16 W26 T16     W16 W16 T16 T16 T16     W16 X06 N06 X16 T16
Z06 F26 R06 R06 R06     Z06 K06 H06 H06 F36     Z06 P06 Y16 M06 N16     Z06 P06 Z16 W26 N16     S06 P06 Z16 W26 N16     S06 P06 Z16 X16 N16     S06 X06 N06 X16 T06             N06
G06 G06 F06 R06 R06     G06 E06 Y16 M06 N16     G06 G06 Y16 M06 N16     Z06 G06 Q06 Q06 T06     L06 O06 O06 W26 T06     W06 X06 Z16 W26 T06     V06 X06 N06 X16 T06         X06 N06 X16
L06 E06 F06 R06 D06     L06 E06 A06 M06 U06     L06 E06 Y16 U06 U06     L06 Q06 Q06 F16 U06     L06 O06 O06 U06 U06     W06 W06 Z16 W26 Y06     V06 X06 Z16 X16 T06             N06
I06 E06 F06 F06 D06     I06 A06 A06 F16 D06     I06 E06 Y16 F16 Y06     I06 Q06 Q06 F16 Y06     I06 O06 O06 F16 Y06     I06 W06 W06 W06 Y06     V06 V06 V06 V06 Y06
C06 F06 F06 C06 D06     A06 A06 A06 F16 D06
C06 C06 C06 C06 D06

solution 9 (214,586,419 searches):
0,2,0 0,2,1 0,2,2 0,2,3 0,2,4 0,2,5 I06
0,1,1 1,1,1 1,2,1 2,1,1 2,2,1 2,3,1 A06
0,0,0 0,1,0 1,0,0 2,0,0 3,0,0 3,1,0 C06
4,0,0 4,1,0 4,1,1 4,2,0 4,2,1 4,3,0 D06
1,1,0 2,1,0 2,2,0 2,3,0 2,4,0 3,2,0 F06
1,2,0 1,2,2 1,3,0 1,3,1 1,3,2 1,4,1 E06
3,1,1 3,2,1 3,2,2 3,2,3 3,2,4 3,3,3 F16
0,7,0 0,8,0 1,5,0 1,6,0 1,7,0 2,7,0 F26
0,4,0 0,4,1 0,4,2 1,4,0 1,4,2 1,4,3 G06
0,3,0 0,3,1 0,3,2 0,3,3 0,3,4 0,4,4 L06
1,8,0 2,6,0 2,8,0 3,6,0 3,7,0 3,8,0 J06
4,5,1 4,6,0 4,6,1 4,6,2 4,7,0 4,8,0 F36
2,5,1 2,7,1 3,5,1 3,6,1 3,7,1 4,7,1 H06
2,5,0 3,3,0 3,4,0 3,5,0 4,4,0 4,5,0 R06
0,6,1 0,7,1 1,5,1 1,6,1 1,7,1 2,6,1 K06
0,4,3 0,5,0 0,5,1 0,5,2 0,5,3 0,6,0 Z06
3,3,1 3,4,1 3,4,2 3,5,2 3,6,2 3,6,3 M06
3,3,2 3,3,4 4,3,1 4,3,2 4,3,3 4,3,4 U06
4,2,2 4,2,3 4,2,4 4,2,5 4,2,6 4,3,5 Y06
4,4,1 4,4,2 4,5,2 4,5,3 4,5,4 4,6,3 W26
0,6,2 0,6,3 0,6,4 0,6,5 1,6,2 2,6,2 V06
1,6,3 1,6,4 2,6,3 2,6,4 3,6,4 4,6,4 P06
0,2,6 1,2,3 1,2,4 1,2,5 1,2,6 2,2,6 T06
1,3,3 1,3,4 1,4,4 1,4,5 1,5,5 1,5,6 W16
0,4,5 0,4,6 1,4,6 1,4,7 2,4,7 3,4,7 W06
0,5,4 0,5,5 0,5,6 1,5,2 1,5,3 1,5,4 S06
0,6,6 1,6,5 1,6,6 2,6,5 2,6,6 3,6,5 N06
4,4,3 4,4,4 4,4,5 4,4,6 4,5,5 4,6,5 T16
2,4,6 3,4,6 3,5,6 3,6,6 4,5,6 4,6,6 Q06
2,2,2 2,2,3 2,2,4 2,2,5 3,2,5 3,2,6 N16
3,4,3 3,4,4 3,4,5 3,5,3 3,5,4 3,5,5 O06
2,4,5 2,5,3 2,5,4 2,5,5 2,5,6 2,5,7 Y16
0,3,5 0,3,6 1,3,5 2,3,3 2,3,4 2,3,5 Z16
2,3,2 2,4,1 2,4,2 2,4,3 2,4,4 2,5,2 X06
1,3,6 2,3,6 2,3,7 3,3,5 3,3,6 4,3,6 X16

F26 J06 J06 J06 F36
F26 F26 F26 J06 F36     K06 K06 H06 H06 H06
Z06 F26 J06 J06 F36     K06 K06 K06 H06 F36     V06 V06 V06 M06 F36     V06 P06 P06 M06 W26     V06 P06 P06 P06 P06     V06 N06 N06 N06 T16     N06 N06 N06 Q06 Q06
Z06 F26 R06 R06 R06     Z06 K06 H06 H06 F36     Z06 S06 X06 M06 W26     Z06 S06 Y16 O06 W26     S06 S06 Y16 O06 W26     S06 W16 Y16 O06 T16     S06 W16 Y16 Q06 Q06             Y16
G06 G06 F06 R06 R06     G06 E06 X06 M06 W26     G06 G06 X06 M06 W26     Z06 G06 X06 O06 T16     L06 W16 X06 O06 T16     W06 W16 Y16 O06 T16     W06 W06 Q06 Q06 T16         W06 W06 W06
L06 E06 F06 R06 D06     L06 E06 A06 M06 U06     L06 E06 X06 U06 U06     L06 W16 Z16 F16 U06     L06 W16 Z16 U06 U06     Z16 Z16 Z16 X16 Y06     Z16 X16 X16 X16 X16             X16
I06 E06 F06 F06 D06     I06 A06 A06 F16 D06     I06 E06 N16 F16 Y06     I06 T06 N16 F16 Y06     I06 T06 N16 F16 Y06     I06 T06 N16 N16 Y06     T06 T06 T06 N16 Y06
C06 F06 F06 C06 D06     A06 A06 A06 F16 D06
C06 C06 C06 C06 D06

solution 10 (244,758,491 searches):
0,2,0 0,2,1 0,2,2 0,2,3 0,2,4 0,2,5 I06
0,1,1 1,1,1 1,2,1 2,1,1 2,2,1 2,3,1 A06
0,0,0 0,1,0 1,0,0 2,0,0 3,0,0 3,1,0 C06
4,0,0 4,1,0 4,1,1 4,2,0 4,2,1 4,3,0 D06
1,1,0 2,1,0 2,2,0 2,3,0 2,4,0 3,2,0 F06
1,2,0 1,2,2 1,3,0 1,3,1 1,3,2 1,4,1 E06
3,1,1 3,2,1 3,2,2 3,2,3 3,2,4 3,3,3 F16
0,7,0 0,8,0 1,5,0 1,6,0 1,7,0 2,7,0 F26
0,4,0 0,4,1 0,4,2 1,4,0 1,4,2 1,4,3 G06
0,3,0 0,3,1 0,3,2 0,3,3 0,3,4 0,4,4 L06
1,8,0 2,6,0 2,8,0 3,6,0 3,7,0 3,8,0 J06
4,5,1 4,6,0 4,6,1 4,6,2 4,7,0 4,8,0 F36
2,5,1 2,7,1 3,5,1 3,6,1 3,7,1 4,7,1 H06
2,5,0 3,3,0 3,4,0 3,5,0 4,4,0 4,5,0 R06
0,6,1 0,7,1 1,5,1 1,6,1 1,7,1 2,6,1 K06
0,4,3 0,5,0 0,5,1 0,5,2 0,5,3 0,6,0 Z06
3,3,1 3,4,1 3,4,2 3,5,2 3,6,2 3,6,3 M06
1,3,3 1,3,4 1,3,5 2,3,2 2,3,3 3,3,2 W06
0,2,6 1,2,3 1,2,4 1,2,5 1,2,6 2,2,6 T06
2,2,2 2,2,3 2,2,4 2,2,5 2,3,4 2,4,4 T16
2,4,1 2,4,2 2,4,3 3,4,3 4,4,3 4,4,4 Z16
4,3,1 4,4,1 4,4,2 4,5,2 4,5,3 4,6,3 W16
3,2,5 3,2,6 4,2,2 4,2,3 4,2,4 4,2,5 N16
4,3,2 4,3,3 4,3,4 4,3,5 4,4,5 4,5,5 V06
3,5,6 4,2,6 4,3,6 4,4,6 4,5,6 4,6,6 Y06
2,3,5 2,3,6 2,3,7 3,3,4 3,3,5 3,3,6 N06
2,4,5 2,4,7 3,4,4 3,4,5 3,4,6 3,4,7 U06
0,3,5 0,3,6 0,4,5 0,4,6 0,5,5 0,5,6 O06
2,4,6 2,5,4 2,5,5 2,5,6 2,5,7 2,6,5 X16
2,5,2 2,5,3 3,5,3 3,5,4 3,5,5 4,5,4 W26
0,5,4 0,6,2 0,6,3 0,6,4 0,6,5 0,6,6 Y16
2,6,6 3,6,4 3,6,5 3,6,6 4,6,4 4,6,5 Q06
1,6,4 1,6,5 1,6,6 2,6,2 2,6,3 2,6,4 S06
1,3,6 1,4,4 1,4,5 1,4,6 1,4,7 1,5,6 X06
1,5,2 1,5,3 1,5,4 1,5,5 1,6,2 1,6,3 P06

F26 J06 J06 J06 F36
F26 F26 F26 J06 F36     K06 K06 H06 H06 H06
Z06 F26 J06 J06 F36     K06 K06 K06 H06 F36     Y16 P06 S06 M06 F36     Y16 P06 S06 M06 W16     Y16 S06 S06 Q06 Q06     Y16 S06 X16 Q06 Q06     Y16 S06 Q06 Q06 Y06
Z06 F26 R06 R06 R06     Z06 K06 H06 H06 F36     Z06 P06 W26 M06 W16     Z06 P06 W26 W26 W16     Y16 P06 X16 W26 W26     O06 P06 X16 W26 V06     O06 X06 X16 Y06 Y06             X16
G06 G06 F06 R06 R06     G06 E06 Z16 M06 W16     G06 G06 Z16 M06 W16     Z06 G06 Z16 Z16 Z16     L06 X06 T16 U06 Z16     O06 X06 U06 U06 V06     O06 X06 X16 U06 Y06         X06 U06 U06
L06 E06 F06 R06 D06     L06 E06 A06 M06 W16     L06 E06 W06 W06 V06     L06 W06 W06 F16 V06     L06 W06 T16 N06 V06     O06 W06 N06 N06 V06     O06 X06 N06 N06 Y06             N06
I06 E06 F06 F06 D06     I06 A06 A06 F16 D06     I06 E06 T16 F16 N16     I06 T06 T16 F16 N16     I06 T06 T16 F16 N16     I06 T06 T16 N16 N16     T06 T06 T06 N16 Y06
C06 F06 F06 C06 D06     A06 A06 A06 F16 D06
C06 C06 C06 C06 D06

User-requested solution limit reached.
10 solutions, 244,758,491 searches, duration 1:07:05.807973
