solving SolidPentominoesSpinnerBlock:

solution 1 (7,106 searches):
4,0,0 4,1,0 4,2,0 4,3,0 4,4,0 I
3,4,1 4,4,1 5,4,0 5,4,1 5,4,2 T
1,2,2 2,2,2 3,2,2 4,2,2 4,3,2 L
4,0,1 4,0,2 4,1,1 4,1,2 4,2,1 P
1,3,2 2,3,2 2,4,2 3,4,2 4,4,2 N
2,3,1 3,3,0 3,3,1 3,3,2 4,3,1 X
1,4,1 1,4,2 2,4,0 2,4,1 3,4,0 W
1,3,0 1,4,0 1,5,0 1,5,1 1,5,2 V
1,2,1 1,3,1 2,2,1 3,1,1 3,2,1 Z
1,2,0 2,2,0 2,3,0 3,1,0 3,2,0 F
0,1,2 1,1,1 1,1,2 2,1,2 3,1,2 Y
0,1,0 0,1,1 1,1,0 2,1,0 2,1,1 U

  V               V               V
  V W W I T       W W T T T       W N N N T
  V F X I         Z X X X         N N X L
  F F F I         Z Z Z P         L L L L
U U U F I       U Y U Z P       Y Y Y Y P
        I               P               P

solution 2 (11,463 searches):
4,0,0 4,1,0 4,2,0 4,3,0 4,4,0 I
3,4,2 4,4,2 5,4,0 5,4,1 5,4,2 V
0,1,0 1,1,0 2,1,0 3,1,0 3,1,1 L
4,0,1 4,1,1 4,2,1 4,2,2 4,3,2 N
2,1,2 3,1,2 3,2,2 4,0,2 4,1,2 F
0,1,2 1,1,2 1,2,2 1,3,2 2,3,2 Z
0,1,1 1,1,1 1,2,1 1,3,1 2,1,1 T
2,2,0 2,2,1 2,2,2 3,2,0 3,2,1 P
2,3,1 3,3,0 3,3,1 3,3,2 4,3,1 X
1,4,0 1,4,2 1,5,0 1,5,1 1,5,2 U
1,2,0 1,3,0 2,3,0 2,4,0 3,4,0 W
1,4,1 2,4,1 2,4,2 3,4,1 4,4,1 Y

  U               U               U
  U W W I V       Y Y Y Y V       U Y V V V
  W W X I         T X X X         Z Z X N
  W P P I         T P P N         Z P F N
L L L L I       T T T L N       Z Z F F F
        I               N               F

solution 3 (14,492 searches):
4,0,0 4,1,0 4,2,0 4,3,0 4,4,0 I
3,4,2 4,4,2 5,4,0 5,4,1 5,4,2 V
0,1,0 1,1,0 2,1,0 3,1,0 3,2,0 L
2,3,1 3,3,0 3,3,1 3,3,2 4,3,1 X
1,4,2 2,4,1 2,4,2 3,4,1 4,4,1 N
1,4,0 1,4,1 1,5,0 1,5,1 1,5,2 P
1,2,0 2,2,0 2,3,0 2,4,0 3,4,0 Z
1,1,1 1,2,1 1,3,0 1,3,1 1,3,2 T
0,1,1 0,1,2 1,1,2 2,1,1 2,1,2 U
2,2,1 3,1,1 3,2,1 4,0,1 4,1,1 W
4,0,2 4,1,2 4,2,1 4,2,2 4,3,2 Y
1,2,2 2,2,2 2,3,2 3,1,2 3,2,2 F

  P               P               P
  P Z Z I V       P N N N V       N N V V V
  T Z X I         T X X X         T F X Y
  Z Z L I         T W W Y         F F F Y
L L L L I       U T U W W       U U U F Y
        I               W               Y

solution 4 (19,000 searches):
1,1,0 1,2,0 1,3,0 1,4,0 1,5,0 I
0,1,0 0,1,1 0,1,2 1,1,1 1,1,2 P
2,4,0 3,4,0 4,4,0 5,4,0 5,4,1 L
2,3,2 3,3,2 3,4,2 4,4,2 5,4,2 N
1,2,2 1,3,2 1,4,2 1,5,2 2,4,2 Y
1,3,1 1,4,1 1,5,1 2,4,1 3,4,1 T
4,2,1 4,3,0 4,3,1 4,3,2 4,4,1 X
1,2,1 2,2,0 2,2,1 2,2,2 3,2,2 F
2,3,1 3,1,1 3,2,1 3,3,1 4,1,1 Z
2,3,0 3,2,0 3,3,0 4,1,0 4,2,0 W
2,1,0 2,1,1 2,1,2 3,1,0 3,1,2 U
4,0,0 4,0,1 4,0,2 4,1,2 4,2,2 V

  I               T               Y
  I L L L L       T T T X L       Y Y N N N
  I W W X         T Z Z X         Y N N X
  I F W W         F F Z X         Y F F V
P I U U W       P P U Z Z       P P U U V
        V               V               V

solution 5 (19,012 searches):
1,1,0 1,2,0 1,3,0 1,4,0 1,5,0 I
0,1,0 0,1,1 0,1,2 1,1,1 1,1,2 P
2,4,0 3,4,0 4,4,0 5,4,0 5,4,1 L
2,3,2 3,3,2 3,4,2 4,4,2 5,4,2 N
1,2,2 1,3,2 1,4,2 1,5,2 2,4,2 Y
1,3,1 1,4,1 1,5,1 2,4,1 3,4,1 T
4,2,1 4,3,0 4,3,1 4,3,2 4,4,1 X
1,2,1 2,1,1 2,2,1 2,3,1 3,3,1 F
4,0,0 4,0,1 4,0,2 4,1,2 4,2,2 V
2,1,2 3,1,1 3,1,2 4,1,0 4,1,1 W
2,2,2 3,2,0 3,2,1 3,2,2 4,2,0 Z
2,1,0 2,2,0 2,3,0 3,1,0 3,3,0 U

  I               T               Y
  I L L L L       T T T X L       Y Y N N N
  I U U X         T F F X         Y N N X
  I U Z Z         F F Z X         Y Z Z V
P I U U W       P P F W W       P P W W V
        V               V               V

solution 6 (25,148 searches):
1,1,0 1,2,0 1,3,0 1,4,0 1,5,0 I
0,1,0 0,1,1 0,1,2 1,1,1 2,1,1 T
2,4,0 3,4,0 4,4,0 5,4,0 5,4,1 L
3,2,2 3,3,2 3,4,2 4,4,2 5,4,2 V
1,2,1 2,2,0 2,2,1 2,2,2 3,2,1 X
1,1,2 2,1,2 3,1,1 3,1,2 4,1,1 N
4,0,0 4,0,1 4,0,2 4,1,0 4,1,2 U
2,1,0 3,1,0 3,2,0 4,2,0 4,3,0 W
4,2,1 4,2,2 4,3,1 4,3,2 4,4,1 P
1,2,2 1,3,2 1,4,2 1,5,2 2,4,2 Y
1,4,1 1,5,1 2,4,1 3,3,1 3,4,1 Z
1,3,1 2,3,0 2,3,1 2,3,2 3,3,0 F

  I               Z               Y
  I L L L L       Z Z Z P L       Y Y V V V
  I F F W         F F Z P         Y F V P
  I X W W         X X X P         Y X V P
T I W W U       T T T N N       T N N N U
        U               U               U

solution 7 (34,700 searches):
1,1,0 1,2,0 1,3,0 1,4,0 1,5,0 I
0,1,0 0,1,1 0,1,2 1,1,2 2,1,2 V
2,4,0 3,4,0 4,4,0 5,4,0 5,4,1 L
2,4,1 3,4,1 4,4,1 4,4,2 5,4,2 N
1,3,2 1,4,1 1,4,2 1,5,1 1,5,2 P
2,1,1 3,1,0 3,1,1 3,1,2 4,1,1 X
4,0,0 4,0,1 4,1,0 4,2,0 4,2,1 U
3,2,2 4,0,2 4,1,2 4,2,2 4,3,2 Y
1,1,1 1,2,1 1,3,1 2,2,1 3,2,1 T
2,1,0 2,2,0 3,2,0 3,3,0 4,3,0 W
1,2,2 2,2,2 2,3,2 2,4,2 3,4,2 Z
2,3,0 2,3,1 3,3,1 3,3,2 4,3,1 F

  I               P               P
  I L L L L       P N N N L       P Z Z N N
  I F W W         T F F F         P Z F Y
  I W W U         T T T U         Z Z Y Y
V I W X U       V T X X X       V V V X Y
        U               U               Y

solution 8 (41,324 searches):
1,1,0 1,2,0 1,3,0 1,4,0 1,5,0 I
0,1,0 0,1,1 0,1,2 1,1,2 2,1,2 V
1,2,2 2,2,2 3,2,2 4,2,2 4,3,2 L
1,4,2 1,5,2 2,3,2 2,4,2 3,3,2 W
1,2,1 1,3,1 1,3,2 1,4,1 1,5,1 Y
2,4,1 3,4,0 3,4,1 3,4,2 4,4,1 X
4,4,0 4,4,2 5,4,0 5,4,1 5,4,2 U
2,2,0 2,3,0 2,4,0 3,3,0 4,3,0 T
2,1,0 3,1,0 3,2,0 4,0,0 4,1,0 F
4,0,1 4,0,2 4,1,1 4,2,0 4,2,1 Z
1,1,1 2,1,1 3,1,1 3,1,2 4,1,2 N
2,2,1 2,3,1 3,2,1 3,3,1 4,3,1 P

  I               Y               W
  I T X U U       Y X X X U       W W X U U
  I T T T         Y P P P         Y W W L
  I T F Z         Y P P Z         L L L L
V I F F F       V N N N Z       V V V N N
        F               Z               Z

solution 9 (42,268 searches):
1,1,0 1,2,0 1,3,0 1,4,0 1,5,0 I
0,1,0 0,1,1 1,1,1 2,1,1 2,1,2 Z
0,1,2 1,1,2 1,2,2 2,2,2 3,2,2 N
1,2,1 2,2,1 3,2,1 4,2,1 4,3,1 L
1,3,1 2,3,0 2,3,1 2,3,2 3,3,1 X
1,3,2 1,4,1 1,4,2 1,5,1 1,5,2 P
2,1,0 3,1,0 3,1,1 3,1,2 4,1,1 F
4,0,0 4,0,1 4,0,2 4,1,0 4,2,0 V
3,3,2 4,1,2 4,2,2 4,3,2 4,4,2 Y
2,2,0 3,2,0 3,3,0 4,3,0 4,4,0 W
2,4,0 2,4,1 2,4,2 3,4,0 3,4,2 U
3,4,1 4,4,1 5,4,0 5,4,1 5,4,2 T

  I               P               P
  I U U W T       P U T T T       P U U Y T
  I X W W         X X X L         P X Y Y
  I W W V         L L L L         N N N Y
Z I F F V       Z Z Z F F       N N Z F Y
        V               V               V

solution 10 (42,658 searches):
1,1,0 1,2,0 1,3,0 1,4,0 1,5,0 I
0,1,0 0,1,1 1,1,1 2,1,1 2,1,2 Z
0,1,2 1,1,2 1,2,2 2,2,2 2,3,2 W
1,3,1 2,3,1 3,3,1 4,3,1 4,3,2 L
1,3,2 1,4,1 1,4,2 1,5,1 1,5,2 P
2,3,0 3,2,0 3,3,0 3,4,0 4,3,0 X
2,4,0 2,4,1 2,4,2 3,4,1 4,4,1 T
4,4,0 4,4,2 5,4,0 5,4,1 5,4,2 U
2,1,0 3,1,0 3,1,1 3,1,2 4,1,1 F
1,2,1 2,2,0 2,2,1 3,2,1 4,2,1 Y
3,2,2 3,3,2 3,4,2 4,1,2 4,2,2 N
4,0,0 4,0,1 4,0,2 4,1,0 4,2,0 V

  I               P               P
  I T X U U       P T T T U       P T N U U
  I X X X         L L L L         P W N L
  I Y X V         Y Y Y Y         W W N N
Z I F F V       Z Z Z F F       W W Z F N
        V               V               V

solution 11 (49,525 searches):
4,0,1 4,1,1 4,2,1 4,3,1 4,4,1 I
4,4,0 4,4,2 5,4,0 5,4,1 5,4,2 U
0,1,0 1,1,0 2,1,0 3,1,0 3,1,1 L
3,2,0 4,0,0 4,1,0 4,2,0 4,3,0 Y
2,1,2 3,1,2 4,0,2 4,1,2 4,2,2 T
0,1,2 1,1,2 1,2,2 1,3,2 2,2,2 F
0,1,1 1,1,1 2,1,1 2,2,1 3,2,1 N
2,3,2 3,2,2 3,3,2 3,4,2 4,3,2 X
1,3,0 1,4,0 1,5,0 1,5,1 1,5,2 V
1,2,0 2,2,0 2,3,0 3,3,0 3,4,0 W
1,2,1 1,3,1 2,3,1 3,3,1 3,4,1 Z
1,4,1 1,4,2 2,4,0 2,4,1 2,4,2 P

  V               V               V
  V P W U U       P P Z I U       P P X U U
  V W W Y         Z Z Z I         F X X X
  W W Y Y         Z N N I         F F X T
L L L L Y       N N N L I       F F T T T
        Y               I               T

solution 12 (49,561 searches):
4,0,1 4,1,1 4,2,1 4,3,1 4,4,1 I
4,4,0 4,4,2 5,4,0 5,4,1 5,4,2 U
0,1,0 1,1,0 2,1,0 3,1,0 3,1,1 L
3,2,0 4,0,0 4,1,0 4,2,0 4,3,0 Y
2,1,2 3,1,2 4,0,2 4,1,2 4,2,2 T
0,1,2 1,1,2 1,2,2 1,3,2 2,2,2 F
0,1,1 1,1,1 1,2,1 1,3,1 2,3,1 Z
2,1,1 2,2,1 3,2,1 3,3,1 3,4,1 N
2,3,2 3,2,2 3,3,2 3,4,2 4,3,2 X
1,4,1 1,4,2 2,4,0 2,4,1 2,4,2 P
1,2,0 2,2,0 2,3,0 3,3,0 3,4,0 W
1,3,0 1,4,0 1,5,0 1,5,1 1,5,2 V

  V               V               V
  V P W U U       P P N I U       P P X U U
  V W W Y         Z Z N I         F X X X
  W W Y Y         Z N N I         F F X T
L L L L Y       Z Z N L I       F F T T T
        Y               I               T

solution 13 (54,661 searches):
1,1,1 1,2,1 1,3,1 1,4,1 1,5,1 I
0,1,0 0,1,1 0,1,2 1,1,0 1,1,2 U
2,4,1 3,4,1 4,4,1 5,4,1 5,4,2 L
1,3,0 1,4,0 1,5,0 2,4,0 3,4,0 T
3,3,0 4,2,0 4,3,0 4,4,0 5,4,0 F
1,2,2 1,3,2 1,4,2 1,5,2 2,4,2 Y
2,2,1 3,2,0 3,2,1 3,2,2 4,2,1 X
1,2,0 2,1,0 2,2,0 3,1,0 4,1,0 N
2,2,2 2,3,2 3,3,2 3,4,2 4,4,2 W
2,3,0 2,3,1 3,3,1 4,3,1 4,3,2 Z
4,0,0 4,0,1 4,0,2 4,1,2 4,2,2 V
2,1,1 2,1,2 3,1,1 3,1,2 4,1,1 P

  T               I               Y
  T T T F F       I L L L L       Y Y W W L
  T Z F F         I Z Z Z         Y W W Z
  N N X F         I X X X         Y W X V
U U N N N       U I P P P       U U P P V
        V               V               V

solution 14 (66,888 searches):
4,0,2 4,1,2 4,2,2 4,3,2 4,4,2 I
2,4,1 3,4,1 4,4,1 5,4,1 5,4,2 L
2,3,0 3,3,0 4,3,0 4,4,0 5,4,0 N
1,2,0 1,3,0 1,4,0 2,4,0 3,4,0 V
1,3,1 1,3,2 1,4,1 1,5,0 1,5,1 Z
1,4,2 1,5,2 2,3,2 2,4,2 3,4,2 F
2,2,0 3,1,0 3,2,0 4,0,0 4,1,0 W
4,0,1 4,1,1 4,2,0 4,2,1 4,3,1 Y
1,1,1 2,1,0 2,1,1 2,1,2 3,1,1 X
1,2,2 2,2,2 3,1,2 3,2,2 3,3,2 T
1,2,1 2,2,1 2,3,1 3,2,1 3,3,1 P
0,1,0 0,1,1 0,1,2 1,1,0 1,1,2 U

  Z               Z               F
  V V V N N       Z L L L L       F F F I L
  V N N N         Z P P Y         Z F T I
  V W W Y         P P P Y         T T T I
U U X W W       U X X X Y       U U X T I
        W               Y               I

solution 15 (72,215 searches):
4,0,2 4,1,2 4,2,2 4,3,2 4,4,2 I
2,4,1 3,4,1 4,4,1 5,4,1 5,4,2 L
2,4,0 3,4,0 4,3,0 4,4,0 5,4,0 Y
2,1,1 3,1,1 3,2,1 4,0,1 4,1,1 F
2,2,1 2,3,1 3,3,1 4,2,1 4,3,1 U
1,1,1 1,2,0 1,2,1 1,2,2 1,3,1 X
0,1,0 0,1,1 0,1,2 1,1,2 2,1,2 V
1,3,2 2,2,2 2,3,2 3,1,2 3,2,2 W
1,4,2 1,5,2 2,4,2 3,3,2 3,4,2 Z
1,3,0 1,4,0 1,4,1 1,5,0 1,5,1 P
1,1,0 2,1,0 2,2,0 2,3,0 3,1,0 T
3,2,0 3,3,0 4,0,0 4,1,0 4,2,0 N

  P               P               Z
  P Y Y Y Y       P L L L L       Z Z Z I L
  P T N Y         X U U U         W W Z I
  X T N N         X U F U         X W W I
V T T T N       V X F F F       V V V W I
        N               F               I

solution 16 (74,797 searches):
4,0,2 4,1,2 4,2,2 4,3,2 4,4,2 I
2,4,1 3,4,1 4,4,1 5,4,1 5,4,2 L
2,4,0 3,4,0 4,3,0 4,4,0 5,4,0 Y
4,0,0 4,0,1 4,1,1 4,2,0 4,2,1 U
2,3,1 3,3,0 3,3,1 3,3,2 4,3,1 X
1,4,2 1,5,2 2,3,2 2,4,2 3,4,2 F
1,3,1 1,3,2 1,4,1 1,5,0 1,5,1 Z
1,3,0 1,4,0 2,2,0 2,3,0 3,2,0 W
1,1,1 2,1,1 3,1,0 3,1,1 4,1,0 N
1,2,0 1,2,1 1,2,2 2,2,1 3,2,1 T
1,1,2 2,1,2 2,2,2 3,1,2 3,2,2 P
0,1,0 0,1,1 0,1,2 1,1,0 2,1,0 V

  Z               Z               F
  W Y Y Y Y       Z L L L L       F F F I L
  W W X Y         Z X X X         Z F X I
  T W W U         T T T U         T P P I
V V V N N       V N N N U       V P P P I
        U               U               I

solution 17 (99,821 searches):
1,1,2 1,2,2 1,3,2 1,4,2 1,5,2 I
0,1,0 0,1,1 0,1,2 1,1,1 2,1,1 T
2,4,0 3,4,0 4,4,0 5,4,0 5,4,1 L
1,3,1 1,4,0 1,4,1 1,5,0 1,5,1 P
2,4,1 3,4,1 4,4,1 4,4,2 5,4,2 N
2,2,0 3,1,0 3,2,0 3,3,0 4,2,0 X
1,1,0 1,2,0 1,3,0 2,1,0 2,3,0 U
1,2,1 2,2,1 2,2,2 3,2,1 4,2,1 Y
2,1,2 3,1,1 3,1,2 4,1,0 4,1,1 W
4,0,0 4,0,1 4,0,2 4,1,2 4,2,2 V
2,3,1 2,3,2 3,3,1 4,3,0 4,3,1 Z
2,4,2 3,2,2 3,3,2 3,4,2 4,3,2 F

  P               P               I
  P L L L L       P N N N L       I F F N N
  U U X Z         P Z Z Z         I Z F F
  U X X X         Y Y Y Y         I Y F V
T U U X W       T T T W W       T I W W V
        V               V               V

solution 18 (119,111 searches):
0,1,0 1,1,0 2,1,0 3,1,0 4,1,0 I
4,0,0 4,0,1 4,0,2 4,1,1 4,1,2 P
0,1,2 1,1,2 2,1,2 3,1,2 3,2,2 L
0,1,1 1,1,1 1,2,1 2,1,1 3,1,1 Y
1,4,1 2,4,0 2,4,1 2,4,2 3,4,1 X
1,4,0 1,4,2 1,5,0 1,5,1 1,5,2 U
1,2,2 2,2,1 2,2,2 3,2,0 3,2,1 W
1,2,0 2,2,0 2,3,0 3,3,0 4,3,0 N
1,3,0 1,3,1 1,3,2 2,3,1 3,3,1 T
2,3,2 3,3,2 3,4,2 4,2,2 4,3,2 F
3,4,0 4,4,0 5,4,0 5,4,1 5,4,2 V
4,2,0 4,2,1 4,3,1 4,4,1 4,4,2 Z

  U               U               U
  U X V V V       X X X Z V       U X F Z V
  T N N N         T T T Z         T F F F
  N N W Z         Y W W Z         W W L F
I I I I I       Y Y Y Y P       L L L L P
        P               P               P

solution 19 (131,365 searches):
0,1,0 1,1,0 2,1,0 3,1,0 4,1,0 I
4,0,0 4,0,1 4,0,2 4,1,1 4,1,2 P
0,1,2 1,1,2 1,2,2 1,3,2 2,3,2 Z
1,3,1 1,4,1 1,5,0 1,5,1 1,5,2 T
0,1,1 1,1,1 2,1,1 3,1,1 3,1,2 L
2,1,2 2,2,2 3,2,2 3,3,2 4,2,2 F
4,2,1 4,3,0 4,3,1 4,3,2 4,4,1 X
1,2,1 2,2,1 2,3,1 3,3,1 3,4,1 W
1,2,0 2,2,0 3,2,0 3,2,1 4,2,0 Y
1,4,0 1,4,2 2,4,0 2,4,1 2,4,2 U
1,3,0 2,3,0 3,3,0 3,4,0 4,4,0 N
3,4,2 4,4,2 5,4,0 5,4,1 5,4,2 V

  T               T               T
  U U N N V       T U W X V       U U V V V
  N N N X         T W W X         Z Z F X
  Y Y Y Y         W W Y X         Z F F F
I I I I I       L L L L P       Z Z F L P
        P               P               P

solution 20 (134,942 searches):
0,1,0 1,1,0 2,1,0 3,1,0 4,1,0 I
4,0,0 4,0,1 4,0,2 4,1,1 4,2,1 T
0,1,1 1,1,1 2,1,1 3,1,1 3,1,2 L
0,1,2 1,1,2 2,1,2 2,2,2 3,2,2 N
2,3,2 3,3,2 4,1,2 4,2,2 4,3,2 V
2,3,1 3,2,1 3,3,1 3,4,1 4,3,1 X
1,2,1 1,2,2 2,2,0 2,2,1 3,2,0 W
3,3,0 4,2,0 4,3,0 4,4,0 5,4,0 F
3,4,2 4,4,1 4,4,2 5,4,1 5,4,2 P
1,2,0 1,3,0 1,4,0 1,5,0 2,3,0 Y
1,4,2 2,4,0 2,4,1 2,4,2 3,4,0 Z
1,3,1 1,3,2 1,4,1 1,5,1 1,5,2 U

  Y               U               U
  Y Z Z F F       U Z X P P       Z Z P P P
  Y Y F F         U X X X         U V V V
  Y W W F         W W X T         W N N V
I I I I I       L L L L T       N N N L V
        T               T               T

solution 21 (136,842 searches):
0,1,0 1,1,0 2,1,0 3,1,0 4,1,0 I
4,0,0 4,0,1 4,0,2 4,1,1 4,2,1 T
2,4,1 3,4,1 4,4,1 5,4,1 5,4,2 L
3,3,0 4,2,0 4,3,0 4,4,0 5,4,0 F
1,2,0 2,2,0 2,3,0 2,4,0 3,4,0 Z
3,1,1 3,2,0 3,2,1 3,2,2 3,3,1 X
4,1,2 4,2,2 4,3,1 4,3,2 4,4,2 Y
0,1,1 1,1,1 2,1,1 2,1,2 3,1,2 N
0,1,2 1,1,2 1,2,2 2,2,2 2,3,2 W
1,2,1 1,3,1 1,4,1 2,2,1 2,3,1 P
1,3,0 1,4,0 1,5,0 1,5,1 1,5,2 V
1,3,2 1,4,2 2,4,2 3,3,2 3,4,2 U

  V               V               V
  V Z Z F F       P L L L L       U U U Y L
  V Z F F         P P X Y         U W U Y
  Z Z X F         P P X T         W W X Y
I I I I I       N N N X T       W W N N Y
        T               T               T

solution 22 (140,062 searches):
0,1,0 1,1,0 2,1,0 3,1,0 4,1,0 I
4,0,0 4,0,1 4,0,2 4,1,1 4,2,1 T
0,1,1 1,1,1 2,1,1 3,1,1 3,2,1 L
0,1,2 1,1,2 1,2,2 2,2,2 3,2,2 N
2,1,2 3,1,2 4,1,2 4,2,2 4,3,2 V
1,2,1 1,3,0 1,3,1 1,3,2 1,4,1 X
1,4,0 1,4,2 1,5,0 1,5,1 1,5,2 U
1,2,0 2,2,0 2,3,0 3,3,0 3,4,0 W
3,2,0 4,2,0 4,3,0 4,4,0 5,4,0 Z
2,2,1 2,3,1 2,3,2 2,4,0 2,4,1 F
3,3,1 3,4,1 4,3,1 4,4,1 5,4,1 P
2,4,2 3,3,2 3,4,2 4,4,2 5,4,2 Y

  U               U               U
  U F W Z Z       X F P P P       U Y Y Y Y
  X W W Z         X F P P         X F Y V
  W W Z Z         X F L T         N N N V
I I I I I       L L L L T       N N V V V
        T               T               T

solution 23 (140,092 searches):
0,1,0 1,1,0 2,1,0 3,1,0 4,1,0 I
4,0,0 4,0,1 4,0,2 4,1,1 4,2,1 T
0,1,1 1,1,1 2,1,1 3,1,1 3,2,1 L
0,1,2 1,1,2 1,2,2 2,2,2 3,2,2 N
2,1,2 3,1,2 4,1,2 4,2,2 4,3,2 V
1,2,1 1,3,0 1,3,1 1,3,2 1,4,1 X
1,4,0 1,4,2 1,5,0 1,5,1 1,5,2 U
1,2,0 2,2,0 3,2,0 3,3,0 4,2,0 Y
2,3,2 3,3,1 3,3,2 4,3,0 4,3,1 W
2,2,1 2,3,0 2,3,1 2,4,1 2,4,2 F
2,4,0 3,4,0 3,4,1 3,4,2 4,4,2 Z
4,4,0 4,4,1 5,4,0 5,4,1 5,4,2 P

  U               U               U
  U Z Z P P       X F Z P P       U F Z Z P
  X F Y W         X F W W         X W W V
  Y Y Y Y         X F L T         N N N V
I I I I I       L L L L T       N N V V V
        T               T               T

solution 24 (163,010 searches):
0,1,0 1,1,0 2,1,0 3,1,0 4,1,0 I
4,0,0 4,0,1 4,1,1 4,2,1 4,2,2 Z
3,1,2 3,2,2 3,3,2 4,0,2 4,1,2 N
1,3,1 2,3,1 3,3,1 4,3,1 4,3,2 L
1,4,1 2,4,0 2,4,1 2,4,2 3,4,1 X
1,3,2 1,4,2 1,5,0 1,5,1 1,5,2 V
1,3,0 1,4,0 2,2,0 2,3,0 3,3,0 F
3,4,0 4,2,0 4,3,0 4,4,0 5,4,0 T
3,4,2 4,4,1 4,4,2 5,4,1 5,4,2 P
1,2,0 1,2,1 2,2,1 3,2,0 3,2,1 U
0,1,2 1,1,2 1,2,2 2,2,2 2,3,2 W
0,1,1 1,1,1 2,1,1 2,1,2 3,1,1 Y

  V               V               V
  F X T T T       X X X P P       V X P P P
  F F F T         L L L L         V W N L
  U F U T         U U U Z         W W N Z
I I I I I       Y Y Y Y Z       W W Y N N
        Z               Z               N

solution 25 (163,054 searches):
0,1,0 1,1,0 2,1,0 3,1,0 4,1,0 I
4,0,0 4,0,1 4,1,1 4,2,1 4,2,2 Z
3,1,2 3,2,2 3,3,2 4,0,2 4,1,2 N
1,3,1 2,3,1 3,3,1 4,3,1 4,3,2 L
1,3,0 2,2,0 2,3,0 2,4,0 3,3,0 X
3,4,0 4,2,0 4,3,0 4,4,0 5,4,0 T
1,2,0 1,2,1 2,2,1 3,2,0 3,2,1 U
0,1,1 1,1,1 2,1,1 2,1,2 3,1,1 Y
0,1,2 1,1,2 1,2,2 2,2,2 2,3,2 W
1,4,0 1,4,1 2,4,1 2,4,2 3,4,1 F
3,4,2 4,4,1 4,4,2 5,4,1 5,4,2 P
1,3,2 1,4,2 1,5,0 1,5,1 1,5,2 V

  V               V               V
  F X T T T       F F F P P       V F P P P
  X X X T         L L L L         V W N L
  U X U T         U U U Z         W W N Z
I I I I I       Y Y Y Y Z       W W Y N N
        Z               Z               N

solution 26 (163,391 searches):
0,1,0 1,1,0 2,1,0 3,1,0 4,1,0 I
4,0,0 4,0,1 4,1,1 4,2,1 4,2,2 Z
3,1,2 3,2,2 3,3,2 4,0,2 4,1,2 N
0,1,1 1,1,1 2,1,1 3,1,1 3,2,1 L
0,1,2 1,1,2 2,1,2 2,2,2 2,3,2 V
1,4,1 2,4,0 2,4,1 2,4,2 3,4,1 X
1,3,1 1,3,2 1,4,2 1,5,1 1,5,2 U
1,2,0 1,3,0 1,4,0 1,5,0 2,3,0 Y
1,2,1 1,2,2 2,2,0 2,2,1 3,2,0 W
2,3,1 3,3,0 3,3,1 4,3,1 4,3,2 F
3,4,0 4,2,0 4,3,0 4,4,0 5,4,0 T
3,4,2 4,4,1 4,4,2 5,4,1 5,4,2 P

  Y               U               U
  Y X T T T       X X X P P       U X P P P
  Y Y F T         U F F F         U V N F
  Y W W T         W W L Z         W V N Z
I I I I I       L L L L Z       V V V N N
        Z               Z               N

solution 27 (165,664 searches):
1,4,0 2,4,0 3,4,0 4,4,0 5,4,0 I
1,4,1 1,4,2 1,5,0 1,5,1 1,5,2 P
2,4,1 3,4,1 4,4,1 5,4,1 5,4,2 L
1,1,1 1,2,0 1,2,1 1,2,2 1,3,1 X
0,1,0 0,1,1 0,1,2 1,1,0 1,1,2 U
1,3,0 2,3,0 2,3,1 3,3,0 4,3,0 Y
1,3,2 2,3,2 3,3,1 3,3,2 4,3,1 N
2,4,2 3,4,2 4,2,2 4,3,2 4,4,2 V
2,1,0 2,2,0 3,1,0 4,0,0 4,1,0 Z
2,1,1 3,1,1 4,0,1 4,1,1 4,2,1 T
2,1,2 3,1,2 3,2,2 4,0,2 4,1,2 F
2,2,1 2,2,2 3,2,0 3,2,1 4,2,0 W

  P               P               P
  I I I I I       P L L L L       P V V V L
  Y Y Y Y         X Y N N         N N N V
  X Z W W         X W W T         X W F V
U U Z Z Z       U X T T T       U U F F F
        Z               T               F

solution 28 (174,183 searches):
1,4,0 2,4,0 3,4,0 4,4,0 5,4,0 I
1,4,1 1,4,2 1,5,0 1,5,1 1,5,2 P
3,4,1 3,4,2 4,4,2 5,4,1 5,4,2 U
1,1,0 2,1,0 3,1,0 4,1,0 4,1,1 L
4,0,0 4,0,1 4,0,2 4,1,2 4,2,2 V
0,1,0 0,1,1 0,1,2 1,1,1 2,1,1 T
4,2,1 4,3,0 4,3,1 4,3,2 4,4,1 X
1,2,0 2,2,0 2,3,0 3,2,0 4,2,0 Y
1,1,2 1,2,1 1,2,2 1,3,0 1,3,1 W
3,1,1 3,1,2 3,2,1 3,3,0 3,3,1 Z
2,1,2 2,2,1 2,2,2 2,3,1 2,4,1 N
1,3,2 2,3,2 2,4,2 3,2,2 3,3,2 F

  P               P               P
  I I I I I       P N U X U       P F U U U
  W Y Z X         W N Z X         F F F X
  Y Y Y Y         W N Z X         W N F V
T L L L L       T T T Z L       T W N Z V
        V               V               V

solution 29 (189,171 searches):
1,4,0 2,4,0 3,4,0 4,4,0 5,4,0 I
1,3,1 1,4,1 1,5,0 1,5,1 1,5,2 T
2,4,1 3,4,1 4,4,1 5,4,1 5,4,2 L
2,2,2 3,1,2 3,2,2 3,3,2 4,2,2 X
1,4,2 2,3,2 2,4,2 3,4,2 4,4,2 Y
1,1,1 1,2,0 1,2,1 1,2,2 1,3,2 F
0,1,0 0,1,1 0,1,2 1,1,0 2,1,0 V
1,1,2 2,1,1 2,1,2 3,1,0 3,1,1 W
3,3,0 3,3,1 4,3,0 4,3,1 4,3,2 P
1,3,0 2,2,0 2,3,0 3,2,0 4,2,0 N
2,2,1 2,3,1 3,2,1 4,1,1 4,2,1 Z
4,0,0 4,0,1 4,0,2 4,1,0 4,1,2 U

  T               T               T
  I I I I I       T L L L L       Y Y Y Y L
  N N P P         T Z P P         F Y X P
  F N N N         F Z Z Z         F X X X
V V V W U       V F W W Z       V W W X U
        U               U               U

solution 30 (194,944 searches):
1,4,0 2,4,0 3,4,0 4,4,0 5,4,0 I
1,3,0 1,3,1 1,4,1 1,5,0 1,5,1 U
1,3,2 1,4,2 1,5,2 2,4,2 3,4,2 T
2,4,1 3,4,1 4,4,1 5,4,1 5,4,2 L
2,3,1 3,3,0 3,3,1 3,3,2 4,3,1 X
3,1,2 3,2,2 4,2,2 4,3,2 4,4,2 N
0,1,2 1,1,2 1,2,2 2,2,2 2,3,2 W
0,1,0 0,1,1 1,1,1 2,1,1 2,1,2 Z
1,2,1 2,2,1 3,1,1 3,2,1 4,2,1 Y
4,0,0 4,0,1 4,0,2 4,1,1 4,1,2 P
2,1,0 3,1,0 4,1,0 4,2,0 4,3,0 V
1,1,0 1,2,0 2,2,0 2,3,0 3,2,0 F

  U               U               T
  I I I I I       U L L L L       T T T N L
  U F X V         U X X X         T W X N
  F F F V         Y Y Y Y         W W N N
Z F V V V       Z Z Z Y P       W W Z N P
        P               P               P

solution 31 (219,969 searches):
0,1,1 1,1,1 2,1,1 3,1,1 4,1,1 I
4,0,0 4,0,1 4,0,2 4,1,0 4,1,2 U
0,1,0 1,1,0 2,1,0 3,1,0 3,2,0 L
0,1,2 1,1,2 1,2,2 1,3,2 2,1,2 T
2,2,2 3,1,2 3,2,2 3,3,2 4,2,2 X
1,4,2 1,5,2 2,3,2 2,4,2 3,4,2 F
3,4,0 4,4,0 5,4,0 5,4,1 5,4,2 V
4,2,0 4,3,0 4,3,1 4,3,2 4,4,2 Z
1,4,0 1,5,0 2,3,0 2,4,0 3,3,0 W
1,2,0 1,3,0 1,3,1 1,4,1 1,5,1 N
1,2,1 2,2,0 2,2,1 3,2,1 4,2,1 Y
2,3,1 2,4,1 3,3,1 3,4,1 4,4,1 P

  W               N               F
  W W V V V       N P P P V       F F F Z V
  N W W Z         N P P Z         T F X Z
  N Y L Z         Y Y Y Y         T X X X
L L L L U       I I I I I       T T T X U
        U               U               U

solution 32 (219,973 searches):
0,1,1 1,1,1 2,1,1 3,1,1 4,1,1 I
4,0,0 4,0,1 4,0,2 4,1,0 4,1,2 U
0,1,0 1,1,0 2,1,0 3,1,0 3,2,0 L
0,1,2 1,1,2 1,2,2 1,3,2 2,1,2 T
2,2,2 3,1,2 3,2,2 3,3,2 4,2,2 X
1,4,2 1,5,2 2,3,2 2,4,2 3,4,2 F
3,4,0 4,4,0 5,4,0 5,4,1 5,4,2 V
4,2,0 4,3,0 4,3,1 4,3,2 4,4,2 Z
1,4,0 1,5,0 2,3,0 2,4,0 3,3,0 W
1,2,1 1,3,0 1,3,1 1,4,1 1,5,1 Y
1,2,0 2,2,0 2,2,1 3,2,1 4,2,1 N
2,3,1 2,4,1 3,3,1 3,4,1 4,4,1 P

  W               Y               F
  W W V V V       Y P P P V       F F F Z V
  Y W W Z         Y P P Z         T F X Z
  N N L Z         Y N N N         T X X X
L L L L U       I I I I I       T T T X U
        U               U               U

solution 33 (224,561 searches):
0,1,1 1,1,1 2,1,1 3,1,1 4,1,1 I
4,0,0 4,0,1 4,0,2 4,1,0 4,1,2 U
0,1,0 1,1,0 1,2,0 1,3,0 2,1,0 T
0,1,2 1,1,2 1,2,2 2,1,2 3,1,2 Y
2,4,0 3,4,0 4,4,0 5,4,0 5,4,1 L
3,2,2 4,2,2 4,3,2 4,4,2 5,4,2 Z
1,2,1 2,2,0 2,2,1 2,2,2 3,2,1 X
3,1,0 3,2,0 3,3,0 3,3,1 3,4,1 N
4,2,0 4,2,1 4,3,0 4,3,1 4,4,1 P
1,3,1 2,3,0 2,3,1 2,3,2 3,3,2 F
1,3,2 1,4,2 1,5,0 1,5,1 1,5,2 V
1,4,0 1,4,1 2,4,1 2,4,2 3,4,2 W

  V               V               V
  W L L L L       W W N P L       V W W Z Z
  T F N P         F F N P         V F F Z
  T X N P         X X X P         Y X Z Z
T T T N U       I I I I I       Y Y Y Y U
        U               U               U

solution 34 (240,950 searches):
0,1,1 1,1,1 2,1,1 3,1,1 4,1,1 I
4,0,0 4,0,1 4,0,2 4,1,0 4,2,0 V
0,1,0 1,1,0 2,1,0 3,1,0 3,2,0 L
0,1,2 1,1,2 2,1,2 2,2,2 3,1,2 Y
4,1,2 4,2,1 4,2,2 4,3,0 4,3,1 W
2,3,2 3,2,2 3,3,2 3,4,2 4,3,2 X
4,4,0 4,4,2 5,4,0 5,4,1 5,4,2 U
1,4,2 2,4,1 2,4,2 3,4,1 4,4,1 N
1,4,0 1,4,1 1,5,0 1,5,1 1,5,2 P
1,2,0 1,2,1 1,2,2 2,2,1 3,2,1 T
1,3,1 1,3,2 2,3,1 3,3,0 3,3,1 Z
1,3,0 2,2,0 2,3,0 2,4,0 3,4,0 F

  P               P               P
  P F F U U       P N N N U       N N X U U
  F F Z W         Z Z Z W         Z X X X
  T F L V         T T T W         T Y X W
L L L L V       I I I I I       Y Y Y Y W
        V               V               V

solution 35 (309,174 searches):
0,1,2 1,1,2 2,1,2 3,1,2 4,1,2 I
4,0,0 4,0,1 4,0,2 4,1,0 4,2,0 V
2,4,0 3,4,0 4,4,0 5,4,0 5,4,1 L
2,4,1 3,4,1 4,4,1 4,4,2 5,4,2 N
1,2,1 1,3,0 1,3,1 1,3,2 1,4,1 X
1,4,0 1,4,2 1,5,0 1,5,1 1,5,2 U
0,1,1 1,1,1 2,1,1 2,2,1 3,1,1 Y
0,1,0 1,1,0 1,2,0 2,1,0 2,2,0 P
4,1,1 4,2,1 4,2,2 4,3,0 4,3,1 F
2,3,0 2,3,1 3,3,1 3,3,2 4,3,2 W
1,2,2 2,2,2 2,3,2 2,4,2 3,4,2 Z
3,1,0 3,2,0 3,2,1 3,2,2 3,3,0 T

  U               U               U
  U L L L L       X N N N L       U Z Z N N
  X W T F         X W W F         X Z W W
  P P T V         X Y T F         Z Z T F
P P P T V       Y Y Y Y F       I I I I I
        V               V               V

solution 36 (310,284 searches):
0,1,2 1,1,2 2,1,2 3,1,2 4,1,2 I
4,0,0 4,0,1 4,0,2 4,1,0 4,2,0 V
2,4,0 3,4,0 4,4,0 5,4,0 5,4,1 L
3,4,2 4,2,2 4,3,2 4,4,2 5,4,2 T
1,3,2 2,2,2 2,3,2 2,4,2 3,3,2 X
1,4,0 1,4,2 1,5,0 1,5,1 1,5,2 U
1,2,1 1,2,2 2,2,0 2,2,1 3,2,0 W
0,1,0 1,1,0 1,2,0 1,3,0 2,3,0 Z
0,1,1 1,1,1 2,1,0 2,1,1 3,1,0 N
4,1,1 4,2,1 4,3,0 4,3,1 4,4,1 Y
3,1,1 3,2,1 3,2,2 3,3,0 3,3,1 F
1,3,1 1,4,1 2,3,1 2,4,1 3,4,1 P

  U               U               U
  U L L L L       P P P Y L       U X T T T
  Z Z F Y         P P F Y         X X X T
  Z W W V         W W F Y         W X F T
Z Z N N V       N N N F Y       I I I I I
        V               V               V

solution 37 (323,876 searches):
1,4,2 2,4,2 3,4,2 4,4,2 5,4,2 I
1,4,0 1,4,1 1,5,0 1,5,1 1,5,2 P
2,4,0 3,4,0 4,4,0 5,4,0 5,4,1 L
1,1,1 1,2,0 1,2,1 1,2,2 1,3,1 X
0,1,0 0,1,1 0,1,2 1,1,0 2,1,0 V
1,1,2 2,1,2 2,2,2 3,2,2 3,3,2 W
1,3,0 1,3,2 2,3,0 2,3,1 2,3,2 U
2,4,1 3,2,1 3,3,1 3,4,1 4,4,1 T
2,1,1 2,2,1 3,1,1 4,0,1 4,1,1 Z
3,1,2 4,0,2 4,1,2 4,2,2 4,3,2 Y
4,0,0 4,1,0 4,2,0 4,2,1 4,3,1 N
2,2,0 3,1,0 3,2,0 3,3,0 4,3,0 F

  P               P               P
  P L L L L       P T T T L       I I I I I
  U U F F         X U T N         U U W Y
  X F F N         X Z T N         X W W Y
V V V F N       V X Z Z Z       V W W Y Y
        N               Z               Y

solution 38 (324,209 searches):
1,4,2 2,4,2 3,4,2 4,4,2 5,4,2 I
1,4,0 1,4,1 1,5,0 1,5,1 1,5,2 P
2,4,0 3,4,0 4,4,0 5,4,0 5,4,1 L
1,1,1 1,2,0 1,2,1 1,2,2 1,3,1 X
0,1,0 0,1,1 0,1,2 1,1,2 2,1,2 V
1,1,0 2,1,0 2,2,0 3,2,0 3,3,0 W
1,3,0 1,3,2 2,3,0 2,3,1 2,3,2 U
2,4,1 3,2,1 3,3,1 3,4,1 4,4,1 T
2,1,1 2,2,1 3,1,1 4,0,1 4,1,1 Z
3,1,0 4,0,0 4,1,0 4,2,0 4,3,0 Y
4,0,2 4,1,2 4,2,1 4,2,2 4,3,1 N
2,2,2 3,1,2 3,2,2 3,3,2 4,3,2 F

  P               P               P
  P L L L L       P T T T L       I I I I I
  U U W Y         X U T N         U U F F
  X W W Y         X Z T N         X F F N
V W W Y Y       V X Z Z Z       V V V F N
        Y               Z               N

solution 39 (350,799 searches):
1,4,2 2,4,2 3,4,2 4,4,2 5,4,2 I
1,3,1 1,3,2 1,4,1 1,5,1 1,5,2 U
1,2,0 1,3,0 1,4,0 1,5,0 2,3,0 Y
2,4,0 3,4,0 4,4,0 5,4,0 5,4,1 L
4,2,1 4,3,0 4,3,1 4,3,2 4,4,1 X
1,2,1 2,2,1 2,3,1 2,4,1 3,2,1 T
3,2,2 3,3,0 3,3,1 3,3,2 3,4,1 F
4,0,0 4,0,1 4,0,2 4,1,2 4,2,2 V
0,1,2 1,1,2 1,2,2 2,2,2 2,3,2 W
0,1,0 0,1,1 1,1,1 2,1,1 2,1,2 Z
3,1,0 3,1,1 3,1,2 4,1,0 4,1,1 P
1,1,0 2,1,0 2,2,0 3,2,0 4,2,0 N

  Y               U               U
  Y L L L L       U T F X L       I I I I I
  Y Y F X         U T F X         U W F X
  Y N N N         T T T X         W W F V
Z N N P P       Z Z Z P P       W W Z P V
        V               V               V

solution 40 (357,061 searches):
1,4,2 2,4,2 3,4,2 4,4,2 5,4,2 I
1,3,0 1,4,0 1,5,0 1,5,1 1,5,2 V
2,4,0 3,4,0 4,4,0 5,4,0 5,4,1 L
2,2,1 2,3,0 2,3,1 2,3,2 2,4,1 X
1,1,1 1,2,0 1,2,1 1,3,1 1,4,1 Y
0,1,0 0,1,1 0,1,2 1,1,0 1,1,2 U
1,2,2 1,3,2 2,1,2 2,2,2 3,1,2 W
2,1,1 3,1,1 4,0,1 4,1,1 4,2,1 T
3,2,2 3,3,2 4,0,2 4,1,2 4,2,2 N
3,2,0 3,2,1 3,3,0 3,3,1 3,4,1 P
4,2,0 4,3,0 4,3,1 4,3,2 4,4,1 F
2,1,0 2,2,0 3,1,0 4,0,0 4,1,0 Z

  V               V               V
  V L L L L       Y X P F L       I I I I I
  V X P F         Y X P F         W X N F
  Y Z P F         Y X P T         W W N N
U U Z Z Z       U Y T T T       U U W W N
        Z               T               N

solution 41 (359,996 searches):
1,4,2 2,4,2 3,4,2 4,4,2 5,4,2 I
1,3,0 1,4,0 1,5,0 1,5,1 1,5,2 V
2,4,0 3,4,0 4,4,0 5,4,0 5,4,1 L
4,2,1 4,3,0 4,3,1 4,3,2 4,4,1 X
2,1,1 2,2,1 3,1,1 4,0,1 4,1,1 Z
2,1,0 3,1,0 4,0,0 4,1,0 4,2,0 T
3,2,2 3,3,2 4,0,2 4,1,2 4,2,2 N
3,2,0 3,2,1 3,3,0 3,3,1 3,4,1 P
2,2,0 2,3,0 2,3,1 2,3,2 2,4,1 F
0,1,0 0,1,1 0,1,2 1,1,0 1,1,2 U
1,2,2 1,3,2 2,1,2 2,2,2 3,1,2 W
1,1,1 1,2,0 1,2,1 1,3,1 1,4,1 Y

  V               V               V
  V L L L L       Y F P X L       I I I I I
  V F P X         Y F P X         W F N X
  Y F P T         Y Z P X         W W N N
U U T T T       U Y Z Z Z       U U W W N
        T               Z               N

solution 42 (363,178 searches):
1,4,2 2,4,2 3,4,2 4,4,2 5,4,2 I
1,3,0 1,4,0 1,5,0 1,5,1 1,5,2 V
2,4,0 3,4,0 4,4,0 5,4,0 5,4,1 L
2,2,2 3,1,2 3,2,2 3,3,2 4,2,2 X
4,0,1 4,0,2 4,1,1 4,1,2 4,2,1 P
4,2,0 4,3,0 4,3,1 4,3,2 4,4,1 F
3,1,0 3,2,0 3,3,0 4,0,0 4,1,0 N
0,1,0 1,1,0 1,2,0 2,2,0 2,3,0 W
0,1,2 1,1,2 1,2,2 1,3,2 2,3,2 Z
0,1,1 1,1,1 2,1,0 2,1,1 2,1,2 T
2,3,1 3,1,1 3,2,1 3,3,1 3,4,1 Y
1,2,1 1,3,1 1,4,1 2,2,1 2,4,1 U

  V               V               V
  V L L L L       U U Y F L       I I I I I
  V W N F         U Y Y F         Z Z X F
  W W N F         U U Y P         Z X X X
W W T N N       T T T Y P       Z Z T X P
        N               P               P

42 solutions, 371,573 searches, duration 0:00:02.258818
