solving SolidPentominoes5x5x4SteppedPyramid:

solution 1:
0,0,0 1,0,0 2,0,0 3,0,0 4,0,0 I
1,2,1 1,3,0 1,3,1 1,3,2 1,4,1 X
0,1,0 0,1,1 0,2,1 0,3,1 0,4,1 L
0,0,1 1,0,1 1,1,1 2,0,1 3,0,1 Y
0,2,0 0,3,0 0,4,0 1,1,0 1,2,0 N
1,4,0 2,3,0 2,4,0 3,2,0 3,3,0 W
2,4,1 3,4,0 3,4,1 4,4,0 4,4,1 P
2,1,1 3,1,1 4,0,1 4,1,1 4,2,1 T
2,1,0 2,2,0 3,1,0 4,1,0 4,2,0 U
1,1,2 2,1,2 3,1,2 3,2,2 3,3,2 V
1,2,2 2,2,1 2,2,2 2,2,3 3,2,1 F
2,3,1 2,3,2 3,3,1 4,3,0 4,3,1 Z

N W W P P     L X P P P
N X W W Z     L X Z Z Z       X Z V
N N U W U     L X F F T       F F V           F
L N U U U     L Y T T T       V V V
I I I I I     Y Y Y Y T

solution 2:
0,0,0 1,0,0 2,0,0 3,0,0 4,0,0 I
2,1,2 2,2,1 2,2,2 2,2,3 2,3,2 X
0,0,1 0,1,0 0,1,1 0,2,0 0,3,0 N
0,4,0 1,4,0 2,3,0 2,4,0 3,4,0 Y
4,1,0 4,1,1 4,2,0 4,3,0 4,4,0 L
2,0,1 2,1,1 3,0,1 3,1,1 4,0,1 P
1,0,1 1,1,0 1,1,1 1,1,2 1,2,2 F
1,2,0 1,3,0 2,1,0 2,2,0 3,1,0 W
1,3,1 1,3,2 2,3,1 3,3,0 3,3,1 Z
0,2,1 0,3,1 0,4,1 1,2,1 1,4,1 U
2,4,1 3,4,1 4,2,1 4,3,1 4,4,1 V
3,1,2 3,2,0 3,2,1 3,2,2 3,3,2 T

Y Y Y Y L     U U V V V
N W Y Z L     U Z Z Z V       Z X T
N W W T L     U U X T V       F X T           X
N F W W L     N F P P L       F X T
I I I I I     N F P P P

solution 3:
0,0,0 1,0,0 2,0,0 3,0,0 4,0,0 I
2,1,2 2,2,1 2,2,2 2,2,3 2,3,2 X
0,0,1 1,0,1 1,1,1 2,0,1 2,1,1 P
1,1,2 1,2,0 1,2,1 1,2,2 1,3,2 T
0,1,1 0,2,1 0,3,1 1,3,1 2,3,1 V
0,4,0 0,4,1 1,4,1 2,4,0 2,4,1 U
0,1,0 0,2,0 0,3,0 1,3,0 1,4,0 N
1,1,0 2,1,0 2,2,0 2,3,0 3,3,0 Z
3,2,2 3,3,1 3,3,2 3,4,0 3,4,1 W
3,0,1 3,1,0 3,1,1 3,1,2 3,2,0 F
3,2,1 4,0,1 4,1,1 4,2,1 4,3,1 Y
4,1,0 4,2,0 4,3,0 4,4,0 4,4,1 L

U N U W L     U U U W L
N N Z Z L     V V V W Y       T X W
N T Z F L     V T X Y Y       T X W           X
N Z Z F L     V P P F Y       T X F
I I I I I     P P P F Y

solution 4:
0,0,0 1,0,0 2,0,0 3,0,0 4,0,0 I
2,1,2 2,2,1 2,2,2 2,2,3 2,3,2 X
0,0,1 0,1,1 0,2,1 1,0,1 1,2,1 U
1,2,2 1,3,0 1,3,1 1,3,2 1,4,0 Z
0,1,0 0,2,0 0,3,0 0,3,1 0,4,0 Y
0,4,1 1,4,1 2,4,0 2,4,1 3,4,0 N
1,1,1 1,1,2 2,1,0 2,1,1 3,1,1 F
2,0,1 3,0,1 4,0,1 4,1,1 4,2,1 V
1,1,0 1,2,0 2,2,0 2,3,0 3,3,0 W
2,3,1 3,3,1 3,4,1 4,3,1 4,4,1 P
3,1,0 4,1,0 4,2,0 4,3,0 4,4,0 L
3,1,2 3,2,0 3,2,1 3,2,2 3,3,2 T

Y Z N N L     N N N P P
Y Z W W L     Y Z P P P       Z X T
Y W W T L     U U X T V       Z X T           X
Y W F L L     U F F F V       F X T
I I I I I     U U V V V

solution 5:
0,0,0 1,0,0 2,0,0 3,0,0 4,0,0 I
2,1,2 2,2,1 2,2,2 2,2,3 2,3,2 X
0,0,1 0,1,1 1,0,1 2,0,1 2,1,1 U
4,0,1 4,1,0 4,1,1 4,2,1 4,3,1 Y
3,0,1 3,1,1 3,1,2 3,2,2 3,3,2 N
2,3,1 3,2,1 3,3,1 3,4,1 4,4,1 F
0,2,1 0,3,1 1,3,1 1,4,1 2,4,1 W
0,4,0 0,4,1 1,4,0 2,4,0 3,4,0 L
1,1,1 1,1,2 1,2,1 1,2,2 1,3,2 P
2,3,0 3,3,0 4,2,0 4,3,0 4,4,0 T
0,1,0 0,2,0 0,3,0 1,1,0 2,1,0 V
1,2,0 1,3,0 2,2,0 3,1,0 3,2,0 Z

L L L L T     L W W F F
V Z T T T     W W F F Y       P X N
V Z Z Z T     W P X F Y       P X N           X
V V V Z Y     U P U N Y       P X N
I I I I I     U U U N Y

solution 6:
0,0,0 1,0,0 2,0,0 3,0,0 4,0,0 I
1,2,2 2,2,1 2,2,2 2,2,3 3,2,2 X
0,0,1 0,1,1 0,2,1 1,2,1 1,3,1 N
0,2,0 0,3,0 0,3,1 0,4,0 0,4,1 P
1,3,2 2,3,0 2,3,1 2,3,2 3,3,0 Z
3,1,0 3,2,0 3,2,1 3,3,1 3,3,2 W
0,1,0 1,1,0 1,2,0 1,3,0 2,2,0 F
1,1,2 2,1,0 2,1,1 2,1,2 3,1,2 T
1,0,1 1,1,1 2,0,1 3,0,1 3,1,1 U
2,4,0 3,4,0 4,2,0 4,3,0 4,4,0 V
1,4,0 1,4,1 2,4,1 3,4,1 4,4,1 L
4,0,1 4,1,0 4,1,1 4,2,1 4,3,1 Y

P L V V V     P L L L L
P F Z Z V     P N Z W Y       Z Z W
P F F W V     N N X W Y       X X X           X
F F T W Y     N U T U Y       T T T
I I I I I     N U U U Y

solution 7:
0,0,0 1,0,0 2,0,0 3,0,0 4,0,0 I
1,2,2 2,2,1 2,2,2 2,2,3 3,2,2 X
0,0,1 0,1,1 1,0,1 1,1,1 1,2,1 P
1,1,2 2,1,0 2,1,1 2,1,2 3,1,2 T
2,0,1 3,0,1 4,0,1 4,1,1 4,2,1 V
0,1,0 0,2,0 0,2,1 0,3,1 0,4,1 N
1,1,0 1,2,0 2,2,0 2,3,0 3,3,0 W
0,3,0 1,3,0 1,3,1 1,3,2 2,3,2 Z
3,1,0 4,1,0 4,2,0 4,3,0 4,4,0 L
0,4,0 1,4,0 1,4,1 2,4,0 3,4,0 Y
3,1,1 3,2,0 3,2,1 3,3,1 3,3,2 F
2,3,1 2,4,1 3,4,1 4,3,1 4,4,1 U

Y Y Y Y L     N Y U U U
Z Z W W L     N Z U F U       Z Z F
N W W F L     N P X F V       X X X           X
N W T L L     P P T F V       T T T
I I I I I     P P V V V

solution 8:
0,0,0 1,0,0 2,0,0 3,0,0 4,0,0 I
1,2,2 2,2,1 2,2,2 2,2,3 3,2,2 X
0,0,1 0,1,1 0,2,1 1,0,1 2,0,1 V
4,0,1 4,1,0 4,1,1 4,2,1 4,3,1 Y
3,0,1 3,1,1 3,1,2 3,2,0 3,2,1 F
2,4,0 3,3,0 3,4,0 4,2,0 4,3,0 W
1,4,1 2,4,1 3,4,1 4,4,0 4,4,1 L
0,1,0 0,2,0 0,3,0 0,3,1 0,4,1 N
0,4,0 1,2,0 1,3,0 1,4,0 2,2,0 Z
1,1,0 2,1,0 2,1,1 2,1,2 3,1,0 T
1,1,1 1,1,2 1,2,1 1,3,1 1,3,2 U
2,3,0 2,3,1 2,3,2 3,3,1 3,3,2 P

Z Z W W L     N L L L L
N Z P W W     N U P P Y       U P P
N Z Z F W     V U X F Y       X X X           X
N T T T Y     V U T F Y       U T F
I I I I I     V V V F Y

solution 9:
0,0,0 1,0,0 2,0,0 3,0,0 4,0,0 I
0,3,1 1,2,1 1,3,1 1,4,1 2,3,1 X
0,4,0 0,4,1 1,4,0 2,4,0 2,4,1 U
0,0,1 0,1,1 0,2,0 0,2,1 0,3,0 N
0,1,0 1,1,0 1,2,0 1,3,0 2,1,0 T
1,0,1 1,1,1 2,0,1 3,0,1 4,0,1 L
4,2,1 4,3,0 4,3,1 4,4,0 4,4,1 P
2,1,2 3,1,0 3,1,1 3,1,2 4,1,1 F
2,1,1 2,2,0 2,2,1 2,2,2 2,2,3 Y
1,1,2 1,2,2 1,3,2 2,3,2 3,3,2 V
2,3,0 3,2,0 3,3,0 4,1,0 4,2,0 W
3,2,1 3,2,2 3,3,1 3,4,0 3,4,1 Z

U U U Z P     U X U Z P
N T W W P     X X X Z P       V V V
N T Y W W     N X Y Z P       V Y Z           Y
T T T F W     N L Y F F       V F F
I I I I I     N L L L L

solution 10:
0,0,0 1,0,0 2,0,0 3,0,0 4,0,0 I
0,3,1 1,2,1 1,3,1 1,4,1 2,3,1 X
0,4,0 0,4,1 1,4,0 2,4,0 2,4,1 U
0,0,1 0,1,1 0,2,0 0,2,1 0,3,0 N
0,1,0 1,1,0 1,2,0 1,3,0 2,1,0 T
1,0,1 1,1,1 2,0,1 3,0,1 4,0,1 L
4,2,1 4,3,0 4,3,1 4,4,0 4,4,1 P
2,1,2 3,1,1 3,1,2 4,1,0 4,1,1 W
1,1,2 1,2,2 1,3,2 2,3,2 3,3,2 V
2,1,1 2,2,0 2,2,1 2,2,2 2,2,3 Y
3,2,1 3,2,2 3,3,1 3,4,0 3,4,1 Z
2,3,0 3,1,0 3,2,0 3,3,0 4,2,0 F

U U U Z P     U X U Z P
N T F F P     X X X Z P       V V V
N T Y F F     N X Y Z P       V Y Z           Y
T T T F W     N L Y W W       V W W
I I I I I     N L L L L

solution 11:
0,0,1 1,0,1 2,0,1 3,0,1 4,0,1 I
1,2,1 1,3,0 1,3,1 1,3,2 1,4,1 X
0,1,1 0,2,1 0,3,1 0,4,0 0,4,1 L
0,0,0 0,1,0 0,2,0 0,3,0 1,2,0 Y
1,4,0 2,2,0 2,3,0 2,4,0 3,3,0 F
3,2,0 3,4,0 4,2,0 4,3,0 4,4,0 U
1,0,0 1,1,0 1,1,1 1,1,2 1,2,2 Z
2,0,0 3,0,0 3,1,0 4,0,0 4,1,0 P
3,1,2 3,2,2 3,3,1 3,3,2 3,4,1 N
2,2,1 3,2,1 4,2,1 4,3,1 4,4,1 V
2,1,0 2,1,1 2,1,2 3,1,1 4,1,1 T
2,2,2 2,2,3 2,3,1 2,3,2 2,4,1 W

L F F U U     L X W N V
Y X F F U     L X W N V       X W N
Y Y F U U     L X V V V       Z W N           W
Y Z T P P     L Z T T T       Z T N
Y Z P P P     I I I I I

solution 12:
0,0,1 1,0,1 2,0,1 3,0,1 4,0,1 I
1,2,1 1,3,0 1,3,1 1,3,2 1,4,1 X
0,1,1 0,2,1 0,3,1 0,4,0 0,4,1 L
0,0,0 0,1,0 0,2,0 0,3,0 1,2,0 Y
1,4,0 2,2,0 2,3,0 2,4,0 3,4,0 T
3,1,0 3,2,0 4,2,0 4,3,0 4,4,0 N
2,0,0 2,1,0 3,0,0 4,0,0 4,1,0 U
1,0,0 1,1,0 1,1,1 1,1,2 1,2,2 Z
2,1,1 2,1,2 3,1,1 3,1,2 4,1,1 P
3,2,2 3,3,0 3,3,1 3,3,2 3,4,1 F
2,2,2 2,2,3 2,3,1 2,3,2 2,4,1 W
2,2,1 3,2,1 4,2,1 4,3,1 4,4,1 V

L T T T N     L X W F V
Y X T F N     L X W F V       X W F
Y Y T N N     L X V V V       Z W F           W
Y Z U N U     L Z P P P       Z P P
Y Z U U U     I I I I I

solution 13:
0,0,1 1,0,1 2,0,1 3,0,1 4,0,1 I
1,2,1 1,3,0 1,3,1 1,3,2 1,4,1 X
0,1,1 0,2,1 0,3,1 0,4,0 0,4,1 L
0,0,0 0,1,0 0,2,0 0,3,0 1,2,0 Y
1,4,0 2,2,0 2,3,0 2,4,0 3,4,0 T
3,1,0 3,2,0 4,2,0 4,3,0 4,4,0 N
2,0,0 2,1,0 3,0,0 4,0,0 4,1,0 U
1,0,0 1,1,0 1,1,1 1,1,2 1,2,2 Z
2,1,1 2,1,2 3,1,1 3,1,2 4,1,1 P
2,3,2 3,3,0 3,3,1 3,3,2 4,3,1 F
2,2,2 2,2,3 3,2,1 3,2,2 4,2,1 W
2,2,1 2,3,1 2,4,1 3,4,1 4,4,1 V

L T T T N     L X V V V
Y X T F N     L X V F F       X F F
Y Y T N N     L X V W W       Z W W           W
Y Z U N U     L Z P P P       Z P P
Y Z U U U     I I I I I

solution 14:
0,0,1 1,0,1 2,0,1 3,0,1 4,0,1 I
1,2,1 1,3,0 1,3,1 1,3,2 1,4,1 X
0,1,1 0,2,1 0,3,1 0,4,0 0,4,1 L
0,0,0 0,1,0 0,2,0 0,3,0 1,2,0 Y
1,4,0 2,2,0 2,3,0 2,4,0 3,4,0 T
3,2,0 3,3,0 4,2,0 4,3,0 4,4,0 P
1,0,0 1,1,0 1,1,1 1,1,2 1,2,2 Z
2,0,0 2,1,0 3,0,0 4,0,0 4,1,0 U
3,1,2 3,2,2 3,3,1 3,3,2 3,4,1 N
2,1,1 2,1,2 3,1,0 3,1,1 4,1,1 F
2,2,2 2,2,3 2,3,1 2,3,2 2,4,1 W
2,2,1 3,2,1 4,2,1 4,3,1 4,4,1 V

L T T T P     L X W N V
Y X T P P     L X W N V       X W N
Y Y T P P     L X V V V       Z W N           W
Y Z U F U     L Z F F F       Z F N
Y Z U U U     I I I I I

solution 15:
0,0,1 1,0,1 2,0,1 3,0,1 4,0,1 I
2,1,2 2,2,1 2,2,2 2,2,3 2,3,2 X
0,0,0 0,1,0 0,2,0 0,3,0 0,3,1 L
0,1,1 0,2,1 1,2,1 1,3,1 2,3,1 W
1,1,0 1,1,1 1,1,2 1,2,2 1,3,2 V
0,4,1 1,4,1 2,4,0 2,4,1 3,4,0 N
0,4,0 1,2,0 1,3,0 1,4,0 2,2,0 Z
1,0,0 2,0,0 2,1,0 3,0,0 4,0,0 Y
2,1,1 3,1,1 3,1,2 4,1,0 4,1,1 F
2,3,0 3,1,0 3,2,0 3,3,0 4,3,0 T
3,2,1 3,2,2 3,3,1 3,3,2 3,4,1 P
4,2,0 4,2,1 4,3,1 4,4,0 4,4,1 U

Z Z N N U     N N N P U
L Z T T T     L W W P U       V X P
L Z Z T U     W W X P U       V X P           X
L V Y T F     W V F F F       V X F
L Y Y Y Y     I I I I I

solution 16:
0,0,1 1,0,1 2,0,1 3,0,1 4,0,1 I
2,1,2 2,2,1 2,2,2 2,2,3 2,3,2 X
0,0,0 0,1,0 0,2,0 0,3,0 1,0,0 L
0,4,0 1,4,0 1,4,1 2,4,1 3,4,1 N
0,2,1 0,3,1 0,4,1 1,3,1 2,3,1 T
1,1,0 1,2,0 1,2,1 1,2,2 1,3,2 Z
0,1,1 1,1,1 1,1,2 2,1,0 2,1,1 F
2,0,0 3,0,0 4,0,0 4,1,0 4,2,0 V
3,2,1 4,1,1 4,2,1 4,3,1 4,4,1 Y
3,1,1 3,1,2 3,2,2 3,3,1 3,3,2 U
1,3,0 2,2,0 2,3,0 3,1,0 3,2,0 W
2,4,0 3,3,0 3,4,0 4,3,0 4,4,0 P

N N P P P     T N N N Y
L W W P P     T T T U Y       Z X U
L Z W W V     T Z X Y Y       Z X U           X
L Z F W V     F F F U Y       F X U
L L V V V     I I I I I

solution 17:
0,0,1 1,0,1 2,0,1 3,0,1 4,0,1 I
2,1,2 2,2,1 2,2,2 2,2,3 2,3,2 X
0,0,0 0,1,0 0,2,0 0,3,0 1,0,0 L
0,4,0 1,3,0 1,4,0 2,2,0 2,3,0 W
1,4,1 2,4,0 2,4,1 3,4,0 3,4,1 P
0,2,1 0,3,1 0,4,1 1,3,1 2,3,1 T
1,1,0 1,2,0 1,2,1 1,2,2 1,3,2 Z
0,1,1 1,1,1 1,1,2 2,1,0 2,1,1 F
2,0,0 3,0,0 4,0,0 4,1,0 4,2,0 V
3,1,0 3,2,0 3,3,0 4,3,0 4,4,0 N
3,1,1 3,1,2 3,2,2 3,3,1 3,3,2 U
3,2,1 4,1,1 4,2,1 4,3,1 4,4,1 Y

W W P P N     T P P P Y
L W W N N     T T T U Y       Z X U
L Z W N V     T Z X Y Y       Z X U           X
L Z F N V     F F F U Y       F X U
L L V V V     I I I I I

solution 18:
0,0,1 1,0,1 2,0,1 3,0,1 4,0,1 I
2,1,2 2,2,1 2,2,2 2,2,3 2,3,2 X
0,0,0 1,0,0 2,0,0 3,0,0 3,1,0 L
4,0,0 4,1,0 4,1,1 4,2,0 4,3,0 Y
2,2,0 2,3,0 3,3,0 3,4,0 4,4,0 W
3,1,2 3,2,0 3,2,1 3,2,2 3,3,2 T
3,3,1 3,4,1 4,2,1 4,3,1 4,4,1 P
0,4,0 0,4,1 1,4,1 2,4,0 2,4,1 U
0,1,0 0,2,0 0,3,0 1,3,0 1,4,0 N
1,1,1 1,1,2 2,1,0 2,1,1 3,1,1 F
0,1,1 0,2,1 0,3,1 1,3,1 2,3,1 V
1,1,0 1,2,0 1,2,1 1,2,2 1,3,2 Z

U N U W W     U U U P P
N N W W Y     V V V P P       Z X T
N Z W T Y     V Z X T P       Z X T           X
N Z F L Y     V F F F Y       F X T
L L L L Y     I I I I I

solution 19:
0,0,1 1,0,1 2,0,1 3,0,1 4,0,1 I
2,1,2 2,2,1 2,2,2 2,2,3 2,3,2 X
0,0,0 0,1,0 0,1,1 0,2,1 0,3,1 N
0,4,1 1,3,1 1,4,1 2,3,1 2,4,1 P
1,1,2 1,2,0 1,2,1 1,2,2 1,3,2 T
0,2,0 0,3,0 0,4,0 1,4,0 2,4,0 V
1,1,0 1,1,1 2,1,1 3,1,1 3,1,2 Z
1,0,0 2,0,0 2,1,0 2,2,0 3,1,0 F
3,0,0 3,2,0 4,0,0 4,1,0 4,2,0 U
3,2,2 3,3,1 3,3,2 3,4,0 3,4,1 W
3,2,1 4,1,1 4,2,1 4,3,1 4,4,1 Y
1,3,0 2,3,0 3,3,0 4,3,0 4,4,0 L

V V V W L     P P P W Y
V L L L L     N P P W Y       T X W
V T F U U     N T X Y Y       T X W           X
N Z F F U     N Z Z Z Y       T X Z
N F F U U     I I I I I

solution 20:
0,0,1 1,0,1 2,0,1 3,0,1 4,0,1 I
2,1,2 2,2,1 2,2,2 2,2,3 2,3,2 X
0,0,0 0,1,0 1,0,0 1,1,0 2,0,0 P
1,1,2 1,2,0 1,2,1 1,2,2 1,3,2 T
0,2,0 0,3,0 1,3,0 2,3,0 2,4,0 Z
0,4,0 1,4,0 1,4,1 2,4,1 3,4,1 N
0,1,1 0,2,1 0,3,1 0,4,1 1,1,1 L
1,3,1 2,3,1 3,3,1 3,3,2 4,3,1 Y
4,2,0 4,2,1 4,3,0 4,4,0 4,4,1 U
3,2,0 3,2,1 3,2,2 3,3,0 3,4,0 V
2,1,0 2,2,0 3,0,0 3,1,0 4,0,0 W
2,1,1 3,1,1 3,1,2 4,1,0 4,1,1 F

N N Z V U     L N N N U
Z Z Z V U     L Y Y Y Y       T X Y
Z T W V U     L T X V U       T X V           X
P P W W F     L L F F F       T X F
P P P W W     I I I I I

solution 21:
0,0,1 1,0,1 2,0,1 3,0,1 4,0,1 I
2,1,2 2,2,1 2,2,2 2,2,3 2,3,2 X
0,0,0 1,0,0 1,1,0 1,2,0 2,0,0 T
0,1,0 0,1,1 0,2,1 0,3,1 0,4,1 L
0,2,0 0,3,0 1,3,0 2,3,0 2,4,0 Z
0,4,0 1,4,0 1,4,1 2,4,1 3,4,1 N
1,1,1 1,1,2 1,2,1 1,2,2 1,3,2 P
1,3,1 2,3,1 3,3,1 3,3,2 4,3,1 Y
4,2,0 4,2,1 4,3,0 4,4,0 4,4,1 U
3,2,0 3,2,1 3,2,2 3,3,0 3,4,0 V
2,1,0 2,2,0 3,0,0 3,1,0 4,0,0 W
2,1,1 3,1,1 3,1,2 4,1,0 4,1,1 F

N N Z V U     L N N N U
Z Z Z V U     L Y Y Y Y       P X Y
Z T W V U     L P X V U       P X V           X
L T W W F     L P F F F       P X F
T T T W W     I I I I I

solution 22:
0,0,1 1,0,1 2,0,1 3,0,1 4,0,1 I
2,1,2 2,2,1 2,2,2 2,2,3 2,3,2 X
0,0,0 0,1,0 0,2,0 1,0,0 2,0,0 V
2,1,0 2,2,0 3,0,0 3,1,0 4,0,0 W
1,1,0 1,1,1 2,1,1 3,1,1 3,1,2 Z
1,1,2 1,2,2 1,3,1 1,3,2 1,4,1 N
0,1,1 0,2,1 0,3,1 0,4,1 1,2,1 Y
3,2,0 3,2,1 3,2,2 3,3,0 3,3,2 U
2,3,1 3,3,1 4,2,1 4,3,1 4,4,1 T
4,1,0 4,1,1 4,2,0 4,3,0 4,4,0 L
1,4,0 2,4,0 2,4,1 3,4,0 3,4,1 P
0,3,0 0,4,0 1,2,0 1,3,0 2,3,0 F

F P P P L     Y N P P T
F F F U L     Y N T T T       N X U
V F W U L     Y Y X U T       N X U           X
V Z W W L     Y Z Z Z L       N X Z
V V V W W     I I I I I

solution 23:
0,0,1 1,0,1 2,0,1 3,0,1 4,0,1 I
2,1,2 2,2,1 2,2,2 2,2,3 2,3,2 X
0,0,0 0,1,0 0,2,0 1,0,0 2,0,0 V
2,1,0 2,2,0 3,0,0 3,1,0 4,0,0 W
3,1,2 3,2,0 3,2,1 3,2,2 3,3,0 Z
2,3,0 2,3,1 3,3,1 3,3,2 4,3,1 F
4,1,0 4,1,1 4,2,0 4,2,1 4,3,0 P
0,1,1 0,2,1 0,3,0 0,3,1 0,4,0 N
1,1,0 1,1,1 1,1,2 2,1,1 3,1,1 T
1,2,0 1,2,1 1,2,2 1,3,0 1,3,2 U
0,4,1 1,3,1 1,4,1 2,4,1 3,4,1 Y
1,4,0 2,4,0 3,4,0 4,4,0 4,4,1 L

N L L L L     Y Y Y Y L
N U F Z P     N Y F F F       U X F
V U W Z P     N U X Z P       U X Z           X
V T W W P     N T T T P       T X Z
V V V W W     I I I I I

solution 24:
0,0,1 1,0,1 2,0,1 3,0,1 4,0,1 I
2,1,2 2,2,1 2,2,2 2,2,3 2,3,2 X
0,0,0 0,1,0 1,1,0 1,2,0 2,2,0 W
1,0,0 2,0,0 2,1,0 3,0,0 4,0,0 Y
0,2,0 0,3,0 1,3,0 1,4,0 2,3,0 F
0,1,1 0,2,1 0,3,1 0,4,0 0,4,1 L
1,2,1 1,2,2 1,3,1 1,3,2 1,4,1 P
1,1,1 1,1,2 2,1,1 3,1,0 3,1,1 Z
2,3,1 3,3,1 4,1,1 4,2,1 4,3,1 V
3,1,2 3,2,0 3,2,1 3,2,2 3,3,2 T
3,3,0 3,4,0 4,1,0 4,2,0 4,3,0 N
2,4,0 2,4,1 3,4,1 4,4,0 4,4,1 U

L F U N U     L P U U U
F F F N N     L P V V V       P X T
F W W T N     L P X T V       P X T           X
W W Y Z N     L Z Z Z V       Z X T
W Y Y Y Y     I I I I I

solution 25:
0,0,1 1,0,1 2,0,1 3,0,1 4,0,1 I
2,1,2 2,2,1 2,2,2 2,2,3 2,3,2 X
0,0,0 0,1,0 1,1,0 1,2,0 2,2,0 W
1,0,0 2,0,0 2,1,0 3,0,0 4,0,0 Y
0,2,0 0,3,0 0,4,0 1,3,0 2,3,0 T
1,1,1 1,1,2 1,2,1 1,2,2 1,3,2 P
0,1,1 0,2,1 0,3,1 1,3,1 2,3,1 V
0,4,1 1,4,1 2,4,1 3,3,1 3,4,1 L
1,4,0 2,4,0 3,3,0 3,4,0 4,3,0 N
2,1,1 3,1,1 3,1,2 4,1,0 4,1,1 F
3,1,0 3,2,0 3,2,1 3,2,2 3,3,2 Z
4,2,0 4,2,1 4,3,1 4,4,0 4,4,1 U

T N N N U     L L L L U
T T T N N     V V V L U       P X Z
T W W Z U     V P X Z U       P X Z           X
W W Y Z F     V P F F F       P X F
W Y Y Y Y     I I I I I

solution 26:
0,0,1 1,0,1 2,0,1 3,0,1 4,0,1 I
0,1,1 1,1,0 1,1,1 1,1,2 2,1,1 X
0,0,0 0,1,0 0,2,0 0,3,0 0,3,1 L
1,0,0 2,0,0 2,1,0 3,0,0 4,0,0 Y
0,4,0 0,4,1 1,4,1 2,4,0 2,4,1 U
1,2,2 1,3,0 1,3,1 1,3,2 1,4,0 Z
0,2,1 1,2,0 1,2,1 2,2,0 3,2,0 N
2,1,2 2,2,2 2,2,3 2,3,1 2,3,2 F
2,2,1 3,2,1 4,2,1 4,3,1 4,4,1 V
3,1,0 3,1,1 3,1,2 4,1,0 4,1,1 P
3,2,2 3,3,1 3,3,2 3,4,0 3,4,1 W
2,3,0 3,3,0 4,2,0 4,3,0 4,4,0 T

U Z U W T     U U U W V
L Z T T T     L Z F W V       Z F W
L N N N T     N N V V V       Z F W           F
L X Y P P     X X X P P       X F P
L Y Y Y Y     I I I I I

solution 27:
0,0,1 1,0,1 2,0,1 3,0,1 4,0,1 I
0,1,1 1,1,0 1,1,1 1,1,2 2,1,1 X
0,0,0 0,1,0 0,2,0 0,3,0 0,3,1 L
1,0,0 2,0,0 2,1,0 3,0,0 4,0,0 Y
0,4,0 1,2,0 1,3,0 1,4,0 2,2,0 Z
0,4,1 1,4,1 2,4,0 2,4,1 3,4,0 N
0,2,1 1,2,1 2,2,1 2,2,2 2,2,3 V
1,2,2 1,3,2 2,3,2 3,2,2 3,3,2 U
1,3,1 2,3,1 3,2,1 3,3,1 3,4,1 T
2,1,2 3,1,0 3,1,1 3,1,2 4,1,1 F
2,3,0 3,2,0 3,3,0 4,1,0 4,2,0 W
4,2,1 4,3,0 4,3,1 4,4,0 4,4,1 P

Z Z N N P     N N N T P
L Z W W P     L T T T P       U U U
L Z Z W W     V V V T P       U V U           V
L X Y F W     X X X F F       X F F
L Y Y Y Y     I I I I I

solution 28:
0,0,1 1,0,1 2,0,1 3,0,1 4,0,1 I
0,1,1 1,1,0 1,1,1 1,1,2 2,1,1 X
0,0,0 0,1,0 0,2,0 0,3,0 0,3,1 L
1,0,0 2,0,0 2,1,0 3,0,0 4,0,0 Y
0,4,0 1,2,0 1,3,0 1,4,0 2,2,0 Z
0,4,1 1,4,1 2,4,0 2,4,1 3,4,0 N
0,2,1 1,2,1 2,2,1 2,2,2 2,2,3 V
1,2,2 1,3,2 2,3,2 3,2,2 3,3,2 U
1,3,1 2,3,1 3,2,1 3,3,1 3,4,1 T
2,1,2 3,1,1 3,1,2 4,1,0 4,1,1 W
2,3,0 3,1,0 3,2,0 3,3,0 4,2,0 F
4,2,1 4,3,0 4,3,1 4,4,0 4,4,1 P

Z Z N N P     N N N T P
L Z F F P     L T T T P       U U U
L Z Z F F     V V V T P       U V U           V
L X Y F W     X X X W W       X W W
L Y Y Y Y     I I I I I

solution 29:
0,0,1 1,0,1 2,0,1 3,0,1 4,0,1 I
0,1,1 1,1,0 1,1,1 1,1,2 2,1,1 X
0,0,0 0,1,0 0,2,0 0,3,0 1,0,0 L
0,4,0 1,2,0 1,3,0 1,4,0 2,4,0 T
0,2,1 0,3,1 0,4,1 1,3,1 1,4,1 P
1,3,2 2,3,2 3,3,1 3,3,2 4,3,1 N
4,2,0 4,2,1 4,3,0 4,4,0 4,4,1 U
1,2,1 2,2,1 2,3,1 2,4,1 3,4,1 Z
1,2,2 2,2,2 2,2,3 3,2,1 3,2,2 F
2,1,2 3,1,1 3,1,2 4,1,0 4,1,1 W
2,0,0 2,1,0 2,2,0 3,0,0 4,0,0 V
2,3,0 3,1,0 3,2,0 3,3,0 3,4,0 Y

T T T Y U     P P Z Z U
L T Y Y U     P P Z N N       N N N
L T V Y U     P Z Z F U       F F F           F
L X V Y W     X X X W W       X W W
L L V V V     I I I I I

solution 30:
0,0,1 1,0,1 2,0,1 3,0,1 4,0,1 I
0,1,1 1,1,0 1,1,1 1,1,2 2,1,1 X
0,0,0 0,1,0 0,2,0 0,3,0 1,3,0 L
1,0,0 2,0,0 2,1,0 3,0,0 4,0,0 Y
0,4,0 0,4,1 1,4,0 1,4,1 2,4,0 P
0,3,1 1,3,1 1,3,2 2,3,2 3,3,2 N
2,1,2 3,1,1 3,1,2 4,1,0 4,1,1 W
0,2,1 1,2,0 1,2,1 1,2,2 2,2,0 F
2,2,1 2,2,2 2,2,3 2,3,1 2,4,1 V
3,2,1 3,2,2 3,3,1 3,4,0 3,4,1 Z
2,3,0 3,1,0 3,2,0 3,3,0 4,3,0 T
4,2,0 4,2,1 4,3,1 4,4,0 4,4,1 U

P P P Z U     P P V Z U
L L T T T     N N V Z U       N N N
L F F T U     F F V Z U       F V Z           V
L X Y T W     X X X W W       X W W
L Y Y Y Y     I I I I I

solution 31:
0,0,1 1,0,1 2,0,1 3,0,1 4,0,1 I
0,1,1 1,1,0 1,1,1 1,1,2 2,1,1 X
0,0,0 0,1,0 1,0,0 2,0,0 3,0,0 L
2,1,0 3,1,0 3,2,0 4,0,0 4,1,0 F
4,1,1 4,2,0 4,2,1 4,3,0 4,4,0 N
0,2,1 1,2,1 2,2,1 2,2,2 2,2,3 V
2,1,2 2,3,2 3,1,2 3,2,2 3,3,2 U
1,2,2 1,3,0 1,3,1 1,3,2 1,4,0 Z
0,2,0 0,3,0 0,3,1 0,4,0 0,4,1 P
1,2,0 2,2,0 2,3,0 3,3,0 3,4,0 W
1,4,1 2,4,0 2,4,1 3,4,1 4,4,1 Y
2,3,1 3,1,1 3,2,1 3,3,1 4,3,1 T

P Z Y W N     P Y Y Y Y
P Z W W N     P Z T T T       Z U U
P W W F N     V V V T N       Z V U           V
L X F F F     X X X T N       X U U
L L L L F     I I I I I

solution 32:
0,0,1 1,0,1 2,0,1 3,0,1 4,0,1 I
0,1,1 1,1,0 1,1,1 1,1,2 2,1,1 X
0,0,0 0,1,0 1,0,0 2,0,0 3,0,0 L
4,0,0 4,1,0 4,1,1 4,2,1 4,3,1 N
2,2,1 2,3,1 2,4,1 3,4,1 4,4,1 V
0,2,1 1,2,1 1,2,2 2,2,2 2,2,3 W
0,2,0 0,3,0 0,3,1 0,4,0 0,4,1 P
1,2,0 1,3,0 1,3,1 1,3,2 1,4,1 F
2,1,0 2,1,2 3,1,0 3,1,1 3,1,2 U
2,3,2 3,3,0 3,3,1 3,3,2 4,3,0 Z
2,2,0 3,2,0 3,2,1 3,2,2 4,2,0 T
1,4,0 2,3,0 2,4,0 3,4,0 4,4,0 Y

P Y Y Y Y     P F V V V
P F Y Z Z     P F V Z N       F Z Z
P F T T T     W W V T N       W W T           W
L X U U N     X X X U N       X U U
L L L L N     I I I I I

solution 33:
0,0,1 1,0,1 2,0,1 3,0,1 4,0,1 I
0,1,1 1,1,0 1,1,1 1,1,2 2,1,1 X
0,0,0 0,1,0 1,0,0 2,0,0 3,0,0 L
4,0,0 4,1,0 4,1,1 4,2,1 4,3,1 N
1,4,1 2,3,1 2,4,1 3,4,1 4,4,1 Y
0,2,0 0,3,0 0,3,1 0,4,0 0,4,1 P
0,2,1 1,2,1 1,2,2 2,2,2 2,2,3 W
2,2,1 3,2,0 3,2,1 3,2,2 4,2,0 F
2,1,0 2,1,2 3,1,0 3,1,1 3,1,2 U
2,2,0 2,3,0 2,4,0 3,4,0 4,4,0 V
1,2,0 1,3,0 1,3,1 1,3,2 1,4,0 T
2,3,2 3,3,0 3,3,1 3,3,2 4,3,0 Z

P T V V V     P Y Y Y Y
P T V Z Z     P T Y Z N       T Z Z
P T V F F     W W F F N       W W F           W
L X U U N     X X X U N       X U U
L L L L N     I I I I I

solution 34:
0,0,1 1,0,1 2,0,1 3,0,1 4,0,1 I
0,1,1 1,1,0 1,1,1 1,1,2 2,1,1 X
0,0,0 0,1,0 1,0,0 2,0,0 3,0,0 L
4,0,0 4,1,0 4,2,0 4,2,1 4,3,1 N
2,2,1 3,1,1 3,2,1 3,3,1 4,1,1 F
0,2,1 1,2,1 1,2,2 2,2,2 2,2,3 W
2,1,2 2,3,2 3,1,2 3,2,2 3,3,2 U
1,2,0 1,3,0 1,3,1 1,3,2 1,4,0 T
0,2,0 0,3,0 0,3,1 0,4,0 0,4,1 P
1,4,1 2,3,1 2,4,1 3,4,1 4,4,1 Y
2,2,0 2,3,0 2,4,0 3,4,0 4,4,0 V
2,1,0 3,1,0 3,2,0 3,3,0 4,3,0 Z

P T V V V     P Y Y Y Y
P T V Z Z     P T Y F N       T U U
P T V Z N     W W F F N       W W U           W
L X Z Z N     X X X F F       X U U
L L L L N     I I I I I

solution 35:
0,0,1 1,0,1 2,0,1 3,0,1 4,0,1 I
0,1,1 1,1,0 1,1,1 1,1,2 2,1,1 X
0,0,0 0,1,0 1,0,0 2,0,0 3,0,0 L
2,1,0 3,1,0 4,0,0 4,1,0 4,2,0 T
2,3,1 3,1,1 3,2,1 3,3,1 4,1,1 Z
2,4,1 3,4,1 4,2,1 4,3,1 4,4,1 V
2,1,2 2,3,2 3,1,2 3,2,2 3,3,2 U
1,2,0 1,2,1 2,2,1 2,2,2 2,2,3 N
1,2,2 1,3,0 1,3,1 1,3,2 1,4,1 F
0,2,0 0,2,1 0,3,0 0,3,1 0,4,1 P
0,4,0 1,4,0 2,3,0 2,4,0 3,4,0 Y
2,2,0 3,2,0 3,3,0 4,3,0 4,4,0 W

Y Y Y Y W     P F V V V
P F Y W W     P F Z Z V       F U U
P N W W T     P N N Z V       F N U           N
L X T T T     X X X Z Z       X U U
L L L L T     I I I I I

solution 36:
0,0,1 1,0,1 2,0,1 3,0,1 4,0,1 I
0,1,1 1,1,0 1,1,1 1,1,2 2,1,1 X
0,0,0 0,1,0 1,0,0 2,0,0 3,0,0 L
4,0,0 4,1,0 4,1,1 4,2,0 4,3,0 Y
2,4,0 3,2,0 3,3,0 3,4,0 4,4,0 T
1,3,0 2,1,0 2,2,0 2,3,0 3,1,0 Z
1,2,2 1,3,1 1,3,2 1,4,0 1,4,1 W
0,2,1 0,3,0 0,3,1 0,4,0 0,4,1 P
0,2,0 1,2,0 1,2,1 2,2,1 3,2,1 N
2,1,2 2,2,2 2,2,3 2,3,1 2,3,2 F
2,4,1 3,4,1 4,2,1 4,3,1 4,4,1 V
3,1,1 3,1,2 3,2,2 3,3,1 3,3,2 U

P W T T T     P W V V V
P Z Z T Y     P W F U V       W F U
N N Z T Y     P N N N V       W F U           F
L X Z Z Y     X X X U Y       X F U
L L L L Y     I I I I I

solution 37:
0,0,1 1,0,1 2,0,1 3,0,1 4,0,1 I
0,1,1 1,1,0 1,1,1 1,1,2 2,1,1 X
0,0,0 0,1,0 0,2,0 0,2,1 0,3,1 N
1,0,0 2,0,0 2,1,0 3,0,0 4,0,0 Y
0,4,1 1,2,1 1,3,1 1,4,1 2,3,1 F
2,2,1 2,2,2 2,2,3 3,2,1 4,2,1 V
1,2,2 1,3,2 2,3,2 3,2,2 3,3,2 U
2,1,2 3,1,1 3,1,2 4,1,0 4,1,1 W
2,4,1 3,3,1 3,4,1 4,3,1 4,4,1 P
1,2,0 1,3,0 2,2,0 3,1,0 3,2,0 Z
0,3,0 0,4,0 1,4,0 2,4,0 3,4,0 L
2,3,0 3,3,0 4,2,0 4,3,0 4,4,0 T

L L L L T     F F P P P
L Z T T T     N F F P P       U U U
N Z Z Z T     N F V V V       U V U           V
N X Y Z W     X X X W W       X W W
N Y Y Y Y     I I I I I

solution 38:
0,0,1 1,0,1 2,0,1 3,0,1 4,0,1 I
0,1,1 1,1,0 1,1,1 1,1,2 2,1,1 X
0,0,0 0,1,0 0,2,0 0,2,1 0,3,1 N
1,0,0 2,0,0 2,1,0 3,0,0 4,0,0 Y
0,4,1 1,2,1 1,3,1 1,4,1 2,4,1 T
2,1,2 2,2,1 2,2,2 2,2,3 2,3,1 F
1,2,2 1,3,2 2,3,2 3,2,2 3,3,2 U
3,1,1 3,1,2 3,2,1 3,3,0 3,3,1 Z
3,4,1 4,1,1 4,2,1 4,3,1 4,4,1 L
2,2,0 2,3,0 3,1,0 3,2,0 4,1,0 W
2,4,0 3,4,0 4,2,0 4,3,0 4,4,0 V
0,3,0 0,4,0 1,2,0 1,3,0 1,4,0 P

P P V V V     T T T L L
P P W Z V     N T F Z L       U U U
N P W W V     N T F Z L       U F U           F
N X Y W W     X X X Z L       X F Z
N Y Y Y Y     I I I I I

solution 39:
0,0,1 1,0,1 2,0,1 3,0,1 4,0,1 I
0,1,1 1,1,0 1,1,1 1,1,2 2,1,1 X
0,0,0 0,1,0 0,2,0 1,2,0 1,3,0 N
0,2,1 0,3,0 0,3,1 0,4,0 0,4,1 P
1,0,0 2,0,0 2,1,0 3,0,0 4,0,0 Y
1,2,1 2,2,1 2,2,2 2,2,3 3,2,1 T
1,2,2 1,3,1 1,3,2 1,4,0 1,4,1 W
2,1,2 3,1,0 3,1,1 3,1,2 4,1,0 Z
3,2,0 3,2,2 3,3,0 3,3,1 3,3,2 U
2,2,0 2,3,0 2,3,1 2,3,2 2,4,1 F
2,4,0 3,4,0 4,2,0 4,3,0 4,4,0 V
3,4,1 4,1,1 4,2,1 4,3,1 4,4,1 L

P W V V V     P W F L L
P N F U V     P W F U L       W F U
N N F U V     P T T T L       W T U           T
N X Y Z Z     X X X Z L       X Z Z
N Y Y Y Y     I I I I I

solution 40:
0,0,1 1,0,1 2,0,1 3,0,1 4,0,1 I
0,1,1 1,1,0 1,1,1 1,1,2 2,1,1 X
0,0,0 1,0,0 2,0,0 2,1,0 3,1,0 N
3,0,0 4,0,0 4,1,0 4,2,0 4,3,0 L
0,1,0 0,2,0 1,2,0 1,3,0 2,3,0 W
0,2,1 0,3,0 0,3,1 0,4,0 0,4,1 P
2,4,0 3,2,0 3,3,0 3,4,0 4,4,0 T
1,2,1 1,3,1 1,3,2 1,4,0 1,4,1 F
1,2,2 2,2,0 2,2,1 2,2,2 2,2,3 Y
2,1,2 2,3,2 3,1,2 3,2,2 3,3,2 U
2,3,1 3,1,1 3,2,1 3,3,1 4,1,1 Z
2,4,1 3,4,1 4,2,1 4,3,1 4,4,1 V

P F T T T     P F V V V
P W W T L     P F Z Z V       F U U
W W Y T L     P F Y Z V       Y Y U           Y
W X N N L     X X X Z Z       X U U
N N N L L     I I I I I

solution 41:
0,0,1 1,0,1 2,0,1 3,0,1 4,0,1 I
0,1,1 1,1,0 1,1,1 1,1,2 2,1,1 X
0,0,0 0,1,0 1,0,0 2,0,0 2,1,0 U
3,0,0 3,1,0 3,2,0 3,3,0 4,0,0 L
2,1,2 3,1,1 3,1,2 4,1,0 4,1,1 W
2,4,0 3,4,0 4,2,0 4,3,0 4,4,0 V
0,3,0 0,4,0 1,3,0 2,2,0 2,3,0 Z
0,4,1 1,4,0 1,4,1 2,4,1 3,4,1 Y
2,3,1 3,3,1 4,2,1 4,3,1 4,4,1 T
0,3,1 1,3,1 1,3,2 2,3,2 3,3,2 N
0,2,0 0,2,1 1,2,0 1,2,1 2,2,1 P
1,2,2 2,2,2 2,2,3 3,2,1 3,2,2 F

Z Y V V V     Y Y Y Y T
Z Z Z L V     N N T T T       N N N
P P Z L V     P P P F T       F F F           F
U X U L W     X X X W W       X W W
U U U L L     I I I I I

solution 42:
0,0,1 1,0,1 2,0,1 3,0,1 4,0,1 I
0,1,1 1,1,0 1,1,1 1,1,2 2,1,1 X
0,0,0 0,1,0 1,0,0 2,0,0 2,1,0 U
2,2,0 3,0,0 3,1,0 3,2,0 4,0,0 Z
2,1,2 3,1,1 3,1,2 4,1,0 4,1,1 W
2,4,0 3,4,0 4,2,0 4,3,0 4,4,0 V
1,2,2 2,2,2 2,2,3 3,2,1 3,2,2 F
2,3,1 3,3,1 4,2,1 4,3,1 4,4,1 T
0,3,1 1,3,1 1,3,2 2,3,2 3,3,2 N
0,2,0 0,2,1 1,2,0 1,2,1 2,2,1 P
0,3,0 0,4,0 1,3,0 2,3,0 3,3,0 L
0,4,1 1,4,0 1,4,1 2,4,1 3,4,1 Y

L Y V V V     Y Y Y Y T
L L L L V     N N T T T       N N N
P P Z Z V     P P P F T       F F F           F
U X U Z W     X X X W W       X W W
U U U Z Z     I I I I I

solution 43:
0,0,1 1,0,1 2,0,1 3,0,1 4,0,1 I
0,1,1 1,1,0 1,1,1 1,1,2 2,1,1 X
0,0,0 0,1,0 1,0,0 2,0,0 2,1,0 U
2,2,0 3,0,0 3,1,0 3,2,0 4,0,0 Z
2,1,2 3,1,1 3,1,2 4,1,0 4,1,1 W
2,4,0 3,4,0 4,2,0 4,3,0 4,4,0 V
1,2,2 2,2,2 2,2,3 3,2,1 3,2,2 F
2,3,1 3,3,1 4,2,1 4,3,1 4,4,1 T
0,3,1 1,3,1 1,3,2 2,3,2 3,3,2 N
0,2,0 0,2,1 1,2,0 1,2,1 2,2,1 P
0,3,0 1,3,0 1,4,0 2,3,0 3,3,0 Y
0,4,0 0,4,1 1,4,1 2,4,1 3,4,1 L

L Y V V V     L L L L T
Y Y Y Y V     N N T T T       N N N
P P Z Z V     P P P F T       F F F           F
U X U Z W     X X X W W       X W W
U U U Z Z     I I I I I

solution 44:
0,0,1 1,0,1 2,0,1 3,0,1 4,0,1 I
0,1,1 1,1,0 1,1,1 1,1,2 2,1,1 X
0,0,0 1,0,0 2,0,0 2,1,0 3,0,0 Y
4,0,0 4,1,0 4,2,0 4,3,0 4,3,1 L
0,1,0 0,2,0 1,2,0 1,3,0 2,3,0 W
0,2,1 0,3,0 0,3,1 0,4,0 0,4,1 P
2,2,0 3,2,0 3,3,0 3,4,0 4,4,0 Z
1,4,0 2,4,0 2,4,1 3,4,1 4,4,1 N
1,2,1 1,3,1 1,4,1 2,3,1 3,3,1 T
2,1,2 3,1,0 3,1,1 3,1,2 4,1,1 F
2,2,1 2,2,2 2,2,3 3,2,1 4,2,1 V
1,2,2 1,3,2 2,3,2 3,2,2 3,3,2 U

P N N Z Z     P T N N N
P W W Z L     P T T T L       U U U
W W Z Z L     P T V V V       U V U           V
W X Y F L     X X X F F       X F F
Y Y Y Y L     I I I I I

solution 45:
0,0,1 1,0,1 2,0,1 3,0,1 4,0,1 I
0,1,1 1,1,0 1,1,1 1,1,2 2,1,1 X
0,0,0 1,0,0 2,0,0 2,1,0 3,0,0 Y
4,0,0 4,1,0 4,1,1 4,2,1 4,3,1 N
0,1,0 0,2,0 0,3,0 0,4,0 0,4,1 L
2,2,1 3,2,1 3,3,1 3,4,1 4,4,1 Z
3,1,0 3,1,1 3,1,2 3,2,2 3,3,2 V
2,1,2 2,2,2 2,2,3 2,3,1 2,3,2 F
0,2,1 0,3,1 1,3,1 1,4,1 2,4,1 W
1,2,0 1,2,1 1,2,2 1,3,0 1,3,2 U
1,4,0 2,2,0 2,3,0 2,4,0 3,4,0 T
3,2,0 3,3,0 4,2,0 4,3,0 4,4,0 P

L T T T P     L W W Z Z
L U T P P     W W F Z N       U F V
L U T P P     W U Z Z N       U F V           F
L X Y V N     X X X V N       X F V
Y Y Y Y N     I I I I I

solution 46:
0,0,1 1,0,1 2,0,1 3,0,1 4,0,1 I
0,1,1 1,1,0 1,1,1 1,1,2 2,1,1 X
0,0,0 1,0,0 2,0,0 2,1,0 3,0,0 Y
2,2,0 3,1,0 3,2,0 4,0,0 4,1,0 W
0,1,0 0,2,0 0,2,1 0,3,1 0,4,1 N
1,2,1 1,2,2 2,2,1 2,2,2 2,2,3 P
2,1,2 2,3,2 3,1,2 3,2,2 3,3,2 U
2,3,0 3,3,0 4,2,0 4,3,0 4,4,0 T
0,3,0 0,4,0 1,4,0 2,4,0 3,4,0 L
1,2,0 1,3,0 1,3,1 1,3,2 1,4,1 F
2,3,1 3,1,1 3,2,1 3,3,1 4,1,1 Z
2,4,1 3,4,1 4,2,1 4,3,1 4,4,1 V

L L L L T     N F V V V
L F T T T     N F Z Z V       F U U
N F W W T     N P P Z V       P P U           P
N X Y W W     X X X Z Z       X U U
Y Y Y Y W     I I I I I

solution 47:
0,0,1 1,0,1 2,0,1 3,0,1 4,0,1 I
0,1,1 1,1,0 1,1,1 1,1,2 2,1,1 X
0,0,0 1,0,0 2,0,0 2,1,0 3,0,0 Y
2,2,0 3,1,0 3,2,0 4,0,0 4,1,0 W
0,1,0 0,2,0 0,2,1 0,3,0 0,3,1 P
2,3,0 3,3,0 4,2,0 4,3,0 4,4,0 T
0,4,0 0,4,1 1,4,0 2,4,0 3,4,0 L
1,2,2 1,3,0 1,3,1 1,3,2 1,4,1 F
1,2,0 1,2,1 2,2,1 2,2,2 2,2,3 N
2,1,2 2,3,2 3,1,2 3,2,2 3,3,2 U
2,3,1 3,1,1 3,2,1 3,3,1 4,1,1 Z
2,4,1 3,4,1 4,2,1 4,3,1 4,4,1 V

L L L L T     L F V V V
P F T T T     P F Z Z V       F U U
P N W W T     P N N Z V       F N U           N
P X Y W W     X X X Z Z       X U U
Y Y Y Y W     I I I I I

solution 48:
0,0,1 1,0,1 2,0,1 3,0,1 4,0,1 I
0,3,1 1,3,0 1,3,1 1,3,2 2,3,1 X
0,4,0 0,4,1 1,4,0 2,4,0 3,4,0 L
1,4,1 2,4,1 3,3,1 3,4,1 4,4,1 Y
0,1,0 0,1,1 0,2,0 0,2,1 0,3,0 P
0,0,0 1,0,0 1,1,0 2,1,0 2,2,0 W
2,0,0 3,0,0 4,0,0 4,1,0 4,2,0 V
2,3,0 3,2,0 3,3,0 4,3,0 4,4,0 F
1,1,1 1,1,2 2,1,1 3,1,0 3,1,1 Z
2,2,1 3,2,1 4,1,1 4,2,1 4,3,1 T
1,2,0 1,2,1 1,2,2 2,2,2 2,2,3 N
2,1,2 2,3,2 3,1,2 3,2,2 3,3,2 U

L L L L F     L Y Y Y Y
P X F F F     X X X Y T       X U U
P N W F V     P N T T T       N N U           N
P W W Z V     P Z Z Z T       Z U U
W W V V V     I I I I I

solution 49:
0,0,1 1,0,1 2,0,1 3,0,1 4,0,1 I
1,2,2 2,2,1 2,2,2 2,2,3 3,2,2 X
0,0,0 0,1,0 1,0,0 2,0,0 3,0,0 L
4,0,0 4,1,0 4,1,1 4,2,0 4,3,0 Y
2,4,1 3,4,0 3,4,1 4,4,0 4,4,1 P
2,1,1 3,1,1 3,2,1 4,2,1 4,3,1 W
0,1,1 1,1,1 1,1,2 2,1,2 3,1,2 N
0,2,0 0,2,1 0,3,1 0,4,0 0,4,1 U
1,2,1 1,3,1 1,3,2 1,4,0 1,4,1 F
3,1,0 3,2,0 3,3,0 3,3,1 3,3,2 V
0,3,0 1,1,0 1,2,0 1,3,0 2,1,0 Z
2,2,0 2,3,0 2,3,1 2,3,2 2,4,0 T

U F T P P     U F P P P
Z Z T V Y     U F T V W       F T V
U Z T V Y     U F X W W       X X X           X
L Z Z V Y     N N W W Y       N N N
L L L L Y     I I I I I

solution 50:
0,0,1 1,0,1 2,0,1 3,0,1 4,0,1 I
1,2,2 2,2,1 2,2,2 2,2,3 3,2,2 X
0,0,0 0,1,0 0,1,1 0,2,1 0,3,1 N
0,4,0 0,4,1 1,4,0 2,4,0 2,4,1 U
1,1,1 1,2,1 1,3,1 1,3,2 1,4,1 Y
1,1,2 2,1,0 2,1,1 2,1,2 3,1,2 T
0,2,0 1,0,0 1,1,0 1,2,0 2,0,0 Z
0,3,0 1,3,0 2,3,0 2,3,1 2,3,2 V
2,2,0 3,2,0 3,3,0 4,3,0 4,4,0 W
3,0,0 3,1,0 4,0,0 4,1,0 4,2,0 P
3,2,1 3,3,1 3,3,2 3,4,0 3,4,1 F
3,1,1 4,1,1 4,2,1 4,3,1 4,4,1 L

U U U F W     U Y U F L
V V V W W     N Y V F L       Y V F
Z Z W W P     N Y X F L       X X X           X
N Z T P P     N Y T L L       T T T
N Z Z P P     I I I I I

solution 51:
0,0,1 1,0,1 2,0,1 3,0,1 4,0,1 I
1,2,2 2,2,1 2,2,2 2,2,3 3,2,2 X
0,0,0 0,1,0 0,1,1 0,2,0 0,2,1 P
0,3,1 0,4,1 1,1,1 1,2,1 1,3,1 N
1,1,2 2,1,0 2,1,1 2,1,2 3,1,2 T
1,3,2 2,3,0 2,3,1 2,3,2 3,3,0 Z
3,1,1 3,2,0 3,2,1 3,3,1 3,3,2 F
0,3,0 0,4,0 1,2,0 1,3,0 2,2,0 W
1,0,0 1,1,0 2,0,0 3,0,0 3,1,0 U
2,4,1 3,4,1 4,2,1 4,3,1 4,4,1 V
1,4,0 1,4,1 2,4,0 3,4,0 4,4,0 L
4,0,0 4,1,0 4,1,1 4,2,0 4,3,0 Y

W L L L L     N L V V V
W W Z Z Y     N N Z F V       Z Z F
P W W F Y     P N X F V       X X X           X
P U T U Y     P N T F Y       T T T
P U U U Y     I I I I I

solution 52:
0,0,1 1,0,1 2,0,1 3,0,1 4,0,1 I
1,2,2 2,2,1 2,2,2 2,2,3 3,2,2 X
0,0,0 1,0,0 1,1,0 2,0,0 3,0,0 Y
2,1,0 2,2,0 3,1,0 4,0,0 4,1,0 Z
2,1,1 2,1,2 3,1,1 3,1,2 4,1,1 P
1,1,1 1,1,2 1,2,0 1,2,1 1,3,0 W
0,1,0 0,2,0 0,3,0 0,4,0 0,4,1 L
0,1,1 0,2,1 0,3,1 1,3,1 1,4,1 N
1,4,0 2,4,0 3,2,0 3,3,0 3,4,0 V
1,3,2 2,3,0 2,3,1 2,3,2 3,3,2 T
2,4,1 3,2,1 3,3,1 3,4,1 4,3,1 F
4,2,0 4,2,1 4,3,0 4,4,0 4,4,1 U

L V V V U     L N F F U
L W T V U     N N T F F       T T T
L W Z V U     N W X F U       X X X           X
L Y Z Z Z     N W P P P       W P P
Y Y Y Y Z     I I I I I

solution 53:
0,0,1 1,0,1 2,0,1 3,0,1 4,0,1 I
0,3,0 1,2,0 1,3,0 1,4,0 2,3,0 X
0,4,0 0,4,1 1,4,1 2,4,0 2,4,1 U
0,0,0 0,1,0 0,2,0 0,2,1 0,3,1 N
4,2,1 4,3,0 4,3,1 4,4,0 4,4,1 P
1,0,0 1,1,0 2,0,0 3,0,0 4,0,0 L
2,1,0 3,1,0 3,2,0 3,3,0 4,2,0 F
3,2,1 3,2,2 3,3,1 3,4,0 3,4,1 Z
2,1,2 3,1,1 3,1,2 4,1,0 4,1,1 W
1,1,2 1,2,2 1,3,2 2,3,2 3,3,2 V
0,1,1 1,1,1 1,2,1 1,3,1 2,1,1 T
2,2,0 2,2,1 2,2,2 2,2,3 2,3,1 Y

U X U Z P     U U U Z P
X X X F P     N T Y Z P       V V V
N X Y F F     N T Y Z P       V Y Z           Y
N L F F W     T T T W W       V W W
N L L L L     I I I I I

solution 54:
0,0,1 1,0,1 2,0,1 3,0,1 4,0,1 I
1,3,0 2,2,0 2,3,0 2,4,0 3,3,0 X
1,2,1 1,3,1 1,3,2 1,4,0 1,4,1 F
3,2,0 3,4,0 4,2,0 4,3,0 4,4,0 U
2,2,2 2,2,3 2,3,1 2,3,2 2,4,1 W
1,0,0 1,1,0 1,1,1 1,1,2 1,2,2 Z
0,0,0 0,1,0 0,2,0 0,3,0 1,2,0 Y
0,1,1 0,2,1 0,3,1 0,4,0 0,4,1 L
2,0,0 3,0,0 3,1,0 4,0,0 4,1,0 P
2,1,0 2,1,1 2,1,2 3,1,1 4,1,1 T
2,2,1 3,2,1 4,2,1 4,3,1 4,4,1 V
3,1,2 3,2,2 3,3,1 3,3,2 3,4,1 N

L F X U U     L F W N V
Y X X X U     L F W N V       F W N
Y Y X U U     L F V V V       Z W N           W
Y Z T P P     L Z T T T       Z T N
Y Z P P P     I I I I I

solution 55:
0,0,1 1,0,1 2,0,1 3,0,1 4,0,1 I
1,3,0 2,2,0 2,3,0 2,4,0 3,3,0 X
0,1,0 0,2,0 0,3,0 0,4,0 1,4,0 L
0,0,0 1,0,0 2,0,0 2,1,0 3,0,0 Y
4,0,0 4,1,0 4,1,1 4,2,1 4,3,1 N
3,2,0 3,4,0 4,2,0 4,3,0 4,4,0 U
2,2,1 3,2,1 3,3,1 3,4,1 4,4,1 Z
2,2,2 2,2,3 2,3,1 2,3,2 2,4,1 W
3,1,0 3,1,1 3,1,2 3,2,2 3,3,2 V
0,2,1 0,3,1 0,4,1 1,3,1 1,4,1 P
0,1,1 1,1,0 1,1,1 2,1,1 2,1,2 F
1,1,2 1,2,0 1,2,1 1,2,2 1,3,2 T

L L X U U     P P W Z Z
L X X X U     P P W Z N       T W V
L T X U U     P T Z Z N       T W V           W
L F Y V N     F F F V N       T F V
Y Y Y Y N     I I I I I

55 solutions, 868,183 searches, duration 0:02:41.690182
