solving SolidPentominoesStairstepWalls2:

solution 1:
0,3,0 0,4,0 0,5,0 0,6,0 0,7,0 I
0,3,1 0,4,1 0,5,1 0,5,2 0,6,1 Y
5,0,0 5,0,1 6,0,0 6,0,1 7,0,0 P
0,0,6 0,0,7 0,1,5 0,1,6 0,2,5 W
0,0,5 1,0,5 1,0,6 2,0,4 2,0,5 F
3,0,2 4,0,1 4,0,2 4,0,3 5,0,2 X
1,0,1 2,0,1 3,0,0 3,0,1 4,0,0 N
1,0,3 1,0,4 2,0,3 3,0,3 3,0,4 U
0,0,0 0,0,1 0,0,2 1,0,2 2,0,2 V
0,0,4 0,1,4 0,2,4 0,3,3 0,3,4 L
0,2,1 0,2,2 0,3,2 0,4,2 0,4,3 Z
0,0,3 0,1,1 0,1,2 0,1,3 0,2,3 T

I
I                   Y
I                   Y                   Y
I                   Y                   Z                   Z
I                   Y                   Z                   L                   L
                    Z                   Z                   T                   L                   W
                    T                   T                   T                   L                   W                   W
V     N N P P P     V N N N X P P       V V V X X X         T U U U X           L U F U             F F F               W F                 W

solution 2:
0,5,0 0,5,1 0,6,0 0,6,1 0,7,0 P
3,0,0 4,0,0 5,0,0 6,0,0 7,0,0 I
3,0,1 4,0,1 5,0,1 5,0,2 6,0,1 Y
0,0,6 0,0,7 1,0,5 1,0,6 2,0,5 W
0,0,5 0,1,5 0,1,6 0,2,4 0,2,5 F
0,3,2 0,4,1 0,4,2 0,4,3 0,5,2 X
0,1,1 0,2,1 0,3,0 0,3,1 0,4,0 N
0,1,3 0,1,4 0,2,3 0,3,3 0,3,4 U
0,0,0 0,0,1 0,0,2 0,1,2 0,2,2 V
0,0,4 1,0,4 2,0,4 3,0,3 3,0,4 L
2,0,1 2,0,2 3,0,2 4,0,2 4,0,3 Z
0,0,3 1,0,1 1,0,2 1,0,3 2,0,3 T

P
P                   P
P                   P                   X
N                   X                   X                   X
N                   N                   X                   U                   U
                    N                   V                   U                   F                   F
                    N                   V                   U                   U                   F                   F
V     I I I I I     V T Z Y Y Y Y       V T Z Z Z Y         T T T L Z           L L L L             F W W               W W                 W

2 solutions, 20,475 searches, duration 0:00:09.148567
