solving HexatwigsX5:

solution 1 (14,800,371 searches):
04,0,0 04,0,1 04,1,0 04,1,2 05,0,1 05,0,2 O06
05,0,0 05,1,0 06,0,1 06,0,2 06,1,1 06,1,2 F06
06,0,0 06,1,0 07,0,0 07,0,1 07,0,2 08,0,2 Y16
04,1,1 04,2,0 04,2,1 04,2,2 04,3,1 04,3,2 H16
05,1,1 05,1,2 05,2,0 05,2,1 05,2,2 06,2,2 H06
04,3,0 05,3,1 05,3,2 05,4,1 05,4,2 05,5,2 L06
03,5,0 03,5,1 04,4,0 04,4,1 04,4,2 04,5,2 X06
02,6,0 02,6,1 03,6,0 03,6,2 04,5,0 04,5,1 S16
05,3,0 05,4,0 06,2,1 06,3,0 06,3,1 06,3,2 X16
03,7,0 03,7,2 04,6,0 04,6,1 04,6,2 05,6,2 R16
01,8,0 01,8,2 02,7,0 02,7,1 02,8,2 03,6,1 L26
00,8,0 00,8,1 00,9,2 01,7,0 01,7,1 02,7,2 M06
00,9,0 01,8,1 01,9,0 01,9,2 02,9,0 02,9,2 L16
02,8,0 02,8,1 03,7,1 03,8,1 03,8,2 03,9,2 Y26
05,5,0 05,5,1 06,4,1 06,4,2 06,5,0 06,5,2 Y06
06,4,0 07,2,0 07,2,1 07,3,1 07,3,2 07,4,2 S26
07,4,0 08,3,0 08,3,1 09,2,0 09,2,1 10,1,1 I06
07,3,0 08,2,0 08,2,1 08,3,2 09,1,1 09,2,2 U06
08,1,0 08,1,1 08,2,2 09,1,0 09,1,2 10,0,1 S06
08,0,0 08,0,1 08,1,2 09,0,0 09,0,1 09,0,2 Q16
10,0,0 10,0,2 10,1,0 10,1,2 11,0,1 11,0,2 Q06
06,6,0 06,6,1 06,6,2 07,4,1 07,5,1 07,5,2 C06
05,6,0 05,6,1 05,7,0 05,7,2 06,5,1 06,7,2 V06
06,8,0 06,8,1 07,6,1 07,6,2 07,7,1 07,7,2 W06
05,9,0 05,9,2 06,9,0 06,9,2 07,8,1 07,8,2 J06
05,7,1 05,8,0 05,8,2 06,7,0 06,7,1 06,8,2 R06
03,9,0 04,8,0 04,8,1 04,9,0 04,9,2 05,8,1 Q26

                                      _J06
                                     J06  J06
                                _J06/      \
                               J06  W06    J06
                          _Q26/      \_W06/
                         Q26  Q26    R06  W06
                    _Q26/      \_R06/      \
                   Y26  Q26    R06  R06    W06
              _L16/      \_Q26/      \_R06/
             L16  Y26         R06    V06  W06
        _L16/      \           \_V06/      \
       L16  Y26    Y26         V06  C06    W06
  _L16/      \_Y26/           /      \_C06/
 M06  L16    L26  Y26         V06    C06  C06
/      \_L26/      \_R16       \_V06/      \
M06    L26  L26    R16  R16    R16  V06    C06
 \_M06/      \_L26/      \_R16/      \_Y06/
      M06    M06  L26    R16  Y06    Y06  C06
       \_M06/      \_S16/      \_Y06/      \_I06
            S16    S16  S16    L06  Y06    S26  I06
             \_S16/      \_S16/      \_S26/      \_I06
                  X06    X06  L06    Y06  S26    U06  I06
                   \_X06/      \_X16/      \_U06/      \_I06
                        X06    L06  X16    S26  U06    U06  I06
                         \_X06/      \_X16/      \_U06/      \_Q06
                         X06  L06    X16  S26    S06  U06    Q06  Q06
                        /      \_X16/      \_S26/      \_S06/      \
                        H16    L06  X16         S06    S06  S06    Q06
                         \_L06/      \           \_S06/      \_Q06/
                         H16  H06    H06         Q16  Q16    Q06
                        /      \_H06/           /      \_Q16/
                        H16    H06  F06         Q16    Q16
                         \_H16/      \_Y16       \_Q16/
                         H16  H06    F06  Y16    Y16
                        /      \_F06/      \_Y16/
                        H16    H06  F06    Y16
                         \_O06/      \_Y16/
                         O06  O06    F06
                        /      \_F06/
                        O06    O06
                         \_O06/

solution 2 (23,360,206 searches):
04,0,0 04,0,1 04,1,0 04,1,2 05,0,1 05,0,2 O06
05,0,0 05,1,0 06,0,1 06,0,2 06,1,1 06,1,2 F06
06,0,0 06,1,0 07,0,0 07,0,1 07,0,2 08,0,2 Y16
04,1,1 04,2,0 04,2,1 04,2,2 04,3,1 04,3,2 H16
05,1,1 05,1,2 05,2,0 05,2,1 05,2,2 06,2,2 H06
04,3,0 05,3,0 05,3,1 05,3,2 05,4,1 05,4,2 L26
06,2,1 06,3,0 06,3,2 07,2,0 07,2,1 07,3,2 R06
04,4,0 04,4,1 04,4,2 04,5,0 04,5,2 05,5,2 C06
03,5,0 03,5,1 03,6,0 03,6,2 04,5,1 04,6,2 Q16
00,8,0 00,8,1 01,7,0 01,7,1 02,6,0 02,6,1 I06
00,9,0 00,9,2 01,8,0 01,8,1 01,8,2 02,8,2 R16
01,9,0 01,9,2 02,8,0 02,8,1 03,8,1 03,8,2 S06
02,9,0 02,9,2 03,9,0 03,9,2 04,8,0 04,8,1 W06
02,7,0 02,7,1 02,7,2 03,6,1 03,7,1 03,7,2 X16
03,7,0 04,6,0 04,6,1 05,6,1 05,6,2 05,7,2 V06
04,9,0 04,9,2 05,9,0 05,9,2 06,8,1 06,9,2 L16
06,7,0 06,9,0 07,7,1 07,7,2 07,8,1 07,8,2 M06
05,8,0 05,8,1 06,7,1 06,7,2 06,8,0 06,8,2 Y06
05,7,0 05,7,1 05,8,2 06,6,0 06,6,1 06,6,2 S26
07,4,0 07,4,1 07,5,1 07,5,2 07,6,1 07,6,2 L06
05,5,0 05,5,1 05,6,0 06,5,0 06,5,1 06,5,2 Q26
05,4,0 06,3,1 06,4,0 06,4,1 06,4,2 07,4,2 X06
07,3,0 07,3,1 08,1,0 08,1,1 08,2,1 08,2,2 S16
08,0,0 08,0,1 08,1,2 09,0,1 09,0,2 09,1,2 Q06
08,3,0 08,3,1 08,3,2 09,2,0 09,2,1 09,2,2 U06
09,0,0 10,0,0 10,0,2 10,1,0 11,0,1 11,0,2 J06
08,2,0 09,1,0 09,1,1 10,0,1 10,1,1 10,1,2 Y26

                                      _M06
                                     L16  M06
                                _L16/      \
                               L16  L16    M06
                          _L16/      \_Y06/
                         L16  Y06    Y06  M06
                    _W06/      \_Y06/      \
                   W06  W06    S26  Y06    M06
              _W06/      \_W06/      \_M06/
             W06  S06         S26    Y06  L06
        _S06/      \           \_S26/      \
       S06  S06    S06         V06  S26    L06
  _R16/      \_S06/           /      \_S26/
 R16  R16    R16  X16         V06    S26  L06
/      \_R16/      \_V06       \_Q26/      \
I06    R16  X16    X16  V06    V06  Q26    L06
 \_I06/      \_X16/      \_V06/      \_Q26/
      I06    X16  X16    Q16  Q26    Q26  L06
       \_I06/      \_Q16/      \_Q26/      \_L06
            I06    Q16  Q16    C06  X06    X06  U06
             \_I06/      \_C06/      \_X06/      \_U06
                  Q16    C06  L26    X06  S16    U06  U06
                   \_Q16/      \_X06/      \_S16/      \_U06
                        C06    L26  X06    R06  S16    U06  Y26
                         \_C06/      \_R06/      \_Y26/      \_J06
                         C06  L26    R06  R06    S16  Y26    Y26  J06
                        /      \_L26/      \_R06/      \_Y26/      \
                        H16    L26  R06         S16    Q06  Y26    J06
                         \_L26/      \           \_S16/      \_J06/
                         H16  H06    H06         Q06  Q06    J06
                        /      \_H06/           /      \_J06/
                        H16    H06  F06         Q06    Q06
                         \_H16/      \_Y16       \_Q06/
                         H16  H06    F06  Y16    Y16
                        /      \_F06/      \_Y16/
                        H16    H06  F06    Y16
                         \_O06/      \_Y16/
                         O06  O06    F06
                        /      \_F06/
                        O06    O06
                         \_O06/

solution 3 (85,158,410 searches):
04,0,0 04,0,1 04,1,0 04,1,2 05,0,1 05,0,2 O06
05,0,0 05,1,0 06,0,1 06,0,2 06,1,1 06,1,2 F06
06,0,0 06,1,0 07,0,0 07,0,1 07,0,2 08,0,2 Y16
04,1,1 04,2,0 04,2,1 04,2,2 04,3,1 04,3,2 H16
05,1,1 05,1,2 05,2,0 05,2,1 05,2,2 06,2,2 H06
04,3,0 05,3,0 05,3,1 05,3,2 05,4,1 05,4,2 L26
06,2,1 06,3,0 06,3,1 06,3,2 07,2,0 07,2,1 Y26
03,5,0 03,5,1 03,6,2 04,4,0 04,4,1 04,4,2 S26
00,8,0 01,7,0 01,7,1 01,8,2 02,6,0 02,6,1 L16
00,8,1 00,9,0 00,9,2 01,9,0 01,9,2 02,8,1 M06
02,9,0 02,9,2 03,9,0 03,9,2 04,9,0 04,9,2 I06
01,8,0 01,8,1 02,7,1 02,7,2 02,8,0 02,8,2 Y06
03,7,0 03,7,1 03,8,1 03,8,2 04,6,0 04,6,1 W06
02,7,0 03,6,0 03,6,1 03,7,2 04,5,1 04,6,2 U06
04,5,0 04,5,2 05,5,1 05,5,2 05,6,0 05,6,2 S16
05,4,0 06,4,0 06,4,1 06,4,2 07,3,1 07,4,2 X06
05,5,0 06,5,0 06,5,1 06,5,2 06,6,0 06,6,2 R16
05,6,1 05,7,0 05,7,1 05,7,2 06,6,1 06,7,2 X16
04,8,0 04,8,1 05,8,1 05,8,2 05,9,0 05,9,2 S06
07,4,0 07,4,1 07,5,1 07,5,2 07,6,1 07,6,2 L06
07,3,0 07,3,2 08,1,1 08,2,0 08,2,1 08,2,2 R06
08,3,0 08,3,1 08,3,2 09,1,1 09,2,1 09,2,2 C06
09,2,0 10,0,0 10,1,0 10,1,1 11,0,1 11,0,2 J06
05,8,0 06,7,0 06,7,1 07,7,1 07,7,2 07,8,2 V06
06,8,0 06,8,1 06,8,2 06,9,0 06,9,2 07,8,1 Q16
09,0,1 09,1,0 09,1,2 10,0,1 10,0,2 10,1,2 Q26
08,0,0 08,0,1 08,1,0 08,1,2 09,0,0 09,0,2 Q06

                                      _Q16
                                     Q16  Q16
                                _S06/      \
                               S06  Q16    V06
                          _I06/      \_Q16/
                         I06  S06    Q16  V06
                    _I06/      \_V06/      \
                   I06  S06    S06  V06    V06
              _I06/      \_S06/      \_V06/
             I06  W06         X16    X16  L06
        _M06/      \           \_X16/      \
       M06  M06    W06         X16  X16    L06
  _M06/      \_Y06/           /      \_R16/
 M06  Y06    Y06  W06         X16    R16  L06
/      \_Y06/      \_W06       \_S16/      \
M06    L16  Y06    U06  W06    S16  R16    L06
 \_L16/      \_U06/      \_W06/      \_R16/
      L16    Y06  U06    U06  S16    R16  L06
       \_L16/      \_U06/      \_R16/      \_L06
            L16    S26  U06    S16  X06    X06  C06
             \_L16/      \_S16/      \_X06/      \_C06
                  S26    S16  L26    X06  X06    C06  C06
                   \_S26/      \_X06/      \_R06/      \_J06
                        S26    L26  Y26    R06  R06    C06  J06
                         \_S26/      \_Y26/      \_R06/      \_J06
                         S26  L26    Y26  Y26    R06  C06    Q26  J06
                        /      \_L26/      \_Y26/      \_Q26/      \
                        H16    L26  Y26         R06    Q26  Q26    J06
                         \_L26/      \           \_Q06/      \_J06/
                         H16  H06    H06         Q06  Q26    Q26
                        /      \_H06/           /      \_Q06/
                        H16    H06  F06         Q06    Q06
                         \_H16/      \_Y16       \_Q06/
                         H16  H06    F06  Y16    Y16
                        /      \_F06/      \_Y16/
                        H16    H06  F06    Y16
                         \_O06/      \_Y16/
                         O06  O06    F06
                        /      \_F06/
                        O06    O06
                         \_O06/

solution 4 (127,399,842 searches):
04,0,0 04,0,1 04,1,0 04,1,2 05,0,1 05,0,2 O06
05,0,0 05,1,0 06,0,1 06,0,2 06,1,1 06,1,2 F06
06,0,0 06,1,0 07,0,0 07,0,1 07,0,2 08,0,2 Y16
04,1,1 04,2,0 04,2,1 04,2,2 04,3,1 04,3,2 H16
05,1,1 05,1,2 05,2,0 05,2,1 05,2,2 06,2,2 H06
04,3,0 05,3,0 05,3,2 06,2,1 06,3,1 06,3,2 L26
09,2,0 10,0,0 10,1,0 10,1,1 11,0,1 11,0,2 J06
06,8,1 06,8,2 06,9,0 06,9,2 07,8,1 07,8,2 Q06
06,8,0 07,5,1 07,6,1 07,6,2 07,7,1 07,7,2 L06
04,8,0 04,8,1 05,8,1 05,8,2 05,9,0 05,9,2 S06
02,9,0 02,9,2 03,9,0 03,9,2 04,9,0 04,9,2 I06
05,7,0 05,8,0 06,6,1 06,7,0 06,7,1 06,7,2 X16
05,6,0 05,6,1 05,7,1 05,7,2 06,6,0 06,6,2 V06
03,7,0 03,7,1 03,8,1 03,8,2 04,6,0 04,6,1 W06
05,5,0 05,5,1 05,6,2 06,5,0 06,5,1 06,5,2 Q16
07,4,0 07,4,1 07,5,2 08,2,1 08,3,1 08,3,2 S16
08,2,0 08,3,0 09,1,0 09,1,1 09,2,1 09,2,2 R16
09,0,0 09,0,1 09,0,2 10,0,1 10,0,2 10,1,2 C06
08,0,0 08,0,1 08,1,0 08,1,1 08,1,2 09,1,2 R06
06,3,0 07,2,0 07,2,1 07,3,0 07,3,2 08,2,2 Q26
05,4,0 06,4,0 06,4,1 06,4,2 07,3,1 07,4,2 X06
00,8,1 00,9,0 00,9,2 01,9,0 01,9,2 02,8,1 M06
01,8,0 01,8,1 02,7,1 02,7,2 02,8,0 02,8,2 Y06
00,8,0 01,7,0 01,7,1 01,8,2 02,6,0 02,6,1 L16
02,7,0 03,6,0 03,6,1 03,7,2 04,5,1 04,6,2 U06
03,5,0 03,5,1 03,6,2 04,4,0 04,4,1 04,4,2 S26
04,5,0 04,5,2 05,3,1 05,4,1 05,4,2 05,5,2 Y26

                                      _Q06
                                     Q06  Q06
                                _S06/      \
                               S06  Q06    Q06
                          _I06/      \_L06/
                         I06  S06    Q06  L06
                    _I06/      \_X16/      \
                   I06  S06    S06  X16    L06
              _I06/      \_S06/      \_X16/
             I06  W06         V06    X16  L06
        _M06/      \           \_X16/      \
       M06  M06    W06         V06  X16    L06
  _M06/      \_Y06/           /      \_V06/
 M06  Y06    Y06  W06         V06    V06  L06
/      \_Y06/      \_W06       \_V06/      \
M06    L16  Y06    U06  W06    Q16  Q16    S16
 \_L16/      \_U06/      \_W06/      \_Q16/
      L16    Y06  U06    U06  Q16    Q16  S16
       \_L16/      \_U06/      \_Q16/      \_S16
            L16    S26  U06    Y26  X06    X06  S16
             \_L16/      \_Y26/      \_X06/      \_R16
                  S26    Y26  Y26    X06  X06    S16  R16
                   \_S26/      \_X06/      \_Q26/      \_J06
                        S26    Y26  L26    Q26  S16    R16  J06
                         \_S26/      \_Q26/      \_R16/      \_J06
                         S26  Y26    L26  Q26    Q26  R16    C06  J06
                        /      \_L26/      \_Q26/      \_R16/      \
                        H16    L26  L26         R06    R06  C06    J06
                         \_L26/      \           \_R06/      \_J06/
                         H16  H06    H06         R06  C06    C06
                        /      \_H06/           /      \_C06/
                        H16    H06  F06         R06    C06
                         \_H16/      \_Y16       \_R06/
                         H16  H06    F06  Y16    Y16
                        /      \_F06/      \_Y16/
                        H16    H06  F06    Y16
                         \_O06/      \_Y16/
                         O06  O06    F06
                        /      \_F06/
                        O06    O06
                         \_O06/

solution 5 (127,400,590 searches):
04,0,0 04,0,1 04,1,0 04,1,2 05,0,1 05,0,2 O06
05,0,0 05,1,0 06,0,1 06,0,2 06,1,1 06,1,2 F06
06,0,0 06,1,0 07,0,0 07,0,1 07,0,2 08,0,2 Y16
04,1,1 04,2,0 04,2,1 04,2,2 04,3,1 04,3,2 H16
05,1,1 05,1,2 05,2,0 05,2,1 05,2,2 06,2,2 H06
04,3,0 05,3,0 05,3,2 06,2,1 06,3,1 06,3,2 L26
09,2,0 10,0,0 10,1,0 10,1,1 11,0,1 11,0,2 J06
06,8,1 06,8,2 06,9,0 06,9,2 07,8,1 07,8,2 Q06
06,8,0 07,5,1 07,6,1 07,6,2 07,7,1 07,7,2 L06
04,8,0 04,8,1 05,8,1 05,8,2 05,9,0 05,9,2 S06
02,9,0 02,9,2 03,9,0 03,9,2 04,9,0 04,9,2 I06
05,7,0 05,8,0 06,6,1 06,7,0 06,7,1 06,7,2 X16
05,6,0 05,6,1 05,7,1 05,7,2 06,6,0 06,6,2 V06
03,7,0 03,7,1 03,8,1 03,8,2 04,6,0 04,6,1 W06
05,5,0 05,5,1 05,6,2 06,4,1 06,5,1 06,5,2 Q26
06,5,0 07,4,0 07,4,1 07,4,2 07,5,2 08,3,1 X06
00,8,1 00,9,0 00,9,2 01,9,0 01,9,2 02,8,1 M06
01,8,0 01,8,1 02,7,1 02,7,2 02,8,0 02,8,2 Y06
00,8,0 01,7,0 01,7,1 01,8,2 02,6,0 02,6,1 L16
02,7,0 03,6,0 03,6,1 03,7,2 04,5,1 04,6,2 U06
03,5,0 03,5,1 03,6,2 04,4,0 04,4,1 04,4,2 S26
04,5,0 04,5,2 05,3,1 05,4,1 05,4,2 05,5,2 Y26
05,4,0 06,4,0 06,4,2 07,3,0 07,3,1 08,3,2 S16
08,2,0 08,3,0 09,1,0 09,1,1 09,2,1 09,2,2 R16
09,0,0 09,0,1 09,0,2 10,0,1 10,0,2 10,1,2 C06
06,3,0 07,2,0 07,2,1 07,3,2 08,2,1 08,2,2 Q16
08,0,0 08,0,1 08,1,0 08,1,1 08,1,2 09,1,2 R06

                                      _Q06
                                     Q06  Q06
                                _S06/      \
                               S06  Q06    Q06
                          _I06/      \_L06/
                         I06  S06    Q06  L06
                    _I06/      \_X16/      \
                   I06  S06    S06  X16    L06
              _I06/      \_S06/      \_X16/
             I06  W06         V06    X16  L06
        _M06/      \           \_X16/      \
       M06  M06    W06         V06  X16    L06
  _M06/      \_Y06/           /      \_V06/
 M06  Y06    Y06  W06         V06    V06  L06
/      \_Y06/      \_W06       \_V06/      \
M06    L16  Y06    U06  W06    Q26  Q26    X06
 \_L16/      \_U06/      \_W06/      \_X06/
      L16    Y06  U06    U06  Q26    Q26  X06
       \_L16/      \_U06/      \_Q26/      \_X06
            L16    S26  U06    Y26  Q26    X06  X06
             \_L16/      \_Y26/      \_S16/      \_R16
                  S26    Y26  Y26    S16  S16    S16  R16
                   \_S26/      \_S16/      \_S16/      \_J06
                        S26    Y26  L26    Q16  Q16    R16  J06
                         \_S26/      \_Q16/      \_R16/      \_J06
                         S26  Y26    L26  Q16    Q16  R16    C06  J06
                        /      \_L26/      \_Q16/      \_R16/      \
                        H16    L26  L26         R06    R06  C06    J06
                         \_L26/      \           \_R06/      \_J06/
                         H16  H06    H06         R06  C06    C06
                        /      \_H06/           /      \_C06/
                        H16    H06  F06         R06    C06
                         \_H16/      \_Y16       \_R06/
                         H16  H06    F06  Y16    Y16
                        /      \_F06/      \_Y16/
                        H16    H06  F06    Y16
                         \_O06/      \_Y16/
                         O06  O06    F06
                        /      \_F06/
                        O06    O06
                         \_O06/

solution 6 (132,546,815 searches):
04,0,0 04,0,1 04,1,0 04,1,2 05,0,1 05,0,2 O06
05,0,0 05,1,0 06,0,1 06,0,2 06,1,1 06,1,2 F06
06,0,0 06,1,0 07,0,0 07,0,1 07,0,2 08,0,2 Y16
04,1,1 04,2,0 04,2,1 04,2,2 04,3,1 04,3,2 H16
05,1,1 05,1,2 05,2,0 05,2,1 05,2,2 06,2,2 H06
04,3,0 05,3,0 05,3,2 06,2,1 06,3,1 06,3,2 L26
09,2,0 10,0,0 10,1,0 10,1,1 11,0,1 11,0,2 J06
06,8,0 06,8,1 06,8,2 06,9,0 06,9,2 07,8,1 Q16
05,8,0 06,7,0 06,7,1 07,7,1 07,7,2 07,8,2 V06
04,8,0 04,8,1 05,8,1 05,8,2 05,9,0 05,9,2 S06
02,9,0 02,9,2 03,9,0 03,9,2 04,9,0 04,9,2 I06
07,4,0 07,4,1 07,5,1 07,5,2 07,6,1 07,6,2 L06
02,7,0 02,7,2 03,7,1 03,7,2 03,8,1 03,8,2 W06
03,6,0 03,6,1 03,7,0 04,5,1 04,6,1 04,6,2 Q26
01,7,0 01,7,1 01,8,2 02,6,0 02,6,1 03,6,2 M06
00,8,0 00,8,1 00,9,0 00,9,2 01,8,0 01,8,1 Q06
01,9,0 01,9,2 02,7,1 02,8,0 02,8,1 02,8,2 R06
03,5,0 03,5,1 04,4,1 04,4,2 04,5,0 04,5,2 Y06
07,2,0 07,2,1 08,0,0 08,0,1 08,1,1 08,1,2 S16
06,3,0 06,4,0 07,3,0 07,3,1 07,3,2 07,4,2 X16
09,0,0 09,0,2 09,1,0 10,0,1 10,0,2 10,1,2 C06
08,1,0 08,2,0 09,0,1 09,1,1 09,1,2 09,2,2 U06
08,2,1 08,2,2 08,3,0 08,3,1 08,3,2 09,2,1 Y26
04,6,0 05,6,1 05,6,2 05,7,0 05,7,1 05,7,2 S26
05,6,0 06,5,1 06,6,0 06,6,1 06,6,2 06,7,2 X06
05,4,0 05,5,0 06,4,1 06,4,2 06,5,0 06,5,2 R16
04,4,0 05,3,1 05,4,1 05,4,2 05,5,1 05,5,2 L16

                                      _Q16
                                     Q16  Q16
                                _S06/      \
                               S06  Q16    V06
                          _I06/      \_Q16/
                         I06  S06    Q16  V06
                    _I06/      \_V06/      \
                   I06  S06    S06  V06    V06
              _I06/      \_S06/      \_V06/
             I06  W06         S26    X06  L06
        _R06/      \           \_S26/      \
       R06  R06    W06         S26  X06    L06
  _Q06/      \_R06/           /      \_X06/
 Q06  Q06    R06  W06         S26    X06  L06
/      \_Q06/      \_Q26       \_X06/      \
Q06    M06  R06    W06  Q26    S26  X06    L06
 \_Q06/      \_W06/      \_S26/      \_R16/
      M06    W06  Q26    Q26  L16    R16  L06
       \_M06/      \_Q26/      \_R16/      \_L06
            M06    M06  Q26    L16  R16    X16  Y26
             \_M06/      \_Y06/      \_X16/      \_Y26
                  Y06    Y06  L16    R16  X16    Y26  Y26
                   \_Y06/      \_R16/      \_X16/      \_J06
                        Y06    L16  L26    X16  Y26    U06  J06
                         \_L16/      \_X16/      \_U06/      \_J06
                         Y06  L16    L26  S16    Y26  U06    C06  J06
                        /      \_L26/      \_S16/      \_C06/      \
                        H16    L26  L26         S16    U06  C06    J06
                         \_L26/      \           \_U06/      \_J06/
                         H16  H06    H06         S16  U06    C06
                        /      \_H06/           /      \_C06/
                        H16    H06  F06         S16    C06
                         \_H16/      \_Y16       \_S16/
                         H16  H06    F06  Y16    Y16
                        /      \_F06/      \_Y16/
                        H16    H06  F06    Y16
                         \_O06/      \_Y16/
                         O06  O06    F06
                        /      \_F06/
                        O06    O06
                         \_O06/

solution 7 (160,552,193 searches):
04,0,0 04,0,1 04,1,0 04,1,2 05,0,1 05,0,2 O06
05,0,0 05,1,0 06,0,1 06,0,2 06,1,1 06,1,2 F06
06,0,0 06,1,0 07,0,0 07,0,1 07,0,2 08,0,2 Y16
04,1,1 04,2,0 04,2,1 04,2,2 04,3,1 04,3,2 H16
05,1,1 05,1,2 05,2,0 05,2,1 05,2,2 06,2,2 H06
04,3,0 05,3,0 05,3,2 06,2,1 06,3,1 06,3,2 L26
09,0,0 09,0,2 10,0,0 10,0,2 11,0,1 11,0,2 L06
07,2,0 07,2,1 08,0,0 08,0,1 08,1,1 08,1,2 S16
06,3,0 07,3,0 07,3,2 08,2,1 08,2,2 08,3,2 Y26
08,1,0 09,0,1 09,1,0 09,1,2 10,0,1 10,1,2 U06
08,2,0 09,1,1 09,2,0 09,2,2 10,1,0 10,1,1 C06
07,3,1 07,4,0 07,4,2 08,3,0 08,3,1 09,2,1 J06
06,8,0 06,8,1 06,8,2 06,9,0 06,9,2 07,8,1 Q16
05,8,0 06,7,0 06,7,1 07,7,1 07,7,2 07,8,2 V06
04,8,0 04,8,1 05,8,1 05,8,2 05,9,0 05,9,2 S06
02,9,0 02,9,2 03,9,0 03,9,2 04,9,0 04,9,2 I06
05,6,0 06,5,1 06,6,0 06,6,2 07,6,1 07,6,2 S26
05,6,1 05,7,0 05,7,1 05,7,2 06,6,1 06,7,2 X16
06,4,1 06,5,0 06,5,2 07,4,1 07,5,1 07,5,2 R16
04,4,0 05,3,1 05,4,0 05,4,2 06,4,0 06,4,2 L16
03,5,0 03,5,1 04,4,1 04,4,2 04,5,0 04,5,2 Y06
04,6,0 05,4,1 05,5,0 05,5,1 05,5,2 05,6,2 X06
02,7,0 02,7,2 03,7,1 03,7,2 03,8,1 03,8,2 W06
03,6,0 03,6,1 03,7,0 04,5,1 04,6,1 04,6,2 Q26
01,7,0 01,7,1 01,8,2 02,6,0 02,6,1 03,6,2 M06
00,8,0 00,8,1 00,9,0 00,9,2 01,8,0 01,8,1 Q06
01,9,0 01,9,2 02,7,1 02,8,0 02,8,1 02,8,2 R06

                                      _Q16
                                     Q16  Q16
                                _S06/      \
                               S06  Q16    V06
                          _I06/      \_Q16/
                         I06  S06    Q16  V06
                    _I06/      \_V06/      \
                   I06  S06    S06  V06    V06
              _I06/      \_S06/      \_V06/
             I06  W06         X16    X16  S26
        _R06/      \           \_X16/      \
       R06  R06    W06         X16  X16    S26
  _Q06/      \_R06/           /      \_S26/
 Q06  Q06    R06  W06         X16    S26  R16
/      \_Q06/      \_Q26       \_S26/      \
Q06    M06  R06    W06  Q26    X06  S26    R16
 \_Q06/      \_W06/      \_X06/      \_R16/
      M06    W06  Q26    Q26  X06    R16  R16
       \_M06/      \_Q26/      \_X06/      \_J06
            M06    M06  Q26    X06  R16    J06  J06
             \_M06/      \_Y06/      \_L16/      \_J06
                  Y06    Y06  X06    L16  J06    Y26  J06
                   \_Y06/      \_L16/      \_Y26/      \_C06
                        Y06    L16  L26    Y26  Y26    C06  C06
                         \_L16/      \_Y26/      \_C06/      \_C06
                         Y06  L16    L26  S16    Y26  C06    U06  L06
                        /      \_L26/      \_S16/      \_U06/      \
                        H16    L26  L26         S16    U06  U06    L06
                         \_L26/      \           \_U06/      \_L06/
                         H16  H06    H06         S16  U06    L06
                        /      \_H06/           /      \_L06/
                        H16    H06  F06         S16    L06
                         \_H16/      \_Y16       \_S16/
                         H16  H06    F06  Y16    Y16
                        /      \_F06/      \_Y16/
                        H16    H06  F06    Y16
                         \_O06/      \_Y16/
                         O06  O06    F06
                        /      \_F06/
                        O06    O06
                         \_O06/

solution 8 (195,670,388 searches):
04,0,0 04,0,1 04,1,0 04,1,2 05,0,1 05,0,2 O06
05,0,0 05,1,0 06,0,1 06,0,2 06,1,1 06,1,2 F06
06,0,0 06,1,0 07,0,0 07,0,1 07,0,2 08,0,2 Y16
04,1,1 04,2,0 04,2,1 04,2,2 04,3,1 04,3,2 H16
05,1,1 05,1,2 05,2,0 05,2,1 05,2,2 06,2,2 H06
04,3,0 05,3,0 05,3,2 06,2,1 06,3,1 06,3,2 L26
10,0,0 10,0,2 10,1,0 10,1,2 11,0,1 11,0,2 Q06
07,4,0 08,3,0 08,3,1 09,2,0 09,2,1 10,1,1 I06
08,1,0 08,1,1 09,1,0 09,1,1 09,1,2 10,0,1 R16
08,0,0 08,0,1 08,1,2 09,0,0 09,0,1 09,0,2 Q16
06,3,0 07,2,0 07,2,1 08,2,0 08,2,2 09,2,2 W06
07,3,0 07,3,1 07,3,2 07,4,2 08,2,1 08,3,2 X16
06,9,0 06,9,2 07,7,1 07,7,2 07,8,1 07,8,2 J06
00,8,0 00,8,1 00,9,2 01,7,0 01,7,1 02,7,2 M06
02,6,0 02,6,1 03,5,0 03,5,1 04,4,1 04,4,2 L06
04,4,0 05,3,1 05,4,0 05,4,1 05,4,2 06,4,2 X06
05,6,0 06,4,0 06,4,1 06,5,1 06,5,2 06,6,2 S26
06,5,0 06,6,0 06,6,1 07,4,1 07,5,1 07,5,2 C06
05,7,0 05,7,1 06,7,0 06,7,2 07,6,1 07,6,2 S06
03,7,0 04,6,0 04,6,1 05,6,1 05,6,2 05,7,2 V06
04,5,0 04,5,1 04,5,2 05,5,0 05,5,1 05,5,2 U06
03,6,0 03,6,1 03,6,2 03,7,1 03,7,2 04,6,2 Y26
01,8,0 01,8,2 02,7,0 02,7,1 02,8,1 02,8,2 Y06
00,9,0 01,8,1 01,9,0 01,9,2 02,9,0 02,9,2 L16
02,8,0 03,8,1 03,8,2 03,9,0 03,9,2 04,9,2 S16
05,9,0 05,9,2 06,7,1 06,8,0 06,8,1 06,8,2 R06
04,8,0 04,8,1 04,9,0 05,8,0 05,8,1 05,8,2 Q26

                                      _J06
                                     J06  J06
                                _R06/      \
                               R06  R06    J06
                          _Q26/      \_R06/
                         S16  Q26    R06  J06
                    _S16/      \_Q26/      \
                   S16  Q26    Q26  R06    J06
              _L16/      \_Q26/      \_S06/
             L16  S16         S06    S06  S06
        _L16/      \           \_S06/      \
       L16  Y06    S16         V06  C06    S06
  _L16/      \_S16/           /      \_C06/
 M06  L16    Y06  Y26         V06    S26  C06
/      \_Y06/      \_V06       \_S26/      \
M06    Y06  Y06    Y26  V06    V06  S26    C06
 \_M06/      \_Y06/      \_V06/      \_C06/
      M06    M06  Y26    Y26  U06    S26  C06
       \_M06/      \_Y26/      \_U06/      \_I06
            L06    Y26  U06    U06  S26    X16  I06
             \_L06/      \_U06/      \_S26/      \_I06
                  L06    U06  X06    X06  X16    X16  I06
                   \_L06/      \_X06/      \_X16/      \_I06
                        L06    X06  L26    X16  X16    W06  I06
                         \_X06/      \_W06/      \_W06/      \_Q06
                         L06  X06    L26  W06    W06  R16    Q06  Q06
                        /      \_L26/      \_W06/      \_R16/      \
                        H16    L26  L26         R16    R16  R16    Q06
                         \_L26/      \           \_R16/      \_Q06/
                         H16  H06    H06         Q16  Q16    Q06
                        /      \_H06/           /      \_Q16/
                        H16    H06  F06         Q16    Q16
                         \_H16/      \_Y16       \_Q16/
                         H16  H06    F06  Y16    Y16
                        /      \_F06/      \_Y16/
                        H16    H06  F06    Y16
                         \_O06/      \_Y16/
                         O06  O06    F06
                        /      \_F06/
                        O06    O06
                         \_O06/

solution 9 (200,041,165 searches):
04,0,0 04,0,1 04,1,0 04,1,2 05,0,1 05,0,2 O06
05,0,0 05,1,0 06,0,1 06,0,2 06,1,1 06,1,2 F06
06,0,0 06,1,0 07,0,0 07,0,1 07,0,2 08,0,2 Y16
04,1,1 04,2,0 04,2,1 04,2,2 04,3,1 04,3,2 H16
05,1,1 05,1,2 05,2,0 05,2,1 05,2,2 06,2,2 H06
04,3,0 05,3,0 05,3,2 06,2,1 06,3,1 06,3,2 L26
10,0,0 10,0,2 10,1,0 10,1,2 11,0,1 11,0,2 Q06
08,2,0 08,2,1 08,3,2 09,2,0 09,2,2 10,1,1 S06
07,4,0 07,4,1 07,4,2 08,3,0 08,3,1 09,2,1 L16
08,1,0 09,0,1 09,1,0 09,1,1 09,1,2 10,0,1 X16
08,0,0 08,0,1 08,1,1 08,1,2 09,0,0 09,0,2 V06
06,3,0 07,2,0 07,2,1 07,3,0 07,3,2 08,2,2 Q26
05,3,1 05,4,0 05,4,2 06,4,0 06,4,2 07,3,1 M06
03,5,0 03,5,1 04,4,0 04,4,1 04,4,2 04,5,2 X06
05,9,0 05,9,2 06,9,0 06,9,2 07,8,1 07,8,2 J06
00,8,1 00,9,0 00,9,2 01,8,0 01,8,1 01,8,2 Q16
00,8,0 01,7,0 01,7,1 02,6,0 02,6,1 03,6,2 L06
01,9,0 01,9,2 02,7,1 02,8,0 02,8,1 02,8,2 R06
02,9,0 02,9,2 03,9,0 03,9,2 04,9,0 04,9,2 I06
03,7,0 03,7,1 03,8,1 03,8,2 04,6,0 04,6,1 W06
02,7,0 02,7,2 03,6,0 03,6,1 03,7,2 04,6,2 R16
04,5,0 04,5,1 05,4,1 05,5,1 05,5,2 05,6,2 Y26
04,8,0 04,8,1 05,6,0 05,6,1 05,7,1 05,7,2 S16
05,5,0 06,4,1 06,5,0 06,5,2 07,5,1 07,5,2 S26
05,7,0 06,5,1 06,6,0 06,6,1 06,6,2 07,6,2 Y06
05,8,0 05,8,1 05,8,2 06,7,0 06,7,1 06,7,2 U06
06,8,0 06,8,1 06,8,2 07,6,1 07,7,1 07,7,2 C06

                                      _J06
                                     J06  J06
                                _J06/      \
                               J06  C06    J06
                          _I06/      \_C06/
                         I06  U06    C06  C06
                    _I06/      \_U06/      \
                   I06  S16    U06  U06    C06
              _I06/      \_S16/      \_U06/
             I06  W06         S16    U06  C06
        _R06/      \           \_Y06/      \
       R06  R06    W06         S16  Y06    Y06
  _Q16/      \_R06/           /      \_Y06/
 Q16  Q16    R06  W06         S16    Y06  S26
/      \_Q16/      \_W06       \_S16/      \
Q16    Q16  R06    R16  W06    Y26  Y06    S26
 \_L06/      \_R16/      \_W06/      \_S26/
      L06    R16  R16    R16  Y26    S26  L16
       \_L06/      \_R16/      \_S26/      \_L16
            L06    L06  Y26    Y26  S26    L16  L16
             \_L06/      \_Y26/      \_M06/      \_L16
                  X06    X06  Y26    M06  M06    S06  L16
                   \_X06/      \_M06/      \_Q26/      \_S06
                        X06    M06  L26    Q26  S06    S06  S06
                         \_X06/      \_Q26/      \_S06/      \_Q06
                         X06  M06    L26  Q26    Q26  X16    Q06  Q06
                        /      \_L26/      \_Q26/      \_X16/      \
                        H16    L26  L26         V06    X16  X16    Q06
                         \_L26/      \           \_X16/      \_Q06/
                         H16  H06    H06         V06  X16    Q06
                        /      \_H06/           /      \_V06/
                        H16    H06  F06         V06    V06
                         \_H16/      \_Y16       \_V06/
                         H16  H06    F06  Y16    Y16
                        /      \_F06/      \_Y16/
                        H16    H06  F06    Y16
                         \_O06/      \_Y16/
                         O06  O06    F06
                        /      \_F06/
                        O06    O06
                         \_O06/

solution 10 (366,267,450 searches):
04,0,0 04,0,1 04,1,0 04,1,2 05,0,1 05,0,2 O06
05,0,0 05,1,0 06,0,1 06,0,2 06,1,1 06,1,2 F06
06,0,0 06,1,0 07,0,0 07,0,1 07,0,2 08,0,2 Y16
04,1,1 04,2,0 04,2,1 04,2,2 04,3,1 04,3,2 H16
05,1,1 05,1,2 05,2,0 05,2,1 05,2,2 06,2,2 H06
04,3,0 04,4,0 04,4,1 04,4,2 05,3,1 05,3,2 Q16
09,0,0 09,0,2 10,0,0 10,0,2 11,0,1 11,0,2 L06
07,2,0 07,2,1 08,0,0 08,0,1 08,1,1 08,1,2 S16
05,3,0 05,4,0 06,2,1 06,3,1 06,3,2 06,4,2 U06
06,3,0 07,3,0 07,3,1 07,3,2 07,4,0 07,4,2 R16
08,2,0 08,2,1 08,2,2 08,3,1 08,3,2 09,2,2 Y26
08,3,0 09,2,0 09,2,1 10,1,0 10,1,1 10,1,2 L16
08,1,0 09,0,1 09,1,0 09,1,1 09,1,2 10,0,1 X16
03,5,0 03,5,1 04,5,0 04,5,2 05,4,1 05,4,2 S06
05,5,0 05,5,2 06,4,0 06,4,1 06,5,1 06,5,2 Y06
06,5,0 06,6,0 06,6,1 07,4,1 07,5,1 07,5,2 C06
04,6,0 05,5,1 05,6,0 05,6,1 05,6,2 06,6,2 X06
05,8,0 06,7,0 06,7,1 06,8,2 07,6,1 07,6,2 S26
04,8,0 04,8,1 05,7,0 05,7,1 05,7,2 06,7,2 L26
06,9,0 06,9,2 07,7,1 07,7,2 07,8,1 07,8,2 J06
05,8,1 05,8,2 05,9,0 05,9,2 06,8,0 06,8,1 V06
02,9,0 02,9,2 03,9,0 03,9,2 04,9,0 04,9,2 I06
02,7,0 02,7,2 03,7,1 03,7,2 03,8,1 03,8,2 W06
03,6,0 03,6,1 03,7,0 04,5,1 04,6,1 04,6,2 Q26
01,7,0 01,7,1 01,8,2 02,6,0 02,6,1 03,6,2 M06
00,8,0 00,8,1 00,9,0 00,9,2 01,8,0 01,8,1 Q06
01,9,0 01,9,2 02,7,1 02,8,0 02,8,1 02,8,2 R06

                                      _J06
                                     J06  J06
                                _V06/      \
                               V06  V06    J06
                          _I06/      \_V06/
                         I06  V06    S26  J06
                    _I06/      \_S26/      \
                   I06  L26    V06  S26    J06
              _I06/      \_L26/      \_S26/
             I06  W06         L26    L26  S26
        _R06/      \           \_L26/      \
       R06  R06    W06         L26  C06    S26
  _Q06/      \_R06/           /      \_C06/
 Q06  Q06    R06  W06         X06    X06  C06
/      \_Q06/      \_Q26       \_X06/      \
Q06    M06  R06    W06  Q26    X06  Y06    C06
 \_Q06/      \_W06/      \_X06/      \_C06/
      M06    W06  Q26    Q26  X06    Y06  C06
       \_M06/      \_Q26/      \_Y06/      \_R16
            M06    M06  Q26    Y06  Y06    R16  Y26
             \_M06/      \_S06/      \_Y06/      \_L16
                  S06    S06  S06    U06  R16    Y26  L16
                   \_S06/      \_U06/      \_R16/      \_L16
                        Q16    S06  U06    R16  Y26    Y26  L16
                         \_Q16/      \_R16/      \_Y26/      \_L16
                         Q16  Q16    U06  S16    Y26  X16    L16  L06
                        /      \_U06/      \_S16/      \_X16/      \
                        H16    Q16  U06         S16    X16  X16    L06
                         \_Q16/      \           \_X16/      \_L06/
                         H16  H06    H06         S16  X16    L06
                        /      \_H06/           /      \_L06/
                        H16    H06  F06         S16    L06
                         \_H16/      \_Y16       \_S16/
                         H16  H06    F06  Y16    Y16
                        /      \_F06/      \_Y16/
                        H16    H06  F06    Y16
                         \_O06/      \_Y16/
                         O06  O06    F06
                        /      \_F06/
                        O06    O06
                         \_O06/

solution 11 (480,559,365 searches):
04,0,0 04,0,1 04,1,0 04,1,2 05,0,1 05,0,2 O06
05,0,0 05,1,0 06,0,1 06,0,2 06,1,1 06,1,2 F06
06,0,0 06,1,0 07,0,0 07,0,1 07,0,2 08,0,2 Y16
04,1,1 04,2,0 04,2,1 04,2,2 04,3,1 04,3,2 H16
05,1,1 05,1,2 05,2,0 05,2,1 05,2,2 06,2,2 H06
04,3,0 04,4,0 04,4,2 05,3,0 05,3,1 05,3,2 Q26
06,2,1 06,3,0 06,3,2 07,2,0 07,2,1 07,3,2 R06
08,0,0 08,0,1 08,1,1 08,1,2 08,2,2 09,0,2 J06
09,1,0 10,0,0 10,1,0 10,1,2 11,0,1 11,0,2 Q06
08,1,0 09,0,0 09,0,1 09,1,2 10,0,1 10,0,2 Q16
08,2,0 08,2,1 09,1,1 09,2,0 09,2,2 10,1,1 R16
07,3,0 07,3,1 07,4,2 08,3,0 08,3,2 09,2,1 S06
06,5,0 06,5,1 06,6,2 07,4,0 07,4,1 08,3,1 L06
05,7,0 06,6,0 06,6,1 06,7,2 07,5,1 07,5,2 S26
06,8,0 07,6,1 07,6,2 07,7,1 07,7,2 07,8,2 L16
05,8,1 05,9,0 05,9,2 06,9,0 06,9,2 07,8,1 M06
05,8,0 05,8,2 06,7,0 06,7,1 06,8,1 06,8,2 Y06
03,8,1 03,8,2 03,9,0 03,9,2 04,9,0 04,9,2 W06
04,8,0 04,8,1 05,6,0 05,6,1 05,7,1 05,7,2 S16
00,9,0 00,9,2 01,9,0 01,9,2 02,9,0 02,9,2 I06
00,8,0 00,8,1 01,7,1 01,8,0 01,8,1 01,8,2 X16
02,7,1 02,7,2 02,8,0 02,8,1 02,8,2 03,7,1 Y26
01,7,0 02,6,0 02,6,1 03,6,0 03,6,1 03,6,2 C06
03,5,0 03,5,1 04,4,1 04,5,0 04,5,2 05,5,2 L26
02,7,0 03,7,0 03,7,2 04,5,1 04,6,1 04,6,2 V06
04,6,0 05,5,0 05,5,1 05,6,2 06,4,1 06,5,2 U06
05,4,0 05,4,1 05,4,2 06,3,1 06,4,0 06,4,2 X06

                                      _M06
                                     M06  M06
                                _M06/      \
                               M06  Y06    L16
                          _W06/      \_L16/
                         W06  M06    Y06  L16
                    _W06/      \_Y06/      \
                   W06  S16    Y06  Y06    L16
              _I06/      \_S16/      \_Y06/
             I06  W06         S16    S26  L16
        _I06/      \           \_S26/      \
       I06  Y26    W06         S16  S26    L16
  _I06/      \_Y26/           /      \_S26/
 I06  X16    Y26  Y26         S16    L06  S26
/      \_X16/      \_V06       \_S16/      \
X16    X16  Y26    V06  V06    U06  L06    S26
 \_X16/      \_V06/      \_U06/      \_L06/
      X16    Y26  C06    V06  U06    U06  L06
       \_C06/      \_C06/      \_U06/      \_L06
            C06    C06  V06    L26  U06    S06  L06
             \_C06/      \_L26/      \_X06/      \_S06
                  L26    L26  X06    X06  S06    S06  S06
                   \_L26/      \_X06/      \_S06/      \_R16
                        L26    X06  X06    R06  R16    R16  R16
                         \_Q26/      \_R06/      \_R16/      \_Q06
                         Q26  Q26    R06  R06    J06  R16    Q06  Q06
                        /      \_Q26/      \_R06/      \_Q06/      \
                        H16    Q26  R06         J06    Q16  Q16    Q06
                         \_Q26/      \           \_Q16/      \_Q06/
                         H16  H06    H06         J06  Q16    Q16
                        /      \_H06/           /      \_Q16/
                        H16    H06  F06         J06    J06
                         \_H16/      \_Y16       \_J06/
                         H16  H06    F06  Y16    Y16
                        /      \_F06/      \_Y16/
                        H16    H06  F06    Y16
                         \_O06/      \_Y16/
                         O06  O06    F06
                        /      \_F06/
                        O06    O06
                         \_O06/

solution 12 (758,107,574 searches):
04,0,0 04,0,1 04,1,0 04,1,2 05,0,1 05,0,2 O06
05,0,0 05,1,0 06,0,1 06,0,2 06,1,1 06,1,2 F06
06,0,0 06,1,0 07,0,0 07,0,1 07,0,2 08,0,2 Y16
04,1,1 04,2,0 04,2,1 04,2,2 04,3,1 04,3,2 H16
05,1,1 05,1,2 05,2,0 05,2,1 05,2,2 06,2,2 H06
04,3,0 04,4,0 04,4,2 05,3,1 05,3,2 05,4,2 Q26
05,3,0 06,2,1 06,3,0 06,3,2 07,2,0 07,2,1 C06
09,0,0 09,0,2 10,0,0 10,0,2 11,0,1 11,0,2 L06
08,0,0 08,0,1 08,1,0 08,1,2 09,0,1 09,1,2 Q16
09,2,0 09,2,2 10,0,1 10,1,0 10,1,1 10,1,2 R06
08,1,1 08,2,0 08,2,1 08,2,2 09,1,0 09,1,1 Y26
07,4,0 07,4,1 07,4,2 08,3,0 08,3,1 09,2,1 L16
06,4,0 06,4,2 07,3,0 07,3,1 07,3,2 08,3,2 R16
05,4,0 05,4,1 05,5,1 05,5,2 05,6,2 06,3,1 W06
05,5,0 06,4,1 06,5,0 06,5,2 07,5,1 07,5,2 S26
03,5,0 03,5,1 04,4,1 04,5,0 04,5,1 04,5,2 X16
03,7,0 03,7,1 03,7,2 04,6,0 04,6,1 04,6,2 U06
02,7,0 02,7,1 02,7,2 02,8,2 03,6,0 03,6,1 L26
01,7,0 01,7,1 01,8,2 02,6,0 02,6,1 03,6,2 M06
00,8,0 00,8,1 00,9,0 00,9,2 01,8,0 01,8,1 Q06
01,9,0 01,9,2 02,8,0 02,8,1 03,8,1 03,8,2 S06
02,9,0 02,9,2 03,9,0 03,9,2 04,9,0 04,9,2 I06
04,8,0 04,8,1 05,6,0 05,6,1 05,7,1 05,7,2 S16
05,7,0 06,5,1 06,6,0 06,6,1 06,6,2 07,6,2 Y06
05,8,0 06,7,0 06,7,1 06,7,2 06,8,2 07,6,1 X06
06,9,0 06,9,2 07,7,1 07,7,2 07,8,1 07,8,2 J06
05,8,1 05,8,2 05,9,0 05,9,2 06,8,0 06,8,1 V06

                                      _J06
                                     J06  J06
                                _V06/      \
                               V06  V06    J06
                          _I06/      \_V06/
                         I06  V06    X06  J06
                    _I06/      \_X06/      \
                   I06  S16    V06  X06    J06
              _I06/      \_S16/      \_X06/
             I06  S06         S16    X06  X06
        _S06/      \           \_Y06/      \
       S06  S06    S06         S16  Y06    Y06
  _Q06/      \_S06/           /      \_Y06/
 Q06  Q06    L26  U06         S16    Y06  S26
/      \_Q06/      \_U06       \_S16/      \
Q06    M06  L26    U06  U06    W06  Y06    S26
 \_Q06/      \_L26/      \_U06/      \_S26/
      M06    L26  L26    U06  W06    S26  L16
       \_M06/      \_L26/      \_S26/      \_L16
            M06    M06  X16    W06  S26    L16  L16
             \_M06/      \_X16/      \_R16/      \_L16
                  X16    X16  W06    R16  R16    R16  L16
                   \_X16/      \_W06/      \_R16/      \_R06
                        X16    Q26  W06    R16  Y26    R06  R06
                         \_Q26/      \_C06/      \_Y26/      \_R06
                         Q26  Q26    C06  C06    Y26  Y26    R06  L06
                        /      \_C06/      \_C06/      \_Y26/      \
                        H16    Q26  C06         Y26    Q16  R06    L06
                         \_Q26/      \           \_Q16/      \_L06/
                         H16  H06    H06         Q16  Q16    L06
                        /      \_H06/           /      \_L06/
                        H16    H06  F06         Q16    L06
                         \_H16/      \_Y16       \_Q16/
                         H16  H06    F06  Y16    Y16
                        /      \_F06/      \_Y16/
                        H16    H06  F06    Y16
                         \_O06/      \_Y16/
                         O06  O06    F06
                        /      \_F06/
                        O06    O06
                         \_O06/

solution 13 (763,035,246 searches):
04,0,0 04,0,1 04,1,0 04,1,2 05,0,1 05,0,2 O06
05,0,0 05,1,0 06,0,1 06,0,2 06,1,1 06,1,2 F06
06,0,0 06,1,0 07,0,0 07,0,1 07,0,2 08,0,2 Y16
04,1,1 04,2,0 04,2,1 04,2,2 04,3,1 04,3,2 H16
05,1,1 05,1,2 05,2,0 05,2,1 05,2,2 06,2,2 H06
04,3,0 04,4,0 04,4,2 05,3,1 05,3,2 05,4,2 Q26
05,3,0 06,2,1 06,3,0 06,3,2 07,2,0 07,2,1 C06
09,0,0 09,0,1 10,0,0 10,0,2 11,0,1 11,0,2 M06
08,0,0 08,0,1 08,1,0 08,1,2 09,0,2 09,1,2 Q06
09,2,0 09,2,2 10,0,1 10,1,0 10,1,1 10,1,2 R06
08,1,1 08,2,0 08,2,1 08,2,2 09,1,0 09,1,1 Y26
07,4,0 07,4,1 07,4,2 08,3,0 08,3,1 09,2,1 L16
06,4,0 06,4,2 07,3,0 07,3,1 07,3,2 08,3,2 R16
05,4,0 05,4,1 05,5,1 05,5,2 05,6,2 06,3,1 W06
05,5,0 06,4,1 06,5,0 06,5,2 07,5,1 07,5,2 S26
03,5,0 03,5,1 04,4,1 04,5,0 04,5,1 04,5,2 X16
03,7,0 03,7,1 03,7,2 04,6,0 04,6,1 04,6,2 U06
02,7,0 02,7,1 02,7,2 02,8,2 03,6,0 03,6,1 L26
00,8,0 01,7,0 01,7,1 02,6,0 02,6,1 03,6,2 L06
00,8,1 00,9,0 00,9,2 01,8,0 01,8,1 01,8,2 Q16
01,9,0 01,9,2 02,8,0 02,8,1 03,8,1 03,8,2 S06
02,9,0 02,9,2 03,9,0 03,9,2 04,9,0 04,9,2 I06
04,8,0 04,8,1 05,6,0 05,6,1 05,7,1 05,7,2 S16
05,7,0 06,5,1 06,6,0 06,6,1 06,6,2 07,6,2 Y06
05,8,0 06,7,0 06,7,1 06,7,2 06,8,2 07,6,1 X06
06,9,0 06,9,2 07,7,1 07,7,2 07,8,1 07,8,2 J06
05,8,1 05,8,2 05,9,0 05,9,2 06,8,0 06,8,1 V06

                                      _J06
                                     J06  J06
                                _V06/      \
                               V06  V06    J06
                          _I06/      \_V06/
                         I06  V06    X06  J06
                    _I06/      \_X06/      \
                   I06  S16    V06  X06    J06
              _I06/      \_S16/      \_X06/
             I06  S06         S16    X06  X06
        _S06/      \           \_Y06/      \
       S06  S06    S06         S16  Y06    Y06
  _Q16/      \_S06/           /      \_Y06/
 Q16  Q16    L26  U06         S16    Y06  S26
/      \_Q16/      \_U06       \_S16/      \
Q16    Q16  L26    U06  U06    W06  Y06    S26
 \_L06/      \_L26/      \_U06/      \_S26/
      L06    L26  L26    U06  W06    S26  L16
       \_L06/      \_L26/      \_S26/      \_L16
            L06    L06  X16    W06  S26    L16  L16
             \_L06/      \_X16/      \_R16/      \_L16
                  X16    X16  W06    R16  R16    R16  L16
                   \_X16/      \_W06/      \_R16/      \_R06
                        X16    Q26  W06    R16  Y26    R06  R06
                         \_Q26/      \_C06/      \_Y26/      \_R06
                         Q26  Q26    C06  C06    Y26  Y26    R06  M06
                        /      \_C06/      \_C06/      \_Y26/      \
                        H16    Q26  C06         Y26    Q06  R06    M06
                         \_Q26/      \           \_Q06/      \_M06/
                         H16  H06    H06         Q06  M06    M06
                        /      \_H06/           /      \_M06/
                        H16    H06  F06         Q06    Q06
                         \_H16/      \_Y16       \_Q06/
                         H16  H06    F06  Y16    Y16
                        /      \_F06/      \_Y16/
                        H16    H06  F06    Y16
                         \_O06/      \_Y16/
                         O06  O06    F06
                        /      \_F06/
                        O06    O06
                         \_O06/

solution 14 (772,955,172 searches):
04,0,0 04,0,1 04,1,0 04,1,2 05,0,1 05,0,2 O06
05,0,0 05,1,0 06,0,1 06,0,2 06,1,1 06,1,2 F06
06,0,0 06,1,0 07,0,0 07,0,1 07,0,2 08,0,2 Y16
04,1,1 04,2,0 04,2,1 04,2,2 04,3,1 04,3,2 H16
05,1,1 05,1,2 05,2,0 05,2,1 05,2,2 06,2,2 H06
04,3,0 04,4,0 04,4,2 05,3,1 05,3,2 05,4,2 Q26
05,3,0 06,2,1 06,3,0 06,3,2 07,2,0 07,2,1 C06
09,1,0 10,0,0 10,0,1 10,1,0 11,0,1 11,0,2 Q06
08,3,0 08,3,2 09,2,0 09,2,1 10,1,1 10,1,2 M06
08,0,0 08,0,1 08,1,2 09,0,0 09,0,2 10,0,2 J06
08,1,0 08,1,1 09,0,1 09,1,1 09,1,2 09,2,2 Y26
07,3,0 07,3,1 07,3,2 08,2,0 08,2,1 08,2,2 U06
06,4,0 06,4,2 07,4,0 07,4,1 07,4,2 08,3,1 L26
05,4,0 05,4,1 05,5,1 05,5,2 05,6,2 06,3,1 W06
05,5,0 06,4,1 06,5,0 06,5,2 07,5,1 07,5,2 S26
02,6,0 02,6,1 03,5,0 03,5,1 04,4,1 04,5,2 L16
03,7,0 04,5,0 04,5,1 04,6,0 04,6,1 04,6,2 R16
02,7,0 03,6,0 03,6,1 03,6,2 03,7,1 03,7,2 X06
05,7,0 06,5,1 06,6,0 06,6,1 06,6,2 07,6,2 Y06
04,8,0 04,8,1 05,6,0 05,6,1 05,7,1 05,7,2 S16
05,8,1 05,9,0 05,9,2 06,8,0 06,8,1 06,9,2 R06
06,9,0 07,6,1 07,7,1 07,7,2 07,8,1 07,8,2 L06
05,8,0 05,8,2 06,7,0 06,7,1 06,7,2 06,8,2 X16
02,9,0 02,9,2 03,9,0 03,9,2 04,9,0 04,9,2 I06
01,9,0 01,9,2 02,8,0 02,8,1 03,8,1 03,8,2 S06
00,8,0 01,7,0 01,7,1 02,7,1 02,7,2 02,8,2 V06
00,8,1 00,9,0 00,9,2 01,8,0 01,8,1 01,8,2 Q16

                                      _L06
                                     R06  L06
                                _R06/      \
                               R06  R06    L06
                          _I06/      \_R06/
                         I06  R06    X16  L06
                    _I06/      \_X16/      \
                   I06  S16    X16  X16    L06
              _I06/      \_S16/      \_X16/
             I06  S06         S16    X16  L06
        _S06/      \           \_Y06/      \
       S06  S06    S06         S16  Y06    Y06
  _Q16/      \_S06/           /      \_Y06/
 Q16  Q16    V06  X06         S16    Y06  S26
/      \_Q16/      \_R16       \_S16/      \
Q16    Q16  V06    X06  R16    W06  Y06    S26
 \_V06/      \_X06/      \_R16/      \_S26/
      V06    V06  X06    R16  W06    S26  L26
       \_V06/      \_X06/      \_S26/      \_L26
            L16    X06  R16    W06  S26    L26  L26
             \_L16/      \_R16/      \_L26/      \_M06
                  L16    L16  W06    L26  U06    M06  M06
                   \_L16/      \_W06/      \_U06/      \_M06
                        L16    Q26  W06    U06  U06    Y26  M06
                         \_Q26/      \_C06/      \_U06/      \_Q06
                         Q26  Q26    C06  C06    U06  Y26    M06  Q06
                        /      \_C06/      \_C06/      \_Q06/      \
                        H16    Q26  C06         Y26    Y26  Q06    Q06
                         \_Q26/      \           \_Y26/      \_Q06/
                         H16  H06    H06         J06  Y26    J06
                        /      \_H06/           /      \_J06/
                        H16    H06  F06         J06    J06
                         \_H16/      \_Y16       \_J06/
                         H16  H06    F06  Y16    Y16
                        /      \_F06/      \_Y16/
                        H16    H06  F06    Y16
                         \_O06/      \_Y16/
                         O06  O06    F06
                        /      \_F06/
                        O06    O06
                         \_O06/

solution 15 (773,029,954 searches):
04,0,0 04,0,1 04,1,0 04,1,2 05,0,1 05,0,2 O06
05,0,0 05,1,0 06,0,1 06,0,2 06,1,1 06,1,2 F06
06,0,0 06,1,0 07,0,0 07,0,1 07,0,2 08,0,2 Y16
04,1,1 04,2,0 04,2,1 04,2,2 04,3,1 04,3,2 H16
05,1,1 05,1,2 05,2,0 05,2,1 05,2,2 06,2,2 H06
04,3,0 04,4,0 04,4,2 05,3,1 05,3,2 05,4,2 Q26
05,3,0 06,2,1 06,3,0 06,3,2 07,2,0 07,2,1 C06
09,1,0 10,0,0 10,0,1 10,1,0 11,0,1 11,0,2 Q06
08,3,0 08,3,2 09,2,0 09,2,1 10,1,1 10,1,2 M06
08,0,0 08,0,1 08,1,2 09,0,0 09,0,2 10,0,2 J06
08,1,0 08,1,1 09,0,1 09,1,1 09,1,2 09,2,2 Y26
07,3,0 07,3,1 07,3,2 08,2,0 08,2,1 08,2,2 U06
06,4,0 06,4,1 06,4,2 07,4,0 07,4,2 08,3,1 S26
05,4,0 05,4,1 05,5,1 05,5,2 05,6,2 06,3,1 W06
05,5,0 06,5,0 06,5,2 07,4,1 07,5,1 07,5,2 L26
02,6,0 02,6,1 03,5,0 03,5,1 04,4,1 04,5,2 L16
03,7,0 04,5,0 04,5,1 04,6,0 04,6,1 04,6,2 R16
02,7,0 03,6,0 03,6,1 03,6,2 03,7,1 03,7,2 X06
05,7,0 06,5,1 06,6,0 06,6,1 06,6,2 07,6,2 Y06
04,8,0 04,8,1 05,6,0 05,6,1 05,7,1 05,7,2 S16
05,8,1 05,9,0 05,9,2 06,8,0 06,8,1 06,9,2 R06
06,9,0 07,6,1 07,7,1 07,7,2 07,8,1 07,8,2 L06
05,8,0 05,8,2 06,7,0 06,7,1 06,7,2 06,8,2 X16
02,9,0 02,9,2 03,9,0 03,9,2 04,9,0 04,9,2 I06
01,9,0 01,9,2 02,8,0 02,8,1 03,8,1 03,8,2 S06
00,8,0 01,7,0 01,7,1 02,7,1 02,7,2 02,8,2 V06
00,8,1 00,9,0 00,9,2 01,8,0 01,8,1 01,8,2 Q16

                                      _L06
                                     R06  L06
                                _R06/      \
                               R06  R06    L06
                          _I06/      \_R06/
                         I06  R06    X16  L06
                    _I06/      \_X16/      \
                   I06  S16    X16  X16    L06
              _I06/      \_S16/      \_X16/
             I06  S06         S16    X16  L06
        _S06/      \           \_Y06/      \
       S06  S06    S06         S16  Y06    Y06
  _Q16/      \_S06/           /      \_Y06/
 Q16  Q16    V06  X06         S16    Y06  L26
/      \_Q16/      \_R16       \_S16/      \
Q16    Q16  V06    X06  R16    W06  Y06    L26
 \_V06/      \_X06/      \_R16/      \_L26/
      V06    V06  X06    R16  W06    L26  L26
       \_V06/      \_X06/      \_L26/      \_S26
            L16    X06  R16    W06  S26    S26  S26
             \_L16/      \_R16/      \_S26/      \_M06
                  L16    L16  W06    S26  U06    M06  M06
                   \_L16/      \_W06/      \_U06/      \_M06
                        L16    Q26  W06    U06  U06    Y26  M06
                         \_Q26/      \_C06/      \_U06/      \_Q06
                         Q26  Q26    C06  C06    U06  Y26    M06  Q06
                        /      \_C06/      \_C06/      \_Q06/      \
                        H16    Q26  C06         Y26    Y26  Q06    Q06
                         \_Q26/      \           \_Y26/      \_Q06/
                         H16  H06    H06         J06  Y26    J06
                        /      \_H06/           /      \_J06/
                        H16    H06  F06         J06    J06
                         \_H16/      \_Y16       \_J06/
                         H16  H06    F06  Y16    Y16
                        /      \_F06/      \_Y16/
                        H16    H06  F06    Y16
                         \_O06/      \_Y16/
                         O06  O06    F06
                        /      \_F06/
                        O06    O06
                         \_O06/

solution 16 (773,032,490 searches):
04,0,0 04,0,1 04,1,0 04,1,2 05,0,1 05,0,2 O06
05,0,0 05,1,0 06,0,1 06,0,2 06,1,1 06,1,2 F06
06,0,0 06,1,0 07,0,0 07,0,1 07,0,2 08,0,2 Y16
04,1,1 04,2,0 04,2,1 04,2,2 04,3,1 04,3,2 H16
05,1,1 05,1,2 05,2,0 05,2,1 05,2,2 06,2,2 H06
04,3,0 04,4,0 04,4,2 05,3,1 05,3,2 05,4,2 Q26
05,3,0 06,2,1 06,3,0 06,3,2 07,2,0 07,2,1 C06
09,1,0 10,0,0 10,0,1 10,1,0 11,0,1 11,0,2 Q06
08,3,0 08,3,2 09,2,0 09,2,1 10,1,1 10,1,2 M06
08,0,0 08,0,1 08,1,2 09,0,0 09,0,2 10,0,2 J06
08,1,0 08,1,1 09,0,1 09,1,1 09,1,2 09,2,2 Y26
07,3,0 07,3,1 07,3,2 08,2,0 08,2,1 08,2,2 U06
06,4,0 06,4,1 06,4,2 07,4,0 07,4,2 08,3,1 S26
05,4,0 05,4,1 05,5,1 05,5,2 05,6,2 06,3,1 W06
05,5,0 06,5,0 06,5,1 06,5,2 06,6,2 07,4,1 Y06
04,8,0 04,8,1 05,6,0 05,6,1 05,7,1 05,7,2 S16
05,7,0 06,6,0 06,6,1 07,5,1 07,5,2 07,6,2 L26
06,9,0 07,6,1 07,7,1 07,7,2 07,8,1 07,8,2 L06
02,9,0 02,9,2 03,9,0 03,9,2 04,9,0 04,9,2 I06
01,9,0 01,9,2 02,8,0 02,8,1 03,8,1 03,8,2 S06
00,8,1 00,9,0 00,9,2 01,8,0 01,8,1 01,8,2 Q16
00,8,0 01,7,0 01,7,1 02,7,1 02,7,2 02,8,2 V06
02,6,0 02,6,1 03,5,0 03,5,1 04,4,1 04,5,2 L16
05,8,1 05,9,0 05,9,2 06,8,0 06,8,1 06,9,2 R06
05,8,0 05,8,2 06,7,0 06,7,1 06,7,2 06,8,2 X16
03,7,0 04,5,0 04,5,1 04,6,0 04,6,1 04,6,2 R16
02,7,0 03,6,0 03,6,1 03,6,2 03,7,1 03,7,2 X06

                                      _L06
                                     R06  L06
                                _R06/      \
                               R06  R06    L06
                          _I06/      \_R06/
                         I06  R06    X16  L06
                    _I06/      \_X16/      \
                   I06  S16    X16  X16    L06
              _I06/      \_S16/      \_X16/
             I06  S06         S16    X16  L06
        _S06/      \           \_L26/      \
       S06  S06    S06         S16  L26    L26
  _Q16/      \_S06/           /      \_L26/
 Q16  Q16    V06  X06         S16    Y06  L26
/      \_Q16/      \_R16       \_S16/      \
Q16    Q16  V06    X06  R16    W06  Y06    L26
 \_V06/      \_X06/      \_R16/      \_Y06/
      V06    V06  X06    R16  W06    Y06  Y06
       \_V06/      \_X06/      \_Y06/      \_S26
            L16    X06  R16    W06  S26    S26  S26
             \_L16/      \_R16/      \_S26/      \_M06
                  L16    L16  W06    S26  U06    M06  M06
                   \_L16/      \_W06/      \_U06/      \_M06
                        L16    Q26  W06    U06  U06    Y26  M06
                         \_Q26/      \_C06/      \_U06/      \_Q06
                         Q26  Q26    C06  C06    U06  Y26    M06  Q06
                        /      \_C06/      \_C06/      \_Q06/      \
                        H16    Q26  C06         Y26    Y26  Q06    Q06
                         \_Q26/      \           \_Y26/      \_Q06/
                         H16  H06    H06         J06  Y26    J06
                        /      \_H06/           /      \_J06/
                        H16    H06  F06         J06    J06
                         \_H16/      \_Y16       \_J06/
                         H16  H06    F06  Y16    Y16
                        /      \_F06/      \_Y16/
                        H16    H06  F06    Y16
                         \_O06/      \_Y16/
                         O06  O06    F06
                        /      \_F06/
                        O06    O06
                         \_O06/

solution 17 (996,226,676 searches):
04,0,0 04,0,1 04,1,0 04,1,2 05,0,1 05,0,2 O06
05,0,0 05,1,0 06,0,1 06,0,2 06,1,1 06,1,2 F06
06,0,0 06,1,0 07,0,0 07,0,1 07,0,2 08,0,2 Y16
04,1,1 04,2,0 04,2,1 04,2,2 04,3,1 04,3,2 H16
05,1,1 05,1,2 05,2,0 05,2,1 05,2,2 06,2,2 H06
04,3,0 04,4,0 05,3,1 05,3,2 05,4,0 05,4,2 R16
03,5,0 03,5,1 04,4,1 04,4,2 04,5,0 04,5,2 Y06
05,3,0 06,2,1 06,3,0 06,3,2 07,3,0 07,3,2 L16
07,2,0 07,2,1 08,0,0 08,0,1 08,1,1 08,1,2 S16
06,3,1 06,4,0 06,4,1 06,4,2 07,3,1 07,4,2 X16
05,4,1 05,5,0 05,5,1 05,5,2 06,5,0 06,5,2 L26
07,4,0 07,4,1 07,5,1 07,5,2 07,6,1 07,6,2 L06
08,2,1 08,2,2 08,3,0 08,3,1 08,3,2 09,2,1 Y26
09,0,0 09,0,2 09,1,0 10,0,1 10,0,2 10,1,2 C06
09,2,0 10,0,0 10,1,0 10,1,1 11,0,1 11,0,2 J06
08,1,0 08,2,0 09,0,1 09,1,1 09,1,2 09,2,2 U06
05,6,0 06,5,1 06,6,0 06,6,1 06,6,2 06,7,2 X06
04,6,0 05,6,1 05,6,2 05,7,0 05,7,1 05,7,2 S26
03,6,0 03,6,1 03,7,0 04,5,1 04,6,1 04,6,2 Q26
01,7,0 01,7,1 01,8,2 02,6,0 02,6,1 03,6,2 M06
00,8,0 00,8,1 00,9,0 00,9,2 01,8,0 01,8,1 Q06
02,7,0 02,7,2 03,7,1 03,7,2 03,8,1 03,8,2 W06
01,9,0 01,9,2 02,7,1 02,8,0 02,8,1 02,8,2 R06
02,9,0 02,9,2 03,9,0 03,9,2 04,9,0 04,9,2 I06
04,8,0 04,8,1 05,8,1 05,8,2 05,9,0 05,9,2 S06
05,8,0 06,7,0 06,7,1 07,7,1 07,7,2 07,8,2 V06
06,8,0 06,8,1 06,8,2 06,9,0 06,9,2 07,8,1 Q16

                                      _Q16
                                     Q16  Q16
                                _S06/      \
                               S06  Q16    V06
                          _I06/      \_Q16/
                         I06  S06    Q16  V06
                    _I06/      \_V06/      \
                   I06  S06    S06  V06    V06
              _I06/      \_S06/      \_V06/
             I06  W06         S26    X06  L06
        _R06/      \           \_S26/      \
       R06  R06    W06         S26  X06    L06
  _Q06/      \_R06/           /      \_X06/
 Q06  Q06    R06  W06         S26    X06  L06
/      \_Q06/      \_Q26       \_X06/      \
Q06    M06  R06    W06  Q26    S26  X06    L06
 \_Q06/      \_W06/      \_S26/      \_L26/
      M06    W06  Q26    Q26  L26    L26  L06
       \_M06/      \_Q26/      \_L26/      \_L06
            M06    M06  Q26    L26  X16    X16  Y26
             \_M06/      \_Y06/      \_X16/      \_Y26
                  Y06    Y06  L26    X16  X16    Y26  Y26
                   \_Y06/      \_R16/      \_L16/      \_J06
                        Y06    R16  X16    L16  Y26    U06  J06
                         \_R16/      \_L16/      \_U06/      \_J06
                         Y06  R16    L16  S16    Y26  U06    C06  J06
                        /      \_L16/      \_S16/      \_C06/      \
                        H16    R16  L16         S16    U06  C06    J06
                         \_R16/      \           \_U06/      \_J06/
                         H16  H06    H06         S16  U06    C06
                        /      \_H06/           /      \_C06/
                        H16    H06  F06         S16    C06
                         \_H16/      \_Y16       \_S16/
                         H16  H06    F06  Y16    Y16
                        /      \_F06/      \_Y16/
                        H16    H06  F06    Y16
                         \_O06/      \_Y16/
                         O06  O06    F06
                        /      \_F06/
                        O06    O06
                         \_O06/

solution 18 (996,751,897 searches):
04,0,0 04,0,1 04,1,0 04,1,2 05,0,1 05,0,2 O06
05,0,0 05,1,0 06,0,1 06,0,2 06,1,1 06,1,2 F06
06,0,0 06,1,0 07,0,0 07,0,1 07,0,2 08,0,2 Y16
04,1,1 04,2,0 04,2,1 04,2,2 04,3,1 04,3,2 H16
05,1,1 05,1,2 05,2,0 05,2,1 05,2,2 06,2,2 H06
04,3,0 04,4,0 05,3,1 05,3,2 05,4,0 05,4,2 R16
03,5,0 03,5,1 04,4,1 04,4,2 04,5,0 04,5,2 Y06
05,3,0 06,2,1 06,3,1 06,3,2 06,4,1 06,4,2 L16
05,4,1 05,5,0 05,5,1 05,5,2 06,5,0 06,5,2 L26
09,2,0 10,0,0 10,1,0 10,1,1 11,0,1 11,0,2 J06
06,8,0 06,8,1 06,8,2 06,9,0 06,9,2 07,8,1 Q16
05,8,0 06,7,0 06,7,1 07,7,1 07,7,2 07,8,2 V06
04,8,0 04,8,1 05,8,1 05,8,2 05,9,0 05,9,2 S06
02,9,0 02,9,2 03,9,0 03,9,2 04,9,0 04,9,2 I06
07,4,0 07,4,1 07,5,1 07,5,2 07,6,1 07,6,2 L06
02,7,0 02,7,2 03,7,1 03,7,2 03,8,1 03,8,2 W06
01,7,0 01,7,1 01,8,2 02,6,0 02,6,1 03,6,2 M06
00,8,0 00,8,1 00,9,0 00,9,2 01,8,0 01,8,1 Q06
01,9,0 01,9,2 02,7,1 02,8,0 02,8,1 02,8,2 R06
03,6,0 03,6,1 03,7,0 04,5,1 04,6,1 04,6,2 Q26
04,6,0 05,6,1 05,6,2 05,7,0 05,7,1 05,7,2 S26
05,6,0 06,5,1 06,6,0 06,6,1 06,6,2 06,7,2 X06
07,2,0 07,2,1 08,0,0 08,0,1 08,1,1 08,1,2 S16
06,3,0 06,4,0 07,3,0 07,3,1 07,3,2 07,4,2 X16
09,0,0 09,0,2 09,1,0 10,0,1 10,0,2 10,1,2 C06
08,1,0 08,2,0 09,0,1 09,1,1 09,1,2 09,2,2 U06
08,2,1 08,2,2 08,3,0 08,3,1 08,3,2 09,2,1 Y26

                                      _Q16
                                     Q16  Q16
                                _S06/      \
                               S06  Q16    V06
                          _I06/      \_Q16/
                         I06  S06    Q16  V06
                    _I06/      \_V06/      \
                   I06  S06    S06  V06    V06
              _I06/      \_S06/      \_V06/
             I06  W06         S26    X06  L06
        _R06/      \           \_S26/      \
       R06  R06    W06         S26  X06    L06
  _Q06/      \_R06/           /      \_X06/
 Q06  Q06    R06  W06         S26    X06  L06
/      \_Q06/      \_Q26       \_X06/      \
Q06    M06  R06    W06  Q26    S26  X06    L06
 \_Q06/      \_W06/      \_S26/      \_L26/
      M06    W06  Q26    Q26  L26    L26  L06
       \_M06/      \_Q26/      \_L26/      \_L06
            M06    M06  Q26    L26  L16    X16  Y26
             \_M06/      \_Y06/      \_X16/      \_Y26
                  Y06    Y06  L26    L16  X16    Y26  Y26
                   \_Y06/      \_R16/      \_X16/      \_J06
                        Y06    R16  L16    X16  Y26    U06  J06
                         \_R16/      \_X16/      \_U06/      \_J06
                         Y06  R16    L16  S16    Y26  U06    C06  J06
                        /      \_L16/      \_S16/      \_C06/      \
                        H16    R16  L16         S16    U06  C06    J06
                         \_R16/      \           \_U06/      \_J06/
                         H16  H06    H06         S16  U06    C06
                        /      \_H06/           /      \_C06/
                        H16    H06  F06         S16    C06
                         \_H16/      \_Y16       \_S16/
                         H16  H06    F06  Y16    Y16
                        /      \_F06/      \_Y16/
                        H16    H06  F06    Y16
                         \_O06/      \_Y16/
                         O06  O06    F06
                        /      \_F06/
                        O06    O06
                         \_O06/

solution 19 (1,000,049,138 searches):
04,0,0 04,0,1 04,1,0 04,1,2 05,0,1 05,0,2 O06
05,0,0 05,1,0 06,0,1 06,0,2 06,1,1 06,1,2 F06
06,0,0 06,1,0 07,0,0 07,0,1 07,0,2 08,0,2 Y16
04,1,1 04,2,0 04,2,1 04,2,2 04,3,1 04,3,2 H16
05,1,1 05,1,2 05,2,0 05,2,1 05,2,2 06,2,2 H06
04,3,0 04,4,0 05,3,1 05,3,2 05,4,0 05,4,2 R16
03,5,0 03,5,1 04,4,1 04,4,2 04,5,0 04,5,2 Y06
05,3,0 06,2,1 06,3,1 06,3,2 06,4,0 06,4,2 S26
04,6,0 05,4,1 05,5,0 05,5,1 05,5,2 05,6,2 X06
05,6,0 06,4,1 06,5,1 06,5,2 06,6,0 06,6,2 L26
05,6,1 05,7,0 05,7,1 05,7,2 06,6,1 06,7,2 X16
06,5,0 07,4,1 07,5,1 07,5,2 07,6,1 07,6,2 L16
03,6,0 03,6,1 03,7,0 04,5,1 04,6,1 04,6,2 Q26
01,7,0 01,7,1 01,8,2 02,6,0 02,6,1 03,6,2 M06
00,8,0 00,8,1 00,9,0 00,9,2 01,8,0 01,8,1 Q06
01,9,0 01,9,2 02,7,1 02,8,0 02,8,1 02,8,2 R06
02,7,0 02,7,2 03,7,1 03,7,2 03,8,1 03,8,2 W06
02,9,0 02,9,2 03,9,0 03,9,2 04,9,0 04,9,2 I06
04,8,0 04,8,1 05,8,1 05,8,2 05,9,0 05,9,2 S06
06,8,0 06,8,1 06,8,2 06,9,0 06,9,2 07,8,1 Q16
05,8,0 06,7,0 06,7,1 07,7,1 07,7,2 07,8,2 V06
07,3,1 07,4,0 07,4,2 08,3,0 08,3,1 09,2,1 J06
09,0,0 09,0,2 10,0,0 10,0,2 11,0,1 11,0,2 L06
07,2,0 07,2,1 08,0,0 08,0,1 08,1,1 08,1,2 S16
06,3,0 07,3,0 07,3,2 08,2,1 08,2,2 08,3,2 Y26
08,1,0 09,0,1 09,1,0 09,1,2 10,0,1 10,1,2 U06
08,2,0 09,1,1 09,2,0 09,2,2 10,1,0 10,1,1 C06

                                      _Q16
                                     Q16  Q16
                                _S06/      \
                               S06  Q16    V06
                          _I06/      \_Q16/
                         I06  S06    Q16  V06
                    _I06/      \_V06/      \
                   I06  S06    S06  V06    V06
              _I06/      \_S06/      \_V06/
             I06  W06         X16    X16  L16
        _R06/      \           \_X16/      \
       R06  R06    W06         X16  X16    L16
  _Q06/      \_R06/           /      \_L26/
 Q06  Q06    R06  W06         X16    L26  L16
/      \_Q06/      \_Q26       \_L26/      \
Q06    M06  R06    W06  Q26    X06  L26    L16
 \_Q06/      \_W06/      \_X06/      \_L16/
      M06    W06  Q26    Q26  X06    L26  L16
       \_M06/      \_Q26/      \_X06/      \_J06
            M06    M06  Q26    X06  L26    J06  J06
             \_M06/      \_Y06/      \_S26/      \_J06
                  Y06    Y06  X06    S26  J06    Y26  J06
                   \_Y06/      \_R16/      \_Y26/      \_C06
                        Y06    R16  S26    Y26  Y26    C06  C06
                         \_R16/      \_Y26/      \_C06/      \_C06
                         Y06  R16    S26  S16    Y26  C06    U06  L06
                        /      \_S26/      \_S16/      \_U06/      \
                        H16    R16  S26         S16    U06  U06    L06
                         \_R16/      \           \_U06/      \_L06/
                         H16  H06    H06         S16  U06    L06
                        /      \_H06/           /      \_L06/
                        H16    H06  F06         S16    L06
                         \_H16/      \_Y16       \_S16/
                         H16  H06    F06  Y16    Y16
                        /      \_F06/      \_Y16/
                        H16    H06  F06    Y16
                         \_O06/      \_Y16/
                         O06  O06    F06
                        /      \_F06/
                        O06    O06
                         \_O06/

solution 20 (1,000,488,161 searches):
04,0,0 04,0,1 04,1,0 04,1,2 05,0,1 05,0,2 O06
05,0,0 05,1,0 06,0,1 06,0,2 06,1,1 06,1,2 F06
06,0,0 06,1,0 07,0,0 07,0,1 07,0,2 08,0,2 Y16
04,1,1 04,2,0 04,2,1 04,2,2 04,3,1 04,3,2 H16
05,1,1 05,1,2 05,2,0 05,2,1 05,2,2 06,2,2 H06
04,3,0 04,4,0 05,3,1 05,3,2 05,4,0 05,4,2 R16
03,5,0 03,5,1 04,4,1 04,4,2 04,5,0 04,5,2 Y06
05,3,0 06,2,1 06,3,1 06,3,2 06,4,0 06,4,2 S26
05,4,1 05,5,0 05,5,1 05,5,2 06,4,1 06,5,2 X16
09,0,0 09,0,2 10,0,0 10,0,2 11,0,1 11,0,2 L06
07,2,0 07,2,1 08,0,0 08,0,1 08,1,1 08,1,2 S16
06,3,0 07,3,0 07,3,2 08,2,1 08,2,2 08,3,2 Y26
07,3,1 07,4,0 07,4,2 08,3,0 08,3,1 09,2,1 J06
08,1,0 09,0,1 09,1,0 09,1,2 10,0,1 10,1,2 U06
08,2,0 09,1,1 09,2,0 09,2,2 10,1,0 10,1,1 C06
06,5,0 07,4,1 07,5,1 07,5,2 07,6,1 07,6,2 L16
05,7,0 06,5,1 06,6,0 06,6,1 06,6,2 06,7,2 X06
04,6,0 05,6,0 05,6,1 05,6,2 05,7,1 05,7,2 L26
03,6,0 03,6,1 03,7,0 04,5,1 04,6,1 04,6,2 Q26
01,7,0 01,7,1 01,8,2 02,6,0 02,6,1 03,6,2 M06
00,8,0 00,8,1 00,9,0 00,9,2 01,8,0 01,8,1 Q06
02,7,0 02,7,2 03,7,1 03,7,2 03,8,1 03,8,2 W06
01,9,0 01,9,2 02,7,1 02,8,0 02,8,1 02,8,2 R06
02,9,0 02,9,2 03,9,0 03,9,2 04,9,0 04,9,2 I06
04,8,0 04,8,1 05,8,1 05,8,2 05,9,0 05,9,2 S06
05,8,0 06,7,0 06,7,1 07,7,1 07,7,2 07,8,2 V06
06,8,0 06,8,1 06,8,2 06,9,0 06,9,2 07,8,1 Q16

                                      _Q16
                                     Q16  Q16
                                _S06/      \
                               S06  Q16    V06
                          _I06/      \_Q16/
                         I06  S06    Q16  V06
                    _I06/      \_V06/      \
                   I06  S06    S06  V06    V06
              _I06/      \_S06/      \_V06/
             I06  W06         L26    X06  L16
        _R06/      \           \_X06/      \
       R06  R06    W06         L26  X06    L16
  _Q06/      \_R06/           /      \_X06/
 Q06  Q06    R06  W06         L26    X06  L16
/      \_Q06/      \_Q26       \_L26/      \
Q06    M06  R06    W06  Q26    L26  X06    L16
 \_Q06/      \_W06/      \_L26/      \_L16/
      M06    W06  Q26    Q26  X16    X16  L16
       \_M06/      \_Q26/      \_X16/      \_J06
            M06    M06  Q26    X16  X16    J06  J06
             \_M06/      \_Y06/      \_S26/      \_J06
                  Y06    Y06  X16    S26  J06    Y26  J06
                   \_Y06/      \_R16/      \_Y26/      \_C06
                        Y06    R16  S26    Y26  Y26    C06  C06
                         \_R16/      \_Y26/      \_C06/      \_C06
                         Y06  R16    S26  S16    Y26  C06    U06  L06
                        /      \_S26/      \_S16/      \_U06/      \
                        H16    R16  S26         S16    U06  U06    L06
                         \_R16/      \           \_U06/      \_L06/
                         H16  H06    H06         S16  U06    L06
                        /      \_H06/           /      \_L06/
                        H16    H06  F06         S16    L06
                         \_H16/      \_Y16       \_S16/
                         H16  H06    F06  Y16    Y16
                        /      \_F06/      \_Y16/
                        H16    H06  F06    Y16
                         \_O06/      \_Y16/
                         O06  O06    F06
                        /      \_F06/
                        O06    O06
                         \_O06/

User-requested solution limit reached.
20 solutions, 1,000,488,161 searches, duration 2:44:19.319861
