solving HexatwigsTrefoil3:

solution 1 (565,201,709 searches):
07,00,0 07,00,1 07,01,0 07,01,2 08,00,1 08,00,2 O06
08,00,0 09,00,0 09,00,1 09,00,2 10,00,1 10,00,2 F06
04,03,0 05,02,0 05,02,1 06,01,0 06,01,1 06,02,2 H16
08,01,0 09,01,0 09,01,2 09,02,0 10,01,1 10,01,2 J06
06,03,0 06,03,1 07,02,0 07,02,1 08,01,1 08,01,2 L06
05,03,0 06,02,0 06,02,1 06,03,2 07,01,1 07,02,2 U06
08,02,0 08,02,1 08,02,2 09,01,1 09,02,1 09,02,2 X16
06,04,0 07,03,0 07,03,1 07,03,2 08,03,0 08,03,2 H06
05,03,1 05,03,2 05,04,0 05,04,2 06,04,1 06,04,2 S16
00,03,0 00,03,1 00,04,2 01,02,0 01,02,1 02,02,2 M06
01,03,0 02,02,0 02,02,1 03,02,1 03,02,2 03,03,2 V06
00,04,0 00,04,1 00,05,2 01,03,1 01,03,2 01,04,2 R16
01,04,0 01,04,1 01,05,2 02,03,0 02,03,1 02,03,2 S26
00,05,0 00,05,1 00,06,0 00,06,2 01,05,0 01,05,1 Q06
01,06,0 01,06,2 02,06,0 02,06,2 03,06,0 03,06,2 I06
03,06,1 03,07,0 03,07,2 04,06,0 04,06,1 04,07,2 R06
03,05,0 04,05,0 04,05,1 04,05,2 04,06,2 05,04,1 Y06
02,05,0 02,05,1 03,04,1 03,04,2 03,05,1 03,05,2 Y16
02,04,0 02,04,1 02,04,2 02,05,2 03,03,0 03,03,1 L26
03,04,0 04,03,1 04,03,2 04,04,0 04,04,1 04,04,2 X06
05,05,0 05,05,2 05,06,0 06,05,1 06,05,2 06,06,2 C06
05,05,1 05,06,1 05,06,2 05,07,0 05,07,1 05,07,2 L16
04,09,0 05,08,0 05,08,1 06,06,1 06,07,1 06,07,2 W06
03,08,0 04,07,0 04,07,1 04,08,0 04,08,2 05,08,2 Y26
02,08,0 02,08,1 02,09,2 03,07,1 03,08,1 03,08,2 Q26
02,09,0 02,09,1 02,10,2 03,09,0 03,09,2 04,08,1 S06
02,10,0 03,09,1 03,10,0 03,10,2 04,09,1 04,09,2 Q16

                    _Q16
                   Q16  Q16
              _Q16/      \_W06
             S06  Q16    Q16  W06
            /      \_S06/      \_W06
            S06    S06  S06    Y26  W06
             \_S06/      \_Y26/      \
             Q26  Q26    Y26  L16    W06
            /      \_Y26/      \_L16/
            Q26    Q26  Y26    L16  W06
             \_Q26/      \_Y26/      \
                  Q26    R06  L16    C06
                   \_R06/      \_C06/
                   R06  R06    L16  C06
                  /      \_R06/      \
                  R06    Y06  L16    C06
                   \_I06/      \_C06/
                   I06  Y06    C06  S16
              _I06/      \_Y06/      \_H06        _H06
             I06  Y16    Y06  Y06    S16  H06    H06  X16
        _I06/      \_Y06/      \_S16/      \_H06/      \_J06
       I06  Y16    Y16  X06    S16  L06    H06  X16    X16  J06
  _Q06/      \_Y16/      \_X06/      \_L06/      \_X16/      \
 Q06  Q06    L26  Y16    X06  S16    U06  L06    X16  X16    J06
/      \_Q06/      \_X06/      \_U06/      \_L06/      \_J06/
Q06    S26  L26    Y16  X06    S16  U06    U06  L06    J06  F06
 \_Q06/      \_L26/      \_H16/      \_U06/      \_J06/      \
 R16  S26    L26  L26    X06  H16    H16  U06    L06  F06    F06
/      \_S26/      \_L26/      \_H16/      \_O06/      \_F06/
R16    R16  S26    V06              H16    O06  O06    F06
 \_R16/      \_S26/                  \_H16/      \_F06/
 M06  R16    S26  V06                     O06    O06
/      \_V06/      \                       \_O06/
M06    R16  V06    V06
 \_M06/      \_V06/
      M06    M06
       \_M06/

solution 2 (569,727,605 searches):
07,00,0 07,00,1 07,01,0 07,01,2 08,00,1 08,00,2 O06
08,00,0 09,00,0 09,00,1 09,00,2 10,00,1 10,00,2 F06
04,03,0 05,02,0 05,02,1 06,01,0 06,01,1 06,02,2 H16
08,01,0 09,01,0 09,01,2 09,02,0 10,01,1 10,01,2 J06
06,03,0 06,03,1 07,02,0 07,02,1 08,01,1 08,01,2 L06
05,03,0 06,02,0 06,02,1 06,03,2 07,01,1 07,02,2 U06
08,02,0 08,02,1 08,02,2 09,01,1 09,02,1 09,02,2 X16
06,04,0 07,03,0 07,03,1 07,03,2 08,03,0 08,03,2 H06
04,04,0 04,04,1 04,05,1 04,05,2 05,03,1 05,03,2 S16
05,04,0 05,04,1 05,04,2 05,05,0 06,04,1 06,04,2 Q16
04,05,0 05,05,1 05,05,2 05,06,0 05,06,1 05,06,2 S26
06,05,1 06,05,2 06,06,1 06,06,2 06,07,1 06,07,2 I06
04,07,0 05,07,0 05,07,1 05,07,2 05,08,0 05,08,2 R16
03,10,0 04,08,1 04,09,0 04,09,1 04,09,2 05,08,1 Y16
03,08,0 03,08,1 04,07,1 04,07,2 04,08,0 04,08,2 Y06
02,09,1 02,10,0 02,10,2 03,09,0 03,09,1 03,10,2 R06
02,08,0 02,08,1 02,09,0 02,09,2 03,08,2 03,09,2 Q06
03,06,1 03,07,0 03,07,1 03,07,2 04,06,0 04,06,1 Y26
03,05,0 03,05,1 03,05,2 03,06,0 03,06,2 04,06,2 C06
00,06,0 01,05,1 01,06,0 01,06,2 02,06,0 02,06,2 L16
00,04,0 00,04,1 00,05,1 00,05,2 00,06,2 01,03,1 W06
00,03,0 00,03,1 00,04,2 01,02,0 01,02,1 02,02,2 M06
01,03,0 01,03,2 02,02,0 02,02,1 03,02,1 03,02,2 S06
00,05,0 01,04,0 01,04,1 01,04,2 02,03,1 02,04,2 X06
02,03,0 02,03,2 02,04,0 02,04,1 03,03,1 03,03,2 V06
03,03,0 03,04,0 03,04,2 04,03,1 04,03,2 04,04,2 Q26
01,05,0 01,05,2 02,05,0 02,05,1 02,05,2 03,04,1 L26

                    _Y16
                   R06  Y16
              _R06/      \_Y16
             R06  R06    Y16  Y16
            /      \_R06/      \_R16
            R06    Q06  Y16    R16  I06
             \_Q06/      \_Y06/      \
             Q06  Y06    Y06  R16    I06
            /      \_Y06/      \_R16/
            Q06    Q06  Y06    R16  I06
             \_Q06/      \_R16/      \
                  Y26    Y06  S26    I06
                   \_Y26/      \_S26/
                   Y26  Y26    S26  I06
                  /      \_Y26/      \
                  Y26    C06  S26    I06
                   \_C06/      \_Q16/
                   C06  S16    S26  Q16
              _L16/      \_S26/      \_H06        _H06
             L16  C06    S16  Q16    Q16  H06    H06  X16
        _L16/      \_C06/      \_Q16/      \_H06/      \_J06
       L16  L26    C06  S16    Q16  L06    H06  X16    X16  J06
  _L16/      \_L26/      \_S16/      \_L06/      \_X16/      \
 W06  L16    L26  L26    Q26  S16    U06  L06    X16  X16    J06
/      \_L26/      \_Q26/      \_U06/      \_L06/      \_J06/
W06    L26  V06    Q26  Q26    S16  U06    U06  L06    J06  F06
 \_X06/      \_V06/      \_H16/      \_U06/      \_J06/      \
 W06  X06    X06  V06    Q26  H16    H16  U06    L06  F06    F06
/      \_X06/      \_Q26/      \_H16/      \_O06/      \_F06/
W06    X06  X06    V06              H16    O06  O06    F06
 \_W06/      \_V06/                  \_H16/      \_F06/
 M06  W06    V06  S06                     O06    O06
/      \_S06/      \                       \_O06/
M06    S06  S06    S06
 \_M06/      \_S06/
      M06    M06
       \_M06/

solution 3 (569,727,622 searches):
07,00,0 07,00,1 07,01,0 07,01,2 08,00,1 08,00,2 O06
08,00,0 09,00,0 09,00,1 09,00,2 10,00,1 10,00,2 F06
04,03,0 05,02,0 05,02,1 06,01,0 06,01,1 06,02,2 H16
08,01,0 09,01,0 09,01,2 09,02,0 10,01,1 10,01,2 J06
06,03,0 06,03,1 07,02,0 07,02,1 08,01,1 08,01,2 L06
05,03,0 06,02,0 06,02,1 06,03,2 07,01,1 07,02,2 U06
08,02,0 08,02,1 08,02,2 09,01,1 09,02,1 09,02,2 X16
06,04,0 07,03,0 07,03,1 07,03,2 08,03,0 08,03,2 H06
04,04,0 04,04,1 04,05,1 04,05,2 05,03,1 05,03,2 S16
05,04,0 05,04,1 05,04,2 05,05,0 06,04,1 06,04,2 Q16
04,05,0 05,05,1 05,05,2 05,06,0 05,06,1 05,06,2 S26
06,05,1 06,05,2 06,06,1 06,06,2 06,07,1 06,07,2 I06
04,07,0 05,07,0 05,07,1 05,07,2 05,08,0 05,08,2 R16
03,10,0 04,08,1 04,09,0 04,09,1 04,09,2 05,08,1 Y16
03,08,0 03,08,1 04,07,1 04,07,2 04,08,0 04,08,2 Y06
02,09,1 02,10,0 02,10,2 03,09,0 03,09,1 03,10,2 R06
02,08,0 02,08,1 02,09,0 02,09,2 03,08,2 03,09,2 Q06
03,06,1 03,07,0 03,07,1 03,07,2 04,06,0 04,06,1 Y26
03,05,0 03,05,1 03,05,2 03,06,0 03,06,2 04,06,2 C06
00,06,0 01,05,1 01,06,0 01,06,2 02,06,0 02,06,2 L16
00,04,0 00,04,1 00,05,1 00,05,2 00,06,2 01,03,1 W06
00,03,0 00,03,1 00,04,2 01,03,0 01,03,2 02,02,1 S06
01,02,0 01,02,1 02,02,0 02,02,2 03,02,1 03,02,2 M06
00,05,0 01,04,0 01,04,1 01,04,2 02,03,1 02,04,2 X06
02,03,0 02,03,2 02,04,0 02,04,1 03,03,1 03,03,2 V06
03,03,0 03,04,0 03,04,2 04,03,1 04,03,2 04,04,2 Q26
01,05,0 01,05,2 02,05,0 02,05,1 02,05,2 03,04,1 L26

                    _Y16
                   R06  Y16
              _R06/      \_Y16
             R06  R06    Y16  Y16
            /      \_R06/      \_R16
            R06    Q06  Y16    R16  I06
             \_Q06/      \_Y06/      \
             Q06  Y06    Y06  R16    I06
            /      \_Y06/      \_R16/
            Q06    Q06  Y06    R16  I06
             \_Q06/      \_R16/      \
                  Y26    Y06  S26    I06
                   \_Y26/      \_S26/
                   Y26  Y26    S26  I06
                  /      \_Y26/      \
                  Y26    C06  S26    I06
                   \_C06/      \_Q16/
                   C06  S16    S26  Q16
              _L16/      \_S26/      \_H06        _H06
             L16  C06    S16  Q16    Q16  H06    H06  X16
        _L16/      \_C06/      \_Q16/      \_H06/      \_J06
       L16  L26    C06  S16    Q16  L06    H06  X16    X16  J06
  _L16/      \_L26/      \_S16/      \_L06/      \_X16/      \
 W06  L16    L26  L26    Q26  S16    U06  L06    X16  X16    J06
/      \_L26/      \_Q26/      \_U06/      \_L06/      \_J06/
W06    L26  V06    Q26  Q26    S16  U06    U06  L06    J06  F06
 \_X06/      \_V06/      \_H16/      \_U06/      \_J06/      \
 W06  X06    X06  V06    Q26  H16    H16  U06    L06  F06    F06
/      \_X06/      \_Q26/      \_H16/      \_O06/      \_F06/
W06    X06  X06    V06              H16    O06  O06    F06
 \_W06/      \_V06/                  \_H16/      \_F06/
 S06  W06    V06  M06                     O06    O06
/      \_S06/      \                       \_O06/
S06    S06  S06    M06
 \_S06/      \_M06/
      M06    M06
       \_M06/

solution 4 (683,238,408 searches):
07,00,0 07,00,1 07,01,0 07,01,2 08,00,1 08,00,2 O06
08,00,0 09,00,0 09,00,1 09,00,2 10,00,1 10,00,2 F06
04,03,0 05,02,0 05,02,1 06,01,0 06,01,1 06,02,2 H16
08,01,0 09,01,0 09,01,2 09,02,0 10,01,1 10,01,2 J06
06,03,0 06,03,2 07,02,0 07,02,1 08,01,1 08,01,2 M06
05,03,0 05,03,2 06,02,0 06,02,1 07,01,1 07,02,2 S26
08,02,0 08,02,1 08,02,2 09,01,1 09,02,1 09,02,2 X16
06,04,0 07,03,0 07,03,1 07,03,2 08,03,0 08,03,2 H06
05,04,0 05,04,1 05,05,0 05,05,1 05,05,2 06,03,1 C06
06,04,1 06,04,2 06,05,1 06,05,2 06,06,1 06,06,2 I06
03,05,0 04,04,0 04,04,1 04,05,2 05,03,1 05,04,2 U06
03,06,0 04,05,0 04,05,1 04,06,1 04,06,2 04,07,2 L26
04,06,0 04,07,0 04,07,1 05,06,0 05,06,1 05,06,2 Y26
03,05,1 03,05,2 03,06,1 03,06,2 03,07,0 03,07,2 L06
01,05,1 01,05,2 01,06,0 01,06,2 02,06,0 02,06,2 W06
00,05,0 00,05,1 00,06,0 00,06,2 01,04,1 01,04,2 S06
00,03,1 00,04,0 00,04,1 00,04,2 00,05,2 01,03,1 Y16
00,03,0 01,02,0 01,02,1 01,03,0 01,03,2 02,02,2 Q26
01,04,0 02,02,0 02,02,1 02,03,0 02,03,1 02,03,2 R16
03,02,1 03,02,2 03,03,0 03,03,2 04,03,1 04,03,2 S16
02,05,0 03,03,1 03,04,0 03,04,1 03,04,2 04,04,2 Y06
01,05,0 02,04,0 02,04,1 02,04,2 02,05,1 02,05,2 X06
05,07,0 05,07,2 05,08,0 05,08,1 06,07,1 06,07,2 V06
03,08,0 03,08,2 04,08,0 04,08,2 05,07,1 05,08,2 L16
02,08,0 02,08,1 02,09,0 02,09,2 03,07,1 03,08,1 Q06
02,09,1 02,10,0 02,10,2 03,09,0 03,09,1 03,09,2 Q16
03,10,0 03,10,2 04,08,1 04,09,0 04,09,1 04,09,2 R06

                    _R06
                   R06  R06
              _Q16/      \_R06
             Q16  Q16    R06  V06
            /      \_Q16/      \_V06
            Q16    Q16  R06    L16  V06
             \_Q06/      \_L16/      \
             Q06  Q06    L16  L16    V06
            /      \_L16/      \_V06/
            Q06    L16  Y26    V06  I06
             \_Q06/      \_Y26/      \
                  Q06    L26  Y26    I06
                   \_L06/      \_Y26/
                   L06  L26    Y26  I06
                  /      \_Y26/      \
                  L06    L26  C06    I06
                   \_L26/      \_C06/
                   L06  L26    C06  I06
              _W06/      \_L26/      \_H06        _H06
             W06  L06    U06  C06    I06  H06    H06  X16
        _W06/      \_U06/      \_C06/      \_H06/      \_J06
       W06  X06    L06  U06    U06  C06    H06  X16    X16  J06
  _S06/      \_Y06/      \_U06/      \_M06/      \_X16/      \
 S06  W06    X06  Y06    Y06  U06    M06  M06    X16  X16    J06
/      \_X06/      \_Y06/      \_S26/      \_M06/      \_J06/
S06    W06  X06    Y06  S16    S26  S26    S26  M06    J06  F06
 \_S06/      \_X06/      \_H16/      \_S26/      \_J06/      \
 Y16  S06    X06  Y06    S16  H16    H16  S26    M06  F06    F06
/      \_R16/      \_S16/      \_H16/      \_O06/      \_F06/
Y16    S06  R16    S16              H16    O06  O06    F06
 \_Y16/      \_R16/                  \_H16/      \_F06/
 Y16  Y16    R16  S16                     O06    O06
/      \_Q26/      \                       \_O06/
Y16    Q26  R16    S16
 \_Q26/      \_R16/
      Q26    Q26
       \_Q26/

solution 5 (953,274,207 searches):
07,00,0 07,00,1 07,01,0 07,01,2 08,00,1 08,00,2 O06
08,00,0 09,00,0 09,00,1 09,00,2 10,00,1 10,00,2 F06
04,03,0 05,02,0 05,02,1 06,01,0 06,01,1 06,02,2 H16
08,01,0 09,01,0 09,01,2 09,02,0 10,01,1 10,01,2 J06
07,01,1 07,02,0 07,02,1 07,02,2 08,01,1 08,01,2 Q26
08,02,0 08,03,0 08,03,2 09,01,1 09,02,1 09,02,2 Q16
06,04,0 06,04,1 07,03,0 07,03,1 08,02,1 08,02,2 L06
05,03,0 05,03,1 05,03,2 05,04,2 06,02,0 06,02,1 L26
05,04,0 06,03,0 06,03,1 06,03,2 06,04,2 07,03,2 X16
00,04,0 01,02,0 01,02,1 01,03,0 01,03,1 01,03,2 R16
00,03,0 00,03,1 00,04,1 00,04,2 00,05,0 00,05,2 M06
00,05,1 00,06,0 00,06,2 01,04,1 01,05,1 01,05,2 Q06
01,06,0 01,06,2 02,06,0 02,06,2 03,06,0 03,06,2 I06
02,02,0 02,02,2 02,03,0 03,02,1 03,02,2 03,03,2 C06
01,04,0 01,04,2 02,02,1 02,03,1 02,03,2 02,04,2 Y26
01,05,0 02,04,0 02,04,1 02,05,2 03,03,0 03,03,1 L16
02,05,0 02,05,1 03,04,1 03,04,2 03,05,1 03,05,2 Y16
03,04,0 04,03,1 04,03,2 04,04,0 04,04,1 04,04,2 X06
03,05,0 04,05,0 04,05,1 04,05,2 04,06,2 05,04,1 Y06
02,08,0 02,08,1 02,09,2 03,06,1 03,07,1 03,07,2 S16
05,05,0 05,05,2 06,05,1 06,05,2 06,06,1 06,06,2 W06
02,09,0 02,09,1 02,10,2 03,08,0 03,08,1 03,08,2 S26
02,10,0 03,09,1 03,09,2 03,10,0 03,10,2 04,09,1 R06
03,09,0 04,09,0 04,09,2 05,07,1 05,08,1 05,08,2 V06
05,06,1 05,07,0 05,07,2 05,08,0 06,07,1 06,07,2 S06
04,07,0 04,07,1 04,07,2 04,08,0 04,08,1 04,08,2 U06
03,07,0 04,06,0 04,06,1 05,05,1 05,06,0 05,06,2 H06

                    _R06
                   R06  R06
              _R06/      \_V06
             S26  R06    V06  V06
            /      \_V06/      \_S06
            S26    R06  U06    V06  S06
             \_S26/      \_U06/      \
             S16  S26    U06  V06    S06
            /      \_S26/      \_S06/
            S16    S26  U06    S06  W06
             \_S16/      \_U06/      \
                  S16    U06  S06    W06
                   \_H06/      \_H06/
                   S16  H06    H06  W06
                  /      \_H06/      \
                  S16    Y06  H06    W06
                   \_I06/      \_W06/
                   I06  Y06    W06  L06
              _I06/      \_Y06/      \_L06        _Q16
             I06  Y16    Y06  Y06    X16  L06    Q16  Q16
        _I06/      \_Y06/      \_X16/      \_L06/      \_J06
       I06  Y16    Y16  X06    L26  X16    X16  L06    Q16  J06
  _Q06/      \_Y16/      \_X06/      \_X16/      \_Q16/      \
 Q06  Q06    L16  Y16    X06  L26    X16  Q26    L06  Q16    J06
/      \_L16/      \_X06/      \_L26/      \_Q26/      \_J06/
Q06    Q06  L16    Y16  X06    L26  L26    Q26  Q26    J06  F06
 \_M06/      \_L16/      \_H16/      \_L26/      \_J06/      \
 M06  Q06    Y26  L16    X06  H16    H16  Q26    Q26  F06    F06
/      \_Y26/      \_L16/      \_H16/      \_O06/      \_F06/
M06    Y26  Y26    C06              H16    O06  O06    F06
 \_R16/      \_C06/                  \_H16/      \_F06/
 M06  R16    Y26  C06                     O06    O06
/      \_R16/      \                       \_O06/
M06    R16  Y26    C06
 \_M06/      \_C06/
      R16    C06
       \_R16/

solution 6 (960,260,768 searches):
07,00,0 07,00,1 07,01,0 07,01,2 08,00,1 08,00,2 O06
08,00,0 09,00,0 09,00,1 09,00,2 10,00,1 10,00,2 F06
04,03,0 05,02,0 05,02,1 06,01,0 06,01,1 06,02,2 H16
08,01,0 09,01,0 09,01,2 09,02,0 10,01,1 10,01,2 J06
07,01,1 07,02,0 07,02,1 07,02,2 08,01,1 08,01,2 Q26
08,02,0 08,03,0 08,03,2 09,01,1 09,02,1 09,02,2 Q16
06,04,0 06,04,1 07,03,0 07,03,1 08,02,1 08,02,2 L06
05,03,0 06,02,0 06,02,1 06,03,0 06,03,2 07,03,2 Y26
05,03,1 05,03,2 05,04,0 05,04,2 06,03,1 06,04,2 C06
00,03,0 00,03,1 00,04,2 01,02,0 01,02,1 02,02,2 M06
02,02,0 02,02,1 02,03,1 02,03,2 03,02,1 03,02,2 Q06
02,03,0 03,03,0 03,03,2 04,03,1 04,03,2 04,04,2 W06
00,04,0 00,04,1 00,05,2 01,03,0 01,03,1 01,03,2 S26
00,06,0 00,06,2 01,05,1 01,05,2 01,06,0 01,06,2 Y16
00,05,0 00,05,1 01,04,0 01,04,1 01,04,2 02,04,2 L26
03,06,0 04,04,0 04,04,1 04,05,0 04,05,1 04,05,2 R16
05,04,1 05,05,0 05,05,2 06,05,1 06,05,2 06,06,2 S16
02,09,0 02,09,1 02,10,0 02,10,2 03,08,1 03,10,2 V06
02,08,0 02,08,1 02,09,2 03,08,0 03,08,2 04,07,1 S06
03,10,0 04,09,0 04,09,1 05,08,0 05,08,1 06,07,1 I06
03,09,0 03,09,1 03,09,2 04,08,1 04,08,2 04,09,2 X16
01,05,0 02,04,0 02,04,1 03,03,1 03,04,0 03,04,2 H06
02,05,0 02,05,1 02,05,2 02,06,0 02,06,2 03,04,1 R06
03,05,0 03,05,1 03,05,2 03,06,1 03,06,2 03,07,2 L16
03,07,0 03,07,1 04,06,1 04,06,2 04,07,0 04,07,2 Y06
04,06,0 05,05,1 05,06,0 05,06,1 05,06,2 05,07,2 X06
04,08,0 05,07,0 05,07,1 05,08,2 06,06,1 06,07,2 U06

                    _I06
                   V06  I06
              _V06/      \_I06
             V06  X16    X16  I06
            /      \_X16/      \_I06
            V06    X16  X16    U06  I06
             \_V06/      \_U06/      \
             S06  V06    X16  U06    U06
            /      \_S06/      \_U06/
            S06    S06  S06    X06  U06
             \_S06/      \_Y06/      \
                  Y06    Y06  X06    S16
                   \_Y06/      \_X06/
                   L16  Y06    X06  S16
                  /      \_X06/      \
                  L16    Y06  X06    S16
                   \_R16/      \_S16/
                   L16  R16    S16  L06
              _R06/      \_R16/      \_L06        _Q16
             R06  L16    R16  S16    C06  L06    Q16  Q16
        _Y16/      \_L16/      \_C06/      \_L06/      \_J06
       Y16  R06    L16  R16    C06  C06    Y26  L06    Q16  J06
  _Y16/      \_R06/      \_R16/      \_Y26/      \_Q16/      \
 Y16  Y16    R06  R06    W06  C06    Y26  Q26    L06  Q16    J06
/      \_H06/      \_H06/      \_Y26/      \_Q26/      \_J06/
L26    Y16  H06    H06  W06    C06  Y26    Q26  Q26    J06  F06
 \_L26/      \_H06/      \_H16/      \_Y26/      \_J06/      \
 S26  L26    L26  H06    W06  H16    H16  Q26    Q26  F06    F06
/      \_L26/      \_W06/      \_H16/      \_O06/      \_F06/
S26    L26  Q06    W06              H16    O06  O06    F06
 \_S26/      \_W06/                  \_H16/      \_F06/
 M06  S26    Q06  Q06                     O06    O06
/      \_S26/      \                       \_O06/
M06    S26  Q06    Q06
 \_M06/      \_Q06/
      M06    M06
       \_M06/

solution 7 (960,354,590 searches):
07,00,0 07,00,1 07,01,0 07,01,2 08,00,1 08,00,2 O06
08,00,0 09,00,0 09,00,1 09,00,2 10,00,1 10,00,2 F06
04,03,0 05,02,0 05,02,1 06,01,0 06,01,1 06,02,2 H16
08,01,0 09,01,0 09,01,2 09,02,0 10,01,1 10,01,2 J06
07,01,1 07,02,0 07,02,1 07,02,2 08,01,1 08,01,2 Q26
08,02,0 08,03,0 08,03,2 09,01,1 09,02,1 09,02,2 Q16
06,04,0 06,04,1 07,03,0 07,03,1 08,02,1 08,02,2 L06
05,03,0 06,02,0 06,02,1 06,03,0 06,03,2 07,03,2 Y26
05,03,1 05,03,2 05,04,0 05,04,2 06,03,1 06,04,2 C06
00,03,0 00,03,1 00,04,2 01,02,0 01,02,1 02,02,2 M06
02,02,0 02,02,1 02,03,2 03,02,1 03,02,2 03,03,2 Q06
00,04,0 00,04,1 00,05,2 01,03,0 01,03,1 01,03,2 S26
01,04,0 01,04,2 02,03,0 02,03,1 02,04,1 02,04,2 Y06
00,05,0 00,05,1 00,06,0 00,06,2 01,04,1 01,06,2 V06
01,05,0 01,05,1 01,05,2 02,05,0 02,05,1 02,05,2 U06
02,04,0 03,03,0 03,03,1 03,04,1 03,04,2 03,05,2 L26
03,04,0 04,03,1 04,03,2 04,04,0 04,04,1 04,04,2 X06
01,06,0 02,06,0 02,06,2 03,06,0 03,06,2 04,06,2 I06
03,05,0 03,05,1 04,05,0 04,05,1 04,05,2 05,04,1 R16
05,05,0 05,05,2 06,05,1 06,05,2 06,06,1 06,06,2 W06
02,08,0 02,08,1 02,09,2 03,06,1 03,07,1 03,07,2 S16
03,07,0 04,06,0 04,06,1 05,05,1 05,06,0 05,06,2 H06
02,09,0 02,09,1 02,10,0 02,10,2 03,08,1 03,08,2 S06
03,09,0 03,09,1 03,09,2 03,10,0 03,10,2 04,08,1 R06
04,09,0 04,09,1 04,09,2 05,08,0 05,08,1 06,07,1 L16
03,08,0 04,07,0 04,07,1 04,07,2 04,08,0 04,08,2 X16
05,06,1 05,07,0 05,07,1 05,07,2 05,08,2 06,07,2 Y16

                    _R06
                   R06  L16
              _S06/      \_L16
             S06  R06    L16  L16
            /      \_R06/      \_L16
            S06    R06  R06    Y16  L16
             \_S06/      \_X16/      \
             S16  S06    X16  Y16    Y16
            /      \_X16/      \_Y16/
            S16    S06  X16    Y16  W06
             \_S16/      \_X16/      \
                  S16    X16  Y16    W06
                   \_H06/      \_H06/
                   S16  H06    H06  W06
                  /      \_H06/      \
                  S16    I06  H06    W06
                   \_I06/      \_W06/
                   I06  R16    W06  L06
              _I06/      \_R16/      \_L06        _Q16
             I06  R16    R16  R16    C06  L06    Q16  Q16
        _I06/      \_R16/      \_C06/      \_L06/      \_J06
       V06  U06    L26  X06    C06  C06    Y26  L06    Q16  J06
  _V06/      \_U06/      \_X06/      \_Y26/      \_Q16/      \
 V06  U06    U06  L26    X06  C06    Y26  Q26    L06  Q16    J06
/      \_U06/      \_X06/      \_Y26/      \_Q26/      \_J06/
V06    U06  Y06    L26  X06    C06  Y26    Q26  Q26    J06  F06
 \_V06/      \_L26/      \_H16/      \_Y26/      \_J06/      \
 S26  V06    Y06  L26    X06  H16    H16  Q26    Q26  F06    F06
/      \_Y06/      \_L26/      \_H16/      \_O06/      \_F06/
S26    Y06  Y06    Q06              H16    O06  O06    F06
 \_S26/      \_Y06/                  \_H16/      \_F06/
 M06  S26    Q06  Q06                     O06    O06
/      \_S26/      \                       \_O06/
M06    S26  Q06    Q06
 \_M06/      \_Q06/
      M06    M06
       \_M06/

solution 8 (962,044,648 searches):
07,00,0 07,00,1 07,01,0 07,01,2 08,00,1 08,00,2 O06
08,00,0 09,00,0 09,00,1 09,00,2 10,00,1 10,00,2 F06
04,03,0 05,02,0 05,02,1 06,01,0 06,01,1 06,02,2 H16
08,01,0 09,01,0 09,01,2 09,02,0 10,01,1 10,01,2 J06
07,01,1 07,02,0 07,02,1 07,02,2 08,01,1 08,01,2 Q26
08,02,0 08,03,0 08,03,2 09,01,1 09,02,1 09,02,2 Q16
06,04,0 06,04,1 07,03,0 07,03,1 08,02,1 08,02,2 L06
05,03,0 06,02,0 06,02,1 06,03,0 06,03,2 07,03,2 Y26
05,03,1 05,03,2 05,04,0 05,04,2 06,03,1 06,04,2 C06
00,03,0 00,03,1 00,04,2 01,02,0 01,02,1 02,02,2 M06
01,03,0 02,02,0 02,02,1 03,02,1 03,02,2 03,03,2 V06
00,04,0 00,04,1 00,05,2 01,03,1 01,03,2 01,04,2 R16
00,05,0 00,05,1 00,06,0 00,06,2 01,05,0 01,05,1 Q06
01,04,0 01,04,1 01,05,2 02,03,0 02,03,1 02,03,2 S26
01,06,0 01,06,2 02,04,1 02,05,0 02,05,1 02,05,2 R06
03,03,0 03,03,1 04,03,1 04,03,2 04,04,0 04,04,2 S06
02,04,0 02,04,2 03,04,0 03,04,1 03,04,2 03,05,2 H06
02,06,0 02,06,2 03,05,0 03,05,1 03,06,2 04,04,1 L26
02,09,1 02,09,2 02,10,0 02,10,2 03,10,0 03,10,2 W06
02,08,0 02,08,1 03,06,0 03,06,1 03,07,1 03,07,2 S16
06,05,1 06,05,2 06,06,1 06,06,2 06,07,1 06,07,2 I06
04,05,0 04,05,1 04,05,2 04,06,2 05,04,1 05,05,2 X16
04,06,0 04,06,1 05,05,0 05,05,1 05,06,0 05,06,2 Y16
03,07,0 04,07,0 04,07,1 04,07,2 04,08,2 05,06,1 Y06
02,09,0 03,08,0 03,08,1 03,08,2 03,09,1 03,09,2 X06
04,09,0 04,09,1 04,09,2 05,08,0 05,08,1 05,08,2 U06
03,09,0 04,08,0 04,08,1 05,07,0 05,07,1 05,07,2 L16

                    _W06
                   W06  U06
              _W06/      \_U06
             W06  X06    U06  U06
            /      \_L16/      \_U06
            W06    X06  L16    U06  I06
             \_X06/      \_L16/      \
             W06  X06    Y06  L16    I06
            /      \_X06/      \_L16/
            S16    X06  Y06    L16  I06
             \_S16/      \_Y06/      \
                  S16    Y06  Y06    I06
                   \_Y06/      \_Y16/
                   S16  Y16    Y16  I06
                  /      \_Y16/      \
                  S16    X16  Y16    I06
                   \_S16/      \_Y16/
                   L26  X16    X16  L06
              _L26/      \_X16/      \_L06        _Q16
             L26  L26    X16  X16    C06  L06    Q16  Q16
        _R06/      \_L26/      \_C06/      \_L06/      \_J06
       R06  R06    H06  L26    C06  C06    Y26  L06    Q16  J06
  _Q06/      \_R06/      \_S06/      \_Y26/      \_Q16/      \
 Q06  Q06    R06  H06    S06  C06    Y26  Q26    L06  Q16    J06
/      \_Q06/      \_H06/      \_Y26/      \_Q26/      \_J06/
Q06    S26  R06    H06  S06    C06  Y26    Q26  Q26    J06  F06
 \_Q06/      \_H06/      \_H16/      \_Y26/      \_J06/      \
 R16  S26    H06  S06    S06  H16    H16  Q26    Q26  F06    F06
/      \_S26/      \_S06/      \_H16/      \_O06/      \_F06/
R16    R16  S26    V06              H16    O06  O06    F06
 \_R16/      \_S26/                  \_H16/      \_F06/
 M06  R16    S26  V06                     O06    O06
/      \_V06/      \                       \_O06/
M06    R16  V06    V06
 \_M06/      \_V06/
      M06    M06
       \_M06/

solution 9 (965,674,917 searches):
07,00,0 07,00,1 07,01,0 07,01,2 08,00,1 08,00,2 O06
08,00,0 09,00,0 09,00,1 09,00,2 10,00,1 10,00,2 F06
04,03,0 05,02,0 05,02,1 06,01,0 06,01,1 06,02,2 H16
08,01,0 09,01,0 09,01,2 09,02,0 10,01,1 10,01,2 J06
07,01,1 07,02,0 07,02,1 07,02,2 08,01,1 08,01,2 Q26
08,02,0 08,03,0 08,03,2 09,01,1 09,02,1 09,02,2 Q16
06,04,0 06,04,1 07,03,0 07,03,1 08,02,1 08,02,2 L06
05,03,0 06,02,0 06,02,1 06,03,0 06,03,2 07,03,2 Y26
05,03,1 05,03,2 05,04,0 05,04,2 06,03,1 06,04,2 C06
01,02,0 01,03,0 02,02,0 02,02,1 02,02,2 02,03,2 X16
00,04,0 01,02,1 01,03,1 01,03,2 01,04,0 01,04,2 L26
00,03,0 00,03,1 00,04,1 00,04,2 00,05,0 00,05,2 M06
00,05,1 00,06,0 00,06,2 01,04,1 01,05,1 01,05,2 Q06
01,06,0 01,06,2 02,06,0 02,06,2 03,06,0 03,06,2 I06
02,03,0 02,03,1 02,04,2 03,02,1 03,02,2 03,03,2 R16
01,05,0 02,04,0 02,04,1 02,05,2 03,03,0 03,03,1 L16
02,05,0 02,05,1 03,04,1 03,04,2 03,05,1 03,05,2 Y16
03,04,0 04,03,1 04,03,2 04,04,0 04,04,1 04,04,2 X06
03,05,0 04,05,0 04,05,1 04,05,2 04,06,2 05,04,1 Y06
02,08,0 02,08,1 02,09,2 03,06,1 03,07,1 03,07,2 S16
05,05,0 05,05,2 06,05,1 06,05,2 06,06,1 06,06,2 W06
02,09,0 02,09,1 02,10,2 03,08,0 03,08,1 03,08,2 S26
02,10,0 03,09,1 03,09,2 03,10,0 03,10,2 04,09,1 R06
03,09,0 04,09,0 04,09,2 05,07,1 05,08,1 05,08,2 V06
05,06,1 05,07,0 05,07,2 05,08,0 06,07,1 06,07,2 S06
04,07,0 04,07,1 04,07,2 04,08,0 04,08,1 04,08,2 U06
03,07,0 04,06,0 04,06,1 05,05,1 05,06,0 05,06,2 H06

                    _R06
                   R06  R06
              _R06/      \_V06
             S26  R06    V06  V06
            /      \_V06/      \_S06
            S26    R06  U06    V06  S06
             \_S26/      \_U06/      \
             S16  S26    U06  V06    S06
            /      \_S26/      \_S06/
            S16    S26  U06    S06  W06
             \_S16/      \_U06/      \
                  S16    U06  S06    W06
                   \_H06/      \_H06/
                   S16  H06    H06  W06
                  /      \_H06/      \
                  S16    Y06  H06    W06
                   \_I06/      \_W06/
                   I06  Y06    W06  L06
              _I06/      \_Y06/      \_L06        _Q16
             I06  Y16    Y06  Y06    C06  L06    Q16  Q16
        _I06/      \_Y06/      \_C06/      \_L06/      \_J06
       I06  Y16    Y16  X06    C06  C06    Y26  L06    Q16  J06
  _Q06/      \_Y16/      \_X06/      \_Y26/      \_Q16/      \
 Q06  Q06    L16  Y16    X06  C06    Y26  Q26    L06  Q16    J06
/      \_L16/      \_X06/      \_Y26/      \_Q26/      \_J06/
Q06    Q06  L16    Y16  X06    C06  Y26    Q26  Q26    J06  F06
 \_M06/      \_L16/      \_H16/      \_Y26/      \_J06/      \
 M06  Q06    R16  L16    X06  H16    H16  Q26    Q26  F06    F06
/      \_L26/      \_L16/      \_H16/      \_O06/      \_F06/
M06    L26  R16    R16              H16    O06  O06    F06
 \_L26/      \_R16/                  \_H16/      \_F06/
 M06  L26    X16  R16                     O06    O06
/      \_X16/      \                       \_O06/
M06    L26  X16    R16
 \_M06/      \_X16/
      L26    X16
       \_X16/

solution 10 (967,569,226 searches):
07,00,0 07,00,1 07,01,0 07,01,2 08,00,1 08,00,2 O06
08,00,0 09,00,0 09,00,1 09,00,2 10,00,1 10,00,2 F06
04,03,0 05,02,0 05,02,1 06,01,0 06,01,1 06,02,2 H16
08,01,0 09,01,0 09,01,2 09,02,0 10,01,1 10,01,2 J06
07,01,1 07,02,0 07,02,1 07,02,2 08,01,1 08,01,2 Q26
08,02,0 08,03,0 08,03,2 09,01,1 09,02,1 09,02,2 Q16
06,04,0 06,04,1 07,03,0 07,03,1 08,02,1 08,02,2 L06
05,03,0 06,02,0 06,02,1 06,03,0 06,03,2 07,03,2 Y26
03,05,0 04,04,0 04,04,1 05,03,1 05,03,2 05,04,2 L26
04,05,0 04,05,2 05,04,0 05,04,1 06,03,1 06,04,2 S26
05,06,0 05,06,2 06,05,1 06,05,2 06,06,1 06,06,2 Y16
03,07,0 04,06,0 04,06,1 05,05,0 05,05,1 05,05,2 L16
03,05,1 03,05,2 03,06,0 03,06,2 04,05,1 04,06,2 C06
02,08,0 02,08,1 02,09,2 03,06,1 03,07,1 03,07,2 S16
01,05,1 01,05,2 01,06,0 01,06,2 02,06,0 02,06,2 W06
00,05,0 00,05,1 00,05,2 00,06,0 00,06,2 01,04,1 R06
01,05,0 02,05,0 02,05,1 02,05,2 03,04,0 03,04,1 H06
03,03,0 03,03,1 03,04,2 04,03,1 04,03,2 04,04,2 Q06
02,03,0 02,03,1 02,03,2 02,04,0 02,04,1 02,04,2 U06
01,03,0 02,02,0 02,02,1 03,02,1 03,02,2 03,03,2 V06
00,03,0 00,03,1 00,04,2 01,02,0 01,02,1 02,02,2 M06
00,04,0 00,04,1 01,03,1 01,03,2 01,04,0 01,04,2 Y06
03,10,0 04,09,0 04,09,1 05,08,0 05,08,1 06,07,1 I06
04,08,0 04,08,2 05,07,0 05,07,1 05,08,2 06,07,2 R16
03,08,0 04,07,0 04,07,1 04,07,2 05,06,1 05,07,2 X06
02,09,0 02,09,1 02,10,0 02,10,2 03,08,1 03,08,2 S06
03,09,0 03,09,1 03,09,2 03,10,2 04,08,1 04,09,2 X16

                    _I06
                   X16  I06
              _S06/      \_I06
             S06  X16    X16  I06
            /      \_X16/      \_I06
            S06    X16  X16    R16  I06
             \_S06/      \_R16/      \
             S16  S06    R16  R16    R16
            /      \_X06/      \_R16/
            S16    S06  X06    X06  Y16
             \_S16/      \_X06/      \
                  S16    X06  X06    Y16
                   \_L16/      \_Y16/
                   S16  L16    Y16  Y16
                  /      \_L16/      \
                  S16    C06  L16    Y16
                   \_C06/      \_L16/
                   C06  C06    L16  L06
              _W06/      \_S26/      \_L06        _Q16
             W06  C06    S26  S26    S26  L06    Q16  Q16
        _W06/      \_L26/      \_S26/      \_L06/      \_J06
       W06  H06    C06  L26    L26  S26    Y26  L06    Q16  J06
  _R06/      \_H06/      \_L26/      \_Y26/      \_Q16/      \
 R06  W06    H06  H06    Q06  L26    Y26  Q26    L06  Q16    J06
/      \_H06/      \_H06/      \_Y26/      \_Q26/      \_J06/
R06    W06  U06    Q06  Q06    L26  Y26    Q26  Q26    J06  F06
 \_R06/      \_U06/      \_H16/      \_Y26/      \_J06/      \
 R06  R06    U06  Q06    Q06  H16    H16  Q26    Q26  F06    F06
/      \_Y06/      \_Q06/      \_H16/      \_O06/      \_F06/
Y06    Y06  U06    V06              H16    O06  O06    F06
 \_Y06/      \_U06/                  \_H16/      \_F06/
 M06  Y06    U06  V06                     O06    O06
/      \_V06/      \                       \_O06/
M06    Y06  V06    V06
 \_M06/      \_V06/
      M06    M06
       \_M06/

User-requested solution limit reached.
10 solutions, 967,569,226 searches, duration 13:35:06.033481
