solving HexatwigsTrefoil10:

solution 1 (125,238,539 searches):
03,00,0 03,00,1 03,01,0 03,01,2 04,00,1 04,00,2 O06
04,00,0 04,01,0 05,00,1 05,00,2 05,01,1 05,01,2 F06
05,00,0 06,00,0 06,00,2 06,01,0 07,00,1 07,00,2 J06
05,03,0 05,03,1 06,02,0 06,02,1 07,01,1 07,01,2 L06
05,01,0 05,02,0 06,00,1 06,01,1 06,01,2 06,02,2 U06
03,01,1 03,02,0 03,02,1 03,02,2 03,03,1 03,03,2 H16
04,01,1 04,01,2 04,02,0 04,02,2 05,02,1 05,02,2 S16
03,03,0 04,02,1 04,03,0 04,03,1 04,03,2 05,03,2 X06
08,03,0 08,03,1 09,03,0 09,03,2 10,03,1 10,03,2 M06
06,03,0 06,03,1 06,03,2 07,03,0 07,03,2 08,03,2 L16
07,05,0 08,05,0 08,05,2 09,04,0 09,04,1 09,04,2 C06
07,04,0 07,04,2 08,04,0 08,04,1 08,04,2 09,03,1 L26
05,07,0 06,07,0 06,07,2 07,06,0 07,06,1 08,05,1 W06
05,04,0 05,04,1 05,05,2 06,04,0 06,04,2 07,03,1 S06
03,05,0 04,04,0 04,04,1 04,05,0 04,05,2 05,04,2 Q26
03,04,0 03,04,1 03,04,2 03,05,1 03,05,2 04,04,2 Y26
04,06,0 05,06,0 05,06,1 05,06,2 05,07,2 06,05,1 Y06
05,05,0 05,05,1 06,04,1 06,05,0 06,05,2 07,04,1 R16
06,06,0 06,06,1 06,06,2 07,05,1 07,05,2 07,06,2 X16
02,07,0 03,07,0 03,07,2 04,05,1 04,06,1 04,06,2 V06
02,05,1 02,06,0 02,06,2 03,06,0 03,06,1 03,06,2 S26
01,05,0 01,05,1 01,06,0 01,06,2 02,05,0 02,05,2 Q06
00,06,0 00,06,1 00,07,0 00,07,2 01,06,1 01,07,2 Q16
01,08,0 01,08,1 02,06,1 02,07,1 02,07,2 02,08,2 H06
00,07,1 00,08,0 00,08,2 01,07,0 01,07,1 01,08,2 R06
00,10,0 01,09,0 01,09,1 02,08,0 02,08,1 03,07,1 I06
00,08,1 00,09,0 00,09,1 00,09,2 00,10,2 01,09,2 Y16

  _I06                                _W06
 Y16  I06                            W06  W06
/      \_I06                    _W06/      \_W06
Y16    Y16  I06                Y06  X16    X16  W06
 \_Y16/      \_I06            /      \_X16/      \_C06
 Y16  H06    H06  I06         Y06    X16  X16    C06  C06
/      \_H06/      \_V06       \_Y06/      \_C06/      \_C06
Y16    R06  H06    V06  V06    Y06  Y06    X16  L26    C06  M06
 \_R06/      \_V06/      \_Y06/      \_R16/      \_L26/      \
 R06  R06    H06  S26    V06  R16    R16  R16    L26  L26    M06
/      \_R06/      \_S26/      \_R16/      \_L26/      \_M06/
R06    Q16  H06    S26  V06    S06  R16    L26  M06    M06
 \_Q16/      \_S26/      \_Q26/      \_S06/      \_M06/
 Q16  Q16    S26  Y26    Q26  S06    S06  S06    L16
/      \_Q06/      \_Q26/      \_S06/      \_L16/
Q16    Q06  S26    Y26  Q26    Q26  L16    L16
 \_Q16/      \_Q06/      \_Q26/      \_L16/
      Q06    Q06  Y26    Y26  L06    L16
       \_Q06/      \_Y26/      \_L06/
                   Y26  X06    X06  L06
                  /      \_X06/      \_L06
                  H16    X06  S16    U06  L06
                   \_X06/      \_U06/      \
                   H16  X06    S16  U06    L06
                  /      \_S16/      \_J06/
                  H16    S16  F06    U06  J06
                   \_H16/      \_U06/      \
                   H16  S16    F06  U06    J06
                  /      \_F06/      \_J06/
                  H16    S16  F06    J06
                   \_O06/      \_J06/
                   O06  O06    F06
                  /      \_F06/
                  O06    O06
                   \_O06/

solution 2 (125,238,543 searches):
03,00,0 03,00,1 03,01,0 03,01,2 04,00,1 04,00,2 O06
04,00,0 04,01,0 05,00,1 05,00,2 05,01,1 05,01,2 F06
05,00,0 06,00,0 06,00,2 06,01,0 07,00,1 07,00,2 J06
05,03,0 05,03,1 06,02,0 06,02,1 07,01,1 07,01,2 L06
05,01,0 05,02,0 06,00,1 06,01,1 06,01,2 06,02,2 U06
03,01,1 03,02,0 03,02,1 03,02,2 03,03,1 03,03,2 H16
04,01,1 04,01,2 04,02,0 04,02,2 05,02,1 05,02,2 S16
03,03,0 04,02,1 04,03,0 04,03,1 04,03,2 05,03,2 X06
08,03,0 08,03,1 09,03,0 09,03,2 10,03,1 10,03,2 M06
06,03,0 06,03,1 06,03,2 07,03,0 07,03,2 08,03,2 L16
07,05,0 08,05,0 08,05,2 09,04,0 09,04,1 09,04,2 C06
07,04,0 07,04,2 08,04,0 08,04,1 08,04,2 09,03,1 L26
05,07,0 06,07,0 06,07,2 07,06,0 07,06,1 08,05,1 W06
05,04,0 05,04,1 05,05,2 06,04,0 06,04,2 07,03,1 S06
03,05,0 04,04,0 04,04,1 04,05,0 04,05,2 05,04,2 Q26
03,04,0 03,04,1 03,04,2 03,05,1 03,05,2 04,04,2 Y26
04,06,0 05,06,0 05,06,1 05,06,2 05,07,2 06,05,1 Y06
05,05,0 05,05,1 06,04,1 06,05,0 06,05,2 07,04,1 R16
06,06,0 06,06,1 06,06,2 07,05,1 07,05,2 07,06,2 X16
02,07,0 03,07,0 03,07,2 04,05,1 04,06,1 04,06,2 V06
02,05,1 02,06,0 02,06,2 03,06,0 03,06,1 03,06,2 S26
01,05,0 01,05,1 01,06,0 01,06,2 02,05,0 02,05,2 Q06
00,06,0 00,06,1 00,07,0 00,07,2 01,06,1 01,07,2 Q16
00,08,0 01,07,0 01,07,1 01,08,1 01,08,2 02,06,1 H06
00,07,1 00,08,1 00,08,2 00,09,1 00,09,2 00,10,2 I06
00,09,0 00,10,0 01,09,0 01,09,1 01,09,2 02,08,1 Y16
01,08,0 02,07,1 02,07,2 02,08,0 02,08,2 03,07,1 R06

  _Y16                                _W06
 I06  Y16                            W06  W06
/      \_Y16                    _W06/      \_W06
I06    Y16  Y16                Y06  X16    X16  W06
 \_Y16/      \_R06            /      \_X16/      \_C06
 I06  H06    R06  R06         Y06    X16  X16    C06  C06
/      \_R06/      \_V06       \_Y06/      \_C06/      \_C06
I06    H06  R06    V06  V06    Y06  Y06    X16  L26    C06  M06
 \_H06/      \_V06/      \_Y06/      \_R16/      \_L26/      \
 I06  H06    R06  S26    V06  R16    R16  R16    L26  L26    M06
/      \_H06/      \_S26/      \_R16/      \_L26/      \_M06/
I06    Q16  H06    S26  V06    S06  R16    L26  M06    M06
 \_Q16/      \_S26/      \_Q26/      \_S06/      \_M06/
 Q16  Q16    S26  Y26    Q26  S06    S06  S06    L16
/      \_Q06/      \_Q26/      \_S06/      \_L16/
Q16    Q06  S26    Y26  Q26    Q26  L16    L16
 \_Q16/      \_Q06/      \_Q26/      \_L16/
      Q06    Q06  Y26    Y26  L06    L16
       \_Q06/      \_Y26/      \_L06/
                   Y26  X06    X06  L06
                  /      \_X06/      \_L06
                  H16    X06  S16    U06  L06
                   \_X06/      \_U06/      \
                   H16  X06    S16  U06    L06
                  /      \_S16/      \_J06/
                  H16    S16  F06    U06  J06
                   \_H16/      \_U06/      \
                   H16  S16    F06  U06    J06
                  /      \_F06/      \_J06/
                  H16    S16  F06    J06
                   \_O06/      \_J06/
                   O06  O06    F06
                  /      \_F06/
                  O06    O06
                   \_O06/

solution 3 (145,740,852 searches):
03,00,0 03,00,1 03,01,0 03,01,2 04,00,1 04,00,2 O06
04,00,0 04,01,0 05,00,1 05,00,2 05,01,1 05,01,2 F06
05,00,0 06,00,0 06,00,2 06,01,0 07,00,1 07,00,2 J06
05,03,0 05,03,1 06,02,0 06,02,1 07,01,1 07,01,2 L06
05,01,0 05,02,0 06,00,1 06,01,1 06,01,2 06,02,2 U06
03,01,1 03,02,0 03,02,1 03,02,2 03,03,1 03,03,2 H16
04,01,1 04,01,2 04,02,0 04,02,2 05,02,1 05,02,2 S16
03,03,0 04,02,1 04,03,0 04,03,1 04,03,2 05,03,2 X06
09,03,0 09,03,2 09,04,0 09,04,2 10,03,1 10,03,2 Q06
06,06,0 07,06,0 07,06,2 08,05,0 08,05,1 09,04,1 W06
05,06,1 05,07,0 05,07,2 06,07,0 06,07,2 07,06,1 M06
05,06,0 05,06,2 06,05,0 06,05,1 06,06,1 06,06,2 Y06
07,04,0 08,03,1 08,04,0 08,04,1 08,04,2 09,03,1 X16
07,04,1 07,04,2 07,05,0 07,05,1 07,05,2 08,05,2 H06
06,03,0 06,03,2 07,03,0 07,03,2 08,03,0 08,03,2 I06
06,03,1 06,04,0 06,04,1 06,04,2 06,05,2 07,03,1 Y16
00,09,0 00,09,1 00,09,2 00,10,0 00,10,2 01,08,1 R06
01,09,0 01,09,1 01,09,2 02,08,0 02,08,1 03,07,1 L16
00,07,0 00,07,1 00,08,1 00,08,2 01,06,1 01,07,2 C06
00,06,0 00,06,1 00,07,2 01,06,0 01,06,2 02,05,1 S06
01,05,0 01,05,1 02,05,0 02,05,2 03,04,1 03,05,2 S26
03,04,0 03,04,2 03,05,0 03,05,1 04,04,1 04,04,2 V06
04,04,0 05,04,0 05,04,1 05,04,2 05,05,0 05,05,2 R16
04,05,0 04,05,1 04,05,2 04,06,0 04,06,2 05,05,1 Q16
02,07,0 03,06,0 03,06,1 03,07,0 03,07,2 04,06,1 Q26
01,07,0 01,07,1 02,06,0 02,06,1 02,06,2 03,06,2 L26
00,08,0 01,08,0 01,08,2 02,07,1 02,07,2 02,08,2 Y26

  _R06                                _M06
 R06  L16                            M06  M06
/      \_L16                    _M06/      \_W06
R06    L16  L16                M06  Y06    W06  W06
 \_R06/      \_L16            /      \_W06/      \_W06
 R06  R06    Y26  L16         M06    Y06  H06    H06  W06
/      \_Y26/      \_Q26       \_Y06/      \_H06/      \_Q06
C06    Y26  Y26    Q26  Q26    Y06  Y06    H06  X16    Q06  Q06
 \_Y26/      \_Q26/      \_Q16/      \_Y06/      \_X16/      \
 C06  L26    Y26  Q26    Q16  Q16    Y16  H06    X16  X16    Q06
/      \_L26/      \_Q26/      \_R16/      \_X16/      \_Q06/
C06    C06  L26    L26  Q16    R16  Y16    H06  X16    Q06
 \_C06/      \_L26/      \_Q16/      \_Y16/      \_I06/
 S06  C06    L26  V06    Q16  R16    Y16  Y16    I06
/      \_S06/      \_V06/      \_R16/      \_I06/
S06    S06  S06    S26  V06    R16  Y16    I06
 \_S06/      \_S26/      \_R16/      \_I06/
      S26    S26  S26    V06  L06    I06
       \_S26/      \_V06/      \_L06/
                   V06  X06    X06  L06
                  /      \_X06/      \_L06
                  H16    X06  S16    U06  L06
                   \_X06/      \_U06/      \
                   H16  X06    S16  U06    L06
                  /      \_S16/      \_J06/
                  H16    S16  F06    U06  J06
                   \_H16/      \_U06/      \
                   H16  S16    F06  U06    J06
                  /      \_F06/      \_J06/
                  H16    S16  F06    J06
                   \_O06/      \_J06/
                   O06  O06    F06
                  /      \_F06/
                  O06    O06
                   \_O06/

solution 4 (161,615,986 searches):
03,00,0 03,00,1 03,01,0 03,01,2 04,00,1 04,00,2 O06
04,00,0 04,01,0 05,00,1 05,00,2 05,01,1 05,01,2 F06
05,00,0 06,00,0 06,00,2 06,01,0 07,00,1 07,00,2 J06
05,03,0 05,03,1 06,02,0 06,02,1 07,01,1 07,01,2 L06
05,01,0 05,02,0 06,00,1 06,01,1 06,01,2 06,02,2 U06
03,01,1 03,02,0 03,02,1 03,02,2 03,03,1 03,03,2 H16
04,01,1 04,01,2 04,02,0 04,02,2 05,02,1 05,02,2 S16
03,03,0 04,02,1 04,03,0 04,03,1 04,03,2 05,03,2 X06
09,03,0 09,03,1 09,03,2 09,04,0 10,03,1 10,03,2 Q16
00,10,0 01,09,0 01,09,1 02,08,0 02,08,1 03,07,1 I06
00,08,1 00,09,0 00,09,1 00,09,2 00,10,2 01,09,2 Y16
07,05,0 08,04,0 08,05,0 08,05,2 09,04,1 09,04,2 Q06
06,06,0 07,05,1 07,05,2 07,06,0 07,06,2 08,05,1 R06
05,06,1 05,07,0 05,07,2 06,07,0 06,07,2 07,06,1 M06
04,06,0 05,06,0 05,06,2 06,05,1 06,06,1 06,06,2 L26
07,04,0 07,04,2 08,03,0 08,03,1 08,04,1 08,04,2 Y06
05,05,0 05,05,1 06,04,1 06,05,0 06,05,2 07,04,1 R16
06,03,0 06,03,1 06,03,2 07,03,0 07,03,2 08,03,2 L16
05,04,0 05,04,1 05,05,2 06,04,0 06,04,2 07,03,1 S06
03,05,0 04,04,0 04,04,1 04,05,0 04,05,2 05,04,2 Q26
03,04,0 03,04,1 03,04,2 03,05,1 03,05,2 04,04,2 Y26
02,07,0 03,07,0 03,07,2 04,05,1 04,06,1 04,06,2 V06
02,05,1 02,06,0 02,06,2 03,06,0 03,06,1 03,06,2 S26
00,06,0 01,05,0 01,05,1 01,06,2 02,05,0 02,05,2 C06
00,07,0 01,06,0 01,06,1 01,07,0 01,07,1 01,07,2 X16
01,08,0 01,08,1 02,06,1 02,07,1 02,07,2 02,08,2 H06
00,06,1 00,07,1 00,07,2 00,08,0 00,08,2 01,08,2 W06

  _I06                                _M06
 Y16  I06                            M06  M06
/      \_I06                    _M06/      \_R06
Y16    Y16  I06                M06  L26    R06  R06
 \_Y16/      \_I06            /      \_R06/      \_Q06
 Y16  H06    H06  I06         M06    L26  R06    Q06  Q06
/      \_H06/      \_V06       \_L26/      \_Q06/      \_Q16
Y16    W06  H06    V06  V06    L26  L26    R06  Y06    Q06  Q16
 \_W06/      \_V06/      \_L26/      \_R16/      \_Q06/      \
 W06  X16    H06  S26    V06  R16    R16  R16    Y06  Q16    Q16
/      \_X16/      \_S26/      \_R16/      \_Y06/      \_Q16/
W06    X16  H06    S26  V06    S06  R16    Y06  Y06    Q16
 \_X16/      \_S26/      \_Q26/      \_S06/      \_Y06/
 W06  X16    S26  Y26    Q26  S06    S06  S06    L16
/      \_X16/      \_Q26/      \_S06/      \_L16/
W06    C06  S26    Y26  Q26    Q26  L16    L16
 \_C06/      \_C06/      \_Q26/      \_L16/
      C06    C06  Y26    Y26  L06    L16
       \_C06/      \_Y26/      \_L06/
                   Y26  X06    X06  L06
                  /      \_X06/      \_L06
                  H16    X06  S16    U06  L06
                   \_X06/      \_U06/      \
                   H16  X06    S16  U06    L06
                  /      \_S16/      \_J06/
                  H16    S16  F06    U06  J06
                   \_H16/      \_U06/      \
                   H16  S16    F06  U06    J06
                  /      \_F06/      \_J06/
                  H16    S16  F06    J06
                   \_O06/      \_J06/
                   O06  O06    F06
                  /      \_F06/
                  O06    O06
                   \_O06/

solution 5 (161,615,991 searches):
03,00,0 03,00,1 03,01,0 03,01,2 04,00,1 04,00,2 O06
04,00,0 04,01,0 05,00,1 05,00,2 05,01,1 05,01,2 F06
05,00,0 06,00,0 06,00,2 06,01,0 07,00,1 07,00,2 J06
05,03,0 05,03,1 06,02,0 06,02,1 07,01,1 07,01,2 L06
05,01,0 05,02,0 06,00,1 06,01,1 06,01,2 06,02,2 U06
03,01,1 03,02,0 03,02,1 03,02,2 03,03,1 03,03,2 H16
04,01,1 04,01,2 04,02,0 04,02,2 05,02,1 05,02,2 S16
03,03,0 04,02,1 04,03,0 04,03,1 04,03,2 05,03,2 X06
09,03,0 09,03,1 09,03,2 09,04,0 10,03,1 10,03,2 Q16
00,10,0 01,09,0 01,09,1 02,08,0 02,08,1 03,07,1 I06
00,08,1 00,09,0 00,09,1 00,09,2 00,10,2 01,09,2 Y16
07,05,0 08,04,0 08,05,0 08,05,2 09,04,1 09,04,2 Q06
06,06,0 07,05,1 07,05,2 07,06,0 07,06,2 08,05,1 R06
05,06,1 05,07,0 05,07,2 06,07,0 06,07,2 07,06,1 M06
04,06,0 05,06,0 05,06,2 06,05,1 06,06,1 06,06,2 L26
07,04,0 07,04,2 08,03,0 08,03,1 08,04,1 08,04,2 Y06
05,05,0 05,05,1 06,04,1 06,05,0 06,05,2 07,04,1 R16
06,03,0 06,03,1 06,03,2 07,03,0 07,03,2 08,03,2 L16
05,04,0 05,04,1 05,05,2 06,04,0 06,04,2 07,03,1 S06
03,05,0 04,04,0 04,04,1 04,05,0 04,05,2 05,04,2 Q26
03,04,0 03,04,1 03,04,2 03,05,1 03,05,2 04,04,2 Y26
02,07,0 03,07,0 03,07,2 04,05,1 04,06,1 04,06,2 V06
02,05,1 02,06,0 02,06,2 03,06,0 03,06,1 03,06,2 S26
00,06,0 00,06,1 01,05,0 01,05,1 02,05,0 02,05,2 W06
00,07,1 00,07,2 00,08,0 00,08,2 01,07,1 01,08,2 C06
00,07,0 01,06,0 01,06,1 01,06,2 01,07,0 01,07,2 X16
01,08,0 01,08,1 02,06,1 02,07,1 02,07,2 02,08,2 H06

  _I06                                _M06
 Y16  I06                            M06  M06
/      \_I06                    _M06/      \_R06
Y16    Y16  I06                M06  L26    R06  R06
 \_Y16/      \_I06            /      \_R06/      \_Q06
 Y16  H06    H06  I06         M06    L26  R06    Q06  Q06
/      \_H06/      \_V06       \_L26/      \_Q06/      \_Q16
Y16    C06  H06    V06  V06    L26  L26    R06  Y06    Q06  Q16
 \_C06/      \_V06/      \_L26/      \_R16/      \_Q06/      \
 C06  C06    H06  S26    V06  R16    R16  R16    Y06  Q16    Q16
/      \_X16/      \_S26/      \_R16/      \_Y06/      \_Q16/
C06    X16  H06    S26  V06    S06  R16    Y06  Y06    Q16
 \_X16/      \_S26/      \_Q26/      \_S06/      \_Y06/
 C06  X16    S26  Y26    Q26  S06    S06  S06    L16
/      \_X16/      \_Q26/      \_S06/      \_L16/
W06    X16  S26    Y26  Q26    Q26  L16    L16
 \_W06/      \_W06/      \_Q26/      \_L16/
      W06    W06  Y26    Y26  L06    L16
       \_W06/      \_Y26/      \_L06/
                   Y26  X06    X06  L06
                  /      \_X06/      \_L06
                  H16    X06  S16    U06  L06
                   \_X06/      \_U06/      \
                   H16  X06    S16  U06    L06
                  /      \_S16/      \_J06/
                  H16    S16  F06    U06  J06
                   \_H16/      \_U06/      \
                   H16  S16    F06  U06    J06
                  /      \_F06/      \_J06/
                  H16    S16  F06    J06
                   \_O06/      \_J06/
                   O06  O06    F06
                  /      \_F06/
                  O06    O06
                   \_O06/

solution 6 (231,794,809 searches):
03,00,0 03,00,1 03,01,0 03,01,2 04,00,1 04,00,2 O06
04,00,0 04,01,0 05,00,1 05,00,2 05,01,1 05,01,2 F06
05,00,0 06,00,0 06,00,2 06,01,0 07,00,1 07,00,2 J06
05,03,0 05,03,1 06,02,0 06,02,1 07,01,1 07,01,2 L06
05,01,0 05,02,0 06,00,1 06,01,1 06,01,2 06,02,2 U06
03,01,1 03,02,1 03,02,2 03,03,1 03,03,2 03,04,2 I06
03,02,0 04,01,1 04,01,2 04,02,0 04,02,1 04,02,2 X06
03,03,0 04,03,0 04,03,2 05,02,1 05,02,2 05,03,2 Y26
08,03,0 08,03,1 09,03,0 09,03,2 10,03,1 10,03,2 M06
06,03,0 06,03,2 07,03,0 07,03,1 07,03,2 08,03,2 H16
07,06,0 08,05,0 08,05,1 09,04,0 09,04,1 09,04,2 L16
07,05,0 07,05,2 08,04,0 08,04,1 08,05,2 09,03,1 L26
05,05,0 06,04,0 06,04,1 07,04,0 07,04,2 08,04,2 W06
06,05,0 06,05,1 06,05,2 06,06,0 06,06,2 07,04,1 R06
06,06,1 06,07,0 06,07,2 07,05,1 07,06,1 07,06,2 Q06
04,06,0 05,06,0 05,06,1 05,06,2 05,07,0 05,07,2 R16
05,04,0 05,04,1 05,05,1 05,05,2 06,03,1 06,04,2 C06
03,05,0 04,03,1 04,04,0 04,04,1 04,04,2 05,04,2 Y06
01,05,0 01,05,1 02,05,0 02,05,2 03,04,0 03,04,1 S16
03,07,0 04,05,0 04,05,1 04,05,2 04,06,1 04,06,2 S26
02,06,0 02,06,1 02,06,2 03,05,1 03,05,2 03,06,2 X16
01,07,0 02,07,0 02,07,2 03,06,0 03,06,1 03,07,2 H06
00,06,0 00,06,1 00,07,2 01,06,0 01,06,2 02,05,1 S06
01,09,0 02,07,1 02,08,0 02,08,1 02,08,2 03,07,1 Y16
00,08,0 00,08,1 00,09,1 00,09,2 01,08,0 01,08,2 V06
00,09,0 00,10,0 00,10,2 01,08,1 01,09,1 01,09,2 Q16
00,07,0 00,07,1 00,08,2 01,06,1 01,07,1 01,07,2 Q26

  _Q16                                _Q06
 Q16  Q16                            Q06  Q06
/      \_Y16                    _R16/      \_L16
V06    Q16  Y16                R16  Q06    Q06  L16
 \_Q16/      \_Y16            /      \_R06/      \_L16
 V06  Q16    Y16  Y16         R16    R06  Q06    L26  L16
/      \_V06/      \_S26       \_R16/      \_L26/      \_L16
V06    V06  Y16    H06  S26    R16  R06    L26  L26    L16  M06
 \_V06/      \_H06/      \_R16/      \_R06/      \_L26/      \
 Q26  Q26    H06  H06    S26  C06    R06  R06    W06  L26    M06
/      \_H06/      \_H06/      \_W06/      \_W06/      \_M06/
Q26    Q26  X16    X16  S26    C06  W06    W06  M06    M06
 \_Q26/      \_X16/      \_S26/      \_W06/      \_M06/
 S06  Q26    X16  X16    S26  C06    C06  H16    H16
/      \_S06/      \_Y06/      \_C06/      \_H16/
S06    S06  S06    X16  Y06    Y06  C06    H16
 \_S06/      \_S16/      \_Y06/      \_H16/
      S16    S16  S16    Y06  L06    H16
       \_S16/      \_S16/      \_L06/
                   I06  Y06    Y26  L06
                  /      \_Y26/      \_L06
                  I06    Y26  Y26    U06  L06
                   \_Y26/      \_U06/      \
                   I06  X06    Y26  U06    L06
                  /      \_X06/      \_J06/
                  I06    X06  F06    U06  J06
                   \_X06/      \_U06/      \
                   I06  X06    F06  U06    J06
                  /      \_F06/      \_J06/
                  I06    X06  F06    J06
                   \_O06/      \_J06/
                   O06  O06    F06
                  /      \_F06/
                  O06    O06
                   \_O06/

solution 7 (281,904,303 searches):
03,00,0 03,00,1 03,01,0 03,01,2 04,00,1 04,00,2 O06
04,00,0 04,01,0 05,00,1 05,00,2 05,01,1 05,01,2 F06
05,00,0 06,00,0 06,00,2 06,01,0 07,00,1 07,00,2 J06
05,03,0 05,03,1 06,02,0 06,02,1 07,01,1 07,01,2 L06
05,01,0 05,02,0 06,00,1 06,01,1 06,01,2 06,02,2 U06
03,01,1 03,02,1 03,02,2 03,03,1 03,03,2 03,04,2 I06
03,02,0 04,01,1 04,01,2 04,02,0 04,02,1 04,02,2 X06
03,03,0 04,03,0 04,03,2 05,02,1 05,02,2 05,03,2 Y26
09,03,0 09,03,1 09,03,2 09,04,0 10,03,1 10,03,2 Q16
00,09,0 00,09,1 00,10,0 00,10,2 01,08,1 01,09,1 Q06
01,09,0 01,09,2 02,08,0 02,08,1 03,07,1 03,07,2 M06
00,07,0 00,07,1 00,08,1 00,08,2 00,09,2 01,06,1 W06
00,06,0 00,06,1 00,07,2 01,06,0 01,06,2 02,05,1 S06
01,05,0 01,05,1 02,05,0 02,05,2 03,04,0 03,04,1 S16
04,03,1 04,04,0 04,04,1 04,04,2 05,04,0 05,04,2 L26
06,03,1 06,03,2 06,04,0 06,04,1 06,04,2 06,05,2 H16
06,03,0 07,03,1 07,03,2 07,04,0 07,04,1 07,04,2 S26
07,03,0 08,03,0 08,03,1 08,03,2 08,04,0 08,04,2 R16
08,04,1 08,05,0 08,05,1 08,05,2 09,04,1 09,04,2 Q26
03,07,0 04,06,0 04,06,1 05,05,0 05,05,1 05,05,2 L16
03,05,0 04,05,0 04,05,1 04,05,2 04,06,2 05,04,1 Y06
02,06,0 02,06,2 03,05,1 03,05,2 03,06,0 03,06,2 Y16
01,07,0 02,06,1 02,07,0 02,07,1 02,07,2 03,06,1 X16
00,08,0 01,07,1 01,07,2 01,08,0 01,08,2 02,08,2 H06
05,06,0 06,05,0 06,05,1 06,06,2 07,05,0 07,05,2 C06
05,06,1 05,06,2 05,07,0 05,07,2 06,06,0 06,06,1 V06
06,07,0 06,07,2 07,05,1 07,06,0 07,06,1 07,06,2 R06

  _Q06                                _R06
 Q06  Q06                            R06  R06
/      \_M06                    _V06/      \_R06
Q06    M06  M06                V06  V06    R06  Q26
 \_Q06/      \_M06            /      \_V06/      \_Q26
 W06  Q06    H06  M06         V06    C06  R06    Q26  Q26
/      \_H06/      \_L16       \_C06/      \_C06/      \_Q16
W06    H06  X16    M06  L16    V06  C06    C06  Q26    Q26  Q16
 \_H06/      \_X16/      \_L16/      \_C06/      \_R16/      \
 W06  H06    X16  X16    Y06  L16    H16  S26    R16  Q16    Q16
/      \_X16/      \_Y16/      \_L16/      \_S26/      \_Q16/
W06    H06  X16    Y16  Y06    L16  H16    S26  R16    Q16
 \_W06/      \_Y16/      \_Y06/      \_H16/      \_R16/
 S06  W06    Y16  Y16    Y06  Y06    H16  S26    R16
/      \_S06/      \_Y06/      \_L26/      \_R16/
S06    S06  S06    Y16  L26    L26  H16    S26
 \_S06/      \_S16/      \_L26/      \_S26/
      S16    S16  S16    L26  L06    H16
       \_S16/      \_S16/      \_L06/
                   I06  L26    Y26  L06
                  /      \_Y26/      \_L06
                  I06    Y26  Y26    U06  L06
                   \_Y26/      \_U06/      \
                   I06  X06    Y26  U06    L06
                  /      \_X06/      \_J06/
                  I06    X06  F06    U06  J06
                   \_X06/      \_U06/      \
                   I06  X06    F06  U06    J06
                  /      \_F06/      \_J06/
                  I06    X06  F06    J06
                   \_O06/      \_J06/
                   O06  O06    F06
                  /      \_F06/
                  O06    O06
                   \_O06/

solution 8 (281,931,172 searches):
03,00,0 03,00,1 03,01,0 03,01,2 04,00,1 04,00,2 O06
04,00,0 04,01,0 05,00,1 05,00,2 05,01,1 05,01,2 F06
05,00,0 06,00,0 06,00,2 06,01,0 07,00,1 07,00,2 J06
05,03,0 05,03,1 06,02,0 06,02,1 07,01,1 07,01,2 L06
05,01,0 05,02,0 06,00,1 06,01,1 06,01,2 06,02,2 U06
03,01,1 03,02,1 03,02,2 03,03,1 03,03,2 03,04,2 I06
03,02,0 04,01,1 04,01,2 04,02,0 04,02,1 04,02,2 X06
03,03,0 04,03,0 04,03,2 05,02,1 05,02,2 05,03,2 Y26
09,03,0 09,03,1 09,03,2 09,04,0 10,03,1 10,03,2 Q16
00,09,0 00,09,1 00,10,0 00,10,2 01,08,1 01,09,1 Q06
01,09,0 01,09,2 02,08,0 02,08,1 03,07,1 03,07,2 M06
00,07,0 00,07,1 00,08,1 00,08,2 00,09,2 01,06,1 W06
00,06,0 00,06,1 00,07,2 01,06,0 01,06,2 02,05,1 S06
01,05,0 01,05,1 02,05,0 02,05,2 03,04,0 03,04,1 S16
03,05,0 04,03,1 04,04,0 04,04,1 04,04,2 05,04,2 Y06
02,06,0 02,06,2 03,05,1 03,05,2 03,06,0 03,06,2 Y16
01,07,0 02,06,1 02,07,0 02,07,1 02,07,2 03,06,1 X16
00,08,0 01,07,1 01,07,2 01,08,0 01,08,2 02,08,2 H06
03,07,0 04,06,0 04,06,1 05,05,0 05,05,1 05,05,2 L16
04,05,0 04,05,1 04,05,2 04,06,2 05,04,0 05,04,1 L26
06,03,1 06,03,2 06,04,0 06,04,1 06,04,2 06,05,2 H16
06,03,0 07,03,1 07,03,2 07,04,0 07,04,1 07,04,2 S26
07,03,0 08,03,0 08,03,1 08,03,2 08,04,0 08,04,2 R16
08,04,1 08,05,0 08,05,1 08,05,2 09,04,1 09,04,2 Q26
05,06,0 06,05,0 06,05,1 06,06,2 07,05,0 07,05,2 C06
05,06,1 05,06,2 05,07,0 05,07,2 06,06,0 06,06,1 V06
06,07,0 06,07,2 07,05,1 07,06,0 07,06,1 07,06,2 R06

  _Q06                                _R06
 Q06  Q06                            R06  R06
/      \_M06                    _V06/      \_R06
Q06    M06  M06                V06  V06    R06  Q26
 \_Q06/      \_M06            /      \_V06/      \_Q26
 W06  Q06    H06  M06         V06    C06  R06    Q26  Q26
/      \_H06/      \_L16       \_C06/      \_C06/      \_Q16
W06    H06  X16    M06  L16    V06  C06    C06  Q26    Q26  Q16
 \_H06/      \_X16/      \_L16/      \_C06/      \_R16/      \
 W06  H06    X16  X16    L26  L16    H16  S26    R16  Q16    Q16
/      \_X16/      \_Y16/      \_L16/      \_S26/      \_Q16/
W06    H06  X16    Y16  L26    L16  H16    S26  R16    Q16
 \_W06/      \_Y16/      \_L26/      \_H16/      \_R16/
 S06  W06    Y16  Y16    L26  L26    H16  S26    R16
/      \_S06/      \_Y06/      \_L26/      \_R16/
S06    S06  S06    Y16  Y06    Y06  H16    S26
 \_S06/      \_S16/      \_Y06/      \_S26/
      S16    S16  S16    Y06  L06    H16
       \_S16/      \_S16/      \_L06/
                   I06  Y06    Y26  L06
                  /      \_Y26/      \_L06
                  I06    Y26  Y26    U06  L06
                   \_Y26/      \_U06/      \
                   I06  X06    Y26  U06    L06
                  /      \_X06/      \_J06/
                  I06    X06  F06    U06  J06
                   \_X06/      \_U06/      \
                   I06  X06    F06  U06    J06
                  /      \_F06/      \_J06/
                  I06    X06  F06    J06
                   \_O06/      \_J06/
                   O06  O06    F06
                  /      \_F06/
                  O06    O06
                   \_O06/

solution 9 (281,931,747 searches):
03,00,0 03,00,1 03,01,0 03,01,2 04,00,1 04,00,2 O06
04,00,0 04,01,0 05,00,1 05,00,2 05,01,1 05,01,2 F06
05,00,0 06,00,0 06,00,2 06,01,0 07,00,1 07,00,2 J06
05,03,0 05,03,1 06,02,0 06,02,1 07,01,1 07,01,2 L06
05,01,0 05,02,0 06,00,1 06,01,1 06,01,2 06,02,2 U06
03,01,1 03,02,1 03,02,2 03,03,1 03,03,2 03,04,2 I06
03,02,0 04,01,1 04,01,2 04,02,0 04,02,1 04,02,2 X06
03,03,0 04,03,0 04,03,2 05,02,1 05,02,2 05,03,2 Y26
09,03,0 09,03,1 09,03,2 09,04,0 10,03,1 10,03,2 Q16
00,09,0 00,09,1 00,10,0 00,10,2 01,08,1 01,09,1 Q06
01,09,0 01,09,2 02,08,0 02,08,1 03,07,1 03,07,2 M06
00,07,0 00,07,1 00,08,1 00,08,2 00,09,2 01,06,1 W06
00,06,0 00,06,1 00,07,2 01,06,0 01,06,2 02,05,1 S06
01,05,0 01,05,1 02,05,0 02,05,2 03,04,0 03,04,1 S16
03,05,0 04,03,1 04,04,0 04,04,1 04,04,2 05,04,2 Y06
02,06,0 02,06,2 03,05,1 03,05,2 03,06,0 03,06,2 Y16
01,07,0 02,06,1 02,07,0 02,07,1 02,07,2 03,06,1 X16
00,08,0 01,07,1 01,07,2 01,08,0 01,08,2 02,08,2 H06
03,07,0 04,05,0 04,05,1 04,05,2 04,06,1 04,06,2 S26
08,04,1 08,05,0 08,05,1 08,05,2 09,04,1 09,04,2 Q26
07,03,1 07,04,0 07,04,1 07,04,2 08,04,0 08,04,2 L26
06,03,0 07,03,0 07,03,2 08,03,0 08,03,1 08,03,2 L16
06,03,1 06,03,2 06,04,0 06,04,1 06,04,2 06,05,2 H16
04,06,0 05,04,0 05,04,1 05,05,0 05,05,1 05,05,2 R16
05,06,0 06,05,0 06,05,1 06,06,2 07,05,0 07,05,2 C06
05,06,1 05,06,2 05,07,0 05,07,2 06,06,0 06,06,1 V06
06,07,0 06,07,2 07,05,1 07,06,0 07,06,1 07,06,2 R06

  _Q06                                _R06
 Q06  Q06                            R06  R06
/      \_M06                    _V06/      \_R06
Q06    M06  M06                V06  V06    R06  Q26
 \_Q06/      \_M06            /      \_V06/      \_Q26
 W06  Q06    H06  M06         V06    C06  R06    Q26  Q26
/      \_H06/      \_S26       \_C06/      \_C06/      \_Q16
W06    H06  X16    M06  S26    V06  C06    C06  Q26    Q26  Q16
 \_H06/      \_X16/      \_R16/      \_C06/      \_L26/      \
 W06  H06    X16  X16    S26  R16    H16  L26    L26  Q16    Q16
/      \_X16/      \_Y16/      \_R16/      \_L26/      \_Q16/
W06    H06  X16    Y16  S26    R16  H16    L26  L16    Q16
 \_W06/      \_Y16/      \_S26/      \_H16/      \_L16/
 S06  W06    Y16  Y16    S26  R16    H16  L26    L16
/      \_S06/      \_Y06/      \_R16/      \_L16/
S06    S06  S06    Y16  Y06    Y06  H16    L16
 \_S06/      \_S16/      \_Y06/      \_L16/
      S16    S16  S16    Y06  L06    H16
       \_S16/      \_S16/      \_L06/
                   I06  Y06    Y26  L06
                  /      \_Y26/      \_L06
                  I06    Y26  Y26    U06  L06
                   \_Y26/      \_U06/      \
                   I06  X06    Y26  U06    L06
                  /      \_X06/      \_J06/
                  I06    X06  F06    U06  J06
                   \_X06/      \_U06/      \
                   I06  X06    F06  U06    J06
                  /      \_F06/      \_J06/
                  I06    X06  F06    J06
                   \_O06/      \_J06/
                   O06  O06    F06
                  /      \_F06/
                  O06    O06
                   \_O06/

solution 10 (281,931,756 searches):
03,00,0 03,00,1 03,01,0 03,01,2 04,00,1 04,00,2 O06
04,00,0 04,01,0 05,00,1 05,00,2 05,01,1 05,01,2 F06
05,00,0 06,00,0 06,00,2 06,01,0 07,00,1 07,00,2 J06
05,03,0 05,03,1 06,02,0 06,02,1 07,01,1 07,01,2 L06
05,01,0 05,02,0 06,00,1 06,01,1 06,01,2 06,02,2 U06
03,01,1 03,02,1 03,02,2 03,03,1 03,03,2 03,04,2 I06
03,02,0 04,01,1 04,01,2 04,02,0 04,02,1 04,02,2 X06
03,03,0 04,03,0 04,03,2 05,02,1 05,02,2 05,03,2 Y26
09,03,0 09,03,1 09,03,2 09,04,0 10,03,1 10,03,2 Q16
00,09,0 00,09,1 00,10,0 00,10,2 01,08,1 01,09,1 Q06
01,09,0 01,09,2 02,08,0 02,08,1 03,07,1 03,07,2 M06
00,07,0 00,07,1 00,08,1 00,08,2 00,09,2 01,06,1 W06
00,06,0 00,06,1 00,07,2 01,06,0 01,06,2 02,05,1 S06
01,05,0 01,05,1 02,05,0 02,05,2 03,04,0 03,04,1 S16
03,05,0 04,03,1 04,04,0 04,04,1 04,04,2 05,04,2 Y06
02,06,0 02,06,2 03,05,1 03,05,2 03,06,0 03,06,2 Y16
01,07,0 02,06,1 02,07,0 02,07,1 02,07,2 03,06,1 X16
00,08,0 01,07,1 01,07,2 01,08,0 01,08,2 02,08,2 H06
03,07,0 04,05,0 04,05,1 04,05,2 04,06,1 04,06,2 S26
08,04,1 08,05,0 08,05,1 08,05,2 09,04,1 09,04,2 Q26
07,03,1 07,04,0 07,04,1 07,04,2 08,04,0 08,04,2 L26
06,03,0 07,03,0 07,03,2 08,03,0 08,03,1 08,03,2 L16
05,04,0 05,04,1 05,05,2 06,03,1 06,03,2 06,04,2 R16
04,06,0 05,05,0 05,05,1 06,04,0 06,04,1 06,05,2 H16
05,06,0 06,05,0 06,05,1 06,06,2 07,05,0 07,05,2 C06
05,06,1 05,06,2 05,07,0 05,07,2 06,06,0 06,06,1 V06
06,07,0 06,07,2 07,05,1 07,06,0 07,06,1 07,06,2 R06

  _Q06                                _R06
 Q06  Q06                            R06  R06
/      \_M06                    _V06/      \_R06
Q06    M06  M06                V06  V06    R06  Q26
 \_Q06/      \_M06            /      \_V06/      \_Q26
 W06  Q06    H06  M06         V06    C06  R06    Q26  Q26
/      \_H06/      \_S26       \_C06/      \_C06/      \_Q16
W06    H06  X16    M06  S26    V06  C06    C06  Q26    Q26  Q16
 \_H06/      \_X16/      \_H16/      \_C06/      \_L26/      \
 W06  H06    X16  X16    S26  H16    H16  L26    L26  Q16    Q16
/      \_X16/      \_Y16/      \_H16/      \_L26/      \_Q16/
W06    H06  X16    Y16  S26    R16  H16    L26  L16    Q16
 \_W06/      \_Y16/      \_S26/      \_H16/      \_L16/
 S06  W06    Y16  Y16    S26  R16    R16  L26    L16
/      \_S06/      \_Y06/      \_R16/      \_L16/
S06    S06  S06    Y16  Y06    Y06  R16    L16
 \_S06/      \_S16/      \_Y06/      \_L16/
      S16    S16  S16    Y06  L06    R16
       \_S16/      \_S16/      \_L06/
                   I06  Y06    Y26  L06
                  /      \_Y26/      \_L06
                  I06    Y26  Y26    U06  L06
                   \_Y26/      \_U06/      \
                   I06  X06    Y26  U06    L06
                  /      \_X06/      \_J06/
                  I06    X06  F06    U06  J06
                   \_X06/      \_U06/      \
                   I06  X06    F06  U06    J06
                  /      \_F06/      \_J06/
                  I06    X06  F06    J06
                   \_O06/      \_J06/
                   O06  O06    F06
                  /      \_F06/
                  O06    O06
                   \_O06/

User-requested solution limit reached.
10 solutions, 281,931,756 searches, duration 3:32:41.591181
