solving HexatwigsTrefoil11:

solution 1 (2,549,235 searches):
07,00,0 07,00,1 07,01,0 07,01,2 08,00,1 08,00,2 O06
08,00,0 08,01,0 09,00,1 09,00,2 09,01,1 09,01,2 F06
09,00,0 10,00,0 10,00,2 10,01,0 11,00,1 11,00,2 J06
09,01,0 09,02,0 09,02,1 10,00,1 10,01,1 10,01,2 C06
07,01,1 07,02,0 07,02,1 07,02,2 07,03,1 07,03,2 H16
08,01,1 08,01,2 08,02,0 08,02,1 08,02,2 09,02,2 H06
07,03,0 08,03,0 08,03,1 08,03,2 08,04,1 08,04,2 L26
00,05,0 00,05,1 00,06,1 00,06,2 00,07,1 00,07,2 L06
01,05,0 01,05,2 02,05,1 02,05,2 02,06,0 02,06,2 S16
00,06,0 00,07,0 01,05,1 01,06,0 01,06,1 01,06,2 X16
02,05,0 03,05,0 03,05,2 04,05,0 04,05,1 04,05,2 L16
04,04,0 04,04,1 05,04,1 05,04,2 05,05,0 05,05,2 S06
05,04,0 06,04,1 06,04,2 06,05,0 06,05,1 06,05,2 S26
06,04,0 07,04,0 07,04,1 07,04,2 07,05,0 07,05,2 R16
01,08,0 02,07,0 02,07,1 03,05,1 03,06,1 03,06,2 W06
00,08,0 01,07,0 01,07,1 01,07,2 02,06,1 02,07,2 X06
00,08,1 00,08,2 00,09,0 00,09,2 01,08,1 01,08,2 Q06
03,06,0 04,06,0 04,06,1 04,06,2 04,07,2 05,05,1 Y06
06,06,0 06,06,1 06,07,0 06,07,2 07,05,1 07,07,2 V06
05,06,0 05,06,1 05,06,2 05,07,0 05,07,2 06,06,2 Q26
04,07,0 04,07,1 04,08,0 04,08,2 05,07,1 05,08,2 Q16
07,07,0 07,07,1 08,07,0 08,07,2 09,07,1 09,07,2 M06
05,08,0 05,09,0 06,07,1 06,08,1 06,08,2 06,09,2 U06
05,08,1 05,09,1 05,09,2 05,10,1 05,10,2 05,11,2 I06
05,10,0 05,11,0 06,10,0 06,10,1 06,10,2 07,09,1 Y16
06,08,0 06,09,0 06,09,1 07,08,0 07,08,1 07,08,2 Y26
07,09,0 07,09,2 08,07,1 08,08,0 08,08,1 08,08,2 R06

                                _Y16
                               I06  Y16
                              /      \_Y16
                              I06    Y16  Y16
                               \_Y16/      \_R06
                               I06  Y26    R06  R06
                              /      \_Y26/      \_R06
                              I06    U06  Y26    R06  M06
                               \_U06/      \_Y26/      \
                               I06  U06    Y26  R06    M06
                              /      \_Y26/      \_M06/
                              I06    U06  M06    M06
                               \_U06/      \_M06/
                               Q16  U06    V06
                          _Q16/      \_V06/
                         Q16  Q16    V06
                        /      \_Q26/
                        Q16    Q26  V06
  _Q06                   \_Q16/      \_V06
 Q06  Q06                Y06  Q26    Q26  V06
/      \_W06            /      \_Q26/      \_R16
Q06    Q06  W06         Y06    Q26  S26    R16  L26
 \_X06/      \_W06       \_Y06/      \_S26/      \
 Q06  X06    X06  W06    Y06  Y06    S26  R16    L26
/      \_X06/      \_Y06/      \_S06/      \_R16/
L06    X06  X06    W06  L16    S06  S26    R16  L26
 \_X16/      \_S16/      \_L16/      \_R16/      \_L26
 L06  X16    S16  W06    L16  S06    S26  H16    L26  C06
/      \_X16/      \_L16/      \_S26/      \_L26/      \_C06
L06    X16  S16    L16  S06    S06         H16  H06    H06  C06
 \_X16/      \_L16/      \_S06/           /      \_H06/      \_J06
 L06  X16    S16                          H16    H06  F06    C06  J06
/      \_S16/                              \_H16/      \_C06/      \
L06    S16                                 H16  H06    F06  C06    J06
 \_L06/                                   /      \_F06/      \_J06/
                                          H16    H06  F06    J06
                                           \_O06/      \_J06/
                                           O06  O06    F06
                                          /      \_F06/
                                          O06    O06
                                           \_O06/

solution 2 (7,825,482 searches):
07,00,0 07,00,1 07,01,0 07,01,2 08,00,1 08,00,2 O06
08,00,0 08,01,0 09,00,1 09,00,2 09,01,1 09,01,2 F06
09,00,0 10,00,0 10,00,2 10,01,0 11,00,1 11,00,2 J06
09,01,0 09,02,0 09,02,1 10,00,1 10,01,1 10,01,2 C06
07,01,1 07,02,0 07,02,1 07,02,2 07,03,1 07,03,2 H16
08,01,1 08,01,2 08,02,0 08,02,1 08,02,2 09,02,2 H06
07,03,0 08,03,0 08,03,1 08,03,2 08,04,1 08,04,2 L26
00,05,0 00,05,1 01,05,0 01,05,2 02,05,1 02,05,2 M06
02,05,0 03,05,0 03,05,2 04,05,0 04,05,1 04,05,2 L16
04,04,0 04,04,1 05,04,1 05,04,2 05,05,0 05,05,2 S06
05,04,0 06,04,1 06,04,2 06,05,0 06,05,1 06,05,2 S26
06,04,0 07,04,0 07,04,1 07,04,2 07,05,0 07,05,2 R16
06,06,0 06,06,1 06,07,0 06,07,2 07,05,1 07,07,2 V06
05,06,0 05,06,1 05,06,2 05,07,0 05,07,2 06,06,2 Q26
04,07,0 04,07,1 04,08,0 04,08,2 05,07,1 05,08,2 Q16
03,06,0 04,06,0 04,06,1 04,06,2 04,07,2 05,05,1 Y06
07,09,0 07,09,1 08,08,0 08,08,1 09,07,1 09,07,2 L06
05,10,0 05,10,1 05,11,0 05,11,2 06,10,0 06,10,1 Q06
05,08,0 05,08,1 05,09,1 05,09,2 05,10,2 06,07,1 W06
05,09,0 06,08,1 06,09,0 06,09,1 06,09,2 06,10,2 X06
06,08,0 06,08,2 07,07,0 07,07,1 08,07,0 08,07,2 S16
07,08,0 07,08,1 07,08,2 07,09,2 08,07,1 08,08,2 X16
00,09,0 01,08,0 01,08,1 02,07,0 02,07,1 03,06,1 I06
00,07,1 00,08,0 00,08,1 00,08,2 00,09,2 01,08,2 Y16
01,07,0 02,06,0 02,06,1 02,07,2 03,05,1 03,06,2 U06
01,06,0 01,06,1 01,06,2 01,07,1 01,07,2 02,06,2 Y26
00,06,0 00,06,1 00,06,2 00,07,0 00,07,2 01,05,1 R06

                                _Q06
                               Q06  Q06
                              /      \_Q06
                              Q06    X06  L06
                               \_Q06/      \_L06
                               W06  X06    X16  L06
                              /      \_X06/      \_L06
                              W06    X06  X16    X16  L06
                               \_X06/      \_X16/      \
                               W06  X06    X16  X16    L06
                              /      \_S16/      \_S16/
                              W06    S16  S16    S16
                               \_W06/      \_S16/
                               Q16  W06    V06
                          _Q16/      \_V06/
                         Q16  Q16    V06
                        /      \_Q26/
                        Q16    Q26  V06
  _I06                   \_Q16/      \_V06
 Y16  I06                Y06  Q26    Q26  V06
/      \_I06            /      \_Q26/      \_R16
Y16    Y16  I06         Y06    Q26  S26    R16  L26
 \_Y16/      \_I06       \_Y06/      \_S26/      \
 Y16  Y26    U06  I06    Y06  Y06    S26  R16    L26
/      \_U06/      \_Y06/      \_S06/      \_R16/
Y16    Y26  U06    U06  L16    S06  S26    R16  L26
 \_R06/      \_U06/      \_L16/      \_R16/      \_L26
 R06  Y26    Y26  U06    L16  S06    S26  H16    L26  C06
/      \_Y26/      \_L16/      \_S26/      \_L26/      \_C06
R06    Y26  M06    L16  S06    S06         H16  H06    H06  C06
 \_R06/      \_L16/      \_S06/           /      \_H06/      \_J06
 R06  R06    M06                          H16    H06  F06    C06  J06
/      \_M06/                              \_H16/      \_C06/      \
M06    M06                                 H16  H06    F06  C06    J06
 \_M06/                                   /      \_F06/      \_J06/
                                          H16    H06  F06    J06
                                           \_O06/      \_J06/
                                           O06  O06    F06
                                          /      \_F06/
                                          O06    O06
                                           \_O06/

solution 3 (8,333,048 searches):
07,00,0 07,00,1 07,01,0 07,01,2 08,00,1 08,00,2 O06
08,00,0 08,01,0 09,00,1 09,00,2 09,01,1 09,01,2 F06
09,00,0 10,00,0 10,00,2 10,01,0 11,00,1 11,00,2 J06
09,01,0 09,02,0 09,02,1 10,00,1 10,01,1 10,01,2 C06
07,01,1 07,02,0 07,02,1 07,02,2 07,03,1 07,03,2 H16
08,01,1 08,01,2 08,02,0 08,02,1 08,02,2 09,02,2 H06
07,03,0 08,03,0 08,03,1 08,03,2 08,04,1 08,04,2 L26
00,05,0 00,05,1 01,05,0 01,05,2 02,05,1 02,05,2 M06
02,05,0 03,05,0 03,05,2 04,04,0 04,04,1 05,04,2 S16
00,06,0 00,06,1 00,06,2 00,07,1 00,07,2 00,08,2 L16
00,07,0 01,05,1 01,06,0 01,06,1 01,06,2 02,06,2 Y06
00,08,0 00,08,1 00,09,0 00,09,2 01,07,1 01,08,2 Q16
01,07,0 01,07,2 01,08,0 01,08,1 02,07,1 02,07,2 V06
02,06,0 02,06,1 02,07,0 03,05,1 03,06,1 03,06,2 Q26
07,08,0 08,07,0 08,08,0 08,08,2 09,07,1 09,07,2 Q06
06,07,0 06,07,2 07,07,0 07,07,2 08,07,1 08,07,2 L06
05,11,0 06,10,0 06,10,1 07,09,0 07,09,1 08,08,1 I06
05,09,1 05,10,0 05,10,1 05,10,2 05,11,2 06,10,2 Y16
06,08,0 06,08,1 07,07,1 07,08,1 07,08,2 07,09,2 Y26
05,08,1 05,09,0 05,09,2 06,09,0 06,09,1 06,09,2 S26
04,08,0 05,07,1 05,08,0 05,08,2 06,07,1 06,08,2 U06
04,07,0 04,07,1 04,08,2 05,07,0 05,07,2 06,06,1 S06
03,06,0 04,05,1 04,06,0 04,06,1 04,06,2 04,07,2 X06
04,05,0 04,05,2 05,04,0 05,04,1 05,05,2 06,04,2 R16
05,05,0 05,05,1 05,06,1 05,06,2 06,04,0 06,04,1 W06
05,06,0 06,05,1 06,05,2 06,06,0 06,06,2 07,05,1 R06
06,05,0 07,04,0 07,04,1 07,04,2 07,05,0 07,05,2 X16

                                _I06
                               Y16  I06
                              /      \_I06
                              Y16    Y16  I06
                               \_Y16/      \_I06
                               Y16  S26    Y26  I06
                              /      \_S26/      \_Q06
                              Y16    S26  Y26    Q06  Q06
                               \_S26/      \_Q06/      \
                               S26  Y26    Y26  L06    Q06
                              /      \_Y26/      \_Q06/
                              S26    U06  Y26    L06
                               \_U06/      \_L06/
                               U06  U06    L06
                          _U06/      \_L06/
                         S06  U06    L06
                        /      \_S06/
                        S06    S06  S06
  _Q16                   \_S06/      \_R06
 Q16  V06                X06  W06    R06  R06
/      \_V06            /      \_R06/      \_X16
Q16    Q16  V06         X06    W06  R06    X16  L26
 \_Q16/      \_Q26       \_X06/      \_X16/      \
 L16  Q16    V06  Q26    X06  W06    R06  X16    L26
/      \_V06/      \_X06/      \_W06/      \_X16/
L16    V06  Q26    Q26  X06    R16  W06    X16  L26
 \_Y06/      \_Q26/      \_R16/      \_W06/      \_L26
 L16  Y06    Y06  Q26    R16  R16    R16  H16    L26  C06
/      \_Y06/      \_S16/      \_R16/      \_L26/      \_C06
L16    Y06  M06    S16  S16    S16         H16  H06    H06  C06
 \_L16/      \_S16/      \_S16/           /      \_H06/      \_J06
 L16  Y06    M06                          H16    H06  F06    C06  J06
/      \_M06/                              \_H16/      \_C06/      \
M06    M06                                 H16  H06    F06  C06    J06
 \_M06/                                   /      \_F06/      \_J06/
                                          H16    H06  F06    J06
                                           \_O06/      \_J06/
                                           O06  O06    F06
                                          /      \_F06/
                                          O06    O06
                                           \_O06/

solution 4 (8,333,155 searches):
07,00,0 07,00,1 07,01,0 07,01,2 08,00,1 08,00,2 O06
08,00,0 08,01,0 09,00,1 09,00,2 09,01,1 09,01,2 F06
09,00,0 10,00,0 10,00,2 10,01,0 11,00,1 11,00,2 J06
09,01,0 09,02,0 09,02,1 10,00,1 10,01,1 10,01,2 C06
07,01,1 07,02,0 07,02,1 07,02,2 07,03,1 07,03,2 H16
08,01,1 08,01,2 08,02,0 08,02,1 08,02,2 09,02,2 H06
07,03,0 08,03,0 08,03,1 08,03,2 08,04,1 08,04,2 L26
00,05,0 00,05,1 01,05,0 01,05,2 02,05,1 02,05,2 M06
02,05,0 03,05,0 03,05,2 04,04,0 04,04,1 05,04,2 S16
00,06,0 00,06,1 00,06,2 00,07,1 00,07,2 00,08,2 L16
00,07,0 01,05,1 01,06,0 01,06,1 01,06,2 02,06,2 Y06
00,08,0 00,08,1 00,09,0 00,09,2 01,07,1 01,08,2 Q16
01,07,0 01,07,2 01,08,0 01,08,1 02,07,1 02,07,2 V06
02,06,0 02,06,1 02,07,0 03,05,1 03,06,1 03,06,2 Q26
07,08,0 08,07,0 08,08,0 08,08,2 09,07,1 09,07,2 Q06
06,07,0 06,07,2 07,07,0 07,07,2 08,07,1 08,07,2 L06
06,09,0 06,09,1 06,09,2 07,09,0 07,09,2 08,08,1 S26
05,10,0 05,11,0 06,10,0 06,10,1 06,10,2 07,09,1 Y16
05,08,1 05,09,1 05,09,2 05,10,1 05,10,2 05,11,2 I06
05,09,0 06,08,0 06,08,1 07,07,1 07,08,1 07,08,2 Y26
04,08,0 05,07,1 05,08,0 05,08,2 06,07,1 06,08,2 U06
04,07,0 04,07,1 04,08,2 05,07,0 05,07,2 06,06,1 S06
03,06,0 04,05,1 04,06,0 04,06,1 04,06,2 04,07,2 X06
04,05,0 04,05,2 05,04,0 05,04,1 05,05,2 06,04,2 R16
05,05,0 05,05,1 05,06,1 05,06,2 06,04,0 06,04,1 W06
05,06,0 06,05,1 06,05,2 06,06,0 06,06,2 07,05,1 R06
06,05,0 07,04,0 07,04,1 07,04,2 07,05,0 07,05,2 X16

                                _Y16
                               I06  Y16
                              /      \_Y16
                              I06    Y16  Y16
                               \_Y16/      \_S26
                               I06  S26    S26  S26
                              /      \_S26/      \_Q06
                              I06    S26  Y26    Q06  Q06
                               \_Y26/      \_Q06/      \
                               I06  Y26    Y26  L06    Q06
                              /      \_Y26/      \_Q06/
                              I06    U06  Y26    L06
                               \_U06/      \_L06/
                               U06  U06    L06
                          _U06/      \_L06/
                         S06  U06    L06
                        /      \_S06/
                        S06    S06  S06
  _Q16                   \_S06/      \_R06
 Q16  V06                X06  W06    R06  R06
/      \_V06            /      \_R06/      \_X16
Q16    Q16  V06         X06    W06  R06    X16  L26
 \_Q16/      \_Q26       \_X06/      \_X16/      \
 L16  Q16    V06  Q26    X06  W06    R06  X16    L26
/      \_V06/      \_X06/      \_W06/      \_X16/
L16    V06  Q26    Q26  X06    R16  W06    X16  L26
 \_Y06/      \_Q26/      \_R16/      \_W06/      \_L26
 L16  Y06    Y06  Q26    R16  R16    R16  H16    L26  C06
/      \_Y06/      \_S16/      \_R16/      \_L26/      \_C06
L16    Y06  M06    S16  S16    S16         H16  H06    H06  C06
 \_L16/      \_S16/      \_S16/           /      \_H06/      \_J06
 L16  Y06    M06                          H16    H06  F06    C06  J06
/      \_M06/                              \_H16/      \_C06/      \
M06    M06                                 H16  H06    F06  C06    J06
 \_M06/                                   /      \_F06/      \_J06/
                                          H16    H06  F06    J06
                                           \_O06/      \_J06/
                                           O06  O06    F06
                                          /      \_F06/
                                          O06    O06
                                           \_O06/

solution 5 (8,521,993 searches):
07,00,0 07,00,1 07,01,0 07,01,2 08,00,1 08,00,2 O06
08,00,0 08,01,0 09,00,1 09,00,2 09,01,1 09,01,2 F06
09,00,0 10,00,0 10,00,2 10,01,0 11,00,1 11,00,2 J06
09,01,0 09,02,0 09,02,1 10,00,1 10,01,1 10,01,2 C06
07,01,1 07,02,0 07,02,1 07,02,2 07,03,1 07,03,2 H16
08,01,1 08,01,2 08,02,0 08,02,1 08,02,2 09,02,2 H06
07,03,0 08,03,0 08,03,1 08,03,2 08,04,1 08,04,2 L26
00,05,0 00,05,1 01,05,0 01,05,2 02,05,1 02,05,2 M06
02,05,0 03,05,0 03,05,2 04,04,0 04,04,1 05,04,2 S16
00,06,0 00,06,1 00,06,2 00,07,0 00,07,1 00,07,2 U06
01,05,1 01,06,1 01,06,2 01,07,0 01,07,1 01,07,2 L16
01,06,0 02,06,0 02,06,1 02,06,2 02,07,2 03,05,1 Y06
00,08,0 00,08,1 00,08,2 00,09,0 00,09,2 01,08,2 Q26
01,08,0 01,08,1 02,07,0 02,07,1 03,06,1 03,06,2 L06
08,07,0 08,07,2 08,08,0 08,08,2 09,07,1 09,07,2 Q06
05,11,0 06,10,0 06,10,1 07,09,0 07,09,1 08,08,1 I06
05,09,1 05,10,0 05,10,1 05,10,2 05,11,2 06,10,2 Y16
06,09,0 07,08,0 07,08,1 07,08,2 07,09,2 08,07,1 X06
06,08,0 06,08,1 06,09,1 06,09,2 07,07,0 07,07,1 W06
05,08,0 05,08,1 05,09,0 05,09,2 06,07,1 06,08,2 Q16
06,06,0 06,06,1 06,07,0 06,07,2 07,05,1 07,07,2 V06
06,04,0 07,04,0 07,04,1 07,04,2 07,05,0 07,05,2 R16
04,07,1 04,08,0 04,08,2 05,07,0 05,07,1 05,08,2 R06
05,06,0 05,06,1 05,06,2 05,07,2 06,05,1 06,06,2 X16
05,04,0 05,04,1 06,04,1 06,04,2 06,05,0 06,05,2 S06
03,06,0 04,05,1 04,06,1 04,06,2 04,07,0 04,07,2 S26
04,05,0 04,05,2 04,06,0 05,05,0 05,05,1 05,05,2 Y26

                                _I06
                               Y16  I06
                              /      \_I06
                              Y16    Y16  I06
                               \_Y16/      \_I06
                               Y16  W06    X06  I06
                              /      \_X06/      \_Q06
                              Y16    W06  X06    Q06  Q06
                               \_Q16/      \_X06/      \
                               Q16  W06    X06  X06    Q06
                              /      \_W06/      \_Q06/
                              Q16    Q16  W06    Q06
                               \_Q16/      \_W06/
                               R06  Q16    V06
                          _R06/      \_V06/
                         R06  R06    V06
                        /      \_R06/
                        R06    X16  V06
  _Q26                   \_S26/      \_V06
 Q26  L06                S26  X16    X16  V06
/      \_L06            /      \_X16/      \_R16
Q26    Q26  L06         S26    X16  X16    R16  L26
 \_Q26/      \_L06       \_Y26/      \_S06/      \
 Q26  L16    Y06  L06    S26  Y26    S06  R16    L26
/      \_L16/      \_S26/      \_Y26/      \_R16/
U06    L16  Y06    L06  S26    Y26  S06    R16  L26
 \_U06/      \_Y06/      \_Y26/      \_R16/      \_L26
 U06  L16    Y06  Y06    Y26  S06    S06  H16    L26  C06
/      \_Y06/      \_S16/      \_S06/      \_L26/      \_C06
U06    L16  M06    S16  S16    S16         H16  H06    H06  C06
 \_U06/      \_S16/      \_S16/           /      \_H06/      \_J06
 U06  L16    M06                          H16    H06  F06    C06  J06
/      \_M06/                              \_H16/      \_C06/      \
M06    M06                                 H16  H06    F06  C06    J06
 \_M06/                                   /      \_F06/      \_J06/
                                          H16    H06  F06    J06
                                           \_O06/      \_J06/
                                           O06  O06    F06
                                          /      \_F06/
                                          O06    O06
                                           \_O06/

solution 6 (11,288,073 searches):
07,00,0 07,00,1 07,01,0 07,01,2 08,00,1 08,00,2 O06
08,00,0 08,01,0 09,00,1 09,00,2 09,01,1 09,01,2 F06
09,00,0 10,00,0 10,00,2 10,01,0 11,00,1 11,00,2 J06
09,01,0 09,02,0 09,02,1 10,00,1 10,01,1 10,01,2 C06
07,01,1 07,02,0 07,02,1 07,02,2 07,03,1 07,03,2 H16
08,01,1 08,01,2 08,02,0 08,02,1 08,02,2 09,02,2 H06
07,03,0 08,03,0 08,03,1 08,03,2 08,04,1 08,04,2 L26
00,05,0 00,05,1 00,06,0 00,06,2 01,05,0 01,05,2 Q06
00,06,1 00,07,1 00,07,2 00,08,1 00,08,2 00,09,2 I06
00,08,0 00,09,0 01,08,0 01,08,1 01,08,2 02,07,1 Y16
00,07,0 01,05,1 01,06,0 01,06,1 01,06,2 01,07,2 X06
01,07,0 01,07,1 02,05,1 02,05,2 02,06,1 02,06,2 W06
02,06,0 02,07,0 02,07,2 03,05,1 03,06,1 03,06,2 Q16
02,05,0 03,05,0 03,05,2 04,04,0 04,04,1 05,04,2 S16
07,07,0 07,07,1 08,07,0 08,07,2 09,07,1 09,07,2 M06
06,06,0 06,06,1 06,07,0 06,07,2 07,05,1 07,07,2 V06
06,04,0 07,04,0 07,04,1 07,04,2 07,05,0 07,05,2 R16
07,09,0 07,09,1 07,09,2 08,08,0 08,08,1 08,08,2 U06
06,09,0 06,09,1 06,09,2 07,08,0 07,08,1 08,07,1 L16
05,09,0 06,07,1 06,08,0 06,08,1 06,08,2 07,08,2 Y06
05,10,0 05,11,0 05,11,2 06,10,0 06,10,1 06,10,2 Q26
05,08,0 05,08,1 05,09,1 05,09,2 05,10,1 05,10,2 L06
04,07,1 04,08,0 04,08,2 05,07,0 05,07,1 05,08,2 R06
05,06,0 05,06,1 05,06,2 05,07,2 06,05,1 06,06,2 X16
05,04,0 05,04,1 06,04,1 06,04,2 06,05,0 06,05,2 S06
03,06,0 04,05,1 04,06,1 04,06,2 04,07,0 04,07,2 S26
04,05,0 04,05,2 04,06,0 05,05,0 05,05,1 05,05,2 Y26

                                _Q26
                               Q26  Q26
                              /      \_Q26
                              L06    Q26  U06
                               \_Q26/      \_U06
                               L06  L16    U06  U06
                              /      \_L16/      \_U06
                              L06    L16  L16    U06  M06
                               \_Y06/      \_L16/      \
                               L06  Y06    Y06  L16    M06
                              /      \_Y06/      \_M06/
                              L06    Y06  M06    M06
                               \_L06/      \_M06/
                               R06  Y06    V06
                          _R06/      \_V06/
                         R06  R06    V06
                        /      \_R06/
                        R06    X16  V06
  _Y16                   \_S26/      \_V06
 I06  Y16                S26  X16    X16  V06
/      \_Y16            /      \_X16/      \_R16
I06    Y16  Y16         S26    X16  X16    R16  L26
 \_Y16/      \_Q16       \_Y26/      \_S06/      \
 I06  W06    Q16  Q16    S26  Y26    S06  R16    L26
/      \_W06/      \_S26/      \_Y26/      \_R16/
I06    X06  W06    Q16  S26    Y26  S06    R16  L26
 \_X06/      \_Q16/      \_Y26/      \_R16/      \_L26
 I06  X06    W06  Q16    Y26  S06    S06  H16    L26  C06
/      \_X06/      \_S16/      \_S06/      \_L26/      \_C06
I06    X06  W06    S16  S16    S16         H16  H06    H06  C06
 \_Q06/      \_S16/      \_S16/           /      \_H06/      \_J06
 Q06  X06    W06                          H16    H06  F06    C06  J06
/      \_Q06/                              \_H16/      \_C06/      \
Q06    Q06                                 H16  H06    F06  C06    J06
 \_Q06/                                   /      \_F06/      \_J06/
                                          H16    H06  F06    J06
                                           \_O06/      \_J06/
                                           O06  O06    F06
                                          /      \_F06/
                                          O06    O06
                                           \_O06/

solution 7 (32,645,165 searches):
07,00,0 07,00,1 07,01,0 07,01,2 08,00,1 08,00,2 O06
08,00,0 08,01,0 09,00,1 09,00,2 09,01,1 09,01,2 F06
09,00,0 10,00,0 10,00,2 10,01,0 11,00,1 11,00,2 J06
09,01,0 09,02,0 09,02,1 10,00,1 10,01,1 10,01,2 C06
07,01,1 07,02,0 07,02,1 07,02,2 07,03,1 07,03,2 H16
08,01,1 08,01,2 08,02,0 08,02,1 08,02,2 09,02,2 H06
07,03,0 08,03,0 08,03,1 08,03,2 08,04,1 08,04,2 L26
00,05,0 01,05,0 01,05,2 02,05,1 02,05,2 02,06,2 W06
00,05,1 00,06,1 00,06,2 00,07,1 00,07,2 00,08,2 I06
00,06,0 00,07,0 01,05,1 01,06,0 01,06,1 01,06,2 X16
02,05,0 03,05,0 03,05,2 04,04,0 04,04,1 05,04,2 S16
00,08,0 00,08,1 00,09,0 00,09,2 01,07,1 01,08,2 Q16
01,07,0 01,07,2 01,08,0 01,08,1 02,07,1 02,07,2 V06
02,06,0 02,06,1 02,07,0 03,05,1 03,06,1 03,06,2 Q26
08,07,0 08,07,2 08,08,0 08,08,2 09,07,1 09,07,2 Q06
06,10,0 06,10,1 06,10,2 07,09,0 07,09,1 08,08,1 L16
05,09,0 05,09,1 05,10,1 05,10,2 05,11,0 05,11,2 M06
05,10,0 06,08,0 06,08,1 06,09,0 06,09,1 06,09,2 R16
07,07,1 07,08,0 07,08,1 07,08,2 07,09,2 08,07,1 Y16
06,07,0 06,07,1 06,07,2 06,08,2 07,07,0 07,07,2 Y26
04,08,0 05,07,1 05,08,0 05,08,1 05,08,2 05,09,2 X06
04,07,0 04,07,1 04,08,2 05,07,0 05,07,2 06,06,1 S06
03,06,0 04,06,0 04,06,1 04,06,2 04,07,2 05,05,1 Y06
04,05,0 04,05,1 04,05,2 05,05,0 05,05,2 06,04,1 S26
05,04,0 05,04,1 06,04,0 06,04,2 07,04,0 07,04,2 L06
05,06,0 05,06,1 05,06,2 06,05,0 06,05,1 06,05,2 U06
06,06,0 06,06,2 07,04,1 07,05,0 07,05,1 07,05,2 R06

                                _M06
                               M06  L16
                              /      \_L16
                              M06    L16  L16
                               \_R16/      \_L16
                               M06  R16    Y16  L16
                              /      \_R16/      \_Q06
                              M06    R16  Y16    Q06  Q06
                               \_M06/      \_Y16/      \
                               X06  R16    Y16  Y16    Q06
                              /      \_R16/      \_Q06/
                              X06    Y26  Y16    Q06
                               \_X06/      \_Y26/
                               X06  Y26    Y26
                          _X06/      \_Y26/
                         S06  X06    Y26
                        /      \_S06/
                        S06    S06  S06
  _Q16                   \_S06/      \_R06
 Q16  V06                Y06  U06    R06  R06
/      \_V06            /      \_U06/      \_R06
Q16    Q16  V06         Y06    U06  U06    R06  L26
 \_Q16/      \_Q26       \_Y06/      \_U06/      \
 I06  Q16    V06  Q26    Y06  Y06    U06  R06    L26
/      \_V06/      \_Y06/      \_S26/      \_L06/
I06    V06  Q26    Q26  S26    S26  S26    L06  L26
 \_X16/      \_Q26/      \_S26/      \_L06/      \_L26
 I06  X16    W06  Q26    S26  L06    L06  H16    L26  C06
/      \_X16/      \_S16/      \_L06/      \_L26/      \_C06
I06    X16  W06    S16  S16    S16         H16  H06    H06  C06
 \_X16/      \_S16/      \_S16/           /      \_H06/      \_J06
 I06  X16    W06                          H16    H06  F06    C06  J06
/      \_W06/                              \_H16/      \_C06/      \
I06    W06                                 H16  H06    F06  C06    J06
 \_W06/                                   /      \_F06/      \_J06/
                                          H16    H06  F06    J06
                                           \_O06/      \_J06/
                                           O06  O06    F06
                                          /      \_F06/
                                          O06    O06
                                           \_O06/

solution 8 (96,424,268 searches):
07,00,0 07,00,1 07,01,0 07,01,2 08,00,1 08,00,2 O06
08,00,0 08,01,0 09,00,1 09,00,2 09,01,1 09,01,2 F06
09,00,0 10,00,0 10,00,2 10,01,0 11,00,1 11,00,2 J06
09,01,0 09,02,0 09,02,1 10,00,1 10,01,1 10,01,2 C06
07,01,1 07,02,0 07,02,1 07,02,2 07,03,1 07,03,2 H16
08,01,1 08,01,2 08,02,0 08,02,1 08,02,2 09,02,2 H06
07,03,0 07,04,0 07,04,1 08,03,0 08,03,1 08,03,2 Y26
06,05,0 06,05,1 07,05,0 07,05,2 08,04,1 08,04,2 S06
05,05,0 05,05,2 06,04,0 06,04,1 06,05,2 07,04,2 R16
04,05,0 04,05,1 04,05,2 05,04,0 05,04,1 06,04,2 S26
02,05,0 03,05,0 03,05,2 04,04,0 04,04,1 05,04,2 S16
05,06,0 06,06,0 06,06,1 06,06,2 06,07,2 07,05,1 Y06
04,06,0 04,07,0 05,05,1 05,06,1 05,06,2 05,07,2 U06
03,06,0 04,06,1 04,06,2 04,07,1 04,07,2 04,08,2 L06
04,08,0 05,07,0 05,07,1 05,08,0 05,08,2 06,07,1 Q26
06,07,0 07,07,0 07,07,2 08,07,0 08,07,2 09,07,2 I06
07,09,0 08,07,1 08,08,0 08,08,1 08,08,2 09,07,1 Y16
05,08,1 05,09,1 05,09,2 05,10,0 05,10,1 05,10,2 L16
05,11,0 05,11,2 06,10,0 06,10,1 07,09,1 07,09,2 M06
06,09,0 06,09,1 06,09,2 06,10,2 07,08,0 07,08,1 L26
05,09,0 06,08,0 06,08,1 06,08,2 07,07,1 07,08,2 X06
01,08,0 02,07,0 02,07,1 03,05,1 03,06,1 03,06,2 W06
00,08,1 00,09,0 00,09,2 01,07,1 01,08,1 01,08,2 Q06
00,07,0 00,07,1 00,07,2 00,08,0 00,08,2 01,06,1 R06
00,05,0 00,05,1 00,06,1 00,06,2 01,05,0 01,05,2 V06
00,06,0 01,05,1 01,06,0 01,06,2 02,05,1 02,05,2 Q16
01,07,0 01,07,2 02,06,0 02,06,1 02,06,2 02,07,2 X16

                                _M06
                               M06  M06
                              /      \_M06
                              L16    L26  M06
                               \_L16/      \_Y16
                               L16  L26    M06  Y16
                              /      \_L26/      \_Y16
                              L16    L26  L26    Y16  Y16
                               \_X06/      \_L26/      \
                               L16  X06    X06  Y16    I06
                              /      \_X06/      \_I06/
                              L16    X06  X06    I06
                               \_Q26/      \_I06/
                               Q26  Q26    I06
                          _Q26/      \_I06/
                         L06  Q26    Y06
                        /      \_Q26/
                        L06    U06  Y06
  _Q06                   \_U06/      \_Y06
 Q06  Q06                L06  U06    Y06  Y06
/      \_W06            /      \_Y06/      \_S06
Q06    Q06  W06         L06    U06  S06    S06  S06
 \_R06/      \_W06       \_U06/      \_S06/      \
 R06  Q06    X16  W06    L06  U06    R16  Y26    S06
/      \_X16/      \_L06/      \_R16/      \_Y26/
R06    X16  X16    W06  S26    R16  R16    R16  Y26
 \_R06/      \_X16/      \_S26/      \_R16/      \_Y26
 R06  R06    X16  W06    S26  S26    S26  H16    Y26  C06
/      \_Q16/      \_S16/      \_S26/      \_Y26/      \_C06
V06    Q16  Q16    S16  S16    S16         H16  H06    H06  C06
 \_Q16/      \_S16/      \_S16/           /      \_H06/      \_J06
 V06  Q16    Q16                          H16    H06  F06    C06  J06
/      \_V06/                              \_H16/      \_C06/      \
V06    V06                                 H16  H06    F06  C06    J06
 \_V06/                                   /      \_F06/      \_J06/
                                          H16    H06  F06    J06
                                           \_O06/      \_J06/
                                           O06  O06    F06
                                          /      \_F06/
                                          O06    O06
                                           \_O06/

solution 9 (96,424,628 searches):
07,00,0 07,00,1 07,01,0 07,01,2 08,00,1 08,00,2 O06
08,00,0 08,01,0 09,00,1 09,00,2 09,01,1 09,01,2 F06
09,00,0 10,00,0 10,00,2 10,01,0 11,00,1 11,00,2 J06
09,01,0 09,02,0 09,02,1 10,00,1 10,01,1 10,01,2 C06
07,01,1 07,02,0 07,02,1 07,02,2 07,03,1 07,03,2 H16
08,01,1 08,01,2 08,02,0 08,02,1 08,02,2 09,02,2 H06
07,03,0 07,04,0 07,04,1 08,03,0 08,03,1 08,03,2 Y26
06,05,0 06,05,1 07,05,0 07,05,2 08,04,1 08,04,2 S06
05,05,0 05,05,2 06,04,0 06,04,1 06,05,2 07,04,2 R16
04,05,0 04,05,1 04,05,2 05,04,0 05,04,1 06,04,2 S26
02,05,0 03,05,0 03,05,2 04,04,0 04,04,1 05,04,2 S16
05,06,0 06,06,0 06,06,1 06,06,2 06,07,2 07,05,1 Y06
04,06,0 04,07,0 05,05,1 05,06,1 05,06,2 05,07,2 U06
03,06,0 04,06,1 04,06,2 04,07,1 04,07,2 04,08,2 L06
04,08,0 05,07,0 05,07,1 05,08,0 05,08,2 06,07,1 Q26
06,07,0 07,07,0 07,07,2 08,07,0 08,07,1 08,07,2 L16
07,09,0 07,09,2 08,08,0 08,08,1 09,07,1 09,07,2 M06
06,09,0 06,09,1 07,08,0 07,08,1 07,08,2 08,08,2 L26
05,09,0 06,08,0 06,08,1 06,08,2 06,09,2 07,07,1 X06
05,10,0 05,11,0 06,10,0 06,10,1 06,10,2 07,09,1 Y16
05,08,1 05,09,1 05,09,2 05,10,1 05,10,2 05,11,2 I06
01,08,0 02,07,0 02,07,1 03,05,1 03,06,1 03,06,2 W06
00,08,1 00,09,0 00,09,2 01,07,1 01,08,1 01,08,2 Q06
00,07,0 00,07,1 00,07,2 00,08,0 00,08,2 01,06,1 R06
00,05,0 00,05,1 00,06,1 00,06,2 01,05,0 01,05,2 V06
00,06,0 01,05,1 01,06,0 01,06,2 02,05,1 02,05,2 Q16
01,07,0 01,07,2 02,06,0 02,06,1 02,06,2 02,07,2 X16

                                _Y16
                               I06  Y16
                              /      \_Y16
                              I06    Y16  Y16
                               \_Y16/      \_M06
                               I06  L26    M06  M06
                              /      \_L26/      \_M06
                              I06    X06  L26    L26  M06
                               \_X06/      \_L26/      \
                               I06  X06    L26  L16    M06
                              /      \_X06/      \_L16/
                              I06    X06  X06    L16
                               \_Q26/      \_L16/
                               Q26  Q26    L16
                          _Q26/      \_L16/
                         L06  Q26    Y06
                        /      \_Q26/
                        L06    U06  Y06
  _Q06                   \_U06/      \_Y06
 Q06  Q06                L06  U06    Y06  Y06
/      \_W06            /      \_Y06/      \_S06
Q06    Q06  W06         L06    U06  S06    S06  S06
 \_R06/      \_W06       \_U06/      \_S06/      \
 R06  Q06    X16  W06    L06  U06    R16  Y26    S06
/      \_X16/      \_L06/      \_R16/      \_Y26/
R06    X16  X16    W06  S26    R16  R16    R16  Y26
 \_R06/      \_X16/      \_S26/      \_R16/      \_Y26
 R06  R06    X16  W06    S26  S26    S26  H16    Y26  C06
/      \_Q16/      \_S16/      \_S26/      \_Y26/      \_C06
V06    Q16  Q16    S16  S16    S16         H16  H06    H06  C06
 \_Q16/      \_S16/      \_S16/           /      \_H06/      \_J06
 V06  Q16    Q16                          H16    H06  F06    C06  J06
/      \_V06/                              \_H16/      \_C06/      \
V06    V06                                 H16  H06    F06  C06    J06
 \_V06/                                   /      \_F06/      \_J06/
                                          H16    H06  F06    J06
                                           \_O06/      \_J06/
                                           O06  O06    F06
                                          /      \_F06/
                                          O06    O06
                                           \_O06/

solution 10 (99,501,662 searches):
07,00,0 07,00,1 07,01,0 07,01,2 08,00,1 08,00,2 O06
08,00,0 08,01,0 09,00,1 09,00,2 09,01,1 09,01,2 F06
09,00,0 10,00,0 10,00,2 10,01,0 11,00,1 11,00,2 J06
09,01,0 09,02,0 09,02,1 10,00,1 10,01,1 10,01,2 C06
07,01,1 07,02,0 07,02,1 07,02,2 07,03,1 07,03,2 H16
08,01,1 08,01,2 08,02,0 08,02,1 08,02,2 09,02,2 H06
07,03,0 07,04,0 07,04,1 08,03,0 08,03,1 08,03,2 Y26
06,05,0 06,05,1 07,05,0 07,05,2 08,04,1 08,04,2 S06
05,04,0 06,04,0 06,04,1 06,04,2 06,05,2 07,04,2 Y16
05,06,0 05,06,2 06,06,0 06,06,1 06,06,2 07,05,1 L26
00,05,0 01,05,0 01,05,2 02,05,0 02,05,2 03,05,2 I06
00,05,1 00,06,0 00,06,2 01,05,1 01,06,1 01,06,2 R16
00,06,1 00,07,1 00,07,2 00,08,0 00,08,1 00,08,2 L16
00,09,0 00,09,2 01,08,0 01,08,1 02,07,1 02,07,2 M06
00,07,0 01,07,0 01,07,1 01,07,2 01,08,2 02,06,1 Y06
01,06,0 02,05,1 02,06,0 02,06,2 03,05,1 03,06,2 U06
02,07,0 03,06,0 03,06,1 04,06,1 04,06,2 04,07,2 V06
04,05,0 04,05,1 04,06,0 05,05,0 05,05,1 05,05,2 Q26
03,05,0 04,04,0 04,04,1 04,05,2 05,04,1 05,04,2 Q16
04,07,1 04,08,0 04,08,2 05,08,1 05,08,2 05,09,2 S16
04,07,0 05,06,1 05,07,0 05,07,1 05,07,2 06,07,2 X06
07,09,0 07,09,1 08,08,0 08,08,1 09,07,1 09,07,2 L06
07,07,1 07,08,0 07,08,2 08,07,0 08,07,1 08,08,2 R06
05,08,0 06,07,0 06,07,1 07,07,0 07,07,2 08,07,2 W06
05,09,0 05,09,1 05,10,2 06,08,0 06,08,1 06,08,2 S26
06,09,0 06,09,1 06,09,2 06,10,2 07,08,1 07,09,2 X16
05,10,0 05,10,1 05,11,0 05,11,2 06,10,0 06,10,1 Q06

                                _Q06
                               Q06  Q06
                              /      \_Q06
                              Q06    X16  L06
                               \_Q06/      \_L06
                               S26  X16    X16  L06
                              /      \_X16/      \_L06
                              S26    X16  X16    R06  L06
                               \_S26/      \_R06/      \
                               S16  S26    R06  R06    L06
                              /      \_S26/      \_R06/
                              S16    S26  R06    W06
                               \_W06/      \_W06/
                               S16  W06    W06
                          _S16/      \_W06/
                         S16  X06    X06
                        /      \_X06/
                        S16    X06  L26
  _M06                   \_X06/      \_L26
 M06  M06                V06  X06    L26  L26
/      \_M06            /      \_L26/      \_S06
L16    Y06  M06         V06    L26  S06    S06  S06
 \_L16/      \_V06       \_Q26/      \_S06/      \
 L16  Y06    M06  V06    V06  Q26    Y16  Y26    S06
/      \_Y06/      \_V06/      \_Q26/      \_Y26/
L16    Y06  Y06    U06  Q26    Q26  Y16    Y16  Y26
 \_Y06/      \_U06/      \_Q26/      \_Y16/      \_Y26
 L16  R16    U06  U06    Q16  Q16    Y16  H16    Y26  C06
/      \_U06/      \_Q16/      \_Y16/      \_Y26/      \_C06
L16    R16  U06    I06  Q16    Q16         H16  H06    H06  C06
 \_R16/      \_I06/      \_Q16/           /      \_H06/      \_J06
 R16  R16    I06                          H16    H06  F06    C06  J06
/      \_I06/                              \_H16/      \_C06/      \
R16    I06                                 H16  H06    F06  C06    J06
 \_I06/                                   /      \_F06/      \_J06/
                                          H16    H06  F06    J06
                                           \_O06/      \_J06/
                                           O06  O06    F06
                                          /      \_F06/
                                          O06    O06
                                           \_O06/

User-requested solution limit reached.
10 solutions, 99,501,662 searches, duration 1:11:42.067271
