solving OneSidedPolytwigs12345Trapezoid13x3_4:

solution 1:
00,0,0 00,0,1 00,1,0 00,1,2 01,0,1 C5
01,0,2 I1
00,1,1 00,2,0 00,2,2 C3
00,2,1 00,3,0 00,3,2 01,2,1 C4
01,0,0 02,0,0 02,0,1 02,0,2 02,1,2 H5
01,1,0 01,1,2 L2
01,1,1 01,2,0 01,2,2 02,1,0 02,1,1 P5
01,3,0 01,3,2 02,3,2 S3
12,1,0 12,1,1 13,0,1 13,0,2 P4
02,2,0 02,2,1 02,2,2 03,1,1 03,1,2 R5
03,0,0 03,0,1 03,0,2 Y3
02,3,0 03,3,0 03,3,2 04,3,0 04,3,2 I5
03,2,0 03,2,1 03,2,2 04,2,2 Y4
04,2,0 04,2,1 05,1,0 05,1,1 05,2,2 T5
05,2,0 05,2,1 05,3,2 06,2,0 06,2,2 p5
05,3,0 06,2,1 06,3,0 06,3,2 07,3,2 L5
03,1,0 04,0,1 04,1,0 04,1,2 y4
04,0,0 04,0,2 05,0,1 05,0,2 05,1,2 U5
05,0,0 06,0,1 06,0,2 06,1,0 06,1,2 s5
06,0,0 07,0,0 07,0,2 08,0,1 08,0,2 W5
08,0,0 09,0,1 09,0,2 09,1,1 09,1,2 w5
07,1,0 08,1,0 08,1,2 s3
07,0,1 07,1,1 07,1,2 07,2,1 07,2,2 i5
07,2,0 07,3,0 08,2,0 08,2,1 08,2,2 Y5
09,0,0 10,0,0 10,0,2 11,0,2 W4
08,3,0 08,3,2 09,2,0 09,2,1 09,2,2 r5
09,1,0 10,0,1 10,1,1 10,1,2 10,2,2 l5
10,3,0 10,3,2 11,2,0 11,2,1 p4
09,3,0 09,3,2 10,2,0 10,2,1 11,2,2 S5
10,1,0 11,0,0 11,0,1 11,1,1 11,1,2 h5
11,1,0 12,0,0 12,0,1 12,0,2 12,1,2 X5

                                                              _p4_
                                                             p4   p4
                                                        _S5_/      \_p4_
                                                       S5   S5     S5   P4
                                                  _r5_/      \_S5_/      \_P4_
                                                 r5   r5     l5   h5     X5   P4
                                            _Y5_/      \_r5_/      \_X5_/      \
                                           L5   Y5     r5   l5     h5   X5     P4
                                      _L5_/      \_Y5_/      \_h5_/      \_X5_/
                                     L5   i5     Y5   w5     l5   h5     X5
                                _L5_/      \_Y5_/      \_l5_/      \_h5_/
                               p5   L5     i5          w5   l5     W4
                          _I5_/      \_p5_/       _s3_/      \_W4_/
                         I5   p5     p5   i5     s3   w5     W4
                    _I5_/      \_p5_/      \_s3_/      \_W4_/
                   I5   T5     T5          i5   W5     w5
              _I5_/      \_T5_/       _s5_/      \_w5_/
             S3   Y4     Y4   T5     s5   i5     W5
        _S3_/      \_Y4_/      \_T5_/      \_W5_/
       S3   R5     Y4          U5   s5     W5
  _C4_/      \_R5_/       _y4_/      \_W5_/
 C4   C4     R5   R5     y4   U5     s5
/      \_P5_/      \_y4_/      \_s5_/
C4     P5   P5     R5   y4     U5
 \_C3_/      \_P5_/      \_U5_/
 C3   P5     H5   Y3     U5
/      \_L2_/      \_Y3_/
C3     L2   H5     Y3
 \_C5_/      \_H5_/
 C5   C5     H5
/      \_H5_/
C5     I1
 \_C5_/

solution 2:
00,0,0 00,0,1 00,1,0 00,1,2 01,0,1 C5
01,0,2 I1
00,1,1 00,2,0 00,2,2 C3
00,2,1 00,3,0 00,3,2 01,2,1 C4
01,0,0 02,0,0 02,0,1 02,0,2 02,1,2 H5
01,1,0 01,1,2 L2
01,1,1 01,2,0 01,2,2 02,1,0 02,1,1 P5
01,3,0 01,3,2 02,3,2 S3
12,1,0 12,1,1 13,0,1 13,0,2 P4
02,2,0 02,2,1 02,2,2 03,1,1 03,1,2 R5
03,0,0 03,0,1 03,0,2 Y3
02,3,0 03,3,0 03,3,2 04,3,0 04,3,2 I5
03,2,0 03,2,1 03,2,2 04,2,2 Y4
04,2,0 04,2,1 05,1,0 05,1,1 05,2,2 T5
05,2,0 05,2,1 05,3,2 06,2,0 06,2,2 p5
05,3,0 06,2,1 06,3,0 06,3,2 07,3,2 L5
03,1,0 04,0,1 04,1,0 04,1,2 y4
04,0,0 04,0,2 05,0,1 05,0,2 05,1,2 U5
05,0,0 06,0,1 06,0,2 06,1,0 06,1,2 s5
06,0,0 07,0,0 07,0,2 08,0,2 W4
07,0,1 07,1,0 07,1,2 08,1,0 08,1,2 W5
08,0,0 08,0,1 09,0,0 09,0,2 10,0,2 w5
07,1,1 07,2,0 07,2,1 07,2,2 08,2,2 h5
09,0,1 09,1,1 09,1,2 09,2,1 09,2,2 i5
07,3,0 08,2,0 08,2,1 08,3,0 08,3,2 Y5
09,3,0 09,3,2 10,2,0 10,2,1 11,2,2 S5
10,3,0 10,3,2 11,2,0 11,2,1 p4
09,1,0 10,0,0 10,0,1 10,1,2 11,0,2 r5
09,2,0 10,1,0 10,1,1 10,2,2 11,0,1 l5
11,0,0 12,0,0 12,0,2 s3
11,1,0 11,1,1 11,1,2 12,0,1 12,1,2 X5

                                                              _p4_
                                                             p4   p4
                                                        _S5_/      \_p4_
                                                       S5   S5     S5   P4
                                                  _Y5_/      \_S5_/      \_P4_
                                                 Y5   i5     l5   X5     X5   P4
                                            _Y5_/      \_l5_/      \_X5_/      \
                                           L5   Y5     i5   l5     X5   X5     P4
                                      _L5_/      \_Y5_/      \_l5_/      \_s3_/
                                     L5   h5     h5   i5     r5   l5     s3
                                _L5_/      \_h5_/      \_r5_/      \_s3_/
                               p5   L5     h5          i5   r5     r5
                          _I5_/      \_p5_/       _W5_/      \_r5_/
                         I5   p5     p5   h5     W5   i5     w5
                    _I5_/      \_p5_/      \_W5_/      \_w5_/
                   I5   T5     T5          W5   w5     w5
              _I5_/      \_T5_/       _s5_/      \_w5_/
             S3   Y4     Y4   T5     s5   W5     W4
        _S3_/      \_Y4_/      \_T5_/      \_W4_/
       S3   R5     Y4          U5   s5     W4
  _C4_/      \_R5_/       _y4_/      \_W4_/
 C4   C4     R5   R5     y4   U5     s5
/      \_P5_/      \_y4_/      \_s5_/
C4     P5   P5     R5   y4     U5
 \_C3_/      \_P5_/      \_U5_/
 C3   P5     H5   Y3     U5
/      \_L2_/      \_Y3_/
C3     L2   H5     Y3
 \_C5_/      \_H5_/
 C5   C5     H5
/      \_H5_/
C5     I1
 \_C5_/

solution 3:
00,0,0 00,0,1 00,1,0 00,1,2 01,0,1 C5
01,0,2 I1
00,1,1 00,2,0 00,2,2 C3
00,2,1 00,3,0 00,3,2 01,2,1 C4
01,0,0 02,0,0 02,0,1 02,0,2 02,1,2 H5
01,1,0 01,1,2 L2
01,1,1 01,2,0 01,2,2 02,1,0 02,1,1 P5
01,3,0 01,3,2 02,3,2 S3
12,1,0 12,1,1 13,0,1 13,0,2 P4
02,2,0 02,2,1 02,2,2 03,1,1 03,1,2 R5
03,0,0 03,0,1 03,0,2 Y3
02,3,0 03,3,0 03,3,2 04,3,0 04,3,2 I5
03,2,0 03,2,1 03,2,2 04,2,2 Y4
04,2,0 04,2,1 05,1,0 05,1,1 05,2,2 T5
05,2,0 05,2,1 05,3,2 06,2,0 06,2,2 p5
05,3,0 06,2,1 06,3,0 06,3,2 07,3,2 L5
03,1,0 04,0,1 04,1,0 04,1,2 y4
04,0,0 04,0,2 05,0,1 05,0,2 05,1,2 U5
05,0,0 06,0,1 06,0,2 06,1,0 06,1,2 s5
06,0,0 07,0,0 07,0,2 08,0,2 W4
07,0,1 07,1,1 07,1,2 07,2,1 07,2,2 i5
07,2,0 07,3,0 08,2,0 08,2,1 08,2,2 Y5
07,1,0 08,0,0 08,0,1 09,0,2 p4
08,1,0 08,1,2 09,0,0 09,0,1 10,0,2 S5
08,3,0 08,3,2 09,2,0 09,2,1 10,1,1 W5
09,1,1 09,1,2 09,2,2 s3
09,1,0 10,0,0 10,0,1 10,1,2 11,0,2 r5
10,1,0 11,0,0 11,0,1 11,1,1 11,1,2 h5
09,3,0 09,3,2 10,3,0 10,3,2 11,2,1 w5
10,2,0 10,2,1 10,2,2 11,2,0 11,2,2 l5
11,1,0 12,0,0 12,0,1 12,0,2 12,1,2 X5

                                                              _w5_
                                                             w5   w5
                                                        _w5_/      \_l5_
                                                       w5   l5     l5   P4
                                                  _W5_/      \_l5_/      \_P4_
                                                 W5   W5     l5   h5     X5   P4
                                            _Y5_/      \_W5_/      \_X5_/      \
                                           L5   Y5     s3   W5     h5   X5     P4
                                      _L5_/      \_Y5_/      \_h5_/      \_X5_/
                                     L5   i5     Y5   s3     r5   h5     X5
                                _L5_/      \_Y5_/      \_r5_/      \_h5_/
                               p5   L5     i5          s3   r5     r5
                          _I5_/      \_p5_/       _S5_/      \_r5_/
                         I5   p5     p5   i5     S5   S5     S5
                    _I5_/      \_p5_/      \_p4_/      \_S5_/
                   I5   T5     T5          i5   p4     p4
              _I5_/      \_T5_/       _s5_/      \_p4_/
             S3   Y4     Y4   T5     s5   i5     W4
        _S3_/      \_Y4_/      \_T5_/      \_W4_/
       S3   R5     Y4          U5   s5     W4
  _C4_/      \_R5_/       _y4_/      \_W4_/
 C4   C4     R5   R5     y4   U5     s5
/      \_P5_/      \_y4_/      \_s5_/
C4     P5   P5     R5   y4     U5
 \_C3_/      \_P5_/      \_U5_/
 C3   P5     H5   Y3     U5
/      \_L2_/      \_Y3_/
C3     L2   H5     Y3
 \_C5_/      \_H5_/
 C5   C5     H5
/      \_H5_/
C5     I1
 \_C5_/

solution 4:
00,0,0 00,0,1 00,1,0 00,1,2 01,0,1 C5
01,0,2 I1
00,1,1 00,2,0 00,2,2 C3
00,2,1 00,3,0 00,3,2 01,2,1 C4
01,0,0 02,0,0 02,0,1 02,0,2 02,1,2 H5
01,1,0 01,1,2 L2
01,1,1 01,2,0 01,2,2 02,1,0 02,1,1 P5
01,3,0 01,3,2 02,3,2 S3
12,1,0 12,1,1 13,0,1 13,0,2 P4
02,2,0 02,2,1 02,2,2 03,1,1 03,1,2 R5
03,0,0 03,0,1 03,0,2 Y3
02,3,0 03,3,0 03,3,2 04,3,0 04,3,2 I5
03,2,0 03,2,1 03,2,2 04,2,2 Y4
04,2,0 04,2,1 05,1,0 05,1,1 05,2,2 T5
05,2,0 05,2,1 05,3,2 06,2,0 06,2,2 p5
05,3,0 06,2,1 06,3,0 06,3,2 07,3,2 L5
03,1,0 04,0,1 04,1,0 04,1,2 y4
04,0,0 04,0,2 05,0,1 05,0,2 05,1,2 U5
05,0,0 06,0,1 06,0,2 06,1,0 06,1,2 s5
06,0,0 07,0,0 07,0,2 08,0,2 W4
07,0,1 07,1,1 07,1,2 07,2,1 07,2,2 i5
07,2,0 07,3,0 08,2,0 08,2,1 08,2,2 Y5
07,1,0 08,1,0 08,1,2 09,0,1 09,1,2 l5
08,0,0 08,0,1 09,0,0 09,0,2 10,0,2 w5
08,3,0 08,3,2 09,2,0 09,2,1 09,2,2 r5
09,1,0 09,1,1 10,0,0 10,0,1 11,0,2 W5
09,3,0 09,3,2 10,2,0 10,2,1 11,2,2 S5
10,1,1 10,1,2 10,2,2 s3
10,3,0 10,3,2 11,2,0 11,2,1 p4
10,1,0 11,0,0 11,0,1 11,1,1 11,1,2 h5
11,1,0 12,0,0 12,0,1 12,0,2 12,1,2 X5

                                                              _p4_
                                                             p4   p4
                                                        _S5_/      \_p4_
                                                       S5   S5     S5   P4
                                                  _r5_/      \_S5_/      \_P4_
                                                 r5   r5     s3   h5     X5   P4
                                            _Y5_/      \_r5_/      \_X5_/      \
                                           L5   Y5     r5   s3     h5   X5     P4
                                      _L5_/      \_Y5_/      \_h5_/      \_X5_/
                                     L5   i5     Y5   W5     s3   h5     X5
                                _L5_/      \_Y5_/      \_W5_/      \_h5_/
                               p5   L5     i5          l5   W5     W5
                          _I5_/      \_p5_/       _l5_/      \_W5_/
                         I5   p5     p5   i5     l5   l5     w5
                    _I5_/      \_p5_/      \_l5_/      \_w5_/
                   I5   T5     T5          i5   w5     w5
              _I5_/      \_T5_/       _s5_/      \_w5_/
             S3   Y4     Y4   T5     s5   i5     W4
        _S3_/      \_Y4_/      \_T5_/      \_W4_/
       S3   R5     Y4          U5   s5     W4
  _C4_/      \_R5_/       _y4_/      \_W4_/
 C4   C4     R5   R5     y4   U5     s5
/      \_P5_/      \_y4_/      \_s5_/
C4     P5   P5     R5   y4     U5
 \_C3_/      \_P5_/      \_U5_/
 C3   P5     H5   Y3     U5
/      \_L2_/      \_Y3_/
C3     L2   H5     Y3
 \_C5_/      \_H5_/
 C5   C5     H5
/      \_H5_/
C5     I1
 \_C5_/

solution 5:
00,0,0 00,0,1 00,1,0 00,1,2 01,0,1 C5
01,0,2 I1
00,1,1 00,2,0 00,2,2 C3
00,2,1 00,3,0 00,3,2 01,2,1 C4
01,0,0 02,0,0 02,0,1 02,0,2 02,1,2 H5
01,1,0 01,1,2 L2
01,1,1 01,2,0 01,2,2 02,1,0 02,1,1 P5
01,3,0 01,3,2 02,3,2 S3
12,1,0 12,1,1 13,0,1 13,0,2 P4
02,2,0 02,2,1 02,2,2 03,1,1 03,1,2 R5
03,0,0 03,0,1 03,0,2 Y3
02,3,0 03,3,0 03,3,2 04,3,0 04,3,2 I5
03,2,0 03,2,1 03,2,2 04,2,2 Y4
04,2,0 04,2,1 05,0,1 05,1,1 05,1,2 U5
03,1,0 04,1,0 04,1,2 s3
04,0,0 04,0,1 04,0,2 05,0,0 05,0,2 l5
05,2,0 05,2,2 06,2,0 06,2,1 06,2,2 L5
05,2,1 05,3,0 05,3,2 06,3,0 06,3,2 W5
05,1,0 06,1,0 06,1,2 07,1,2 W4
06,0,0 06,0,1 06,0,2 07,0,1 07,0,2 r5
07,0,0 07,1,0 08,0,0 08,0,1 08,0,2 Y5
07,1,1 07,2,1 07,2,2 07,3,0 07,3,2 w5
07,2,0 08,2,1 08,2,2 08,3,0 08,3,2 s5
08,1,0 08,1,2 09,0,1 09,1,1 09,1,2 h5
09,0,0 09,0,2 10,0,0 10,0,2 11,0,2 i5
08,2,0 09,2,0 09,2,1 09,2,2 10,2,2 T5
09,3,0 09,3,2 10,2,0 10,2,1 11,2,2 S5
10,3,0 10,3,2 11,2,0 11,2,1 p4
09,1,0 10,0,1 10,1,0 10,1,1 10,1,2 X5
11,0,0 11,0,1 11,1,2 12,0,0 12,0,2 p5
11,1,0 11,1,1 12,0,1 12,1,2 y4

                                                              _p4_
                                                             p4   p4
                                                        _S5_/      \_p4_
                                                       S5   S5     S5   P4
                                                  _s5_/      \_S5_/      \_P4_
                                                 s5   T5     T5   y4     y4   P4
                                            _w5_/      \_T5_/      \_y4_/      \
                                           w5   s5     T5   X5     p5   y4     P4
                                      _W5_/      \_T5_/      \_X5_/      \_p5_/
                                     W5   w5     s5   h5     X5   p5     p5
                                _W5_/      \_s5_/      \_X5_/      \_p5_/
                               W5   L5     w5          h5   X5     i5
                          _I5_/      \_L5_/       _h5_/      \_i5_/
                         I5   W5     L5   w5     h5   h5     i5
                    _I5_/      \_L5_/      \_Y5_/      \_i5_/
                   I5   U5     L5          W4   Y5     i5
              _I5_/      \_U5_/       _W4_/      \_Y5_/
             S3   Y4     Y4   U5     W4   r5     Y5
        _S3_/      \_Y4_/      \_W4_/      \_Y5_/
       S3   R5     Y4          U5   r5     r5
  _C4_/      \_R5_/       _s3_/      \_r5_/
 C4   C4     R5   R5     s3   U5     r5
/      \_P5_/      \_s3_/      \_l5_/
C4     P5   P5     R5   l5     l5
 \_C3_/      \_P5_/      \_l5_/
 C3   P5     H5   Y3     l5
/      \_L2_/      \_Y3_/
C3     L2   H5     Y3
 \_C5_/      \_H5_/
 C5   C5     H5
/      \_H5_/
C5     I1
 \_C5_/

solution 6:
00,0,0 00,0,1 00,1,0 00,1,2 01,0,1 C5
01,0,2 I1
00,1,1 00,2,0 00,2,2 C3
00,2,1 00,3,0 00,3,2 01,2,1 C4
01,0,0 02,0,0 02,0,1 02,0,2 02,1,2 H5
01,1,0 01,1,2 L2
01,1,1 01,2,0 01,2,2 02,1,0 02,1,1 P5
01,3,0 01,3,2 02,3,2 S3
12,1,0 12,1,1 13,0,1 13,0,2 P4
02,2,0 02,2,1 02,2,2 03,1,1 03,1,2 R5
03,0,0 03,0,1 03,0,2 Y3
02,3,0 03,3,0 03,3,2 04,3,0 04,3,2 I5
03,2,0 03,2,1 03,2,2 04,2,2 Y4
04,2,0 04,2,1 05,0,1 05,1,1 05,1,2 U5
03,1,0 04,1,0 04,1,2 s3
04,0,0 04,0,1 04,0,2 05,0,0 05,0,2 l5
05,2,0 05,2,2 06,2,0 06,2,1 06,2,2 L5
05,2,1 05,3,0 05,3,2 06,3,0 06,3,2 W5
05,1,0 06,0,0 06,0,1 06,0,2 07,0,2 h5
06,1,0 06,1,2 07,1,0 07,1,2 W4
07,0,0 07,0,1 08,0,1 08,0,2 08,1,2 p5
07,1,1 07,2,1 07,2,2 07,3,0 07,3,2 w5
07,2,0 08,2,1 08,2,2 08,3,0 08,3,2 s5
08,0,0 08,1,0 09,0,0 09,0,1 09,0,2 Y5
10,3,0 10,3,2 11,2,0 11,2,1 p4
09,3,0 09,3,2 10,2,0 10,2,1 11,2,2 S5
11,1,0 11,1,1 12,0,0 12,0,1 12,1,2 T5
10,0,0 10,0,2 11,0,0 11,0,2 12,0,2 i5
10,0,1 10,1,0 10,1,2 11,0,1 11,1,2 r5
08,2,0 09,1,0 09,1,1 09,1,2 09,2,2 X5
09,2,0 09,2,1 10,1,1 10,2,2 y4

                                                              _p4_
                                                             p4   p4
                                                        _S5_/      \_p4_
                                                       S5   S5     S5   P4
                                                  _s5_/      \_S5_/      \_P4_
                                                 s5   y4     y4   T5     T5   P4
                                            _w5_/      \_y4_/      \_T5_/      \
                                           w5   s5     X5   y4     r5   T5     P4
                                      _W5_/      \_X5_/      \_r5_/      \_T5_/
                                     W5   w5     s5   X5     r5   r5     i5
                                _W5_/      \_s5_/      \_X5_/      \_i5_/
                               W5   L5     w5          X5   r5     i5
                          _I5_/      \_L5_/       _Y5_/      \_i5_/
                         I5   W5     L5   w5     p5   Y5     i5
                    _I5_/      \_L5_/      \_W4_/      \_Y5_/
                   I5   U5     L5          W4   p5     Y5
              _I5_/      \_U5_/       _W4_/      \_Y5_/
             S3   Y4     Y4   U5     W4   p5     p5
        _S3_/      \_Y4_/      \_h5_/      \_p5_/
       S3   R5     Y4          U5   h5     h5
  _C4_/      \_R5_/       _s3_/      \_h5_/
 C4   C4     R5   R5     s3   U5     h5
/      \_P5_/      \_s3_/      \_l5_/
C4     P5   P5     R5   l5     l5
 \_C3_/      \_P5_/      \_l5_/
 C3   P5     H5   Y3     l5
/      \_L2_/      \_Y3_/
C3     L2   H5     Y3
 \_C5_/      \_H5_/
 C5   C5     H5
/      \_H5_/
C5     I1
 \_C5_/

solution 7:
00,0,0 00,0,1 00,1,0 00,1,2 01,0,1 C5
01,0,2 I1
00,1,1 00,2,0 00,2,2 C3
00,2,1 00,3,0 00,3,2 01,2,1 C4
01,0,0 02,0,0 02,0,1 02,0,2 02,1,2 H5
01,1,0 01,1,2 L2
01,1,1 01,2,0 01,2,2 02,1,0 02,1,1 P5
01,3,0 01,3,2 02,3,2 S3
12,1,0 12,1,1 13,0,1 13,0,2 P4
02,2,0 02,2,1 02,2,2 03,1,1 03,1,2 R5
03,0,0 03,0,1 03,0,2 Y3
02,3,0 03,3,0 03,3,2 04,3,0 04,3,2 I5
03,2,0 03,2,1 03,2,2 04,2,2 Y4
04,2,0 04,2,1 05,0,1 05,1,1 05,1,2 U5
03,1,0 04,1,0 04,1,2 s3
04,0,0 04,0,1 04,0,2 05,0,0 05,0,2 l5
05,2,0 05,2,2 06,2,0 06,2,1 06,2,2 L5
05,2,1 05,3,0 05,3,2 06,3,0 06,3,2 W5
05,1,0 06,0,0 06,0,1 06,0,2 07,0,2 h5
06,1,0 06,1,2 07,1,0 07,1,2 W4
07,0,0 07,0,1 08,0,1 08,0,2 08,1,2 p5
07,1,1 07,2,1 07,2,2 07,3,0 07,3,2 w5
07,2,0 08,2,1 08,2,2 08,3,0 08,3,2 s5
08,0,0 09,0,0 09,0,1 09,0,2 y4
08,1,0 08,2,0 09,1,0 09,1,1 09,1,2 Y5
10,0,0 10,0,2 11,0,0 11,0,2 12,0,2 i5
11,1,0 11,1,1 12,0,0 12,0,1 12,1,2 T5
10,3,0 10,3,2 11,2,0 11,2,1 p4
10,0,1 10,1,0 10,1,2 11,0,1 11,1,2 r5
09,2,0 09,2,1 09,2,2 10,1,1 10,2,2 X5
09,3,0 09,3,2 10,2,0 10,2,1 11,2,2 S5

                                                              _p4_
                                                             p4   p4
                                                        _S5_/      \_p4_
                                                       S5   S5     S5   P4
                                                  _s5_/      \_S5_/      \_P4_
                                                 s5   X5     X5   T5     T5   P4
                                            _w5_/      \_X5_/      \_T5_/      \
                                           w5   s5     X5   X5     r5   T5     P4
                                      _W5_/      \_Y5_/      \_r5_/      \_T5_/
                                     W5   w5     s5   Y5     r5   r5     i5
                                _W5_/      \_s5_/      \_Y5_/      \_i5_/
                               W5   L5     w5          Y5   r5     i5
                          _I5_/      \_L5_/       _Y5_/      \_i5_/
                         I5   W5     L5   w5     p5   y4     i5
                    _I5_/      \_L5_/      \_W4_/      \_y4_/
                   I5   U5     L5          W4   p5     y4
              _I5_/      \_U5_/       _W4_/      \_y4_/
             S3   Y4     Y4   U5     W4   p5     p5
        _S3_/      \_Y4_/      \_h5_/      \_p5_/
       S3   R5     Y4          U5   h5     h5
  _C4_/      \_R5_/       _s3_/      \_h5_/
 C4   C4     R5   R5     s3   U5     h5
/      \_P5_/      \_s3_/      \_l5_/
C4     P5   P5     R5   l5     l5
 \_C3_/      \_P5_/      \_l5_/
 C3   P5     H5   Y3     l5
/      \_L2_/      \_Y3_/
C3     L2   H5     Y3
 \_C5_/      \_H5_/
 C5   C5     H5
/      \_H5_/
C5     I1
 \_C5_/

solution 8:
00,0,0 00,0,1 00,1,0 00,1,2 01,0,1 C5
01,0,2 I1
00,1,1 00,2,0 00,2,2 C3
00,2,1 00,3,0 00,3,2 01,2,1 C4
01,0,0 02,0,0 02,0,1 02,0,2 02,1,2 H5
01,1,0 01,1,2 L2
01,1,1 01,2,0 01,2,2 02,1,0 02,1,1 P5
01,3,0 01,3,2 02,3,2 S3
12,1,0 12,1,1 13,0,1 13,0,2 P4
02,2,0 02,2,1 02,2,2 03,1,1 03,1,2 R5
03,0,0 03,0,1 03,0,2 Y3
02,3,0 03,3,0 03,3,2 04,3,0 04,3,2 I5
03,2,0 03,2,1 03,2,2 04,2,2 Y4
04,2,0 04,2,1 05,0,1 05,1,1 05,1,2 U5
03,1,0 04,1,0 04,1,2 s3
04,0,0 04,0,1 04,0,2 05,0,0 05,0,2 l5
05,2,0 05,2,1 05,2,2 05,3,2 06,2,2 Y5
05,1,0 06,0,1 06,1,0 06,1,2 y4
06,0,0 06,0,2 07,0,0 07,0,2 08,0,2 i5
05,3,0 06,2,0 06,2,1 07,1,1 07,2,2 L5
07,0,1 07,1,0 07,1,2 08,1,0 08,1,2 W5
08,0,0 08,0,1 09,0,1 09,0,2 09,1,2 p5
09,0,0 10,0,1 10,0,2 10,1,0 10,1,2 s5
10,0,0 11,0,0 11,0,1 11,0,2 12,0,2 T5
11,1,0 11,1,2 12,0,0 12,0,1 12,1,2 h5
06,3,0 06,3,2 07,2,0 07,2,1 08,2,2 S5
07,3,0 07,3,2 08,2,0 08,2,1 p4
09,1,0 09,1,1 09,2,0 09,2,1 09,2,2 r5
08,3,0 08,3,2 09,3,0 09,3,2 W4
10,1,1 10,2,1 10,2,2 10,3,0 10,3,2 w5
10,2,0 11,1,1 11,2,0 11,2,1 11,2,2 X5

                                                              _w5_
                                                             w5   X5
                                                        _W4_/      \_X5_
                                                       W4   w5     X5   P4
                                                  _W4_/      \_X5_/      \_P4_
                                                 W4   r5     w5   X5     h5   P4
                                            _p4_/      \_r5_/      \_h5_/      \
                                           p4   p4     r5   w5     h5   h5     P4
                                      _S5_/      \_p4_/      \_s5_/      \_h5_/
                                     S5   S5     S5   r5     s5   T5     T5
                                _L5_/      \_S5_/      \_r5_/      \_T5_/
                               Y5   L5     L5          p5   s5     T5
                          _I5_/      \_L5_/       _W5_/      \_T5_/
                         I5   Y5     Y5   L5     W5   p5     s5
                    _I5_/      \_Y5_/      \_W5_/      \_s5_/
                   I5   U5     Y5          W5   p5     p5
              _I5_/      \_U5_/       _y4_/      \_p5_/
             S3   Y4     Y4   U5     y4   W5     i5
        _S3_/      \_Y4_/      \_y4_/      \_i5_/
       S3   R5     Y4          U5   y4     i5
  _C4_/      \_R5_/       _s3_/      \_i5_/
 C4   C4     R5   R5     s3   U5     i5
/      \_P5_/      \_s3_/      \_l5_/
C4     P5   P5     R5   l5     l5
 \_C3_/      \_P5_/      \_l5_/
 C3   P5     H5   Y3     l5
/      \_L2_/      \_Y3_/
C3     L2   H5     Y3
 \_C5_/      \_H5_/
 C5   C5     H5
/      \_H5_/
C5     I1
 \_C5_/

solution 9:
00,0,0 00,0,1 00,1,0 00,1,2 01,0,1 C5
01,0,2 I1
00,1,1 00,2,0 00,2,2 C3
00,2,1 00,3,0 00,3,2 01,2,1 C4
01,0,0 02,0,0 02,0,1 02,0,2 02,1,2 H5
01,1,0 01,1,2 L2
01,1,1 01,2,0 01,2,2 02,1,0 02,1,1 P5
01,3,0 01,3,2 02,3,2 S3
12,1,0 12,1,1 13,0,1 13,0,2 P4
02,2,0 02,2,1 02,2,2 03,1,1 03,1,2 R5
03,0,0 03,0,1 03,0,2 Y3
02,3,0 03,3,0 03,3,2 04,3,0 04,3,2 I5
03,2,0 03,2,1 03,2,2 04,2,2 Y4
04,2,0 04,2,1 05,0,1 05,1,1 05,1,2 U5
03,1,0 04,1,0 04,1,2 s3
04,0,0 04,0,1 04,0,2 05,0,0 05,0,2 l5
05,2,1 05,2,2 05,3,0 05,3,2 06,2,1 p5
05,2,0 06,2,0 06,2,2 07,2,2 W4
06,3,0 06,3,2 07,2,0 07,2,1 08,2,2 S5
07,3,0 07,3,2 08,3,0 08,3,2 09,2,1 w5
08,2,0 08,2,1 09,2,0 09,2,2 10,1,1 s5
09,3,0 09,3,2 10,2,1 10,3,0 10,3,2 T5
10,2,0 10,2,2 11,2,0 11,2,1 11,2,2 L5
11,1,0 12,0,0 12,0,1 12,0,2 12,1,2 X5
11,0,0 11,0,1 11,1,1 11,1,2 p4
09,1,0 10,0,1 10,1,0 10,1,2 y4
09,0,0 09,0,2 10,0,0 10,0,2 11,0,2 i5
08,1,0 08,1,2 09,0,1 09,1,1 09,1,2 h5
06,0,0 06,0,1 06,0,2 07,0,1 07,0,2 r5
05,1,0 06,1,0 06,1,2 07,1,1 07,1,2 W5
07,0,0 07,1,0 08,0,0 08,0,1 08,0,2 Y5

                                                              _T5_
                                                             T5   L5
                                                        _T5_/      \_L5_
                                                       T5   T5     L5   P4
                                                  _w5_/      \_L5_/      \_P4_
                                                 w5   w5     L5   p4     X5   P4
                                            _w5_/      \_s5_/      \_X5_/      \
                                           w5   s5     s5   s5     p4   X5     P4
                                      _S5_/      \_s5_/      \_y4_/      \_X5_/
                                     S5   S5     S5   h5     y4   p4     X5
                                _p5_/      \_S5_/      \_y4_/      \_p4_/
                               p5   p5     W4          h5   y4     i5
                          _I5_/      \_W4_/       _h5_/      \_i5_/
                         I5   p5     W4   W5     h5   h5     i5
                    _I5_/      \_W4_/      \_Y5_/      \_i5_/
                   I5   U5     p5          W5   Y5     i5
              _I5_/      \_U5_/       _W5_/      \_Y5_/
             S3   Y4     Y4   U5     W5   r5     Y5
        _S3_/      \_Y4_/      \_W5_/      \_Y5_/
       S3   R5     Y4          U5   r5     r5
  _C4_/      \_R5_/       _s3_/      \_r5_/
 C4   C4     R5   R5     s3   U5     r5
/      \_P5_/      \_s3_/      \_l5_/
C4     P5   P5     R5   l5     l5
 \_C3_/      \_P5_/      \_l5_/
 C3   P5     H5   Y3     l5
/      \_L2_/      \_Y3_/
C3     L2   H5     Y3
 \_C5_/      \_H5_/
 C5   C5     H5
/      \_H5_/
C5     I1
 \_C5_/

solution 10:
00,0,0 00,0,1 00,1,0 00,1,2 01,0,1 C5
01,0,2 I1
00,1,1 00,2,0 00,2,2 C3
00,2,1 00,3,0 00,3,2 01,2,1 C4
01,0,0 02,0,0 02,0,1 02,0,2 02,1,2 H5
01,1,0 01,1,2 L2
01,1,1 01,2,0 01,2,2 02,1,0 02,1,1 P5
01,3,0 01,3,2 02,3,2 S3
12,1,0 12,1,1 13,0,1 13,0,2 P4
02,2,0 02,2,1 02,2,2 03,1,1 03,1,2 R5
03,0,0 03,0,1 03,0,2 Y3
02,3,0 03,3,0 03,3,2 04,3,0 04,3,2 I5
03,2,0 03,2,1 03,2,2 04,2,2 Y4
04,2,0 04,2,1 05,0,1 05,1,1 05,1,2 U5
03,1,0 04,1,0 04,1,2 s3
04,0,0 04,0,1 04,0,2 05,0,0 05,0,2 l5
05,2,0 05,2,1 05,2,2 06,2,1 06,2,2 r5
05,3,0 05,3,2 06,3,0 06,3,2 07,2,1 w5
07,3,0 07,3,2 08,2,0 08,2,1 09,2,2 S5
06,2,0 07,1,1 07,2,0 07,2,2 08,2,2 L5
08,3,0 08,3,2 09,2,1 09,3,0 09,3,2 T5
05,1,0 06,0,1 06,1,0 06,1,2 y4
06,0,0 06,0,2 07,0,0 07,0,2 08,0,2 i5
07,0,1 07,1,0 07,1,2 08,1,0 08,1,2 W5
08,0,0 08,0,1 09,0,1 09,0,2 09,1,2 p5
09,0,0 10,0,0 10,0,2 11,0,2 W4
09,1,0 09,1,1 10,0,1 10,1,1 10,1,2 Y5
09,2,0 10,2,1 10,2,2 10,3,0 10,3,2 s5
10,2,0 11,1,1 11,2,0 11,2,1 11,2,2 X5
10,1,0 11,0,0 11,0,1 12,0,2 p4
11,1,0 11,1,2 12,0,0 12,0,1 12,1,2 h5

                                                              _s5_
                                                             s5   X5
                                                        _T5_/      \_X5_
                                                       T5   s5     X5   P4
                                                  _T5_/      \_X5_/      \_P4_
                                                 T5   T5     s5   X5     h5   P4
                                            _S5_/      \_s5_/      \_h5_/      \
                                           S5   S5     S5   Y5     h5   h5     P4
                                      _w5_/      \_S5_/      \_p4_/      \_h5_/
                                     w5   w5     L5   Y5     Y5   p4     p4
                                _w5_/      \_L5_/      \_Y5_/      \_p4_/
                               w5   r5     L5          p5   Y5     W4
                          _I5_/      \_L5_/       _W5_/      \_W4_/
                         I5   r5     r5   L5     W5   p5     W4
                    _I5_/      \_r5_/      \_W5_/      \_W4_/
                   I5   U5     r5          W5   p5     p5
              _I5_/      \_U5_/       _y4_/      \_p5_/
             S3   Y4     Y4   U5     y4   W5     i5
        _S3_/      \_Y4_/      \_y4_/      \_i5_/
       S3   R5     Y4          U5   y4     i5
  _C4_/      \_R5_/       _s3_/      \_i5_/
 C4   C4     R5   R5     s3   U5     i5
/      \_P5_/      \_s3_/      \_l5_/
C4     P5   P5     R5   l5     l5
 \_C3_/      \_P5_/      \_l5_/
 C3   P5     H5   Y3     l5
/      \_L2_/      \_Y3_/
C3     L2   H5     Y3
 \_C5_/      \_H5_/
 C5   C5     H5
/      \_H5_/
C5     I1
 \_C5_/

...

solution 40:
00,0,0 00,0,1 00,1,0 00,1,2 01,0,1 C5
01,0,2 I1
00,1,1 00,2,0 00,2,2 C3
00,2,1 00,3,0 00,3,2 01,2,1 C4
01,0,0 02,0,0 02,0,1 02,0,2 02,1,2 H5
01,1,0 01,1,2 L2
01,1,1 01,2,0 01,2,2 02,1,0 02,1,1 P5
01,3,0 01,3,2 02,3,2 S3
12,1,0 12,1,1 13,0,1 13,0,2 P4
02,2,0 02,2,1 02,2,2 03,1,1 03,1,2 R5
03,0,0 03,0,1 03,0,2 Y3
02,3,0 03,3,0 03,3,2 04,3,0 04,3,2 I5
03,2,0 03,2,1 03,2,2 04,2,2 Y4
04,2,0 04,2,1 05,0,1 05,1,1 05,1,2 U5
03,1,0 04,0,1 04,1,0 04,1,2 y4
04,0,0 04,0,2 05,0,0 05,0,2 06,0,2 i5
05,1,0 06,0,0 06,0,1 06,1,2 07,0,2 r5
05,2,1 05,2,2 05,3,0 05,3,2 06,2,1 p5
05,2,0 06,2,0 06,2,2 07,2,2 W4
06,3,0 06,3,2 07,2,0 07,2,1 08,2,2 S5
07,3,0 07,3,2 08,2,0 08,2,1 p4
08,3,0 08,3,2 09,2,0 09,2,1 10,1,1 W5
09,3,0 09,3,2 10,3,0 10,3,2 11,2,1 w5
09,1,1 09,1,2 09,2,2 s3
10,2,0 10,2,1 10,2,2 11,2,0 11,2,2 l5
07,0,0 08,0,1 08,0,2 08,1,0 08,1,2 s5
06,1,0 07,0,1 07,1,0 07,1,1 07,1,2 X5
08,0,0 09,0,0 09,0,1 09,0,2 10,0,2 T5
09,1,0 10,0,0 10,0,1 10,1,0 10,1,2 Y5
11,0,0 11,0,2 12,0,0 12,0,1 12,0,2 L5
11,0,1 11,1,0 11,1,1 11,1,2 12,1,2 h5

                                                              _w5_
                                                             w5   w5
                                                        _w5_/      \_l5_
                                                       w5   l5     l5   P4
                                                  _W5_/      \_l5_/      \_P4_
                                                 W5   W5     l5   h5     h5   P4
                                            _p4_/      \_W5_/      \_h5_/      \
                                           p4   p4     s3   W5     h5   L5     P4
                                      _S5_/      \_p4_/      \_Y5_/      \_L5_/
                                     S5   S5     S5   s3     Y5   h5     L5
                                _p5_/      \_S5_/      \_Y5_/      \_L5_/
                               p5   p5     W4          s3   Y5     L5
                          _I5_/      \_W4_/       _s5_/      \_Y5_/
                         I5   p5     W4   X5     s5   T5     T5
                    _I5_/      \_W4_/      \_X5_/      \_T5_/
                   I5   U5     p5          X5   s5     T5
              _I5_/      \_U5_/       _X5_/      \_T5_/
             S3   Y4     Y4   U5     r5   X5     s5
        _S3_/      \_Y4_/      \_r5_/      \_s5_/
       S3   R5     Y4          U5   r5     r5
  _C4_/      \_R5_/       _y4_/      \_r5_/
 C4   C4     R5   R5     y4   U5     i5
/      \_P5_/      \_y4_/      \_i5_/
C4     P5   P5     R5   y4     i5
 \_C3_/      \_P5_/      \_i5_/
 C3   P5     H5   Y3     i5
/      \_L2_/      \_Y3_/
C3     L2   H5     Y3
 \_C5_/      \_H5_/
 C5   C5     H5
/      \_H5_/
C5     I1
 \_C5_/

Session interrupted by user.
40 solutions, 430433 searches, duration 0:14:04.365962
