solving PentatwigsMobiusStrip1:

solution 1 (527 searches):
07,0,0 07,0,1 07,1,0 07,1,2 08,0,2 C5
05,2,0 06,2,0 06,2,2 07,1,1 07,2,2 L5
05,0,0 05,0,1 06,0,0 06,0,2 07,0,2 W5
05,1,0 06,0,1 06,1,0 06,1,1 06,1,2 X5
03,0,0 03,0,2 04,0,0 04,0,2 05,0,2 I5
04,1,0 04,1,2 05,1,1 05,1,2 05,2,2 U5
03,2,0 03,2,2 04,1,1 04,2,0 04,2,2 T5
02,1,0 03,0,1 03,1,0 03,1,2 04,0,1 R5
02,1,1 02,1,2 02,2,0 02,2,2 03,1,1 P5
01,0,0 01,1,0 02,0,0 02,0,1 02,0,2 Y5
00,2,0 01,1,1 01,1,2 01,2,0 01,2,2 H5
00,1,0 00,1,1 00,2,2 01,0,1 01,0,2 S5

                                           L5
                                      _L5_/
                                     L5   L5
                                _L5_/      \_C5_
                               U5   X5     C5
                          _T5_/      \_X5_/
                         T5   U5     X5   C5     C5
                    _T5_/      \_X5_/      \_C5_/
                   T5   T5     U5   X5     W5
              _P5_/      \_U5_/      \_W5_/
             P5   P5     U5   W5     W5
        _H5_/      \_R5_/      \_W5_/
       H5   P5     R5   R5     I5
  _H5_/      \_R5_/      \_I5_/
 S5   H5     P5   R5     I5
/      \_Y5_/      \_I5_/
S5     H5   Y5     I5
 \_S5_/      \_Y5_/
      S5     Y5
       \_Y5_/
       S5
      /

solution 2 (13,303 searches):
06,0,0 07,0,0 07,0,1 07,0,2 08,0,2 T5
06,2,0 06,2,2 07,1,0 07,1,1 07,2,2 H5
05,2,0 05,2,2 06,1,0 06,1,1 07,1,2 S5
05,0,0 05,1,0 06,0,1 06,0,2 06,1,2 R5
01,0,0 01,0,1 01,0,2 01,1,1 01,1,2 L5
00,1,0 00,1,1 00,2,0 00,2,2 01,2,2 P5
02,0,0 02,0,2 03,0,1 03,0,2 03,1,2 U5
01,1,0 02,0,1 02,1,0 02,1,1 02,1,2 X5
01,2,0 02,2,0 02,2,2 03,2,0 03,2,2 I5
03,0,0 04,0,0 04,0,2 05,0,1 05,0,2 W5
03,1,0 03,1,1 04,0,1 04,1,1 04,1,2 Y5
04,1,0 04,2,0 04,2,2 05,1,1 05,1,2 C5

                                           H5
                                      _H5_/
                                     H5   H5
                                _S5_/      \_H5_
                               S5   S5     S5
                          _C5_/      \_S5_/
                         C5   C5     R5   T5     T5
                    _I5_/      \_R5_/      \_T5_/
                   I5   Y5     C5   R5     T5
              _I5_/      \_C5_/      \_T5_/
             I5   Y5     Y5   W5     R5
        _I5_/      \_Y5_/      \_R5_/
       P5   X5     U5   Y5     W5
  _P5_/      \_X5_/      \_W5_/
 P5   L5     X5   U5     W5
/      \_X5_/      \_W5_/
P5     L5   X5     U5
 \_P5_/      \_U5_/
      L5     U5
       \_L5_/
       L5
      /

solution 3 (13,515 searches):
06,0,0 07,0,0 07,0,1 07,0,2 08,0,2 T5
06,2,0 06,2,2 07,1,0 07,1,1 07,2,2 H5
05,2,0 05,2,2 06,1,0 06,1,1 07,1,2 S5
05,0,0 05,1,0 06,0,1 06,0,2 06,1,2 R5
01,0,1 01,0,2 01,1,0 01,1,1 01,1,2 L5
00,1,0 00,1,1 00,2,0 00,2,2 01,2,2 P5
01,0,0 02,0,1 02,0,2 02,1,1 02,1,2 W5
02,0,0 02,1,0 03,0,0 03,0,1 03,0,2 Y5
01,2,0 02,2,0 02,2,2 03,2,0 03,2,2 I5
03,1,0 03,1,1 03,1,2 04,0,1 04,1,2 X5
04,0,0 04,0,2 05,0,1 05,0,2 05,1,2 U5
04,1,0 04,1,1 04,2,0 04,2,2 05,1,1 C5

                                           H5
                                      _H5_/
                                     H5   H5
                                _S5_/      \_H5_
                               S5   S5     S5
                          _C5_/      \_S5_/
                         C5   C5     R5   T5     T5
                    _I5_/      \_R5_/      \_T5_/
                   I5   C5     U5   R5     T5
              _I5_/      \_C5_/      \_T5_/
             I5   X5     X5   U5     R5
        _I5_/      \_X5_/      \_R5_/
       P5   W5     X5   X5     U5
  _P5_/      \_Y5_/      \_U5_/
 P5   L5     W5   Y5     U5
/      \_L5_/      \_Y5_/
P5     L5   W5     Y5
 \_P5_/      \_Y5_/
      L5     W5
       \_W5_/
       L5
      /

solution 4 (13,751 searches):
06,0,0 07,0,0 07,0,1 07,0,2 08,0,2 T5
06,2,0 06,2,2 07,1,0 07,1,1 07,2,2 H5
05,2,0 05,2,2 06,1,0 06,1,1 07,1,2 S5
05,0,0 05,1,0 06,0,1 06,0,2 06,1,2 R5
01,0,0 01,0,1 01,0,2 01,1,2 02,0,2 Y5
00,1,0 00,1,1 00,2,0 00,2,2 01,2,2 P5
01,1,0 01,1,1 02,0,0 02,0,1 03,0,2 W5
04,1,0 04,1,1 04,2,0 04,2,2 05,1,1 C5
04,0,0 04,0,2 05,0,1 05,0,2 05,1,2 U5
01,2,0 02,2,0 02,2,2 03,2,0 03,2,2 I5
02,1,0 02,1,1 02,1,2 03,0,0 03,0,1 L5
03,1,0 03,1,1 03,1,2 04,0,1 04,1,2 X5

                                           H5
                                      _H5_/
                                     H5   H5
                                _S5_/      \_H5_
                               S5   S5     S5
                          _C5_/      \_S5_/
                         C5   C5     R5   T5     T5
                    _I5_/      \_R5_/      \_T5_/
                   I5   C5     U5   R5     T5
              _I5_/      \_C5_/      \_T5_/
             I5   X5     X5   U5     R5
        _I5_/      \_X5_/      \_R5_/
       P5   L5     X5   X5     U5
  _P5_/      \_L5_/      \_U5_/
 P5   W5     L5   L5     U5
/      \_W5_/      \_L5_/
P5     Y5   W5     W5
 \_P5_/      \_W5_/
      Y5     Y5
       \_Y5_/
       Y5
      /

solution 5 (21,710 searches):
06,0,0 06,0,1 07,0,0 07,0,2 08,0,2 W5
04,1,0 04,1,2 05,0,0 05,0,1 06,0,2 S5
03,0,0 03,0,2 04,0,0 04,0,2 05,0,2 I5
03,0,1 03,1,0 03,1,1 03,1,2 04,0,1 Y5
03,2,0 03,2,2 04,1,1 04,2,0 04,2,2 T5
02,1,0 02,1,1 02,1,2 02,2,0 02,2,2 R5
01,1,0 01,1,1 01,2,0 01,2,2 02,0,1 P5
00,1,0 00,1,1 00,2,0 00,2,2 01,1,2 C5
01,0,0 01,0,1 01,0,2 02,0,0 02,0,2 L5
05,1,1 05,1,2 05,2,0 05,2,2 06,2,2 U5
05,1,0 06,1,0 06,1,1 06,1,2 07,0,1 H5
06,2,0 07,1,0 07,1,1 07,1,2 07,2,2 X5

                                           X5
                                      _X5_/
                                     U5   X5
                                _U5_/      \_X5_
                               U5   H5     X5
                          _T5_/      \_H5_/
                         T5   U5     H5   H5     W5
                    _T5_/      \_H5_/      \_W5_/
                   T5   T5     U5   W5     W5
              _R5_/      \_S5_/      \_W5_/
             R5   Y5     S5   S5     S5
        _P5_/      \_Y5_/      \_S5_/
       P5   R5     Y5   Y5     I5
  _C5_/      \_R5_/      \_I5_/
 C5   P5     R5   Y5     I5
/      \_P5_/      \_I5_/
C5     C5   P5     I5
 \_C5_/      \_L5_/
      L5     L5
       \_L5_/
       L5
      /

solution 6 (25,686 searches):
07,0,0 07,0,1 07,0,2 07,1,2 08,0,2 Y5
06,2,0 06,2,2 07,1,0 07,1,1 07,2,2 H5
05,1,1 05,2,0 05,2,2 06,1,0 06,1,1 P5
03,2,0 03,2,2 04,1,1 04,2,0 04,2,2 T5
04,0,0 05,0,0 05,0,2 06,0,0 06,0,2 I5
05,0,1 05,1,0 05,1,2 06,0,1 06,1,2 R5
02,2,0 03,1,0 03,1,1 04,1,0 04,1,2 U5
02,0,0 03,0,0 03,0,2 04,0,1 04,0,2 W5
00,1,0 00,1,1 00,2,2 01,0,1 01,0,2 S5
01,0,0 01,1,0 01,1,2 02,0,1 02,0,2 C5
00,2,0 01,1,1 01,2,0 01,2,2 02,2,2 L5
02,1,0 02,1,1 02,1,2 03,0,1 03,1,2 X5

                                           H5
                                      _H5_/
                                     H5   H5
                                _P5_/      \_H5_
                               P5   P5     Y5
                          _T5_/      \_P5_/
                         T5   P5     R5   Y5     Y5
                    _T5_/      \_R5_/      \_Y5_/
                   T5   T5     R5   R5     Y5
              _U5_/      \_U5_/      \_I5_/
             L5   U5     U5   R5     I5
        _L5_/      \_U5_/      \_I5_/
       L5   X5     X5   W5     I5
  _L5_/      \_X5_/      \_I5_/
 S5   L5     X5   X5     W5
/      \_C5_/      \_W5_/
S5     C5   C5     W5
 \_S5_/      \_W5_/
      S5     C5
       \_C5_/
       S5
      /

6 solutions, 28,546 searches, duration 0:00:00.554199
