solving Polytwigs12345TrapezoidRing9x3:

solution 1:
0,1,0 0,1,1 0,1,2 1,0,1 1,1,2 X5
0,0,0 0,0,1 1,0,2 C3
1,0,0 1,1,0 2,0,1 2,0,2 C4
2,0,0 2,1,0 2,1,2 3,0,1 3,0,2 C5
3,1,0 3,1,2 4,0,0 4,0,1 4,1,2 H5
3,0,0 4,0,2 L2
4,1,0 5,1,0 5,1,2 6,1,0 6,1,2 I5
5,0,1 I1
5,0,0 5,0,2 6,0,1 6,0,2 P4
6,0,0 7,0,1 7,0,2 7,1,0 7,1,2 S5
7,0,0 8,0,0 8,0,2 9,0,2 W4
8,0,1 8,1,0 8,1,1 8,1,2 9,0,1 Y5
0,2,1 0,2,2 0,3,0 0,3,2 1,2,1 P5
0,2,0 1,1,1 1,2,0 1,2,2 2,2,2 L5
1,3,0 1,3,2 2,3,2 S3
2,2,0 2,2,1 3,2,0 3,2,2 4,2,2 W5
2,3,0 3,2,1 3,3,2 Y3
3,3,0 4,2,0 4,2,1 5,2,0 5,2,2 U5
4,3,0 4,3,2 5,2,1 5,3,0 5,3,2 T5
6,2,0 6,2,1 6,2,2 6,3,0 6,3,2 R5
7,1,1 7,2,0 7,2,1 7,2,2 Y4

                                      _R5_
                                     R5   Y4
                                _T5_/      \_Y4_
                               T5   R5     Y4   Y5
                          _T5_/      \_R5_/      \_Y5_
                         T5   T5     R5   Y4     Y5   Y5
                    _U5_/      \_U5_/      \_S5_/      \
                   Y3   U5     U5          S5   Y5     W4
              _Y3_/      \_U5_/       _I5_/      \_W4_/
             S3   Y3     W5          I5   S5     W4
        _S3_/      \_W5_/       _I5_/      \_W4_/
       S3   W5     W5          I5   P4     S5
  _P5_/      \_W5_/       _I5_/      \_S5_/
 P5   P5     L5          H5   I1     P4
/      \_L5_/       _H5_/      \_P4_/
P5     L5          H5   H5     P4
 \_L5_/       _C5_/      \_H5_/
 P5   L5     C5   C5     L2
/      \_C4_/      \_L2_/
X5     X5   C4     C5
 \_X5_/      \_C5_/
 X5   X5     C4
/      \_C4_/
C3     C3
 \_C3_/

solution 2:
0,1,0 0,1,1 0,1,2 1,0,1 1,1,2 X5
0,0,0 0,0,1 1,0,2 C3
1,0,0 1,1,0 2,0,1 2,0,2 C4
2,0,0 2,1,0 2,1,2 3,0,1 3,0,2 C5
3,1,0 3,1,2 4,0,0 4,0,1 4,1,2 H5
3,0,0 4,0,2 L2
4,1,0 5,1,0 5,1,2 6,1,0 6,1,2 I5
5,0,1 I1
5,0,0 5,0,2 6,0,1 6,0,2 P4
6,0,0 7,0,1 7,0,2 7,1,0 7,1,2 S5
7,0,0 8,0,0 8,0,2 9,0,2 W4
8,0,1 8,1,0 8,1,1 8,1,2 9,0,1 Y5
0,2,1 0,2,2 0,3,0 0,3,2 1,2,1 P5
0,2,0 1,1,1 1,2,0 1,2,2 2,2,2 L5
1,3,0 1,3,2 2,3,2 S3
2,2,0 2,2,1 3,2,0 3,2,2 4,2,2 W5
2,3,0 3,2,1 3,3,2 Y3
3,3,0 4,2,0 4,2,1 5,2,0 5,2,2 U5
4,3,0 4,3,2 5,2,1 5,3,2 Y4
5,3,0 6,2,1 6,3,0 6,3,2 7,2,1 R5
6,2,0 6,2,2 7,1,1 7,2,0 7,2,2 T5

                                      _R5_
                                     R5   R5
                                _R5_/      \_T5_
                               Y4   R5     T5   Y5
                          _Y4_/      \_T5_/      \_Y5_
                         Y4   Y4     T5   T5     Y5   Y5
                    _U5_/      \_U5_/      \_S5_/      \
                   Y3   U5     U5          S5   Y5     W4
              _Y3_/      \_U5_/       _I5_/      \_W4_/
             S3   Y3     W5          I5   S5     W4
        _S3_/      \_W5_/       _I5_/      \_W4_/
       S3   W5     W5          I5   P4     S5
  _P5_/      \_W5_/       _I5_/      \_S5_/
 P5   P5     L5          H5   I1     P4
/      \_L5_/       _H5_/      \_P4_/
P5     L5          H5   H5     P4
 \_L5_/       _C5_/      \_H5_/
 P5   L5     C5   C5     L2
/      \_C4_/      \_L2_/
X5     X5   C4     C5
 \_X5_/      \_C5_/
 X5   X5     C4
/      \_C4_/
C3     C3
 \_C3_/

solution 3:
0,1,0 0,1,1 0,1,2 1,0,1 1,1,2 X5
0,0,0 0,0,1 1,0,2 C3
1,0,0 1,1,0 2,0,1 2,0,2 C4
2,0,0 2,1,0 2,1,2 3,0,1 3,0,2 C5
3,1,0 3,1,2 4,0,0 4,0,1 4,1,2 H5
3,0,0 4,0,2 L2
4,1,0 5,1,0 5,1,2 6,1,0 6,1,2 I5
5,0,1 I1
5,0,0 5,0,2 6,0,1 6,0,2 P4
6,0,0 7,0,1 7,0,2 7,1,0 7,1,2 S5
7,0,0 8,0,0 8,0,2 9,0,2 W4
8,0,1 8,1,0 8,1,1 8,1,2 9,0,1 Y5
0,2,1 0,2,2 0,3,0 0,3,2 1,2,1 P5
0,2,0 1,1,1 1,2,0 1,2,2 Y4
1,3,0 1,3,2 2,2,1 2,3,0 2,3,2 T5
2,2,0 2,2,2 3,2,1 3,2,2 3,3,2 U5
3,2,0 3,3,0 4,2,1 4,2,2 4,3,2 R5
4,2,0 5,2,0 5,2,2 6,2,1 6,2,2 W5
4,3,0 5,2,1 5,3,0 5,3,2 6,3,2 L5
6,3,0 7,2,0 7,2,1 S3
6,2,0 7,1,1 7,2,2 Y3

                                      _S3_
                                     L5   S3
                                _L5_/      \_S3_
                               L5   W5     Y3   Y5
                          _L5_/      \_Y3_/      \_Y5_
                         R5   L5     W5   Y3     Y5   Y5
                    _R5_/      \_W5_/      \_S5_/      \
                   U5   R5     W5          S5   Y5     W4
              _T5_/      \_W5_/       _I5_/      \_W4_/
             T5   U5     R5          I5   S5     W4
        _T5_/      \_R5_/       _I5_/      \_W4_/
       T5   T5     U5          I5   P4     S5
  _P5_/      \_U5_/       _I5_/      \_S5_/
 P5   P5     U5          H5   I1     P4
/      \_Y4_/       _H5_/      \_P4_/
P5     Y4          H5   H5     P4
 \_Y4_/       _C5_/      \_H5_/
 P5   Y4     C5   C5     L2
/      \_C4_/      \_L2_/
X5     X5   C4     C5
 \_X5_/      \_C5_/
 X5   X5     C4
/      \_C4_/
C3     C3
 \_C3_/

solution 4:
0,1,0 0,1,1 0,1,2 1,0,1 1,1,2 X5
0,0,0 0,0,1 1,0,2 C3
1,0,0 1,1,0 2,0,1 2,0,2 C4
2,0,0 2,1,0 2,1,2 3,0,1 3,0,2 C5
3,1,0 3,1,2 4,0,0 4,0,1 4,1,2 H5
3,0,0 4,0,2 L2
4,1,0 5,1,0 5,1,2 6,1,0 6,1,2 I5
5,0,1 I1
5,0,0 5,0,2 6,0,1 6,0,2 P4
6,0,0 7,0,1 7,0,2 7,1,0 7,1,2 S5
7,0,0 8,0,0 8,0,2 9,0,2 W4
8,0,1 8,1,0 8,1,1 8,1,2 9,0,1 Y5
0,2,1 0,2,2 0,3,0 0,3,2 1,2,1 P5
0,2,0 1,1,1 1,2,0 1,2,2 Y4
1,3,0 1,3,2 2,2,1 2,3,0 2,3,2 T5
2,2,0 2,2,2 3,2,1 3,2,2 3,3,2 U5
3,2,0 4,2,0 4,2,2 5,2,1 5,2,2 W5
3,3,0 4,2,1 4,3,0 4,3,2 5,3,2 L5
5,2,0 5,3,0 6,2,1 6,2,2 6,3,2 R5
6,3,0 7,2,0 7,2,1 S3
6,2,0 7,1,1 7,2,2 Y3

                                      _S3_
                                     R5   S3
                                _R5_/      \_S3_
                               L5   R5     Y3   Y5
                          _L5_/      \_Y3_/      \_Y5_
                         L5   W5     R5   Y3     Y5   Y5
                    _L5_/      \_R5_/      \_S5_/      \
                   U5   L5     W5          S5   Y5     W4
              _T5_/      \_W5_/       _I5_/      \_W4_/
             T5   U5     W5          I5   S5     W4
        _T5_/      \_W5_/       _I5_/      \_W4_/
       T5   T5     U5          I5   P4     S5
  _P5_/      \_U5_/       _I5_/      \_S5_/
 P5   P5     U5          H5   I1     P4
/      \_Y4_/       _H5_/      \_P4_/
P5     Y4          H5   H5     P4
 \_Y4_/       _C5_/      \_H5_/
 P5   Y4     C5   C5     L2
/      \_C4_/      \_L2_/
X5     X5   C4     C5
 \_X5_/      \_C5_/
 X5   X5     C4
/      \_C4_/
C3     C3
 \_C3_/

solution 5:
0,1,0 0,1,1 0,1,2 1,0,1 1,1,2 X5
0,0,0 0,0,1 1,0,2 C3
1,0,0 1,1,0 2,0,1 2,0,2 C4
2,0,0 2,1,0 2,1,2 3,0,1 3,0,2 C5
3,1,0 3,1,2 4,0,0 4,0,1 4,1,2 H5
3,0,0 4,0,2 L2
4,1,0 5,1,0 5,1,2 6,1,0 6,1,2 I5
5,0,1 I1
5,0,0 5,0,2 6,0,1 6,0,2 P4
6,0,0 7,0,1 7,0,2 7,1,0 7,1,2 S5
7,0,0 8,0,0 8,0,2 9,0,2 W4
8,0,1 8,1,0 8,1,1 8,1,2 9,0,1 Y5
0,2,1 0,2,2 0,3,0 0,3,2 1,2,1 P5
0,2,0 1,1,1 1,2,0 1,2,2 Y4
1,3,0 1,3,2 2,3,0 2,3,2 3,2,1 W5
2,2,0 2,2,1 2,2,2 3,2,0 3,2,2 L5
3,3,0 3,3,2 4,2,1 4,3,0 4,3,2 T5
4,2,0 4,2,2 5,2,1 5,2,2 5,3,2 U5
5,2,0 5,3,0 6,2,1 6,2,2 6,3,2 R5
6,3,0 7,2,0 7,2,1 S3
6,2,0 7,1,1 7,2,2 Y3

                                      _S3_
                                     R5   S3
                                _R5_/      \_S3_
                               U5   R5     Y3   Y5
                          _T5_/      \_Y3_/      \_Y5_
                         T5   U5     R5   Y3     Y5   Y5
                    _T5_/      \_R5_/      \_S5_/      \
                   T5   T5     U5          S5   Y5     W4
              _W5_/      \_U5_/       _I5_/      \_W4_/
             W5   W5     U5          I5   S5     W4
        _W5_/      \_L5_/       _I5_/      \_W4_/
       W5   L5     L5          I5   P4     S5
  _P5_/      \_L5_/       _I5_/      \_S5_/
 P5   P5     L5          H5   I1     P4
/      \_Y4_/       _H5_/      \_P4_/
P5     Y4          H5   H5     P4
 \_Y4_/       _C5_/      \_H5_/
 P5   Y4     C5   C5     L2
/      \_C4_/      \_L2_/
X5     X5   C4     C5
 \_X5_/      \_C5_/
 X5   X5     C4
/      \_C4_/
C3     C3
 \_C3_/

solution 6:
0,1,0 0,1,1 0,1,2 1,0,1 1,1,2 X5
0,0,0 0,0,1 1,0,2 C3
1,0,0 1,1,0 2,0,1 2,0,2 C4
2,0,0 2,1,0 2,1,2 3,0,1 3,0,2 C5
3,1,0 3,1,2 4,0,0 4,0,1 4,1,2 H5
3,0,0 4,0,2 L2
4,1,0 5,1,0 5,1,2 6,1,0 6,1,2 I5
5,0,1 I1
5,0,0 5,0,2 6,0,1 6,0,2 P4
6,0,0 7,0,1 7,0,2 7,1,0 7,1,2 S5
7,0,0 8,0,0 8,0,2 9,0,2 W4
8,0,1 8,1,0 8,1,1 8,1,2 9,0,1 Y5
0,2,0 0,2,1 0,2,2 0,3,0 0,3,2 R5
1,1,1 1,2,0 1,2,1 1,2,2 1,3,2 T5
3,3,0 4,2,1 4,3,2 Y3
3,2,0 4,2,0 4,2,2 5,2,1 5,2,2 W5
5,2,0 6,2,0 6,2,2 7,1,1 7,2,2 L5
4,3,0 5,3,0 5,3,2 S3
6,2,1 6,3,0 6,3,2 7,2,0 7,2,1 P5
2,2,0 2,2,2 3,2,1 3,2,2 3,3,2 U5
1,3,0 2,2,1 2,3,0 2,3,2 Y4

                                      _P5_
                                     P5   P5
                                _S3_/      \_P5_
                               S3   P5     L5   Y5
                          _S3_/      \_L5_/      \_Y5_
                         Y3   W5     L5   L5     Y5   Y5
                    _Y3_/      \_L5_/      \_S5_/      \
                   U5   Y3     W5          S5   Y5     W4
              _Y4_/      \_W5_/       _I5_/      \_W4_/
             Y4   U5     W5          I5   S5     W4
        _Y4_/      \_W5_/       _I5_/      \_W4_/
       T5   Y4     U5          I5   P4     S5
  _R5_/      \_U5_/       _I5_/      \_S5_/
 R5   T5     U5          H5   I1     P4
/      \_T5_/       _H5_/      \_P4_/
R5     T5          H5   H5     P4
 \_R5_/       _C5_/      \_H5_/
 R5   T5     C5   C5     L2
/      \_C4_/      \_L2_/
X5     X5   C4     C5
 \_X5_/      \_C5_/
 X5   X5     C4
/      \_C4_/
C3     C3
 \_C3_/

solution 7:
0,1,0 0,1,1 0,1,2 1,0,1 1,1,2 X5
0,0,0 0,0,1 1,0,2 C3
1,0,0 1,1,0 2,0,1 2,0,2 C4
2,0,0 2,1,0 2,1,2 3,0,1 3,0,2 C5
3,1,0 3,1,2 4,0,0 4,0,1 4,1,2 H5
3,0,0 4,0,2 L2
4,1,0 5,1,0 5,1,2 6,1,0 6,1,2 I5
5,0,1 I1
5,0,0 5,0,2 6,0,1 6,0,2 P4
6,0,0 7,0,1 7,0,2 7,1,0 7,1,2 S5
7,0,0 8,0,0 8,0,2 9,0,2 W4
8,0,1 8,1,0 8,1,1 8,1,2 9,0,1 Y5
0,2,0 0,2,1 0,2,2 0,3,0 0,3,2 R5
1,1,1 1,2,0 1,2,1 1,2,2 Y4
1,3,0 1,3,2 2,2,1 2,3,0 2,3,2 T5
2,2,0 2,2,2 3,2,1 3,2,2 3,3,2 U5
3,2,0 4,2,0 4,2,2 5,2,1 5,2,2 W5
3,3,0 4,2,1 4,3,2 Y3
5,2,0 6,2,0 6,2,2 7,1,1 7,2,2 L5
4,3,0 5,3,0 5,3,2 S3
6,2,1 6,3,0 6,3,2 7,2,0 7,2,1 P5

                                      _P5_
                                     P5   P5
                                _S3_/      \_P5_
                               S3   P5     L5   Y5
                          _S3_/      \_L5_/      \_Y5_
                         Y3   W5     L5   L5     Y5   Y5
                    _Y3_/      \_L5_/      \_S5_/      \
                   U5   Y3     W5          S5   Y5     W4
              _T5_/      \_W5_/       _I5_/      \_W4_/
             T5   U5     W5          I5   S5     W4
        _T5_/      \_W5_/       _I5_/      \_W4_/
       T5   T5     U5          I5   P4     S5
  _R5_/      \_U5_/       _I5_/      \_S5_/
 R5   Y4     U5          H5   I1     P4
/      \_Y4_/       _H5_/      \_P4_/
R5     Y4          H5   H5     P4
 \_R5_/       _C5_/      \_H5_/
 R5   Y4     C5   C5     L2
/      \_C4_/      \_L2_/
X5     X5   C4     C5
 \_X5_/      \_C5_/
 X5   X5     C4
/      \_C4_/
C3     C3
 \_C3_/

solution 8:
0,1,0 0,1,1 0,1,2 1,0,1 1,1,2 X5
0,0,0 0,0,1 1,0,2 C3
1,0,0 1,1,0 2,0,1 2,0,2 C4
2,0,0 2,1,0 2,1,2 3,0,1 3,0,2 C5
3,1,0 3,1,2 4,0,0 4,0,1 4,1,2 H5
3,0,0 4,0,2 L2
4,1,0 5,1,0 5,1,2 6,1,0 6,1,2 I5
5,0,1 I1
5,0,0 5,0,2 6,0,1 6,0,2 P4
6,0,0 7,0,1 7,0,2 7,1,0 7,1,2 S5
7,0,0 8,0,0 8,0,2 9,0,2 W4
8,0,1 8,1,0 8,1,1 8,1,2 9,0,1 Y5
0,2,1 0,2,2 0,3,2 S3
0,2,0 1,1,1 1,2,2 Y3
0,3,0 1,2,0 1,2,1 2,2,0 2,2,2 U5
1,3,0 1,3,2 2,2,1 2,3,0 2,3,2 T5
3,2,0 3,2,1 3,2,2 3,3,0 3,3,2 R5
4,2,0 4,2,2 5,2,0 5,2,1 5,2,2 L5
4,2,1 4,3,0 4,3,2 5,3,0 5,3,2 W5
6,2,1 6,2,2 6,3,0 6,3,2 7,2,1 P5
6,2,0 7,1,1 7,2,0 7,2,2 Y4

                                      _P5_
                                     P5   P5
                                _W5_/      \_Y4_
                               W5   P5     Y4   Y5
                          _W5_/      \_Y4_/      \_Y5_
                         W5   L5     P5   Y4     Y5   Y5
                    _R5_/      \_L5_/      \_S5_/      \
                   R5   W5     L5          S5   Y5     W4
              _T5_/      \_L5_/       _I5_/      \_W4_/
             T5   R5     L5          I5   S5     W4
        _T5_/      \_R5_/       _I5_/      \_W4_/
       T5   T5     R5          I5   P4     S5
  _U5_/      \_U5_/       _I5_/      \_S5_/
 S3   U5     U5          H5   I1     P4
/      \_U5_/       _H5_/      \_P4_/
S3     Y3          H5   H5     P4
 \_Y3_/       _C5_/      \_H5_/
 S3   Y3     C5   C5     L2
/      \_C4_/      \_L2_/
X5     X5   C4     C5
 \_X5_/      \_C5_/
 X5   X5     C4
/      \_C4_/
C3     C3
 \_C3_/

solution 9:
0,1,0 0,1,1 0,1,2 1,0,1 1,1,2 X5
0,0,0 0,0,1 1,0,2 C3
1,0,0 1,1,0 2,0,1 2,0,2 C4
2,0,0 2,1,0 2,1,2 3,0,1 3,0,2 C5
3,1,0 3,1,2 4,0,0 4,0,1 4,1,2 H5
3,0,0 4,0,2 L2
4,1,0 5,1,0 5,1,2 6,1,0 6,1,2 I5
5,0,1 I1
5,0,0 5,0,2 6,0,1 6,0,2 P4
6,0,0 7,0,1 7,0,2 7,1,0 7,1,2 S5
7,0,0 8,0,0 8,0,2 9,0,2 W4
8,0,1 8,1,0 8,1,1 8,1,2 9,0,1 Y5
0,2,1 0,2,2 0,3,2 S3
0,2,0 1,1,1 1,2,2 Y3
0,3,0 1,2,0 1,2,1 2,2,0 2,2,2 U5
1,3,0 1,3,2 2,2,1 2,3,0 2,3,2 T5
3,2,0 3,2,1 3,2,2 3,3,0 3,3,2 R5
4,2,0 4,2,2 5,2,0 5,2,1 5,2,2 L5
4,2,1 4,3,0 4,3,2 5,3,0 5,3,2 W5
6,2,0 6,2,2 7,1,1 7,2,2 Y4
6,2,1 6,3,0 6,3,2 7,2,0 7,2,1 P5

                                      _P5_
                                     P5   P5
                                _W5_/      \_P5_
                               W5   P5     Y4   Y5
                          _W5_/      \_Y4_/      \_Y5_
                         W5   L5     Y4   Y4     Y5   Y5
                    _R5_/      \_L5_/      \_S5_/      \
                   R5   W5     L5          S5   Y5     W4
              _T5_/      \_L5_/       _I5_/      \_W4_/
             T5   R5     L5          I5   S5     W4
        _T5_/      \_R5_/       _I5_/      \_W4_/
       T5   T5     R5          I5   P4     S5
  _U5_/      \_U5_/       _I5_/      \_S5_/
 S3   U5     U5          H5   I1     P4
/      \_U5_/       _H5_/      \_P4_/
S3     Y3          H5   H5     P4
 \_Y3_/       _C5_/      \_H5_/
 S3   Y3     C5   C5     L2
/      \_C4_/      \_L2_/
X5     X5   C4     C5
 \_X5_/      \_C5_/
 X5   X5     C4
/      \_C4_/
C3     C3
 \_C3_/

solution 10:
0,1,0 0,1,1 0,1,2 1,0,1 1,1,2 X5
0,0,0 0,0,1 1,0,2 C3
1,0,0 1,1,0 2,0,1 2,0,2 C4
2,0,0 2,1,0 2,1,2 3,0,1 3,0,2 C5
3,1,0 3,1,2 4,0,0 4,0,1 4,1,2 H5
3,0,0 4,0,2 L2
4,1,0 5,1,0 5,1,2 6,1,0 6,1,2 I5
5,0,1 I1
5,0,0 5,0,2 6,0,1 6,0,2 P4
6,0,0 7,0,1 7,0,2 7,1,0 7,1,2 S5
7,0,0 8,0,0 8,0,2 9,0,2 W4
8,0,1 8,1,0 8,1,1 8,1,2 9,0,1 Y5
0,2,1 0,2,2 0,3,2 S3
0,2,0 1,1,1 1,2,2 Y3
0,3,0 1,2,0 1,2,1 2,2,0 2,2,2 U5
1,3,0 1,3,2 2,2,1 2,3,0 2,3,2 T5
3,2,0 3,2,2 4,2,0 4,2,1 4,2,2 L5
3,2,1 3,3,0 3,3,2 4,3,0 4,3,2 W5
5,2,0 5,2,1 5,2,2 5,3,0 5,3,2 R5
6,2,1 6,2,2 6,3,0 6,3,2 7,2,1 P5
6,2,0 7,1,1 7,2,0 7,2,2 Y4

                                      _P5_
                                     P5   P5
                                _R5_/      \_Y4_
                               R5   P5     Y4   Y5
                          _W5_/      \_Y4_/      \_Y5_
                         W5   R5     P5   Y4     Y5   Y5
                    _W5_/      \_R5_/      \_S5_/      \
                   W5   L5     R5          S5   Y5     W4
              _T5_/      \_L5_/       _I5_/      \_W4_/
             T5   W5     L5          I5   S5     W4
        _T5_/      \_L5_/       _I5_/      \_W4_/
       T5   T5     L5          I5   P4     S5
  _U5_/      \_U5_/       _I5_/      \_S5_/
 S3   U5     U5          H5   I1     P4
/      \_U5_/       _H5_/      \_P4_/
S3     Y3          H5   H5     P4
 \_Y3_/       _C5_/      \_H5_/
 S3   Y3     C5   C5     L2
/      \_C4_/      \_L2_/
X5     X5   C4     C5
 \_X5_/      \_C5_/
 X5   X5     C4
/      \_C4_/
C3     C3
 \_C3_/

solution 11:
0,1,0 0,1,1 0,1,2 1,0,1 1,1,2 X5
0,0,0 0,0,1 1,0,2 C3
1,0,0 1,1,0 2,0,1 2,0,2 C4
2,0,0 2,1,0 2,1,2 3,0,1 3,0,2 C5
3,1,0 3,1,2 4,0,0 4,0,1 4,1,2 H5
3,0,0 4,0,2 L2
4,1,0 5,1,0 5,1,2 6,1,0 6,1,2 I5
5,0,1 I1
5,0,0 5,0,2 6,0,1 6,0,2 P4
6,0,0 7,0,1 7,0,2 7,1,0 7,1,2 S5
7,0,0 8,0,0 8,0,2 9,0,2 W4
8,0,1 8,1,0 8,1,1 8,1,2 9,0,1 Y5
0,2,1 0,2,2 0,3,2 S3
0,2,0 1,1,1 1,2,2 Y3
0,3,0 1,2,0 1,2,1 2,2,0 2,2,2 U5
1,3,0 1,3,2 2,2,1 2,3,0 2,3,2 T5
3,2,0 3,2,2 4,2,0 4,2,1 4,2,2 L5
3,2,1 3,3,0 3,3,2 4,3,0 4,3,2 W5
5,2,0 5,2,1 5,2,2 5,3,0 5,3,2 R5
6,2,0 6,2,2 7,1,1 7,2,2 Y4
6,2,1 6,3,0 6,3,2 7,2,0 7,2,1 P5

                                      _P5_
                                     P5   P5
                                _R5_/      \_P5_
                               R5   P5     Y4   Y5
                          _W5_/      \_Y4_/      \_Y5_
                         W5   R5     Y4   Y4     Y5   Y5
                    _W5_/      \_R5_/      \_S5_/      \
                   W5   L5     R5          S5   Y5     W4
              _T5_/      \_L5_/       _I5_/      \_W4_/
             T5   W5     L5          I5   S5     W4
        _T5_/      \_L5_/       _I5_/      \_W4_/
       T5   T5     L5          I5   P4     S5
  _U5_/      \_U5_/       _I5_/      \_S5_/
 S3   U5     U5          H5   I1     P4
/      \_U5_/       _H5_/      \_P4_/
S3     Y3          H5   H5     P4
 \_Y3_/       _C5_/      \_H5_/
 S3   Y3     C5   C5     L2
/      \_C4_/      \_L2_/
X5     X5   C4     C5
 \_X5_/      \_C5_/
 X5   X5     C4
/      \_C4_/
C3     C3
 \_C3_/

solution 12:
0,1,0 0,1,1 0,1,2 1,0,1 1,1,2 X5
0,0,0 0,0,1 1,0,2 C3
1,0,0 1,1,0 2,0,1 2,0,2 C4
2,0,0 2,1,0 2,1,2 3,0,1 3,0,2 C5
3,1,0 3,1,2 4,0,0 4,0,1 4,1,2 H5
3,0,0 4,0,2 L2
4,1,0 5,1,0 5,1,2 6,1,0 6,1,2 I5
5,0,1 I1
5,0,0 5,0,2 6,0,1 6,0,2 P4
6,0,0 7,0,1 7,0,2 7,1,0 7,1,2 S5
7,0,0 8,0,0 8,0,2 9,0,2 W4
8,0,1 8,1,0 8,1,1 8,1,2 9,0,1 Y5
0,2,1 0,2,2 0,3,2 S3
0,2,0 1,1,1 1,2,2 Y3
0,3,0 1,3,0 1,3,2 2,2,1 2,3,2 L5
1,2,0 1,2,1 2,2,0 2,2,2 3,2,2 W5
2,3,0 3,2,0 3,2,1 4,2,0 4,2,2 U5
3,3,0 3,3,2 4,2,1 4,3,0 4,3,2 T5
5,2,0 5,2,1 5,2,2 5,3,0 5,3,2 R5
6,2,1 6,2,2 6,3,0 6,3,2 7,2,1 P5
6,2,0 7,1,1 7,2,0 7,2,2 Y4

                                      _P5_
                                     P5   P5
                                _R5_/      \_Y4_
                               R5   P5     Y4   Y5
                          _T5_/      \_Y4_/      \_Y5_
                         T5   R5     P5   Y4     Y5   Y5
                    _T5_/      \_R5_/      \_S5_/      \
                   T5   T5     R5          S5   Y5     W4
              _U5_/      \_U5_/       _I5_/      \_W4_/
             L5   U5     U5          I5   S5     W4
        _L5_/      \_U5_/       _I5_/      \_W4_/
       L5   L5     W5          I5   P4     S5
  _L5_/      \_W5_/       _I5_/      \_S5_/
 S3   W5     W5          H5   I1     P4
/      \_W5_/       _H5_/      \_P4_/
S3     Y3          H5   H5     P4
 \_Y3_/       _C5_/      \_H5_/
 S3   Y3     C5   C5     L2
/      \_C4_/      \_L2_/
X5     X5   C4     C5
 \_X5_/      \_C5_/
 X5   X5     C4
/      \_C4_/
C3     C3
 \_C3_/

solution 13:
0,1,0 0,1,1 0,1,2 1,0,1 1,1,2 X5
0,0,0 0,0,1 1,0,2 C3
1,0,0 1,1,0 2,0,1 2,0,2 C4
2,0,0 2,1,0 2,1,2 3,0,1 3,0,2 C5
3,1,0 3,1,2 4,0,0 4,0,1 4,1,2 H5
3,0,0 4,0,2 L2
4,1,0 5,1,0 5,1,2 6,1,0 6,1,2 I5
5,0,1 I1
5,0,0 5,0,2 6,0,1 6,0,2 P4
6,0,0 7,0,1 7,0,2 7,1,0 7,1,2 S5
7,0,0 8,0,0 8,0,2 9,0,2 W4
8,0,1 8,1,0 8,1,1 8,1,2 9,0,1 Y5
0,2,1 0,2,2 0,3,2 S3
0,2,0 1,1,1 1,2,2 Y3
0,3,0 1,3,0 1,3,2 2,2,1 2,3,2 L5
1,2,0 1,2,1 2,2,0 2,2,2 3,2,2 W5
2,3,0 3,2,0 3,2,1 4,2,0 4,2,2 U5
3,3,0 3,3,2 4,2,1 4,3,0 4,3,2 T5
5,2,0 5,2,1 5,2,2 5,3,0 5,3,2 R5
6,2,0 6,2,2 7,1,1 7,2,2 Y4
6,2,1 6,3,0 6,3,2 7,2,0 7,2,1 P5

                                      _P5_
                                     P5   P5
                                _R5_/      \_P5_
                               R5   P5     Y4   Y5
                          _T5_/      \_Y4_/      \_Y5_
                         T5   R5     Y4   Y4     Y5   Y5
                    _T5_/      \_R5_/      \_S5_/      \
                   T5   T5     R5          S5   Y5     W4
              _U5_/      \_U5_/       _I5_/      \_W4_/
             L5   U5     U5          I5   S5     W4
        _L5_/      \_U5_/       _I5_/      \_W4_/
       L5   L5     W5          I5   P4     S5
  _L5_/      \_W5_/       _I5_/      \_S5_/
 S3   W5     W5          H5   I1     P4
/      \_W5_/       _H5_/      \_P4_/
S3     Y3          H5   H5     P4
 \_Y3_/       _C5_/      \_H5_/
 S3   Y3     C5   C5     L2
/      \_C4_/      \_L2_/
X5     X5   C4     C5
 \_X5_/      \_C5_/
 X5   X5     C4
/      \_C4_/
C3     C3
 \_C3_/

solution 14:
0,1,0 0,1,1 0,1,2 1,0,1 1,1,2 X5
0,0,0 0,0,1 1,0,2 C3
1,0,0 1,1,0 2,0,1 2,0,2 C4
2,0,0 2,1,0 2,1,2 3,0,1 3,0,2 C5
3,1,0 3,1,2 4,0,0 4,0,1 4,1,2 H5
3,0,0 4,0,2 L2
4,1,0 5,1,0 5,1,2 6,1,0 6,1,2 I5
5,0,1 I1
5,0,0 5,0,2 6,0,1 6,0,2 P4
6,0,0 7,0,1 7,0,2 7,1,0 7,1,2 S5
7,0,0 8,0,0 8,0,2 9,0,2 W4
8,0,1 8,1,0 8,1,1 8,1,2 9,0,1 Y5
0,2,1 0,2,2 0,3,0 0,3,2 1,3,2 U5
0,2,0 1,1,1 1,2,2 Y3
1,2,0 1,2,1 2,2,0 2,2,1 2,2,2 R5
1,3,0 2,3,0 2,3,2 3,2,1 3,2,2 P5
3,2,0 4,2,0 4,2,2 S3
3,3,0 3,3,2 4,2,1 4,3,0 4,3,2 T5
5,2,1 5,3,0 5,3,2 6,3,0 6,3,2 W5
5,2,0 5,2,2 6,2,0 6,2,1 6,2,2 L5
7,1,1 7,2,0 7,2,1 7,2,2 Y4

                                      _W5_
                                     W5   Y4
                                _W5_/      \_Y4_
                               W5   L5     Y4   Y5
                          _T5_/      \_L5_/      \_Y5_
                         T5   W5     L5   Y4     Y5   Y5
                    _T5_/      \_L5_/      \_S5_/      \
                   T5   T5     L5          S5   Y5     W4
              _P5_/      \_S3_/       _I5_/      \_W4_/
             P5   P5     S3          I5   S5     W4
        _P5_/      \_S3_/       _I5_/      \_W4_/
       U5   R5     P5          I5   P4     S5
  _U5_/      \_R5_/       _I5_/      \_S5_/
 U5   R5     R5          H5   I1     P4
/      \_R5_/       _H5_/      \_P4_/
U5     Y3          H5   H5     P4
 \_Y3_/       _C5_/      \_H5_/
 U5   Y3     C5   C5     L2
/      \_C4_/      \_L2_/
X5     X5   C4     C5
 \_X5_/      \_C5_/
 X5   X5     C4
/      \_C4_/
C3     C3
 \_C3_/

solution 15:
0,1,0 0,1,1 0,1,2 1,0,1 1,1,2 X5
0,0,0 0,0,1 1,0,2 C3
1,0,0 1,1,0 2,0,1 2,0,2 C4
2,0,0 2,1,0 2,1,2 3,0,1 3,0,2 C5
3,1,0 3,1,2 4,0,0 4,0,1 4,1,2 H5
3,0,0 4,0,2 L2
4,1,0 5,1,0 5,1,2 6,1,0 6,1,2 I5
5,0,1 I1
5,0,0 5,0,2 6,0,1 6,0,2 P4
6,0,0 7,0,1 7,0,2 7,1,0 7,1,2 S5
7,0,0 8,0,0 8,0,2 9,0,2 W4
8,0,1 8,1,0 8,1,1 8,1,2 9,0,1 Y5
0,2,1 0,2,2 0,3,0 0,3,2 1,3,2 U5
0,2,0 1,1,1 1,2,2 Y3
1,2,0 1,2,1 2,2,0 2,2,1 2,2,2 R5
1,3,0 2,3,0 2,3,2 3,2,1 3,2,2 P5
3,2,0 4,2,0 4,2,1 4,2,2 5,2,2 T5
3,3,0 3,3,2 4,3,0 4,3,2 5,2,1 W5
5,3,0 5,3,2 6,2,1 6,3,2 Y4
6,3,0 7,2,0 7,2,1 S3
5,2,0 6,2,0 6,2,2 7,1,1 7,2,2 L5

                                      _S3_
                                     Y4   S3
                                _Y4_/      \_S3_
                               Y4   Y4     L5   Y5
                          _W5_/      \_L5_/      \_Y5_
                         W5   W5     L5   L5     Y5   Y5
                    _W5_/      \_L5_/      \_S5_/      \
                   W5   T5     T5          S5   Y5     W4
              _P5_/      \_T5_/       _I5_/      \_W4_/
             P5   P5     T5          I5   S5     W4
        _P5_/      \_T5_/       _I5_/      \_W4_/
       U5   R5     P5          I5   P4     S5
  _U5_/      \_R5_/       _I5_/      \_S5_/
 U5   R5     R5          H5   I1     P4
/      \_R5_/       _H5_/      \_P4_/
U5     Y3          H5   H5     P4
 \_Y3_/       _C5_/      \_H5_/
 U5   Y3     C5   C5     L2
/      \_C4_/      \_L2_/
X5     X5   C4     C5
 \_X5_/      \_C5_/
 X5   X5     C4
/      \_C4_/
C3     C3
 \_C3_/

solution 16:
0,1,0 0,1,1 0,1,2 1,0,1 1,1,2 X5
0,0,0 0,0,1 1,0,2 C3
1,0,0 1,1,0 2,0,1 2,0,2 C4
2,0,0 2,1,0 2,1,2 3,0,1 3,0,2 C5
3,1,0 3,1,2 4,0,0 4,0,1 4,1,2 H5
3,0,0 4,0,2 L2
4,1,0 5,1,0 5,1,2 6,1,0 6,1,2 I5
5,0,1 I1
5,0,0 5,0,2 6,0,1 6,0,2 P4
6,0,0 7,0,1 7,0,2 7,1,0 7,1,2 S5
7,0,0 8,0,0 8,0,2 9,0,2 W4
8,0,1 8,1,0 8,1,1 8,1,2 9,0,1 Y5
0,2,1 0,2,2 0,3,0 0,3,2 1,3,2 U5
0,2,0 1,1,1 1,2,2 Y3
1,2,0 1,2,1 2,2,0 2,2,1 2,2,2 R5
1,3,0 2,3,0 2,3,2 3,2,1 3,2,2 P5
3,2,0 4,2,0 4,2,2 5,2,1 5,2,2 W5
3,3,0 3,3,2 4,2,1 4,3,0 4,3,2 T5
5,3,0 5,3,2 6,2,1 6,3,2 Y4
6,3,0 7,2,0 7,2,1 S3
5,2,0 6,2,0 6,2,2 7,1,1 7,2,2 L5

                                      _S3_
                                     Y4   S3
                                _Y4_/      \_S3_
                               Y4   Y4     L5   Y5
                          _T5_/      \_L5_/      \_Y5_
                         T5   W5     L5   L5     Y5   Y5
                    _T5_/      \_L5_/      \_S5_/      \
                   T5   T5     W5          S5   Y5     W4
              _P5_/      \_W5_/       _I5_/      \_W4_/
             P5   P5     W5          I5   S5     W4
        _P5_/      \_W5_/       _I5_/      \_W4_/
       U5   R5     P5          I5   P4     S5
  _U5_/      \_R5_/       _I5_/      \_S5_/
 U5   R5     R5          H5   I1     P4
/      \_R5_/       _H5_/      \_P4_/
U5     Y3          H5   H5     P4
 \_Y3_/       _C5_/      \_H5_/
 U5   Y3     C5   C5     L2
/      \_C4_/      \_L2_/
X5     X5   C4     C5
 \_X5_/      \_C5_/
 X5   X5     C4
/      \_C4_/
C3     C3
 \_C3_/

solution 17:
0,1,0 0,1,1 0,1,2 1,0,1 1,1,2 X5
0,0,0 0,0,1 1,0,2 C3
1,0,0 1,1,0 2,0,1 2,0,2 C4
2,0,0 2,1,0 2,1,2 3,0,1 3,0,2 C5
3,1,0 3,1,2 4,0,0 4,0,1 4,1,2 H5
3,0,0 4,0,2 L2
4,1,0 5,1,0 5,1,2 6,1,0 6,1,2 I5
5,0,1 I1
5,0,0 5,0,2 6,0,1 6,0,2 P4
6,0,0 7,0,1 7,0,2 7,1,0 7,1,2 S5
7,0,0 8,0,0 8,0,2 9,0,2 W4
8,0,1 8,1,0 8,1,1 8,1,2 9,0,1 Y5
0,2,1 0,2,2 0,3,0 0,3,2 1,3,2 U5
0,2,0 1,1,1 1,2,2 Y3
1,2,0 1,2,1 2,2,0 2,2,2 3,2,2 W5
1,3,0 2,2,1 2,3,0 2,3,2 3,2,1 R5
3,2,0 4,2,0 4,2,1 4,2,2 5,2,2 T5
3,3,0 3,3,2 4,3,2 S3
4,3,0 5,2,1 5,3,0 5,3,2 Y4
5,2,0 6,2,0 6,2,2 7,1,1 7,2,2 L5
6,2,1 6,3,0 6,3,2 7,2,0 7,2,1 P5

                                      _P5_
                                     P5   P5
                                _Y4_/      \_P5_
                               Y4   P5     L5   Y5
                          _Y4_/      \_L5_/      \_Y5_
                         S3   Y4     L5   L5     Y5   Y5
                    _S3_/      \_L5_/      \_S5_/      \
                   S3   T5     T5          S5   Y5     W4
              _R5_/      \_T5_/       _I5_/      \_W4_/
             R5   R5     T5          I5   S5     W4
        _R5_/      \_T5_/       _I5_/      \_W4_/
       U5   R5     W5          I5   P4     S5
  _U5_/      \_W5_/       _I5_/      \_S5_/
 U5   W5     W5          H5   I1     P4
/      \_W5_/       _H5_/      \_P4_/
U5     Y3          H5   H5     P4
 \_Y3_/       _C5_/      \_H5_/
 U5   Y3     C5   C5     L2
/      \_C4_/      \_L2_/
X5     X5   C4     C5
 \_X5_/      \_C5_/
 X5   X5     C4
/      \_C4_/
C3     C3
 \_C3_/

solution 18:
0,1,0 0,1,1 0,1,2 1,0,1 1,1,2 X5
0,0,0 0,0,1 1,0,2 C3
1,0,0 1,1,0 2,0,1 2,0,2 C4
2,0,0 2,1,0 2,1,2 3,0,1 3,0,2 C5
3,1,0 3,1,2 4,0,0 4,0,1 4,1,2 H5
3,0,0 4,0,2 L2
4,1,0 5,1,0 5,1,2 6,1,0 6,1,2 I5
5,0,1 I1
5,0,0 5,0,2 6,0,1 6,0,2 P4
6,0,0 7,0,1 7,0,2 7,1,0 7,1,2 S5
7,0,0 8,0,0 8,0,2 9,0,2 W4
8,0,1 8,1,0 8,1,1 8,1,2 9,0,1 Y5
0,2,1 0,2,2 0,3,0 0,3,2 1,3,2 U5
0,2,0 1,1,1 1,2,2 Y3
1,2,0 1,2,1 2,2,0 2,2,2 3,2,2 W5
1,3,0 2,2,1 2,3,0 2,3,2 3,3,2 L5
3,2,0 3,2,1 4,2,0 4,2,1 4,2,2 R5
3,3,0 4,3,0 4,3,2 5,2,1 5,2,2 P5
5,2,0 6,2,0 6,2,2 S3
7,1,1 7,2,0 7,2,1 7,2,2 Y4
5,3,0 5,3,2 6,2,1 6,3,0 6,3,2 T5

                                      _T5_
                                     T5   Y4
                                _T5_/      \_Y4_
                               T5   T5     Y4   Y5
                          _P5_/      \_S3_/      \_Y5_
                         P5   P5     S3   Y4     Y5   Y5
                    _P5_/      \_S3_/      \_S5_/      \
                   L5   R5     P5          S5   Y5     W4
              _L5_/      \_R5_/       _I5_/      \_W4_/
             L5   R5     R5          I5   S5     W4
        _L5_/      \_R5_/       _I5_/      \_W4_/
       U5   L5     W5          I5   P4     S5
  _U5_/      \_W5_/       _I5_/      \_S5_/
 U5   W5     W5          H5   I1     P4
/      \_W5_/       _H5_/      \_P4_/
U5     Y3          H5   H5     P4
 \_Y3_/       _C5_/      \_H5_/
 U5   Y3     C5   C5     L2
/      \_C4_/      \_L2_/
X5     X5   C4     C5
 \_X5_/      \_C5_/
 X5   X5     C4
/      \_C4_/
C3     C3
 \_C3_/

solution 19:
0,1,0 0,1,1 0,1,2 1,0,1 1,1,2 X5
0,0,0 0,0,1 1,0,2 C3
1,0,0 1,1,0 2,0,1 2,0,2 C4
2,0,0 2,1,0 2,1,2 3,0,1 3,0,2 C5
3,1,0 3,1,2 4,0,0 4,0,1 4,1,2 H5
3,0,0 4,0,2 L2
4,1,0 5,1,0 5,1,2 6,1,0 6,1,2 I5
5,0,1 I1
5,0,0 5,0,2 6,0,1 6,0,2 P4
6,0,0 7,0,1 7,0,2 7,1,0 7,1,2 S5
7,0,0 8,0,0 8,0,2 9,0,2 W4
8,0,1 8,1,0 8,1,1 8,1,2 9,0,1 Y5
0,2,1 0,2,2 0,3,0 0,3,2 1,3,2 U5
0,2,0 1,1,1 1,2,1 1,2,2 Y4
1,2,0 1,3,0 2,2,1 2,2,2 2,3,2 R5
2,2,0 3,2,0 3,2,2 4,2,1 4,2,2 W5
2,3,0 3,2,1 3,3,0 3,3,2 4,3,2 L5
4,2,0 5,2,0 5,2,1 5,2,2 6,2,2 T5
4,3,0 5,3,0 5,3,2 S3
7,2,0 7,2,1 7,2,2 Y3
6,2,0 6,2,1 6,3,0 6,3,2 7,1,1 P5

                                      _P5_
                                     P5   Y3
                                _S3_/      \_Y3_
                               S3   P5     Y3   Y5
                          _S3_/      \_P5_/      \_Y5_
                         L5   T5     T5   P5     Y5   Y5
                    _L5_/      \_T5_/      \_S5_/      \
                   L5   W5     T5          S5   Y5     W4
              _L5_/      \_T5_/       _I5_/      \_W4_/
             R5   L5     W5          I5   S5     W4
        _R5_/      \_W5_/       _I5_/      \_W4_/
       U5   R5     W5          I5   P4     S5
  _U5_/      \_W5_/       _I5_/      \_S5_/
 U5   Y4     R5          H5   I1     P4
/      \_R5_/       _H5_/      \_P4_/
U5     Y4          H5   H5     P4
 \_Y4_/       _C5_/      \_H5_/
 U5   Y4     C5   C5     L2
/      \_C4_/      \_L2_/
X5     X5   C4     C5
 \_X5_/      \_C5_/
 X5   X5     C4
/      \_C4_/
C3     C3
 \_C3_/

solution 20:
0,1,0 0,1,1 0,1,2 1,0,1 1,1,2 X5
0,0,0 0,0,1 1,0,2 C3
1,0,0 1,1,0 2,0,1 2,0,2 C4
2,0,0 2,1,0 2,1,2 3,0,1 3,0,2 C5
3,1,0 3,1,2 4,0,0 4,0,1 4,1,2 H5
3,0,0 4,0,2 L2
4,1,0 5,1,0 5,1,2 6,1,0 6,1,2 I5
5,0,1 I1
5,0,0 5,0,2 6,0,1 6,0,2 P4
6,0,0 7,0,1 7,0,2 7,1,0 7,1,2 S5
7,0,0 8,0,0 8,0,2 9,0,2 W4
8,0,1 8,1,0 8,1,1 8,1,2 9,0,1 Y5
0,2,1 0,2,2 0,3,0 0,3,2 1,3,2 U5
0,2,0 1,1,1 1,2,1 1,2,2 Y4
1,2,0 1,3,0 2,2,1 2,2,2 2,3,2 R5
2,2,0 3,2,0 3,2,2 4,2,1 4,2,2 W5
2,3,0 3,2,1 3,3,0 3,3,2 4,3,2 L5
4,2,0 5,2,0 5,2,1 5,2,2 6,2,2 T5
4,3,0 5,3,0 5,3,2 S3
6,2,0 7,1,1 7,2,2 Y3
6,2,1 6,3,0 6,3,2 7,2,0 7,2,1 P5

                                      _P5_
                                     P5   P5
                                _S3_/      \_P5_
                               S3   P5     Y3   Y5
                          _S3_/      \_Y3_/      \_Y5_
                         L5   T5     T5   Y3     Y5   Y5
                    _L5_/      \_T5_/      \_S5_/      \
                   L5   W5     T5          S5   Y5     W4
              _L5_/      \_T5_/       _I5_/      \_W4_/
             R5   L5     W5          I5   S5     W4
        _R5_/      \_W5_/       _I5_/      \_W4_/
       U5   R5     W5          I5   P4     S5
  _U5_/      \_W5_/       _I5_/      \_S5_/
 U5   Y4     R5          H5   I1     P4
/      \_R5_/       _H5_/      \_P4_/
U5     Y4          H5   H5     P4
 \_Y4_/       _C5_/      \_H5_/
 U5   Y4     C5   C5     L2
/      \_C4_/      \_L2_/
X5     X5   C4     C5
 \_X5_/      \_C5_/
 X5   X5     C4
/      \_C4_/
C3     C3
 \_C3_/

solution 21:
0,1,0 0,1,1 0,1,2 1,0,1 1,1,2 X5
0,0,0 0,0,1 1,0,2 C3
1,0,0 1,1,0 2,0,1 2,0,2 C4
2,0,0 2,1,0 2,1,2 3,0,1 3,0,2 C5
3,1,0 3,1,2 4,0,0 4,0,1 4,1,2 H5
3,0,0 4,0,2 L2
4,1,0 5,1,0 5,1,2 6,1,0 6,1,2 I5
5,0,1 I1
5,0,0 5,0,2 6,0,1 6,0,2 P4
6,0,0 7,0,1 7,0,2 7,1,0 7,1,2 S5
7,0,0 8,0,0 8,0,2 9,0,2 W4
8,0,1 8,1,0 8,1,1 8,1,2 9,0,1 Y5
0,2,1 0,2,2 0,3,0 0,3,2 1,3,2 U5
0,2,0 1,1,1 1,2,1 1,2,2 Y4
1,2,0 2,2,0 2,2,2 3,2,1 3,2,2 W5
1,3,0 2,2,1 2,3,0 2,3,2 3,3,2 L5
3,2,0 3,3,0 4,2,1 4,2,2 4,3,2 R5
4,2,0 5,2,0 5,2,1 5,2,2 6,2,2 T5
4,3,0 5,3,0 5,3,2 S3
7,2,0 7,2,1 7,2,2 Y3
6,2,0 6,2,1 6,3,0 6,3,2 7,1,1 P5

                                      _P5_
                                     P5   Y3
                                _S3_/      \_Y3_
                               S3   P5     Y3   Y5
                          _S3_/      \_P5_/      \_Y5_
                         R5   T5     T5   P5     Y5   Y5
                    _R5_/      \_T5_/      \_S5_/      \
                   L5   R5     T5          S5   Y5     W4
              _L5_/      \_T5_/       _I5_/      \_W4_/
             L5   W5     R5          I5   S5     W4
        _L5_/      \_R5_/       _I5_/      \_W4_/
       U5   L5     W5          I5   P4     S5
  _U5_/      \_W5_/       _I5_/      \_S5_/
 U5   Y4     W5          H5   I1     P4
/      \_W5_/       _H5_/      \_P4_/
U5     Y4          H5   H5     P4
 \_Y4_/       _C5_/      \_H5_/
 U5   Y4     C5   C5     L2
/      \_C4_/      \_L2_/
X5     X5   C4     C5
 \_X5_/      \_C5_/
 X5   X5     C4
/      \_C4_/
C3     C3
 \_C3_/

solution 22:
0,1,0 0,1,1 0,1,2 1,0,1 1,1,2 X5
0,0,0 0,0,1 1,0,2 C3
1,0,0 1,1,0 2,0,1 2,0,2 C4
2,0,0 2,1,0 2,1,2 3,0,1 3,0,2 C5
3,1,0 3,1,2 4,0,0 4,0,1 4,1,2 H5
3,0,0 4,0,2 L2
4,1,0 5,1,0 5,1,2 6,1,0 6,1,2 I5
5,0,1 I1
5,0,0 5,0,2 6,0,1 6,0,2 P4
6,0,0 7,0,1 7,0,2 7,1,0 7,1,2 S5
7,0,0 8,0,0 8,0,2 9,0,2 W4
8,0,1 8,1,0 8,1,1 8,1,2 9,0,1 Y5
0,2,1 0,2,2 0,3,0 0,3,2 1,3,2 U5
0,2,0 1,1,1 1,2,1 1,2,2 Y4
1,2,0 2,2,0 2,2,2 3,2,1 3,2,2 W5
1,3,0 2,2,1 2,3,0 2,3,2 3,3,2 L5
3,2,0 3,3,0 4,2,1 4,2,2 4,3,2 R5
4,2,0 5,2,0 5,2,1 5,2,2 6,2,2 T5
4,3,0 5,3,0 5,3,2 S3
6,2,0 7,1,1 7,2,2 Y3
6,2,1 6,3,0 6,3,2 7,2,0 7,2,1 P5

                                      _P5_
                                     P5   P5
                                _S3_/      \_P5_
                               S3   P5     Y3   Y5
                          _S3_/      \_Y3_/      \_Y5_
                         R5   T5     T5   Y3     Y5   Y5
                    _R5_/      \_T5_/      \_S5_/      \
                   L5   R5     T5          S5   Y5     W4
              _L5_/      \_T5_/       _I5_/      \_W4_/
             L5   W5     R5          I5   S5     W4
        _L5_/      \_R5_/       _I5_/      \_W4_/
       U5   L5     W5          I5   P4     S5
  _U5_/      \_W5_/       _I5_/      \_S5_/
 U5   Y4     W5          H5   I1     P4
/      \_W5_/       _H5_/      \_P4_/
U5     Y4          H5   H5     P4
 \_Y4_/       _C5_/      \_H5_/
 U5   Y4     C5   C5     L2
/      \_C4_/      \_L2_/
X5     X5   C4     C5
 \_X5_/      \_C5_/
 X5   X5     C4
/      \_C4_/
C3     C3
 \_C3_/

solution 23:
0,1,0 0,1,1 0,1,2 1,0,1 1,1,2 X5
0,0,0 0,0,1 1,0,2 C3
1,0,0 1,1,0 2,0,1 2,0,2 C4
2,0,0 2,1,0 2,1,2 3,0,1 3,0,2 C5
3,1,0 3,1,2 4,0,0 4,0,1 4,1,2 H5
3,0,0 4,0,2 L2
4,1,0 5,1,0 5,1,2 6,1,0 6,1,2 I5
5,0,1 I1
5,0,0 5,0,2 6,0,1 6,0,2 P4
6,0,0 7,0,1 7,0,2 7,1,0 7,1,2 S5
7,0,0 8,0,0 8,0,2 9,0,2 W4
8,0,1 8,1,0 8,1,1 8,1,2 9,0,1 Y5
0,2,0 0,2,1 0,2,2 1,1,1 Y4
0,3,0 0,3,2 1,2,1 1,3,0 1,3,2 T5
1,2,0 1,2,2 2,2,1 2,2,2 2,3,2 U5
2,2,0 2,3,0 3,2,1 3,2,2 3,3,2 R5
3,2,0 4,2,0 4,2,2 5,2,1 5,2,2 W5
3,3,0 4,2,1 4,3,2 Y3
5,2,0 6,2,0 6,2,2 7,1,1 7,2,2 L5
4,3,0 5,3,0 5,3,2 S3
6,2,1 6,3,0 6,3,2 7,2,0 7,2,1 P5

                                      _P5_
                                     P5   P5
                                _S3_/      \_P5_
                               S3   P5     L5   Y5
                          _S3_/      \_L5_/      \_Y5_
                         Y3   W5     L5   L5     Y5   Y5
                    _Y3_/      \_L5_/      \_S5_/      \
                   R5   Y3     W5          S5   Y5     W4
              _R5_/      \_W5_/       _I5_/      \_W4_/
             U5   R5     W5          I5   S5     W4
        _T5_/      \_W5_/       _I5_/      \_W4_/
       T5   U5     R5          I5   P4     S5
  _T5_/      \_R5_/       _I5_/      \_S5_/
 T5   T5     U5          H5   I1     P4
/      \_U5_/       _H5_/      \_P4_/
Y4     U5          H5   H5     P4
 \_Y4_/       _C5_/      \_H5_/
 Y4   Y4     C5   C5     L2
/      \_C4_/      \_L2_/
X5     X5   C4     C5
 \_X5_/      \_C5_/
 X5   X5     C4
/      \_C4_/
C3     C3
 \_C3_/

solution 24:
0,1,0 0,1,1 0,1,2 1,0,1 1,1,2 X5
0,0,0 0,0,1 1,0,2 C3
1,0,0 1,1,0 2,0,1 2,0,2 C4
2,0,0 2,1,0 2,1,2 3,0,1 3,0,2 C5
3,1,0 3,1,2 4,0,0 4,0,1 4,1,2 H5
3,0,0 4,0,2 L2
4,1,0 5,1,0 5,1,2 6,1,0 6,1,2 I5
5,0,1 I1
5,0,0 5,0,2 6,0,1 6,0,2 P4
6,0,0 7,0,1 7,0,2 7,1,0 7,1,2 S5
7,0,0 8,0,0 8,0,2 9,0,2 W4
8,0,1 8,1,0 8,1,1 8,1,2 9,0,1 Y5
0,2,0 0,2,2 1,1,1 1,2,2 Y4
0,2,1 0,3,0 0,3,2 1,2,0 1,2,1 P5
1,3,0 1,3,2 2,2,1 2,3,0 2,3,2 T5
2,2,0 2,2,2 3,2,1 3,2,2 3,3,2 U5
3,2,0 3,3,0 4,2,1 4,2,2 4,3,2 R5
4,2,0 5,2,0 5,2,2 6,2,1 6,2,2 W5
4,3,0 5,2,1 5,3,0 5,3,2 6,3,2 L5
6,3,0 7,2,0 7,2,1 S3
6,2,0 7,1,1 7,2,2 Y3

                                      _S3_
                                     L5   S3
                                _L5_/      \_S3_
                               L5   W5     Y3   Y5
                          _L5_/      \_Y3_/      \_Y5_
                         R5   L5     W5   Y3     Y5   Y5
                    _R5_/      \_W5_/      \_S5_/      \
                   U5   R5     W5          S5   Y5     W4
              _T5_/      \_W5_/       _I5_/      \_W4_/
             T5   U5     R5          I5   S5     W4
        _T5_/      \_R5_/       _I5_/      \_W4_/
       T5   T5     U5          I5   P4     S5
  _P5_/      \_U5_/       _I5_/      \_S5_/
 P5   P5     U5          H5   I1     P4
/      \_P5_/       _H5_/      \_P4_/
P5     Y4          H5   H5     P4
 \_Y4_/       _C5_/      \_H5_/
 Y4   Y4     C5   C5     L2
/      \_C4_/      \_L2_/
X5     X5   C4     C5
 \_X5_/      \_C5_/
 X5   X5     C4
/      \_C4_/
C3     C3
 \_C3_/

solution 25:
0,1,0 0,1,1 0,1,2 1,0,1 1,1,2 X5
0,0,0 0,0,1 1,0,2 C3
1,0,0 1,1,0 2,0,1 2,0,2 C4
2,0,0 2,1,0 2,1,2 3,0,1 3,0,2 C5
3,1,0 3,1,2 4,0,0 4,0,1 4,1,2 H5
3,0,0 4,0,2 L2
4,1,0 5,1,0 5,1,2 6,1,0 6,1,2 I5
5,0,1 I1
5,0,0 5,0,2 6,0,1 6,0,2 P4
6,0,0 7,0,1 7,0,2 7,1,0 7,1,2 S5
7,0,0 8,0,0 8,0,2 9,0,2 W4
8,0,1 8,1,0 8,1,1 8,1,2 9,0,1 Y5
0,2,0 0,2,2 1,1,1 1,2,2 Y4
0,2,1 0,3,0 0,3,2 1,2,0 1,2,1 P5
1,3,0 1,3,2 2,2,1 2,3,0 2,3,2 T5
2,2,0 2,2,2 3,2,1 3,2,2 3,3,2 U5
3,2,0 4,2,0 4,2,2 5,2,1 5,2,2 W5
3,3,0 4,2,1 4,3,0 4,3,2 5,3,2 L5
5,2,0 5,3,0 6,2,1 6,2,2 6,3,2 R5
6,3,0 7,2,0 7,2,1 S3
6,2,0 7,1,1 7,2,2 Y3

                                      _S3_
                                     R5   S3
                                _R5_/      \_S3_
                               L5   R5     Y3   Y5
                          _L5_/      \_Y3_/      \_Y5_
                         L5   W5     R5   Y3     Y5   Y5
                    _L5_/      \_R5_/      \_S5_/      \
                   U5   L5     W5          S5   Y5     W4
              _T5_/      \_W5_/       _I5_/      \_W4_/
             T5   U5     W5          I5   S5     W4
        _T5_/      \_W5_/       _I5_/      \_W4_/
       T5   T5     U5          I5   P4     S5
  _P5_/      \_U5_/       _I5_/      \_S5_/
 P5   P5     U5          H5   I1     P4
/      \_P5_/       _H5_/      \_P4_/
P5     Y4          H5   H5     P4
 \_Y4_/       _C5_/      \_H5_/
 Y4   Y4     C5   C5     L2
/      \_C4_/      \_L2_/
X5     X5   C4     C5
 \_X5_/      \_C5_/
 X5   X5     C4
/      \_C4_/
C3     C3
 \_C3_/

solution 26:
0,1,0 0,1,1 0,1,2 1,0,1 1,1,2 X5
0,0,0 0,0,1 1,0,2 C3
1,0,0 1,1,0 2,0,1 2,0,2 C4
2,0,0 2,1,0 2,1,2 3,0,1 3,0,2 C5
3,1,0 3,1,2 4,0,0 4,0,1 4,1,2 H5
3,0,0 4,0,2 L2
4,1,0 5,1,0 5,1,2 6,1,0 6,1,2 I5
5,0,1 I1
5,0,0 5,0,2 6,0,1 6,0,2 P4
6,0,0 7,0,1 7,0,2 7,1,0 7,1,2 S5
7,0,0 8,0,0 8,0,2 9,0,2 W4
8,0,1 8,1,0 8,1,1 8,1,2 9,0,1 Y5
0,2,0 0,2,2 1,1,1 1,2,2 Y4
0,2,1 0,3,0 0,3,2 1,2,0 1,2,1 P5
1,3,0 1,3,2 2,3,0 2,3,2 3,2,1 W5
2,2,0 2,2,1 2,2,2 3,2,0 3,2,2 L5
3,3,0 3,3,2 4,2,1 4,3,0 4,3,2 T5
4,2,0 4,2,2 5,2,1 5,2,2 5,3,2 U5
5,2,0 5,3,0 6,2,1 6,2,2 6,3,2 R5
6,3,0 7,2,0 7,2,1 S3
6,2,0 7,1,1 7,2,2 Y3

                                      _S3_
                                     R5   S3
                                _R5_/      \_S3_
                               U5   R5     Y3   Y5
                          _T5_/      \_Y3_/      \_Y5_
                         T5   U5     R5   Y3     Y5   Y5
                    _T5_/      \_R5_/      \_S5_/      \
                   T5   T5     U5          S5   Y5     W4
              _W5_/      \_U5_/       _I5_/      \_W4_/
             W5   W5     U5          I5   S5     W4
        _W5_/      \_L5_/       _I5_/      \_W4_/
       W5   L5     L5          I5   P4     S5
  _P5_/      \_L5_/       _I5_/      \_S5_/
 P5   P5     L5          H5   I1     P4
/      \_P5_/       _H5_/      \_P4_/
P5     Y4          H5   H5     P4
 \_Y4_/       _C5_/      \_H5_/
 Y4   Y4     C5   C5     L2
/      \_C4_/      \_L2_/
X5     X5   C4     C5
 \_X5_/      \_C5_/
 X5   X5     C4
/      \_C4_/
C3     C3
 \_C3_/

solution 27:
0,1,0 0,1,1 0,1,2 1,0,1 1,1,2 X5
0,0,0 0,0,1 1,0,2 C3
1,0,0 1,1,0 2,0,1 2,0,2 C4
2,0,0 2,1,0 2,1,2 3,0,1 3,0,2 C5
3,1,0 3,1,2 4,0,0 4,0,1 4,1,2 H5
3,0,0 4,0,2 L2
4,1,0 5,1,0 5,1,2 6,1,0 6,1,2 I5
5,0,1 I1
5,0,0 5,0,2 6,0,1 6,0,2 P4
6,0,0 7,0,0 7,0,2 S3
6,2,0 6,2,1 7,0,1 7,1,1 7,1,2 U5
4,2,0 5,2,0 5,2,2 6,2,2 W4
4,3,0 5,2,1 5,3,0 5,3,2 6,3,2 L5
6,3,0 7,2,0 7,2,1 7,2,2 8,1,1 T5
8,0,0 8,0,2 8,1,0 9,0,1 9,0,2 P5
7,1,0 8,0,1 8,1,2 Y3
3,3,0 3,3,2 4,2,1 4,2,2 4,3,2 Y5
2,2,0 3,2,0 3,2,1 3,2,2 Y4
0,2,0 0,2,1 0,2,2 0,3,0 0,3,2 R5
1,1,1 1,2,0 1,2,2 2,2,1 2,2,2 S5
1,2,1 1,3,0 1,3,2 2,3,0 2,3,2 W5

                                      _T5_
                                     L5   T5
                                _L5_/      \_T5_
                               L5   U5     T5   T5
                          _L5_/      \_U5_/      \_P5_
                         Y5   L5     W4   U5     Y3   P5
                    _Y5_/      \_W4_/      \_Y3_/      \
                   Y5   Y5     W4          U5   Y3     P5
              _W5_/      \_W4_/       _I5_/      \_P5_/
             W5   Y4     Y5          I5   U5     P5
        _W5_/      \_Y4_/       _I5_/      \_S3_/
       W5   S5     Y4          I5   P4     S3
  _R5_/      \_Y4_/       _I5_/      \_S3_/
 R5   W5     S5          H5   I1     P4
/      \_S5_/       _H5_/      \_P4_/
R5     S5          H5   H5     P4
 \_R5_/       _C5_/      \_H5_/
 R5   S5     C5   C5     L2
/      \_C4_/      \_L2_/
X5     X5   C4     C5
 \_X5_/      \_C5_/
 X5   X5     C4
/      \_C4_/
C3     C3
 \_C3_/

solution 28:
0,1,0 0,1,1 0,1,2 1,0,1 1,1,2 X5
0,0,0 0,0,1 1,0,2 C3
1,0,0 1,1,0 2,0,1 2,0,2 C4
2,0,0 2,1,0 2,1,2 3,0,1 3,0,2 C5
3,1,0 3,1,2 4,0,0 4,0,1 4,1,2 H5
3,0,0 4,0,2 L2
4,1,0 5,1,0 5,1,2 6,1,0 6,1,2 I5
5,0,1 I1
5,0,0 5,0,2 6,0,1 6,0,2 P4
6,0,0 7,0,0 7,0,2 S3
6,2,0 6,2,1 7,0,1 7,1,1 7,1,2 U5
4,2,0 5,2,0 5,2,2 6,2,2 W4
4,3,0 5,2,1 5,3,0 5,3,2 6,3,2 L5
6,3,0 7,2,0 7,2,1 7,2,2 8,1,1 T5
8,0,0 8,0,2 8,1,0 9,0,1 9,0,2 P5
7,1,0 8,0,1 8,1,2 Y3
3,3,0 3,3,2 4,2,1 4,2,2 4,3,2 Y5
2,2,0 3,2,0 3,2,1 3,2,2 Y4
0,2,0 0,2,1 0,2,2 0,3,0 0,3,2 R5
1,1,1 1,2,1 1,2,2 1,3,0 1,3,2 W5
1,2,0 2,2,1 2,2,2 2,3,0 2,3,2 S5

                                      _T5_
                                     L5   T5
                                _L5_/      \_T5_
                               L5   U5     T5   T5
                          _L5_/      \_U5_/      \_P5_
                         Y5   L5     W4   U5     Y3   P5
                    _Y5_/      \_W4_/      \_Y3_/      \
                   Y5   Y5     W4          U5   Y3     P5
              _S5_/      \_W4_/       _I5_/      \_P5_/
             S5   Y4     Y5          I5   U5     P5
        _W5_/      \_Y4_/       _I5_/      \_S3_/
       W5   S5     Y4          I5   P4     S3
  _R5_/      \_Y4_/       _I5_/      \_S3_/
 R5   W5     S5          H5   I1     P4
/      \_S5_/       _H5_/      \_P4_/
R5     W5          H5   H5     P4
 \_R5_/       _C5_/      \_H5_/
 R5   W5     C5   C5     L2
/      \_C4_/      \_L2_/
X5     X5   C4     C5
 \_X5_/      \_C5_/
 X5   X5     C4
/      \_C4_/
C3     C3
 \_C3_/

solution 29:
0,1,0 0,1,1 0,1,2 1,0,1 1,1,2 X5
0,0,0 0,0,1 1,0,2 C3
1,0,0 1,1,0 2,0,1 2,0,2 C4
2,0,0 2,1,0 2,1,2 3,0,1 3,0,2 C5
3,1,0 3,1,2 4,0,0 4,0,1 4,1,2 H5
3,0,0 4,0,2 L2
4,1,0 5,1,0 5,1,2 6,1,0 6,1,2 I5
5,0,1 I1
5,0,0 5,0,2 6,0,1 6,0,2 P4
6,0,0 7,0,0 7,0,2 S3
6,2,0 6,2,1 7,0,1 7,1,1 7,1,2 U5
4,2,0 5,2,0 5,2,2 6,2,2 W4
4,3,0 5,2,1 5,3,0 5,3,2 6,3,2 L5
6,3,0 7,2,0 7,2,1 7,2,2 8,1,1 T5
7,1,0 8,1,0 8,1,2 9,0,1 9,0,2 P5
8,0,0 8,0,1 8,0,2 Y3
3,3,0 3,3,2 4,2,1 4,2,2 4,3,2 Y5
2,2,0 3,2,0 3,2,1 3,2,2 Y4
0,2,0 0,2,1 0,2,2 0,3,0 0,3,2 R5
1,1,1 1,2,0 1,2,2 2,2,1 2,2,2 S5
1,2,1 1,3,0 1,3,2 2,3,0 2,3,2 W5

                                      _T5_
                                     L5   T5
                                _L5_/      \_T5_
                               L5   U5     T5   T5
                          _L5_/      \_U5_/      \_P5_
                         Y5   L5     W4   U5     P5   P5
                    _Y5_/      \_W4_/      \_P5_/      \
                   Y5   Y5     W4          U5   Y3     P5
              _W5_/      \_W4_/       _I5_/      \_Y3_/
             W5   Y4     Y5          I5   U5     Y3
        _W5_/      \_Y4_/       _I5_/      \_S3_/
       W5   S5     Y4          I5   P4     S3
  _R5_/      \_Y4_/       _I5_/      \_S3_/
 R5   W5     S5          H5   I1     P4
/      \_S5_/       _H5_/      \_P4_/
R5     S5          H5   H5     P4
 \_R5_/       _C5_/      \_H5_/
 R5   S5     C5   C5     L2
/      \_C4_/      \_L2_/
X5     X5   C4     C5
 \_X5_/      \_C5_/
 X5   X5     C4
/      \_C4_/
C3     C3
 \_C3_/

solution 30:
0,1,0 0,1,1 0,1,2 1,0,1 1,1,2 X5
0,0,0 0,0,1 1,0,2 C3
1,0,0 1,1,0 2,0,1 2,0,2 C4
2,0,0 2,1,0 2,1,2 3,0,1 3,0,2 C5
3,1,0 3,1,2 4,0,0 4,0,1 4,1,2 H5
3,0,0 4,0,2 L2
4,1,0 5,1,0 5,1,2 6,1,0 6,1,2 I5
5,0,1 I1
5,0,0 5,0,2 6,0,1 6,0,2 P4
6,0,0 7,0,0 7,0,2 S3
6,2,0 6,2,1 7,0,1 7,1,1 7,1,2 U5
4,2,0 5,2,0 5,2,2 6,2,2 W4
4,3,0 5,2,1 5,3,0 5,3,2 6,3,2 L5
6,3,0 7,2,0 7,2,1 7,2,2 8,1,1 T5
7,1,0 8,1,0 8,1,2 9,0,1 9,0,2 P5
8,0,0 8,0,1 8,0,2 Y3
3,3,0 3,3,2 4,2,1 4,2,2 4,3,2 Y5
2,2,0 3,2,0 3,2,1 3,2,2 Y4
0,2,0 0,2,1 0,2,2 0,3,0 0,3,2 R5
1,1,1 1,2,1 1,2,2 1,3,0 1,3,2 W5
1,2,0 2,2,1 2,2,2 2,3,0 2,3,2 S5

                                      _T5_
                                     L5   T5
                                _L5_/      \_T5_
                               L5   U5     T5   T5
                          _L5_/      \_U5_/      \_P5_
                         Y5   L5     W4   U5     P5   P5
                    _Y5_/      \_W4_/      \_P5_/      \
                   Y5   Y5     W4          U5   Y3     P5
              _S5_/      \_W4_/       _I5_/      \_Y3_/
             S5   Y4     Y5          I5   U5     Y3
        _W5_/      \_Y4_/       _I5_/      \_S3_/
       W5   S5     Y4          I5   P4     S3
  _R5_/      \_Y4_/       _I5_/      \_S3_/
 R5   W5     S5          H5   I1     P4
/      \_S5_/       _H5_/      \_P4_/
R5     W5          H5   H5     P4
 \_R5_/       _C5_/      \_H5_/
 R5   W5     C5   C5     L2
/      \_C4_/      \_L2_/
X5     X5   C4     C5
 \_X5_/      \_C5_/
 X5   X5     C4
/      \_C4_/
C3     C3
 \_C3_/

Session interrupted by user.
30 solutions, 10527 searches, duration 0:00:22.326930
