solving HeptiamondsTriangleHexRing:

solution 1 (24,278,214 searches):
00,12,1 00,13,0 00,13,1 00,14,0 01,12,0 01,12,1 01,13,0 D7
11,00,1 12,00,0 12,00,1 12,01,0 13,00,0 13,00,1 14,00,0 E7
11,01,0 11,01,1 11,02,0 11,02,1 12,01,1 12,02,0 13,01,0 V7
00,00,0 00,00,1 00,01,0 01,00,0 01,00,1 02,00,0 02,00,1 P7
00,11,1 00,12,0 01,11,0 01,11,1 02,11,0 02,11,1 02,12,0 C7
00,10,0 00,10,1 00,11,0 01,09,1 01,10,0 01,10,1 02,09,0 X7
02,09,1 02,10,1 03,09,0 03,09,1 03,10,0 03,10,1 03,11,0 F7
04,08,0 04,08,1 04,09,0 04,09,1 04,10,0 05,08,0 05,09,0 M7
00,09,1 01,08,1 01,09,0 02,08,0 02,08,1 03,08,0 03,08,1 R7
05,07,1 05,08,1 06,07,0 06,07,1 06,08,0 07,06,1 07,07,0 Y7
06,06,1 07,05,1 07,06,0 08,05,0 08,05,1 08,06,0 09,05,0 U7
00,07,0 00,07,1 00,08,0 00,08,1 00,09,0 01,07,1 01,08,0 G7
00,05,0 00,05,1 00,06,0 00,06,1 01,06,0 01,06,1 01,07,0 N7
09,04,0 09,04,1 10,02,1 10,03,0 10,03,1 10,04,0 11,03,0 A7
08,03,1 08,04,0 08,04,1 09,02,0 09,02,1 09,03,0 09,03,1 Z7
07,01,1 08,01,0 08,01,1 08,02,0 08,02,1 08,03,0 09,01,0 T7
09,00,1 09,01,1 10,00,0 10,00,1 10,01,0 10,01,1 11,00,0 B7
06,01,1 07,00,0 07,00,1 07,01,0 08,00,0 08,00,1 09,00,0 H7
00,04,1 01,04,0 01,04,1 01,05,0 01,05,1 02,03,1 02,04,0 W7
00,01,1 00,02,0 00,02,1 00,03,0 00,03,1 00,04,0 01,01,0 L7
03,00,0 03,00,1 04,00,0 04,00,1 05,00,0 05,00,1 06,00,0 I7
04,01,0 04,01,1 04,02,0 05,01,0 05,01,1 06,00,1 06,01,0 Q7
01,03,0 01,03,1 02,02,1 02,03,0 03,02,0 03,02,1 03,03,0 S7
01,01,1 01,02,0 01,02,1 02,01,0 02,01,1 03,01,0 03,01,1 J7

                             /\
                            /  \
                           /    \
                          /      \
                         /\      /\
                        /  \____/  \
                       /\          /\
                      /  \________/  \
                     /       /\      /\
                    /___    /__\    /  \
                   /\   \   \      /    \
                  /  \   \___\____/   ___\
                 /    \          /    \   \
                /      \________/______\   \
               /   /\  /            \       \
              /___/  \/              \____   \
             /       /                \   \  /\
            /   ____/                  \   \/  \
           /   /   /                    \       \
          /___/   /                      \_______\
         /\       \                      /   /    \
        /  \____   \                    /   /___   \
       /   /    \  /\                  /\      /    \
      /   /___   \/  \                /  \    /   ___\
     /   /   /\      /\              /   /   /\  /    \
    /   /   /__\____/  \____________/   /___/__\/      \
   /\   \          /        \   \       \      /   /\   \
  /  \___\________/_______   \   \_______\    /___/  \___\
 /           /            \  /        \       \           \
/___________/______________\/__________\_______\___________\

solution 2 (24,308,638 searches):
00,12,1 00,13,0 00,13,1 00,14,0 01,12,0 01,12,1 01,13,0 D7
11,00,1 12,00,0 12,00,1 12,01,0 13,00,0 13,00,1 14,00,0 E7
11,01,0 11,01,1 11,02,0 11,02,1 12,01,1 12,02,0 13,01,0 V7
00,00,0 00,00,1 00,01,0 01,00,0 01,00,1 02,00,0 02,00,1 P7
00,11,1 00,12,0 01,11,0 01,11,1 02,11,0 02,11,1 02,12,0 C7
00,10,0 00,10,1 00,11,0 01,09,1 01,10,0 01,10,1 02,09,0 X7
03,10,1 03,11,0 04,09,1 04,10,0 05,08,1 05,09,0 06,08,0 I7
02,09,1 02,10,1 03,08,0 03,08,1 03,09,0 03,09,1 03,10,0 F7
04,08,0 04,08,1 04,09,0 05,07,1 05,08,0 06,07,0 06,07,1 Q7
00,09,1 01,07,1 01,08,0 01,08,1 01,09,0 02,08,0 02,08,1 W7
00,07,1 00,08,0 00,08,1 00,09,0 01,06,0 01,06,1 01,07,0 N7
00,05,0 00,05,1 00,06,0 00,06,1 00,07,0 01,05,0 01,05,1 G7
06,06,1 07,06,0 07,06,1 07,07,0 08,05,1 08,06,0 09,05,0 H7
07,05,1 08,03,0 08,03,1 08,04,0 08,04,1 08,05,0 09,04,0 T7
09,03,1 09,04,1 10,02,1 10,03,0 10,03,1 10,04,0 11,03,0 B7
08,01,1 08,02,0 08,02,1 09,01,1 09,02,0 09,02,1 09,03,0 Z7
09,00,1 09,01,0 10,00,0 10,00,1 10,01,0 10,01,1 11,00,0 A7
06,01,1 07,01,0 07,01,1 08,00,0 08,00,1 08,01,0 09,00,0 U7
05,00,1 05,01,1 06,00,0 06,00,1 06,01,0 07,00,0 07,00,1 Y7
04,00,0 04,00,1 04,01,0 04,01,1 04,02,0 05,00,0 05,01,0 M7
01,01,1 01,02,0 02,01,0 02,01,1 03,00,0 03,00,1 03,01,0 S7
00,01,1 00,02,0 00,02,1 00,03,0 00,03,1 00,04,0 01,01,0 L7
00,04,1 01,04,0 01,04,1 02,03,1 02,04,0 03,02,1 03,03,0 R7
01,02,1 01,03,0 01,03,1 02,02,1 02,03,0 03,01,1 03,02,0 J7

                             /\
                            /  \
                           /    \
                          /      \
                         /\      /\
                        /  \____/  \
                       /\          /\
                      /  \________/  \
                     /       /\   \   \
                    /___    /__\   \   \
                   /\   \   \      /\   \
                  /  \   \___\    /  \   \
                 /   /       /   /    \   \
                /   /   ____/___/___   \___\
               /\   \  /            \      /\
              /  \   \/              \____/  \
             /   /   /                \       \
            /   /___/                  \____   \
           /       /                    \   \   \
          /_______/                      \   \___\
         /\       \                      /    \   \
        /  \____   \                    /   ___\   \
       /   /    \   \                  /   /\       \
      /   /      \   \                /___/  \    ___\
     /   /\  /\   \  /\              /       /\  /    \
    /   /  \/__\   \/  \____________/       /__\/      \
   /\   \       \  /    \   \       \  /\  /   /   /\   \
  /  \___\____   \/   ___\   \____   \/  \/   /___/  \___\
 /           /   /    \          /    \       \           \
/___________/___/______\________/______\_______\___________\

solution 3 (25,801,292 searches):
00,12,1 00,13,0 00,13,1 00,14,0 01,12,0 01,12,1 01,13,0 D7
11,00,1 12,00,0 12,00,1 12,01,0 13,00,0 13,00,1 14,00,0 E7
11,01,0 11,01,1 11,02,0 11,02,1 12,01,1 12,02,0 13,01,0 V7
00,00,0 00,00,1 00,01,0 01,00,0 01,00,1 02,00,0 02,00,1 P7
00,10,1 00,11,0 00,11,1 00,12,0 01,09,1 01,10,0 02,09,0 R7
01,10,1 01,11,0 01,11,1 02,11,0 02,11,1 02,12,0 03,11,0 Q7
00,07,0 00,07,1 00,08,0 00,08,1 00,09,0 00,09,1 00,10,0 I7
01,07,1 01,08,0 01,08,1 01,09,0 02,08,0 02,08,1 03,08,0 T7
00,06,0 00,06,1 01,05,0 01,05,1 01,06,0 01,06,1 01,07,0 Y7
00,04,1 00,05,0 00,05,1 01,04,0 01,04,1 02,03,1 02,04,0 S7
00,03,1 00,04,0 01,03,0 01,03,1 02,02,1 02,03,0 03,02,0 N7
03,01,1 03,02,1 03,03,0 04,01,0 04,01,1 04,02,0 05,01,0 G7
01,01,1 02,01,0 02,01,1 03,00,0 03,00,1 03,01,0 04,00,0 U7
00,01,1 00,02,0 00,02,1 00,03,0 01,01,0 01,02,0 01,02,1 A7
04,00,1 05,00,0 05,00,1 05,01,1 06,00,0 06,00,1 06,01,0 J7
06,01,1 07,00,0 07,00,1 07,01,0 07,01,1 08,00,0 08,00,1 B7
09,01,1 09,02,0 09,02,1 10,00,1 10,01,0 10,01,1 11,00,0 F7
08,01,0 08,01,1 08,02,0 09,00,0 09,00,1 09,01,0 10,00,0 M7
07,05,1 08,02,1 08,03,0 08,03,1 08,04,0 08,04,1 08,05,0 L7
09,03,0 09,03,1 10,02,1 10,03,0 10,03,1 10,04,0 11,03,0 X7
07,06,0 07,06,1 08,05,1 08,06,0 09,04,0 09,04,1 09,05,0 C7
05,08,1 05,09,0 06,06,1 06,07,0 06,07,1 06,08,0 07,07,0 H7
03,08,1 04,08,0 04,08,1 04,09,0 04,09,1 05,07,1 05,08,0 W7
02,09,1 02,10,1 03,09,0 03,09,1 03,10,0 03,10,1 04,10,0 Z7

                             /\
                            /  \
                           /    \
                          /      \
                         /\      /\
                        /  \____/  \
                       /   /        \
                      /   /   _______\
                     /\   \  /\       \
                    /  \   \/__\    ___\
                   /   /\   \      /   /\
                  /   /  \___\____/   /  \
                 /   /        \       \   \
                /   /   _______\____   \   \
               /   /\  /            \  /    \
              /___/  \/              \/   ___\
             /       /                \  /    \
            /___    /                  \/___   \
           /   /   /                    \   \   \
          /   /___/                      \   \   \
         /\       \                      /   /   /\
        /  \____   \                    /   /___/  \
       /\       \  /\                  /   /        \
      /  \____   \/  \                /   /___    ___\
     /       /\   \   \              /\  /   /\  /    \
    /   ____/__\___\   \____________/  \/   /__\/      \
   /\   \       \       \   \      /    \      /   /\   \
  /  \___\____   \_______\   \    /___   \    /___/  \___\
 /           /    \          /       /    \   \           \
/___________/______\________/_______/______\___\___________\

solution 4 (25,846,754 searches):
00,12,1 00,13,0 00,13,1 00,14,0 01,12,0 01,12,1 01,13,0 D7
11,00,1 12,00,0 12,00,1 12,01,0 13,00,0 13,00,1 14,00,0 E7
11,01,0 11,01,1 11,02,0 11,02,1 12,01,1 12,02,0 13,01,0 V7
00,00,0 00,00,1 00,01,0 01,00,0 01,00,1 02,00,0 02,00,1 P7
00,10,1 00,11,0 00,11,1 00,12,0 01,09,1 01,10,0 02,09,0 R7
01,10,1 01,11,0 01,11,1 02,10,1 02,11,0 02,11,1 02,12,0 Z7
00,07,0 00,07,1 00,08,0 00,08,1 00,09,0 00,09,1 00,10,0 I7
01,07,1 01,08,0 01,08,1 01,09,0 02,08,0 02,08,1 03,08,0 T7
00,06,0 00,06,1 01,05,0 01,05,1 01,06,0 01,06,1 01,07,0 Y7
00,04,1 00,05,0 00,05,1 01,04,0 01,04,1 02,03,1 02,04,0 S7
02,09,1 03,09,0 03,09,1 03,10,0 03,10,1 03,11,0 04,10,0 Q7
03,08,1 04,08,0 04,08,1 04,09,0 04,09,1 05,07,1 05,08,0 W7
05,08,1 05,09,0 06,06,1 06,07,0 06,07,1 06,08,0 07,07,0 H7
00,03,1 00,04,0 01,03,0 01,03,1 02,02,1 02,03,0 03,02,0 N7
03,01,1 03,02,1 03,03,0 04,01,0 04,01,1 04,02,0 05,01,0 G7
01,01,1 02,01,0 02,01,1 03,00,0 03,00,1 03,01,0 04,00,0 U7
00,01,1 00,02,0 00,02,1 00,03,0 01,01,0 01,02,0 01,02,1 A7
04,00,1 05,00,0 05,00,1 05,01,1 06,00,0 06,00,1 06,01,0 J7
06,01,1 07,00,0 07,00,1 07,01,0 07,01,1 08,00,0 08,00,1 B7
09,01,1 09,02,0 09,02,1 10,00,1 10,01,0 10,01,1 11,00,0 F7
08,01,0 08,01,1 08,02,0 09,00,0 09,00,1 09,01,0 10,00,0 M7
07,05,1 08,02,1 08,03,0 08,03,1 08,04,0 08,04,1 08,05,0 L7
07,06,0 07,06,1 08,05,1 08,06,0 09,04,0 09,04,1 09,05,0 C7
09,03,0 09,03,1 10,02,1 10,03,0 10,03,1 10,04,0 11,03,0 X7

                             /\
                            /  \
                           /    \
                          /      \
                         /\      /\
                        /  \____/  \
                       /   /       /\
                      /   /       /  \
                     /\   \  /\  /    \
                    /  \   \/__\/   ___\
                   /   /\   \      /   /\
                  /   /  \___\____/   /  \
                 /   /        \       \   \
                /   /   _______\____   \   \
               /   /\  /            \  /    \
              /___/  \/              \/   ___\
             /       /                \  /    \
            /___    /                  \/___   \
           /   /   /                    \   \   \
          /   /___/                      \   \   \
         /\       \                      /   /   /\
        /  \____   \                    /   /___/  \
       /\       \  /\                  /   /        \
      /  \____   \/  \                /   /___    ___\
     /       /\   \   \              /\  /   /\  /    \
    /   ____/__\___\   \____________/  \/   /__\/      \
   /\   \       \       \   \      /    \      /   /\   \
  /  \___\____   \_______\   \    /___   \    /___/  \___\
 /           /    \          /       /    \   \           \
/___________/______\________/_______/______\___\___________\

solution 5 (51,215,167 searches):
00,12,1 00,13,0 00,13,1 00,14,0 01,12,0 01,12,1 01,13,0 D7
11,02,1 12,01,0 12,01,1 12,02,0 13,00,1 13,01,0 14,00,0 E7
11,00,1 11,01,0 11,01,1 11,02,0 12,00,0 12,00,1 13,00,0 V7
00,00,0 00,00,1 00,01,0 01,00,0 01,00,1 02,00,0 02,00,1 P7
00,11,1 00,12,0 01,11,0 01,11,1 02,11,0 02,11,1 02,12,0 C7
00,10,0 00,10,1 00,11,0 01,09,1 01,10,0 01,10,1 02,09,0 X7
02,09,1 02,10,1 03,09,0 03,09,1 03,10,0 03,10,1 03,11,0 F7
04,08,0 04,08,1 04,09,0 04,09,1 04,10,0 05,08,0 05,09,0 M7
00,09,1 01,08,1 01,09,0 02,08,0 02,08,1 03,08,0 03,08,1 R7
05,07,1 05,08,1 06,07,0 06,07,1 06,08,0 07,06,1 07,07,0 Y7
06,06,1 07,05,1 07,06,0 08,05,0 08,05,1 08,06,0 09,05,0 U7
00,07,0 00,07,1 00,08,0 00,08,1 00,09,0 01,07,1 01,08,0 G7
00,05,0 00,05,1 00,06,0 00,06,1 01,06,0 01,06,1 01,07,0 N7
09,04,0 09,04,1 10,02,1 10,03,0 10,03,1 10,04,0 11,03,0 A7
08,03,1 08,04,0 08,04,1 09,02,0 09,02,1 09,03,0 09,03,1 Z7
07,01,1 08,01,0 08,01,1 08,02,0 08,02,1 08,03,0 09,01,0 T7
09,00,1 09,01,1 10,00,0 10,00,1 10,01,0 10,01,1 11,00,0 B7
06,01,1 07,00,0 07,00,1 07,01,0 08,00,0 08,00,1 09,00,0 H7
00,04,1 01,04,0 01,04,1 01,05,0 01,05,1 02,03,1 02,04,0 W7
00,01,1 00,02,0 00,02,1 00,03,0 00,03,1 00,04,0 01,01,0 L7
03,00,0 03,00,1 04,00,0 04,00,1 05,00,0 05,00,1 06,00,0 I7
04,01,0 04,01,1 04,02,0 05,01,0 05,01,1 06,00,1 06,01,0 Q7
01,03,0 01,03,1 02,02,1 02,03,0 03,02,0 03,02,1 03,03,0 S7
01,01,1 01,02,0 01,02,1 02,01,0 02,01,1 03,01,0 03,01,1 J7

                             /\
                            /  \
                           /    \
                          /      \
                         /\      /\
                        /  \____/  \
                       /\          /\
                      /  \________/  \
                     /       /\      /\
                    /___    /__\    /  \
                   /\   \   \      /    \
                  /  \   \___\____/   ___\
                 /    \          /    \   \
                /      \________/______\   \
               /   /\  /            \       \
              /___/  \/              \____   \
             /       /                \   \  /\
            /   ____/                  \   \/  \
           /   /   /                    \       \
          /___/   /                      \_______\
         /\       \                      /   /    \
        /  \____   \                    /   /___   \
       /   /    \  /\                  /\      /    \
      /   /___   \/  \                /  \    /   ___\
     /   /   /\      /\              /   /   /\  /\   \
    /   /   /__\____/  \____________/   /___/__\/  \   \
   /\   \          /        \   \       \      /   /    \
  /  \___\________/_______   \   \_______\    /   /___   \
 /           /            \  /        \       \       \   \
/___________/______________\/__________\_______\_______\___\

solution 6 (51,245,591 searches):
00,12,1 00,13,0 00,13,1 00,14,0 01,12,0 01,12,1 01,13,0 D7
11,02,1 12,01,0 12,01,1 12,02,0 13,00,1 13,01,0 14,00,0 E7
11,00,1 11,01,0 11,01,1 11,02,0 12,00,0 12,00,1 13,00,0 V7
00,00,0 00,00,1 00,01,0 01,00,0 01,00,1 02,00,0 02,00,1 P7
00,11,1 00,12,0 01,11,0 01,11,1 02,11,0 02,11,1 02,12,0 C7
00,10,0 00,10,1 00,11,0 01,09,1 01,10,0 01,10,1 02,09,0 X7
03,10,1 03,11,0 04,09,1 04,10,0 05,08,1 05,09,0 06,08,0 I7
02,09,1 02,10,1 03,08,0 03,08,1 03,09,0 03,09,1 03,10,0 F7
04,08,0 04,08,1 04,09,0 05,07,1 05,08,0 06,07,0 06,07,1 Q7
00,09,1 01,07,1 01,08,0 01,08,1 01,09,0 02,08,0 02,08,1 W7
00,07,1 00,08,0 00,08,1 00,09,0 01,06,0 01,06,1 01,07,0 N7
00,05,0 00,05,1 00,06,0 00,06,1 00,07,0 01,05,0 01,05,1 G7
06,06,1 07,06,0 07,06,1 07,07,0 08,05,1 08,06,0 09,05,0 H7
07,05,1 08,03,0 08,03,1 08,04,0 08,04,1 08,05,0 09,04,0 T7
09,03,1 09,04,1 10,02,1 10,03,0 10,03,1 10,04,0 11,03,0 B7
08,01,1 08,02,0 08,02,1 09,01,1 09,02,0 09,02,1 09,03,0 Z7
09,00,1 09,01,0 10,00,0 10,00,1 10,01,0 10,01,1 11,00,0 A7
06,01,1 07,01,0 07,01,1 08,00,0 08,00,1 08,01,0 09,00,0 U7
05,00,1 05,01,1 06,00,0 06,00,1 06,01,0 07,00,0 07,00,1 Y7
04,00,0 04,00,1 04,01,0 04,01,1 04,02,0 05,00,0 05,01,0 M7
01,01,1 01,02,0 02,01,0 02,01,1 03,00,0 03,00,1 03,01,0 S7
00,01,1 00,02,0 00,02,1 00,03,0 00,03,1 00,04,0 01,01,0 L7
00,04,1 01,04,0 01,04,1 02,03,1 02,04,0 03,02,1 03,03,0 R7
01,02,1 01,03,0 01,03,1 02,02,1 02,03,0 03,01,1 03,02,0 J7

                             /\
                            /  \
                           /    \
                          /      \
                         /\      /\
                        /  \____/  \
                       /\          /\
                      /  \________/  \
                     /       /\   \   \
                    /___    /__\   \   \
                   /\   \   \      /\   \
                  /  \   \___\    /  \   \
                 /   /       /   /    \   \
                /   /   ____/___/___   \___\
               /\   \  /            \      /\
              /  \   \/              \____/  \
             /   /   /                \       \
            /   /___/                  \____   \
           /       /                    \   \   \
          /_______/                      \   \___\
         /\       \                      /    \   \
        /  \____   \                    /   ___\   \
       /   /    \   \                  /   /\       \
      /   /      \   \                /___/  \    ___\
     /   /\  /\   \  /\              /       /\  /\   \
    /   /  \/__\   \/  \____________/       /__\/  \   \
   /\   \       \  /    \   \       \  /\  /   /   /    \
  /  \___\____   \/   ___\   \____   \/  \/   /   /___   \
 /           /   /    \          /    \       \       \   \
/___________/___/______\________/______\_______\_______\___\

solution 7 (52,738,245 searches):
00,12,1 00,13,0 00,13,1 00,14,0 01,12,0 01,12,1 01,13,0 D7
11,02,1 12,01,0 12,01,1 12,02,0 13,00,1 13,01,0 14,00,0 E7
11,00,1 11,01,0 11,01,1 11,02,0 12,00,0 12,00,1 13,00,0 V7
00,00,0 00,00,1 00,01,0 01,00,0 01,00,1 02,00,0 02,00,1 P7
00,10,1 00,11,0 00,11,1 00,12,0 01,09,1 01,10,0 02,09,0 R7
01,10,1 01,11,0 01,11,1 02,11,0 02,11,1 02,12,0 03,11,0 Q7
00,07,0 00,07,1 00,08,0 00,08,1 00,09,0 00,09,1 00,10,0 I7
01,07,1 01,08,0 01,08,1 01,09,0 02,08,0 02,08,1 03,08,0 T7
00,06,0 00,06,1 01,05,0 01,05,1 01,06,0 01,06,1 01,07,0 Y7
00,04,1 00,05,0 00,05,1 01,04,0 01,04,1 02,03,1 02,04,0 S7
00,03,1 00,04,0 01,03,0 01,03,1 02,02,1 02,03,0 03,02,0 N7
03,01,1 03,02,1 03,03,0 04,01,0 04,01,1 04,02,0 05,01,0 G7
01,01,1 02,01,0 02,01,1 03,00,0 03,00,1 03,01,0 04,00,0 U7
00,01,1 00,02,0 00,02,1 00,03,0 01,01,0 01,02,0 01,02,1 A7
04,00,1 05,00,0 05,00,1 05,01,1 06,00,0 06,00,1 06,01,0 J7
06,01,1 07,00,0 07,00,1 07,01,0 07,01,1 08,00,0 08,00,1 B7
09,01,1 09,02,0 09,02,1 10,00,1 10,01,0 10,01,1 11,00,0 F7
08,01,0 08,01,1 08,02,0 09,00,0 09,00,1 09,01,0 10,00,0 M7
07,05,1 08,02,1 08,03,0 08,03,1 08,04,0 08,04,1 08,05,0 L7
09,03,0 09,03,1 10,02,1 10,03,0 10,03,1 10,04,0 11,03,0 X7
07,06,0 07,06,1 08,05,1 08,06,0 09,04,0 09,04,1 09,05,0 C7
05,08,1 05,09,0 06,06,1 06,07,0 06,07,1 06,08,0 07,07,0 H7
03,08,1 04,08,0 04,08,1 04,09,0 04,09,1 05,07,1 05,08,0 W7
02,09,1 02,10,1 03,09,0 03,09,1 03,10,0 03,10,1 04,10,0 Z7

                             /\
                            /  \
                           /    \
                          /      \
                         /\      /\
                        /  \____/  \
                       /   /        \
                      /   /   _______\
                     /\   \  /\       \
                    /  \   \/__\    ___\
                   /   /\   \      /   /\
                  /   /  \___\____/   /  \
                 /   /        \       \   \
                /   /   _______\____   \   \
               /   /\  /            \  /    \
              /___/  \/              \/   ___\
             /       /                \  /    \
            /___    /                  \/___   \
           /   /   /                    \   \   \
          /   /___/                      \   \   \
         /\       \                      /   /   /\
        /  \____   \                    /   /___/  \
       /\       \  /\                  /   /        \
      /  \____   \/  \                /   /___    ___\
     /       /\   \   \              /\  /   /\  /\   \
    /   ____/__\___\   \____________/  \/   /__\/  \   \
   /\   \       \       \   \      /    \      /   /    \
  /  \___\____   \_______\   \    /___   \    /   /___   \
 /           /    \          /       /    \   \       \   \
/___________/______\________/_______/______\___\_______\___\

solution 8 (52,783,707 searches):
00,12,1 00,13,0 00,13,1 00,14,0 01,12,0 01,12,1 01,13,0 D7
11,02,1 12,01,0 12,01,1 12,02,0 13,00,1 13,01,0 14,00,0 E7
11,00,1 11,01,0 11,01,1 11,02,0 12,00,0 12,00,1 13,00,0 V7
00,00,0 00,00,1 00,01,0 01,00,0 01,00,1 02,00,0 02,00,1 P7
00,10,1 00,11,0 00,11,1 00,12,0 01,09,1 01,10,0 02,09,0 R7
01,10,1 01,11,0 01,11,1 02,10,1 02,11,0 02,11,1 02,12,0 Z7
00,07,0 00,07,1 00,08,0 00,08,1 00,09,0 00,09,1 00,10,0 I7
01,07,1 01,08,0 01,08,1 01,09,0 02,08,0 02,08,1 03,08,0 T7
00,06,0 00,06,1 01,05,0 01,05,1 01,06,0 01,06,1 01,07,0 Y7
00,04,1 00,05,0 00,05,1 01,04,0 01,04,1 02,03,1 02,04,0 S7
02,09,1 03,09,0 03,09,1 03,10,0 03,10,1 03,11,0 04,10,0 Q7
03,08,1 04,08,0 04,08,1 04,09,0 04,09,1 05,07,1 05,08,0 W7
05,08,1 05,09,0 06,06,1 06,07,0 06,07,1 06,08,0 07,07,0 H7
00,03,1 00,04,0 01,03,0 01,03,1 02,02,1 02,03,0 03,02,0 N7
03,01,1 03,02,1 03,03,0 04,01,0 04,01,1 04,02,0 05,01,0 G7
01,01,1 02,01,0 02,01,1 03,00,0 03,00,1 03,01,0 04,00,0 U7
00,01,1 00,02,0 00,02,1 00,03,0 01,01,0 01,02,0 01,02,1 A7
04,00,1 05,00,0 05,00,1 05,01,1 06,00,0 06,00,1 06,01,0 J7
06,01,1 07,00,0 07,00,1 07,01,0 07,01,1 08,00,0 08,00,1 B7
09,01,1 09,02,0 09,02,1 10,00,1 10,01,0 10,01,1 11,00,0 F7
08,01,0 08,01,1 08,02,0 09,00,0 09,00,1 09,01,0 10,00,0 M7
07,05,1 08,02,1 08,03,0 08,03,1 08,04,0 08,04,1 08,05,0 L7
07,06,0 07,06,1 08,05,1 08,06,0 09,04,0 09,04,1 09,05,0 C7
09,03,0 09,03,1 10,02,1 10,03,0 10,03,1 10,04,0 11,03,0 X7

                             /\
                            /  \
                           /    \
                          /      \
                         /\      /\
                        /  \____/  \
                       /   /       /\
                      /   /       /  \
                     /\   \  /\  /    \
                    /  \   \/__\/   ___\
                   /   /\   \      /   /\
                  /   /  \___\____/   /  \
                 /   /        \       \   \
                /   /   _______\____   \   \
               /   /\  /            \  /    \
              /___/  \/              \/   ___\
             /       /                \  /    \
            /___    /                  \/___   \
           /   /   /                    \   \   \
          /   /___/                      \   \   \
         /\       \                      /   /   /\
        /  \____   \                    /   /___/  \
       /\       \  /\                  /   /        \
      /  \____   \/  \                /   /___    ___\
     /       /\   \   \              /\  /   /\  /\   \
    /   ____/__\___\   \____________/  \/   /__\/  \   \
   /\   \       \       \   \      /    \      /   /    \
  /  \___\____   \_______\   \    /___   \    /   /___   \
 /           /    \          /       /    \   \       \   \
/___________/______\________/_______/______\___\_______\___\

solution 9 (71,761,723 searches):
00,12,1 00,13,0 00,13,1 00,14,0 01,12,0 01,12,1 01,13,0 D7
12,00,0 12,00,1 12,01,1 13,00,0 13,00,1 13,01,0 14,00,0 G7
00,00,0 00,00,1 00,01,0 01,00,0 01,00,1 02,00,0 02,00,1 P7
00,11,1 00,12,0 01,11,0 01,11,1 02,11,0 02,11,1 02,12,0 C7
00,09,1 00,10,0 00,10,1 00,11,0 01,09,0 01,10,0 01,10,1 A7
00,08,0 00,08,1 00,09,0 01,06,1 01,07,0 01,07,1 01,08,0 U7
00,06,0 00,06,1 00,07,0 00,07,1 01,05,0 01,05,1 01,06,0 Z7
01,08,1 01,09,1 02,08,0 02,08,1 02,09,0 02,09,1 03,08,0 B7
00,04,1 00,05,0 00,05,1 01,04,0 01,04,1 02,03,1 02,04,0 S7
00,03,1 00,04,0 01,02,0 01,02,1 01,03,0 01,03,1 02,03,0 W7
00,01,1 00,02,0 00,02,1 00,03,0 01,01,0 01,01,1 02,01,0 V7
02,10,1 03,09,0 03,09,1 03,10,0 03,10,1 03,11,0 04,10,0 X7
03,08,1 04,08,0 04,08,1 05,07,1 05,08,0 06,06,1 06,07,0 R7
04,09,0 04,09,1 05,08,1 05,09,0 06,07,1 06,08,0 07,07,0 L7
03,00,0 03,00,1 04,00,0 04,00,1 05,00,0 05,00,1 06,00,0 I7
02,01,1 02,02,1 03,01,0 03,01,1 03,02,0 03,02,1 03,03,0 F7
04,01,0 04,01,1 04,02,0 05,01,0 05,01,1 06,00,1 06,01,0 Q7
06,01,1 07,00,0 07,00,1 07,01,0 08,00,0 08,00,1 09,00,0 H7
07,01,1 08,01,0 08,01,1 08,02,0 08,02,1 08,03,0 09,01,0 T7
09,00,1 10,00,0 10,00,1 10,01,0 10,01,1 11,00,0 11,00,1 Y7
09,01,1 09,02,0 09,02,1 09,03,0 09,03,1 10,02,1 10,03,0 J7
11,01,0 11,01,1 11,02,0 11,02,1 11,03,0 12,01,0 12,02,0 M7
07,05,1 07,06,0 07,06,1 08,03,1 08,04,0 08,04,1 08,05,0 N7
08,05,1 08,06,0 09,04,0 09,04,1 09,05,0 10,03,1 10,04,0 E7

                             /\
                            /  \
                           /    \
                          /      \
                         /\      /\
                        /  \____/  \
                       /\          /\
                      /  \________/  \
                     /       /\       \
                    /   ____/__\    ___\
                   /\   \      /   /    \
                  /  \___\    /___/___   \
                 /    \       \       \   \
                /___   \_______\____   \   \
               /   /   /            \   \   \
              /   /   /              \   \___\
             /    \  /                \  /   /\
            /___   \/                  \/   /  \
           /   /   /                    \   \   \
          /   /___/                      \   \   \
         /\       \                      /   /    \
        /  \____   \                    /   /___   \
       /\       \  /\                  /\  /    \  /\
      /  \    ___\/  \                /  \/      \/  \
     /   /   /\      /\              /   /   /\  /    \
    /   /___/__\    /  \____________/   /   /__\/   ___\
   /\       \      /        \   \       \  /   /    \   \
  /  \_______\____/_______   \   \_______\/   /______\   \
 /           /            \  /        \          /        \
/___________/______________\/__________\________/__________\

solution 10 (71,829,181 searches):
00,12,1 00,13,0 00,13,1 00,14,0 01,12,0 01,12,1 01,13,0 D7
12,00,0 12,00,1 12,01,1 13,00,0 13,00,1 13,01,0 14,00,0 G7
00,00,0 00,00,1 00,01,0 01,00,0 01,00,1 02,00,0 02,00,1 P7
00,11,1 00,12,0 01,11,0 01,11,1 02,11,0 02,11,1 02,12,0 C7
00,09,1 00,10,0 00,10,1 00,11,0 01,09,1 01,10,0 01,10,1 B7
00,08,0 00,08,1 00,09,0 01,06,1 01,07,0 01,07,1 01,08,0 U7
01,08,1 01,09,0 02,08,0 02,08,1 02,09,0 02,09,1 03,08,0 A7
00,06,0 00,06,1 00,07,0 00,07,1 01,05,0 01,05,1 01,06,0 Z7
00,04,1 00,05,0 00,05,1 01,04,0 01,04,1 02,03,1 02,04,0 S7
00,03,1 00,04,0 01,02,0 01,02,1 01,03,0 01,03,1 02,03,0 W7
00,01,1 00,02,0 00,02,1 00,03,0 01,01,0 01,01,1 02,01,0 V7
02,10,1 03,09,0 03,09,1 03,10,0 03,10,1 03,11,0 04,10,0 X7
03,08,1 04,08,0 04,08,1 05,07,1 05,08,0 06,06,1 06,07,0 R7
04,09,0 04,09,1 05,08,1 05,09,0 06,07,1 06,08,0 07,07,0 L7
03,00,0 03,00,1 04,00,0 04,00,1 05,00,0 05,00,1 06,00,0 I7
02,01,1 02,02,1 03,01,0 03,01,1 03,02,0 03,02,1 03,03,0 F7
04,01,0 04,01,1 04,02,0 05,01,0 05,01,1 06,00,1 06,01,0 Q7
06,01,1 07,00,0 07,00,1 07,01,0 08,00,0 08,00,1 09,00,0 H7
07,01,1 08,01,0 08,01,1 08,02,0 08,02,1 08,03,0 09,01,0 T7
09,00,1 10,00,0 10,00,1 10,01,0 10,01,1 11,00,0 11,00,1 Y7
09,01,1 09,02,0 09,02,1 09,03,0 09,03,1 10,02,1 10,03,0 J7
11,01,0 11,01,1 11,02,0 11,02,1 11,03,0 12,01,0 12,02,0 M7
07,05,1 07,06,0 07,06,1 08,03,1 08,04,0 08,04,1 08,05,0 N7
08,05,1 08,06,0 09,04,0 09,04,1 09,05,0 10,03,1 10,04,0 E7

                             /\
                            /  \
                           /    \
                          /      \
                         /\      /\
                        /  \____/  \
                       /\          /\
                      /  \________/  \
                     /       /\       \
                    /       /__\    ___\
                   /\  /\  /   /   /    \
                  /  \/  \/   /___/___   \
                 /    \       \       \   \
                /___   \_______\____   \   \
               /   /   /            \   \   \
              /   /   /              \   \___\
             /    \  /                \  /   /\
            /___   \/                  \/   /  \
           /   /   /                    \   \   \
          /   /___/                      \   \   \
         /\       \                      /   /    \
        /  \____   \                    /   /___   \
       /\       \  /\                  /\  /    \  /\
      /  \    ___\/  \                /  \/      \/  \
     /   /   /\      /\              /   /   /\  /    \
    /   /___/__\    /  \____________/   /   /__\/   ___\
   /\       \      /        \   \       \  /   /    \   \
  /  \_______\____/_______   \   \_______\/   /______\   \
 /           /            \  /        \          /        \
/___________/______________\/__________\________/__________\

User-requested solution limit reached.
10 solutions, 71,829,181 searches, duration 0:18:08.361347
