solving HeptiamondsHexagon4:

solution 1:
00,05,1 00,06,0 00,06,1 00,07,0 00,07,1 00,08,0 00,08,1 I7
01,04,1 01,05,0 02,03,1 02,04,0 03,03,0 03,03,1 04,03,0 R7
09,07,1 09,08,0 10,06,1 10,07,0 11,05,0 11,05,1 11,06,0 L7
10,03,1 11,02,0 11,02,1 11,03,0 11,03,1 11,04,0 11,04,1 E7
03,02,1 04,01,1 04,02,0 04,02,1 05,01,0 05,01,1 05,02,0 D7
05,00,1 05,02,1 06,00,0 06,00,1 06,01,0 06,01,1 06,02,0 C7
04,03,1 05,03,0 05,03,1 05,04,0 06,03,0 06,03,1 06,04,0 F7
07,00,0 07,00,1 07,01,0 08,00,0 08,00,1 08,01,0 09,00,0 M7
06,02,1 07,01,1 07,02,0 07,02,1 07,03,0 08,02,0 08,02,1 X7
05,04,1 05,05,0 05,05,1 05,06,0 05,06,1 06,05,1 06,06,0 J7
06,04,1 06,05,0 07,03,1 07,04,0 07,04,1 07,05,0 08,03,0 Y7
08,03,1 08,04,0 09,02,0 09,02,1 09,03,0 09,03,1 10,03,0 W7
10,01,0 10,01,1 10,02,0 10,02,1 11,00,1 11,01,0 11,01,1 B7
08,01,1 09,00,1 09,01,0 09,01,1 10,00,0 10,00,1 11,00,0 U7
05,09,1 06,09,0 06,09,1 07,08,1 07,09,0 08,08,0 08,08,1 N7
05,10,1 06,10,0 06,10,1 06,11,0 07,09,1 07,10,0 08,09,0 H7
03,11,1 04,10,1 04,11,0 04,11,1 05,10,0 05,11,0 05,11,1 G7
05,07,1 06,06,1 06,07,0 06,07,1 06,08,0 06,08,1 07,08,0 Q7
03,07,1 03,08,0 03,08,1 04,06,1 04,07,0 04,07,1 05,07,0 A7
00,09,0 00,09,1 00,10,0 00,10,1 01,08,0 01,08,1 01,09,0 Z7
01,09,1 01,10,0 01,10,1 02,08,0 02,08,1 02,09,0 02,10,0 S7
00,11,0 00,11,1 01,11,0 01,11,1 02,10,1 02,11,0 02,11,1 P7
02,09,1 03,09,0 03,09,1 03,10,0 03,10,1 03,11,0 04,09,0 T7
04,08,0 04,08,1 04,09,1 04,10,0 05,08,0 05,08,1 05,09,0 V7

            ________________________
           /           /\          /\
          /_______    /  \    ____/  \
         /   /    \  /   /\   \       \
        /   /   ___\/   /  \___\____   \
       /    \   \       \   \       \   \
      /___   \   \_______\   \____   \___\
     /   /   /   /   /       /    \      /\
    /   /___/___/   /_______/   ___\____/  \
   /   /        \       \      /        \   \
  /   /          \    ___\    /          \   \
 /   /            \  /    \  /            \   \
/   /              \/      \/              \   \
\  /\              /   /\  /\              /   /
 \/  \            /   /  \/  \            /___/
  \   \          /\  /\      /\          /   /
   \   \________/  \/  \    /  \________/   /
    \       \          /\   \       \      /
     \_______\________/  \___\    ___\    /
      \       \   \          /   /   /   /
       \       \   \    ____/___/   /___/
        \      /   /\  /\      /       /
         \____/   /  \/  \    /___    /
          \      /        \       \  /
           \____/__________\_______\/


solution 2:
00,05,1 00,06,0 00,06,1 00,07,0 00,07,1 00,08,0 00,08,1 I7
01,04,1 01,05,0 02,03,1 02,04,0 03,03,0 03,03,1 04,03,0 R7
09,07,1 09,08,0 10,06,1 10,07,0 11,05,0 11,05,1 11,06,0 L7
10,03,1 11,02,0 11,02,1 11,03,0 11,03,1 11,04,0 11,04,1 E7
03,02,1 04,01,1 04,02,0 04,02,1 05,01,0 05,01,1 05,02,0 D7
05,00,1 05,02,1 06,00,0 06,00,1 06,01,0 06,01,1 06,02,0 C7
04,03,1 05,03,0 05,03,1 05,04,0 06,03,0 06,03,1 06,04,0 F7
07,00,0 07,00,1 07,01,0 08,00,0 08,00,1 08,01,0 09,00,0 M7
06,02,1 07,01,1 07,02,0 07,02,1 07,03,0 08,02,0 08,02,1 X7
05,04,1 05,05,0 05,05,1 05,06,0 05,06,1 06,05,1 06,06,0 J7
06,04,1 06,05,0 07,03,1 07,04,0 07,04,1 07,05,0 08,03,0 Y7
08,03,1 08,04,0 09,02,0 09,02,1 09,03,0 09,03,1 10,03,0 W7
10,01,0 10,01,1 10,02,0 10,02,1 11,00,1 11,01,0 11,01,1 B7
08,01,1 09,00,1 09,01,0 09,01,1 10,00,0 10,00,1 11,00,0 U7
07,08,0 07,08,1 07,09,1 07,10,0 08,08,0 08,08,1 08,09,0 V7
05,07,0 05,07,1 05,08,1 06,06,1 06,07,0 06,07,1 06,08,0 A7
04,06,1 04,07,0 04,07,1 04,08,0 04,08,1 04,09,0 05,08,0 P7
05,11,0 05,11,1 06,09,1 06,10,0 06,10,1 06,11,0 07,09,0 S7
03,10,1 04,09,1 04,10,0 05,09,0 05,09,1 06,08,1 06,09,0 N7
03,11,0 03,11,1 04,10,1 04,11,0 04,11,1 05,10,0 05,10,1 Z7
00,09,0 00,09,1 00,10,0 00,10,1 00,11,0 01,09,0 01,09,1 G7
01,08,0 01,08,1 02,08,0 02,08,1 02,09,0 03,07,1 03,08,0 T7
01,10,0 01,10,1 02,09,1 02,10,0 03,08,1 03,09,0 03,09,1 Q7
00,11,1 01,11,0 01,11,1 02,10,1 02,11,0 02,11,1 03,10,0 H7

            ________________________
           /\          /       /    \
          /  \____    /___    /___   \
         /   /    \   \   \      /   /\
        /   /___   \___\   \____/   /  \
       /       /\      /\       \   \   \
      /_______/  \    /  \____   \___\   \
     /   /        \  /    \   \  /       /\
    /   /_______   \/   ___\   \/_______/  \
   /   /        \  /   /       /        \   \
  /   /          \/   /___    /          \   \
 /   /            \  /    \  /            \   \
/   /              \/      \/              \   \
\  /\              /   /\  /\              /   /
 \/  \            /   /  \/  \            /___/
  \   \          /\  /\      /\          /   /
   \   \________/  \/  \    /  \________/   /
    \       \          /\   \       \      /
     \_______\________/  \___\    ___\    /
      \       \   \          /   /   /   /
       \       \   \    ____/___/   /___/
        \      /   /\  /\      /       /
         \____/   /  \/  \    /___    /
          \      /        \       \  /
           \____/__________\_______\/


solution 3:
00,05,1 00,06,0 00,06,1 00,07,0 00,07,1 00,08,0 00,08,1 I7
01,04,1 01,05,0 02,03,1 02,04,0 03,03,0 03,03,1 04,03,0 R7
09,07,1 09,08,0 10,06,1 10,07,0 11,05,0 11,05,1 11,06,0 L7
10,03,1 11,02,0 11,02,1 11,03,0 11,03,1 11,04,0 11,04,1 E7
03,02,1 04,01,1 04,02,0 04,02,1 05,01,0 05,01,1 05,02,0 D7
05,00,1 05,02,1 06,00,0 06,00,1 06,01,0 06,01,1 06,02,0 C7
04,03,1 05,03,0 05,03,1 05,04,0 06,03,0 06,03,1 06,04,0 F7
07,00,0 07,00,1 07,01,0 08,00,0 08,00,1 08,01,0 09,00,0 M7
06,02,1 07,01,1 07,02,0 07,02,1 07,03,0 08,02,0 08,02,1 X7
05,04,1 05,05,0 05,05,1 05,06,0 05,06,1 06,05,1 06,06,0 J7
06,04,1 06,05,0 07,03,1 07,04,0 07,04,1 07,05,0 08,03,0 Y7
08,03,1 08,04,0 09,02,0 09,02,1 09,03,0 09,03,1 10,03,0 W7
10,01,0 10,01,1 10,02,0 10,02,1 11,00,1 11,01,0 11,01,1 B7
08,01,1 09,00,1 09,01,0 09,01,1 10,00,0 10,00,1 11,00,0 U7
07,08,0 07,08,1 07,09,1 07,10,0 08,08,0 08,08,1 08,09,0 V7
05,07,0 05,07,1 05,08,1 06,06,1 06,07,0 06,07,1 06,08,0 A7
04,06,1 04,07,0 04,07,1 04,08,0 04,08,1 04,09,0 05,08,0 P7
05,11,0 05,11,1 06,09,1 06,10,0 06,10,1 06,11,0 07,09,0 S7
03,10,1 04,09,1 04,10,0 05,09,0 05,09,1 06,08,1 06,09,0 N7
03,11,0 03,11,1 04,10,1 04,11,0 04,11,1 05,10,0 05,10,1 Z7
00,09,0 00,09,1 00,10,0 00,10,1 00,11,0 01,10,0 01,10,1 H7
00,11,1 01,11,0 01,11,1 02,10,0 02,10,1 02,11,0 02,11,1 G7
01,08,0 01,08,1 01,09,0 02,08,0 02,08,1 03,07,1 03,08,0 Q7
01,09,1 02,09,0 02,09,1 03,08,1 03,09,0 03,09,1 03,10,0 T7

            ________________________
           /\          /       /    \
          /  \____    /___    /___   \
         /       /   /\   \      /   /\
        /   ____/___/  \   \____/   /  \
       /   /\          /\       \   \   \
      /___/  \____    /  \____   \___\   \
     /   /        \  /    \   \  /       /\
    /   /_______   \/   ___\   \/_______/  \
   /   /        \  /   /       /        \   \
  /   /          \/   /___    /          \   \
 /   /            \  /    \  /            \   \
/   /              \/      \/              \   \
\  /\              /   /\  /\              /   /
 \/  \            /   /  \/  \            /___/
  \   \          /\  /\      /\          /   /
   \   \________/  \/  \    /  \________/   /
    \       \          /\   \       \      /
     \_______\________/  \___\    ___\    /
      \       \   \          /   /   /   /
       \       \   \    ____/___/   /___/
        \      /   /\  /\      /       /
         \____/   /  \/  \    /___    /
          \      /        \       \  /
           \____/__________\_______\/


solution 4:
00,05,1 00,06,0 00,06,1 00,07,0 00,07,1 00,08,0 00,08,1 I7
01,04,1 01,05,0 02,03,1 02,04,0 03,03,0 03,03,1 04,03,0 R7
09,07,1 09,08,0 10,06,1 10,07,0 11,05,0 11,05,1 11,06,0 L7
10,03,1 11,02,0 11,02,1 11,03,0 11,03,1 11,04,0 11,04,1 E7
03,02,1 04,01,1 04,02,0 04,02,1 05,01,0 05,01,1 05,02,0 D7
05,00,1 05,02,1 06,00,0 06,00,1 06,01,0 06,01,1 06,02,0 C7
04,03,1 05,03,0 05,03,1 05,04,0 06,03,0 06,03,1 06,04,0 F7
07,00,0 07,00,1 07,01,0 08,00,0 08,00,1 08,01,0 09,00,0 M7
06,02,1 07,01,1 07,02,0 07,02,1 07,03,0 08,02,0 08,02,1 X7
05,04,1 05,05,0 05,05,1 05,06,0 05,06,1 06,05,1 06,06,0 J7
06,04,1 06,05,0 07,03,1 07,04,0 07,04,1 07,05,0 08,03,0 Y7
08,03,1 08,04,0 09,02,0 09,02,1 09,03,0 09,03,1 10,03,0 W7
10,01,0 10,01,1 10,02,0 10,02,1 11,00,1 11,01,0 11,01,1 B7
08,01,1 09,00,1 09,01,0 09,01,1 10,00,0 10,00,1 11,00,0 U7
06,09,1 06,10,0 07,09,0 07,09,1 07,10,0 08,08,1 08,09,0 Z7
04,10,1 05,10,0 05,10,1 05,11,0 05,11,1 06,10,1 06,11,0 S7
05,09,0 05,09,1 06,08,1 06,09,0 07,08,0 07,08,1 08,08,0 N7
03,10,1 03,11,0 03,11,1 04,09,1 04,10,0 04,11,0 04,11,1 V7
05,07,0 05,07,1 05,08,1 06,06,1 06,07,0 06,07,1 06,08,0 A7
04,06,1 04,07,0 04,07,1 04,08,0 04,08,1 04,09,0 05,08,0 P7
00,09,0 00,09,1 00,10,0 00,10,1 00,11,0 01,09,0 01,09,1 G7
01,08,0 01,08,1 02,08,0 02,08,1 02,09,0 03,07,1 03,08,0 T7
01,10,0 01,10,1 02,09,1 02,10,0 03,08,1 03,09,0 03,09,1 Q7
00,11,1 01,11,0 01,11,1 02,10,1 02,11,0 02,11,1 03,10,0 H7

            ________________________
           /\          /       /    \
          /  \____    /   ____/      \
         /   /    \   \   \      /\  /\
        /   /___   \___\   \____/  \/  \
       /       /\      /\  /    \       \
      /_______/  \    /  \/___   \____   \
     /   /        \  /    \   \       \  /\
    /   /_______   \/   ___\   \_______\/  \
   /   /        \  /   /       /        \   \
  /   /          \/   /___    /          \   \
 /   /            \  /    \  /            \   \
/   /              \/      \/              \   \
\  /\              /   /\  /\              /   /
 \/  \            /   /  \/  \            /___/
  \   \          /\  /\      /\          /   /
   \   \________/  \/  \    /  \________/   /
    \       \          /\   \       \      /
     \_______\________/  \___\    ___\    /
      \       \   \          /   /   /   /
       \       \   \    ____/___/   /___/
        \      /   /\  /\      /       /
         \____/   /  \/  \    /___    /
          \      /        \       \  /
           \____/__________\_______\/


solution 5:
00,05,1 00,06,0 00,06,1 00,07,0 00,07,1 00,08,0 00,08,1 I7
01,04,1 01,05,0 02,03,1 02,04,0 03,03,0 03,03,1 04,03,0 R7
09,07,1 09,08,0 10,06,1 10,07,0 11,05,0 11,05,1 11,06,0 L7
10,03,1 11,02,0 11,02,1 11,03,0 11,03,1 11,04,0 11,04,1 E7
03,02,1 04,01,1 04,02,0 04,02,1 05,01,0 05,01,1 05,02,0 D7
05,00,1 05,02,1 06,00,0 06,00,1 06,01,0 06,01,1 06,02,0 C7
04,03,1 05,03,0 05,03,1 05,04,0 06,03,0 06,03,1 06,04,0 F7
07,00,0 07,00,1 07,01,0 08,00,0 08,00,1 08,01,0 09,00,0 M7
06,02,1 07,01,1 07,02,0 07,02,1 07,03,0 08,02,0 08,02,1 X7
05,04,1 05,05,0 05,05,1 05,06,0 05,06,1 06,05,1 06,06,0 J7
06,04,1 06,05,0 07,03,1 07,04,0 07,04,1 07,05,0 08,03,0 Y7
08,03,1 08,04,0 09,02,0 09,02,1 09,03,0 09,03,1 10,03,0 W7
10,01,0 10,01,1 10,02,0 10,02,1 11,00,1 11,01,0 11,01,1 B7
08,01,1 09,00,1 09,01,0 09,01,1 10,00,0 10,00,1 11,00,0 U7
06,09,1 06,10,0 07,09,0 07,09,1 07,10,0 08,08,1 08,09,0 Z7
04,10,1 05,10,0 05,10,1 05,11,0 05,11,1 06,10,1 06,11,0 S7
05,09,0 05,09,1 06,08,1 06,09,0 07,08,0 07,08,1 08,08,0 N7
03,10,1 03,11,0 03,11,1 04,09,1 04,10,0 04,11,0 04,11,1 V7
05,07,0 05,07,1 05,08,1 06,06,1 06,07,0 06,07,1 06,08,0 A7
04,06,1 04,07,0 04,07,1 04,08,0 04,08,1 04,09,0 05,08,0 P7
00,09,0 00,09,1 00,10,0 00,10,1 00,11,0 01,10,0 01,10,1 H7
00,11,1 01,11,0 01,11,1 02,10,0 02,10,1 02,11,0 02,11,1 G7
01,08,0 01,08,1 01,09,0 02,08,0 02,08,1 03,07,1 03,08,0 Q7
01,09,1 02,09,0 02,09,1 03,08,1 03,09,0 03,09,1 03,10,0 T7

            ________________________
           /\          /       /    \
          /  \____    /   ____/      \
         /       /   /\   \      /\  /\
        /   ____/___/  \   \____/  \/  \
       /   /\          /\  /    \       \
      /___/  \____    /  \/___   \____   \
     /   /        \  /    \   \       \  /\
    /   /_______   \/   ___\   \_______\/  \
   /   /        \  /   /       /        \   \
  /   /          \/   /___    /          \   \
 /   /            \  /    \  /            \   \
/   /              \/      \/              \   \
\  /\              /   /\  /\              /   /
 \/  \            /   /  \/  \            /___/
  \   \          /\  /\      /\          /   /
   \   \________/  \/  \    /  \________/   /
    \       \          /\   \       \      /
     \_______\________/  \___\    ___\    /
      \       \   \          /   /   /   /
       \       \   \    ____/___/   /___/
        \      /   /\  /\      /       /
         \____/   /  \/  \    /___    /
          \      /        \       \  /
           \____/__________\_______\/


solution 6:
00,05,1 00,06,0 00,06,1 00,07,0 00,07,1 00,08,0 00,08,1 I7
01,04,1 01,05,0 02,03,1 02,04,0 03,03,0 03,03,1 04,03,0 R7
09,07,1 09,08,0 10,06,1 10,07,0 11,05,0 11,05,1 11,06,0 L7
10,03,1 11,02,0 11,02,1 11,03,0 11,03,1 11,04,0 11,04,1 E7
03,02,1 04,01,1 04,02,0 04,02,1 05,01,0 05,01,1 05,02,0 D7
05,00,1 05,02,1 06,00,0 06,00,1 06,01,0 06,01,1 06,02,0 C7
04,03,1 05,03,0 05,03,1 05,04,0 06,03,0 06,03,1 06,04,0 F7
07,00,0 07,00,1 07,01,0 08,00,0 08,00,1 09,00,0 09,00,1 P7
05,04,1 05,05,0 05,05,1 05,06,0 05,06,1 06,05,1 06,06,0 J7
06,04,1 06,05,0 07,03,0 07,03,1 07,04,0 07,04,1 07,05,0 Y7
06,02,1 07,01,1 07,02,0 07,02,1 08,01,0 08,02,0 08,02,1 G7
08,01,1 09,01,0 09,01,1 09,02,0 10,00,0 10,00,1 10,01,0 A7
09,02,1 10,01,1 10,02,0 11,00,0 11,00,1 11,01,0 11,01,1 T7
08,03,0 08,03,1 08,04,0 09,03,0 09,03,1 10,02,1 10,03,0 Q7
06,09,1 06,10,0 07,09,0 07,09,1 08,08,0 08,08,1 08,09,0 S7
04,11,1 05,10,1 05,11,0 05,11,1 06,10,1 06,11,0 07,10,0 U7
05,09,1 06,07,1 06,08,0 06,08,1 06,09,0 07,08,0 07,08,1 W7
04,08,1 05,07,1 05,08,0 05,08,1 05,09,0 06,06,1 06,07,0 H7
03,07,1 03,08,0 04,06,1 04,07,0 04,07,1 04,08,0 05,07,0 B7
03,10,1 04,09,0 04,09,1 04,10,0 04,10,1 04,11,0 05,10,0 X7
01,10,1 02,10,0 02,10,1 02,11,0 02,11,1 03,11,0 03,11,1 N7
02,08,1 02,09,0 02,09,1 03,08,1 03,09,0 03,09,1 03,10,0 Z7
00,09,0 00,09,1 00,10,0 01,08,0 01,08,1 01,09,0 02,08,0 M7
00,10,1 00,11,0 00,11,1 01,09,1 01,10,0 01,11,0 01,11,1 V7

            ________________________
           /       /       /\       \
          /   ____/   ____/  \       \
         /\   \      /\       \  /\   \
        /  \   \____/  \    ___\/  \___\
       /    \  /       /   /\   \       \
      /___   \/       /___/  \   \____   \
     /   /    \  /\  /\      /       /   /\
    /   /______\/  \/  \    /   ____/___/  \
   /   /        \       \   \  /        \   \
  /   /          \    ___\   \/          \   \
 /   /            \  /    \  /            \   \
/   /              \/      \/              \   \
\  /\              /   /\  /\              /   /
 \/  \            /   /  \/  \            /___/
  \   \          /\  /\      /\          /   /
   \   \________/  \/  \    /  \________/   /
    \       \          /   /        \      /
     \_______\________/___/_______   \    /
      \       \   \          /\   \  /   /
       \       \   \    ____/  \   \/___/
        \      /   /\   \       \      /
         \____/   /  \___\____   \    /
          \      /           /   /   /
           \____/___________/___/___/


solution 7:
00,05,1 00,06,0 00,06,1 00,07,0 00,07,1 00,08,0 00,08,1 I7
01,04,1 01,05,0 02,03,1 02,04,0 03,03,0 03,03,1 04,03,0 R7
09,07,1 09,08,0 10,06,1 10,07,0 11,05,0 11,05,1 11,06,0 L7
10,03,1 11,02,0 11,02,1 11,03,0 11,03,1 11,04,0 11,04,1 E7
03,02,1 04,01,1 04,02,0 04,02,1 05,01,0 05,01,1 05,02,0 D7
05,00,1 05,02,1 06,00,0 06,00,1 06,01,0 06,01,1 06,02,0 C7
04,03,1 05,03,0 05,03,1 05,04,0 06,03,0 06,03,1 06,04,0 F7
07,00,0 07,00,1 07,01,0 08,00,0 08,00,1 09,00,0 09,00,1 P7
04,06,1 05,04,1 05,05,0 05,05,1 05,06,0 06,04,1 06,05,0 Y7
06,02,1 07,01,1 07,02,0 07,02,1 07,03,0 08,02,0 08,02,1 X7
08,01,0 08,01,1 09,01,0 09,01,1 10,00,0 10,00,1 10,01,0 J7
10,01,1 10,02,0 10,02,1 11,00,0 11,00,1 11,01,0 11,01,1 Z7
08,03,1 08,04,0 09,02,0 09,02,1 09,03,0 09,03,1 10,03,0 W7
06,05,1 06,06,0 07,03,1 07,04,0 07,04,1 07,05,0 08,03,0 N7
06,09,1 06,10,0 07,09,0 07,09,1 08,08,0 08,08,1 08,09,0 S7
04,11,1 05,10,1 05,11,0 05,11,1 06,10,1 06,11,0 07,10,0 U7
05,09,1 05,10,0 06,08,0 06,08,1 06,09,0 07,08,0 07,08,1 T7
05,06,1 05,07,0 05,07,1 05,08,0 06,06,1 06,07,0 06,07,1 B7
04,09,0 04,09,1 04,10,0 04,10,1 04,11,0 05,08,1 05,09,0 H7
02,11,0 02,11,1 03,09,1 03,10,0 03,10,1 03,11,0 03,11,1 G7
03,07,1 03,08,1 03,09,0 04,07,0 04,07,1 04,08,0 04,08,1 A7
00,10,1 00,11,0 00,11,1 01,09,1 01,10,0 01,11,0 01,11,1 V7
01,10,1 02,08,1 02,09,0 02,09,1 02,10,0 02,10,1 03,08,0 Q7
00,09,0 00,09,1 00,10,0 01,08,0 01,08,1 01,09,0 02,08,0 M7

            ________________________
           /       /       /\       \
          /   ____/___    /  \       \
         /\   \      /   /   /\  /\   \
        /  \   \    /   /   /  \/  \___\
       /    \  /   /\  /    \   \       \
      /___   \/   /  \/___   \   \____   \
     /   /    \   \      /\  /       /   /\
    /   /______\___\    /  \/_______/___/  \
   /   /        \      /       /        \   \
  /   /          \____/       /          \   \
 /   /            \   \  /\  /            \   \
/   /              \   \/  \/              \   \
\  /\              /    \   \              /   /
 \/  \            /      \   \            /___/
  \   \          /\  /\  /   /\          /   /
   \   \________/  \/  \/   /  \________/   /
    \       \          /\   \       \      /
     \_______\________/  \___\    ___\    /
      \       \   \          /   /   /   /
       \       \   \    ____/___/   /___/
        \      /   /\  /        \      /
         \____/   /  \/_______   \    /
          \      /           /   /   /
           \____/___________/___/___/


