solving HeptiamondsTrefoil1:

solution 1 (58,804 searches):
06,02,0 06,02,1 06,03,0 07,02,0 07,02,1 08,02,0 08,02,1 P7
06,01,1 07,00,1 07,01,0 07,01,1 08,00,0 08,00,1 08,01,0 D7
08,01,1 09,00,0 09,00,1 09,01,0 09,01,1 09,02,0 09,02,1 E7
06,03,1 06,04,0 06,04,1 06,05,0 07,03,0 07,04,0 07,04,1 A7
07,03,1 07,05,1 08,03,0 08,03,1 08,04,0 08,04,1 08,05,0 C7
09,03,0 09,03,1 09,04,0 09,04,1 09,05,0 09,05,1 09,06,0 I7
06,05,1 06,06,0 06,06,1 06,07,0 06,07,1 07,05,0 07,06,0 F7
07,06,1 07,07,0 08,05,1 08,06,0 08,06,1 08,07,0 08,07,1 G7
09,06,1 09,07,0 09,07,1 09,08,0 09,08,1 10,06,0 10,06,1 J7
10,07,0 10,07,1 10,08,0 11,06,0 11,06,1 11,07,0 12,06,0 M7
07,09,1 07,10,0 08,08,1 08,09,0 08,09,1 09,09,0 09,09,1 T7
06,08,0 06,08,1 07,07,1 07,08,0 07,08,1 07,09,0 08,08,0 X7
03,10,1 04,09,1 04,10,0 05,08,1 05,09,0 05,09,1 06,09,0 H7
05,10,0 05,10,1 05,11,0 06,09,1 06,10,0 06,10,1 06,11,0 B7
03,13,1 04,11,1 04,12,0 04,12,1 04,13,0 05,11,1 05,12,0 Y7
02,11,1 03,11,0 03,11,1 03,12,0 03,12,1 04,10,1 04,11,0 W7
01,13,1 01,14,0 01,14,1 02,14,0 02,14,1 02,15,0 03,14,0 Q7
00,13,1 00,14,0 00,14,1 00,15,0 00,15,1 01,15,0 01,15,1 R7
01,12,1 01,13,0 02,12,0 02,12,1 02,13,0 02,13,1 03,13,0 S7
10,08,1 10,09,0 10,09,1 11,07,1 11,08,0 11,09,0 11,09,1 V7
11,08,1 12,08,0 12,08,1 12,09,0 12,09,1 13,09,0 13,09,1 N7
12,06,1 12,07,0 13,06,0 13,06,1 14,06,0 14,06,1 15,06,0 L7
12,07,1 13,07,0 13,07,1 13,08,0 13,08,1 14,07,0 14,08,0 Z7
14,07,1 14,08,1 14,09,0 15,06,1 15,07,0 15,07,1 15,08,0 U7

    ________
   /       /\
  /   ____/  \
 /   /        \
/   /   _______\
\  /\  /    \   \
 \/  \/   ___\   \
  \      /   /    \
   \____/   /      \
    \       \  /\  /\
     \____   \/  \/  \
      \   \  /       /\
       \   \/___    /  \________________________
        \       \  /\          /       /       /\
         \    ___\/  \    ____/   ____/   ____/  \
          \  /        \  /   /\   \      /    \   \
           \/___    ___\/   /  \   \____/   ___\   \
           /   /\  /   /   /    \  /\       \      /
          /   /  \/   /   /___   \/  \_______\    /
         /    \      /\      /    \           \  /
        /   ___\    /  \____/______\___________\/
       /\   \   \  /   /
      /  \___\   \/   /
     /       /   /   /
    /   ____/   /   /
   /\   \      /   /
  /  \___\____/___/
 /           /   /
/___________/   /
\       \      /
 \       \    /
  \      /   /
   \____/___/

solution 2 (60,448 searches):
06,02,0 06,02,1 06,03,0 07,02,0 07,02,1 08,02,0 08,02,1 P7
06,01,1 07,00,1 07,01,0 07,01,1 08,00,0 08,00,1 08,01,0 D7
08,01,1 09,00,0 09,00,1 09,01,0 09,01,1 09,02,0 09,02,1 E7
06,03,1 06,04,0 06,04,1 06,05,0 07,03,0 07,04,0 07,04,1 A7
07,03,1 07,05,1 08,03,0 08,03,1 08,04,0 08,04,1 08,05,0 C7
09,03,0 09,03,1 09,04,0 09,04,1 09,05,0 09,05,1 09,06,0 I7
06,05,1 06,06,0 06,06,1 06,07,0 06,07,1 07,05,0 07,06,0 F7
07,06,1 07,07,0 08,05,1 08,06,0 08,06,1 08,07,0 08,07,1 G7
09,06,1 09,07,0 09,07,1 09,08,0 09,08,1 10,06,0 10,06,1 J7
10,07,0 10,07,1 10,08,0 11,06,0 11,06,1 11,07,0 12,06,0 M7
07,09,1 07,10,0 08,08,1 08,09,0 08,09,1 09,09,0 09,09,1 T7
06,08,0 06,08,1 07,07,1 07,08,0 07,08,1 07,09,0 08,08,0 X7
04,09,1 05,08,1 05,09,0 05,09,1 06,09,0 06,09,1 06,10,0 Q7
04,10,1 05,10,0 05,10,1 05,11,0 05,11,1 06,10,1 06,11,0 S7
02,11,1 02,12,0 03,10,1 03,11,0 03,11,1 03,12,0 04,10,0 Y7
03,12,1 03,13,0 04,11,0 04,11,1 04,12,0 04,12,1 05,12,0 W7
01,14,1 02,14,0 02,14,1 02,15,0 03,13,1 03,14,0 04,13,0 H7
01,12,1 01,13,0 01,13,1 01,14,0 02,12,1 02,13,0 02,13,1 B7
00,13,1 00,14,0 00,14,1 00,15,0 00,15,1 01,15,0 01,15,1 R7
10,08,1 10,09,0 10,09,1 11,07,1 11,08,0 11,09,0 11,09,1 V7
11,08,1 12,08,0 12,08,1 12,09,0 12,09,1 13,09,0 13,09,1 N7
12,06,1 12,07,0 13,06,0 13,06,1 14,06,0 14,06,1 15,06,0 L7
12,07,1 13,07,0 13,07,1 13,08,0 13,08,1 14,07,0 14,08,0 Z7
14,07,1 14,08,1 14,09,0 15,06,1 15,07,0 15,07,1 15,08,0 U7

    ________
   /       /\
  /   ____/  \
 /   /\       \
/   /  \____   \
\  /       /\   \
 \/       /  \___\
  \  /\  /\       \
   \/  \/  \    ___\
    \      /   /    \
     \    /___/      \
      \   \      /\  /\
       \___\____/  \/  \________________________
        \          /\          /       /       /\
         \    ____/  \    ____/   ____/   ____/  \
          \  /        \  /   /\   \      /    \   \
           \/___    ___\/   /  \   \____/   ___\   \
           /   /\  /   /   /    \  /\       \      /
          /   /  \/   /   /___   \/  \_______\    /
         /    \      /\      /    \           \  /
        /   ___\    /  \____/______\___________\/
       /\   \   \  /   /
      /  \___\   \/   /
     /       /   /   /
    /   ____/   /   /
   /\   \      /   /
  /  \___\____/___/
 /           /   /
/___________/   /
\       \      /
 \       \    /
  \      /   /
   \____/___/

solution 3 (87,880 searches):
06,02,0 06,02,1 06,03,0 07,02,0 07,02,1 08,02,0 08,02,1 P7
06,01,1 07,00,1 07,01,0 07,01,1 08,00,0 08,00,1 08,01,0 D7
08,01,1 09,00,0 09,00,1 09,01,0 09,01,1 09,02,0 09,02,1 E7
06,03,1 06,04,0 06,04,1 06,05,0 07,03,0 07,04,0 07,04,1 A7
07,03,1 07,05,1 08,03,0 08,03,1 08,04,0 08,04,1 08,05,0 C7
09,03,0 09,03,1 09,04,0 09,04,1 09,05,0 09,05,1 09,06,0 I7
06,05,1 06,06,0 06,06,1 06,07,0 06,07,1 07,05,0 07,06,0 F7
07,06,1 07,07,0 08,05,1 08,06,0 08,06,1 08,07,0 08,07,1 G7
09,06,1 09,07,0 09,07,1 09,08,0 09,08,1 10,06,0 10,06,1 J7
10,07,0 10,07,1 10,08,0 10,08,1 11,06,0 11,06,1 11,07,0 Z7
07,08,1 08,08,0 08,08,1 08,09,0 08,09,1 09,09,0 09,09,1 N7
10,09,0 10,09,1 11,08,0 11,08,1 11,09,0 11,09,1 12,08,0 B7
05,08,1 06,08,0 06,08,1 06,09,0 06,09,1 07,07,1 07,08,0 W7
05,11,1 05,12,0 06,10,1 06,11,0 07,09,0 07,09,1 07,10,0 L7
11,07,1 12,06,0 12,06,1 12,07,0 13,06,0 13,06,1 14,06,0 H7
12,07,1 12,08,1 13,07,0 13,07,1 13,08,0 14,06,1 14,07,0 Y7
12,09,0 12,09,1 13,09,0 13,09,1 14,08,1 14,09,0 15,08,0 R7
13,08,1 14,07,1 14,08,0 15,06,0 15,06,1 15,07,0 15,07,1 T7
03,11,1 04,09,1 04,10,0 04,10,1 04,11,0 05,09,0 05,09,1 S7
04,11,1 04,12,0 04,12,1 05,10,0 05,10,1 05,11,0 06,10,0 Q7
02,11,1 02,12,0 02,12,1 03,10,1 03,11,0 03,12,0 03,12,1 V7
00,13,1 01,12,1 01,13,0 01,13,1 01,14,0 02,13,0 02,13,1 X7
02,14,0 02,14,1 02,15,0 03,13,0 03,13,1 03,14,0 04,13,0 M7
00,14,0 00,14,1 00,15,0 00,15,1 01,14,1 01,15,0 01,15,1 U7

    ________
   /       /\
  /       /  \
 /   /\  /    \
/___/  \/___   \
\          /    \
 \    ____/______\
  \  /       /   /\
   \/   ____/   /  \
    \   \   \   \   \
     \   \   \   \   \
      \  /   /    \   \
       \/   /______\   \________________________
        \      /   /   /       /       /        \
         \____/   /___/   ____/___    /_______   \
          \       \      /   /   /    \   \   \   \
           \____   \____/   /   /______\   \   \___\
           /   /\  /   /   /    \   \       \      /
          /   /  \/   /   /___   \   \____   \    /
         /    \      /\      /   /        \  /   /
        /   ___\    /  \____/___/__________\/___/
       /\   \   \  /   /
      /  \___\   \/   /
     /       /   /   /
    /   ____/   /   /
   /\   \      /   /
  /  \___\____/___/
 /           /   /
/___________/   /
\       \      /
 \       \    /
  \      /   /
   \____/___/

solution 4 (87,909 searches):
06,02,0 06,02,1 06,03,0 07,02,0 07,02,1 08,02,0 08,02,1 P7
06,01,1 07,00,1 07,01,0 07,01,1 08,00,0 08,00,1 08,01,0 D7
08,01,1 09,00,0 09,00,1 09,01,0 09,01,1 09,02,0 09,02,1 E7
06,03,1 06,04,0 06,04,1 06,05,0 07,03,0 07,04,0 07,04,1 A7
07,03,1 07,05,1 08,03,0 08,03,1 08,04,0 08,04,1 08,05,0 C7
09,03,0 09,03,1 09,04,0 09,04,1 09,05,0 09,05,1 09,06,0 I7
06,05,1 06,06,0 06,06,1 06,07,0 06,07,1 07,05,0 07,06,0 F7
07,06,1 07,07,0 08,05,1 08,06,0 08,06,1 08,07,0 08,07,1 G7
09,06,1 09,07,0 09,07,1 09,08,0 09,08,1 10,06,0 10,06,1 J7
10,07,0 10,07,1 10,08,0 10,08,1 11,06,0 11,06,1 11,07,0 Z7
07,08,1 08,08,0 08,08,1 08,09,0 08,09,1 09,09,0 09,09,1 N7
10,09,0 10,09,1 11,08,0 11,08,1 11,09,0 11,09,1 12,08,0 B7
05,08,1 06,08,0 06,08,1 06,09,0 06,09,1 07,07,1 07,08,0 W7
05,11,1 05,12,0 06,10,1 06,11,0 07,09,0 07,09,1 07,10,0 L7
11,07,1 12,06,0 12,06,1 12,07,0 13,06,0 13,06,1 14,06,0 H7
12,07,1 12,08,1 13,07,0 13,07,1 13,08,0 14,06,1 14,07,0 Y7
12,09,0 12,09,1 13,08,1 13,09,0 13,09,1 14,07,1 14,08,0 T7
14,08,1 14,09,0 15,06,0 15,06,1 15,07,0 15,07,1 15,08,0 R7
03,11,1 04,09,1 04,10,0 04,10,1 04,11,0 05,09,0 05,09,1 S7
04,11,1 04,12,0 04,12,1 05,10,0 05,10,1 05,11,0 06,10,0 Q7
02,11,1 02,12,0 02,12,1 03,10,1 03,11,0 03,12,0 03,12,1 V7
00,13,1 01,12,1 01,13,0 01,13,1 01,14,0 02,13,0 02,13,1 X7
02,14,0 02,14,1 02,15,0 03,13,0 03,13,1 03,14,0 04,13,0 M7
00,14,0 00,14,1 00,15,0 00,15,1 01,14,1 01,15,0 01,15,1 U7

    ________
   /       /\
  /       /  \
 /   /\  /    \
/___/  \/___   \
\          /    \
 \    ____/______\
  \  /       /   /\
   \/   ____/   /  \
    \   \   \   \   \
     \   \   \   \   \
      \  /   /    \   \
       \/   /______\   \________________________
        \      /   /   /       /       /       /\
         \____/   /___/   ____/___    /___    /  \
          \       \      /   /   /    \   \   \   \
           \____   \____/   /   /______\   \   \   \
           /   /\  /   /   /    \   \       \  /   /
          /   /  \/   /   /___   \   \____   \/   /
         /    \      /\      /   /        \  /   /
        /   ___\    /  \____/___/__________\/___/
       /\   \   \  /   /
      /  \___\   \/   /
     /       /   /   /
    /   ____/   /   /
   /\   \      /   /
  /  \___\____/___/
 /           /   /
/___________/   /
\       \      /
 \       \    /
  \      /   /
   \____/___/

solution 5 (88,035 searches):
06,02,0 06,02,1 06,03,0 07,02,0 07,02,1 08,02,0 08,02,1 P7
06,01,1 07,00,1 07,01,0 07,01,1 08,00,0 08,00,1 08,01,0 D7
08,01,1 09,00,0 09,00,1 09,01,0 09,01,1 09,02,0 09,02,1 E7
06,03,1 06,04,0 06,04,1 06,05,0 07,03,0 07,04,0 07,04,1 A7
07,03,1 07,05,1 08,03,0 08,03,1 08,04,0 08,04,1 08,05,0 C7
09,03,0 09,03,1 09,04,0 09,04,1 09,05,0 09,05,1 09,06,0 I7
06,05,1 06,06,0 06,06,1 06,07,0 06,07,1 07,05,0 07,06,0 F7
07,06,1 07,07,0 08,05,1 08,06,0 08,06,1 08,07,0 08,07,1 G7
09,06,1 09,07,0 09,07,1 09,08,0 09,08,1 10,06,0 10,06,1 J7
10,07,0 10,07,1 10,08,0 10,08,1 11,06,0 11,06,1 11,07,0 Z7
07,08,1 08,08,0 08,08,1 08,09,0 08,09,1 09,09,0 09,09,1 N7
10,09,0 10,09,1 11,08,1 11,09,0 12,07,1 12,08,0 13,07,0 L7
11,07,1 11,08,0 12,06,0 12,06,1 12,07,0 13,06,0 13,06,1 T7
05,08,1 05,09,0 05,09,1 06,08,0 06,08,1 07,07,1 07,08,0 S7
06,09,0 06,09,1 06,10,1 06,11,0 07,09,0 07,09,1 07,10,0 V7
11,09,1 12,08,1 12,09,0 12,09,1 13,08,1 13,09,0 13,09,1 M7
13,07,1 13,08,0 14,06,0 14,06,1 14,07,0 14,07,1 15,06,0 X7
14,08,0 14,08,1 14,09,0 15,06,1 15,07,0 15,07,1 15,08,0 U7
04,09,1 04,10,0 04,10,1 05,10,0 05,10,1 05,11,0 06,10,0 Q7
03,12,1 03,13,1 04,12,0 04,12,1 04,13,0 05,11,1 05,12,0 Y7
02,12,1 03,10,1 03,11,0 03,11,1 03,12,0 04,11,0 04,11,1 W7
00,13,1 01,12,1 01,13,0 01,13,1 01,14,0 02,11,1 02,12,0 H7
00,14,0 00,14,1 00,15,0 00,15,1 01,15,0 01,15,1 02,15,0 R7
01,14,1 02,13,0 02,13,1 02,14,0 02,14,1 03,13,0 03,14,0 B7

    ________
   /        \
  /   _______\
 /   /\       \
/___/  \    ___\
\      /    \   \
 \    /______\   \
  \   \   \       \
   \   \   \____   \
    \  /       /\  /\
     \/   ____/  \/  \
      \  /        \   \
       \/   _______\   \________________________
        \  /   /       /       /    \          /\
         \/   /_______/   ____/___   \        /  \
          \       \      /   /   /\   \  /\  /    \
           \____   \____/   /   /  \   \/  \/___   \
           /   /\  /   /   /    \   \   \      /   /
          /   /  \/   /   /___   \   \___\    /   /
         /    \      /\      /   /       /    \  /
        /   ___\    /  \____/___/_______/______\/
       /\   \   \  /   /
      /  \___\   \/   /
     /       /   /   /
    /   ____/   /   /
   /\   \      /   /
  /  \___\____/___/
 /           /   /
/___________/   /
\       \      /
 \       \    /
  \      /   /
   \____/___/

solution 6 (88,223 searches):
06,02,0 06,02,1 06,03,0 07,02,0 07,02,1 08,02,0 08,02,1 P7
06,01,1 07,00,1 07,01,0 07,01,1 08,00,0 08,00,1 08,01,0 D7
08,01,1 09,00,0 09,00,1 09,01,0 09,01,1 09,02,0 09,02,1 E7
06,03,1 06,04,0 06,04,1 06,05,0 07,03,0 07,04,0 07,04,1 A7
07,03,1 07,05,1 08,03,0 08,03,1 08,04,0 08,04,1 08,05,0 C7
09,03,0 09,03,1 09,04,0 09,04,1 09,05,0 09,05,1 09,06,0 I7
06,05,1 06,06,0 06,06,1 06,07,0 06,07,1 07,05,0 07,06,0 F7
07,06,1 07,07,0 08,05,1 08,06,0 08,06,1 08,07,0 08,07,1 G7
09,06,1 09,07,0 09,07,1 09,08,0 09,08,1 10,06,0 10,06,1 J7
10,07,0 10,07,1 10,08,0 10,08,1 11,06,0 11,06,1 11,07,0 Z7
07,08,1 08,08,0 08,08,1 08,09,0 08,09,1 09,09,0 09,09,1 N7
10,09,0 10,09,1 11,08,1 11,09,0 12,07,1 12,08,0 12,08,1 Q7
11,07,1 11,08,0 12,06,0 12,06,1 12,07,0 13,06,0 13,06,1 T7
11,09,1 12,09,0 12,09,1 13,08,1 13,09,0 13,09,1 14,08,0 H7
14,07,1 14,08,1 14,09,0 15,06,1 15,07,0 15,07,1 15,08,0 U7
13,07,0 13,07,1 13,08,0 14,06,0 14,06,1 14,07,0 15,06,0 M7
05,08,1 06,08,0 06,08,1 06,09,0 06,09,1 07,07,1 07,08,0 W7
05,11,1 05,12,0 06,10,1 06,11,0 07,09,0 07,09,1 07,10,0 L7
04,09,1 04,10,0 05,09,0 05,09,1 05,10,0 05,10,1 06,10,0 S7
02,11,1 03,10,1 03,11,0 03,11,1 03,12,0 04,10,1 04,11,0 B7
03,12,1 03,13,0 04,11,1 04,12,0 04,12,1 04,13,0 05,11,0 Y7
00,15,1 01,15,0 01,15,1 02,14,1 02,15,0 03,13,1 03,14,0 R7
00,13,1 01,12,1 01,13,0 02,12,0 02,12,1 02,13,0 02,13,1 V7
00,14,0 00,14,1 00,15,0 01,13,1 01,14,0 01,14,1 02,14,0 X7

    ________
   /\       \
  /  \____   \
 /        \   \
/___    ___\   \
\   \  /   /\  /\
 \   \/   /  \/  \
  \      /\      /\
   \____/  \    /  \
    \       \   \   \
     \       \___\   \
      \  /\  /    \   \
       \/  \/   ___\   \________________________
        \      /   /   /       /    \          /\
         \____/   /___/   ____/___   \____    /  \
          \       \      /   /   /\      /\   \   \
           \____   \____/   /   /  \    /  \___\   \
           /   /\  /   /   /    \   \  /    \      /
          /   /  \/   /   /___   \   \/___   \    /
         /    \      /\      /   /       /    \  /
        /   ___\    /  \____/___/_______/______\/
       /\   \   \  /   /
      /  \___\   \/   /
     /       /   /   /
    /   ____/   /   /
   /\   \      /   /
  /  \___\____/___/
 /           /   /
/___________/   /
\       \      /
 \       \    /
  \      /   /
   \____/___/

solution 7 (89,525 searches):
06,02,0 06,02,1 06,03,0 07,02,0 07,02,1 08,02,0 08,02,1 P7
06,01,1 07,00,1 07,01,0 07,01,1 08,00,0 08,00,1 08,01,0 D7
08,01,1 09,00,0 09,00,1 09,01,0 09,01,1 09,02,0 09,02,1 E7
06,03,1 06,04,0 06,04,1 06,05,0 07,03,0 07,04,0 07,04,1 A7
07,03,1 07,05,1 08,03,0 08,03,1 08,04,0 08,04,1 08,05,0 C7
09,03,0 09,03,1 09,04,0 09,04,1 09,05,0 09,05,1 09,06,0 I7
06,05,1 06,06,0 06,06,1 06,07,0 06,07,1 07,05,0 07,06,0 F7
07,06,1 07,07,0 08,05,1 08,06,0 08,06,1 08,07,0 08,07,1 G7
09,06,1 09,07,0 09,07,1 09,08,0 09,08,1 10,06,0 10,06,1 J7
10,07,0 10,07,1 10,08,0 10,08,1 11,06,0 11,06,1 11,07,0 Z7
07,08,1 08,08,0 08,08,1 08,09,0 08,09,1 09,09,0 09,09,1 N7
10,09,0 10,09,1 11,08,1 11,09,0 11,09,1 12,08,0 12,09,0 Y7
11,07,1 11,08,0 12,06,0 12,06,1 12,07,0 12,07,1 13,07,0 W7
13,06,0 13,06,1 14,06,0 14,06,1 14,07,0 14,07,1 15,06,0 H7
13,09,1 14,08,1 14,09,0 15,06,1 15,07,0 15,07,1 15,08,0 R7
12,08,1 12,09,1 13,07,1 13,08,0 13,08,1 13,09,0 14,08,0 B7
05,08,1 05,09,0 05,09,1 06,08,0 06,08,1 07,07,1 07,08,0 S7
06,09,0 06,09,1 06,10,1 06,11,0 07,09,0 07,09,1 07,10,0 V7
04,09,1 04,10,0 04,10,1 05,10,0 05,10,1 05,11,0 06,10,0 Q7
02,12,1 03,12,0 03,12,1 04,12,0 04,12,1 05,11,1 05,12,0 L7
02,11,1 02,12,0 03,10,1 03,11,0 03,11,1 04,11,0 04,11,1 T7
00,13,1 01,12,1 01,13,0 01,13,1 01,14,0 02,13,0 02,13,1 X7
02,14,0 02,14,1 02,15,0 03,13,0 03,13,1 03,14,0 04,13,0 M7
00,14,0 00,14,1 00,15,0 00,15,1 01,14,1 01,15,0 01,15,1 U7

    ________
   /       /\
  /       /  \
 /   /\  /    \
/___/  \/___   \
\          /    \
 \    ____/______\
  \  /\           \
   \/  \________   \
    \          /\  /\
     \    ____/  \/  \
      \  /        \   \
       \/   _______\   \________________________
        \  /   /       /       /        \   \   \
         \/   /_______/   ____/___    ___\   \   \
          \       \      /   /   /\   \       \   \
           \____   \____/   /   /  \___\    ___\   \
           /   /\  /   /   /    \       \  /   /   /
          /   /  \/   /   /___   \    ___\/   /   /
         /    \      /\      /   /   /        \  /
        /   ___\    /  \____/___/___/__________\/
       /\   \   \  /   /
      /  \___\   \/   /
     /       /   /   /
    /   ____/   /   /
   /\   \      /   /
  /  \___\____/___/
 /           /   /
/___________/   /
\       \      /
 \       \    /
  \      /   /
   \____/___/

solution 8 (95,989 searches):
06,02,0 06,02,1 06,03,0 07,02,0 07,02,1 08,02,0 08,02,1 P7
06,01,1 07,00,1 07,01,0 07,01,1 08,00,0 08,00,1 08,01,0 D7
08,01,1 09,00,0 09,00,1 09,01,0 09,01,1 09,02,0 09,02,1 E7
06,03,1 06,04,0 06,04,1 06,05,0 07,03,0 07,04,0 07,04,1 A7
07,03,1 07,05,1 08,03,0 08,03,1 08,04,0 08,04,1 08,05,0 C7
09,03,0 09,03,1 09,04,0 09,04,1 09,05,0 09,05,1 09,06,0 I7
06,05,1 06,06,0 06,06,1 06,07,0 06,07,1 07,05,0 07,06,0 F7
07,06,1 07,07,0 08,05,1 08,06,0 08,06,1 08,07,0 08,07,1 G7
09,06,1 09,07,0 09,07,1 09,08,0 09,08,1 10,06,0 10,06,1 J7
10,07,0 10,07,1 10,08,0 10,08,1 11,06,0 11,06,1 11,07,0 Z7
07,09,1 07,10,0 08,08,1 08,09,0 08,09,1 09,09,0 09,09,1 T7
10,09,0 10,09,1 11,07,1 11,08,0 11,08,1 11,09,0 12,07,0 S7
12,06,0 12,06,1 12,07,1 13,06,0 13,06,1 13,07,0 13,07,1 U7
14,06,0 14,06,1 15,06,0 15,06,1 15,07,0 15,07,1 15,08,0 R7
13,08,0 13,08,1 14,07,0 14,07,1 14,08,0 14,08,1 14,09,0 Y7
11,09,1 12,08,0 12,08,1 12,09,0 12,09,1 13,09,0 13,09,1 H7
06,08,0 06,08,1 06,09,0 07,07,1 07,08,0 07,08,1 08,08,0 X7
05,10,0 05,10,1 06,09,1 06,10,0 06,10,1 06,11,0 07,09,0 W7
03,10,1 04,09,1 04,10,0 04,10,1 05,08,1 05,09,0 05,09,1 M7
04,11,0 04,11,1 04,12,1 04,13,0 05,11,0 05,11,1 05,12,0 V7
01,13,1 02,12,1 02,13,0 02,13,1 03,11,0 03,11,1 03,12,0 Q7
00,13,1 00,14,0 00,14,1 01,12,1 01,13,0 02,11,1 02,12,0 L7
02,14,1 02,15,0 03,12,1 03,13,0 03,13,1 03,14,0 04,12,0 N7
00,15,0 00,15,1 01,14,0 01,14,1 01,15,0 01,15,1 02,14,0 B7

    ________
   /       /\
  /___    /  \
 /   /    \   \
/   /______\   \
\   \      /   /\
 \   \    /   /  \
  \   \   \   \   \
   \   \   \___\   \
    \  /   /       /\
     \/___/_______/  \
      \      /       /\
       \    /___    /  \________________________
        \      /\   \          /    \          /\
         \    /  \___\    ____/___   \    ____/  \
          \  /        \  /   /   /   /   /       /\
           \/___    ___\/   /   /   /___/___    /  \
           /   /\  /   /   /    \   \      /   /   /
          /   /  \/   /   /___   \___\    /___/   /
         /    \      /\      /   /       /       /
        /   ___\    /  \____/___/_______/_______/
       /\   \   \  /   /
      /  \___\   \/   /
     /       /   /   /
    /   ____/   /   /
   /\   \      /   /
  /  \___\____/___/
 /           /   /
/___________/   /
\       \      /
 \       \    /
  \      /   /
   \____/___/

solution 9 (106,119 searches):
06,02,0 06,02,1 06,03,0 07,02,0 07,02,1 08,02,0 08,02,1 P7
06,01,1 07,00,1 07,01,0 07,01,1 08,00,0 08,00,1 08,01,0 D7
08,01,1 09,00,0 09,00,1 09,01,0 09,01,1 09,02,0 09,02,1 E7
06,03,1 06,04,0 06,04,1 06,05,0 07,03,0 07,04,0 07,04,1 A7
07,03,1 07,05,1 08,03,0 08,03,1 08,04,0 08,04,1 08,05,0 C7
09,03,0 09,03,1 09,04,0 09,04,1 09,05,0 09,05,1 09,06,0 I7
06,05,1 06,06,0 06,06,1 06,07,0 06,07,1 07,05,0 07,06,0 F7
07,06,1 07,07,0 08,05,1 08,06,0 08,06,1 08,07,0 08,07,1 G7
09,06,1 09,07,0 09,07,1 09,08,0 09,08,1 10,06,0 10,06,1 J7
10,07,0 10,07,1 11,06,0 11,06,1 11,07,0 12,06,0 12,06,1 Z7
10,08,0 10,08,1 10,09,0 10,09,1 11,07,1 11,08,0 12,07,0 T7
07,08,1 08,08,0 08,08,1 08,09,0 08,09,1 09,09,0 09,09,1 N7
05,08,1 05,09,0 05,09,1 06,08,0 06,08,1 07,07,1 07,08,0 S7
06,09,0 06,09,1 06,10,1 06,11,0 07,09,0 07,09,1 07,10,0 V7
11,08,1 11,09,0 12,07,1 12,08,0 13,06,0 13,06,1 13,07,0 L7
11,09,1 12,08,1 12,09,0 12,09,1 13,08,1 13,09,0 13,09,1 M7
13,07,1 13,08,0 14,06,0 14,06,1 14,07,0 14,07,1 15,06,0 X7
14,08,0 14,08,1 14,09,0 15,06,1 15,07,0 15,07,1 15,08,0 U7
04,09,1 04,10,0 04,10,1 05,10,0 05,10,1 05,11,0 06,10,0 Q7
03,12,1 03,13,1 04,12,0 04,12,1 04,13,0 05,11,1 05,12,0 Y7
02,12,1 03,10,1 03,11,0 03,11,1 03,12,0 04,11,0 04,11,1 W7
00,13,1 01,12,1 01,13,0 01,13,1 01,14,0 02,11,1 02,12,0 H7
00,14,0 00,14,1 00,15,0 00,15,1 01,15,0 01,15,1 02,15,0 R7
01,14,1 02,13,0 02,13,1 02,14,0 02,14,1 03,13,0 03,14,0 B7

    ________
   /        \
  /   _______\
 /   /\       \
/___/  \    ___\
\      /    \   \
 \    /______\   \
  \   \   \       \
   \   \   \____   \
    \  /       /\  /\
     \/   ____/  \/  \
      \  /        \   \
       \/   _______\   \________________________
        \  /   /       /       /   /\          /\
         \/   /_______/   ____/   /  \        /  \
          \       \      /   /    \   \  /\  /    \
           \____   \____/   /___   \   \/  \/___   \
           /   /\  /   /   /    \   \   \      /   /
          /   /  \/   /   /___   \___\   \    /   /
         /    \      /\      /       /   /    \  /
        /   ___\    /  \____/_______/___/______\/
       /\   \   \  /   /
      /  \___\   \/   /
     /       /   /   /
    /   ____/   /   /
   /\   \      /   /
  /  \___\____/___/
 /           /   /
/___________/   /
\       \      /
 \       \    /
  \      /   /
   \____/___/

solution 10 (139,854 searches):
06,02,0 06,02,1 06,03,0 07,02,0 07,02,1 08,02,0 08,02,1 P7
06,01,1 07,00,1 07,01,0 07,01,1 08,00,0 08,00,1 08,01,0 D7
08,01,1 09,00,0 09,00,1 09,01,0 09,01,1 09,02,0 09,02,1 E7
06,03,1 06,04,0 06,04,1 06,05,0 07,03,0 07,04,0 07,04,1 A7
07,03,1 07,05,1 08,03,0 08,03,1 08,04,0 08,04,1 08,05,0 C7
09,03,0 09,03,1 09,04,0 09,04,1 09,05,0 09,05,1 09,06,0 I7
06,05,1 06,06,0 06,06,1 06,07,0 06,07,1 07,05,0 07,06,0 F7
07,06,1 07,07,0 08,05,1 08,06,0 08,06,1 08,07,0 08,07,1 G7
09,06,1 09,07,0 09,07,1 09,08,0 09,08,1 10,07,1 10,08,0 J7
10,06,0 10,06,1 10,07,0 11,06,0 11,06,1 11,07,0 12,06,0 M7
07,09,1 07,10,0 08,08,1 08,09,0 08,09,1 09,09,0 09,09,1 T7
06,08,0 06,08,1 07,07,1 07,08,0 07,08,1 07,09,0 08,08,0 X7
03,10,1 04,09,1 04,10,0 05,08,1 05,09,0 05,09,1 06,09,0 H7
05,10,0 05,10,1 05,11,0 06,09,1 06,10,0 06,10,1 06,11,0 B7
03,13,1 04,11,1 04,12,0 04,12,1 04,13,0 05,11,1 05,12,0 Y7
02,11,1 03,11,0 03,11,1 03,12,0 03,12,1 04,10,1 04,11,0 W7
01,13,1 01,14,0 01,14,1 02,14,0 02,14,1 02,15,0 03,14,0 Q7
00,13,1 00,14,0 00,14,1 00,15,0 00,15,1 01,15,0 01,15,1 R7
01,12,1 01,13,0 02,12,0 02,12,1 02,13,0 02,13,1 03,13,0 S7
10,08,1 10,09,0 10,09,1 11,07,1 11,08,0 11,09,0 11,09,1 V7
11,08,1 12,08,0 12,08,1 12,09,0 12,09,1 13,09,0 13,09,1 N7
12,06,1 12,07,0 13,06,0 13,06,1 14,06,0 14,06,1 15,06,0 L7
12,07,1 13,07,0 13,07,1 13,08,0 13,08,1 14,07,0 14,08,0 Z7
14,07,1 14,08,1 14,09,0 15,06,1 15,07,0 15,07,1 15,08,0 U7

    ________
   /       /\
  /   ____/  \
 /   /        \
/   /   _______\
\  /\  /    \   \
 \/  \/   ___\   \
  \      /   /    \
   \____/   /      \
    \       \  /\  /\
     \____   \/  \/  \
      \   \  /       /\
       \   \/___    /  \________________________
        \       \  /\          /       /       /\
         \    ___\/  \    ____/   ____/   ____/  \
          \  /        \  /    \   \      /    \   \
           \/___    ___\/      \   \____/   ___\   \
           /   /\  /   /   /\  /\  /\       \      /
          /   /  \/   /   /  \/  \/  \_______\    /
         /    \      /\  /        \           \  /
        /   ___\    /  \/__________\___________\/
       /\   \   \  /   /
      /  \___\   \/   /
     /       /   /   /
    /   ____/   /   /
   /\   \      /   /
  /  \___\____/___/
 /           /   /
/___________/   /
\       \      /
 \       \    /
  \      /   /
   \____/___/

User-requested solution limit reached.
10 solutions, 139,854 searches, duration 0:04:05.200854
