solving HeptiamondsShortHexRing:

solution 1:
0,1,1 0,2,0 0,2,1 0,3,0 1,1,0 1,2,0 1,2,1 A7
1,0,1 1,1,1 2,0,0 2,0,1 2,1,0 2,1,1 3,0,0 B7
0,3,1 0,4,0 0,4,1 0,5,0 0,5,1 1,3,0 1,5,0 C7
0,6,0 0,6,1 0,7,0 0,7,1 1,6,0 1,6,1 1,7,0 D7
1,5,1 2,4,0 2,4,1 2,5,0 2,5,1 2,6,0 2,6,1 E7
1,3,1 1,4,0 1,4,1 2,2,0 2,2,1 2,3,0 3,2,0 Q7
2,3,1 3,3,0 3,3,1 3,4,0 4,2,1 4,3,0 5,2,0 H7
3,1,0 3,1,1 3,2,1 4,1,0 4,1,1 4,2,0 5,1,0 G7
3,0,1 4,0,0 4,0,1 5,0,0 5,0,1 6,0,0 6,0,1 I7
5,1,1 6,1,0 6,1,1 7,0,0 7,0,1 7,1,0 8,0,0 U7
5,2,1 6,2,0 6,2,1 7,2,0 7,2,1 8,1,1 8,2,0 L7
7,1,1 8,0,1 8,1,0 9,0,0 9,0,1 9,1,0 9,1,1 V7
0,8,0 0,8,1 1,7,1 1,8,0 2,7,0 2,7,1 3,7,0 N7
0,9,0 0,9,1 1,8,1 1,9,0 1,9,1 2,8,0 2,9,0 Y7
2,8,1 2,9,1 3,7,1 3,8,0 3,8,1 3,9,0 3,9,1 M7
4,7,0 4,7,1 5,6,1 5,7,0 5,7,1 5,8,0 6,6,0 W7
4,8,0 4,8,1 4,9,0 4,9,1 5,9,0 5,9,1 6,9,0 R7
7,3,0 7,3,1 8,2,1 8,3,0 9,2,0 9,2,1 9,3,0 S7
5,8,1 6,6,1 6,7,0 6,7,1 6,8,0 6,8,1 7,7,0 X7
7,4,0 7,4,1 8,3,1 8,4,0 8,4,1 9,3,1 9,4,0 F7
6,5,1 7,5,0 7,5,1 7,6,0 7,6,1 8,5,0 8,6,0 Z7
8,5,1 9,4,1 9,5,0 9,5,1 9,6,0 9,6,1 9,7,0 P7
8,6,1 8,7,0 8,7,1 8,8,0 8,8,1 9,7,1 9,8,0 J7
6,9,1 7,7,1 7,8,0 7,8,1 7,9,0 7,9,1 8,9,0 T7

                ________________________________
               /        \      /        \       \
              /___    ___\    /   _______\    ___\
             /    \   \      /   /\      /   /    \
            /___   \___\    /___/  \    /   /      \
           /    \       \  /       /    \  /   /\  /
          /      \_______\/___    /   ___\/   /  \/
         /       /   /        \   \  /    \  /   /
        /_______/   /          \___\/   ___\/   /
       /    \      /            \       \      /
      /   ___\    /              \_______\    /
     /   /   /   /\              /        \  /
    /   /   /___/  \            /___       \/
   /\   \   \       \          /    \  /\  /
  /  \___\   \____   \________/___   \/  \/
 /       /    \   \   \           \      /
/   ____/______\   \___\________   \____/
\   \      /        \       \   \  /   /
 \___\    /__________\____   \   \/   /
  \       \              /    \      /
   \_______\____________/______\____/


solution 2:
0,1,1 0,2,0 0,2,1 0,3,0 1,1,0 1,2,0 1,2,1 A7
1,0,1 1,1,1 2,0,0 2,0,1 2,1,0 2,1,1 3,0,0 B7
0,3,1 0,4,0 0,4,1 0,5,0 0,5,1 1,3,0 1,5,0 C7
0,6,0 0,6,1 0,7,0 0,7,1 1,6,0 1,6,1 1,7,0 D7
1,5,1 2,4,0 2,4,1 2,5,0 2,5,1 2,6,0 2,6,1 E7
1,3,1 1,4,0 1,4,1 2,2,0 2,2,1 2,3,0 3,2,0 Q7
2,3,1 3,3,0 3,3,1 3,4,0 4,2,1 4,3,0 5,2,0 H7
3,1,0 3,1,1 3,2,1 4,1,0 4,1,1 4,2,0 5,1,0 G7
3,0,1 4,0,0 4,0,1 5,0,0 5,0,1 6,0,0 6,0,1 I7
5,1,1 6,1,0 6,1,1 7,0,0 7,0,1 7,1,0 8,0,0 U7
5,2,1 6,2,0 6,2,1 7,2,0 7,2,1 8,1,1 8,2,0 L7
7,1,1 8,0,1 8,1,0 9,0,0 9,0,1 9,1,0 9,1,1 V7
0,8,0 0,8,1 1,7,1 1,8,0 2,7,0 2,7,1 3,7,0 N7
0,9,0 0,9,1 1,8,1 1,9,0 1,9,1 2,8,0 2,9,0 Y7
2,8,1 2,9,1 3,8,0 3,8,1 3,9,0 3,9,1 4,9,0 Z7
3,7,1 4,7,0 4,7,1 4,8,0 4,8,1 5,6,1 5,7,0 W7
4,9,1 5,8,1 5,9,0 5,9,1 6,7,1 6,8,0 6,8,1 M7
5,7,1 5,8,0 6,6,0 6,6,1 6,7,0 7,6,0 7,6,1 T7
6,9,0 6,9,1 7,8,0 7,8,1 7,9,0 8,7,1 8,8,0 F7
7,9,1 8,8,1 8,9,0 9,6,1 9,7,0 9,7,1 9,8,0 R7
7,7,0 7,7,1 8,5,0 8,5,1 8,6,0 8,6,1 8,7,0 J7
8,4,1 9,3,1 9,4,0 9,4,1 9,5,0 9,5,1 9,6,0 P7
6,5,1 7,4,0 7,4,1 7,5,0 7,5,1 8,3,1 8,4,0 X7
7,3,0 7,3,1 8,2,1 8,3,0 9,2,0 9,2,1 9,3,0 S7

                ________________________________
               /        \       \      /    \   \
              /___    ___\    ___\    /___   \   \
             /    \   \      /   /\      /    \   \
            /___   \___\____/   /  \    /___   \   \
           /    \       \       \   \  /    \  /   /
          /      \_______\____   \   \/___   \/   /
         /       /   /        \  /       /   /\  /
        /_______/   /          \/_______/   /  \/
       /    \      /            \      /   /   /
      /   ___\    /              \    /___/   /
     /   /   /   /\              /    \      /
    /   /   /___/  \            /___   \    /
   /\   \   \       \          /    \  /\  /
  /  \___\   \____   \________/___   \/  \/
 /       /    \   \   \           \      /
/   ____/______\   \___\________   \____/
\   \      /        \       \   \  /   /
 \___\    /__________\____   \   \/   /
  \       \              /    \      /
   \_______\____________/______\____/


solution 3:
0,1,1 0,2,0 0,2,1 0,3,0 1,1,0 1,2,0 1,2,1 A7
1,0,1 1,1,1 2,0,0 2,0,1 2,1,0 2,1,1 3,0,0 B7
0,3,1 0,4,0 0,4,1 0,5,0 0,5,1 1,3,0 1,5,0 C7
0,6,0 0,6,1 0,7,0 0,7,1 1,6,0 1,6,1 1,7,0 D7
1,5,1 2,4,0 2,4,1 2,5,0 2,5,1 2,6,0 2,6,1 E7
1,3,1 1,4,0 1,4,1 2,2,0 2,2,1 2,3,0 3,2,0 Q7
2,3,1 3,3,0 3,3,1 3,4,0 4,2,1 4,3,0 5,2,0 H7
3,1,0 3,1,1 3,2,1 4,1,0 4,1,1 4,2,0 5,1,0 G7
3,0,1 4,0,0 4,0,1 5,0,0 5,0,1 6,0,0 6,0,1 I7
5,1,1 6,1,0 6,1,1 7,0,0 7,0,1 7,1,0 8,0,0 U7
5,2,1 6,2,0 6,2,1 7,2,0 7,2,1 8,1,1 8,2,0 L7
7,1,1 8,0,1 8,1,0 9,0,0 9,0,1 9,1,0 9,1,1 V7
0,8,0 0,8,1 1,7,1 1,8,0 2,7,0 2,7,1 3,7,0 N7
0,9,0 0,9,1 1,8,1 1,9,0 1,9,1 2,8,0 2,8,1 Z7
2,9,0 2,9,1 3,8,0 3,8,1 3,9,0 3,9,1 4,9,0 Y7
3,7,1 4,7,0 4,7,1 4,8,0 4,8,1 5,6,1 5,7,0 W7
4,9,1 5,8,1 5,9,0 5,9,1 6,7,1 6,8,0 6,8,1 M7
5,7,1 5,8,0 6,6,0 6,6,1 6,7,0 7,6,0 7,6,1 T7
6,9,0 6,9,1 7,8,0 7,8,1 7,9,0 8,7,1 8,8,0 F7
7,9,1 8,8,1 8,9,0 9,6,1 9,7,0 9,7,1 9,8,0 R7
7,7,0 7,7,1 8,5,0 8,5,1 8,6,0 8,6,1 8,7,0 J7
8,4,1 9,3,1 9,4,0 9,4,1 9,5,0 9,5,1 9,6,0 P7
6,5,1 7,4,0 7,4,1 7,5,0 7,5,1 8,3,1 8,4,0 X7
7,3,0 7,3,1 8,2,1 8,3,0 9,2,0 9,2,1 9,3,0 S7

                ________________________________
               /       /        \      /    \   \
              /___    /___    ___\    /___   \   \
             /    \      /   /   /\      /    \   \
            /___   \____/___/   /  \    /___   \   \
           /    \       \       \   \  /    \  /   /
          /      \_______\____   \   \/___   \/   /
         /       /   /        \  /       /   /\  /
        /_______/   /          \/_______/   /  \/
       /    \      /            \      /   /   /
      /   ___\    /              \    /___/   /
     /   /   /   /\              /    \      /
    /   /   /___/  \            /___   \    /
   /\   \   \       \          /    \  /\  /
  /  \___\   \____   \________/___   \/  \/
 /       /    \   \   \           \      /
/   ____/______\   \___\________   \____/
\   \      /        \       \   \  /   /
 \___\    /__________\____   \   \/   /
  \       \              /    \      /
   \_______\____________/______\____/


solution 4:
0,1,1 0,2,0 0,2,1 0,3,0 1,1,0 1,2,0 1,2,1 A7
1,0,1 1,1,1 2,0,0 2,0,1 2,1,0 2,1,1 3,0,0 B7
0,3,1 0,4,0 0,4,1 0,5,0 0,5,1 1,3,0 1,5,0 C7
0,6,0 0,6,1 0,7,0 0,7,1 1,6,0 1,6,1 1,7,0 D7
1,5,1 2,4,0 2,4,1 2,5,0 2,5,1 2,6,0 2,6,1 E7
1,3,1 1,4,0 1,4,1 2,2,0 2,2,1 2,3,0 3,2,0 Q7
2,3,1 3,3,0 3,3,1 3,4,0 4,2,1 4,3,0 5,2,0 H7
3,1,0 3,1,1 3,2,1 4,1,0 4,1,1 4,2,0 5,1,0 G7
3,0,1 4,0,0 4,0,1 5,0,0 5,0,1 6,0,0 6,0,1 I7
5,1,1 6,1,0 6,1,1 7,0,0 7,0,1 7,1,0 8,0,0 U7
5,2,1 6,2,0 6,2,1 7,2,0 7,2,1 8,1,1 8,2,0 L7
7,1,1 8,0,1 8,1,0 9,0,0 9,0,1 9,1,0 9,1,1 V7
0,8,0 0,8,1 0,9,0 0,9,1 1,7,1 1,8,0 2,7,0 T7
7,3,0 7,3,1 8,2,1 8,3,0 9,2,0 9,2,1 9,3,0 S7
1,8,1 1,9,0 1,9,1 2,7,1 2,8,0 2,9,0 3,7,0 J7
2,8,1 2,9,1 3,7,1 3,8,0 3,8,1 3,9,0 3,9,1 M7
4,7,0 4,7,1 5,6,1 5,7,0 5,7,1 5,8,0 6,6,0 W7
4,8,0 4,8,1 4,9,0 4,9,1 5,9,0 5,9,1 6,9,0 R7
5,8,1 6,6,1 6,7,0 6,7,1 6,8,0 6,8,1 7,7,0 X7
7,4,0 7,4,1 8,3,1 8,4,0 8,4,1 9,3,1 9,4,0 F7
6,5,1 7,5,0 7,5,1 7,6,0 7,6,1 8,5,0 8,6,0 Z7
8,5,1 9,4,1 9,5,0 9,5,1 9,6,0 9,6,1 9,7,0 P7
6,9,1 7,7,1 7,8,0 7,8,1 7,9,0 8,6,1 8,7,0 N7
7,9,1 8,7,1 8,8,0 8,8,1 8,9,0 9,7,1 9,8,0 Y7

                ________________________________
               /   /    \      /        \   \   \
              /   /   ___\    /   _______\   \   \
             /    \   \      /   /\      /   /    \
            /___   \   \    /___/  \    /   /      \
           /    \   \   \  /       /    \   \  /\  /
          /      \___\___\/___    /   ___\   \/  \/
         /       /   /        \   \  /    \  /   /
        /_______/   /          \___\/   ___\/   /
       /    \      /            \       \      /
      /   ___\    /              \_______\    /
     /   /   /   /\              /        \  /
    /   /   /___/  \            /___       \/
   /\   \   \       \          /    \  /\  /
  /  \___\   \____   \________/___   \/  \/
 /       /    \   \   \           \      /
/   ____/______\   \___\________   \____/
\   \      /        \       \   \  /   /
 \___\    /__________\____   \   \/   /
  \       \              /    \      /
   \_______\____________/______\____/


solution 5:
0,1,1 0,2,0 0,2,1 0,3,0 1,1,0 1,2,0 1,2,1 A7
1,0,1 1,1,1 2,0,0 2,0,1 2,1,0 2,1,1 3,0,0 B7
0,3,1 0,4,0 0,4,1 0,5,0 0,5,1 1,3,0 1,5,0 C7
0,6,0 0,6,1 0,7,0 0,7,1 1,6,0 1,6,1 1,7,0 D7
1,5,1 2,4,0 2,4,1 2,5,0 2,5,1 2,6,0 2,6,1 E7
1,3,1 1,4,0 1,4,1 2,2,0 2,2,1 2,3,0 3,2,0 Q7
2,3,1 3,3,0 3,3,1 3,4,0 4,2,1 4,3,0 5,2,0 H7
3,1,0 3,1,1 3,2,1 4,1,0 4,1,1 4,2,0 5,1,0 G7
3,0,1 4,0,0 4,0,1 5,0,0 5,0,1 6,0,0 6,0,1 I7
5,1,1 6,1,0 6,1,1 7,0,0 7,0,1 7,1,0 8,0,0 U7
5,2,1 6,2,0 6,2,1 7,2,0 7,2,1 8,1,1 8,2,0 L7
7,1,1 8,0,1 8,1,0 9,0,0 9,0,1 9,1,0 9,1,1 V7
0,8,0 0,8,1 0,9,0 0,9,1 1,7,1 1,8,0 2,7,0 T7
7,3,0 7,3,1 8,2,1 8,3,0 9,2,0 9,2,1 9,3,0 S7
1,8,1 1,9,0 2,7,1 2,8,0 3,7,0 3,7,1 3,8,0 J7
1,9,1 2,8,1 2,9,0 2,9,1 3,8,1 3,9,0 3,9,1 M7
4,7,0 4,7,1 5,6,1 5,7,0 5,7,1 5,8,0 6,6,0 W7
4,8,0 4,8,1 4,9,0 4,9,1 5,9,0 5,9,1 6,9,0 R7
5,8,1 6,6,1 6,7,0 6,7,1 6,8,0 6,8,1 7,7,0 X7
7,4,0 7,4,1 8,3,1 8,4,0 8,4,1 9,3,1 9,4,0 F7
6,5,1 7,5,0 7,5,1 7,6,0 7,6,1 8,5,0 8,6,0 Z7
8,5,1 9,4,1 9,5,0 9,5,1 9,6,0 9,6,1 9,7,0 P7
6,9,1 7,7,1 7,8,0 7,8,1 7,9,0 8,6,1 8,7,0 N7
7,9,1 8,7,1 8,8,0 8,8,1 8,9,0 9,7,1 9,8,0 Y7

                ________________________________
               /   /\          /        \   \   \
              /   /  \        /   _______\   \   \
             /    \   \  /\  /   /\      /   /    \
            /___   \   \/  \/___/  \    /   /      \
           /    \   \      /       /    \   \  /\  /
          /      \___\____/___    /   ___\   \/  \/
         /       /   /        \   \  /    \  /   /
        /_______/   /          \___\/   ___\/   /
       /    \      /            \       \      /
      /   ___\    /              \_______\    /
     /   /   /   /\              /        \  /
    /   /   /___/  \            /___       \/
   /\   \   \       \          /    \  /\  /
  /  \___\   \____   \________/___   \/  \/
 /       /    \   \   \           \      /
/   ____/______\   \___\________   \____/
\   \      /        \       \   \  /   /
 \___\    /__________\____   \   \/   /
  \       \              /    \      /
   \_______\____________/______\____/


solution 6:
0,1,1 0,2,0 0,2,1 0,3,0 1,1,0 1,2,0 1,2,1 A7
1,0,1 1,1,1 2,0,0 2,0,1 2,1,0 2,1,1 3,0,0 B7
0,3,1 0,4,0 0,4,1 0,5,0 0,5,1 1,3,0 1,5,0 C7
0,6,0 0,6,1 0,7,0 0,7,1 1,6,0 1,6,1 1,7,0 D7
1,5,1 2,4,0 2,4,1 2,5,0 2,5,1 2,6,0 2,6,1 E7
1,3,1 1,4,0 1,4,1 2,2,0 2,2,1 2,3,0 3,2,0 Q7
2,3,1 3,3,0 3,3,1 3,4,0 4,2,1 4,3,0 5,2,0 H7
3,1,0 3,1,1 3,2,1 4,1,0 4,1,1 4,2,0 5,1,0 G7
3,0,1 4,0,0 4,0,1 5,0,0 5,0,1 6,0,0 6,0,1 I7
5,1,1 6,1,0 6,1,1 7,0,0 7,0,1 7,1,0 8,0,0 U7
5,2,1 6,2,0 6,2,1 7,1,1 7,2,0 8,1,0 8,1,1 N7
8,0,1 9,0,0 9,0,1 9,1,0 9,1,1 9,2,0 9,2,1 L7
0,8,0 0,8,1 0,9,0 0,9,1 1,7,1 1,8,0 2,7,0 T7
7,2,1 7,3,0 8,2,0 8,2,1 8,3,0 8,3,1 9,3,0 S7
6,5,1 7,3,1 7,4,0 7,4,1 7,5,0 8,4,0 8,4,1 W7
7,5,1 8,5,0 8,5,1 9,3,1 9,4,0 9,4,1 9,5,0 V7
8,6,1 9,5,1 9,6,0 9,6,1 9,7,0 9,7,1 9,8,0 P7
6,7,0 6,7,1 6,8,0 7,6,1 7,7,0 7,7,1 8,6,0 X7
4,7,1 4,8,0 5,6,1 5,7,0 6,6,0 6,6,1 7,6,0 R7
3,9,1 4,8,1 4,9,0 4,9,1 5,7,1 5,8,0 5,8,1 M7
2,8,1 2,9,1 3,7,1 3,8,0 3,8,1 3,9,0 4,7,0 Z7
1,8,1 1,9,0 1,9,1 2,7,1 2,8,0 2,9,0 3,7,0 J7
5,9,0 5,9,1 6,8,1 6,9,0 6,9,1 7,8,0 7,9,0 Y7
7,8,1 7,9,1 8,7,0 8,7,1 8,8,0 8,8,1 8,9,0 F7

                ________________________________
               /   /    \   \      /        \   \
              /   /   ___\   \    /___    ___\   \
             /    \   \      /\      /\   \      /\
            /___   \   \    /  \    /  \___\    /  \
           /    \   \   \   \   \  /       /   /   /
          /      \___\___\___\   \/___    /___/   /
         /       /   /        \       \   \      /
        /_______/   /          \_______\___\    /
       /    \      /            \   \       \  /
      /   ___\    /              \   \____   \/
     /   /   /   /\              /       /   /
    /   /   /___/  \            /   ____/   /
   /\   \   \       \          /\  /    \  /
  /  \___\   \____   \________/  \/   ___\/
 /       /    \   \   \       \      /   /
/   ____/______\   \___\____   \____/   /
\   \      /        \       \      /   /
 \___\    /__________\____   \____/   /
  \       \              /    \      /
   \_______\____________/______\____/


solution 7:
0,1,1 0,2,0 0,2,1 0,3,0 1,1,0 1,2,0 1,2,1 A7
1,0,1 1,1,1 2,0,0 2,0,1 2,1,0 2,1,1 3,0,0 B7
0,3,1 0,4,0 0,4,1 0,5,0 0,5,1 1,3,0 1,5,0 C7
0,6,0 0,6,1 0,7,0 0,7,1 1,6,0 1,6,1 1,7,0 D7
1,5,1 2,4,0 2,4,1 2,5,0 2,5,1 2,6,0 2,6,1 E7
1,3,1 1,4,0 1,4,1 2,2,0 2,2,1 2,3,0 3,2,0 Q7
2,3,1 3,3,0 3,3,1 3,4,0 4,2,1 4,3,0 5,2,0 H7
3,1,0 3,1,1 3,2,1 4,1,0 4,1,1 4,2,0 5,1,0 G7
3,0,1 4,0,0 4,0,1 5,0,0 5,0,1 6,0,0 6,0,1 I7
5,1,1 6,1,0 6,1,1 7,0,0 7,0,1 7,1,0 8,0,0 U7
5,2,1 6,2,0 6,2,1 7,2,0 7,2,1 7,3,0 7,3,1 R7
7,1,1 8,0,1 8,1,0 9,0,0 9,0,1 9,1,0 9,1,1 V7
8,1,1 8,2,0 8,2,1 8,3,0 9,2,0 9,2,1 9,3,0 Z7
0,8,0 0,8,1 0,9,0 0,9,1 1,7,1 1,8,0 2,7,0 T7
7,4,0 7,4,1 8,3,1 8,4,0 8,4,1 9,3,1 9,4,0 F7
7,5,1 8,5,0 8,5,1 8,6,0 8,6,1 9,4,1 9,5,0 W7
8,8,1 9,5,1 9,6,0 9,6,1 9,7,0 9,7,1 9,8,0 L7
5,7,1 5,8,0 6,5,1 6,6,0 6,6,1 6,7,0 7,5,0 N7
3,8,1 4,7,0 4,7,1 4,8,0 4,8,1 5,6,1 5,7,0 X7
1,9,1 2,8,1 2,9,0 2,9,1 3,9,0 3,9,1 4,9,0 P7
1,8,1 1,9,0 2,7,1 2,8,0 3,7,0 3,7,1 3,8,0 J7
4,9,1 5,8,1 5,9,0 5,9,1 6,8,1 6,9,0 6,9,1 M7
6,7,1 6,8,0 7,6,0 7,6,1 7,7,0 7,7,1 7,8,0 Y7
7,8,1 7,9,0 7,9,1 8,7,0 8,7,1 8,8,0 8,9,0 S7

                ________________________________
               /   /\           \          /    \
              /   /  \    _______\        /   ___\
             /    \   \  /\      /\  /\  /\   \   \
            /___   \   \/  \    /  \/  \/  \   \   \
           /    \   \      /    \   \      /   /   /
          /      \___\____/___   \   \    /___/   /
         /       /   /        \  /   /   /   /   /
        /_______/   /          \/   /___/   /   /
       /    \      /            \   \       \  /
      /   ___\    /              \___\____   \/
     /   /   /   /\              /        \  /
    /   /   /___/  \            /___       \/
   /\   \   \       \          /   /\  /\  /
  /  \___\   \____   \________/   /  \/  \/
 /       /    \   \   \          /       /
/   ____/______\   \___\________/   ____/
\   \      /        \       \   \  /   /
 \___\    /__________\____   \   \/   /
  \       \              /    \      /
   \_______\____________/______\____/


solution 8:
0,1,1 0,2,0 0,2,1 0,3,0 1,1,0 1,2,0 1,2,1 A7
1,0,1 1,1,1 2,0,0 2,0,1 2,1,0 2,1,1 3,0,0 B7
0,3,1 0,4,0 0,4,1 0,5,0 0,5,1 1,3,0 1,5,0 C7
0,6,0 0,6,1 0,7,0 0,7,1 1,6,0 1,6,1 1,7,0 D7
1,5,1 2,4,0 2,4,1 2,5,0 2,5,1 2,6,0 2,6,1 E7
1,3,1 1,4,0 1,4,1 2,2,0 2,2,1 2,3,0 3,2,0 Q7
2,3,1 3,3,0 3,3,1 3,4,0 4,2,1 4,3,0 5,2,0 H7
3,1,0 3,1,1 3,2,1 4,1,0 4,1,1 4,2,0 5,1,0 G7
3,0,1 4,0,0 4,0,1 5,0,0 5,0,1 6,0,0 6,0,1 I7
5,1,1 6,1,0 6,1,1 7,0,0 7,0,1 7,1,0 8,0,0 U7
5,2,1 6,2,0 6,2,1 7,1,1 7,2,0 7,2,1 7,3,0 T7
0,8,0 0,8,1 1,7,1 1,8,0 2,7,0 2,7,1 3,7,0 N7
0,9,0 0,9,1 1,8,1 1,9,0 1,9,1 2,8,0 2,9,0 Y7
8,0,1 8,1,0 8,1,1 8,2,0 8,2,1 9,0,0 9,0,1 J7
8,3,1 9,1,0 9,1,1 9,2,0 9,2,1 9,3,0 9,3,1 P7
6,5,1 7,3,1 7,4,0 7,4,1 7,5,0 8,3,0 8,4,0 Z7
2,8,1 2,9,1 3,7,1 3,8,0 3,8,1 3,9,0 3,9,1 M7
4,7,0 4,7,1 5,6,1 5,7,0 5,7,1 5,8,0 6,6,0 W7
4,8,0 4,8,1 4,9,0 4,9,1 5,9,0 5,9,1 6,9,0 R7
5,8,1 6,7,0 6,7,1 6,8,0 6,8,1 7,6,1 7,7,0 X7
6,6,1 7,5,1 7,6,0 8,5,0 8,5,1 8,6,0 8,6,1 V7
8,4,1 9,4,0 9,4,1 9,5,0 9,5,1 9,6,0 9,6,1 L7
6,9,1 7,7,1 7,8,0 7,8,1 7,9,0 8,7,0 8,7,1 S7
7,9,1 8,8,0 8,8,1 8,9,0 9,7,0 9,7,1 9,8,0 F7

                ________________________________
               /        \      /        \   \   \
              /___    ___\    /   _______\   \   \
             /    \   \      /   /\      /   /    \
            /___   \___\    /___/  \    /   /___   \
           /    \       \  /       /    \      /   /
          /      \_______\/___    /___   \____/___/
         /       /   /        \   \   \  /   /   /
        /_______/   /          \___\   \/   /   /
       /    \      /            \   \      /   /
      /   ___\    /              \   \____/   /
     /   /   /   /\              /    \      /
    /   /   /___/  \            /   ___\____/
   /\   \   \       \          /\   \      /
  /  \___\   \____   \________/  \___\    /
 /       /    \   \   \          /   /   /
/   ____/______\   \___\____    /   /   /
\   \      /        \       \  /   /   /
 \___\    /__________\____   \/   /___/
  \       \              /    \      /
   \_______\____________/______\____/


solution 9:
0,1,1 0,2,0 0,2,1 0,3,0 1,1,0 1,2,0 1,2,1 A7
1,0,1 1,1,1 2,0,0 2,0,1 2,1,0 2,1,1 3,0,0 B7
0,3,1 0,4,0 0,4,1 0,5,0 0,5,1 1,3,0 1,5,0 C7
0,6,0 0,6,1 0,7,0 0,7,1 1,6,0 1,6,1 1,7,0 D7
1,5,1 2,4,0 2,4,1 2,5,0 2,5,1 2,6,0 2,6,1 E7
1,3,1 1,4,0 1,4,1 2,2,0 2,2,1 2,3,0 3,2,0 Q7
2,3,1 3,3,0 3,3,1 3,4,0 4,2,1 4,3,0 5,2,0 H7
3,1,0 3,1,1 3,2,1 4,1,0 4,1,1 4,2,0 5,1,0 G7
3,0,1 4,0,0 4,0,1 5,0,0 5,0,1 6,0,0 6,0,1 I7
5,1,1 5,2,1 6,1,0 6,1,1 6,2,0 6,2,1 7,2,0 Z7
7,0,0 7,0,1 8,0,0 8,0,1 9,0,0 9,0,1 9,1,0 L7
7,1,0 7,1,1 7,2,1 7,3,0 8,1,0 8,1,1 8,2,0 V7
7,3,1 8,2,1 8,3,0 8,3,1 9,1,1 9,2,0 9,2,1 M7
7,5,1 8,4,0 8,4,1 8,5,0 9,3,0 9,3,1 9,4,0 F7
6,5,1 6,6,0 6,6,1 7,4,0 7,4,1 7,5,0 7,6,0 S7
8,5,1 8,6,1 8,7,0 9,4,1 9,5,0 9,5,1 9,6,0 U7
7,9,1 8,8,1 8,9,0 9,6,1 9,7,0 9,7,1 9,8,0 R7
6,8,1 6,9,0 6,9,1 7,8,1 7,9,0 8,7,1 8,8,0 J7
6,7,0 6,7,1 7,6,1 7,7,0 7,7,1 7,8,0 8,6,0 W7
4,9,1 5,7,1 5,8,0 5,8,1 5,9,0 5,9,1 6,8,0 X7
3,9,1 4,7,1 4,8,0 4,8,1 4,9,0 5,6,1 5,7,0 N7
0,8,0 0,8,1 1,7,1 1,8,0 1,8,1 2,7,0 2,8,0 Y7
0,9,0 0,9,1 1,9,0 1,9,1 2,8,1 2,9,0 2,9,1 P7
2,7,1 3,7,0 3,7,1 3,8,0 3,8,1 3,9,0 4,7,0 T7

                ________________________________
               /           /\   \      /    \   \
              /_______    /  \   \    /      \   \
             /        \  /   /   /    \  /\   \   \
            /___    ___\/   /   /   ___\/  \   \   \
           /    \   \       \   \  /       /\  /   /
          /      \___\_______\   \/___    /  \/   /
         /       /   /        \  /    \   \   \  /
        /_______/   /          \/   ___\___\   \/
       /    \      /            \   \   \      /
      /   ___\    /              \   \   \    /
     /   /   /   /\              /   /    \  /
    /   /   /___/  \            /___/___   \/
   /\   \   \       \          /\      /   /
  /  \___\   \____   \________/  \    /___/
 /       /    \   \   \       \   \      /
/   ____/______\   \___\    ___\   \    /
\   \      /        \      /       /\  /
 \___\    /__________\____/_______/  \/
  \       \              /           /
   \_______\____________/___________/


solution 10:
0,1,1 0,2,0 0,2,1 0,3,0 1,1,0 1,2,0 1,2,1 A7
1,0,1 1,1,1 2,0,0 2,0,1 2,1,0 2,1,1 3,0,0 B7
0,3,1 0,4,0 0,4,1 0,5,0 0,5,1 1,3,0 1,5,0 C7
0,6,0 0,6,1 0,7,0 0,7,1 1,6,0 1,6,1 1,7,0 D7
1,5,1 2,4,0 2,4,1 2,5,0 2,5,1 2,6,0 2,6,1 E7
1,3,1 1,4,0 1,4,1 2,2,0 2,2,1 2,3,0 3,2,0 Q7
2,3,1 3,3,0 3,3,1 3,4,0 4,2,1 4,3,0 5,2,0 H7
3,1,0 3,1,1 3,2,1 4,1,0 4,1,1 4,2,0 5,1,0 G7
3,0,1 4,0,0 4,0,1 5,0,0 5,0,1 6,0,0 6,0,1 I7
5,1,1 5,2,1 6,1,0 6,1,1 6,2,0 6,2,1 7,2,0 Z7
7,0,0 7,0,1 8,0,0 8,0,1 9,0,0 9,0,1 9,1,0 L7
7,1,0 7,1,1 7,2,1 7,3,0 8,1,0 8,1,1 8,2,0 V7
7,3,1 8,2,1 8,3,0 8,3,1 9,1,1 9,2,0 9,2,1 M7
8,4,0 8,4,1 9,3,0 9,3,1 9,4,0 9,4,1 9,5,0 Y7
7,4,0 7,4,1 7,5,0 7,5,1 8,5,0 8,5,1 8,6,0 N7
7,7,0 7,7,1 7,8,0 8,6,1 8,7,0 9,5,1 9,6,0 P7
7,9,1 8,8,1 8,9,0 9,6,1 9,7,0 9,7,1 9,8,0 R7
6,8,1 6,9,0 6,9,1 7,8,1 7,9,0 8,7,1 8,8,0 J7
5,7,1 6,5,1 6,6,0 6,6,1 6,7,0 7,6,0 7,6,1 W7
4,9,1 5,8,0 5,8,1 5,9,0 5,9,1 6,7,1 6,8,0 X7
3,7,0 3,7,1 4,7,0 4,7,1 4,8,0 5,6,1 5,7,0 T7
2,9,0 2,9,1 3,8,1 3,9,0 3,9,1 4,8,1 4,9,0 F7
1,7,1 1,8,0 2,7,0 2,7,1 2,8,0 2,8,1 3,8,0 S7
0,8,0 0,8,1 0,9,0 0,9,1 1,8,1 1,9,0 1,9,1 U7

                ________________________________
               /       /        \      /    \   \
              /       /___       \    /      \   \
             /   /\  /    \  /\  /    \  /\   \   \
            /___/  \/   ___\/  \/___   \/  \   \   \
           /    \      /        \   \  /    \  /   /
          /      \____/_______   \   \/___   \/   /
         /       /   /        \  /       /\   \  /
        /_______/   /          \/   ____/  \   \/
       /    \      /            \  /       /\  /
      /   ___\    /              \/   ____/  \/
     /   /   /   /\              /   /       /
    /   /   /___/  \            /___/___    /
   /\   \   \       \          /\      /   /
  /  \___\   \____   \________/  \    /___/
 /       /    \   \   \       \   \      /
/   ____/______\   \___\    ___\   \    /
\   \      /        \      /       /\  /
 \___\    /__________\____/_______/  \/
  \       \              /           /
   \_______\____________/___________/

...

solution 17:
0,1,1 0,2,0 0,2,1 0,3,0 1,1,0 1,2,0 1,2,1 A7
1,0,1 1,1,1 2,0,0 2,0,1 2,1,0 2,1,1 3,0,0 B7
0,3,1 0,4,0 0,4,1 0,5,0 0,5,1 1,3,0 1,5,0 C7
0,6,0 0,6,1 0,7,0 0,7,1 1,6,0 1,6,1 1,7,0 D7
1,5,1 2,4,0 2,4,1 2,5,0 2,5,1 2,6,0 2,6,1 E7
1,3,1 1,4,0 1,4,1 2,2,0 2,2,1 2,3,0 3,2,0 Q7
2,3,1 3,3,0 3,3,1 3,4,0 4,2,1 4,3,0 5,2,0 H7
3,1,0 3,1,1 3,2,1 4,1,0 4,1,1 4,2,0 5,1,0 G7
3,0,1 4,0,0 4,0,1 5,0,0 5,0,1 6,0,0 6,0,1 I7
5,1,1 5,2,1 6,1,0 6,1,1 6,2,0 6,2,1 7,2,0 Z7
7,0,0 7,0,1 7,1,0 8,0,0 8,0,1 9,0,0 9,0,1 P7
7,1,1 8,1,0 8,1,1 9,1,0 9,1,1 9,2,0 9,2,1 R7
0,8,0 0,8,1 0,9,0 0,9,1 1,7,1 1,8,0 2,7,0 T7
7,2,1 7,3,0 7,3,1 7,4,0 7,4,1 8,2,0 8,2,1 J7
8,3,0 8,3,1 8,4,0 9,3,0 9,3,1 9,4,0 9,4,1 U7
1,8,1 1,9,0 1,9,1 2,7,1 2,8,0 2,9,0 2,9,1 V7
2,8,1 3,7,0 3,7,1 3,8,0 3,8,1 3,9,0 4,7,0 X7
3,9,1 4,7,1 4,8,0 4,8,1 4,9,0 5,8,0 5,8,1 W7
4,9,1 5,9,0 5,9,1 6,9,0 6,9,1 7,8,1 7,9,0 L7
7,9,1 8,7,1 8,8,0 8,8,1 8,9,0 9,7,1 9,8,0 Y7
8,5,1 8,6,1 9,5,0 9,5,1 9,6,0 9,6,1 9,7,0 F7
6,5,1 6,6,0 6,6,1 7,5,0 7,5,1 8,4,1 8,5,0 S7
5,6,1 5,7,0 5,7,1 6,7,0 6,7,1 6,8,0 6,8,1 N7
7,6,0 7,6,1 7,7,0 7,7,1 7,8,0 8,6,0 8,7,0 M7

                ________________________________
               /   /       /\   \           \   \
              /   /   ____/  \   \________   \   \
             /    \   \      /       /   /\  /    \
            /___   \   \    /   ____/   /  \/      \
           /    \   \  /    \  /       /    \  /\  /
          /      \___\/______\/   ____/   ___\/  \/
         /       /   /        \  /   /    \      /
        /_______/   /          \/   /______\    /
       /    \      /            \       \      /
      /   ___\    /              \____   \____/
     /   /   /   /\              /   /\  /   /
    /   /   /___/  \            /   /  \/   /
   /\   \   \       \          /   /       /
  /  \___\   \____   \________/   /_______/
 /       /    \   \   \       \      /   /
/   ____/______\   \___\    ___\____/   /
\   \      /        \      /\          /
 \___\    /__________\____/  \________/
  \       \              /           /
   \_______\____________/___________/


Session interrupted by user.
17 solutions, 203457 searches, duration 0:01:35.890000
