solving HeptiamondsHexgrid2Trefoil1:

solution 1 (6,895,250 searches):
00,02,0 00,02,1 00,03,0 01,02,0 01,02,1 02,02,0 02,02,1 P7
00,03,1 01,03,0 01,03,1 02,03,0 02,03,1 03,03,0 03,03,1 I7
00,01,1 01,00,1 01,01,0 01,01,1 02,00,0 02,00,1 02,01,0 D7
02,01,1 03,00,0 03,00,1 03,01,0 03,01,1 03,02,0 03,02,1 E7
02,04,0 02,04,1 02,05,0 03,04,0 03,04,1 04,03,1 04,04,0 Q7
04,02,0 04,02,1 04,03,0 05,02,0 05,02,1 05,03,0 05,03,1 U7
02,05,1 03,05,0 03,05,1 04,04,1 04,05,0 05,04,0 05,04,1 N7
04,05,1 05,05,0 05,05,1 06,04,0 06,04,1 06,05,0 06,05,1 G7
04,06,0 04,06,1 04,07,0 05,06,0 05,06,1 05,07,0 06,06,0 M7
07,04,0 07,04,1 07,05,0 08,03,1 08,04,0 08,04,1 09,03,0 X7
05,07,1 06,06,1 06,07,0 07,05,1 07,06,0 08,05,0 08,05,1 L7
09,02,1 10,02,0 10,02,1 10,03,0 10,03,1 10,04,0 11,02,0 T7
09,03,1 09,04,0 09,04,1 09,05,0 09,05,1 10,04,1 10,05,0 J7
11,02,1 11,03,0 11,03,1 11,04,0 12,02,0 12,03,0 12,03,1 A7
03,09,1 04,07,1 04,08,0 04,08,1 04,09,0 05,08,0 05,08,1 W7
02,09,1 02,10,0 02,10,1 02,11,0 02,11,1 03,08,1 03,09,0 R7
03,10,0 03,10,1 04,09,1 04,10,0 05,09,0 05,09,1 05,10,0 S7
03,11,0 03,11,1 03,12,0 03,12,1 03,13,0 04,10,1 04,11,0 H7
01,15,0 01,15,1 02,14,0 02,14,1 02,15,0 03,13,1 03,14,0 F7
00,14,0 00,14,1 00,15,0 00,15,1 01,13,1 01,14,0 01,14,1 B7
00,13,1 01,12,1 01,13,0 02,12,0 02,12,1 02,13,0 02,13,1 V7
12,01,1 12,02,1 13,01,0 13,01,1 13,02,0 13,02,1 14,02,0 Z7
13,00,1 14,00,0 14,00,1 14,01,0 14,01,1 15,00,0 15,00,1 Y7
13,03,0 13,03,1 14,02,1 14,03,0 15,01,0 15,01,1 15,02,0 C7

                            ________
                           /   /    \
                          /   /___   \
                         /       /    \
                        /___    /___   \
                        \   \  /   /\  /
                         \   \/   /  \/
                          \      /   /
                           \____/   /
                           /   /    \
                          /   /___   \
                         /   /    \  /\
                        /   /___   \/  \
                        \   \   \      /
                         \   \   \____/
                          \  /       /
                           \/   ____/
                           /\  /\   \
                          /  \/  \   \
                         /        \   \
                ________/__________\   \________
               /\       \          /\      /    \
              /  \____   \____    /  \____/      \
             /        \      /   /       /   /\  /\
    ________/_______   \____/___/___    /   /  \/  \________
   /\              /\  /   /        \   \  /   /       /    \
  /  \____________/  \/   /          \___\/   /   ____/___   \
 /           /   /       /            \       \   \       \   \
/___________/   /_______/              \_______\___\    ___\   \
\       \      /                                \      /   /   /
 \       \    /                                  \____/   /___/
  \      /   /                                    \          /
   \____/___/                                      \________/

solution 2 (7,163,420 searches):
00,02,0 00,02,1 00,03,0 01,02,0 01,02,1 02,02,0 02,02,1 P7
00,03,1 01,03,0 01,03,1 02,03,0 02,03,1 03,03,0 03,03,1 I7
00,01,1 01,00,1 01,01,0 01,01,1 02,00,0 02,00,1 02,01,0 D7
02,01,1 03,00,0 03,00,1 03,01,0 03,01,1 03,02,0 03,02,1 E7
02,04,0 02,04,1 02,05,0 03,04,0 03,04,1 04,03,1 04,04,0 Q7
04,02,0 04,02,1 04,03,0 05,02,0 05,02,1 05,03,0 05,03,1 U7
02,05,1 03,05,0 03,05,1 04,04,1 04,05,0 05,04,0 05,04,1 N7
05,05,1 06,04,0 06,04,1 06,05,0 07,04,0 07,04,1 08,04,0 H7
04,05,1 04,06,0 04,06,1 04,07,0 04,07,1 05,05,0 05,07,0 C7
05,06,0 05,06,1 06,05,1 06,06,0 06,06,1 06,07,0 07,05,0 W7
07,05,1 07,06,0 08,05,0 08,05,1 09,05,0 09,05,1 10,05,0 L7
04,08,1 04,09,1 05,07,1 05,08,0 05,08,1 05,09,0 05,09,1 M7
02,09,1 02,10,0 03,08,1 03,09,0 03,09,1 04,08,0 04,09,0 Y7
03,10,0 03,10,1 03,11,1 04,10,0 04,10,1 04,11,0 05,10,0 G7
01,12,1 02,10,1 02,11,0 02,11,1 02,12,0 02,12,1 03,11,0 X7
02,13,0 02,13,1 02,14,0 03,12,0 03,12,1 03,13,0 03,13,1 B7
01,14,0 01,14,1 01,15,0 01,15,1 02,14,1 02,15,0 03,14,0 V7
00,13,1 00,14,0 00,14,1 00,15,0 00,15,1 01,13,0 01,13,1 J7
08,03,1 08,04,1 09,02,1 09,03,0 09,03,1 09,04,0 10,02,0 Z7
09,04,1 10,02,1 10,03,0 10,03,1 10,04,0 10,04,1 11,04,0 T7
11,02,0 11,02,1 11,03,0 11,03,1 12,01,1 12,02,0 12,03,0 A7
12,03,1 13,03,0 13,03,1 14,02,1 14,03,0 15,01,1 15,02,0 R7
12,02,1 13,00,1 13,01,0 13,01,1 13,02,0 14,00,0 14,00,1 S7
13,02,1 14,01,0 14,01,1 14,02,0 15,00,0 15,00,1 15,01,0 F7

                            ________
                           /   /    \
                          /   /      \
                         /   /   /\   \
                        /   /___/  \___\
                        \      /       /
                         \____/___    /
                          \      /   /
                           \    /___/
                           /    \   \
                          /   ___\   \
                         /\  /        \
                        /  \/__________\
                        \       \      /
                         \    ___\    /
                          \   \      /
                           \___\    /
                           /    \  /\
                          /   ___\/  \
                         /   /       /\
                ________/   /___    /  \________
               /\       \   \   \   \           \
              /  \____   \___\   \___\___________\
             /        \      /        \   \       \
    ________/_______   \____/__________\   \    ___\________
   /\              /\  /   /        \      /   /    \       \
  /  \____________/  \/   /          \    /   /   ___\____   \
 /           /   /       /            \   \  /    \   \   \   \
/___________/   /_______/              \___\/___   \   \   \   \
\       \      /                                \  /   /    \  /
 \       \    /                                  \/   /___   \/
  \      /   /                                    \      /   /
   \____/___/                                      \____/___/

solution 3 (7,163,743 searches):
00,02,0 00,02,1 00,03,0 01,02,0 01,02,1 02,02,0 02,02,1 P7
00,03,1 01,03,0 01,03,1 02,03,0 02,03,1 03,03,0 03,03,1 I7
00,01,1 01,00,1 01,01,0 01,01,1 02,00,0 02,00,1 02,01,0 D7
02,01,1 03,00,0 03,00,1 03,01,0 03,01,1 03,02,0 03,02,1 E7
02,04,0 02,04,1 02,05,0 03,04,0 03,04,1 04,03,1 04,04,0 Q7
04,02,0 04,02,1 04,03,0 05,02,0 05,02,1 05,03,0 05,03,1 U7
02,05,1 03,05,0 03,05,1 04,04,1 04,05,0 05,04,0 05,04,1 N7
05,05,1 06,04,0 06,04,1 06,05,0 07,04,0 07,04,1 08,04,0 H7
04,05,1 04,06,0 04,06,1 04,07,0 04,07,1 05,05,0 05,07,0 C7
05,06,0 05,06,1 06,05,1 06,06,0 06,06,1 06,07,0 07,05,0 W7
07,05,1 07,06,0 08,05,0 08,05,1 09,05,0 09,05,1 10,05,0 L7
04,08,1 04,09,1 05,07,1 05,08,0 05,08,1 05,09,0 05,09,1 M7
02,09,1 02,10,0 03,08,1 03,09,0 03,09,1 04,08,0 04,09,0 Y7
03,10,0 03,10,1 03,11,1 04,10,0 04,10,1 04,11,0 05,10,0 G7
01,12,1 02,10,1 02,11,0 02,11,1 02,12,0 02,12,1 03,11,0 X7
02,14,1 02,15,0 03,12,0 03,12,1 03,13,0 03,13,1 03,14,0 R7
01,13,1 01,14,1 01,15,0 01,15,1 02,13,0 02,13,1 02,14,0 S7
00,13,1 00,14,0 00,14,1 00,15,0 00,15,1 01,13,0 01,14,0 F7
08,03,1 08,04,1 09,02,1 09,03,0 09,03,1 09,04,0 10,02,0 Z7
09,04,1 10,02,1 10,03,0 10,03,1 10,04,0 10,04,1 11,04,0 T7
11,02,0 11,02,1 11,03,0 11,03,1 12,01,1 12,02,0 12,03,0 A7
12,02,1 12,03,1 13,02,0 13,02,1 13,03,0 13,03,1 14,02,0 B7
14,01,0 14,01,1 14,02,1 14,03,0 15,01,0 15,01,1 15,02,0 V7
13,00,1 13,01,0 13,01,1 14,00,0 14,00,1 15,00,0 15,00,1 J7

                            ________
                           /   /   /\
                          /   /   /  \
                         /    \   \   \
                        /   ___\   \   \
                        \   \      /   /
                         \___\____/   /
                          \      /   /
                           \    /___/
                           /    \   \
                          /   ___\   \
                         /\  /        \
                        /  \/__________\
                        \       \      /
                         \    ___\    /
                          \   \      /
                           \___\    /
                           /    \  /\
                          /   ___\/  \
                         /   /       /\
                ________/   /___    /  \________
               /\       \   \   \   \           \
              /  \____   \___\   \___\___________\
             /        \      /        \   \       \
    ________/_______   \____/__________\   \    ___\________
   /\              /\  /   /        \      /   /    \      /\
  /  \____________/  \/   /          \    /   /   ___\    /  \
 /           /   /       /            \   \  /    \       \   \
/___________/   /_______/              \___\/___   \_______\   \
\       \      /                                \  /   /       /
 \       \    /                                  \/   /_______/
  \      /   /                                    \          /
   \____/___/                                      \________/

solution 4 (7,167,117 searches):
00,02,0 00,02,1 00,03,0 01,02,0 01,02,1 02,02,0 02,02,1 P7
00,03,1 01,03,0 01,03,1 02,03,0 02,03,1 03,03,0 03,03,1 I7
00,01,1 01,00,1 01,01,0 01,01,1 02,00,0 02,00,1 02,01,0 D7
02,01,1 03,00,0 03,00,1 03,01,0 03,01,1 03,02,0 03,02,1 E7
02,04,0 02,04,1 02,05,0 03,04,0 03,04,1 04,03,1 04,04,0 Q7
04,02,0 04,02,1 04,03,0 05,02,0 05,02,1 05,03,0 05,03,1 U7
02,05,1 03,05,0 03,05,1 04,04,1 04,05,0 05,04,0 05,04,1 N7
05,05,1 06,04,0 06,04,1 06,05,0 07,04,0 07,04,1 08,04,0 H7
04,05,1 04,06,0 04,06,1 04,07,0 04,07,1 05,05,0 05,07,0 C7
05,06,0 05,06,1 06,05,1 06,06,0 06,06,1 06,07,0 07,05,0 W7
07,05,1 07,06,0 08,05,0 08,05,1 09,05,0 09,05,1 10,05,0 L7
03,08,1 03,09,0 03,09,1 04,08,0 04,08,1 05,07,1 05,08,0 S7
02,09,1 02,10,0 02,10,1 02,11,0 03,10,0 03,10,1 04,10,0 T7
04,09,0 04,09,1 04,10,1 05,08,1 05,09,0 05,09,1 05,10,0 A7
02,11,1 02,12,1 03,11,0 03,11,1 03,12,0 03,12,1 04,11,0 B7
01,12,1 01,13,0 01,13,1 02,12,0 02,13,0 02,13,1 03,13,0 J7
00,13,1 00,14,0 00,14,1 00,15,0 00,15,1 01,14,0 01,15,0 F7
01,14,1 01,15,1 02,14,0 02,14,1 02,15,0 03,13,1 03,14,0 Y7
08,03,1 08,04,1 09,02,1 09,03,0 09,03,1 09,04,0 09,04,1 M7
10,02,0 10,02,1 10,03,0 10,03,1 11,02,0 11,02,1 12,02,0 G7
10,04,0 10,04,1 11,03,0 11,03,1 11,04,0 12,03,0 12,03,1 Z7
12,02,1 13,01,1 13,02,0 13,02,1 13,03,0 13,03,1 14,02,0 X7
14,01,0 14,01,1 14,02,1 14,03,0 15,01,0 15,01,1 15,02,0 V7
12,01,1 13,00,1 13,01,0 14,00,0 14,00,1 15,00,0 15,00,1 R7

                            ________
                           /    \   \
                          /   ___\   \
                         /    \       \
                        /   ___\____   \
                        \  /        \  /
                         \/   _______\/
                          \   \      /
                           \___\    /
                           /\       \
                          /  \_______\
                         /        \   \
                        /   _______\   \
                        \  /   /       /
                         \/   /___    /
                          \       \  /
                           \____   \/
                           /    \  /\
                          /   ___\/  \
                         /   /       /\
                ________/   /___    /  \________
               /\       \   \   \   \           \
              /  \____   \___\   \___\___________\
             /        \      /        \      /    \
    ________/_______   \____/__________\    /___   \________
   /\              /\  /   /        \      /   /       /   /\
  /  \____________/  \/   /          \    /   /_______/   /  \
 /           /   /       /            \  /        \       \   \
/___________/   /_______/              \/__________\    ___\   \
\       \      /                                \   \  /       /
 \       \    /                                  \   \/_______/
  \      /   /                                    \          /
   \____/___/                                      \________/

solution 5 (7,167,119 searches):
00,02,0 00,02,1 00,03,0 01,02,0 01,02,1 02,02,0 02,02,1 P7
00,03,1 01,03,0 01,03,1 02,03,0 02,03,1 03,03,0 03,03,1 I7
00,01,1 01,00,1 01,01,0 01,01,1 02,00,0 02,00,1 02,01,0 D7
02,01,1 03,00,0 03,00,1 03,01,0 03,01,1 03,02,0 03,02,1 E7
02,04,0 02,04,1 02,05,0 03,04,0 03,04,1 04,03,1 04,04,0 Q7
04,02,0 04,02,1 04,03,0 05,02,0 05,02,1 05,03,0 05,03,1 U7
02,05,1 03,05,0 03,05,1 04,04,1 04,05,0 05,04,0 05,04,1 N7
05,05,1 06,04,0 06,04,1 06,05,0 07,04,0 07,04,1 08,04,0 H7
04,05,1 04,06,0 04,06,1 04,07,0 04,07,1 05,05,0 05,07,0 C7
05,06,0 05,06,1 06,05,1 06,06,0 06,06,1 06,07,0 07,05,0 W7
07,05,1 07,06,0 08,05,0 08,05,1 09,05,0 09,05,1 10,05,0 L7
03,08,1 03,09,0 03,09,1 04,08,0 04,08,1 05,07,1 05,08,0 S7
02,09,1 02,10,0 02,10,1 02,11,0 03,10,0 03,10,1 04,10,0 T7
04,09,0 04,09,1 04,10,1 05,08,1 05,09,0 05,09,1 05,10,0 A7
02,11,1 02,12,1 03,11,0 03,11,1 03,12,0 03,12,1 04,11,0 B7
01,12,1 01,13,0 01,13,1 02,12,0 02,13,0 02,13,1 03,13,0 J7
00,13,1 00,14,0 00,14,1 00,15,0 00,15,1 01,14,0 01,15,0 F7
01,14,1 01,15,1 02,14,0 02,14,1 02,15,0 03,13,1 03,14,0 Y7
08,03,1 08,04,1 09,02,1 09,03,0 09,03,1 09,04,0 09,04,1 M7
10,02,0 10,02,1 10,03,0 10,03,1 11,02,0 11,02,1 12,02,0 G7
10,04,0 10,04,1 11,03,0 11,03,1 11,04,0 12,03,0 12,03,1 Z7
12,02,1 13,01,1 13,02,0 13,02,1 13,03,0 13,03,1 14,02,0 X7
12,01,1 13,00,1 13,01,0 14,00,0 14,00,1 14,01,0 14,01,1 V7
14,02,1 14,03,0 15,00,0 15,00,1 15,01,0 15,01,1 15,02,0 R7

                            ________
                           /    \   \
                          /   ___\   \
                         /    \       \
                        /   ___\____   \
                        \  /        \  /
                         \/   _______\/
                          \   \      /
                           \___\    /
                           /\       \
                          /  \_______\
                         /        \   \
                        /   _______\   \
                        \  /   /       /
                         \/   /___    /
                          \       \  /
                           \____   \/
                           /    \  /\
                          /   ___\/  \
                         /   /       /\
                ________/   /___    /  \________
               /\       \   \   \   \           \
              /  \____   \___\   \___\___________\
             /        \      /        \      /    \
    ________/_______   \____/__________\    /___   \________
   /\              /\  /   /        \      /   /       /   /\
  /  \____________/  \/   /          \    /   /_______/   /  \
 /           /   /       /            \  /        \       \   \
/___________/   /_______/              \/__________\    ___\   \
\       \      /                                \   \  /   /   /
 \       \    /                                  \   \/   /   /
  \      /   /                                    \      /   /
   \____/___/                                      \____/___/

solution 6 (7,167,191 searches):
00,02,0 00,02,1 00,03,0 01,02,0 01,02,1 02,02,0 02,02,1 P7
00,03,1 01,03,0 01,03,1 02,03,0 02,03,1 03,03,0 03,03,1 I7
00,01,1 01,00,1 01,01,0 01,01,1 02,00,0 02,00,1 02,01,0 D7
02,01,1 03,00,0 03,00,1 03,01,0 03,01,1 03,02,0 03,02,1 E7
02,04,0 02,04,1 02,05,0 03,04,0 03,04,1 04,03,1 04,04,0 Q7
04,02,0 04,02,1 04,03,0 05,02,0 05,02,1 05,03,0 05,03,1 U7
02,05,1 03,05,0 03,05,1 04,04,1 04,05,0 05,04,0 05,04,1 N7
05,05,1 06,04,0 06,04,1 06,05,0 07,04,0 07,04,1 08,04,0 H7
04,05,1 04,06,0 04,06,1 04,07,0 04,07,1 05,05,0 05,07,0 C7
05,06,0 05,06,1 06,05,1 06,06,0 06,06,1 06,07,0 07,05,0 W7
07,05,1 07,06,0 08,05,0 08,05,1 09,05,0 09,05,1 10,05,0 L7
03,08,1 03,09,0 03,09,1 04,08,0 04,08,1 05,07,1 05,08,0 S7
02,09,1 02,10,0 02,10,1 02,11,0 03,10,0 03,10,1 04,10,0 T7
04,09,0 04,09,1 04,10,1 05,08,1 05,09,0 05,09,1 05,10,0 A7
02,11,1 02,12,1 03,11,0 03,11,1 03,12,0 03,12,1 04,11,0 B7
01,12,1 01,13,0 01,13,1 02,12,0 02,13,0 02,13,1 03,13,0 J7
00,13,1 00,14,0 00,14,1 00,15,0 00,15,1 01,14,0 01,14,1 Y7
01,15,0 01,15,1 02,14,0 02,14,1 02,15,0 03,13,1 03,14,0 F7
08,03,1 08,04,1 09,02,1 09,03,0 09,03,1 09,04,0 09,04,1 M7
10,02,0 10,02,1 10,03,0 10,03,1 11,02,0 11,02,1 12,02,0 G7
10,04,0 10,04,1 11,03,0 11,03,1 11,04,0 12,03,0 12,03,1 Z7
12,02,1 13,01,1 13,02,0 13,02,1 13,03,0 13,03,1 14,02,0 X7
14,01,0 14,01,1 14,02,1 14,03,0 15,01,0 15,01,1 15,02,0 V7
12,01,1 13,00,1 13,01,0 14,00,0 14,00,1 15,00,0 15,00,1 R7

                            ________
                           /   /    \
                          /   /___   \
                         /       /    \
                        /   ____/___   \
                        \  /        \  /
                         \/   _______\/
                          \   \      /
                           \___\    /
                           /\       \
                          /  \_______\
                         /        \   \
                        /   _______\   \
                        \  /   /       /
                         \/   /___    /
                          \       \  /
                           \____   \/
                           /    \  /\
                          /   ___\/  \
                         /   /       /\
                ________/   /___    /  \________
               /\       \   \   \   \           \
              /  \____   \___\   \___\___________\
             /        \      /        \      /    \
    ________/_______   \____/__________\    /___   \________
   /\              /\  /   /        \      /   /       /   /\
  /  \____________/  \/   /          \    /   /_______/   /  \
 /           /   /       /            \  /        \       \   \
/___________/   /_______/              \/__________\    ___\   \
\       \      /                                \   \  /       /
 \       \    /                                  \   \/_______/
  \      /   /                                    \          /
   \____/___/                                      \________/

solution 7 (7,167,193 searches):
00,02,0 00,02,1 00,03,0 01,02,0 01,02,1 02,02,0 02,02,1 P7
00,03,1 01,03,0 01,03,1 02,03,0 02,03,1 03,03,0 03,03,1 I7
00,01,1 01,00,1 01,01,0 01,01,1 02,00,0 02,00,1 02,01,0 D7
02,01,1 03,00,0 03,00,1 03,01,0 03,01,1 03,02,0 03,02,1 E7
02,04,0 02,04,1 02,05,0 03,04,0 03,04,1 04,03,1 04,04,0 Q7
04,02,0 04,02,1 04,03,0 05,02,0 05,02,1 05,03,0 05,03,1 U7
02,05,1 03,05,0 03,05,1 04,04,1 04,05,0 05,04,0 05,04,1 N7
05,05,1 06,04,0 06,04,1 06,05,0 07,04,0 07,04,1 08,04,0 H7
04,05,1 04,06,0 04,06,1 04,07,0 04,07,1 05,05,0 05,07,0 C7
05,06,0 05,06,1 06,05,1 06,06,0 06,06,1 06,07,0 07,05,0 W7
07,05,1 07,06,0 08,05,0 08,05,1 09,05,0 09,05,1 10,05,0 L7
03,08,1 03,09,0 03,09,1 04,08,0 04,08,1 05,07,1 05,08,0 S7
02,09,1 02,10,0 02,10,1 02,11,0 03,10,0 03,10,1 04,10,0 T7
04,09,0 04,09,1 04,10,1 05,08,1 05,09,0 05,09,1 05,10,0 A7
02,11,1 02,12,1 03,11,0 03,11,1 03,12,0 03,12,1 04,11,0 B7
01,12,1 01,13,0 01,13,1 02,12,0 02,13,0 02,13,1 03,13,0 J7
00,13,1 00,14,0 00,14,1 00,15,0 00,15,1 01,14,0 01,14,1 Y7
01,15,0 01,15,1 02,14,0 02,14,1 02,15,0 03,13,1 03,14,0 F7
08,03,1 08,04,1 09,02,1 09,03,0 09,03,1 09,04,0 09,04,1 M7
10,02,0 10,02,1 10,03,0 10,03,1 11,02,0 11,02,1 12,02,0 G7
10,04,0 10,04,1 11,03,0 11,03,1 11,04,0 12,03,0 12,03,1 Z7
12,02,1 13,01,1 13,02,0 13,02,1 13,03,0 13,03,1 14,02,0 X7
12,01,1 13,00,1 13,01,0 14,00,0 14,00,1 14,01,0 14,01,1 V7
14,02,1 14,03,0 15,00,0 15,00,1 15,01,0 15,01,1 15,02,0 R7

                            ________
                           /   /    \
                          /   /___   \
                         /       /    \
                        /   ____/___   \
                        \  /        \  /
                         \/   _______\/
                          \   \      /
                           \___\    /
                           /\       \
                          /  \_______\
                         /        \   \
                        /   _______\   \
                        \  /   /       /
                         \/   /___    /
                          \       \  /
                           \____   \/
                           /    \  /\
                          /   ___\/  \
                         /   /       /\
                ________/   /___    /  \________
               /\       \   \   \   \           \
              /  \____   \___\   \___\___________\
             /        \      /        \      /    \
    ________/_______   \____/__________\    /___   \________
   /\              /\  /   /        \      /   /       /   /\
  /  \____________/  \/   /          \    /   /_______/   /  \
 /           /   /       /            \  /        \       \   \
/___________/   /_______/              \/__________\    ___\   \
\       \      /                                \   \  /   /   /
 \       \    /                                  \   \/   /   /
  \      /   /                                    \      /   /
   \____/___/                                      \____/___/

solution 8 (7,167,923 searches):
00,02,0 00,02,1 00,03,0 01,02,0 01,02,1 02,02,0 02,02,1 P7
00,03,1 01,03,0 01,03,1 02,03,0 02,03,1 03,03,0 03,03,1 I7
00,01,1 01,00,1 01,01,0 01,01,1 02,00,0 02,00,1 02,01,0 D7
02,01,1 03,00,0 03,00,1 03,01,0 03,01,1 03,02,0 03,02,1 E7
02,04,0 02,04,1 02,05,0 03,04,0 03,04,1 04,03,1 04,04,0 Q7
04,02,0 04,02,1 04,03,0 05,02,0 05,02,1 05,03,0 05,03,1 U7
02,05,1 03,05,0 03,05,1 04,04,1 04,05,0 05,04,0 05,04,1 N7
05,05,1 06,04,0 06,04,1 06,05,0 07,04,0 07,04,1 08,04,0 H7
04,05,1 04,06,0 04,06,1 04,07,0 04,07,1 05,05,0 05,07,0 C7
05,06,0 05,06,1 06,05,1 06,06,0 06,06,1 06,07,0 07,05,0 W7
07,05,1 07,06,0 08,05,0 08,05,1 09,05,0 09,05,1 10,05,0 L7
03,08,1 03,09,0 03,09,1 04,08,0 04,08,1 05,07,1 05,08,0 S7
02,09,1 02,10,0 02,10,1 02,11,0 03,10,0 03,10,1 04,10,0 T7
04,09,0 04,09,1 04,10,1 05,08,1 05,09,0 05,09,1 05,10,0 A7
02,12,1 03,11,0 03,11,1 03,12,0 03,12,1 03,13,0 04,11,0 X7
01,12,1 01,13,0 01,13,1 02,11,1 02,12,0 02,13,0 02,13,1 V7
00,13,1 00,14,0 00,14,1 00,15,0 00,15,1 01,14,0 01,15,0 F7
01,14,1 01,15,1 02,14,0 02,14,1 02,15,0 03,13,1 03,14,0 Y7
08,03,1 08,04,1 09,02,1 09,03,0 09,03,1 09,04,0 09,04,1 M7
10,02,0 10,02,1 10,03,0 10,03,1 11,02,0 11,02,1 12,02,0 G7
10,04,0 10,04,1 11,03,0 11,03,1 11,04,0 12,03,0 12,03,1 Z7
12,01,1 13,00,1 13,01,0 14,00,0 14,00,1 15,00,0 15,00,1 R7
12,02,1 13,01,1 13,02,0 13,02,1 13,03,0 14,01,0 14,02,0 B7
13,03,1 14,01,1 14,02,1 14,03,0 15,01,0 15,01,1 15,02,0 J7

                            ________
                           /    \   \
                          /   ___\   \
                         /    \       \
                        /   ___\____   \
                        \  /       /\  /
                         \/   ____/  \/
                          \   \      /
                           \   \    /
                           /\  /    \
                          /  \/______\
                         /        \   \
                        /   _______\   \
                        \  /   /       /
                         \/   /___    /
                          \       \  /
                           \____   \/
                           /    \  /\
                          /   ___\/  \
                         /   /       /\
                ________/   /___    /  \________
               /\       \   \   \   \           \
              /  \____   \___\   \___\___________\
             /        \      /        \      /    \
    ________/_______   \____/__________\    /___   \________
   /\              /\  /   /        \      /   /       /\   \
  /  \____________/  \/   /          \    /   /_______/  \   \
 /           /   /       /            \  /        \       \   \
/___________/   /_______/              \/__________\    ___\   \
\       \      /                                \   \   \      /
 \       \    /                                  \   \___\____/
  \      /   /                                    \          /
   \____/___/                                      \________/

solution 9 (7,168,001 searches):
00,02,0 00,02,1 00,03,0 01,02,0 01,02,1 02,02,0 02,02,1 P7
00,03,1 01,03,0 01,03,1 02,03,0 02,03,1 03,03,0 03,03,1 I7
00,01,1 01,00,1 01,01,0 01,01,1 02,00,0 02,00,1 02,01,0 D7
02,01,1 03,00,0 03,00,1 03,01,0 03,01,1 03,02,0 03,02,1 E7
02,04,0 02,04,1 02,05,0 03,04,0 03,04,1 04,03,1 04,04,0 Q7
04,02,0 04,02,1 04,03,0 05,02,0 05,02,1 05,03,0 05,03,1 U7
02,05,1 03,05,0 03,05,1 04,04,1 04,05,0 05,04,0 05,04,1 N7
05,05,1 06,04,0 06,04,1 06,05,0 07,04,0 07,04,1 08,04,0 H7
04,05,1 04,06,0 04,06,1 04,07,0 04,07,1 05,05,0 05,07,0 C7
05,06,0 05,06,1 06,05,1 06,06,0 06,06,1 06,07,0 07,05,0 W7
07,05,1 07,06,0 08,05,0 08,05,1 09,05,0 09,05,1 10,05,0 L7
03,08,1 03,09,0 03,09,1 04,08,0 04,08,1 05,07,1 05,08,0 S7
02,09,1 02,10,0 02,10,1 02,11,0 03,10,0 03,10,1 04,10,0 T7
04,09,0 04,09,1 04,10,1 05,08,1 05,09,0 05,09,1 05,10,0 A7
02,12,1 03,11,0 03,11,1 03,12,0 03,12,1 03,13,0 04,11,0 X7
01,12,1 01,13,0 01,13,1 02,11,1 02,12,0 02,13,0 02,13,1 V7
00,13,1 00,14,0 00,14,1 00,15,0 00,15,1 01,14,0 01,14,1 Y7
01,15,0 01,15,1 02,14,0 02,14,1 02,15,0 03,13,1 03,14,0 F7
08,03,1 08,04,1 09,02,1 09,03,0 09,03,1 09,04,0 09,04,1 M7
10,02,0 10,02,1 10,03,0 10,03,1 11,02,0 11,02,1 12,02,0 G7
10,04,0 10,04,1 11,03,0 11,03,1 11,04,0 12,03,0 12,03,1 Z7
12,01,1 13,00,1 13,01,0 14,00,0 14,00,1 15,00,0 15,00,1 R7
12,02,1 13,01,1 13,02,0 13,02,1 13,03,0 14,01,0 14,02,0 B7
13,03,1 14,01,1 14,02,1 14,03,0 15,01,0 15,01,1 15,02,0 J7

                            ________
                           /   /    \
                          /   /___   \
                         /       /    \
                        /   ____/___   \
                        \  /       /\  /
                         \/   ____/  \/
                          \   \      /
                           \   \    /
                           /\  /    \
                          /  \/______\
                         /        \   \
                        /   _______\   \
                        \  /   /       /
                         \/   /___    /
                          \       \  /
                           \____   \/
                           /    \  /\
                          /   ___\/  \
                         /   /       /\
                ________/   /___    /  \________
               /\       \   \   \   \           \
              /  \____   \___\   \___\___________\
             /        \      /        \      /    \
    ________/_______   \____/__________\    /___   \________
   /\              /\  /   /        \      /   /       /\   \
  /  \____________/  \/   /          \    /   /_______/  \   \
 /           /   /       /            \  /        \       \   \
/___________/   /_______/              \/__________\    ___\   \
\       \      /                                \   \   \      /
 \       \    /                                  \   \___\____/
  \      /   /                                    \          /
   \____/___/                                      \________/

solution 10 (7,170,135 searches):
00,02,0 00,02,1 00,03,0 01,02,0 01,02,1 02,02,0 02,02,1 P7
00,03,1 01,03,0 01,03,1 02,03,0 02,03,1 03,03,0 03,03,1 I7
00,01,1 01,00,1 01,01,0 01,01,1 02,00,0 02,00,1 02,01,0 D7
02,01,1 03,00,0 03,00,1 03,01,0 03,01,1 03,02,0 03,02,1 E7
02,04,0 02,04,1 02,05,0 03,04,0 03,04,1 04,03,1 04,04,0 Q7
04,02,0 04,02,1 04,03,0 05,02,0 05,02,1 05,03,0 05,03,1 U7
02,05,1 03,05,0 03,05,1 04,04,1 04,05,0 05,04,0 05,04,1 N7
05,05,1 06,04,0 06,04,1 06,05,0 07,04,0 07,04,1 08,04,0 H7
04,05,1 04,06,0 04,06,1 04,07,0 04,07,1 05,05,0 05,07,0 C7
05,06,0 05,06,1 06,05,1 06,06,0 06,06,1 06,07,0 07,05,0 W7
07,05,1 07,06,0 08,05,0 08,05,1 09,05,0 09,05,1 10,05,0 L7
03,08,1 04,08,0 04,08,1 05,07,1 05,08,0 05,08,1 05,09,0 T7
03,09,1 04,09,0 04,09,1 04,10,0 04,10,1 05,09,1 05,10,0 S7
02,09,1 02,10,0 02,10,1 02,11,0 03,09,0 03,10,0 03,10,1 A7
02,11,1 02,12,1 03,11,0 03,11,1 03,12,0 03,12,1 04,11,0 B7
01,12,1 01,13,0 01,13,1 02,12,0 02,13,0 02,13,1 03,13,0 J7
00,13,1 00,14,0 00,14,1 00,15,0 00,15,1 01,14,0 01,15,0 F7
01,14,1 01,15,1 02,14,0 02,14,1 02,15,0 03,13,1 03,14,0 Y7
08,03,1 08,04,1 09,02,1 09,03,0 09,03,1 09,04,0 09,04,1 M7
10,02,0 10,02,1 10,03,0 10,03,1 11,02,0 11,02,1 12,02,0 G7
10,04,0 10,04,1 11,03,0 11,03,1 11,04,0 12,03,0 12,03,1 Z7
12,02,1 13,01,1 13,02,0 13,02,1 13,03,0 13,03,1 14,02,0 X7
14,01,0 14,01,1 14,02,1 14,03,0 15,01,0 15,01,1 15,02,0 V7
12,01,1 13,00,1 13,01,0 14,00,0 14,00,1 15,00,0 15,00,1 R7

                            ________
                           /    \   \
                          /   ___\   \
                         /    \       \
                        /   ___\____   \
                        \  /        \  /
                         \/   _______\/
                          \   \      /
                           \___\    /
                           /\       \
                          /  \_______\
                         /       /    \
                        /   ____/      \
                        \   \      /\  /
                         \___\____/  \/
                          \          /
                           \____    /
                           /    \  /\
                          /   ___\/  \
                         /   /       /\
                ________/   /___    /  \________
               /\       \   \   \   \           \
              /  \____   \___\   \___\___________\
             /        \      /        \      /    \
    ________/_______   \____/__________\    /___   \________
   /\              /\  /   /        \      /   /       /   /\
  /  \____________/  \/   /          \    /   /_______/   /  \
 /           /   /       /            \  /        \       \   \
/___________/   /_______/              \/__________\    ___\   \
\       \      /                                \   \  /       /
 \       \    /                                  \   \/_______/
  \      /   /                                    \          /
   \____/___/                                      \________/

User-requested solution limit reached.
10 solutions, 7,170,135 searches, duration 0:01:49.177384
