solving Heptiamonds14x6Chevron:

solution 1:
10,00,1 10,01,0 10,01,1 11,00,0 11,00,1 11,01,0 12,00,0 D7
03,13,0 03,13,1 04,12,1 04,13,0 04,13,1 05,13,0 05,13,1 E7
04,11,1 04,12,0 05,10,1 05,11,0 05,11,1 05,12,0 05,12,1 G7
08,03,0 08,03,1 09,01,1 09,02,0 09,02,1 09,03,0 10,02,0 A7
07,01,1 08,00,0 08,00,1 08,01,0 09,00,0 09,00,1 10,00,0 H7
07,02,1 07,03,0 07,03,1 08,01,1 08,02,0 08,02,1 09,01,0 F7
05,04,0 05,04,1 06,04,0 06,04,1 07,04,0 07,04,1 08,04,0 I7
04,05,1 04,06,0 05,05,0 05,05,1 06,05,0 06,05,1 07,05,0 L7
05,01,1 05,02,0 06,00,1 06,01,0 07,00,0 07,00,1 07,01,0 J7
05,02,1 06,01,1 06,02,0 06,02,1 06,03,0 06,03,1 07,02,0 X7
03,03,1 03,04,0 04,02,1 04,03,0 04,03,1 05,03,0 05,03,1 T7
04,06,1 04,07,1 05,06,0 05,06,1 05,07,0 05,07,1 06,06,0 B7
03,05,1 03,06,0 03,06,1 03,07,0 04,04,0 04,04,1 04,05,0 N7
01,05,1 01,06,0 02,04,1 02,05,0 02,05,1 03,04,1 03,05,0 Z7
00,06,1 00,07,0 00,07,1 01,06,1 01,07,0 02,06,0 02,06,1 S7
02,08,0 02,08,1 03,07,1 03,08,0 03,08,1 03,09,0 04,07,0 W7
00,08,0 00,08,1 00,09,0 01,07,1 01,08,0 02,07,0 02,07,1 Q7
00,09,1 00,10,0 00,10,1 01,08,1 01,09,0 01,10,0 01,10,1 V7
01,09,1 01,11,1 02,09,0 02,09,1 02,10,0 02,10,1 02,11,0 C7
00,11,0 00,11,1 00,12,0 00,12,1 00,13,0 00,13,1 01,11,0 P7
01,12,0 01,12,1 01,13,0 01,13,1 02,12,0 02,13,0 02,13,1 U7
02,11,1 02,12,1 03,10,1 03,11,0 03,11,1 03,12,0 03,12,1 M7
04,10,1 04,11,0 05,08,0 05,08,1 05,09,0 05,09,1 05,10,0 R7
03,09,1 03,10,0 04,08,0 04,08,1 04,09,0 04,09,1 04,10,0 Y7

              ________________________
             /   /       /           /
            /   /   ____/___    ____/
           /   /    \      /\  /   /
          /   /______\    /  \/   /
         /    \   \      /\      /
        /______\   \    /  \    /
       /       /   /\  /\   \  /
      /   ____/   /  \/  \   \/
     /\   \      /\      /   /
    /  \   \____/  \    /   /
   /    \  /       /   /   /
  /___   \/___    /___/___/
 /    \      /\   \      /
/      \____/  \___\    /
\  /\      /   /\       \
 \/  \____/   /  \_______\
  \       \   \           \
   \       \   \___________\
    \  /\  /   /            \
     \/  \/___/______________\
      \          /   /   /    \
       \    ____/   /   /___   \
        \  /\       \      /    \
         \/  \    ___\    /   ___\
          \   \  /\   \   \  /    \
           \   \/  \   \___\/      \
            \      /        \       \
             \____/__________\_______\


solution 2:
10,00,1 10,01,0 10,01,1 11,00,0 11,00,1 11,01,0 12,00,0 D7
03,13,0 03,13,1 04,12,1 04,13,0 04,13,1 05,13,0 05,13,1 E7
04,11,1 04,12,0 05,10,1 05,11,0 05,11,1 05,12,0 05,12,1 G7
08,03,0 08,03,1 09,01,1 09,02,0 09,02,1 09,03,0 10,02,0 A7
07,01,1 08,00,0 08,00,1 08,01,0 09,00,0 09,00,1 10,00,0 H7
07,02,1 07,03,0 07,03,1 08,01,1 08,02,0 08,02,1 09,01,0 F7
05,04,0 05,04,1 06,04,0 06,04,1 07,04,0 07,04,1 08,04,0 I7
04,05,1 04,06,0 05,05,0 05,05,1 06,05,0 06,05,1 07,05,0 L7
05,01,1 05,02,0 06,00,1 06,01,0 07,00,0 07,00,1 07,01,0 J7
05,02,1 06,01,1 06,02,0 06,02,1 06,03,0 06,03,1 07,02,0 X7
03,03,1 03,04,0 04,02,1 04,03,0 04,03,1 05,03,0 05,03,1 T7
04,06,1 04,07,1 05,06,0 05,06,1 05,07,0 05,07,1 06,06,0 B7
02,06,1 03,05,1 03,06,0 03,06,1 04,04,0 04,04,1 04,05,0 Q7
01,06,1 02,04,1 02,05,0 02,05,1 02,06,0 03,04,1 03,05,0 Y7
00,06,1 00,07,0 00,07,1 00,08,0 01,05,1 01,06,0 01,07,0 U7
01,13,1 02,12,1 02,13,0 02,13,1 03,11,1 03,12,0 03,12,1 M7
04,10,1 04,11,0 05,08,0 05,08,1 05,09,0 05,09,1 05,10,0 R7
01,07,1 02,07,0 02,07,1 03,07,0 03,07,1 03,08,0 04,07,0 P7
01,10,1 02,08,1 02,09,0 02,09,1 02,10,0 03,09,0 03,09,1 W7
03,08,1 03,10,1 04,08,0 04,08,1 04,09,0 04,09,1 04,10,0 C7
00,08,1 00,09,0 00,09,1 00,10,0 01,08,0 01,08,1 02,08,0 V7
00,10,1 00,11,0 00,11,1 00,12,0 01,09,0 01,09,1 01,10,0 N7
01,12,1 02,10,1 02,11,0 02,11,1 02,12,0 03,10,0 03,11,0 Z7
00,12,1 00,13,0 00,13,1 01,11,0 01,11,1 01,12,0 01,13,0 S7

              ________________________
             /    \      /           /
            /   ___\    /___    ____/
           /\   \   \      /\  /   /
          /  \   \   \    /  \/   /
         /   /   /    \  /\      /
        /   /___/   ___\/  \    /
       /\   \   \   \   \   \  /
      /  \   \   \___\   \   \/
     /   /   /       /   /   /
    /   /___/   ____/   /   /
   /\       \  /\      /   /
  /  \_______\/  \____/___/
 /    \           \      /
/   ___\___________\    /
\   \   \      /\       \
 \   \   \    /  \_______\
  \  /    \   \           \
   \/      \   \___________\
    \  /\  /   /            \
     \/  \/___/______________\
      \          /   /   /    \
       \    ____/   /   /___   \
        \  /\       \      /    \
         \/  \    ___\    /   ___\
          \   \  /\   \   \  /    \
           \   \/  \   \___\/      \
            \      /        \       \
             \____/__________\_______\


solution 3:
10,00,1 10,01,0 10,01,1 11,00,0 11,00,1 11,01,0 12,00,0 D7
03,13,0 03,13,1 04,12,1 04,13,0 04,13,1 05,13,0 05,13,1 E7
04,11,1 04,12,0 05,10,1 05,11,0 05,11,1 05,12,0 05,12,1 G7
08,03,0 08,03,1 09,01,1 09,02,0 09,02,1 09,03,0 10,02,0 A7
07,01,1 08,00,0 08,00,1 08,01,0 09,00,0 09,00,1 10,00,0 H7
07,02,1 07,03,0 07,03,1 08,01,1 08,02,0 08,02,1 09,01,0 F7
05,04,0 05,04,1 06,04,0 06,04,1 07,04,0 07,04,1 08,04,0 I7
04,05,1 04,06,0 05,05,0 05,05,1 06,05,0 06,05,1 07,05,0 L7
05,01,1 05,02,0 06,00,1 06,01,0 07,00,0 07,00,1 07,01,0 J7
05,02,1 06,01,1 06,02,0 06,02,1 06,03,0 06,03,1 07,02,0 X7
03,03,1 03,04,0 04,02,1 04,03,0 04,03,1 05,03,0 05,03,1 T7
05,06,0 05,06,1 05,07,0 05,07,1 05,08,0 05,08,1 06,06,0 P7
03,04,1 03,05,1 03,06,0 03,06,1 04,04,0 04,04,1 04,05,0 S7
01,05,1 01,06,0 02,04,1 02,05,0 02,05,1 02,06,0 03,05,0 B7
00,06,1 00,07,0 00,07,1 01,06,1 01,07,0 01,07,1 01,08,0 Z7
00,08,0 00,08,1 00,09,0 00,09,1 01,08,1 01,09,0 01,09,1 U7
02,06,1 02,07,0 02,07,1 03,07,0 03,07,1 04,06,1 04,07,0 C7
00,10,0 00,10,1 00,11,0 00,11,1 00,12,0 01,10,0 01,11,0 M7
01,10,1 02,08,0 02,08,1 02,09,0 02,09,1 02,10,0 03,08,0 Q7
02,10,1 03,08,1 03,09,0 03,09,1 03,10,0 04,07,1 04,08,0 N7
03,10,1 04,08,1 04,09,0 04,09,1 04,10,0 05,09,0 05,09,1 W7
02,11,0 02,11,1 03,11,0 03,11,1 04,10,1 04,11,0 05,10,0 R7
00,12,1 00,13,0 00,13,1 01,11,1 01,12,0 01,13,0 01,13,1 V7
01,12,1 02,12,0 02,12,1 02,13,0 02,13,1 03,12,0 03,12,1 Y7

              ________________________
             /       /   /           /
            /   ____/   /___    ____/
           /\   \          /\  /   /
          /  \   \________/  \/   /
         /    \  /        \      /
        /   ___\/_______   \    /
       /    \   \   \   \   \  /
      /______\   \   \   \___\/
     /       /   /   /       /
    /       /   /   /   ____/
   /   /\  /    \   \  /   /
  /___/  \/______\   \/   /
 /       /        \  /   /
/       /   ____   \/   /
\  /\  /\  /   /\  /    \
 \/  \/  \/   /  \/______\
  \       \   \           \
   \    ___\   \___________\
    \  /\      /            \
     \/  \____/______________\
      \          /   /   /    \
       \    ____/   /   /___   \
        \  /\       \      /    \
         \/  \    ___\    /   ___\
          \   \  /\   \   \  /    \
           \   \/  \   \___\/      \
            \      /        \       \
             \____/__________\_______\


solution 4:
10,00,1 10,01,0 10,01,1 11,00,0 11,00,1 11,01,0 12,00,0 D7
03,13,0 03,13,1 04,12,1 04,13,0 04,13,1 05,13,0 05,13,1 E7
04,11,1 04,12,0 05,10,1 05,11,0 05,11,1 05,12,0 05,12,1 G7
08,03,0 08,03,1 09,01,1 09,02,0 09,02,1 09,03,0 10,02,0 A7
07,01,1 08,00,0 08,00,1 08,01,0 09,00,0 09,00,1 10,00,0 H7
07,02,1 07,03,0 07,03,1 08,01,1 08,02,0 08,02,1 09,01,0 F7
05,04,0 05,04,1 06,04,0 06,04,1 07,04,0 07,04,1 08,04,0 I7
04,05,1 04,06,0 05,05,0 05,05,1 06,05,0 06,05,1 07,05,0 L7
05,01,1 05,02,0 06,00,1 06,01,0 07,00,0 07,00,1 07,01,0 J7
05,02,1 06,01,1 06,02,0 06,02,1 06,03,0 06,03,1 07,02,0 X7
03,03,1 03,04,0 04,02,1 04,03,0 04,03,1 05,03,0 05,03,1 T7
03,07,1 04,06,1 04,07,0 05,06,0 05,06,1 05,07,0 06,06,0 U7
03,05,1 03,06,0 03,06,1 03,07,0 04,04,0 04,04,1 04,05,0 N7
01,05,1 01,06,0 02,04,1 02,05,0 02,05,1 03,04,1 03,05,0 Z7
00,06,1 00,07,0 00,07,1 01,06,1 01,07,0 02,06,0 02,06,1 S7
00,08,0 00,08,1 01,07,1 01,08,0 01,08,1 01,09,0 02,07,0 W7
00,09,0 00,09,1 00,10,0 00,10,1 01,09,1 01,10,0 02,09,0 V7
02,07,1 02,08,0 02,08,1 03,08,0 03,08,1 04,07,1 04,08,0 C7
04,08,1 04,09,1 05,07,1 05,08,0 05,08,1 05,09,0 05,09,1 M7
03,11,1 03,12,0 03,12,1 04,10,0 04,10,1 04,11,0 05,10,0 Q7
00,13,0 00,13,1 01,13,0 01,13,1 02,12,1 02,13,0 02,13,1 P7
02,09,1 02,10,1 03,09,0 03,09,1 03,10,0 03,10,1 04,09,0 B7
00,12,0 00,12,1 01,12,0 01,12,1 02,11,1 02,12,0 03,11,0 R7
00,11,0 00,11,1 01,10,1 01,11,0 01,11,1 02,10,0 02,11,0 Y7

              ________________________
             /           /           /
            /_______    /___    ____/
           /        \  /   /\  /   /
          /_______   \/   /  \/   /
         /        \   \   \      /
        /___    ___\___\   \    /
       /    \   \      /    \  /
      /      \___\    /______\/
     /   /\   \       \      /
    /___/  \___\_______\    /
   /       /        \      /
  /___    /   ____   \    /
 /    \   \  /\   \  /\  /
/      \___\/  \   \/  \/
\  /\      /   /\       \
 \/  \____/   /  \_______\
  \       \   \           \
   \       \   \___________\
    \  /\  /   /            \
     \/  \/___/______________\
      \          /   /   /    \
       \    ____/   /   /___   \
        \  /\       \      /    \
         \/  \    ___\    /   ___\
          \   \  /\   \   \  /    \
           \   \/  \   \___\/      \
            \      /        \       \
             \____/__________\_______\


solution 5:
10,00,1 10,01,0 10,01,1 11,00,0 11,00,1 11,01,0 12,00,0 D7
03,13,0 03,13,1 04,12,1 04,13,0 04,13,1 05,13,0 05,13,1 E7
04,11,1 04,12,0 05,10,1 05,11,0 05,11,1 05,12,0 05,12,1 G7
08,03,0 08,03,1 09,01,1 09,02,0 09,02,1 09,03,0 10,02,0 A7
07,01,1 08,00,0 08,00,1 08,01,0 09,00,0 09,00,1 10,00,0 H7
07,02,1 07,03,0 07,03,1 08,01,1 08,02,0 08,02,1 09,01,0 F7
05,04,0 05,04,1 06,04,0 06,04,1 07,04,0 07,04,1 08,04,0 I7
04,05,1 04,06,0 05,05,0 05,05,1 06,05,0 06,05,1 07,05,0 L7
05,01,1 05,02,0 06,00,1 06,01,0 07,00,0 07,00,1 07,01,0 J7
05,02,1 06,01,1 06,02,0 06,02,1 06,03,0 06,03,1 07,02,0 X7
03,04,1 04,02,1 04,03,0 04,03,1 04,04,0 05,03,0 05,03,1 W7
02,04,1 02,05,0 02,05,1 02,06,0 03,03,1 03,04,0 03,05,0 U7
02,07,1 03,05,1 03,06,0 03,06,1 03,07,0 04,04,1 04,05,0 N7
00,06,1 00,07,0 00,07,1 00,08,0 00,08,1 01,05,1 01,06,0 R7
01,06,1 01,07,0 01,07,1 01,08,0 01,08,1 02,06,1 02,07,0 Y7
00,09,0 00,09,1 00,10,0 01,09,0 01,09,1 01,10,0 02,09,0 M7
02,08,0 02,08,1 03,07,1 03,08,0 03,08,1 04,06,1 04,07,0 T7
05,06,0 05,06,1 05,07,0 05,07,1 05,08,0 05,08,1 06,06,0 P7
02,09,1 03,09,0 03,09,1 04,07,1 04,08,0 04,08,1 04,09,0 V7
00,10,1 00,11,0 00,11,1 00,12,0 01,10,1 01,11,0 01,11,1 B7
02,10,0 02,10,1 02,11,0 03,10,0 03,10,1 04,09,1 04,10,0 Q7
03,11,0 03,11,1 04,10,1 04,11,0 05,09,0 05,09,1 05,10,0 C7
01,13,0 01,13,1 02,12,1 02,13,0 02,13,1 03,12,0 03,12,1 Z7
00,12,1 00,13,0 00,13,1 01,12,0 01,12,1 02,11,1 02,12,0 S7

              ________________________
             /   /       /           /
            /   /___    /___    ____/
           /\       \      /\  /   /
          /  \____   \____/  \/   /
         /       /\  /    \      /
        /       /  \/___   \    /
       /\  /\  /        \   \  /
      /  \/  \/_______   \   \/
     /        \       \  /   /
    /__________\____   \/___/
   /   /   /       /   /   /
  /   /   /___    /   /   /
 /   /    \   \   \  /   /
/   /      \   \   \/   /
\   \  /\  /   /\  /    \
 \   \/  \/   /  \/______\
  \  /    \   \           \
   \/   ___\   \___________\
    \   \   \  /            \
     \   \   \/______________\
      \  /       /   /   /    \
       \/   ____/   /   /___   \
        \  /\       \      /    \
         \/  \    ___\    /   ___\
          \   \  /\   \   \  /    \
           \   \/  \   \___\/      \
            \      /        \       \
             \____/__________\_______\


solution 6:
10,00,1 10,01,0 10,01,1 11,00,0 11,00,1 11,01,0 12,00,0 D7
03,13,0 03,13,1 04,12,1 04,13,0 04,13,1 05,13,0 05,13,1 E7
04,11,1 04,12,0 05,10,1 05,11,0 05,11,1 05,12,0 05,12,1 G7
08,03,0 08,03,1 09,01,1 09,02,0 09,02,1 09,03,0 10,02,0 A7
07,01,1 08,00,0 08,00,1 08,01,0 09,00,0 09,00,1 10,00,0 H7
07,02,1 07,03,0 07,03,1 08,01,1 08,02,0 08,02,1 09,01,0 F7
05,04,0 05,04,1 06,04,0 06,04,1 07,04,0 07,04,1 08,04,0 I7
04,05,1 04,06,0 05,05,0 05,05,1 06,05,0 06,05,1 07,05,0 L7
05,01,1 05,02,0 06,00,1 06,01,0 07,00,0 07,00,1 07,01,0 J7
05,02,1 06,01,1 06,02,0 06,02,1 06,03,0 06,03,1 07,02,0 X7
04,02,1 04,03,0 04,03,1 04,04,0 04,04,1 05,03,0 05,03,1 Y7
01,05,1 02,04,1 02,05,0 02,05,1 03,03,1 03,04,0 03,04,1 M7
02,06,0 02,06,1 03,05,0 03,05,1 03,06,0 03,06,1 04,05,0 B7
00,06,1 00,07,0 00,07,1 00,08,0 00,08,1 00,09,0 01,08,0 P7
01,06,0 01,06,1 01,07,0 01,07,1 02,07,0 02,07,1 02,08,0 N7
04,08,1 05,06,1 05,07,0 05,07,1 05,08,0 05,08,1 06,06,0 Q7
03,07,0 03,07,1 04,06,1 04,07,0 04,07,1 04,08,0 05,06,0 W7
01,12,0 01,12,1 01,13,1 02,12,0 02,12,1 02,13,0 02,13,1 U7
00,11,1 00,12,0 00,12,1 00,13,0 00,13,1 01,11,0 01,13,0 C7
01,11,1 02,11,0 02,11,1 03,11,0 03,11,1 03,12,0 03,12,1 R7
00,09,1 00,10,0 00,10,1 00,11,0 01,10,0 01,10,1 02,10,0 T7
01,08,1 01,09,0 01,09,1 02,08,1 02,09,0 03,08,0 03,08,1 S7
04,09,0 04,09,1 04,10,1 04,11,0 05,09,0 05,09,1 05,10,0 V7
02,09,1 02,10,1 03,09,0 03,09,1 03,10,0 03,10,1 04,10,0 Z7

              ________________________
             /    \      /           /
            /   ___\    /___    ____/
           /   /       /   /\  /   /
          /   /_______/   /  \/   /
         /\   \          /\      /
        /  \___\________/  \    /
       /        \       \   \  /
      /   _______\    ___\   \/
     /\  /    \      /       /
    /  \/      \____/_______/
   /    \  /\      /\      /
  /   ___\/  \____/  \    /
 /   /       /       /   /
/   /   ____/___    /   /
\  /   /       /\   \   \
 \/___/___    /  \___\___\
  \      /    \           \
   \    /______\___________\
    \      /   /            \
     \    /   /______________\
      \  /       /   /   /    \
       \/   ____/   /   /___   \
        \  /\       \      /    \
         \/  \    ___\    /   ___\
          \   \  /\   \   \  /    \
           \   \/  \   \___\/      \
            \      /        \       \
             \____/__________\_______\


solution 7:
10,00,1 10,01,0 10,01,1 11,00,0 11,00,1 11,01,0 12,00,0 D7
03,13,0 03,13,1 04,12,1 04,13,0 04,13,1 05,13,0 05,13,1 E7
04,11,1 04,12,0 05,10,1 05,11,0 05,11,1 05,12,0 05,12,1 G7
08,03,0 08,03,1 09,01,1 09,02,0 09,02,1 09,03,0 10,02,0 A7
07,01,1 08,00,0 08,00,1 08,01,0 09,00,0 09,00,1 10,00,0 H7
07,02,1 07,03,0 07,03,1 08,01,1 08,02,0 08,02,1 09,01,0 F7
05,04,0 05,04,1 06,04,0 06,04,1 07,04,0 07,04,1 08,04,0 I7
04,05,1 04,06,0 05,05,0 05,05,1 06,05,0 06,05,1 07,05,0 L7
05,01,1 05,02,0 06,00,1 06,01,0 07,00,0 07,00,1 07,01,0 J7
05,02,1 06,01,1 06,02,0 06,02,1 06,03,0 06,03,1 07,02,0 X7
04,02,1 04,03,0 04,03,1 04,04,0 04,04,1 05,03,0 05,03,1 Y7
01,05,1 01,06,0 02,04,1 02,05,0 03,03,1 03,04,0 03,04,1 P7
00,06,1 00,07,0 00,07,1 00,08,0 00,08,1 01,08,0 01,08,1 R7
00,09,0 00,09,1 00,10,0 00,10,1 00,11,0 01,09,0 01,10,0 M7
02,05,1 02,06,1 03,05,0 03,05,1 03,06,0 03,06,1 04,05,0 B7
01,06,1 01,07,0 01,07,1 02,06,0 02,07,0 02,07,1 02,08,0 S7
03,07,0 03,07,1 04,06,1 04,07,0 05,06,0 05,06,1 06,06,0 N7
01,12,0 01,12,1 01,13,1 02,12,0 02,12,1 02,13,0 02,13,1 U7
00,11,1 00,12,0 00,12,1 00,13,0 00,13,1 01,11,0 01,13,0 C7
03,11,0 03,11,1 03,12,0 03,12,1 04,10,1 04,11,0 05,10,0 T7
01,11,1 02,10,1 02,11,0 02,11,1 03,09,0 03,09,1 03,10,0 Q7
01,09,1 01,10,1 02,08,1 02,09,0 02,09,1 02,10,0 03,08,0 Z7
03,10,1 04,08,1 04,09,0 04,09,1 04,10,0 05,09,0 05,09,1 W7
03,08,1 04,07,1 04,08,0 05,07,0 05,07,1 05,08,0 05,08,1 V7

              ________________________
             /    \      /           /
            /   ___\    /___    ____/
           /   /       /   /\  /   /
          /   /_______/   /  \/   /
         /\   \      /    \      /
        /  \___\    /___   \    /
       /    \   \   \   \   \  /
      /   ___\   \   \   \___\/
     /    \      /   /       /
    /______\    /___/   ____/
   /       /\   \   \  /   /
  /   ____/  \___\   \/   /
 /   /       /    \      /
/   /   ____/___   \____/
\  /\   \      /\       \
 \/  \___\    /  \_______\
  \   \       \           \
   \   \_______\___________\
    \      /   /            \
     \    /   /______________\
      \  /       /   /   /    \
       \/   ____/   /   /___   \
        \  /\       \      /    \
         \/  \    ___\    /   ___\
          \   \  /\   \   \  /    \
           \   \/  \   \___\/      \
            \      /        \       \
             \____/__________\_______\


Session interrupted by user.
7 solutions, 147349 searches, duration 0:04:09.847000
