solving HeptiamondsTrefoil7:

solution 1 (233,573 searches):
00,08,1 00,09,0 00,09,1 00,10,0 01,08,0 01,08,1 01,09,0 D7
01,11,1 02,11,0 02,11,1 03,10,1 03,11,0 03,11,1 04,11,0 E7
02,10,1 03,09,1 03,10,0 04,08,1 04,09,0 04,09,1 04,10,0 G7
07,08,1 08,07,0 08,07,1 08,08,0 09,07,0 09,07,1 10,07,0 H7
06,10,1 06,11,0 07,09,1 07,10,0 08,08,1 08,09,0 09,08,0 I7
10,03,1 10,04,1 11,02,1 11,03,0 11,03,1 11,04,0 11,04,1 M7
02,03,1 02,04,0 02,04,1 03,02,1 03,03,0 04,01,1 04,02,0 L7
03,03,1 03,04,0 03,04,1 03,05,0 04,02,1 04,03,0 04,03,1 U7
07,00,0 07,00,1 07,01,0 08,00,0 08,00,1 09,00,0 09,00,1 P7
03,05,1 03,06,0 03,06,1 04,04,0 04,04,1 04,05,0 04,05,1 Z7
01,07,0 01,07,1 02,06,1 02,07,0 02,07,1 02,08,0 03,07,0 X7
00,06,1 00,07,0 00,07,1 00,08,0 01,06,0 01,06,1 02,06,0 V7
00,05,1 00,06,0 01,04,1 01,05,0 01,05,1 02,05,0 02,05,1 T7
04,10,1 04,11,1 05,10,0 05,10,1 05,11,0 05,11,1 06,10,0 B7
05,09,0 05,09,1 06,08,1 06,09,0 06,09,1 07,08,0 07,09,0 Y7
05,08,1 06,06,1 06,07,0 06,07,1 06,08,0 07,07,0 07,07,1 W7
04,06,0 04,06,1 04,07,0 04,07,1 05,07,0 05,07,1 05,08,0 N7
09,03,0 09,03,1 09,04,0 09,04,1 10,02,1 10,03,0 10,04,0 A7
06,04,1 06,05,0 06,05,1 07,04,0 07,05,0 07,05,1 07,06,0 S7
05,04,1 05,05,0 05,05,1 05,06,0 05,06,1 06,04,0 06,06,0 C7
07,04,1 08,02,1 08,03,0 08,03,1 08,04,0 08,04,1 09,02,0 Q7
07,01,1 07,02,0 07,02,1 07,03,0 07,03,1 08,01,0 08,02,0 F7
10,00,0 10,00,1 11,00,0 11,00,1 11,01,0 11,01,1 11,02,0 R7
08,01,1 09,01,0 09,01,1 09,02,1 10,01,0 10,01,1 10,02,0 J7

                ____________________
                \           \      /\
                 \____    ___\    /  \
         /\       \   \  /\       \   \
        /  \       \   \/  \_______\   \
       /    \       \      /        \   \
      /      \       \    /___    ___\   \
     /\      /\       \  /\   \   \   \   \
    /  \____/  \    ___\/  \   \___\   \___\
   /   /        \  /       /       /        \
  /   /___    ___\/   ____/   ____/__________\
 /\       \  /   /   /    \  /\
/  \_______\/   /___/   ___\/  \
\          /\      /   /       /
 \    ____/  \    /   /   ____/_______________
  \  /   /   /   /\   \   \      /    \      /
   \/   /   /___/  \___\___\    /   ___\    /
    \   \      /       /   /   /    \      /
     \   \    /       /   /   /___   \    /
      \   \  /       /    \   \   \  /\  /
       \   \/       /   ___\___\   \/  \/
        \  /       /\   \          /   /
         \/       /  \___\________/   /
                 /           /       /
                /___________/_______/

solution 2 (269,665 searches):
00,08,1 00,09,0 00,09,1 00,10,0 01,08,0 01,08,1 01,09,0 D7
01,11,1 02,11,0 02,11,1 03,10,1 03,11,0 03,11,1 04,11,0 E7
02,10,1 03,09,1 03,10,0 04,08,1 04,09,0 04,09,1 04,10,0 G7
07,08,1 08,07,0 08,07,1 08,08,0 09,07,0 09,07,1 10,07,0 H7
06,10,1 06,11,0 07,09,1 07,10,0 08,08,1 08,09,0 09,08,0 I7
10,03,1 10,04,1 11,02,1 11,03,0 11,03,1 11,04,0 11,04,1 M7
03,02,1 04,01,1 04,02,0 04,02,1 04,03,0 04,03,1 04,04,0 P7
07,00,0 07,00,1 07,01,0 07,01,1 08,01,0 08,01,1 09,01,0 R7
08,00,0 08,00,1 09,00,0 09,00,1 10,00,0 10,00,1 10,01,0 L7
09,02,1 10,01,1 10,02,0 11,00,0 11,00,1 11,01,0 11,01,1 T7
09,03,1 09,04,0 09,04,1 10,02,1 10,03,0 10,04,0 11,02,0 J7
07,02,0 07,02,1 07,03,0 08,02,0 08,02,1 09,01,1 09,02,0 Q7
04,10,1 04,11,1 05,10,0 05,10,1 05,11,0 05,11,1 06,10,0 B7
05,09,0 05,09,1 06,08,1 06,09,0 06,09,1 07,08,0 07,09,0 Y7
05,08,1 06,06,1 06,07,0 06,07,1 06,08,0 07,07,0 07,07,1 W7
04,06,0 04,06,1 04,07,0 04,07,1 05,07,0 05,07,1 05,08,0 N7
07,03,1 07,04,0 08,03,0 08,03,1 08,04,0 08,04,1 09,03,0 A7
06,04,1 06,05,0 06,05,1 07,04,1 07,05,0 07,05,1 07,06,0 Z7
05,04,1 05,05,0 05,05,1 05,06,0 05,06,1 06,04,0 06,06,0 C7
03,04,0 03,04,1 03,05,0 03,05,1 04,04,1 04,05,0 04,05,1 U7
01,04,1 01,05,0 02,03,1 02,04,0 02,04,1 03,03,0 03,03,1 F7
00,05,1 00,06,0 00,06,1 01,05,1 01,06,0 02,05,0 02,05,1 S7
02,06,0 02,06,1 02,07,1 02,08,0 03,06,0 03,06,1 03,07,0 V7
00,07,0 00,07,1 00,08,0 01,06,1 01,07,0 01,07,1 02,07,0 X7

                ____________________
                \           \      /\
                 \____    ___\    /  \
         /\       \   \  /\       \   \
        /  \       \   \/  \_______\   \
       /    \       \      /        \   \
      /      \       \    /___    ___\   \
     /\      /\       \  /\   \   \   \   \
    /  \____/  \    ___\/  \   \___\   \___\
   /        \   \  /       /       /        \
  /___    ___\   \/   ____/   ____/__________\
 /    \  /       /   /    \  /\
/      \/_______/___/   ___\/  \
\  /\      /       /   /       /
 \/  \____/       /   /       /_______________
  \      /   /\  /\   \  /\  /   /    \      /
   \    /___/  \/  \___\/  \/   /   ___\    /
    \      /   /       /\       \   \      /
     \____/   /       /  \_______\   \    /
      \      /       /        \   \   \  /
       \    /       /_______   \   \___\/
        \  /       /        \  /\      /
         \/       /   _______\/  \    /
                 /   /           /   /
                /___/___________/___/

solution 3 (278,631 searches):
00,08,1 00,09,0 00,09,1 00,10,0 01,08,0 01,08,1 01,09,0 D7
01,11,1 02,11,0 02,11,1 03,10,1 03,11,0 03,11,1 04,11,0 E7
02,10,1 03,09,1 03,10,0 04,08,1 04,09,0 04,09,1 04,10,0 G7
07,08,1 08,07,0 08,07,1 08,08,0 09,07,0 09,07,1 10,07,0 H7
06,10,1 06,11,0 07,09,1 07,10,0 08,08,1 08,09,0 09,08,0 I7
10,03,1 10,04,1 11,02,1 11,03,0 11,03,1 11,04,0 11,04,1 M7
03,02,1 04,01,1 04,02,0 04,02,1 04,03,0 04,03,1 04,04,0 P7
07,00,0 07,00,1 07,01,0 07,01,1 08,00,0 08,01,0 08,01,1 U7
08,00,1 09,00,0 09,00,1 09,01,0 09,01,1 10,00,0 10,00,1 Y7
06,04,1 07,02,0 07,02,1 07,03,0 07,03,1 07,04,0 08,03,0 T7
08,02,0 08,02,1 09,02,0 09,02,1 10,01,0 10,01,1 10,02,0 J7
10,02,1 10,03,0 11,00,0 11,00,1 11,01,0 11,01,1 11,02,0 R7
08,03,1 08,04,1 09,03,0 09,03,1 09,04,0 09,04,1 10,04,0 Z7
06,05,0 06,05,1 07,04,1 07,05,0 07,05,1 07,06,0 08,04,0 W7
04,10,1 04,11,1 05,10,0 05,10,1 05,11,0 05,11,1 06,10,0 B7
06,08,1 06,09,0 06,09,1 07,07,0 07,07,1 07,08,0 07,09,0 S7
05,08,1 05,09,0 05,09,1 06,06,1 06,07,0 06,07,1 06,08,0 N7
04,07,1 05,06,0 05,06,1 05,07,0 05,07,1 05,08,0 06,06,0 X7
04,04,1 04,05,0 04,05,1 05,04,1 05,05,0 05,05,1 06,04,0 A7
02,06,1 03,06,0 03,06,1 03,07,0 04,06,0 04,06,1 04,07,0 F7
00,07,1 00,08,0 01,07,0 01,07,1 02,07,0 02,07,1 02,08,0 C7
00,06,0 00,06,1 00,07,0 01,06,0 01,06,1 02,05,1 02,06,0 Q7
00,05,1 01,04,1 01,05,0 02,03,1 02,04,0 03,03,0 03,03,1 L7
01,05,1 02,04,1 02,05,0 03,04,0 03,04,1 03,05,0 03,05,1 V7

                ____________________
                \           \      /\
                 \____    ___\    /  \
         /\       \   \  /\       \   \
        /  \       \   \/  \_______\   \
       /    \       \      /   /    \   \
      /      \       \    /   /   ___\   \
     /\      /\       \  /\   \   \   \   \
    /  \____/  \    ___\/  \   \   \   \___\
   /\          /\  /\      /   /   /        \
  /  \________/  \/  \    /   /___/__________\
 /        \          /    \  /\
/_______   \________/______\/  \
\   \   \  /   /       /       /
 \   \   \/   /       /___    /_______________
  \   \      /\  /\   \   \   \       \      /
   \   \____/  \/  \___\   \___\    ___\    /
    \      /   /       /    \      /\      /
     \____/   /       /   ___\____/  \    /
      \      /       /   /        \   \  /
       \    /       /___/_______   \   \/
        \  /       /       /   /   /   /
         \/       /   ____/   /___/   /
                 /    \          /   /
                /______\________/___/

solution 4 (296,365 searches):
00,08,1 00,09,0 00,09,1 00,10,0 01,08,0 01,08,1 01,09,0 D7
01,11,1 02,11,0 02,11,1 03,10,1 03,11,0 03,11,1 04,11,0 E7
02,10,1 03,09,1 03,10,0 04,08,1 04,09,0 04,09,1 04,10,0 G7
07,08,1 08,07,0 08,07,1 08,08,0 09,07,0 09,07,1 10,07,0 H7
06,10,1 06,11,0 07,09,1 07,10,0 08,08,1 08,09,0 09,08,0 I7
10,03,1 10,04,1 11,02,1 11,03,0 11,03,1 11,04,0 11,04,1 M7
02,04,1 03,03,1 03,04,0 04,01,1 04,02,0 04,02,1 04,03,0 R7
01,04,1 01,05,0 01,05,1 02,03,1 02,04,0 03,02,1 03,03,0 L7
00,05,1 00,06,0 00,06,1 00,07,0 01,06,0 01,06,1 02,06,0 T7
00,07,1 00,08,0 01,07,0 01,07,1 02,07,0 02,07,1 02,08,0 C7
07,00,0 07,00,1 07,01,0 08,00,0 08,00,1 09,00,0 09,00,1 P7
02,05,0 02,05,1 03,04,1 03,05,0 04,03,1 04,04,0 04,04,1 Q7
04,10,1 04,11,1 05,10,0 05,10,1 05,11,0 05,11,1 06,10,0 B7
06,08,1 06,09,0 06,09,1 07,07,0 07,07,1 07,08,0 07,09,0 S7
05,08,0 05,08,1 05,09,0 05,09,1 06,07,0 06,07,1 06,08,0 Z7
08,04,0 08,04,1 09,03,1 09,04,0 09,04,1 10,03,0 10,04,0 Y7
02,06,1 03,06,0 03,06,1 03,07,0 04,06,0 04,06,1 04,07,0 F7
03,05,1 04,05,0 04,05,1 05,04,1 05,05,0 06,04,0 06,04,1 N7
04,07,1 05,05,1 05,06,0 05,06,1 05,07,0 05,07,1 06,06,0 X7
06,05,0 06,05,1 06,06,1 07,04,1 07,05,0 07,05,1 07,06,0 A7
07,01,1 07,02,0 07,02,1 07,03,0 08,01,0 08,01,1 09,01,0 V7
07,03,1 07,04,0 08,02,0 08,02,1 08,03,0 08,03,1 09,03,0 W7
10,00,0 10,00,1 10,01,1 11,00,0 11,00,1 11,01,0 11,01,1 U7
09,01,1 09,02,0 09,02,1 10,01,0 10,02,0 10,02,1 11,02,0 J7

                ____________________
                \           \      /\
                 \____    ___\    /  \
         /\       \   \  /\       \   \
        /  \       \   \/  \_______\   \
       /    \       \      /   /    \   \
      /      \       \    /   /   ___\   \
     /\      /\       \  /    \   \   \   \
    /  \____/  \    ___\/___   \   \   \___\
   /\          /\  /\      /   /   /        \
  /  \________/  \/  \    /___/___/__________\
 /        \          /    \   \
/   _______\________/   ___\   \
\  /   /    \       \  /       /
 \/   /___   \____   \/___    /_______________
  \   \   \      /\      /\  /        \      /
   \   \   \    /  \____/  \/___    ___\    /
    \   \   \  /       /\       \   \      /
     \   \   \/       /  \    ___\___\    /
      \  /   /       /   /   /        \  /
       \/   /       /   /___/   _______\/
        \  /       /\       \   \      /
         \/       /  \_______\___\    /
                 /           /       /
                /___________/_______/

solution 5 (410,906 searches):
00,08,1 00,09,0 00,09,1 00,10,0 01,08,0 01,08,1 01,09,0 D7
01,11,1 02,11,0 02,11,1 03,10,1 03,11,0 03,11,1 04,11,0 E7
02,10,1 03,09,1 03,10,0 04,08,1 04,09,0 04,09,1 04,10,0 G7
07,08,1 08,07,0 08,07,1 08,08,0 09,07,0 09,07,1 10,07,0 H7
06,10,1 06,11,0 07,09,1 07,10,0 08,08,1 08,09,0 09,08,0 I7
09,04,1 10,03,1 10,04,0 10,04,1 11,03,1 11,04,0 11,04,1 M7
03,02,1 04,01,1 04,02,0 04,02,1 04,03,0 04,03,1 04,04,0 P7
07,00,0 07,00,1 07,01,0 07,01,1 08,01,0 08,01,1 09,01,0 R7
08,00,0 08,00,1 09,00,0 09,00,1 10,00,0 10,00,1 10,01,0 L7
09,02,1 10,01,1 10,02,0 11,00,0 11,00,1 11,01,0 11,01,1 T7
09,03,1 09,04,0 10,02,1 10,03,0 11,02,0 11,02,1 11,03,0 J7
07,02,0 07,02,1 07,03,0 08,02,0 08,02,1 09,01,1 09,02,0 Q7
04,10,1 04,11,1 05,10,0 05,10,1 05,11,0 05,11,1 06,10,0 B7
05,09,0 05,09,1 06,08,1 06,09,0 06,09,1 07,08,0 07,09,0 Y7
05,08,1 06,06,1 06,07,0 06,07,1 06,08,0 07,07,0 07,07,1 W7
04,06,0 04,06,1 04,07,0 04,07,1 05,07,0 05,07,1 05,08,0 N7
07,03,1 07,04,0 08,03,0 08,03,1 08,04,0 08,04,1 09,03,0 A7
06,04,1 06,05,0 06,05,1 07,04,1 07,05,0 07,05,1 07,06,0 Z7
05,04,1 05,05,0 05,05,1 05,06,0 05,06,1 06,04,0 06,06,0 C7
03,04,0 03,04,1 03,05,0 03,05,1 04,04,1 04,05,0 04,05,1 U7
01,04,1 01,05,0 02,03,1 02,04,0 02,04,1 03,03,0 03,03,1 F7
00,05,1 00,06,0 00,06,1 01,05,1 01,06,0 02,05,0 02,05,1 S7
02,06,0 02,06,1 02,07,1 02,08,0 03,06,0 03,06,1 03,07,0 V7
00,07,0 00,07,1 00,08,0 01,06,1 01,07,0 01,07,1 02,07,0 X7

                ____________________
                \           \      /\
                 \____    ___\    /  \
         /\       \   \  /\       \   \
        /  \       \   \/  \_______\   \
       /    \       \      /        \   \
      /      \       \    /___    ___\   \
     /\      /\       \  /\   \   \   \   \
    /  \____/  \    ___\/  \   \___\   \___\
   /        \   \  /       /       /        \
  /___    ___\   \/   ____/   ____/__________\
 /    \  /       /   /    \  /\
/      \/_______/___/   ___\/  \
\  /\      /       /   /       /
 \/  \____/       /   /       /_______________
  \      /   /\  /\   \  /\  /   /\          /
   \    /___/  \/  \___\/  \/   /  \        /
    \      /   /       /\       \   \  /\  /
     \____/   /       /  \_______\   \/  \/
      \      /       /        \   \      /
       \    /       /_______   \   \____/
        \  /       /        \  /\      /
         \/       /   _______\/  \    /
                 /   /           /   /
                /___/___________/___/

solution 6 (431,076 searches):
00,08,1 00,09,0 00,09,1 00,10,0 01,08,0 01,08,1 01,09,0 D7
01,11,1 02,11,0 02,11,1 03,10,1 03,11,0 03,11,1 04,11,0 E7
02,10,1 03,09,1 03,10,0 04,08,1 04,09,0 04,09,1 04,10,0 G7
07,08,1 08,07,0 08,07,1 08,08,0 09,07,0 09,07,1 10,07,0 H7
06,10,1 06,11,0 07,09,1 07,10,0 08,08,1 08,09,0 09,08,0 I7
09,04,1 10,03,1 10,04,0 10,04,1 11,03,1 11,04,0 11,04,1 M7
02,04,1 03,03,1 03,04,0 04,01,1 04,02,0 04,02,1 04,03,0 R7
01,04,1 01,05,0 01,05,1 02,03,1 02,04,0 03,02,1 03,03,0 L7
00,05,1 00,06,0 00,06,1 00,07,0 01,06,0 01,06,1 02,06,0 T7
00,07,1 00,08,0 01,07,0 01,07,1 02,07,0 02,07,1 02,08,0 C7
07,00,0 07,00,1 07,01,0 08,00,0 08,00,1 09,00,0 09,00,1 P7
02,05,0 02,05,1 03,04,1 03,05,0 04,03,1 04,04,0 04,04,1 Q7
04,10,1 04,11,1 05,10,0 05,10,1 05,11,0 05,11,1 06,10,0 B7
05,08,1 05,09,0 05,09,1 06,08,0 06,09,0 06,09,1 07,09,0 J7
06,06,1 06,07,0 06,07,1 06,08,1 07,07,0 07,07,1 07,08,0 S7
04,07,0 04,07,1 05,06,0 05,06,1 05,07,0 05,07,1 05,08,0 Y7
09,03,1 10,02,0 10,02,1 10,03,0 11,02,0 11,02,1 11,03,0 A7
10,00,0 10,00,1 10,01,1 11,00,0 11,00,1 11,01,0 11,01,1 U7
02,06,1 03,05,1 03,06,0 03,06,1 03,07,0 04,06,0 04,06,1 X7
04,05,0 04,05,1 05,04,1 05,05,0 06,04,0 06,04,1 07,04,0 N7
05,05,1 06,05,0 06,05,1 06,06,0 07,05,0 07,05,1 07,06,0 F7
07,03,1 07,04,1 08,03,0 08,03,1 08,04,0 08,04,1 09,04,0 Z7
07,01,1 07,02,0 07,02,1 07,03,0 08,01,0 08,01,1 09,01,0 V7
08,02,0 08,02,1 09,01,1 09,02,0 09,02,1 09,03,0 10,01,0 W7

                ____________________
                \           \      /\
                 \____    ___\    /  \
         /\       \   \  /\       \   \
        /  \       \   \/  \_______\   \
       /    \       \      /        \   \
      /      \       \    /   _______\   \
     /\      /\       \  /\   \   \   \   \
    /  \____/  \    ___\/  \___\   \   \___\
   /\          /\  /       /       /        \
  /  \________/  \/___    /   ____/__________\
 /        \          /   /\  /\
/   _______\    ____/___/  \/  \
\  /   /    \  /    \          /
 \/   /___   \/___   \________/_______________
  \   \   \      /\       \       \          /
   \   \   \    /  \_______\    ___\        /
    \   \   \  /       /\      /\   \  /\  /
     \   \   \/       /  \____/  \   \/  \/
      \  /   /       /   /       /       /
       \/   /       /   /___    /_______/
        \  /       /\       \   \      /
         \/       /  \_______\___\    /
                 /           /       /
                /___________/_______/

solution 7 (850,410 searches):
00,08,1 00,09,0 00,09,1 00,10,0 01,08,0 01,08,1 01,09,0 D7
01,11,1 02,11,0 02,11,1 03,10,1 03,11,0 03,11,1 04,11,0 E7
02,10,1 03,09,1 03,10,0 04,08,1 04,09,0 04,09,1 04,10,0 G7
07,08,1 08,07,0 08,07,1 08,08,0 09,07,0 09,07,1 10,07,0 H7
06,10,0 06,10,1 07,09,1 07,10,0 08,08,1 08,09,0 09,08,0 L7
04,10,1 04,11,1 05,10,0 05,10,1 05,11,0 05,11,1 06,11,0 Z7
06,08,1 06,09,0 06,09,1 07,07,0 07,07,1 07,08,0 07,09,0 S7
05,08,1 05,09,0 05,09,1 06,06,1 06,07,0 06,07,1 06,08,0 N7
04,07,0 04,07,1 05,06,1 05,07,0 05,07,1 05,08,0 06,06,0 W7
10,02,1 10,03,0 10,03,1 10,04,0 10,04,1 11,04,0 11,04,1 R7
11,00,1 11,01,0 11,01,1 11,02,0 11,02,1 11,03,0 11,03,1 I7
02,03,1 03,02,1 03,03,0 03,03,1 04,01,1 04,02,0 04,02,1 M7
07,00,0 07,00,1 07,01,0 08,00,0 08,00,1 09,00,0 09,00,1 P7
03,04,0 03,04,1 04,03,0 04,03,1 04,04,0 04,04,1 04,05,0 Y7
06,05,1 07,04,1 07,05,0 07,05,1 07,06,0 08,04,0 08,04,1 A7
08,03,1 09,02,1 09,03,0 09,03,1 09,04,0 09,04,1 10,02,0 T7
09,01,1 09,02,0 10,00,0 10,00,1 10,01,0 10,01,1 11,00,0 X7
07,01,1 07,02,0 07,02,1 07,03,0 08,01,0 08,01,1 09,01,0 V7
06,04,0 06,04,1 07,03,1 07,04,0 08,02,0 08,02,1 08,03,0 C7
04,05,1 04,06,1 05,04,1 05,05,0 05,05,1 05,06,0 06,05,0 B7
02,05,1 03,05,0 03,05,1 03,06,0 03,06,1 03,07,0 04,06,0 Q7
01,06,1 01,07,1 02,06,0 02,06,1 02,07,0 02,07,1 02,08,0 F7
00,06,1 00,07,0 00,07,1 00,08,0 01,05,1 01,06,0 01,07,0 U7
00,05,1 00,06,0 01,04,1 01,05,0 02,04,0 02,04,1 02,05,0 J7

                ____________________
                \           \       \
                 \____    ___\    ___\
         /\       \   \  /\      /    \
        /  \       \   \/  \____/___   \
       /    \       \      /   /    \   \
      /      \       \    /   /   ___\   \
     /\      /\       \  /\   \   \   \   \
    /  \____/  \    ___\/  \   \   \   \___\
   /    \      /\  /       /   /   /        \
  /   ___\    /  \/___    /   /___/__________\
 /\   \      /    \   \   \  /\
/  \   \____/   ___\   \___\/  \
\   \  /\      /\       \      /
 \   \/  \____/  \    ___\    /_______________
  \      /       /\  /    \      /   /       /
   \____/___    /  \/___   \____/   /   ____/
    \      /   /       /\   \      /   /   /
     \    /___/       /  \   \    /   /   /
      \      /       /   /   /\   \  /   /
       \    /       /   /___/  \___\/   /
        \  /       /\       \      /   /
         \/       /  \_______\    /   /
                 /           /    \  /
                /___________/______\/

solution 8 (1,547,718 searches):
00,08,1 00,09,0 00,09,1 00,10,0 01,08,0 01,08,1 01,09,0 D7
01,11,1 02,11,0 02,11,1 03,10,1 03,11,0 03,11,1 04,11,0 E7
02,10,1 03,09,1 03,10,0 04,08,1 04,09,0 04,09,1 04,10,0 G7
07,08,1 08,07,0 08,07,1 08,08,0 09,07,0 09,07,1 10,07,0 H7
06,09,1 06,10,0 07,09,0 07,09,1 08,08,1 08,09,0 09,08,0 N7
04,11,1 05,10,1 05,11,0 05,11,1 06,10,1 06,11,0 07,10,0 U7
04,10,1 05,08,1 05,09,0 05,09,1 05,10,0 06,08,0 06,09,0 Z7
06,06,1 06,07,0 06,07,1 06,08,1 07,07,0 07,07,1 07,08,0 S7
10,03,1 10,04,1 11,02,1 11,03,0 11,03,1 11,04,0 11,04,1 M7
03,02,1 04,01,1 04,02,0 04,02,1 04,03,0 04,03,1 04,04,0 P7
07,00,0 07,00,1 07,01,0 07,01,1 08,01,0 08,01,1 09,01,0 R7
08,00,0 08,00,1 09,00,0 09,00,1 10,00,0 10,00,1 11,00,0 I7
04,07,1 05,06,0 05,06,1 05,07,0 05,07,1 05,08,0 06,06,0 X7
06,04,1 07,02,0 07,02,1 07,03,0 07,03,1 07,04,0 08,02,0 Q7
06,05,0 06,05,1 07,04,1 07,05,0 07,05,1 07,06,0 08,04,0 W7
04,04,1 04,05,0 04,05,1 05,04,1 05,05,0 05,05,1 06,04,0 A7
02,07,1 02,08,0 03,06,1 03,07,0 04,06,0 04,06,1 04,07,0 J7
08,04,1 09,03,0 09,03,1 09,04,0 09,04,1 10,03,0 10,04,0 B7
08,02,1 08,03,0 08,03,1 09,01,1 09,02,0 10,01,0 10,01,1 C7
09,02,1 10,02,0 10,02,1 11,00,1 11,01,0 11,01,1 11,02,0 V7
00,06,1 00,07,0 00,07,1 00,08,0 01,07,0 01,07,1 02,07,0 T7
00,05,1 00,06,0 01,04,1 01,05,0 01,05,1 02,04,0 02,04,1 F7
02,03,1 03,03,0 03,03,1 03,04,0 03,04,1 03,05,0 03,05,1 L7
01,06,0 01,06,1 02,05,0 02,05,1 02,06,0 02,06,1 03,06,0 Y7

                ____________________
                \           \       \
                 \____    ___\       \
         /\       \   \  /\   \  /\   \
        /  \       \   \/  \   \/  \___\
       /    \       \      /    \       \
      /      \       \    /   ___\____   \
     /\      /\       \  /\   \   \   \   \
    /  \____/  \    ___\/  \___\   \   \___\
   /        \   \  /\      /       /        \
  /   _______\   \/  \    /   ____/__________\
 /\  /        \      /    \  /\
/  \/___    ___\____/______\/  \
\      /   /   /       /       /
 \    /___/   /       /___    /_______________
  \      /   /\  /\   \   \   \       \      /
   \____/   /  \/  \___\   \___\    ___\    /
    \      /   /       /   /   /    \      /
     \____/   /       /   /   /______\    /
      \      /       /    \   \       \  /
       \    /       /______\   \____   \/
        \  /       /        \      /   /
         \/       /   _______\____/   /
                 /   /            \  /
                /___/______________\/

solution 9 (3,729,679 searches):
00,08,1 00,09,0 00,09,1 00,10,0 01,08,0 01,08,1 01,09,0 D7
01,11,1 02,11,0 02,11,1 03,10,1 03,11,0 03,11,1 04,11,0 E7
02,10,1 03,09,1 03,10,0 04,08,1 04,09,0 04,09,1 04,10,0 G7
07,08,1 08,08,0 08,08,1 08,09,0 09,07,1 09,08,0 10,07,0 H7
06,08,0 06,08,1 07,07,1 07,08,0 08,07,0 08,07,1 09,07,0 N7
10,03,1 10,04,1 11,02,1 11,03,0 11,03,1 11,04,0 11,04,1 M7
03,02,1 04,01,1 04,02,0 04,02,1 04,03,0 04,03,1 04,04,0 P7
07,00,0 07,00,1 07,01,0 07,01,1 07,02,0 07,02,1 07,03,0 I7
08,00,0 08,00,1 08,01,0 08,01,1 09,00,0 09,01,0 09,01,1 U7
09,00,1 10,00,0 10,00,1 11,00,0 11,00,1 11,01,0 11,01,1 R7
08,04,0 08,04,1 09,03,1 09,04,0 09,04,1 10,03,0 10,04,0 Y7
09,02,1 09,03,0 10,01,0 10,01,1 10,02,0 10,02,1 11,02,0 W7
07,03,1 07,04,0 08,02,0 08,02,1 08,03,0 08,03,1 09,02,0 X7
06,06,0 06,06,1 06,07,0 06,07,1 07,05,1 07,06,0 07,07,0 A7
05,04,1 06,04,0 06,04,1 06,05,0 06,05,1 07,04,1 07,05,0 S7
04,07,1 05,07,0 05,07,1 05,08,0 05,08,1 05,09,0 05,09,1 L7
04,10,1 04,11,1 05,10,0 05,10,1 05,11,0 05,11,1 06,10,0 B7
06,09,0 06,09,1 06,10,1 06,11,0 07,09,0 07,09,1 07,10,0 V7
03,06,1 03,07,0 04,06,0 04,06,1 04,07,0 05,06,0 05,06,1 F7
03,05,1 03,06,0 04,04,1 04,05,0 04,05,1 05,05,0 05,05,1 T7
00,07,1 00,08,0 01,07,0 01,07,1 02,07,0 02,07,1 02,08,0 C7
00,06,1 00,07,0 01,06,0 01,06,1 02,05,1 02,06,0 02,06,1 Q7
00,05,1 00,06,0 01,04,1 01,05,0 01,05,1 02,04,1 02,05,0 Z7
02,03,1 02,04,0 03,03,0 03,03,1 03,04,0 03,04,1 03,05,0 J7

                ____________________
                \           \      /\
                 \____    ___\    /  \
         /\       \   \  /\       \   \
        /  \       \   \/  \_______\   \
       /    \       \      /   /       /\
      /      \       \    /   /_______/  \
     /\      /\       \  /   /    \       \
    /  \____/  \    ___\/   /___   \____   \
   /\          /\  /\      /    \       \   \
  /  \________/  \/  \____/   ___\_______\___\
 /\          /\          /    \
/  \____    /  \________/___   \
\       \  /\          /    \  /
 \       \/  \    ____/      \/_______________
  \  /\  /   /\  /\      /\  /        \      /
   \/  \/   /  \/  \____/  \/___    ___\    /
    \      /   /       /\      /\   \      /
     \____/   /       /  \    /  \___\    /
      \      /       /   /    \       \  /
       \    /       /   /______\    ___\/
        \  /       /   /       /   /   /
         \/       /   /   ____/___/   /
                 /   /    \          /
                /___/______\________/

solution 10 (5,994,165 searches):
00,08,1 00,09,0 00,09,1 00,10,0 01,08,0 01,08,1 01,09,0 D7
01,11,1 02,11,0 02,11,1 03,10,1 03,11,0 03,11,1 04,11,0 E7
02,10,1 03,09,1 03,10,0 04,08,1 04,09,0 04,09,1 04,10,0 G7
07,09,1 07,10,0 08,08,1 08,09,0 09,07,1 09,08,0 10,07,0 I7
06,08,1 07,07,0 07,07,1 07,08,0 08,07,0 08,07,1 09,07,0 H7
06,09,0 06,09,1 06,10,0 06,10,1 07,08,1 07,09,0 08,08,0 T7
04,10,1 04,11,1 05,10,0 05,10,1 05,11,0 05,11,1 06,11,0 Z7
05,08,1 05,09,0 05,09,1 06,06,1 06,07,0 06,07,1 06,08,0 N7
04,07,0 04,07,1 05,06,1 05,07,0 05,07,1 05,08,0 06,06,0 W7
10,02,1 11,02,0 11,02,1 11,03,0 11,03,1 11,04,0 11,04,1 L7
09,03,0 09,03,1 09,04,1 10,03,0 10,03,1 10,04,0 10,04,1 U7
03,02,1 04,01,1 04,02,0 04,02,1 04,03,0 04,03,1 04,04,0 P7
07,00,0 07,00,1 07,01,0 07,01,1 07,02,0 08,00,0 08,01,0 M7
07,04,1 07,05,0 07,05,1 07,06,0 08,04,0 08,04,1 09,04,0 V7
08,00,1 08,01,1 09,00,0 09,00,1 09,01,0 10,00,0 10,00,1 Y7
10,01,0 10,01,1 10,02,0 11,00,0 11,00,1 11,01,0 11,01,1 B7
07,02,1 07,03,0 08,02,0 08,02,1 09,01,1 09,02,0 09,02,1 Q7
06,04,1 06,05,0 06,05,1 07,03,1 07,04,0 08,03,0 08,03,1 C7
04,04,1 04,05,0 04,05,1 05,04,1 05,05,0 05,05,1 06,04,0 A7
02,07,1 02,08,0 03,06,1 03,07,0 04,06,0 04,06,1 05,06,0 R7
00,07,0 00,07,1 00,08,0 01,06,1 01,07,0 01,07,1 02,07,0 X7
00,05,1 00,06,0 00,06,1 01,04,1 01,05,0 01,06,0 02,04,0 J7
01,05,1 02,05,0 02,05,1 02,06,0 02,06,1 03,05,1 03,06,0 S7
02,03,1 02,04,1 03,03,0 03,03,1 03,04,0 03,04,1 03,05,0 F7

                ____________________
                \           \       \
                 \____    ___\    ___\
         /\       \   \  /\      /   /\
        /  \       \   \/  \____/   /  \
       /    \       \      /   /    \   \
      /      \       \    /   /___   \   \
     /\      /\       \  /\   \   \   \   \
    /  \____/  \    ___\/  \   \   \___\   \
   /        \   \  /       /   /        \   \
  /___    ___\   \/___    /   /__________\___\
 /    \  /    \       \   \  /\
/   ___\/      \_______\___\/  \
\   \      /\  /       /   /   /
 \   \____/  \/       /   /   /_______________
  \   \      /\  /\   \   \       \      /   /
   \___\    /  \/  \___\   \_______\    /   /
    \      /   /       /\      /       /   /
     \____/   /       /  \____/_______/   /
      \      /       /\          /\      /
       \    /       /  \____    /  \____/
        \  /       /    \   \  /       /
         \/       /   ___\   \/___    /
                 /    \          /   /
                /______\________/___/

User-requested solution limit reached.
10 solutions, 5,994,165 searches, duration 0:01:49.427458
