solving HeptiamondsHexgrid2Spiral1:

solution 1 (33,190 searches):
00,10,1 00,11,0 00,11,1 01,10,1 01,11,0 01,11,1 02,10,0 A7
02,10,1 02,11,0 03,08,0 03,08,1 03,09,0 03,09,1 03,10,0 R7
00,09,1 00,10,0 01,09,0 01,09,1 01,10,0 02,09,0 02,09,1 F7
01,08,1 02,07,0 02,07,1 02,08,0 02,08,1 03,07,0 03,07,1 B7
02,05,1 02,06,0 02,06,1 03,06,0 03,06,1 04,05,1 04,06,0 C7
04,06,1 04,07,0 05,05,0 05,05,1 05,06,0 06,04,1 06,05,0 E7
03,04,1 03,05,0 03,05,1 04,04,0 04,04,1 04,05,0 05,04,0 D7
05,04,1 06,03,1 06,04,0 07,02,1 07,03,0 07,03,1 07,04,0 G7
08,02,0 08,02,1 08,03,0 09,02,0 09,02,1 09,03,0 09,03,1 U7
06,05,1 07,04,1 07,05,0 08,03,1 08,04,0 08,04,1 09,04,0 H7
07,05,1 08,05,0 08,05,1 08,06,0 08,06,1 09,04,1 09,05,0 W7
08,07,0 08,07,1 09,05,1 09,06,0 09,06,1 09,07,0 10,05,0 S7
10,04,0 10,04,1 10,05,1 10,06,0 11,04,0 11,04,1 11,05,0 V7
11,05,1 11,06,0 11,06,1 11,07,0 12,06,0 12,06,1 12,07,0 Z7
09,07,1 10,06,1 10,07,0 10,07,1 10,08,0 10,08,1 10,09,0 P7
10,09,1 11,07,1 11,08,0 11,08,1 11,09,0 11,09,1 12,09,0 T7
12,08,0 12,08,1 13,07,1 13,08,0 14,07,0 14,07,1 15,07,0 N7
12,07,1 13,06,0 13,06,1 13,07,0 14,05,1 14,06,0 14,06,1 X7
15,06,1 15,07,1 16,06,0 16,06,1 16,07,0 17,05,1 17,06,0 Y7
15,05,0 15,05,1 15,06,0 16,05,0 16,05,1 17,04,1 17,05,0 Q7
15,04,1 16,01,1 16,02,0 16,02,1 16,03,0 16,03,1 16,04,0 L7
16,04,1 17,03,1 17,04,0 18,02,1 18,03,0 19,01,1 19,02,0 I7
17,01,0 17,01,1 17,02,0 17,02,1 17,03,0 18,01,0 18,02,0 M7
17,00,1 18,00,0 18,00,1 18,01,1 19,00,0 19,00,1 19,01,0 J7

    ________
   /       /\
  /       /  \
 /\  /\   \   \
/  \/  \___\   \                        ________
\          /   /                       /\       \
 \________/   /                       /  \    ___\
  \      /   /                       /   /   /    \
   \    /___/               ________/   /   /___   \________
   /       /\              /    \      /\  /\   \       \   \
  /_______/  \            /___   \    /  \/  \   \_______\   \
 /        \   \          /   /   /\  /       /       /\       \
/   ____   \   \________/   /   /  \/   ____/___    /  \____   \
\  /    \  /    \   \       \   \   \  /        \  /        \  /
 \/      \/___   \   \____   \___\   \/          \/_______   \/
  \       \   \  /\       \  /       /            \   \   \  /
   \_______\   \/  \    ___\/_______/              \   \   \/
            \      /\  /   /                       /   /\   \
             \    /  \/   /                       /   /  \   \
              \  /       /                       /   /    \   \
               \/_______/                       /   /   ___\   \
                                                \  /    \   \  /
                                                 \/______\   \/
                                                  \          /
                                                   \________/

solution 2 (33,192 searches):
00,10,1 00,11,0 00,11,1 01,10,1 01,11,0 01,11,1 02,10,0 A7
02,10,1 02,11,0 03,08,0 03,08,1 03,09,0 03,09,1 03,10,0 R7
00,09,1 00,10,0 01,09,0 01,09,1 01,10,0 02,09,0 02,09,1 F7
01,08,1 02,07,0 02,07,1 02,08,0 02,08,1 03,07,0 03,07,1 B7
02,05,1 02,06,0 02,06,1 03,06,0 03,06,1 04,05,1 04,06,0 C7
04,06,1 04,07,0 05,05,0 05,05,1 05,06,0 06,04,1 06,05,0 E7
03,04,1 03,05,0 03,05,1 04,04,0 04,04,1 04,05,0 05,04,0 D7
05,04,1 06,03,1 06,04,0 07,02,1 07,03,0 07,03,1 07,04,0 G7
08,02,0 08,02,1 08,03,0 09,02,0 09,02,1 09,03,0 09,03,1 U7
06,05,1 07,04,1 07,05,0 08,03,1 08,04,0 08,04,1 09,04,0 H7
07,05,1 08,05,0 08,05,1 08,06,0 08,06,1 09,04,1 09,05,0 W7
08,07,0 08,07,1 09,05,1 09,06,0 09,06,1 09,07,0 10,05,0 S7
10,04,0 10,04,1 10,05,1 10,06,0 11,04,0 11,04,1 11,05,0 V7
11,05,1 11,06,0 11,06,1 11,07,0 12,06,0 12,06,1 12,07,0 Z7
09,07,1 10,06,1 10,07,0 10,07,1 10,08,0 10,08,1 10,09,0 P7
10,09,1 11,07,1 11,08,0 11,08,1 11,09,0 11,09,1 12,09,0 T7
12,08,0 12,08,1 13,07,1 13,08,0 14,07,0 14,07,1 15,07,0 N7
12,07,1 13,06,0 13,06,1 13,07,0 14,05,1 14,06,0 14,06,1 X7
15,06,1 15,07,1 16,06,0 16,06,1 16,07,0 17,05,1 17,06,0 Y7
15,05,0 15,05,1 15,06,0 16,05,0 16,05,1 17,04,1 17,05,0 Q7
15,04,1 16,01,1 16,02,0 16,02,1 16,03,0 16,03,1 16,04,0 L7
16,04,1 17,03,1 17,04,0 18,02,1 18,03,0 19,01,1 19,02,0 I7
17,02,0 17,02,1 17,03,0 18,01,0 18,01,1 18,02,0 19,01,0 M7
17,00,1 17,01,0 17,01,1 18,00,0 18,00,1 19,00,0 19,00,1 J7

    ________
   /       /\
  /       /  \
 /\  /\   \   \
/  \/  \___\   \                        ________
\          /   /                       /\       \
 \________/   /                       /  \    ___\
  \      /   /                       /   /   /    \
   \    /___/               ________/   /   /___   \________
   /       /\              /    \      /\  /\   \       \   \
  /_______/  \            /___   \    /  \/  \   \_______\   \
 /        \   \          /   /   /\  /       /       /\       \
/   ____   \   \________/   /   /  \/   ____/___    /  \____   \
\  /    \  /    \   \       \   \   \  /        \  /        \  /
 \/      \/___   \   \____   \___\   \/          \/_______   \/
  \       \   \  /\       \  /       /            \   \   \  /
   \_______\   \/  \    ___\/_______/              \   \   \/
            \      /\  /   /                       /   /\   \
             \    /  \/   /                       /   /  \   \
              \  /       /                       /   /    \   \
               \/_______/                       /   /___   \   \
                                                \  /   /    \  /
                                                 \/   /______\/
                                                  \          /
                                                   \________/

solution 3 (384,550 searches):
00,10,1 00,11,0 00,11,1 01,10,1 01,11,0 01,11,1 02,10,0 A7
02,10,1 02,11,0 03,08,0 03,08,1 03,09,0 03,09,1 03,10,0 R7
00,09,1 00,10,0 01,09,0 01,09,1 01,10,0 02,09,0 02,09,1 F7
01,08,1 02,07,0 02,07,1 02,08,0 02,08,1 03,07,0 03,07,1 B7
02,05,1 02,06,0 02,06,1 03,06,0 03,06,1 04,05,1 04,06,0 C7
04,06,1 04,07,0 05,04,1 05,05,0 05,05,1 05,06,0 06,05,0 H7
03,04,1 03,05,0 03,05,1 04,04,0 04,04,1 04,05,0 05,04,0 D7
06,03,1 06,04,0 07,02,1 07,03,0 08,02,0 08,02,1 08,03,0 J7
08,03,1 08,04,0 08,04,1 09,02,0 09,02,1 09,03,0 09,03,1 Z7
06,04,1 06,05,1 07,03,1 07,04,0 07,04,1 07,05,0 07,05,1 M7
08,05,0 08,05,1 08,06,0 08,06,1 09,05,1 09,06,0 10,05,0 V7
09,04,0 09,04,1 09,05,0 10,04,0 10,04,1 11,04,0 11,04,1 P7
08,07,0 08,07,1 09,06,1 09,07,0 09,07,1 10,05,1 10,06,0 T7
10,06,1 10,07,0 11,05,0 11,05,1 11,06,0 11,06,1 12,06,0 W7
10,07,1 10,08,0 10,08,1 11,07,0 11,07,1 12,06,1 12,07,0 S7
10,09,0 10,09,1 11,08,0 11,08,1 11,09,0 11,09,1 12,09,0 Y7
12,08,0 12,08,1 13,07,1 13,08,0 14,07,0 14,07,1 15,07,0 N7
15,06,0 15,06,1 15,07,1 16,06,0 16,06,1 16,07,0 17,06,0 G7
12,07,1 13,06,0 13,06,1 13,07,0 14,05,1 14,06,0 14,06,1 X7
15,04,1 15,05,0 15,05,1 16,05,0 16,05,1 17,05,0 17,05,1 L7
17,03,1 17,04,0 17,04,1 18,02,0 18,02,1 18,03,0 19,02,0 Q7
16,01,1 16,02,0 16,02,1 16,03,0 16,03,1 16,04,0 16,04,1 I7
17,00,1 17,01,0 17,01,1 17,02,0 17,02,1 17,03,0 18,01,0 E7
18,00,0 18,00,1 18,01,1 19,00,0 19,00,1 19,01,0 19,01,1 U7

    ________
   /       /\
  /       /  \
 /\  /\   \   \
/  \/  \___\   \                        ________
\          /   /                       /        \
 \________/   /                       /___    ___\
  \      /   /                       /   /   /    \
   \    /___/               ________/   /___/___   \________
   /       /\              /       /\       \   \       \   \
  /_______/  \            /___    /  \____   \   \_______\   \
 /        \   \          /    \   \       \  /       /        \
/   ____   \   \________/      \   \    ___\/___    /__________\
\  /    \  /    \      /   /\   \  /   /        \  /           /
 \/      \/   ___\    /___/  \___\/___/          \/   ________/
  \       \  /\      /   /           /            \  /   /   /
   \_______\/  \    /   /___________/              \/   /   /
            \   \  /\      /                       /   /\   \
             \   \/  \    /                       /   /  \   \
              \      /   /                       /   /   /    \
               \____/___/                       /   /   /______\
                                                \  /    \      /
                                                 \/   ___\    /
                                                  \  /       /
                                                   \/_______/

solution 4 (718,973 searches):
00,10,1 00,11,0 00,11,1 01,10,1 01,11,0 01,11,1 02,10,0 A7
02,10,1 02,11,0 03,08,0 03,08,1 03,09,0 03,09,1 03,10,0 R7
00,09,1 00,10,0 01,09,0 01,09,1 01,10,0 02,09,0 02,09,1 F7
01,08,1 02,07,0 02,07,1 02,08,0 02,08,1 03,07,0 03,07,1 B7
02,05,1 02,06,0 02,06,1 03,06,0 03,06,1 04,05,1 04,06,0 C7
04,06,1 04,07,0 05,04,1 05,05,0 05,05,1 05,06,0 06,04,0 N7
03,04,1 03,05,0 03,05,1 04,04,0 04,04,1 04,05,0 05,04,0 D7
06,03,1 06,04,1 07,02,1 07,03,0 07,03,1 07,04,0 08,02,0 Z7
06,05,0 06,05,1 07,04,1 07,05,0 08,03,1 08,04,0 08,04,1 Q7
08,02,1 08,03,0 09,02,0 09,02,1 09,03,0 09,03,1 09,04,0 J7
07,05,1 08,05,0 08,05,1 09,04,1 09,05,0 09,05,1 10,05,0 E7
10,04,0 10,04,1 10,05,1 11,04,0 11,04,1 11,05,0 11,05,1 U7
08,06,0 08,06,1 08,07,0 08,07,1 09,06,0 09,06,1 10,06,0 G7
09,07,0 09,07,1 10,06,1 10,07,0 10,07,1 10,08,0 11,06,0 W7
10,08,1 10,09,0 11,07,0 11,07,1 11,08,0 11,08,1 12,07,0 X7
10,09,1 11,09,0 11,09,1 12,07,1 12,08,0 12,08,1 12,09,0 V7
11,06,1 12,06,0 12,06,1 13,06,0 13,06,1 14,06,0 14,06,1 I7
13,07,0 13,07,1 13,08,0 14,07,0 14,07,1 15,07,0 15,07,1 P7
15,06,0 15,06,1 16,06,0 16,06,1 16,07,0 17,05,1 17,06,0 T7
14,05,1 15,04,1 15,05,0 15,05,1 16,04,1 16,05,0 16,05,1 M7
17,03,0 17,03,1 17,04,0 17,04,1 17,05,0 18,02,1 18,03,0 H7
16,01,1 16,02,0 16,02,1 16,03,0 16,03,1 16,04,0 17,01,0 L7
17,00,1 17,01,1 17,02,0 17,02,1 18,00,0 18,00,1 18,01,0 S7
18,01,1 18,02,0 19,00,0 19,00,1 19,01,0 19,01,1 19,02,0 Y7

    ________
   /       /\
  /       /  \
 /\  /\   \   \
/  \/  \___\   \                        ________
\          /   /                       /\       \
 \________/   /                       /  \____   \
  \      /   /                       /\      /   /\
   \    /___/               ________/  \    /   /  \________
   /       /\              /   /       /    \  /           /\
  /_______/  \            /   /___    /______\/___________/  \
 /        \   \          /        \   \              /        \
/   ____   \   \________/__________\___\____________/_______   \
\  /    \  /   /    \           \      /        \          /\  /
 \/      \/   /___   \____    ___\    /          \        /  \/
  \       \   \   \      /\  /       /            \  /\  /   /
   \_______\___\   \    /  \/_______/              \/  \/   /
            \      /\  /   /                       /   /    \
             \    /  \/   /                       /   /___   \
              \   \      /                       /   /   /\  /\
               \___\____/                       /   /   /  \/  \
                                                \   \   \      /
                                                 \___\   \    /
                                                  \      /   /
                                                   \____/___/

solution 5 (718,976 searches):
00,10,1 00,11,0 00,11,1 01,10,1 01,11,0 01,11,1 02,10,0 A7
02,10,1 02,11,0 03,08,0 03,08,1 03,09,0 03,09,1 03,10,0 R7
00,09,1 00,10,0 01,09,0 01,09,1 01,10,0 02,09,0 02,09,1 F7
01,08,1 02,07,0 02,07,1 02,08,0 02,08,1 03,07,0 03,07,1 B7
02,05,1 02,06,0 02,06,1 03,06,0 03,06,1 04,05,1 04,06,0 C7
04,06,1 04,07,0 05,04,1 05,05,0 05,05,1 05,06,0 06,04,0 N7
03,04,1 03,05,0 03,05,1 04,04,0 04,04,1 04,05,0 05,04,0 D7
06,03,1 06,04,1 07,02,1 07,03,0 07,03,1 07,04,0 08,02,0 Z7
06,05,0 06,05,1 07,04,1 07,05,0 08,03,1 08,04,0 08,04,1 Q7
08,02,1 08,03,0 09,02,0 09,02,1 09,03,0 09,03,1 09,04,0 J7
07,05,1 08,05,0 08,05,1 09,04,1 09,05,0 09,05,1 10,05,0 E7
10,04,0 10,04,1 10,05,1 11,04,0 11,04,1 11,05,0 11,05,1 U7
08,06,0 08,06,1 08,07,0 08,07,1 09,06,0 09,06,1 10,06,0 G7
09,07,0 09,07,1 10,06,1 10,07,0 10,07,1 10,08,0 11,06,0 W7
10,08,1 10,09,0 11,07,0 11,07,1 11,08,0 11,08,1 12,07,0 X7
10,09,1 11,09,0 11,09,1 12,07,1 12,08,0 12,08,1 12,09,0 V7
11,06,1 12,06,0 12,06,1 13,06,0 13,06,1 14,06,0 14,06,1 I7
13,07,0 13,07,1 13,08,0 14,07,0 14,07,1 15,07,0 15,07,1 P7
15,06,0 15,06,1 16,06,0 16,06,1 16,07,0 17,05,1 17,06,0 T7
14,05,1 15,04,1 15,05,0 15,05,1 16,04,1 16,05,0 16,05,1 M7
17,03,0 17,03,1 17,04,0 17,04,1 17,05,0 18,02,1 18,03,0 H7
16,01,1 16,02,0 16,02,1 16,03,0 16,03,1 16,04,0 17,01,0 L7
17,00,1 17,01,1 18,00,0 18,00,1 18,01,0 19,00,0 19,00,1 Y7
17,02,0 17,02,1 18,01,1 18,02,0 19,01,0 19,01,1 19,02,0 S7

    ________
   /       /\
  /       /  \
 /\  /\   \   \
/  \/  \___\   \                        ________
\          /   /                       /\       \
 \________/   /                       /  \____   \
  \      /   /                       /\      /   /\
   \    /___/               ________/  \    /   /  \________
   /       /\              /   /       /    \  /           /\
  /_______/  \            /   /___    /______\/___________/  \
 /        \   \          /        \   \              /        \
/   ____   \   \________/__________\___\____________/_______   \
\  /    \  /   /    \           \      /        \          /\  /
 \/      \/   /___   \____    ___\    /          \        /  \/
  \       \   \   \      /\  /       /            \  /\  /   /
   \_______\___\   \    /  \/_______/              \/  \/   /
            \      /\  /   /                       /   /    \
             \    /  \/   /                       /   /___   \
              \   \      /                       /   /    \  /\
               \___\____/                       /   /___   \/  \
                                                \   \   \      /
                                                 \___\   \____/
                                                  \          /
                                                   \________/

solution 6 (737,944 searches):
00,10,1 00,11,0 00,11,1 01,10,1 01,11,0 01,11,1 02,10,0 A7
02,10,1 02,11,0 03,08,0 03,08,1 03,09,0 03,09,1 03,10,0 R7
00,09,1 00,10,0 01,09,0 01,09,1 01,10,0 02,09,0 02,09,1 F7
01,08,1 02,07,0 02,07,1 02,08,0 02,08,1 03,07,0 03,07,1 B7
02,05,1 02,06,0 02,06,1 03,06,0 03,06,1 04,05,1 04,06,0 C7
04,06,1 04,07,0 05,04,1 05,05,0 05,05,1 05,06,0 06,04,0 N7
03,04,1 03,05,0 03,05,1 04,04,0 04,04,1 04,05,0 05,04,0 D7
06,03,1 06,04,1 07,02,1 07,03,0 07,03,1 07,04,0 08,02,0 Z7
06,05,0 06,05,1 07,04,1 07,05,0 08,03,1 08,04,0 08,04,1 Q7
08,02,1 08,03,0 09,02,0 09,02,1 09,03,0 09,03,1 09,04,0 J7
07,05,1 08,05,0 08,05,1 08,06,0 08,06,1 09,04,1 09,05,0 W7
08,07,0 08,07,1 09,05,1 09,06,0 09,06,1 09,07,0 09,07,1 G7
10,04,0 10,04,1 10,05,0 11,04,0 11,04,1 11,05,0 11,05,1 U7
10,05,1 10,06,0 10,06,1 10,07,0 10,07,1 10,08,0 11,06,0 E7
10,08,1 10,09,0 11,07,0 11,07,1 11,08,0 11,08,1 12,07,0 X7
10,09,1 11,09,0 11,09,1 12,07,1 12,08,0 12,08,1 12,09,0 V7
11,06,1 12,06,0 12,06,1 13,06,0 13,06,1 14,06,0 14,06,1 I7
13,07,0 13,07,1 13,08,0 14,07,0 14,07,1 15,07,0 15,07,1 P7
15,06,0 15,06,1 16,06,0 16,06,1 16,07,0 17,05,1 17,06,0 T7
14,05,1 15,04,1 15,05,0 15,05,1 16,04,1 16,05,0 16,05,1 M7
17,03,0 17,03,1 17,04,0 17,04,1 17,05,0 18,02,1 18,03,0 H7
16,01,1 16,02,0 16,02,1 16,03,0 16,03,1 16,04,0 17,01,0 L7
17,00,1 17,01,1 17,02,0 17,02,1 18,00,0 18,00,1 18,01,0 S7
18,01,1 18,02,0 19,00,0 19,00,1 19,01,0 19,01,1 19,02,0 Y7

    ________
   /       /\
  /       /  \
 /\  /\   \   \
/  \/  \___\   \                        ________
\          /   /                       /\       \
 \________/   /                       /  \____   \
  \      /   /                       /\      /   /\
   \    /___/               ________/  \    /   /  \________
   /       /\              /       /   /    \  /           /\
  /_______/  \            /___    /   /______\/___________/  \
 /        \   \          /   /   /    \              /        \
/   ____   \   \________/   /   /   ___\____________/_______   \
\  /    \  /   /    \       \  /\  /   /        \          /\  /
 \/      \/   /___   \____   \/  \/   /          \        /  \/
  \       \   \   \      /\  /       /            \  /\  /   /
   \_______\___\   \    /  \/_______/              \/  \/   /
            \      /\  /   /                       /   /    \
             \    /  \/   /                       /   /___   \
              \   \      /                       /   /   /\  /\
               \___\____/                       /   /   /  \/  \
                                                \   \   \      /
                                                 \___\   \    /
                                                  \      /   /
                                                   \____/___/

solution 7 (737,947 searches):
00,10,1 00,11,0 00,11,1 01,10,1 01,11,0 01,11,1 02,10,0 A7
02,10,1 02,11,0 03,08,0 03,08,1 03,09,0 03,09,1 03,10,0 R7
00,09,1 00,10,0 01,09,0 01,09,1 01,10,0 02,09,0 02,09,1 F7
01,08,1 02,07,0 02,07,1 02,08,0 02,08,1 03,07,0 03,07,1 B7
02,05,1 02,06,0 02,06,1 03,06,0 03,06,1 04,05,1 04,06,0 C7
04,06,1 04,07,0 05,04,1 05,05,0 05,05,1 05,06,0 06,04,0 N7
03,04,1 03,05,0 03,05,1 04,04,0 04,04,1 04,05,0 05,04,0 D7
06,03,1 06,04,1 07,02,1 07,03,0 07,03,1 07,04,0 08,02,0 Z7
06,05,0 06,05,1 07,04,1 07,05,0 08,03,1 08,04,0 08,04,1 Q7
08,02,1 08,03,0 09,02,0 09,02,1 09,03,0 09,03,1 09,04,0 J7
07,05,1 08,05,0 08,05,1 08,06,0 08,06,1 09,04,1 09,05,0 W7
08,07,0 08,07,1 09,05,1 09,06,0 09,06,1 09,07,0 09,07,1 G7
10,04,0 10,04,1 10,05,0 11,04,0 11,04,1 11,05,0 11,05,1 U7
10,05,1 10,06,0 10,06,1 10,07,0 10,07,1 10,08,0 11,06,0 E7
10,08,1 10,09,0 11,07,0 11,07,1 11,08,0 11,08,1 12,07,0 X7
10,09,1 11,09,0 11,09,1 12,07,1 12,08,0 12,08,1 12,09,0 V7
11,06,1 12,06,0 12,06,1 13,06,0 13,06,1 14,06,0 14,06,1 I7
13,07,0 13,07,1 13,08,0 14,07,0 14,07,1 15,07,0 15,07,1 P7
15,06,0 15,06,1 16,06,0 16,06,1 16,07,0 17,05,1 17,06,0 T7
14,05,1 15,04,1 15,05,0 15,05,1 16,04,1 16,05,0 16,05,1 M7
17,03,0 17,03,1 17,04,0 17,04,1 17,05,0 18,02,1 18,03,0 H7
16,01,1 16,02,0 16,02,1 16,03,0 16,03,1 16,04,0 17,01,0 L7
17,00,1 17,01,1 18,00,0 18,00,1 18,01,0 19,00,0 19,00,1 Y7
17,02,0 17,02,1 18,01,1 18,02,0 19,01,0 19,01,1 19,02,0 S7

    ________
   /       /\
  /       /  \
 /\  /\   \   \
/  \/  \___\   \                        ________
\          /   /                       /\       \
 \________/   /                       /  \____   \
  \      /   /                       /\      /   /\
   \    /___/               ________/  \    /   /  \________
   /       /\              /       /   /    \  /           /\
  /_______/  \            /___    /   /______\/___________/  \
 /        \   \          /   /   /    \              /        \
/   ____   \   \________/   /   /   ___\____________/_______   \
\  /    \  /   /    \       \  /\  /   /        \          /\  /
 \/      \/   /___   \____   \/  \/   /          \        /  \/
  \       \   \   \      /\  /       /            \  /\  /   /
   \_______\___\   \    /  \/_______/              \/  \/   /
            \      /\  /   /                       /   /    \
             \    /  \/   /                       /   /___   \
              \   \      /                       /   /    \  /\
               \___\____/                       /   /___   \/  \
                                                \   \   \      /
                                                 \___\   \____/
                                                  \          /
                                                   \________/

solution 8 (1,150,616 searches):
00,10,1 00,11,0 00,11,1 01,10,1 01,11,0 01,11,1 02,10,0 A7
02,10,1 02,11,0 03,08,0 03,08,1 03,09,0 03,09,1 03,10,0 R7
00,09,1 00,10,0 01,09,0 01,09,1 01,10,0 02,09,0 02,09,1 F7
01,08,1 02,07,0 02,07,1 02,08,0 02,08,1 03,07,0 03,07,1 B7
02,05,1 02,06,0 02,06,1 03,06,0 03,06,1 04,05,1 04,06,0 C7
04,06,1 04,07,0 05,05,0 05,05,1 05,06,0 06,05,0 06,05,1 T7
03,04,1 03,05,0 03,05,1 04,04,0 04,04,1 04,05,0 05,04,0 D7
05,04,1 06,03,1 06,04,0 06,04,1 07,02,1 07,03,0 07,03,1 M7
08,02,0 08,02,1 08,03,0 08,03,1 08,04,0 09,02,0 09,02,1 G7
07,04,0 07,04,1 07,05,0 07,05,1 08,05,0 08,05,1 08,06,0 N7
08,04,1 09,03,0 09,03,1 09,04,0 09,04,1 09,05,0 10,04,0 X7
08,06,1 08,07,0 08,07,1 09,06,0 09,06,1 10,05,1 10,06,0 S7
09,05,1 10,04,1 10,05,0 11,04,0 11,04,1 11,05,0 11,05,1 V7
09,07,0 09,07,1 10,06,1 10,07,0 10,07,1 10,08,0 11,06,0 W7
10,08,1 10,09,0 11,06,1 11,07,0 11,07,1 11,08,0 11,08,1 H7
10,09,1 11,09,0 11,09,1 12,08,0 12,08,1 12,09,0 13,08,0 U7
12,06,0 12,06,1 12,07,0 13,06,0 13,06,1 14,05,1 14,06,0 Q7
12,07,1 13,07,0 13,07,1 14,07,0 14,07,1 15,07,0 15,07,1 I7
14,06,1 15,06,0 15,06,1 16,06,0 16,06,1 16,07,0 17,06,0 P7
15,05,0 15,05,1 16,04,1 16,05,0 16,05,1 17,05,0 17,05,1 E7
15,04,1 16,01,1 16,02,0 16,02,1 16,03,0 16,03,1 16,04,0 L7
17,03,0 17,03,1 17,04,0 17,04,1 18,02,0 18,02,1 18,03,0 Z7
18,01,0 18,01,1 19,00,0 19,00,1 19,01,0 19,01,1 19,02,0 Y7
17,00,1 17,01,0 17,01,1 17,02,0 17,02,1 18,00,0 18,00,1 J7

    ________
   /       /\
  /       /  \
 /\  /\   \   \
/  \/  \___\   \                        ________
\          /   /                       /\       \
 \________/   /                       /  \____   \
  \      /   /                       /\      /    \
   \    /___/               ________/  \    /______\________
   /       /\              /   /       /   /\              /\
  /_______/  \            /   /___    /   /  \____________/  \
 /        \   \          /\       \   \  /        \           \
/   ____   \   \________/  \____   \___\/_______   \___________\
\  /    \  /       /       /\   \  /   /        \  /           /
 \/      \/_______/   ____/  \   \/   /          \/___    ____/
  \       \      /   /\       \      /            \   \  /   /
   \_______\    /___/  \    ___\____/              \   \/   /
            \      /   /   /                       /   /    \
             \    /   /___/                       /   /___   \
              \  /       /                       /   /   /   /\
               \/_______/                       /   /   /___/  \
                                                \  /   /       /
                                                 \/   /___    /
                                                  \      /   /
                                                   \____/___/

solution 9 (1,150,626 searches):
00,10,1 00,11,0 00,11,1 01,10,1 01,11,0 01,11,1 02,10,0 A7
02,10,1 02,11,0 03,08,0 03,08,1 03,09,0 03,09,1 03,10,0 R7
00,09,1 00,10,0 01,09,0 01,09,1 01,10,0 02,09,0 02,09,1 F7
01,08,1 02,07,0 02,07,1 02,08,0 02,08,1 03,07,0 03,07,1 B7
02,05,1 02,06,0 02,06,1 03,06,0 03,06,1 04,05,1 04,06,0 C7
04,06,1 04,07,0 05,05,0 05,05,1 05,06,0 06,05,0 06,05,1 T7
03,04,1 03,05,0 03,05,1 04,04,0 04,04,1 04,05,0 05,04,0 D7
05,04,1 06,03,1 06,04,0 06,04,1 07,02,1 07,03,0 07,03,1 M7
08,02,0 08,02,1 08,03,0 08,03,1 08,04,0 09,02,0 09,02,1 G7
07,04,0 07,04,1 07,05,0 07,05,1 08,05,0 08,05,1 08,06,0 N7
08,04,1 09,03,0 09,03,1 09,04,0 09,04,1 09,05,0 10,04,0 X7
08,06,1 08,07,0 08,07,1 09,06,0 09,06,1 10,05,1 10,06,0 S7
09,05,1 10,04,1 10,05,0 11,04,0 11,04,1 11,05,0 11,05,1 V7
09,07,0 09,07,1 10,06,1 10,07,0 10,07,1 10,08,0 11,06,0 W7
10,08,1 10,09,0 11,06,1 11,07,0 11,07,1 11,08,0 11,08,1 H7
10,09,1 11,09,0 11,09,1 12,08,0 12,08,1 12,09,0 13,08,0 U7
12,06,0 12,06,1 12,07,0 13,06,0 13,06,1 14,05,1 14,06,0 Q7
12,07,1 13,07,0 13,07,1 14,07,0 14,07,1 15,07,0 15,07,1 I7
14,06,1 15,06,0 15,06,1 16,06,0 16,06,1 16,07,0 17,06,0 P7
15,05,0 15,05,1 16,04,1 16,05,0 16,05,1 17,05,0 17,05,1 E7
15,04,1 16,02,1 16,03,0 16,03,1 16,04,0 17,02,0 17,03,0 Z7
17,03,1 17,04,0 17,04,1 18,02,1 18,03,0 19,01,1 19,02,0 L7
16,01,1 16,02,0 17,00,1 17,01,0 17,01,1 18,00,0 18,01,0 Y7
17,02,1 18,00,1 18,01,1 18,02,0 19,00,0 19,00,1 19,01,0 J7

    ________
   /       /\
  /       /  \
 /\  /\   \   \
/  \/  \___\   \                        ________
\          /   /                       /\       \
 \________/   /                       /  \____   \
  \      /   /                       /\      /    \
   \    /___/               ________/  \    /______\________
   /       /\              /   /       /   /\              /\
  /_______/  \            /   /___    /   /  \____________/  \
 /        \   \          /\       \   \  /        \           \
/   ____   \   \________/  \____   \___\/_______   \___________\
\  /    \  /       /       /\   \  /   /        \  /           /
 \/      \/_______/   ____/  \   \/   /          \/___    ____/
  \       \      /   /\       \      /            \   \  /   /
   \_______\    /___/  \    ___\____/              \   \/   /
            \      /   /   /                       /    \   \
             \    /   /___/                       /   ___\   \
              \  /       /                       /\   \   \   \
               \/_______/                       /  \___\   \   \
                                                \       \   \  /
                                                 \    ___\   \/
                                                  \   \      /
                                                   \___\____/

solution 10 (1,223,958 searches):
00,10,1 00,11,0 00,11,1 01,10,1 01,11,0 01,11,1 02,10,0 A7
02,10,1 02,11,0 03,08,0 03,08,1 03,09,0 03,09,1 03,10,0 R7
00,09,1 00,10,0 01,09,0 01,09,1 01,10,0 02,09,0 02,09,1 F7
01,08,1 02,07,0 02,07,1 02,08,0 02,08,1 03,07,0 03,07,1 B7
02,05,1 02,06,0 02,06,1 03,06,0 03,06,1 04,05,1 04,06,0 C7
04,06,1 04,07,0 05,05,0 05,05,1 05,06,0 06,05,0 06,05,1 T7
03,04,1 03,05,0 03,05,1 04,04,0 04,04,1 04,05,0 05,04,0 D7
05,04,1 06,03,1 06,04,0 06,04,1 07,02,1 07,03,0 07,03,1 M7
08,02,0 08,02,1 08,03,0 09,02,0 09,02,1 09,03,0 09,03,1 U7
07,04,0 07,04,1 07,05,0 08,03,1 08,04,0 08,04,1 09,04,0 X7
07,05,1 08,05,0 08,05,1 08,06,0 08,06,1 09,04,1 09,05,0 W7
08,07,0 08,07,1 09,05,1 09,06,0 09,06,1 09,07,0 10,05,0 S7
10,04,0 10,04,1 10,05,1 10,06,0 11,04,0 11,04,1 11,05,0 V7
11,05,1 11,06,0 11,06,1 11,07,0 11,07,1 11,08,0 12,06,0 E7
09,07,1 10,06,1 10,07,0 10,07,1 10,08,0 10,08,1 10,09,0 P7
10,09,1 11,08,1 11,09,0 11,09,1 12,07,1 12,08,0 12,09,0 G7
12,06,1 12,07,0 13,06,0 13,06,1 13,07,0 14,05,1 14,06,0 Z7
12,08,1 13,07,1 13,08,0 14,06,1 14,07,0 14,07,1 15,07,0 H7
15,06,1 15,07,1 16,06,0 16,06,1 16,07,0 17,05,1 17,06,0 Y7
15,05,0 15,05,1 15,06,0 16,05,0 16,05,1 17,04,1 17,05,0 Q7
15,04,1 16,02,1 16,03,0 16,03,1 16,04,0 17,01,1 17,02,0 N7
16,01,1 16,02,0 17,00,1 17,01,0 18,00,0 18,00,1 18,01,0 J7
16,04,1 17,03,1 17,04,0 18,02,1 18,03,0 19,01,1 19,02,0 I7
17,02,1 17,03,0 18,01,1 18,02,0 19,00,0 19,00,1 19,01,0 L7

    ________
   /       /\
  /       /  \
 /\  /\   \   \
/  \/  \___\   \                        ________
\          /   /                       /\       \
 \________/   /                       /  \    ___\
  \      /   /                       /   /\   \   \
   \    /___/               ________/   /  \   \   \________
   /       /\              /    \      /   /\  /\       \   \
  /_______/  \            /___   \    /   /  \/  \    ___\   \
 /        \   \          /   /   /\  /    \       \  /\       \
/   ____   \   \________/   /   /  \/   ___\____   \/  \____   \
\  /    \  /       /\       \   \   \  /        \  /        \  /
 \/      \/_______/  \____   \___\   \/          \/_______   \/
  \       \      /        \  /       /            \   \   \  /
   \_______\    /___    ___\/_______/              \   \   \/
            \      /\  /   /                       /   /\   \
             \    /  \/   /                       /   /  \   \
              \  /       /                       /\   \   \   \
               \/_______/                       /  \   \   \   \
                                                \   \  /\   \  /
                                                 \   \/  \   \/
                                                  \      /   /
                                                   \____/___/

User-requested solution limit reached.
10 solutions, 1,223,958 searches, duration 0:00:23.590233
