solving HeptiamondsSteppedObtuseTriangle:

solution 1 (68,848 searches):
00,00,0 00,00,1 00,01,0 00,01,1 01,00,0 01,00,1 01,01,0 D7
09,11,1 10,11,0 10,11,1 11,10,0 11,10,1 11,11,0 11,11,1 G7
08,10,0 08,10,1 09,10,0 09,10,1 09,11,0 10,10,0 10,10,1 E7
06,11,1 07,10,0 07,10,1 07,11,0 07,11,1 08,11,0 08,11,1 H7
06,09,1 07,09,0 07,09,1 08,09,0 08,09,1 09,09,0 09,09,1 I7
07,07,1 07,08,0 07,08,1 08,08,0 08,08,1 09,08,0 09,08,1 L7
00,02,0 00,02,1 00,03,0 00,03,1 01,01,1 01,02,0 01,03,0 A7
01,02,1 01,03,1 02,02,0 02,02,1 02,03,0 02,03,1 03,02,0 B7
02,04,1 02,05,0 02,05,1 03,02,1 03,03,0 03,03,1 03,04,0 N7
00,04,0 00,04,1 00,05,0 01,04,0 01,04,1 01,05,0 02,04,0 M7
00,05,1 00,06,0 00,06,1 01,05,1 01,06,0 01,06,1 02,06,0 F7
00,07,0 00,07,1 01,07,0 01,07,1 01,08,0 02,06,1 02,07,0 T7
00,08,0 00,08,1 00,09,0 00,09,1 01,08,1 01,09,0 01,09,1 U7
00,10,0 00,10,1 00,11,0 01,10,0 01,10,1 02,09,1 02,10,0 Q7
00,11,1 01,11,0 01,11,1 02,10,1 02,11,0 03,09,1 03,10,0 R7
02,11,1 03,10,1 03,11,0 03,11,1 04,11,0 04,11,1 05,11,0 P7
05,09,1 05,10,0 05,10,1 05,11,1 06,10,0 06,10,1 06,11,0 S7
04,08,1 04,09,0 04,09,1 04,10,0 04,10,1 05,08,1 05,09,0 Y7
05,07,1 05,08,0 06,07,0 06,07,1 06,08,0 06,08,1 06,09,0 J7
05,06,1 05,07,0 06,06,0 06,06,1 07,06,0 07,06,1 07,07,0 C7
03,04,1 03,05,0 03,05,1 03,06,0 04,04,0 04,04,1 05,04,0 V7
03,06,1 04,05,0 04,05,1 04,06,0 05,04,1 05,05,0 05,05,1 X7
03,07,0 03,07,1 04,06,1 04,07,0 04,07,1 04,08,0 05,06,0 W7
02,07,1 02,08,0 02,08,1 02,09,0 03,08,0 03,08,1 03,09,0 Z7

                        ________________________________________________
                       /\       \           \   \          /\          /
                      /  \____   \    _______\   \    ____/  \____    /
                     /        \   \  /   /       /   /           /   /
                    /_______   \   \/   /   ____/___/___________/___/
                   /       /\  /\  /    \  /\              /
                  /       /  \/  \/      \/  \____________/
                 /   /\  /       /\  /\  /   /           /
                /___/  \/   ____/  \/  \/   /   ________/
               /        \  /       /\      /\  /
              /_______   \/___    /  \____/  \/
             /        \  /\   \   \          /
            /       ___\/  \   \___\________/
           /\  /\  /   /   /       /
          /  \/  \/   /   /___    /
         /        \   \       \  /
        /__________\   \_______\/
       /    \      /   /
      /   ___\    /   /
     /    \       \  /
    /___   \_______\/
   /    \  /
  /      \/
 /       /
/_______/

solution 2 (102,534 searches):
00,00,0 00,00,1 00,01,0 00,01,1 01,00,0 01,00,1 01,01,0 D7
09,11,1 10,11,0 10,11,1 11,10,0 11,10,1 11,11,0 11,11,1 G7
08,10,0 08,10,1 09,10,0 09,10,1 09,11,0 10,10,0 10,10,1 E7
06,11,1 07,10,0 07,10,1 07,11,0 07,11,1 08,11,0 08,11,1 H7
06,09,1 07,09,0 07,09,1 08,09,0 08,09,1 09,09,0 09,09,1 I7
07,07,1 07,08,0 07,08,1 08,08,0 08,08,1 09,08,0 09,08,1 L7
00,02,0 00,02,1 00,03,0 00,03,1 01,01,1 01,02,0 01,03,0 A7
01,02,1 01,03,1 02,02,0 02,02,1 02,03,0 02,03,1 03,02,0 B7
02,04,1 02,05,0 02,05,1 03,02,1 03,03,0 03,03,1 03,04,0 N7
00,04,0 00,04,1 00,05,0 01,04,0 01,04,1 01,05,0 02,04,0 M7
00,05,1 00,06,0 00,06,1 00,07,0 00,07,1 00,08,0 01,07,0 P7
01,05,1 01,06,0 01,06,1 02,06,0 02,06,1 02,07,0 03,06,0 Q7
03,04,1 03,05,0 04,04,0 04,04,1 05,04,0 05,04,1 05,05,0 C7
03,05,1 04,05,0 04,05,1 04,06,0 04,06,1 05,05,1 05,06,0 S7
04,11,0 04,11,1 05,11,0 05,11,1 06,10,0 06,10,1 06,11,0 J7
04,10,1 05,09,0 05,09,1 05,10,0 05,10,1 06,08,1 06,09,0 X7
02,10,0 02,10,1 02,11,1 03,10,0 03,10,1 03,11,0 03,11,1 U7
00,11,0 00,11,1 01,10,0 01,10,1 01,11,0 01,11,1 02,11,0 Y7
00,08,1 00,09,0 00,09,1 00,10,0 00,10,1 01,07,1 01,08,0 R7
03,09,0 03,09,1 04,08,1 04,09,0 04,09,1 04,10,0 05,08,0 W7
05,08,1 06,07,0 06,07,1 06,08,0 07,06,0 07,06,1 07,07,0 F7
04,07,0 04,07,1 05,06,1 05,07,0 05,07,1 06,06,0 06,06,1 Z7
02,08,1 03,06,1 03,07,0 03,07,1 03,08,0 03,08,1 04,08,0 T7
01,08,1 01,09,0 01,09,1 02,07,1 02,08,0 02,09,0 02,09,1 V7

                        ________________________________________________
                       /        \      /        \          /\          /
                      /___    ___\    /_______   \    ____/  \____    /
                     /   /   /       /\      /   /   /           /   /
                    /   /___/_______/  \    /___/___/___________/___/
                   /   /       /       /    \              /
                  /   /   ____/___    /___   \____________/
                 /\   \   \       \   \   \  /           /
                /  \   \   \    ___\___\   \/   ________/
               /    \  /\  /   /       /    \  /
              /   ___\/  \/   /___    /___   \/
             /   /        \  /    \      /   /
            /   /   _______\/      \____/___/
           /\  /\  /   /\      /\  /
          /  \/  \/   /  \____/  \/
         /        \   \          /
        /__________\   \________/
       /    \      /   /
      /   ___\    /   /
     /    \       \  /
    /___   \_______\/
   /    \  /
  /      \/
 /       /
/_______/

solution 3 (112,302 searches):
00,00,0 00,00,1 00,01,0 00,01,1 01,00,0 01,00,1 01,01,0 D7
09,11,1 10,11,0 10,11,1 11,10,0 11,10,1 11,11,0 11,11,1 G7
08,10,0 08,10,1 09,10,0 09,10,1 09,11,0 10,10,0 10,10,1 E7
06,11,1 07,10,0 07,10,1 07,11,0 07,11,1 08,11,0 08,11,1 H7
06,09,1 07,09,0 07,09,1 08,09,0 08,09,1 09,09,0 09,09,1 I7
07,07,1 07,08,0 07,08,1 08,08,0 08,08,1 09,08,0 09,08,1 L7
00,02,0 00,02,1 00,03,0 00,03,1 01,01,1 01,02,0 01,03,0 A7
01,02,1 01,03,1 02,02,0 02,02,1 02,03,0 02,03,1 03,02,0 B7
02,04,1 02,05,0 02,05,1 03,02,1 03,03,0 03,03,1 03,04,0 N7
00,04,0 00,04,1 00,05,0 01,04,0 01,04,1 01,05,0 02,04,0 M7
00,05,1 00,06,0 00,06,1 00,07,0 00,07,1 00,08,0 01,07,0 P7
01,05,1 01,06,0 01,06,1 02,06,0 02,06,1 02,07,0 03,06,0 Q7
03,04,1 03,05,0 03,05,1 04,04,0 04,05,0 04,05,1 04,06,0 S7
04,04,1 04,06,1 05,04,0 05,04,1 05,05,0 05,05,1 05,06,0 C7
04,11,0 04,11,1 05,11,0 05,11,1 06,10,0 06,10,1 06,11,0 J7
04,10,1 05,09,0 05,09,1 05,10,0 05,10,1 06,08,1 06,09,0 X7
02,10,0 02,10,1 02,11,1 03,10,0 03,10,1 03,11,0 03,11,1 U7
00,11,0 00,11,1 01,10,0 01,10,1 01,11,0 01,11,1 02,11,0 Y7
00,08,1 00,09,0 00,09,1 00,10,0 00,10,1 01,07,1 01,08,0 R7
03,09,0 03,09,1 04,08,1 04,09,0 04,09,1 04,10,0 05,08,0 W7
05,08,1 06,07,0 06,07,1 06,08,0 07,06,0 07,06,1 07,07,0 F7
04,07,0 04,07,1 05,06,1 05,07,0 05,07,1 06,06,0 06,06,1 Z7
02,08,1 03,06,1 03,07,0 03,07,1 03,08,0 03,08,1 04,08,0 T7
01,08,1 01,09,0 01,09,1 02,07,1 02,08,0 02,09,0 02,09,1 V7

                        ________________________________________________
                       /        \      /        \          /\          /
                      /___    ___\    /_______   \    ____/  \____    /
                     /   /   /       /\      /   /   /           /   /
                    /   /___/_______/  \    /___/___/___________/___/
                   /   /       /       /    \              /
                  /   /   ____/___    /___   \____________/
                 /\   \   \       \   \   \  /           /
                /  \   \   \    ___\___\   \/   ________/
               /    \  /\  /   /       /    \  /
              /   ___\/  \/   /___    /___   \/
             /   /        \  /\   \      /   /
            /   /   _______\/  \   \____/___/
           /\  /\  /   /       /   /
          /  \/  \/   /   ____/   /
         /        \   \   \      /
        /__________\   \___\____/
       /    \      /   /
      /   ___\    /   /
     /    \       \  /
    /___   \_______\/
   /    \  /
  /      \/
 /       /
/_______/

solution 4 (127,777 searches):
00,00,0 00,00,1 00,01,0 00,01,1 01,00,0 01,00,1 01,01,0 D7
09,11,1 10,11,0 10,11,1 11,10,0 11,10,1 11,11,0 11,11,1 G7
08,10,0 08,10,1 09,10,0 09,10,1 09,11,0 10,10,0 10,10,1 E7
06,11,1 07,10,0 07,10,1 07,11,0 07,11,1 08,11,0 08,11,1 H7
06,09,1 07,09,0 07,09,1 08,09,0 08,09,1 09,09,0 09,09,1 I7
07,07,1 07,08,0 07,08,1 08,08,0 08,08,1 09,08,0 09,08,1 L7
00,02,0 00,02,1 00,03,0 00,03,1 01,01,1 01,02,0 01,03,0 A7
01,02,1 01,03,1 02,02,0 02,02,1 02,03,0 02,03,1 03,02,0 B7
02,04,1 02,05,0 02,05,1 03,02,1 03,03,0 03,03,1 03,04,0 N7
00,04,0 00,04,1 00,05,0 01,04,0 01,04,1 01,05,0 02,04,0 M7
00,05,1 00,06,0 00,06,1 00,07,0 00,07,1 01,07,0 01,07,1 R7
01,05,1 01,06,0 01,06,1 02,06,0 02,06,1 02,07,0 03,06,0 Q7
00,08,0 00,08,1 00,09,0 00,09,1 00,10,0 00,10,1 01,08,0 P7
00,11,0 00,11,1 01,10,0 01,10,1 01,11,0 01,11,1 02,11,0 Y7
03,04,1 03,05,0 04,04,0 04,04,1 05,04,0 05,04,1 05,05,0 C7
03,05,1 04,05,0 04,05,1 04,06,0 04,06,1 05,05,1 05,06,0 S7
04,11,0 04,11,1 05,11,0 05,11,1 06,10,0 06,10,1 06,11,0 J7
02,10,0 02,10,1 02,11,1 03,10,0 03,10,1 03,11,0 03,11,1 U7
04,10,1 05,09,0 05,09,1 05,10,0 05,10,1 06,08,1 06,09,0 X7
03,09,0 03,09,1 04,08,1 04,09,0 04,09,1 04,10,0 05,08,0 W7
05,08,1 06,07,0 06,07,1 06,08,0 07,06,0 07,06,1 07,07,0 F7
04,07,0 04,07,1 05,06,1 05,07,0 05,07,1 06,06,0 06,06,1 Z7
02,08,1 03,06,1 03,07,0 03,07,1 03,08,0 03,08,1 04,08,0 T7
01,08,1 01,09,0 01,09,1 02,07,1 02,08,0 02,09,0 02,09,1 V7

                        ________________________________________________
                       /        \      /        \          /\          /
                      /___    ___\    /_______   \    ____/  \____    /
                     /   /   /       /\      /   /   /           /   /
                    /   /___/_______/  \    /___/___/___________/___/
                   /   /       /       /    \              /
                  /   /   ____/___    /___   \____________/
                 /    \   \       \   \   \  /           /
                /______\   \    ___\___\   \/   ________/
               /       /\  /   /       /    \  /
              /   ____/  \/   /___    /___   \/
             /   /        \  /    \      /   /
            /   /   _______\/      \____/___/
           /\  /\  /   /\      /\  /
          /  \/  \/   /  \____/  \/
         /        \   \          /
        /__________\   \________/
       /    \      /   /
      /   ___\    /   /
     /    \       \  /
    /___   \_______\/
   /    \  /
  /      \/
 /       /
/_______/

solution 5 (128,463 searches):
00,00,0 00,00,1 00,01,0 00,01,1 01,00,0 01,00,1 01,01,0 D7
09,11,1 10,11,0 10,11,1 11,10,0 11,10,1 11,11,0 11,11,1 G7
08,10,0 08,10,1 09,10,0 09,10,1 09,11,0 10,10,0 10,10,1 E7
06,11,1 07,10,0 07,10,1 07,11,0 07,11,1 08,11,0 08,11,1 H7
06,09,1 07,09,0 07,09,1 08,09,0 08,09,1 09,09,0 09,09,1 I7
07,07,1 07,08,0 07,08,1 08,08,0 08,08,1 09,08,0 09,08,1 L7
00,02,0 00,02,1 00,03,0 00,03,1 01,01,1 01,02,0 01,03,0 A7
01,02,1 01,03,1 02,02,0 02,02,1 02,03,0 02,03,1 03,02,0 B7
02,04,1 02,05,0 02,05,1 03,02,1 03,03,0 03,03,1 03,04,0 N7
00,04,0 00,04,1 00,05,0 01,04,0 01,04,1 01,05,0 02,04,0 M7
00,05,1 00,06,0 00,06,1 00,07,0 00,07,1 01,07,0 01,07,1 R7
01,05,1 01,06,0 01,06,1 02,06,0 02,06,1 02,07,0 03,06,0 Q7
00,08,0 00,08,1 00,09,0 00,09,1 00,10,0 00,10,1 01,08,0 P7
00,11,0 00,11,1 01,10,0 01,10,1 01,11,0 01,11,1 02,11,0 Y7
03,04,1 03,05,0 03,05,1 04,04,0 04,05,0 04,05,1 04,06,0 S7
04,04,1 04,06,1 05,04,0 05,04,1 05,05,0 05,05,1 05,06,0 C7
04,11,0 04,11,1 05,11,0 05,11,1 06,10,0 06,10,1 06,11,0 J7
02,10,0 02,10,1 02,11,1 03,10,0 03,10,1 03,11,0 03,11,1 U7
04,10,1 05,09,0 05,09,1 05,10,0 05,10,1 06,08,1 06,09,0 X7
03,09,0 03,09,1 04,08,1 04,09,0 04,09,1 04,10,0 05,08,0 W7
05,08,1 06,07,0 06,07,1 06,08,0 07,06,0 07,06,1 07,07,0 F7
04,07,0 04,07,1 05,06,1 05,07,0 05,07,1 06,06,0 06,06,1 Z7
02,08,1 03,06,1 03,07,0 03,07,1 03,08,0 03,08,1 04,08,0 T7
01,08,1 01,09,0 01,09,1 02,07,1 02,08,0 02,09,0 02,09,1 V7

                        ________________________________________________
                       /        \      /        \          /\          /
                      /___    ___\    /_______   \    ____/  \____    /
                     /   /   /       /\      /   /   /           /   /
                    /   /___/_______/  \    /___/___/___________/___/
                   /   /       /       /    \              /
                  /   /   ____/___    /___   \____________/
                 /    \   \       \   \   \  /           /
                /______\   \    ___\___\   \/   ________/
               /       /\  /   /       /    \  /
              /   ____/  \/   /___    /___   \/
             /   /        \  /\   \      /   /
            /   /   _______\/  \   \____/___/
           /\  /\  /   /       /   /
          /  \/  \/   /   ____/   /
         /        \   \   \      /
        /__________\   \___\____/
       /    \      /   /
      /   ___\    /   /
     /    \       \  /
    /___   \_______\/
   /    \  /
  /      \/
 /       /
/_______/

solution 6 (138,713 searches):
00,00,0 00,00,1 00,01,0 00,01,1 01,00,0 01,00,1 01,01,0 D7
09,11,1 10,11,0 10,11,1 11,10,0 11,10,1 11,11,0 11,11,1 G7
08,10,0 08,10,1 09,10,0 09,10,1 09,11,0 10,10,0 10,10,1 E7
06,11,1 07,10,0 07,10,1 07,11,0 07,11,1 08,11,0 08,11,1 H7
06,09,1 07,09,0 07,09,1 08,09,0 08,09,1 09,09,0 09,09,1 I7
07,07,1 07,08,0 07,08,1 08,08,0 08,08,1 09,08,0 09,08,1 L7
00,02,0 00,02,1 00,03,0 00,03,1 01,01,1 01,02,0 01,03,0 A7
01,02,1 01,03,1 02,02,0 02,02,1 02,03,0 02,03,1 03,02,0 B7
02,04,1 02,05,0 02,05,1 03,02,1 03,03,0 03,03,1 03,04,0 N7
00,04,0 00,04,1 00,05,0 01,04,0 01,04,1 01,05,0 02,04,0 M7
00,05,1 00,06,0 00,06,1 00,07,0 00,07,1 01,05,1 01,06,0 Y7
04,10,1 04,11,0 04,11,1 05,11,0 05,11,1 06,10,1 06,11,0 C7
05,08,1 05,09,0 05,09,1 05,10,0 05,10,1 06,09,0 06,10,0 F7
06,06,1 06,07,1 06,08,0 06,08,1 07,06,0 07,06,1 07,07,0 S7
02,11,1 03,10,1 03,11,0 03,11,1 04,09,0 04,09,1 04,10,0 Q7
04,08,1 05,06,1 05,07,0 05,07,1 05,08,0 06,06,0 06,07,0 Z7
03,04,1 03,05,0 03,05,1 03,06,0 04,04,0 04,04,1 05,04,0 V7
03,06,1 04,05,0 04,05,1 04,06,0 05,04,1 05,05,0 05,05,1 X7
03,07,0 03,07,1 04,06,1 04,07,0 04,07,1 04,08,0 05,06,0 W7
01,08,1 02,06,0 02,06,1 02,07,0 02,07,1 02,08,0 02,08,1 P7
00,08,0 00,08,1 00,09,0 01,06,1 01,07,0 01,07,1 01,08,0 U7
01,09,0 01,09,1 02,09,0 02,09,1 03,08,0 03,08,1 03,09,0 J7
00,09,1 00,10,0 00,10,1 00,11,0 01,10,0 01,10,1 02,10,0 T7
00,11,1 01,11,0 01,11,1 02,10,1 02,11,0 03,09,1 03,10,0 R7

                        ________________________________________________
                       /\       \      /        \          /\          /
                      /  \____   \    /   ____   \    ____/  \____    /
                     /        \   \   \  /    \  /   /           /   /
                    /   _______\   \   \/   ___\/___/___________/___/
                   /\  /        \  /   /    \              /
                  /  \/_______   \/___/   ___\____________/
                 /    \      /   /\   \  /   /           /
                /___   \    /___/  \   \/   /   ________/
               /   /   /   /       /    \   \  /
              /   /   /   /___    /   ___\   \/
             /    \  /   /\   \   \   \      /
            /      \/___/  \   \___\___\____/
           /\  /\  /   /   /       /
          /  \/  \/   /   /___    /
         /        \   \       \  /
        /__________\   \_______\/
       /    \      /   /
      /   ___\    /   /
     /    \       \  /
    /___   \_______\/
   /    \  /
  /      \/
 /       /
/_______/

solution 7 (138,715 searches):
00,00,0 00,00,1 00,01,0 00,01,1 01,00,0 01,00,1 01,01,0 D7
09,11,1 10,11,0 10,11,1 11,10,0 11,10,1 11,11,0 11,11,1 G7
08,10,0 08,10,1 09,10,0 09,10,1 09,11,0 10,10,0 10,10,1 E7
06,11,1 07,10,0 07,10,1 07,11,0 07,11,1 08,11,0 08,11,1 H7
06,09,1 07,09,0 07,09,1 08,09,0 08,09,1 09,09,0 09,09,1 I7
07,07,1 07,08,0 07,08,1 08,08,0 08,08,1 09,08,0 09,08,1 L7
00,02,0 00,02,1 00,03,0 00,03,1 01,01,1 01,02,0 01,03,0 A7
01,02,1 01,03,1 02,02,0 02,02,1 02,03,0 02,03,1 03,02,0 B7
02,04,1 02,05,0 02,05,1 03,02,1 03,03,0 03,03,1 03,04,0 N7
00,04,0 00,04,1 00,05,0 01,04,0 01,04,1 01,05,0 02,04,0 M7
00,05,1 00,06,0 00,06,1 00,07,0 00,07,1 01,05,1 01,06,0 Y7
04,10,1 04,11,0 04,11,1 05,11,0 05,11,1 06,10,1 06,11,0 C7
05,08,1 05,09,0 05,09,1 05,10,0 05,10,1 06,09,0 06,10,0 F7
06,06,1 06,07,1 06,08,0 06,08,1 07,06,0 07,06,1 07,07,0 S7
02,11,1 03,10,1 03,11,0 03,11,1 04,09,0 04,09,1 04,10,0 Q7
04,08,1 05,06,1 05,07,0 05,07,1 05,08,0 06,06,0 06,07,0 Z7
03,04,1 03,05,0 03,05,1 03,06,0 04,04,0 04,04,1 05,04,0 V7
03,06,1 04,05,0 04,05,1 04,06,0 05,04,1 05,05,0 05,05,1 X7
03,07,0 03,07,1 04,06,1 04,07,0 04,07,1 04,08,0 05,06,0 W7
01,08,1 02,06,0 02,06,1 02,07,0 02,07,1 02,08,0 02,08,1 P7
00,08,0 00,08,1 00,09,0 01,06,1 01,07,0 01,07,1 01,08,0 U7
01,09,0 01,09,1 02,09,0 02,09,1 03,08,0 03,08,1 03,09,0 J7
01,10,0 01,10,1 02,10,0 02,10,1 02,11,0 03,09,1 03,10,0 T7
00,09,1 00,10,0 00,10,1 00,11,0 00,11,1 01,11,0 01,11,1 R7

                        ________________________________________________
                       /       /\      /        \          /\          /
                      /   ____/  \    /   ____   \    ____/  \____    /
                     /   /        \   \  /    \  /   /           /   /
                    /   /_______   \   \/   ___\/___/___________/___/
                   /\  /        \  /   /    \              /
                  /  \/_______   \/___/   ___\____________/
                 /    \      /   /\   \  /   /           /
                /___   \    /___/  \   \/   /   ________/
               /   /   /   /       /    \   \  /
              /   /   /   /___    /   ___\   \/
             /    \  /   /\   \   \   \      /
            /      \/___/  \   \___\___\____/
           /\  /\  /   /   /       /
          /  \/  \/   /   /___    /
         /        \   \       \  /
        /__________\   \_______\/
       /    \      /   /
      /   ___\    /   /
     /    \       \  /
    /___   \_______\/
   /    \  /
  /      \/
 /       /
/_______/

solution 8 (141,524 searches):
00,00,0 00,00,1 00,01,0 00,01,1 01,00,0 01,00,1 01,01,0 D7
09,11,1 10,11,0 10,11,1 11,10,0 11,10,1 11,11,0 11,11,1 G7
08,10,0 08,10,1 09,10,0 09,10,1 09,11,0 10,10,0 10,10,1 E7
06,11,1 07,10,0 07,10,1 07,11,0 07,11,1 08,11,0 08,11,1 H7
06,09,1 07,09,0 07,09,1 08,09,0 08,09,1 09,09,0 09,09,1 I7
07,07,1 07,08,0 07,08,1 08,08,0 08,08,1 09,08,0 09,08,1 L7
00,02,0 00,02,1 00,03,0 00,03,1 01,01,1 01,02,0 01,03,0 A7
01,02,1 01,03,1 02,02,0 02,02,1 02,03,0 02,03,1 03,02,0 B7
02,04,1 02,05,0 02,05,1 03,02,1 03,03,0 03,03,1 03,04,0 N7
00,04,0 00,04,1 00,05,0 01,04,0 01,04,1 01,05,0 02,04,0 M7
00,05,1 00,06,0 00,06,1 00,07,0 00,07,1 01,05,1 01,06,0 Y7
04,10,1 04,11,0 04,11,1 05,11,0 05,11,1 06,10,1 06,11,0 C7
05,08,1 05,09,0 05,09,1 05,10,0 05,10,1 06,09,0 06,10,0 F7
06,06,1 06,07,1 06,08,0 06,08,1 07,06,0 07,06,1 07,07,0 S7
02,11,1 03,10,0 03,10,1 03,11,0 03,11,1 04,09,1 04,10,0 X7
03,09,1 04,08,1 04,09,0 05,07,0 05,07,1 05,08,0 06,07,0 P7
04,06,1 04,07,0 04,07,1 04,08,0 05,06,0 05,06,1 06,06,0 V7
03,06,0 03,06,1 04,05,0 04,05,1 04,06,0 05,05,0 05,05,1 Z7
03,04,1 03,05,0 03,05,1 04,04,0 04,04,1 05,04,0 05,04,1 J7
01,08,1 02,06,0 02,06,1 02,07,0 02,07,1 02,08,0 03,07,0 T7
00,08,0 00,08,1 00,09,0 01,06,1 01,07,0 01,07,1 01,08,0 U7
01,10,0 01,10,1 02,09,1 02,10,0 02,10,1 02,11,0 03,09,0 W7
01,09,0 01,09,1 02,08,1 02,09,0 03,07,1 03,08,0 03,08,1 Q7
00,09,1 00,10,0 00,10,1 00,11,0 00,11,1 01,11,0 01,11,1 R7

                        ________________________________________________
                       /       /\      /        \          /\          /
                      /   ____/  \    /   ____   \    ____/  \____    /
                     /   /       /    \  /    \  /   /           /   /
                    /   /___    /___   \/   ___\/___/___________/___/
                   /\  /    \   \   \  /    \              /
                  /  \/___   \___\   \/   ___\____________/
                 /    \   \      /\   \  /   /           /
                /___   \   \    /  \   \/   /   ________/
               /   /   /    \  /   /    \   \  /
              /   /   /   ___\/   /______\   \/
             /    \  /   /    \       \      /
            /      \/___/___   \_______\____/
           /\  /\  /   /   /       /
          /  \/  \/   /   /_______/
         /        \   \          /
        /__________\   \________/
       /    \      /   /
      /   ___\    /   /
     /    \       \  /
    /___   \_______\/
   /    \  /
  /      \/
 /       /
/_______/

solution 9 (144,474 searches):
00,00,0 00,00,1 00,01,0 00,01,1 01,00,0 01,00,1 01,01,0 D7
09,11,1 10,11,0 10,11,1 11,10,0 11,10,1 11,11,0 11,11,1 G7
08,10,0 08,10,1 09,10,0 09,10,1 09,11,0 10,10,0 10,10,1 E7
06,11,1 07,10,0 07,10,1 07,11,0 07,11,1 08,11,0 08,11,1 H7
06,09,1 07,09,0 07,09,1 08,09,0 08,09,1 09,09,0 09,09,1 I7
07,07,1 07,08,0 07,08,1 08,08,0 08,08,1 09,08,0 09,08,1 L7
00,02,0 00,02,1 00,03,0 00,03,1 01,01,1 01,02,0 01,03,0 A7
01,02,1 01,03,1 02,02,0 02,02,1 02,03,0 02,03,1 03,02,0 B7
02,04,1 02,05,0 02,05,1 03,02,1 03,03,0 03,03,1 03,04,0 N7
00,04,0 00,04,1 00,05,0 01,04,0 01,04,1 01,05,0 02,04,0 M7
00,05,1 00,06,0 00,06,1 00,07,0 00,07,1 01,05,1 01,06,0 Y7
04,10,1 04,11,0 04,11,1 05,11,0 05,11,1 06,10,1 06,11,0 C7
05,08,1 05,09,0 05,09,1 05,10,0 05,10,1 06,09,0 06,10,0 F7
06,07,0 06,07,1 06,08,0 06,08,1 07,06,0 07,06,1 07,07,0 Z7
04,08,1 05,06,1 05,07,0 05,07,1 05,08,0 06,06,0 06,06,1 S7
02,11,1 03,10,1 03,11,0 03,11,1 04,09,0 04,09,1 04,10,0 Q7
03,04,1 03,05,0 03,05,1 03,06,0 04,04,0 04,04,1 05,04,0 V7
03,06,1 04,05,0 04,05,1 04,06,0 05,04,1 05,05,0 05,05,1 X7
03,07,0 03,07,1 04,06,1 04,07,0 04,07,1 04,08,0 05,06,0 W7
01,08,1 02,06,0 02,06,1 02,07,0 02,07,1 02,08,0 02,08,1 P7
00,08,0 00,08,1 00,09,0 01,06,1 01,07,0 01,07,1 01,08,0 U7
01,09,0 01,09,1 02,09,0 02,09,1 03,08,0 03,08,1 03,09,0 J7
00,09,1 00,10,0 00,10,1 00,11,0 01,10,0 01,10,1 02,10,0 T7
00,11,1 01,11,0 01,11,1 02,10,1 02,11,0 03,09,1 03,10,0 R7

                        ________________________________________________
                       /\       \      /        \          /\          /
                      /  \____   \    /   ____   \    ____/  \____    /
                     /        \   \   \  /    \  /   /           /   /
                    /   _______\   \   \/   ___\/___/___________/___/
                   /\  /        \  /   /    \              /
                  /  \/_______   \/___/   ___\____________/
                 /    \      /   /\   \  /   /           /
                /___   \    /___/  \   \/   /   ________/
               /   /   /   /       /   /    \  /
              /   /   /   /___    /   /___   \/
             /    \  /   /\   \   \      /   /
            /      \/___/  \   \___\____/___/
           /\  /\  /   /   /       /
          /  \/  \/   /   /___    /
         /        \   \       \  /
        /__________\   \_______\/
       /    \      /   /
      /   ___\    /   /
     /    \       \  /
    /___   \_______\/
   /    \  /
  /      \/
 /       /
/_______/

solution 10 (144,476 searches):
00,00,0 00,00,1 00,01,0 00,01,1 01,00,0 01,00,1 01,01,0 D7
09,11,1 10,11,0 10,11,1 11,10,0 11,10,1 11,11,0 11,11,1 G7
08,10,0 08,10,1 09,10,0 09,10,1 09,11,0 10,10,0 10,10,1 E7
06,11,1 07,10,0 07,10,1 07,11,0 07,11,1 08,11,0 08,11,1 H7
06,09,1 07,09,0 07,09,1 08,09,0 08,09,1 09,09,0 09,09,1 I7
07,07,1 07,08,0 07,08,1 08,08,0 08,08,1 09,08,0 09,08,1 L7
00,02,0 00,02,1 00,03,0 00,03,1 01,01,1 01,02,0 01,03,0 A7
01,02,1 01,03,1 02,02,0 02,02,1 02,03,0 02,03,1 03,02,0 B7
02,04,1 02,05,0 02,05,1 03,02,1 03,03,0 03,03,1 03,04,0 N7
00,04,0 00,04,1 00,05,0 01,04,0 01,04,1 01,05,0 02,04,0 M7
00,05,1 00,06,0 00,06,1 00,07,0 00,07,1 01,05,1 01,06,0 Y7
04,10,1 04,11,0 04,11,1 05,11,0 05,11,1 06,10,1 06,11,0 C7
05,08,1 05,09,0 05,09,1 05,10,0 05,10,1 06,09,0 06,10,0 F7
06,07,0 06,07,1 06,08,0 06,08,1 07,06,0 07,06,1 07,07,0 Z7
04,08,1 05,06,1 05,07,0 05,07,1 05,08,0 06,06,0 06,06,1 S7
02,11,1 03,10,1 03,11,0 03,11,1 04,09,0 04,09,1 04,10,0 Q7
03,04,1 03,05,0 03,05,1 03,06,0 04,04,0 04,04,1 05,04,0 V7
03,06,1 04,05,0 04,05,1 04,06,0 05,04,1 05,05,0 05,05,1 X7
03,07,0 03,07,1 04,06,1 04,07,0 04,07,1 04,08,0 05,06,0 W7
01,08,1 02,06,0 02,06,1 02,07,0 02,07,1 02,08,0 02,08,1 P7
00,08,0 00,08,1 00,09,0 01,06,1 01,07,0 01,07,1 01,08,0 U7
01,09,0 01,09,1 02,09,0 02,09,1 03,08,0 03,08,1 03,09,0 J7
01,10,0 01,10,1 02,10,0 02,10,1 02,11,0 03,09,1 03,10,0 T7
00,09,1 00,10,0 00,10,1 00,11,0 00,11,1 01,11,0 01,11,1 R7

                        ________________________________________________
                       /       /\      /        \          /\          /
                      /   ____/  \    /   ____   \    ____/  \____    /
                     /   /        \   \  /    \  /   /           /   /
                    /   /_______   \   \/   ___\/___/___________/___/
                   /\  /        \  /   /    \              /
                  /  \/_______   \/___/   ___\____________/
                 /    \      /   /\   \  /   /           /
                /___   \    /___/  \   \/   /   ________/
               /   /   /   /       /   /    \  /
              /   /   /   /___    /   /___   \/
             /    \  /   /\   \   \      /   /
            /      \/___/  \   \___\____/___/
           /\  /\  /   /   /       /
          /  \/  \/   /   /___    /
         /        \   \       \  /
        /__________\   \_______\/
       /    \      /   /
      /   ___\    /   /
     /    \       \  /
    /___   \_______\/
   /    \  /
  /      \/
 /       /
/_______/

User-requested solution limit reached.
10 solutions, 144,476 searches, duration 0:00:05.878933
