solving HeptiamondsHexgridStaggeredRectangle7x4:

solution 1 (35,916 searches):
00,7,1 00,8,0 00,8,1 01,6,1 01,7,0 02,6,0 02,6,1 C7
01,7,1 01,8,0 02,7,0 02,7,1 03,7,0 03,7,1 04,7,0 L7
03,8,0 03,8,1 04,7,1 04,8,0 05,7,0 05,7,1 06,7,0 N7
01,5,1 01,6,0 02,4,0 02,4,1 02,5,0 03,3,1 03,4,0 E7
02,3,1 03,2,0 03,2,1 03,3,0 04,2,0 04,2,1 04,3,0 A7
03,1,1 04,1,0 04,1,1 05,0,1 05,1,0 05,1,1 06,0,0 H7
06,0,1 06,1,0 06,1,1 06,2,0 06,2,1 07,1,0 07,2,0 F7
05,2,0 05,2,1 05,3,0 05,3,1 05,4,0 05,4,1 05,5,0 I7
02,5,1 03,4,1 03,5,0 03,5,1 04,3,1 04,4,0 04,4,1 M7
03,6,0 03,6,1 04,5,0 04,5,1 04,6,0 04,6,1 05,6,0 Y7
09,7,1 09,8,0 09,8,1 10,6,1 10,7,0 10,7,1 10,8,0 D7
09,6,1 10,5,1 10,6,0 11,4,1 11,5,0 11,5,1 11,6,0 G7
07,7,1 07,8,0 08,6,0 08,6,1 08,7,0 08,7,1 09,7,0 W7
06,6,1 06,7,1 06,8,0 06,8,1 07,6,0 07,6,1 07,7,0 S7
05,6,1 06,5,1 06,6,0 07,5,0 07,5,1 08,5,0 08,5,1 R7
05,5,1 06,3,0 06,3,1 06,4,0 06,4,1 06,5,0 07,4,0 T7
11,3,0 11,3,1 11,4,0 12,2,1 12,3,0 12,3,1 12,4,0 B7
12,0,1 12,1,0 12,1,1 12,2,0 13,1,0 13,1,1 13,2,0 Z7
10,1,0 10,1,1 10,2,0 11,0,1 11,1,0 11,1,1 12,0,0 X7
10,2,1 10,3,0 10,3,1 10,4,0 10,4,1 11,2,0 11,2,1 J7
07,1,1 08,0,1 08,1,0 09,0,0 09,0,1 09,1,0 09,1,1 V7
07,3,0 07,3,1 07,4,1 08,3,0 08,3,1 08,4,0 08,4,1 U7
09,3,1 09,4,0 09,4,1 09,5,0 09,5,1 09,6,0 10,5,0 P7
07,2,1 08,1,1 08,2,0 08,2,1 09,2,0 09,2,1 09,3,0 Q7

  ____        ____        ____        ____
 /   /\      /    \      /   /\      /    \
/   /  \____/___   \____/   /  \____/      \
\   \           \       \   \       \      /
 \   \___________\_______\   \    ___\    /
 /\      /        \   \      /   /\   \  /\
/  \____/___    ___\   \____/___/  \   \/  \
\   \      /   /\   \          /    \      /
 \   \    /___/  \   \________/   ___\    /
 /    \      /   /    \      /   /   /\  /\
/___   \    /   /   ___\    /   /   /  \/  \
\   \  /\  /   /   /       /\  /   /       /
 \   \/  \/   /___/_______/  \/   /___    /
 /       /   /    \          /\      /\  /\
/_______/___/   ___\    ____/  \____/  \/  \
\          /    \   \  /   /       /       /
 \____    /   ___\   \/   /___    /   ____/
      \   \  /    \      /    \   \  /
       \___\/      \____/      \___\/

solution 2 (99,094 searches):
00,7,1 00,8,0 00,8,1 01,6,1 01,7,0 02,6,0 02,6,1 C7
01,7,1 01,8,0 02,7,0 02,7,1 03,7,0 03,7,1 04,7,0 L7
03,8,0 03,8,1 04,7,1 04,8,0 05,7,0 05,7,1 06,7,0 N7
01,5,1 01,6,0 02,4,0 02,4,1 02,5,0 03,3,1 03,4,0 E7
02,3,1 03,2,0 03,2,1 03,3,0 04,2,0 04,2,1 04,3,0 A7
03,1,1 04,1,0 04,1,1 05,0,1 05,1,0 05,1,1 06,0,0 H7
06,0,1 06,1,0 06,1,1 06,2,0 06,2,1 07,1,0 07,2,0 F7
05,2,0 05,2,1 05,3,0 05,3,1 05,4,0 05,4,1 05,5,0 I7
02,5,1 03,4,1 03,5,0 03,5,1 04,3,1 04,4,0 04,4,1 M7
03,6,0 03,6,1 04,5,0 04,5,1 04,6,0 04,6,1 05,6,0 Y7
09,8,0 09,8,1 10,6,0 10,6,1 10,7,0 10,7,1 10,8,0 J7
10,5,0 10,5,1 11,4,1 11,5,0 11,5,1 11,6,0 12,4,0 W7
06,8,1 07,7,1 07,8,0 08,7,0 08,7,1 09,7,0 09,7,1 R7
06,6,1 06,7,1 06,8,0 07,6,0 07,6,1 07,7,0 08,6,0 G7
08,5,0 08,5,1 08,6,1 09,5,0 09,5,1 09,6,0 09,6,1 U7
05,5,1 05,6,1 06,4,1 06,5,0 06,5,1 06,6,0 07,4,0 Z7
07,4,1 07,5,0 07,5,1 08,4,0 08,4,1 09,3,1 09,4,0 S7
06,3,0 06,3,1 06,4,0 07,3,0 07,3,1 08,3,0 08,3,1 P7
07,1,1 08,0,1 08,1,0 08,1,1 09,0,0 09,0,1 09,1,0 D7
07,2,1 08,2,0 08,2,1 09,1,1 09,2,0 09,2,1 09,3,0 T7
09,4,1 10,3,0 10,3,1 10,4,0 10,4,1 11,3,0 11,4,0 B7
11,3,1 12,2,1 12,3,0 12,3,1 13,1,0 13,1,1 13,2,0 Q7
10,2,1 11,2,0 11,2,1 12,0,1 12,1,0 12,1,1 12,2,0 V7
10,1,0 10,1,1 10,2,0 11,0,1 11,1,0 11,1,1 12,0,0 X7

  ____        ____        ____        ____
 /   /\      /    \      /\   \      /    \
/   /  \____/___   \____/  \   \____/___   \
\   \           \       \   \          /   /
 \   \___________\_______\   \________/   /
 /\      /        \   \       \      /   /\
/  \____/___    ___\   \_______\    /___/  \
\   \      /   /\      /   /       /       /
 \   \    /___/  \    /   /_______/___    /
 /    \      /   /\   \       \       \   \
/___   \    /   /  \___\____   \    ___\___\
\   \  /\  /   /           /\  /    \      /
 \   \/  \/   /___________/  \/______\    /
 /       /   /    \          /\       \   \
/_______/___/   ___\____    /  \____   \   \
\          /    \       \  /       /   /   /
 \____    /   ___\       \/___    /   /___/
      \   \  /    \      /    \   \  /
       \___\/      \____/      \___\/

solution 3 (138,983 searches):
00,7,1 00,8,0 00,8,1 01,6,1 01,7,0 02,6,0 02,6,1 C7
01,7,1 01,8,0 02,7,0 02,7,1 03,7,0 03,7,1 04,7,0 L7
03,8,0 03,8,1 04,7,1 04,8,0 05,7,0 05,7,1 06,7,0 N7
01,5,1 01,6,0 02,4,0 02,4,1 02,5,0 03,3,1 03,4,0 E7
02,3,1 03,2,0 03,2,1 03,3,0 04,2,0 04,2,1 04,3,0 A7
03,1,1 04,1,0 04,1,1 05,0,1 05,1,0 05,1,1 06,0,0 H7
06,0,1 06,1,0 06,1,1 06,2,0 06,2,1 07,1,0 07,2,0 F7
05,2,0 05,2,1 05,3,0 05,3,1 05,4,0 05,4,1 05,5,0 I7
02,5,1 03,4,1 03,5,0 03,5,1 04,3,1 04,4,0 04,4,1 M7
03,6,0 03,6,1 04,5,0 04,5,1 04,6,0 04,6,1 05,6,0 Y7
08,7,1 09,7,0 09,7,1 09,8,0 09,8,1 10,7,1 10,8,0 S7
06,7,1 06,8,0 06,8,1 07,7,0 07,7,1 07,8,0 08,7,0 D7
09,0,0 09,0,1 09,1,0 09,1,1 10,1,0 10,1,1 11,1,0 R7
11,0,1 12,0,0 12,0,1 12,1,0 12,1,1 12,2,0 13,1,0 Q7
11,2,1 11,3,0 11,3,1 12,2,1 12,3,0 13,1,1 13,2,0 J7
07,1,1 07,2,1 07,3,0 08,0,1 08,1,0 08,1,1 08,2,0 U7
05,5,1 06,3,0 06,3,1 06,4,0 06,4,1 06,5,0 07,4,0 T7
09,2,1 10,2,0 10,2,1 10,3,0 10,3,1 11,1,1 11,2,0 W7
10,4,1 10,5,0 11,4,0 11,4,1 11,5,0 12,3,1 12,4,0 Z7
09,6,1 10,5,1 10,6,0 10,6,1 10,7,0 11,5,1 11,6,0 B7
07,3,1 08,2,1 08,3,0 08,3,1 09,2,0 09,3,0 09,3,1 G7
08,5,1 09,4,0 09,4,1 09,5,0 09,5,1 09,6,0 10,4,0 X7
05,6,1 06,5,1 06,6,0 06,6,1 07,4,1 07,5,0 08,4,0 P7
07,5,1 07,6,0 07,6,1 08,4,1 08,5,0 08,6,0 08,6,1 V7

  ____        ____        ____        ____
 /   /\      /    \      /    \      /    \
/   /  \____/___   \____/      \____/      \
\   \           \       \       \      /\  /
 \   \___________\_______\_______\____/  \/
 /\      /        \      /       /\       \
/  \____/___    ___\    /   ____/  \       \
\   \      /   /\   \   \   \      /\  /\  /
 \   \    /___/  \   \   \   \    /  \/  \/
 /    \      /   /    \   \  /    \       \
/___   \    /   /   ___\___\/______\____   \
\   \  /\  /   /   /\          /   /    \  /
 \   \/  \/   /___/  \    ____/   /      \/
 /       /   /    \   \   \       \  /\   \
/_______/___/   ___\   \___\____   \/  \   \
\          /    \      /        \  /    \  /
 \____    /   ___\    /   _______\/   ___\/
      \   \  /    \  /   /    \      /
       \___\/      \/___/      \____/

solution 4 (171,426 searches):
00,7,1 00,8,0 00,8,1 01,6,1 01,7,0 02,6,0 02,6,1 C7
01,7,1 01,8,0 02,7,0 02,7,1 03,7,0 03,7,1 04,7,0 L7
03,8,0 03,8,1 04,7,1 04,8,0 05,7,0 05,7,1 06,7,0 N7
01,5,1 01,6,0 02,4,0 02,4,1 02,5,0 03,3,1 03,4,0 E7
02,3,1 03,2,0 03,2,1 03,3,0 04,2,0 04,2,1 04,3,0 A7
03,1,1 04,1,0 04,1,1 05,0,1 05,1,0 05,1,1 06,0,0 H7
06,0,1 06,1,0 06,1,1 06,2,0 06,2,1 07,1,0 07,2,0 F7
05,2,0 05,2,1 05,3,0 05,3,1 05,4,0 05,4,1 05,5,0 I7
02,5,1 03,4,1 03,5,0 03,5,1 04,3,1 04,4,0 04,4,1 M7
03,6,0 03,6,1 04,5,0 04,5,1 04,6,0 04,6,1 05,6,0 Y7
08,7,1 09,7,0 09,7,1 09,8,0 09,8,1 10,7,1 10,8,0 S7
06,7,1 06,8,0 06,8,1 07,6,1 07,7,0 07,8,0 08,6,0 J7
07,7,1 08,6,1 08,7,0 09,5,0 09,5,1 09,6,0 10,5,0 P7
09,6,1 10,5,1 10,6,0 10,6,1 10,7,0 11,5,1 11,6,0 B7
07,1,1 08,0,1 08,1,0 09,0,0 09,0,1 09,1,0 09,1,1 V7
11,3,1 11,4,1 11,5,0 12,2,1 12,3,0 12,3,1 12,4,0 U7
12,0,1 12,1,0 12,1,1 12,2,0 13,1,0 13,1,1 13,2,0 Z7
09,4,1 10,3,1 10,4,0 10,4,1 11,2,1 11,3,0 11,4,0 G7
10,1,0 10,1,1 11,0,1 11,1,0 11,1,1 11,2,0 12,0,0 W7
09,2,1 09,3,0 09,3,1 09,4,0 10,2,0 10,2,1 10,3,0 D7
07,2,1 08,1,1 08,2,0 08,2,1 08,3,0 08,3,1 09,2,0 X7
05,5,1 06,3,0 06,3,1 06,4,0 06,4,1 06,5,0 07,3,0 Q7
06,6,1 07,5,1 07,6,0 08,4,0 08,4,1 08,5,0 08,5,1 T7
05,6,1 06,5,1 06,6,0 07,3,1 07,4,0 07,4,1 07,5,0 R7

  ____        ____        ____        ____
 /   /\      /    \      /    \      /    \
/   /  \____/___   \____/   ___\____/      \
\   \           \       \   \   \      /\  /
 \   \___________\_______\   \   \____/  \/
 /\      /        \   \   \   \   \       \
/  \____/___    ___\   \   \___\   \       \
\   \      /   /\   \   \      /    \  /\  /
 \   \    /___/  \   \   \    /______\/  \/
 /    \      /   /   /   /   /\       \   \
/___   \    /   /   /   /___/  \    ___\   \
\   \  /\  /   /    \  /   /    \   \      /
 \   \/  \/   /______\/   /      \   \    /
 /       /   /    \       \      /\  /\  /\
/_______/___/   ___\    ___\____/  \/  \/  \
\          /    \   \  /   /       /       /
 \____    /   ___\   \/   /___    /   ____/
      \   \  /    \      /    \   \  /
       \___\/      \____/      \___\/

solution 5 (225,969 searches):
00,7,1 00,8,0 00,8,1 01,6,1 01,7,0 02,6,0 02,6,1 C7
01,7,1 01,8,0 02,7,0 02,7,1 03,7,0 03,7,1 04,7,0 L7
03,8,0 03,8,1 04,7,1 04,8,0 05,7,0 05,7,1 06,7,0 N7
01,5,1 01,6,0 02,4,0 02,4,1 02,5,0 03,3,1 03,4,0 E7
02,3,1 03,2,0 03,2,1 03,3,0 04,2,0 04,2,1 04,3,0 A7
03,1,1 04,1,0 04,1,1 05,0,1 05,1,0 05,1,1 06,0,0 H7
06,0,1 06,1,0 06,1,1 06,2,0 06,2,1 07,1,0 07,2,0 F7
05,2,0 05,2,1 05,3,0 05,3,1 05,4,0 05,4,1 05,5,0 I7
02,5,1 03,4,1 03,5,0 03,5,1 04,3,1 04,4,0 04,4,1 M7
03,6,0 03,6,1 04,5,0 04,5,1 04,6,0 04,6,1 05,6,0 Y7
09,8,0 09,8,1 10,6,1 10,7,0 10,7,1 10,8,0 11,6,0 S7
06,7,1 06,8,0 06,8,1 07,6,1 07,7,0 07,7,1 07,8,0 D7
08,6,1 08,7,0 08,7,1 09,5,1 09,6,0 09,7,0 09,7,1 V7
09,6,1 10,4,1 10,5,0 10,5,1 10,6,0 11,5,0 11,5,1 W7
11,4,1 12,2,0 12,2,1 12,3,0 12,3,1 12,4,0 13,2,0 Q7
11,1,1 11,2,0 12,0,1 12,1,0 12,1,1 13,1,0 13,1,1 T7
10,1,1 10,2,0 10,2,1 10,3,0 11,0,1 11,1,0 12,0,0 R7
09,4,1 10,3,1 10,4,0 11,2,1 11,3,0 11,3,1 11,4,0 G7
06,6,1 07,5,1 07,6,0 08,5,0 08,5,1 08,6,0 09,5,0 U7
05,5,1 05,6,1 06,4,1 06,5,0 06,5,1 06,6,0 07,5,0 B7
06,3,0 06,3,1 06,4,0 07,3,0 07,3,1 08,3,0 08,3,1 P7
07,4,0 07,4,1 08,4,0 08,4,1 09,3,0 09,3,1 09,4,0 J7
08,2,1 09,0,1 09,1,0 09,1,1 09,2,0 09,2,1 10,1,0 X7
07,1,1 07,2,1 08,0,1 08,1,0 08,1,1 08,2,0 09,0,0 Z7

  ____        ____        ____        ____
 /   /\      /    \      /    \      /    \
/   /  \____/___   \____/      \____/___   \
\   \           \       \      /       /   /
 \   \___________\_______\    /   ____/   /
 /\      /        \   \   \  /\   \   \   \
/  \____/___    ___\   \   \/  \   \   \___\
\   \      /   /\       \       \  /       /
 \   \    /___/  \    ___\_______\/   ____/
 /    \      /   /\  /        \   \  /\   \
/___   \    /   /  \/_______   \   \/  \   \
\   \  /\  /   /           /   /\      /   /
 \   \/  \/   /___________/___/  \    /   /
 /       /   /    \   \      /   /\  /    \
/_______/___/   ___\   \    /   /  \/______\
\          /    \      /    \   \          /
 \____    /   ___\    /   ___\   \    ____/
      \   \  /    \   \  /    \   \  /
       \___\/      \___\/      \___\/

solution 6 (230,383 searches):
00,7,1 00,8,0 00,8,1 01,6,1 01,7,0 02,6,0 02,6,1 C7
01,7,1 01,8,0 02,7,0 02,7,1 03,7,0 03,7,1 04,7,0 L7
03,8,0 03,8,1 04,7,1 04,8,0 05,7,0 05,7,1 06,7,0 N7
01,5,1 01,6,0 02,4,0 02,4,1 02,5,0 03,3,1 03,4,0 E7
02,3,1 03,2,0 03,2,1 03,3,0 04,2,0 04,2,1 04,3,0 A7
03,1,1 04,1,0 04,1,1 05,0,1 05,1,0 05,1,1 06,0,0 H7
06,0,1 06,1,0 06,1,1 06,2,0 06,2,1 07,1,0 07,2,0 F7
05,2,0 05,2,1 05,3,0 05,3,1 05,4,0 05,4,1 05,5,0 I7
02,5,1 03,4,1 03,5,0 03,5,1 04,3,1 04,4,0 04,4,1 M7
03,6,0 03,6,1 04,5,0 04,5,1 04,6,0 04,6,1 05,6,0 Y7
09,8,0 09,8,1 10,6,1 10,7,0 10,7,1 10,8,0 11,6,0 S7
06,7,1 06,8,0 06,8,1 07,6,1 07,7,0 07,8,0 08,6,0 J7
07,7,1 08,6,1 08,7,0 08,7,1 09,6,0 09,7,0 09,7,1 G7
09,6,1 10,4,1 10,5,0 10,5,1 10,6,0 11,5,0 11,5,1 W7
11,3,1 11,4,0 11,4,1 12,2,1 12,3,0 12,3,1 12,4,0 D7
12,0,1 12,1,0 12,1,1 12,2,0 13,1,0 13,1,1 13,2,0 Z7
10,1,0 10,1,1 10,2,0 11,0,1 11,1,0 11,1,1 12,0,0 X7
09,3,0 09,3,1 09,4,0 10,2,1 10,3,0 11,2,0 11,2,1 Q7
08,5,1 09,4,1 09,5,0 09,5,1 10,3,1 10,4,0 11,3,0 P7
07,1,1 08,0,1 08,1,0 09,0,0 09,0,1 09,1,0 09,1,1 V7
07,2,1 07,3,0 08,1,1 08,2,0 08,2,1 09,2,0 09,2,1 T7
06,3,0 06,3,1 06,4,0 06,4,1 07,3,1 07,4,0 07,4,1 U7
05,5,1 05,6,1 06,5,0 06,5,1 06,6,0 06,6,1 07,5,0 B7
07,5,1 07,6,0 08,3,0 08,3,1 08,4,0 08,4,1 08,5,0 R7

  ____        ____        ____        ____
 /   /\      /    \      /    \      /    \
/   /  \____/___   \____/   ___\____/___   \
\   \           \       \   \          /   /
 \   \___________\_______\   \    ____/   /
 /\      /        \      /\   \   \   \   \
/  \____/___    ___\    /  \___\___\   \___\
\   \      /   /\       \   \      /       /
 \   \    /___/  \_______\   \    /   ____/
 /    \      /   /       /   /\   \  /    \
/___   \    /   /       /   /  \   \/      \
\   \  /\  /   /   /\  /   /    \   \      /
 \   \/  \/   /___/  \/___/___   \___\    /
 /       /   /    \          /\      /\  /\
/_______/___/   ___\    ____/  \____/  \/  \
\          /    \   \  /   /       /       /
 \____    /   ___\   \/   /___    /   ____/
      \   \  /    \      /    \   \  /
       \___\/      \____/      \___\/

solution 7 (235,423 searches):
00,7,1 00,8,0 00,8,1 01,6,1 01,7,0 02,6,0 02,6,1 C7
01,7,1 01,8,0 02,7,0 02,7,1 03,7,0 03,7,1 04,7,0 L7
03,8,0 03,8,1 04,7,1 04,8,0 05,7,0 05,7,1 06,7,0 N7
01,5,1 01,6,0 02,4,0 02,4,1 02,5,0 03,3,1 03,4,0 E7
02,3,1 03,2,0 03,2,1 03,3,0 04,2,0 04,2,1 04,3,0 A7
03,1,1 04,1,0 04,1,1 05,0,1 05,1,0 05,1,1 06,0,0 H7
06,0,1 06,1,0 06,1,1 06,2,0 06,2,1 07,1,0 07,2,0 F7
05,2,0 05,2,1 05,3,0 05,3,1 05,4,0 05,4,1 05,5,0 I7
02,5,1 03,4,1 03,5,0 03,5,1 04,3,1 04,4,0 04,4,1 M7
03,6,0 03,6,1 04,5,0 04,5,1 04,6,0 04,6,1 05,6,0 Y7
09,8,0 09,8,1 10,6,1 10,7,0 10,7,1 10,8,0 11,6,0 S7
06,7,1 06,8,0 06,8,1 07,7,1 07,8,0 08,6,1 08,7,0 J7
08,7,1 09,5,1 09,6,0 09,6,1 09,7,0 09,7,1 10,6,0 X7
10,5,0 10,5,1 11,4,0 11,4,1 11,5,0 11,5,1 12,4,0 B7
07,1,1 07,2,1 08,0,1 08,1,0 08,1,1 08,2,0 09,0,0 Z7
08,2,1 09,0,1 09,1,0 09,1,1 09,2,0 10,1,0 10,1,1 W7
11,2,1 11,3,0 12,0,0 12,0,1 12,1,0 12,1,1 12,2,0 R7
11,3,1 12,2,1 12,3,0 12,3,1 13,1,0 13,1,1 13,2,0 Q7
09,2,1 10,2,0 10,2,1 11,0,1 11,1,0 11,1,1 11,2,0 V7
06,3,0 06,3,1 06,4,0 07,3,0 07,3,1 08,3,0 08,3,1 P7
05,5,1 06,4,1 06,5,0 06,5,1 07,4,0 07,4,1 07,5,0 D7
05,6,1 06,6,0 06,6,1 07,5,1 07,6,0 07,6,1 07,7,0 T7
08,4,0 08,4,1 08,5,0 08,5,1 08,6,0 09,4,1 09,5,0 G7
09,3,0 09,3,1 09,4,0 10,3,0 10,3,1 10,4,0 10,4,1 U7

  ____        ____        ____        ____
 /   /\      /    \      /    \      /    \
/   /  \____/___   \____/      \____/___   \
\   \           \       \  /\   \      /   /
 \   \___________\_______\/  \   \    /   /
 /\      /        \          /\  /    \   \
/  \____/___    ___\____    /  \/   ___\___\
\   \      /   /\       \  /    \  /       /
 \   \    /___/  \       \/      \/___    /
 /    \      /   /\      /   /\  /   /    \
/___   \    /   /  \____/___/  \/   /______\
\   \  /\  /   /           /       /\      /
 \   \/  \/   /___________/_______/  \    /
 /       /   /    \   \   \       \   \   \
/_______/___/   ___\   \   \____   \   \   \
\          /    \      /       /   /   /   /
 \____    /   ___\    /   ____/   /   /___/
      \   \  /    \   \  /    \  /   /
       \___\/      \___\/      \/___/

solution 8 (243,742 searches):
00,7,1 00,8,0 00,8,1 01,6,1 01,7,0 02,6,0 02,6,1 C7
01,7,1 01,8,0 02,7,0 02,7,1 03,7,0 03,7,1 04,7,0 L7
03,8,0 03,8,1 04,7,1 04,8,0 05,7,0 05,7,1 06,7,0 N7
01,5,1 01,6,0 02,4,0 02,4,1 02,5,0 03,3,1 03,4,0 E7
02,3,1 03,2,0 03,2,1 03,3,0 04,2,0 04,2,1 04,3,0 A7
03,1,1 04,1,0 04,1,1 05,0,1 05,1,0 05,1,1 06,0,0 H7
06,0,1 06,1,0 06,1,1 06,2,0 06,2,1 07,1,0 07,2,0 F7
05,2,0 05,2,1 05,3,0 05,3,1 05,4,0 05,4,1 05,5,0 I7
02,5,1 03,4,1 03,5,0 03,5,1 04,3,1 04,4,0 04,4,1 M7
03,6,0 03,6,1 04,5,0 04,5,1 04,6,0 04,6,1 05,6,0 Y7
09,8,0 09,8,1 10,6,1 10,7,0 10,7,1 10,8,0 11,6,0 S7
06,8,1 07,7,1 07,8,0 08,7,0 08,7,1 09,7,0 09,7,1 R7
06,6,1 06,7,1 06,8,0 07,6,0 07,6,1 07,7,0 08,6,0 G7
05,5,1 05,6,1 06,4,1 06,5,0 06,5,1 06,6,0 07,5,0 B7
06,3,0 06,3,1 06,4,0 07,3,0 07,3,1 07,4,0 07,4,1 U7
07,1,1 07,2,1 08,0,1 08,1,0 08,1,1 08,2,0 09,0,0 Z7
08,2,1 09,0,1 09,1,0 09,1,1 09,2,0 10,1,0 10,1,1 W7
11,0,1 11,1,0 11,1,1 12,0,0 12,0,1 12,1,0 12,1,1 D7
11,2,0 11,2,1 12,2,0 12,2,1 13,1,0 13,1,1 13,2,0 J7
10,5,1 11,4,0 11,4,1 11,5,0 11,5,1 12,3,1 12,4,0 X7
08,6,1 09,4,1 09,5,0 09,5,1 09,6,0 09,6,1 10,6,0 T7
10,3,1 10,4,0 10,4,1 10,5,0 11,3,0 11,3,1 12,3,0 V7
08,3,0 08,3,1 08,4,0 09,2,1 09,3,0 10,2,0 10,2,1 Q7
07,5,1 08,4,1 08,5,0 08,5,1 09,3,1 09,4,0 10,3,0 P7

  ____        ____        ____        ____
 /   /\      /    \      /\   \      /    \
/   /  \____/___   \____/  \   \____/___   \
\   \           \       \   \          /   /
 \   \___________\_______\   \________/   /
 /\      /        \   \       \       \   \
/  \____/___    ___\   \_______\    ___\___\
\   \      /   /\       \      /   /\      /
 \   \    /___/  \    ___\    /   /  \    /
 /    \      /   /\  /   /\   \  /   /    \
/___   \    /   /  \/   /  \   \/   /___   \
\   \  /\  /   /       /    \   \       \  /
 \   \/  \/   /_______/___   \___\_______\/
 /       /   /    \   \   \      /        \
/_______/___/   ___\   \   \____/_______   \
\          /    \      /       /       /   /
 \____    /   ___\    /   ____/       /___/
      \   \  /    \   \  /    \      /
       \___\/      \___\/      \____/

solution 9 (243,779 searches):
00,7,1 00,8,0 00,8,1 01,6,1 01,7,0 02,6,0 02,6,1 C7
01,7,1 01,8,0 02,7,0 02,7,1 03,7,0 03,7,1 04,7,0 L7
03,8,0 03,8,1 04,7,1 04,8,0 05,7,0 05,7,1 06,7,0 N7
01,5,1 01,6,0 02,4,0 02,4,1 02,5,0 03,3,1 03,4,0 E7
02,3,1 03,2,0 03,2,1 03,3,0 04,2,0 04,2,1 04,3,0 A7
03,1,1 04,1,0 04,1,1 05,0,1 05,1,0 05,1,1 06,0,0 H7
06,0,1 06,1,0 06,1,1 06,2,0 06,2,1 07,1,0 07,2,0 F7
05,2,0 05,2,1 05,3,0 05,3,1 05,4,0 05,4,1 05,5,0 I7
02,5,1 03,4,1 03,5,0 03,5,1 04,3,1 04,4,0 04,4,1 M7
03,6,0 03,6,1 04,5,0 04,5,1 04,6,0 04,6,1 05,6,0 Y7
09,8,0 09,8,1 10,6,1 10,7,0 10,7,1 10,8,0 11,6,0 S7
06,8,1 07,7,1 07,8,0 08,7,0 08,7,1 09,7,0 09,7,1 R7
06,6,1 06,7,1 06,8,0 07,6,0 07,6,1 07,7,0 08,6,0 G7
05,5,1 05,6,1 06,4,1 06,5,0 06,5,1 06,6,0 07,5,0 B7
06,3,0 06,3,1 06,4,0 07,3,0 07,3,1 07,4,0 07,4,1 U7
07,1,1 07,2,1 08,0,1 08,1,0 08,1,1 08,2,0 09,0,0 Z7
08,2,1 09,0,1 09,1,0 09,1,1 09,2,0 10,1,0 10,1,1 W7
11,0,1 11,1,0 11,1,1 11,2,0 11,2,1 12,0,0 12,0,1 J7
12,1,0 12,1,1 12,2,0 12,2,1 13,1,0 13,1,1 13,2,0 D7
10,5,1 11,4,0 11,4,1 11,5,0 11,5,1 12,3,1 12,4,0 X7
08,6,1 09,4,1 09,5,0 09,5,1 09,6,0 09,6,1 10,6,0 T7
10,3,1 10,4,0 10,4,1 10,5,0 11,3,0 11,3,1 12,3,0 V7
08,3,0 08,3,1 08,4,0 09,2,1 09,3,0 10,2,0 10,2,1 Q7
07,5,1 08,4,1 08,5,0 08,5,1 09,3,1 09,4,0 10,3,0 P7

  ____        ____        ____        ____
 /   /\      /    \      /\   \      /    \
/   /  \____/___   \____/  \   \____/___   \
\   \           \       \   \          /   /
 \   \___________\_______\   \________/   /
 /\      /        \   \       \       \   \
/  \____/___    ___\   \_______\    ___\___\
\   \      /   /\       \      /   /\      /
 \   \    /___/  \    ___\    /   /  \    /
 /    \      /   /\  /   /\   \  /   /    \
/___   \    /   /  \/   /  \   \/   /___   \
\   \  /\  /   /       /    \   \       \  /
 \   \/  \/   /_______/___   \___\_______\/
 /       /   /    \   \   \      /   /    \
/_______/___/   ___\   \   \____/   /      \
\          /    \      /       /   /       /
 \____    /   ___\    /   ____/   /_______/
      \   \  /    \   \  /    \      /
       \___\/      \___\/      \____/

solution 10 (244,431 searches):
00,7,1 00,8,0 00,8,1 01,6,1 01,7,0 02,6,0 02,6,1 C7
01,7,1 01,8,0 02,7,0 02,7,1 03,7,0 03,7,1 04,7,0 L7
03,8,0 03,8,1 04,7,1 04,8,0 05,7,0 05,7,1 06,7,0 N7
01,5,1 01,6,0 02,4,0 02,4,1 02,5,0 03,3,1 03,4,0 E7
02,3,1 03,2,0 03,2,1 03,3,0 04,2,0 04,2,1 04,3,0 A7
03,1,1 04,1,0 04,1,1 05,0,1 05,1,0 05,1,1 06,0,0 H7
06,0,1 06,1,0 06,1,1 06,2,0 06,2,1 07,1,0 07,2,0 F7
05,2,0 05,2,1 05,3,0 05,3,1 05,4,0 05,4,1 05,5,0 I7
02,5,1 03,4,1 03,5,0 03,5,1 04,3,1 04,4,0 04,4,1 M7
03,6,0 03,6,1 04,5,0 04,5,1 04,6,0 04,6,1 05,6,0 Y7
09,8,0 09,8,1 10,6,1 10,7,0 10,7,1 10,8,0 11,6,0 S7
06,8,1 07,7,1 07,8,0 08,7,0 08,7,1 09,7,0 09,7,1 R7
06,6,1 06,7,1 06,8,0 07,6,0 07,6,1 07,7,0 08,6,0 G7
05,6,1 06,5,1 06,6,0 07,4,0 07,4,1 07,5,0 08,4,0 P7
05,5,1 06,3,0 06,3,1 06,4,0 06,4,1 06,5,0 07,3,0 Q7
07,5,1 08,4,1 08,5,0 08,5,1 09,4,1 09,5,0 10,4,0 U7
08,6,1 09,5,1 09,6,0 09,6,1 10,5,0 10,5,1 10,6,0 D7
10,4,1 11,4,0 11,4,1 11,5,0 11,5,1 12,3,1 12,4,0 W7
07,1,1 08,0,1 08,1,0 09,0,0 09,0,1 09,1,0 09,1,1 V7
07,2,1 07,3,1 08,1,1 08,2,0 08,2,1 08,3,0 09,2,0 B7
08,3,1 09,2,1 09,3,0 09,3,1 09,4,0 10,3,0 10,3,1 X7
10,1,0 10,1,1 10,2,0 10,2,1 11,0,1 11,1,0 12,0,0 T7
12,0,1 12,1,0 12,1,1 12,2,0 13,1,0 13,1,1 13,2,0 Z7
11,1,1 11,2,0 11,2,1 11,3,0 11,3,1 12,2,1 12,3,0 J7

  ____        ____        ____        ____
 /   /\      /    \      /\   \      /    \
/   /  \____/___   \____/  \   \____/___   \
\   \           \       \   \          /   /
 \   \___________\_______\   \________/   /
 /\      /        \   \       \       \   \
/  \____/___    ___\   \_______\       \___\
\   \      /   /\   \   \       \      /   /
 \   \    /___/  \   \   \       \____/   /
 /    \      /   /   /    \  /\   \       \
/___   \    /   /   /______\/  \___\____   \
\   \  /\  /   /    \   \          /    \  /
 \   \/  \/   /______\   \    ____/      \/
 /       /   /    \       \  /   /   /\  /\
/_______/___/   ___\    ___\/   /   /  \/  \
\          /    \   \  /   /    \  /       /
 \____    /   ___\   \/   /___   \/   ____/
      \   \  /    \      /    \   \  /
       \___\/      \____/      \___\/

User-requested solution limit reached.
10 solutions, 244,431 searches, duration 0:00:12.361749
