solving HeptiamondsHexgridFlower2:

solution 1 (487,587 searches):
07,01,0 07,01,1 07,02,0 08,01,0 08,01,1 09,01,0 09,01,1 P7
09,00,1 09,02,1 10,00,0 10,00,1 10,01,0 10,01,1 10,02,0 C7
09,03,1 09,04,0 10,02,1 10,03,0 11,01,0 11,01,1 11,02,0 L7
07,02,1 08,02,0 08,02,1 08,03,0 08,03,1 09,02,0 09,03,0 Z7
05,01,1 06,00,1 06,01,0 06,01,1 06,02,0 07,00,0 07,00,1 A7
03,03,1 04,01,1 04,02,0 04,02,1 04,03,0 04,03,1 05,01,0 Q7
05,02,0 05,02,1 05,03,0 05,03,1 05,04,0 06,02,1 06,03,0 G7
05,04,1 05,05,0 05,05,1 05,06,0 05,06,1 05,07,0 05,07,1 I7
06,05,0 06,05,1 06,06,0 07,04,1 07,05,0 07,05,1 08,04,0 X7
08,04,1 08,05,0 08,05,1 08,06,0 08,06,1 09,05,1 09,06,0 J7
09,04,1 09,05,0 10,03,1 10,04,0 10,04,1 10,05,0 11,04,0 B7
09,06,1 10,05,1 10,06,0 10,06,1 10,07,0 11,04,1 11,05,0 H7
07,07,1 07,08,1 08,07,0 08,07,1 08,08,0 09,07,0 09,07,1 Y7
02,05,1 03,04,1 03,05,0 04,04,0 04,04,1 04,05,0 04,05,1 V7
01,04,1 01,05,0 01,05,1 02,04,0 02,04,1 02,05,0 03,04,0 D7
01,06,1 02,06,0 02,06,1 02,07,0 02,07,1 03,05,1 03,06,0 W7
00,06,1 00,07,0 00,07,1 01,06,0 01,07,0 01,07,1 01,08,0 S7
04,11,0 04,11,1 05,10,1 05,11,0 06,10,0 06,10,1 07,10,0 N7
06,08,0 06,08,1 06,09,0 06,09,1 07,08,0 07,09,0 07,09,1 U7
03,09,1 04,09,0 04,09,1 05,08,1 05,09,0 05,09,1 05,10,0 T7
01,11,1 02,10,1 02,11,0 03,10,0 03,10,1 04,10,0 04,10,1 R7
02,08,1 03,08,0 03,08,1 04,07,1 04,08,0 04,08,1 05,08,0 E7
00,09,1 00,10,0 00,10,1 01,08,1 01,09,0 01,09,1 02,08,0 F7
01,10,0 01,10,1 01,11,0 02,09,0 02,09,1 02,10,0 03,09,0 M7

              ____        ____
             /\   \      /    \
        ____/  \   \____/___   \____
       /   /    \          /\       \
      /   /___   \________/  \_______\
      \      /    \          /       /
       \    /______\____    /   ____/
       /\   \           \  /    \   \
  ____/  \___\____    ___\/______\   \____
 /       /   /    \  /   /    \          /\
/   ____/   /      \/   /      \________/  \
\   \       \      /   /\      /    \      /
 \___\____   \____/   /  \____/      \    /
 /    \   \  /   /   /       /   /\  /\   \
/      \   \/   /   /___    /   /  \/  \   \
\       \      /\  /    \   \  /\       \  /
 \_______\____/  \/      \___\/  \    ___\/
      \      /    \      /    \   \  /
       \    /      \____/   ___\   \/
       /   /   /\  /\       \   \   \
      /   /___/  \/  \_______\   \   \
      \   \      /           /   /   /
       \___\    /___________/   /___/
            \      /    \      /
             \____/      \____/

solution 2 (847,561 searches):
07,01,0 07,01,1 07,02,0 08,01,0 08,01,1 09,01,0 09,01,1 P7
09,00,1 09,02,1 10,00,0 10,00,1 10,01,0 10,01,1 10,02,0 C7
09,03,1 09,04,0 10,02,1 10,03,0 11,01,0 11,01,1 11,02,0 L7
07,02,1 08,02,0 08,02,1 08,03,0 08,03,1 09,02,0 09,03,0 Z7
05,01,1 06,00,1 06,01,0 06,01,1 06,02,0 07,00,0 07,00,1 A7
04,01,1 04,02,0 04,02,1 05,01,0 05,02,0 05,02,1 05,03,0 S7
05,03,1 05,04,0 05,04,1 05,05,0 05,05,1 06,02,1 06,03,0 R7
05,06,0 05,06,1 06,05,0 06,05,1 06,06,0 07,04,1 07,05,0 F7
07,05,1 08,04,0 08,04,1 08,05,0 08,05,1 08,06,0 08,06,1 E7
09,04,1 09,05,0 10,03,1 10,04,0 10,04,1 11,04,0 11,04,1 T7
09,07,1 10,05,0 10,05,1 10,06,0 10,06,1 10,07,0 11,05,0 Q7
08,07,0 08,07,1 08,08,0 09,05,1 09,06,0 09,06,1 09,07,0 U7
03,04,1 03,05,1 04,03,1 04,04,0 04,04,1 04,05,0 04,05,1 M7
01,04,1 01,05,0 02,04,0 02,04,1 03,03,1 03,04,0 04,03,0 N7
01,06,1 02,05,0 02,05,1 02,06,0 02,06,1 03,05,0 03,06,0 B7
00,06,1 00,07,0 00,07,1 01,05,1 01,06,0 01,07,0 01,07,1 V7
01,08,0 01,08,1 02,07,0 02,07,1 02,08,0 02,08,1 03,08,0 Y7
00,09,1 00,10,0 00,10,1 01,09,0 01,09,1 01,10,0 02,09,0 D7
01,10,1 01,11,0 01,11,1 02,10,1 02,11,0 03,09,1 03,10,0 J7
02,09,1 02,10,0 03,08,1 03,09,0 04,07,1 04,08,0 05,07,0 I7
05,10,1 05,11,0 06,09,0 06,09,1 06,10,0 06,10,1 07,10,0 W7
03,10,1 04,09,1 04,10,0 04,10,1 04,11,0 04,11,1 05,10,0 X7
06,08,0 06,08,1 07,07,1 07,08,0 07,08,1 07,09,0 07,09,1 H7
04,08,1 04,09,0 05,07,1 05,08,0 05,08,1 05,09,0 05,09,1 G7

              ____        ____
             /    \      /   /\
        ____/      \____/   /  \____
       /    \  /\   \       \       \
      /      \/  \   \    ___\    ___\
      \       \   \  /\  /   /   /   /
       \_______\   \/  \/   /___/   /
       /        \   \      /       /\
  ____/___    ___\   \    /___    /  \____
 /       /   /    \   \  /    \  /    \   \
/   ____/___/      \___\/      \/___   \   \
\   \       \      /    \      /   /   /   /
 \   \    ___\____/___   \____/   /   /   /
 /\  /    \      /   /    \      /\  /    \
/  \/______\    /   /___   \    /  \/______\
\       \      /   /    \  /   /\          /
 \____   \    /   /      \/___/  \    ____/
      \   \  /\   \      /    \   \  /
       \___\/  \   \____/   ___\   \/
       /       /\  /\       \   \   \
      /   ____/  \/  \_______\   \   \
      \   \      /           /   /   /
       \___\    /___________/   /___/
            \      /    \      /
             \____/      \____/

solution 3 (1,985,652 searches):
07,01,0 07,01,1 07,02,0 08,01,0 08,01,1 09,01,0 09,01,1 P7
09,00,1 09,02,1 10,00,0 10,00,1 10,01,0 10,01,1 10,02,0 C7
09,03,1 09,04,0 10,02,1 10,03,0 11,01,0 11,01,1 11,02,0 L7
07,02,1 08,02,0 08,02,1 08,03,0 08,03,1 09,02,0 09,03,0 Z7
06,00,1 06,01,0 06,01,1 06,02,0 06,02,1 07,00,0 07,00,1 J7
04,01,1 04,02,0 04,02,1 04,03,0 05,01,0 05,01,1 05,02,0 D7
04,04,1 05,02,1 05,03,0 05,03,1 05,04,0 05,04,1 06,03,0 X7
03,04,1 03,05,0 03,05,1 04,03,1 04,04,0 04,05,0 04,05,1 V7
01,04,1 01,05,0 01,05,1 02,04,0 02,04,1 03,03,1 03,04,0 S7
05,05,0 05,05,1 05,06,0 06,05,0 06,05,1 06,06,0 07,05,0 M7
07,04,1 07,05,1 08,04,0 08,04,1 08,05,0 08,05,1 08,06,0 F7
01,06,0 01,06,1 02,05,0 02,05,1 02,06,0 02,06,1 03,06,0 Y7
00,06,1 00,07,0 00,07,1 01,07,0 01,07,1 01,08,0 02,07,0 Q7
02,08,1 03,08,0 03,08,1 04,07,1 04,08,0 05,06,1 05,07,0 R7
00,09,1 01,08,1 01,09,0 01,09,1 02,07,1 02,08,0 02,09,0 G7
00,10,0 00,10,1 01,10,0 01,10,1 01,11,0 01,11,1 02,10,0 H7
02,09,1 02,10,1 02,11,0 03,09,0 03,09,1 03,10,0 03,10,1 A7
09,04,1 09,05,0 10,03,1 10,04,0 10,04,1 10,05,0 11,04,0 B7
09,07,1 10,05,1 10,06,0 10,06,1 10,07,0 11,04,1 11,05,0 N7
08,06,1 08,07,1 08,08,0 09,05,1 09,06,0 09,06,1 09,07,0 U7
06,08,1 07,07,1 07,08,0 07,08,1 07,09,0 07,09,1 08,07,0 T7
04,08,1 04,09,0 04,09,1 04,10,0 04,10,1 04,11,0 04,11,1 I7
05,10,1 05,11,0 06,09,0 06,09,1 06,10,0 06,10,1 07,10,0 W7
05,07,1 05,08,0 05,08,1 05,09,0 05,09,1 05,10,0 06,08,0 E7

              ____        ____
             /   /\      /   /\
        ____/   /  \____/   /  \____
       /        \      /   /\       \
      /__________\    /   /  \    ___\
      \       \      /   /   /   /   /
       \    ___\____/   /   /___/   /
       /\   \       \  /    \      /\
  ____/  \   \____   \/   ___\    /  \____
 /        \  /    \   \  /    \   \   \   \
/   _______\/      \   \/      \___\   \   \
\  /        \      /\  /\      /\      /   /
 \/___    ___\____/  \/  \____/  \    /   /
 /   /   /       /        \      /\  /\   \
/   /___/   ____/__________\    /  \/  \   \
\       \   \      /    \      /\       \  /
 \____   \   \    /      \____/  \    ___\/
      \  /\  /    \      /    \   \  /
       \/  \/   ___\____/   ___\   \/
       /    \  /   /\       \   \   \
      /      \/   /  \_______\   \   \
      \      /   /           /   /   /
       \____/   /___________/   /___/
            \      /    \      /
             \____/      \____/

solution 4 (2,956,590 searches):
07,01,0 07,01,1 07,02,0 08,01,0 08,01,1 09,01,0 09,01,1 P7
09,00,1 09,02,1 10,00,0 10,00,1 10,01,0 10,01,1 10,02,0 C7
09,03,1 09,04,0 10,02,1 10,03,0 11,01,0 11,01,1 11,02,0 L7
07,02,1 08,02,0 08,02,1 08,03,0 08,03,1 09,02,0 09,03,0 Z7
06,00,1 06,01,0 06,01,1 06,02,0 06,02,1 07,00,0 07,00,1 J7
04,01,1 04,02,0 04,02,1 05,01,0 05,01,1 05,02,0 05,02,1 D7
06,05,1 06,06,0 07,04,1 07,05,0 07,05,1 08,04,0 08,04,1 F7
04,05,1 05,04,1 05,05,0 05,05,1 05,06,0 05,06,1 06,05,0 X7
03,05,1 03,06,0 04,04,1 04,05,0 05,03,1 05,04,0 06,03,0 I7
03,03,1 03,04,1 03,05,0 04,03,0 04,03,1 04,04,0 05,03,0 G7
01,04,1 01,05,0 02,04,0 02,04,1 02,05,0 02,05,1 03,04,0 A7
00,06,1 00,07,0 01,05,1 01,06,0 01,06,1 02,06,0 02,06,1 T7
00,07,1 01,07,0 01,07,1 01,08,0 01,08,1 02,07,0 02,07,1 Y7
00,10,0 00,10,1 01,10,0 01,10,1 02,09,1 02,10,0 03,09,0 R7
00,09,1 01,09,0 01,09,1 02,08,0 02,08,1 02,09,0 03,08,0 U7
01,11,0 01,11,1 02,10,1 02,11,0 03,09,1 03,10,0 03,10,1 Q7
03,08,1 04,07,1 04,08,0 05,07,0 05,07,1 05,08,0 05,08,1 V7
04,08,1 04,09,0 04,09,1 04,10,0 04,10,1 04,11,0 05,09,0 E7
04,11,1 05,10,1 05,11,0 06,10,0 06,10,1 07,09,1 07,10,0 N7
05,09,1 05,10,0 06,08,0 06,08,1 06,09,0 06,09,1 07,09,0 W7
07,07,1 07,08,0 07,08,1 08,07,1 08,08,0 09,07,0 09,07,1 S7
09,06,1 10,05,1 10,06,0 10,06,1 10,07,0 11,04,1 11,05,0 H7
08,05,0 08,05,1 08,06,0 08,06,1 08,07,0 09,05,0 09,06,0 M7
09,04,1 09,05,1 10,03,1 10,04,0 10,04,1 10,05,0 11,04,0 B7

              ____        ____
             /    \      /\   \
        ____/___   \____/  \   \____
       /        \      /   /\       \
      /_______   \    /   /  \____   \
      \       \   \  /    \       \  /
       \____   \___\/   ___\    ___\/
       /   /    \   \  /   /   /    \
  ____/   /______\   \/   /___/      \____
 /\          /    \      /    \  /\      /\
/  \________/      \____/      \/  \____/  \
\          /\      /   /\      /    \      /
 \    ____/  \____/   /  \____/   ___\    /
 /\  /   /\   \       \      /    \   \   \
/  \/   /  \   \    ___\    /______\   \   \
\       \   \   \  /    \      /\       \  /
 \_______\   \   \/      \____/  \    ___\/
      \       \   \      /    \   \  /
       \_______\___\____/   ___\   \/
       /       /   /\       \   \   \
      /       /   /  \_______\   \   \
      \      /   /           /   /   /
       \____/   /___________/   /___/
            \      /    \      /
             \____/      \____/

solution 5 (2,956,611 searches):
07,01,0 07,01,1 07,02,0 08,01,0 08,01,1 09,01,0 09,01,1 P7
09,00,1 09,02,1 10,00,0 10,00,1 10,01,0 10,01,1 10,02,0 C7
09,03,1 09,04,0 10,02,1 10,03,0 11,01,0 11,01,1 11,02,0 L7
07,02,1 08,02,0 08,02,1 08,03,0 08,03,1 09,02,0 09,03,0 Z7
06,00,1 06,01,0 06,01,1 06,02,0 06,02,1 07,00,0 07,00,1 J7
04,01,1 04,02,0 04,02,1 05,01,0 05,01,1 05,02,0 05,02,1 D7
06,05,1 06,06,0 07,04,1 07,05,0 07,05,1 08,04,0 08,04,1 F7
04,05,1 05,04,1 05,05,0 05,05,1 05,06,0 05,06,1 06,05,0 X7
03,05,1 03,06,0 04,04,1 04,05,0 05,03,1 05,04,0 06,03,0 I7
03,03,1 03,04,1 03,05,0 04,03,0 04,03,1 04,04,0 05,03,0 G7
01,04,1 01,05,0 02,04,0 02,04,1 02,05,0 02,05,1 03,04,0 A7
00,06,1 00,07,0 01,05,1 01,06,0 01,06,1 02,06,0 02,06,1 T7
00,07,1 01,07,0 01,07,1 01,08,0 01,08,1 02,07,0 02,07,1 Y7
00,10,0 00,10,1 01,10,0 01,10,1 02,09,1 02,10,0 03,09,0 R7
00,09,1 01,09,0 01,09,1 02,08,0 02,08,1 02,09,0 03,08,0 U7
01,11,0 01,11,1 02,10,1 02,11,0 03,09,1 03,10,0 03,10,1 Q7
03,08,1 04,07,1 04,08,0 05,07,0 05,07,1 05,08,0 05,08,1 V7
04,08,1 04,09,0 04,09,1 04,10,0 04,10,1 04,11,0 05,09,0 E7
04,11,1 05,09,1 05,10,0 05,10,1 05,11,0 06,10,0 06,10,1 W7
06,08,0 06,08,1 06,09,0 06,09,1 07,09,0 07,09,1 07,10,0 N7
07,07,1 07,08,0 07,08,1 08,07,1 08,08,0 09,07,0 09,07,1 S7
09,06,1 10,05,1 10,06,0 10,06,1 10,07,0 11,04,1 11,05,0 H7
08,05,0 08,05,1 08,06,0 08,06,1 08,07,0 09,05,0 09,06,0 M7
09,04,1 09,05,1 10,03,1 10,04,0 10,04,1 10,05,0 11,04,0 B7

              ____        ____
             /    \      /\   \
        ____/___   \____/  \   \____
       /        \      /   /       /\
      /_______   \    /   /   ____/  \
      \       \   \  /    \  /       /
       \____   \___\/   ___\/   ____/
       /   /    \   \  /   /   /    \
  ____/   /______\   \/   /___/      \____
 /\          /    \      /    \  /\      /\
/  \________/      \____/      \/  \____/  \
\          /\      /   /\      /    \      /
 \    ____/  \____/   /  \____/   ___\    /
 /\  /   /\   \       \      /    \   \   \
/  \/   /  \   \    ___\    /______\   \   \
\       \   \   \  /    \      /\       \  /
 \_______\   \   \/      \____/  \    ___\/
      \       \   \      /    \   \  /
       \_______\___\____/   ___\   \/
       /       /   /\       \   \   \
      /       /   /  \_______\   \   \
      \      /   /           /   /   /
       \____/   /___________/   /___/
            \      /    \      /
             \____/      \____/

solution 6 (3,873,319 searches):
07,01,0 07,01,1 07,02,0 08,01,0 08,01,1 09,01,0 09,01,1 P7
09,00,1 09,02,1 10,00,0 10,00,1 10,01,0 10,01,1 10,02,0 C7
09,03,1 09,04,0 10,02,1 10,03,0 11,01,0 11,01,1 11,02,0 L7
07,02,1 08,02,0 08,02,1 08,03,0 08,03,1 09,02,0 09,03,0 Z7
06,00,1 06,01,0 06,01,1 06,02,0 06,02,1 07,00,0 07,00,1 J7
03,03,1 04,01,1 04,02,0 04,02,1 04,03,0 05,01,0 05,01,1 S7
05,02,0 05,02,1 05,03,0 05,03,1 05,04,0 05,04,1 06,03,0 E7
07,04,1 07,05,1 08,04,0 08,04,1 08,05,0 08,05,1 08,06,0 F7
05,05,0 05,05,1 05,06,0 06,05,0 06,05,1 06,06,0 07,05,0 M7
02,09,1 03,08,1 03,09,0 04,07,1 04,08,0 05,06,1 05,07,0 I7
01,11,1 02,10,0 02,10,1 02,11,0 03,09,1 03,10,0 03,10,1 X7
01,09,1 01,10,0 01,10,1 01,11,0 02,08,1 02,09,0 03,08,0 R7
00,09,1 00,10,0 00,10,1 01,08,0 01,08,1 01,09,0 02,08,0 Q7
09,04,1 09,05,0 10,03,1 10,04,0 10,04,1 10,05,0 11,04,0 B7
09,07,1 10,05,1 10,06,0 10,06,1 10,07,0 11,04,1 11,05,0 N7
08,06,1 08,07,1 08,08,0 09,05,1 09,06,0 09,06,1 09,07,0 U7
06,08,0 06,08,1 06,09,0 06,09,1 07,07,1 07,08,0 08,07,0 T7
05,10,1 06,10,0 06,10,1 07,08,1 07,09,0 07,09,1 07,10,0 V7
04,10,0 04,10,1 04,11,0 04,11,1 05,09,1 05,10,0 05,11,0 A7
04,08,1 04,09,0 04,09,1 05,07,1 05,08,0 05,08,1 05,09,0 D7
00,06,1 00,07,0 01,05,0 01,05,1 01,06,0 01,06,1 02,06,0 W7
00,07,1 01,07,0 01,07,1 02,06,1 02,07,0 02,07,1 03,06,0 H7
01,04,1 02,04,0 02,04,1 02,05,0 02,05,1 03,04,0 03,04,1 Y7
03,05,0 03,05,1 04,03,1 04,04,0 04,04,1 04,05,0 04,05,1 G7

              ____        ____
             /\   \      /    \
        ____/  \   \____/   ___\____
       /   /   /       /    \       \
      /   /   /___    /___   \____   \
      \   \   \   \  /    \  /   /   /
       \   \   \   \/      \/   /   /
       /    \   \   \      /    \  /\
  ____/______\___\   \    /___   \/  \____
 /\          /    \   \  /    \   \   \   \
/  \____    /      \   \/      \___\   \   \
\       \   \      /\  /\      /\      /   /
 \    ___\___\____/  \/  \____/  \    /   /
 /   /   /       /        \      /\  /\   \
/___/   /___    /__________\    /  \/  \   \
\          /   /   /    \      /\       \  /
 \________/   /   /      \____/  \    ___\/
      \   \  /    \      /    \   \  /
       \   \/   ___\____/   ___\   \/
       /   /   /   /\       \   \   \
      /   /___/   /  \_______\   \   \
      \      /   /           /   /   /
       \____/   /___________/   /___/
            \      /    \      /
             \____/      \____/

solution 7 (3,874,453 searches):
07,01,0 07,01,1 07,02,0 08,01,0 08,01,1 09,01,0 09,01,1 P7
09,00,1 09,02,1 10,00,0 10,00,1 10,01,0 10,01,1 10,02,0 C7
09,03,1 09,04,0 10,02,1 10,03,0 11,01,0 11,01,1 11,02,0 L7
07,02,1 08,02,0 08,02,1 08,03,0 08,03,1 09,02,0 09,03,0 Z7
06,00,1 06,01,0 06,01,1 06,02,0 06,02,1 07,00,0 07,00,1 J7
03,03,1 04,01,1 04,02,0 04,02,1 04,03,0 05,01,0 05,01,1 S7
05,02,0 05,02,1 05,03,0 05,03,1 05,04,0 05,04,1 06,03,0 E7
07,04,1 07,05,1 08,04,0 08,04,1 08,05,0 08,05,1 08,06,0 F7
05,05,0 05,05,1 05,06,0 06,05,0 06,05,1 06,06,0 07,05,0 M7
02,09,1 03,08,1 03,09,0 04,07,1 04,08,0 05,06,1 05,07,0 I7
01,11,1 02,10,0 02,10,1 02,11,0 03,09,1 03,10,0 03,10,1 X7
00,10,0 00,10,1 01,09,1 01,10,0 01,10,1 01,11,0 02,09,0 W7
00,09,1 01,08,1 01,09,0 02,07,1 02,08,0 02,08,1 03,08,0 H7
09,04,1 09,05,0 10,03,1 10,04,0 10,04,1 10,05,0 11,04,0 B7
09,07,1 10,05,1 10,06,0 10,06,1 10,07,0 11,04,1 11,05,0 N7
08,06,1 08,07,1 08,08,0 09,05,1 09,06,0 09,06,1 09,07,0 U7
06,08,0 06,08,1 06,09,0 06,09,1 07,07,1 07,08,0 08,07,0 T7
05,10,1 06,10,0 06,10,1 07,08,1 07,09,0 07,09,1 07,10,0 V7
04,10,0 04,10,1 04,11,0 04,11,1 05,09,1 05,10,0 05,11,0 A7
04,08,1 04,09,0 04,09,1 05,07,1 05,08,0 05,08,1 05,09,0 D7
00,06,1 00,07,0 00,07,1 01,07,0 01,07,1 01,08,0 02,07,0 Q7
03,05,0 03,05,1 04,03,1 04,04,0 04,04,1 04,05,0 04,05,1 G7
01,05,0 01,05,1 01,06,0 01,06,1 02,06,0 02,06,1 03,06,0 R7
01,04,1 02,04,0 02,04,1 02,05,0 02,05,1 03,04,0 03,04,1 Y7

              ____        ____
             /\   \      /    \
        ____/  \   \____/   ___\____
       /       /       /    \       \
      /___    /___    /___   \____   \
      \   \   \   \  /    \  /   /   /
       \   \___\   \/      \/   /   /
       /\       \   \      /    \  /\
  ____/  \    ___\   \    /___   \/  \____
 /        \  /    \   \  /    \   \   \   \
/   _______\/      \   \/      \___\   \   \
\  /        \      /\  /\      /\      /   /
 \/   _______\____/  \/  \____/  \    /   /
 /   /   /       /        \      /\  /\   \
/___/   /___    /__________\    /  \/  \   \
\          /   /   /    \      /\       \  /
 \________/   /   /      \____/  \    ___\/
      \   \  /    \      /    \   \  /
       \   \/   ___\____/   ___\   \/
       /   /   /   /\       \   \   \
      /   /___/   /  \_______\   \   \
      \      /   /           /   /   /
       \____/   /___________/   /___/
            \      /    \      /
             \____/      \____/

solution 8 (4,821,993 searches):
07,01,0 07,01,1 07,02,0 08,01,0 08,01,1 09,01,0 09,01,1 P7
09,00,1 09,02,1 10,00,0 10,00,1 10,01,0 10,01,1 10,02,0 C7
09,03,1 09,04,0 10,02,1 10,03,0 11,01,0 11,01,1 11,02,0 L7
07,02,1 08,02,0 08,02,1 08,03,0 08,03,1 09,02,0 09,03,0 Z7
04,01,1 05,01,0 05,01,1 06,00,1 06,01,0 07,00,0 07,00,1 N7
05,02,0 05,02,1 05,03,0 06,01,1 06,02,0 06,02,1 06,03,0 B7
03,03,1 04,02,0 04,02,1 04,03,0 04,03,1 04,04,0 04,04,1 E7
04,05,1 05,03,1 05,04,0 05,04,1 05,05,0 05,05,1 06,05,0 T7
04,07,1 04,08,0 05,06,0 05,06,1 05,07,0 05,07,1 05,08,0 Y7
06,05,1 06,06,0 07,04,1 07,05,0 07,05,1 08,04,0 08,04,1 F7
09,04,1 10,03,1 10,04,0 10,04,1 10,05,0 11,04,0 11,04,1 X7
09,07,0 09,07,1 10,05,1 10,06,0 10,06,1 10,07,0 11,05,0 S7
08,05,0 08,05,1 08,06,0 09,05,0 09,05,1 09,06,0 09,06,1 U7
06,08,1 07,07,1 07,08,0 08,06,1 08,07,0 08,07,1 08,08,0 G7
05,08,1 05,09,0 05,09,1 05,10,0 06,08,0 06,09,0 06,09,1 A7
05,10,1 06,10,0 06,10,1 07,08,1 07,09,0 07,09,1 07,10,0 V7
03,10,1 04,09,1 04,10,0 04,10,1 04,11,0 04,11,1 05,11,0 Q7
01,11,1 02,10,1 02,11,0 03,09,1 03,10,0 04,08,1 04,09,0 I7
00,10,1 01,10,0 01,10,1 01,11,0 02,09,1 02,10,0 03,09,0 H7
00,09,1 00,10,0 01,08,0 01,08,1 01,09,0 01,09,1 02,09,0 W7
02,06,1 02,07,0 02,07,1 02,08,0 02,08,1 03,08,0 03,08,1 R7
02,05,0 02,05,1 02,06,0 03,05,0 03,05,1 03,06,0 04,05,0 M7
00,06,1 00,07,0 00,07,1 01,06,0 01,06,1 01,07,0 01,07,1 D7
01,04,1 01,05,0 01,05,1 02,04,0 02,04,1 03,04,0 03,04,1 J7

              ____        ____
             /\   \      /    \
        ____/  \   \____/   ___\____
       /\       \   \      /\       \
      /  \____   \   \    /  \____   \
      \       \   \   \  /       /   /
       \    ___\___\   \/   ____/   /
       /   /       /\  /\   \   \  /\
  ____/___/   ____/  \/  \___\   \/  \____
 /       /   /    \      /    \      /    \
/       /   /      \    /      \    /___   \
\      /\  /\      /   /\      /\  /   /   /
 \____/  \/  \____/___/  \____/  \/   /   /
 /   /        \       \      /       /\   \
/   /__________\    ___\    /_______/  \___\
\          /   /   /    \      /\          /
 \________/   /   /      \____/  \    ____/
      \      /\  /\      /    \   \  /
       \    /  \/  \____/   ___\   \/
       /   /       /\       \   \   \
      /___/___    /  \_______\   \   \
      \       \  /           /   /   /
       \____   \/___________/   /___/
            \      /    \      /
             \____/      \____/

solution 9 (4,944,681 searches):
07,01,0 07,01,1 07,02,0 08,01,0 08,01,1 09,01,0 09,01,1 P7
09,00,1 09,02,1 10,00,0 10,00,1 10,01,0 10,01,1 10,02,0 C7
09,03,1 09,04,0 10,02,1 10,03,0 11,01,0 11,01,1 11,02,0 L7
07,02,1 08,02,0 08,02,1 08,03,0 08,03,1 09,02,0 09,03,0 Z7
04,01,1 05,01,0 05,01,1 06,00,1 06,01,0 07,00,0 07,00,1 N7
05,02,0 05,02,1 05,03,0 06,01,1 06,02,0 06,02,1 06,03,0 B7
03,04,1 03,05,0 04,02,0 04,02,1 04,03,0 04,03,1 04,04,0 R7
01,04,1 01,05,0 01,05,1 02,04,0 02,04,1 03,03,1 03,04,0 S7
04,04,1 04,05,1 05,03,1 05,04,0 05,04,1 05,05,0 05,05,1 M7
02,05,0 02,05,1 02,06,0 02,06,1 03,05,1 03,06,0 04,05,0 V7
00,06,1 00,07,0 00,07,1 01,06,0 01,06,1 01,07,0 01,07,1 D7
00,09,1 01,08,0 01,08,1 01,09,0 02,07,0 02,07,1 02,08,0 F7
00,10,0 00,10,1 01,09,1 01,10,0 01,10,1 01,11,0 02,09,0 W7
01,11,1 02,10,1 02,11,0 03,09,1 03,10,0 04,08,1 04,09,0 I7
02,08,1 02,09,1 02,10,0 03,08,0 03,08,1 03,09,0 04,08,0 G7
04,07,1 05,06,0 05,06,1 05,07,0 05,07,1 05,08,0 05,08,1 E7
06,05,0 06,05,1 06,06,0 07,04,1 07,05,0 07,05,1 08,04,0 X7
08,04,1 08,05,0 08,05,1 08,06,0 08,06,1 09,05,1 09,06,0 J7
09,04,1 09,05,0 10,03,1 10,04,0 10,04,1 11,04,0 11,04,1 T7
09,07,1 10,05,0 10,05,1 10,06,0 10,06,1 10,07,0 11,05,0 Q7
07,07,1 07,08,1 08,07,0 08,07,1 08,08,0 09,06,1 09,07,0 Y7
04,11,1 05,10,0 05,10,1 05,11,0 06,10,0 06,10,1 07,10,0 H7
03,10,1 04,09,1 04,10,0 04,10,1 04,11,0 05,09,0 05,09,1 A7
06,08,0 06,08,1 06,09,0 06,09,1 07,08,0 07,09,0 07,09,1 U7

              ____        ____
             /\   \      /\   \
        ____/  \   \____/  \   \____
       /       /\   \      /        \
      /___    /  \   \    /__________\
      \   \   \   \   \      /       /
       \   \___\   \   \____/   ____/
       /    \       \  /   /    \   \
  ____/___   \_______\/   /______\   \____
 /       /   /    \      /    \       \   \
/       /___/      \    /      \____   \   \
\      /    \      /   /\      /    \  /   /
 \____/      \____/___/  \____/      \/   /
 /   /   /\   \      /       /   /\  /    \
/   /___/  \___\    /___    /   /  \/______\
\       \   \      /    \   \  /\          /
 \____   \   \    /      \___\/  \    ____/
      \  /   /\  /\      /    \   \  /
       \/   /  \/  \____/   ___\   \/
       /   /       /\       \   \   \
      /___/___    /  \_______\   \   \
      \       \  /           /   /   /
       \____   \/___________/   /___/
            \      /    \      /
             \____/      \____/

solution 10 (5,814,141 searches):
07,01,0 07,01,1 07,02,0 08,01,0 08,01,1 09,01,0 09,01,1 P7
09,00,1 09,02,1 10,00,0 10,00,1 10,01,0 10,01,1 10,02,0 C7
09,03,1 09,04,0 10,02,1 10,03,0 11,01,0 11,01,1 11,02,0 L7
07,02,1 08,02,0 08,02,1 08,03,0 08,03,1 09,02,0 09,03,0 Z7
04,01,1 05,01,0 05,01,1 06,00,1 06,01,0 07,00,0 07,00,1 N7
05,02,1 05,03,1 05,04,0 06,01,1 06,02,0 06,02,1 06,03,0 U7
03,03,1 04,02,0 04,02,1 04,03,0 04,03,1 05,02,0 05,03,0 B7
04,05,0 04,05,1 05,04,1 05,05,0 05,05,1 05,06,0 06,05,0 X7
01,04,1 02,04,0 02,04,1 03,04,0 03,04,1 04,04,0 04,04,1 I7
06,05,1 06,06,0 07,04,1 07,05,0 07,05,1 08,04,0 08,04,1 F7
04,07,1 04,08,1 05,06,1 05,07,0 05,07,1 05,08,0 05,08,1 M7
00,06,1 00,07,0 01,05,0 01,05,1 01,06,0 01,06,1 02,06,0 W7
02,05,0 02,05,1 02,06,1 02,07,0 03,05,0 03,05,1 03,06,0 V7
00,07,1 01,07,0 01,07,1 01,08,0 01,08,1 02,07,1 02,08,0 S7
00,09,1 00,10,0 00,10,1 01,09,0 01,09,1 01,10,0 02,09,0 D7
02,08,1 02,09,1 02,10,0 03,08,0 03,08,1 03,09,0 04,08,0 G7
01,10,1 01,11,0 01,11,1 02,10,1 02,11,0 03,09,1 03,10,0 J7
03,10,1 04,09,0 04,09,1 04,10,0 04,10,1 04,11,0 04,11,1 E7
05,10,0 05,10,1 05,11,0 06,10,0 06,10,1 07,09,1 07,10,0 Q7
05,09,0 05,09,1 06,08,0 06,08,1 06,09,0 06,09,1 07,09,0 Y7
07,08,1 08,07,1 08,08,0 09,06,1 09,07,0 09,07,1 10,07,0 H7
07,07,1 07,08,0 08,05,0 08,05,1 08,06,0 08,06,1 08,07,0 R7
09,05,1 09,06,0 10,05,0 10,05,1 10,06,0 10,06,1 11,05,0 A7
09,04,1 09,05,0 10,03,1 10,04,0 10,04,1 11,04,0 11,04,1 T7

              ____        ____
             /    \      /   /\
        ____/      \____/   /  \____
       /    \  /\   \      /        \
      /      \/  \   \    /_______   \
      \       \   \  /   /        \  /
       \_______\   \/___/___    ___\/
       /    \       \      /   /\   \
  ____/      \_______\    /___/  \   \____
 /\      /\  /    \      /    \   \       \
/  \____/  \/      \    /      \   \    ___\
\       \   \      /\  /\      /   /\  /   /
 \    ___\   \____/  \/  \____/   /  \/   /
 /   /       /        \      /   /\       \
/___/_______/___    ___\    /___/  \_______\
\              /\  /    \      /\          /
 \____________/  \/      \____/  \    ____/
      \       \   \      /    \   \  /
       \    ___\   \____/   ___\   \/
       /    \      /\       \   \   \
      /______\    /  \_______\   \   \
      \       \  /           /   /   /
       \____   \/___________/   /___/
            \      /    \      /
             \____/      \____/

User-requested solution limit reached.
10 solutions, 5,814,141 searches, duration 0:04:14.126333
