solving HexatwigsTrefoil13:

solution 1 (1,989,040,769 searches):
3,0,0 3,0,1 3,1,0 3,1,2 4,0,1 4,0,2 O06
4,0,0 4,1,0 5,0,1 5,0,2 5,1,1 5,1,2 F06
0,3,0 1,2,0 1,2,1 2,1,0 2,1,1 2,2,2 H16
0,3,1 0,4,1 0,4,2 0,5,0 0,5,2 1,4,1 J06
3,2,0 4,1,1 4,1,2 4,2,0 4,2,2 5,2,2 H06
1,3,0 1,3,2 2,2,0 2,2,1 2,3,2 3,1,1 L26
0,4,0 1,3,1 1,4,0 1,4,2 2,4,1 2,4,2 S26
2,3,0 2,3,1 3,2,1 3,2,2 3,3,0 3,3,2 Y06
4,2,1 4,3,0 4,3,2 5,2,0 5,2,1 5,3,2 R06
2,4,0 3,3,1 3,4,1 3,4,2 3,5,1 3,5,2 L16
3,4,0 4,3,1 4,4,0 4,4,1 4,4,2 5,4,2 X06
3,5,0 4,5,0 4,5,2 5,4,0 5,4,1 6,3,1 W06
5,3,0 5,3,1 6,3,0 6,3,2 7,2,0 7,2,1 S16
5,1,0 6,0,0 6,0,1 7,0,1 7,0,2 7,1,2 V06
7,0,0 7,1,0 7,1,1 7,2,2 8,0,1 8,0,2 S06
6,1,0 6,1,1 6,1,2 6,2,0 6,2,1 6,2,2 U06
8,1,1 8,1,2 8,2,1 8,2,2 8,3,1 8,3,2 I06
6,4,0 6,4,2 7,3,0 7,3,1 7,3,2 7,4,2 X16
5,5,0 6,4,1 6,5,0 6,5,2 7,4,0 7,4,1 C06
4,5,1 4,6,0 4,6,1 4,6,2 5,5,1 5,5,2 Q26
3,8,0 3,8,2 4,7,0 4,7,1 5,6,1 5,6,2 M06
2,8,0 2,8,2 3,7,0 3,7,1 3,7,2 4,7,2 R16
1,5,0 1,5,1 1,5,2 1,6,2 2,5,0 2,5,2 Y26
0,6,0 0,6,1 0,7,0 0,7,2 1,6,0 1,6,1 Q06
0,7,1 0,8,0 0,8,2 1,7,0 1,7,1 1,7,2 Q16
1,8,0 1,8,2 2,7,0 2,7,1 3,6,0 3,6,1 L06
2,5,1 2,6,0 2,6,1 2,6,2 2,7,2 3,6,2 Y16

                    _M06
                   M06  M06
              _R16/      \_M06
             R16  R16    R16  M06
        _L06/      \_R16/      \
       L06  L06    R16  Q26    M06
  _Q16/      \_L06/      \_Q26/       _C06
 Q16  Q16    Y16  L06    Q26  Q26    C06  C06
/      \_Q16/      \_L06/      \_C06/      \_C06
Q16    Q16  Y16    Y16  Q26    Q26  C06    X16  I06
 \_Q06/      \_Y16/      \_W06/      \_X16/      \
 Q06  Q06    Y16  L16    W06  W06    X16  X16    I06
/      \_Q06/      \_W06/      \_W06/      \_X16/
Q06    Y26  Y16    L16  X06    X06  W06    X16  I06
 \_Q06/      \_Y26/      \_X06/      \_S16/      \
      Y26    Y26  L16    X06  S16    S16  S16    I06
       \_Y26/      \_X06/      \_S16/      \_S16/
       Y26  S26    L16  X06    R06  U06    S06  I06
  _J06/      \_L16/      \_R06/      \_U06/      \
 J06  J06    S26  L16    R06  R06    U06  S06    I06
/      \_S26/      \_Y06/      \_R06/      \_S06/
J06    S26  Y06    Y06  R06    H06  U06    V06  S06
 \_S26/      \_Y06/      \_H06/      \_U06/      \
 J06  S26    L26  Y06    H06  F06    U06  V06    S06
/      \_L26/      \_H06/      \_V06/      \_S06/
J06    L26  L26    Y06  H06    F06  V06    V06
 \_H16/      \_L26/      \_F06/      \_V06/
      H16    H16  L26    H06  F06
       \_H16/      \_O06/      \
            H16    O06  O06    F06
             \_H16/      \_F06/
                  O06    O06
                   \_O06/

solution 2 (2,169,382,425 searches):
3,0,0 3,0,1 3,1,0 3,1,2 4,0,1 4,0,2 O06
4,0,0 4,1,0 5,0,1 5,0,2 5,1,1 5,1,2 F06
0,3,0 1,2,0 1,2,1 2,1,0 2,1,1 2,2,2 H16
0,3,1 0,4,1 0,4,2 0,5,0 0,5,2 1,4,1 J06
3,2,0 4,1,1 4,1,2 4,2,0 4,2,2 5,2,2 H06
2,3,0 3,1,1 3,2,1 3,2,2 3,3,0 3,3,2 L26
1,3,0 1,3,2 2,2,0 2,2,1 2,3,1 2,3,2 Y06
0,4,0 1,3,1 1,4,0 1,4,2 2,4,1 2,4,2 S26
4,2,1 4,3,0 4,3,2 5,2,0 5,2,1 5,3,2 R06
2,4,0 3,3,1 3,4,1 3,4,2 3,5,1 3,5,2 L16
3,4,0 4,3,1 4,4,0 4,4,1 4,4,2 5,4,2 X06
3,5,0 4,5,0 4,5,2 5,4,0 5,4,1 6,3,1 W06
5,3,0 5,3,1 6,3,0 6,3,2 7,2,0 7,2,1 S16
5,1,0 6,0,0 6,0,1 7,0,1 7,0,2 7,1,2 V06
7,0,0 7,1,0 7,1,1 7,2,2 8,0,1 8,0,2 S06
6,1,0 6,1,1 6,1,2 6,2,0 6,2,1 6,2,2 U06
8,1,1 8,1,2 8,2,1 8,2,2 8,3,1 8,3,2 I06
6,4,0 6,4,2 7,3,0 7,3,1 7,3,2 7,4,2 X16
5,5,0 6,4,1 6,5,0 6,5,2 7,4,0 7,4,1 C06
4,5,1 4,6,0 4,6,1 4,6,2 5,5,1 5,5,2 Q26
3,8,0 3,8,2 4,7,0 4,7,1 5,6,1 5,6,2 M06
2,8,0 2,8,2 3,7,0 3,7,1 3,7,2 4,7,2 R16
1,5,0 1,5,1 1,5,2 1,6,2 2,5,0 2,5,2 Y26
0,6,0 0,6,1 0,7,0 0,7,2 1,6,0 1,6,1 Q06
0,7,1 0,8,0 0,8,2 1,7,0 1,7,1 1,7,2 Q16
1,8,0 1,8,2 2,7,0 2,7,1 3,6,0 3,6,1 L06
2,5,1 2,6,0 2,6,1 2,6,2 2,7,2 3,6,2 Y16

                    _M06
                   M06  M06
              _R16/      \_M06
             R16  R16    R16  M06
        _L06/      \_R16/      \
       L06  L06    R16  Q26    M06
  _Q16/      \_L06/      \_Q26/       _C06
 Q16  Q16    Y16  L06    Q26  Q26    C06  C06
/      \_Q16/      \_L06/      \_C06/      \_C06
Q16    Q16  Y16    Y16  Q26    Q26  C06    X16  I06
 \_Q06/      \_Y16/      \_W06/      \_X16/      \
 Q06  Q06    Y16  L16    W06  W06    X16  X16    I06
/      \_Q06/      \_W06/      \_W06/      \_X16/
Q06    Y26  Y16    L16  X06    X06  W06    X16  I06
 \_Q06/      \_Y26/      \_X06/      \_S16/      \
      Y26    Y26  L16    X06  S16    S16  S16    I06
       \_Y26/      \_X06/      \_S16/      \_S16/
       Y26  S26    L16  X06    R06  U06    S06  I06
  _J06/      \_L16/      \_R06/      \_U06/      \
 J06  J06    S26  L16    R06  R06    U06  S06    I06
/      \_S26/      \_L26/      \_R06/      \_S06/
J06    S26  Y06    L26  R06    H06  U06    V06  S06
 \_S26/      \_L26/      \_H06/      \_U06/      \
 J06  S26    Y06  L26    H06  F06    U06  V06    S06
/      \_Y06/      \_H06/      \_V06/      \_S06/
J06    Y06  Y06    L26  H06    F06  V06    V06
 \_H16/      \_Y06/      \_F06/      \_V06/
      H16    H16  L26    H06  F06
       \_H16/      \_O06/      \
            H16    O06  O06    F06
             \_H16/      \_F06/
                  O06    O06
                   \_O06/

solution 3 (3,393,314,000 searches):
3,0,0 3,0,1 3,1,0 3,1,2 4,0,1 4,0,2 O06
4,0,0 4,1,0 5,0,1 5,0,2 5,1,1 5,1,2 F06
0,3,0 1,2,0 1,2,1 2,1,0 2,1,1 2,2,2 H16
0,3,1 0,4,1 0,4,2 0,5,0 0,5,2 1,4,1 J06
4,1,1 4,1,2 4,2,1 4,2,2 4,3,1 4,3,2 I06
4,2,0 4,3,0 5,2,1 5,2,2 5,3,0 5,3,2 R16
0,4,0 1,3,1 1,3,2 1,4,0 1,4,2 2,4,2 H06
1,3,0 2,2,0 2,2,1 2,3,2 3,1,1 3,2,2 U06
2,3,0 2,3,1 3,2,0 3,2,1 3,3,0 3,3,2 Y16
5,1,0 6,0,0 6,0,1 7,0,0 7,0,2 8,0,2 W06
6,1,0 6,1,1 6,1,2 7,0,1 7,1,0 7,1,2 X06
7,3,0 8,0,1 8,1,1 8,1,2 8,2,1 8,2,2 L06
7,3,1 7,3,2 7,4,0 7,4,2 8,3,1 8,3,2 Q06
5,2,0 6,2,0 6,2,1 6,2,2 6,3,2 7,1,1 Y06
5,4,0 6,3,0 6,3,1 7,2,0 7,2,1 7,2,2 L16
6,4,0 6,4,1 6,4,2 6,5,0 6,5,2 7,4,1 Q16
2,8,0 2,8,2 3,6,1 3,7,0 3,7,1 3,7,2 R06
3,8,0 3,8,2 4,6,0 4,6,1 4,7,1 4,7,2 S06
4,7,0 5,5,0 5,5,1 5,5,2 5,6,1 5,6,2 S26
4,5,0 4,5,1 4,6,2 5,3,1 5,4,1 5,4,2 S16
1,7,0 2,6,0 2,6,1 2,7,2 3,6,0 3,6,2 C06
1,7,1 1,7,2 1,8,0 1,8,2 2,7,0 2,7,1 V06
0,6,0 0,6,1 0,7,1 0,7,2 0,8,0 0,8,2 M06
0,7,0 1,5,1 1,5,2 1,6,0 1,6,1 1,6,2 L26
2,5,0 2,5,1 2,5,2 2,6,2 3,5,1 3,5,2 Q26
1,5,0 2,4,0 2,4,1 3,3,1 3,4,1 3,4,2 Y26
3,4,0 3,5,0 4,4,0 4,4,1 4,4,2 4,5,2 X16

                    _S06
                   S06  S06
              _R06/      \_S26
             R06  R06    S06  S26
        _V06/      \_R06/      \
       V06  V06    R06  S06    S26
  _M06/      \_V06/      \_S06/       _Q16
 M06  V06    C06  R06    S16  S26    Q16  Q16
/      \_C06/      \_C06/      \_S26/      \_Q06
M06    V06  C06    C06  S16    S26  Q16    Q06  Q06
 \_L26/      \_C06/      \_S16/      \_Q16/      \
 M06  L26    Q26  Q26    X16  S16    Q16  Q06    Q06
/      \_L26/      \_X16/      \_L16/      \_L06/
M06    L26  Q26    Q26  X16    S16  L16    Q06  L06
 \_M06/      \_Q26/      \_X16/      \_L16/      \
      L26    Q26  Y26    X16  S16    Y06  L16    L06
       \_Y26/      \_X16/      \_R16/      \_L16/
       L26  Y26    Y26  I06    R16  Y06    L16  L06
  _J06/      \_Y26/      \_R16/      \_Y06/      \
 J06  J06    H06  Y26    I06  R16    Y06  Y06    L06
/      \_H06/      \_Y16/      \_Y06/      \_X06/
J06    H06  Y16    Y16  I06    R16  X06    X06  L06
 \_H06/      \_Y16/      \_R16/      \_X06/      \
 J06  H06    U06  Y16    I06  F06    X06  X06    W06
/      \_U06/      \_Y16/      \_W06/      \_W06/
J06    H06  U06    U06  I06    F06  W06    W06
 \_H16/      \_U06/      \_F06/      \_W06/
      H16    H16  U06    I06  F06
       \_H16/      \_O06/      \
            H16    O06  O06    F06
             \_H16/      \_F06/
                  O06    O06
                   \_O06/

solution 4 (3,992,666,626 searches):
3,0,0 3,0,1 3,1,0 3,1,2 4,0,1 4,0,2 O06
4,0,0 4,1,0 5,0,1 5,0,2 5,1,1 5,1,2 F06
0,3,0 1,2,0 1,2,1 2,1,0 2,1,1 2,2,2 H16
0,3,1 0,4,1 0,4,2 0,5,0 0,5,2 1,4,1 J06
4,1,1 4,1,2 4,2,1 4,2,2 4,3,0 4,3,2 L06
4,2,0 5,2,0 5,2,1 5,2,2 5,3,2 6,1,1 Y06
5,1,0 6,0,0 6,0,1 6,1,0 6,1,2 7,0,2 Q26
7,0,0 7,0,1 7,1,0 7,1,1 7,1,2 8,0,2 Q16
6,3,0 7,2,0 7,2,1 8,0,1 8,1,1 8,1,2 W06
6,2,0 6,2,1 6,2,2 6,3,1 6,3,2 7,2,2 Y26
7,3,0 7,3,1 7,3,2 7,4,2 8,2,1 8,2,2 R16
6,5,0 6,5,2 7,4,0 7,4,1 8,3,1 8,3,2 M06
4,3,1 4,4,0 4,4,2 5,3,0 5,3,1 5,4,2 R06
4,5,0 5,4,0 5,4,1 5,5,2 6,4,0 6,4,2 C06
4,7,0 5,5,0 5,5,1 5,6,1 5,6,2 6,4,1 S16
3,7,1 3,8,0 3,8,2 4,6,1 4,7,1 4,7,2 Q06
1,8,0 1,8,2 2,7,0 2,7,1 2,8,0 2,8,2 Y16
2,6,0 3,5,1 3,6,1 3,6,2 3,7,0 3,7,2 S26
3,6,0 4,4,1 4,5,1 4,5,2 4,6,0 4,6,2 L26
0,7,1 0,8,0 0,8,2 1,7,0 1,7,1 2,7,2 S06
0,6,0 0,6,1 0,7,0 0,7,2 1,5,1 1,7,2 V06
1,5,0 1,5,2 2,5,0 2,5,2 3,5,0 3,5,2 I06
1,6,0 1,6,1 1,6,2 2,5,1 2,6,1 2,6,2 X16
3,3,0 3,3,1 3,3,2 3,4,0 3,4,1 3,4,2 U06
2,3,0 2,3,1 3,1,1 3,2,0 3,2,1 3,2,2 H06
0,4,0 1,4,0 1,4,2 2,4,0 2,4,1 2,4,2 L16
1,3,0 1,3,1 1,3,2 2,2,0 2,2,1 2,3,2 X06

                    _Q06
                   Q06  Q06
              _Y16/      \_S16
             Y16  Q06    Q06  S16
        _Y16/      \_S26/      \
       Y16  Y16    S26  Q06    S16
  _S06/      \_Y16/      \_L26/       _M06
 S06  S06    S06  S26    L26  S16    M06  M06
/      \_S06/      \_L26/      \_S16/      \_M06
S06    V06  X16    S26  L26    C06  S16    R16  M06
 \_V06/      \_S26/      \_C06/      \_C06/      \
 V06  X16    X16  S26    L26  C06    C06  R16    M06
/      \_X16/      \_I06/      \_C06/      \_R16/
V06    X16  X16    I06  L26    R06  Y26    R16  R16
 \_V06/      \_I06/      \_R06/      \_W06/      \
      V06    I06  U06    R06  R06    Y26  W06    R16
       \_I06/      \_U06/      \_R06/      \_W06/
       I06  L16    U06  R06    Y06  Y26    Y26  W06
  _J06/      \_L16/      \_L06/      \_Y26/      \
 J06  J06    L16  U06    L06  Y06    Y26  Q16    W06
/      \_L16/      \_U06/      \_Y06/      \_Q16/
J06    L16  H06    U06  L06    Y06  Y06    Q16  W06
 \_L16/      \_H06/      \_Y06/      \_Q26/      \
 J06  X06    X06  H06    L06  F06    Q26  Q16    Q16
/      \_X06/      \_H06/      \_Q26/      \_Q16/
J06    X06  X06    H06  L06    F06  Q26    Q26
 \_H16/      \_X06/      \_F06/      \_Q26/
      H16    H16  H06    L06  F06
       \_H16/      \_O06/      \
            H16    O06  O06    F06
             \_H16/      \_F06/
                  O06    O06
                   \_O06/

solution 5 (4,038,626,324 searches):
3,0,0 3,0,1 3,1,0 3,1,2 4,0,1 4,0,2 O06
4,0,0 4,1,0 5,0,1 5,0,2 5,1,1 5,1,2 F06
0,3,0 1,2,0 1,2,1 2,1,0 2,1,1 2,2,2 H16
0,3,1 0,4,1 0,4,2 0,5,0 0,5,2 1,4,1 J06
4,1,1 4,1,2 4,2,1 4,2,2 4,3,0 4,3,2 L06
4,2,0 5,2,0 5,2,1 5,2,2 5,3,2 6,2,2 Y16
5,1,0 6,0,0 6,0,1 6,1,2 7,0,0 7,0,2 C06
6,1,0 6,1,1 7,0,1 7,1,0 7,1,1 7,1,2 X16
8,0,1 8,0,2 8,1,1 8,1,2 8,2,1 8,2,2 I06
0,4,0 1,3,1 1,4,0 1,4,2 2,4,0 2,4,2 L16
1,3,0 1,3,2 2,2,0 2,2,1 2,3,1 2,3,2 Y06
2,3,0 3,1,1 3,2,0 3,2,1 3,2,2 3,3,2 X06
3,3,0 3,3,1 3,4,0 3,4,1 3,4,2 4,3,1 Q26
5,3,0 5,3,1 6,2,0 6,2,1 7,2,0 7,2,2 W06
0,6,0 0,6,1 0,7,2 1,5,0 1,5,1 1,5,2 S26
2,4,1 2,5,0 2,5,1 2,5,2 3,5,0 3,5,2 L26
4,4,0 4,4,1 4,4,2 4,5,1 4,5,2 5,4,2 Y26
1,6,0 1,6,2 2,6,0 2,6,1 2,6,2 2,7,2 H06
3,5,1 3,6,0 3,6,2 4,6,1 4,6,2 4,7,2 S16
3,8,0 3,8,2 4,7,0 4,7,1 5,6,1 5,6,2 M06
4,5,0 4,6,0 5,4,0 5,4,1 5,5,1 5,5,2 R16
2,8,0 2,8,2 3,6,1 3,7,0 3,7,1 3,7,2 R06
1,7,0 1,7,1 1,8,0 1,8,2 2,7,0 2,7,1 Q06
0,7,0 0,7,1 0,8,0 0,8,2 1,6,1 1,7,2 Q16
5,5,0 6,5,0 6,5,2 7,3,1 7,4,1 7,4,2 V06
7,2,1 7,3,0 7,3,2 7,4,0 8,3,1 8,3,2 S06
6,3,0 6,3,1 6,3,2 6,4,0 6,4,1 6,4,2 U06

                    _M06
                   M06  M06
              _R06/      \_M06
             R06  R06    S16  M06
        _Q06/      \_R06/      \
       Q06  Q06    R06  S16    M06
  _Q16/      \_Q06/      \_R16/       _V06
 Q16  Q06    H06  R06    S16  R16    V06  V06
/      \_Q06/      \_S16/      \_V06/      \_S06
Q16    Q16  H06    S16  Y26    R16  U06    V06  S06
 \_Q16/      \_H06/      \_R16/      \_U06/      \
 S26  Q16    H06  S16    Y26  R16    U06  V06    S06
/      \_H06/      \_L26/      \_R16/      \_S06/
S26    H06  L26    L26  Y26    Y26  U06    S06  I06
 \_S26/      \_L26/      \_Y26/      \_U06/      \
      S26    L26  Q26    Y26  W06    U06  S06    I06
       \_S26/      \_Q26/      \_W06/      \_W06/
       S26  L26    Q26  Q26    Y16  W06    W06  I06
  _J06/      \_L16/      \_L06/      \_W06/      \
 J06  J06    L16  Q26    L06  Y16    Y16  X16    I06
/      \_L16/      \_Q26/      \_Y16/      \_X16/
J06    L16  Y06    X06  L06    Y16  X16    X16  I06
 \_L16/      \_X06/      \_Y16/      \_X16/      \
 J06  L16    Y06  X06    L06  F06    C06  X16    I06
/      \_Y06/      \_X06/      \_C06/      \_C06/
J06    Y06  Y06    X06  L06    F06  C06    C06
 \_H16/      \_Y06/      \_F06/      \_C06/
      H16    H16  X06    L06  F06
       \_H16/      \_O06/      \
            H16    O06  O06    F06
             \_H16/      \_F06/
                  O06    O06
                   \_O06/

solution 6 (4,039,022,119 searches):
3,0,0 3,0,1 3,1,0 3,1,2 4,0,1 4,0,2 O06
4,0,0 4,1,0 5,0,1 5,0,2 5,1,1 5,1,2 F06
0,3,0 1,2,0 1,2,1 2,1,0 2,1,1 2,2,2 H16
0,3,1 0,4,1 0,4,2 0,5,0 0,5,2 1,4,1 J06
4,1,1 4,1,2 4,2,1 4,2,2 4,3,0 4,3,2 L06
4,2,0 5,2,0 5,2,1 5,2,2 5,3,2 6,2,2 Y16
5,1,0 6,0,0 6,0,1 7,0,0 7,0,1 7,0,2 C06
6,1,0 6,1,1 6,1,2 7,1,0 7,1,1 7,1,2 U06
8,0,1 8,0,2 8,1,1 8,1,2 8,2,1 8,2,2 I06
0,4,0 1,3,1 1,4,0 1,4,2 2,4,0 2,4,2 L16
1,3,0 1,3,2 2,2,0 2,2,1 2,3,1 2,3,2 Y06
2,3,0 3,1,1 3,2,0 3,2,1 3,2,2 3,3,2 X06
3,3,0 3,3,1 3,4,0 3,4,1 3,4,2 4,3,1 Q26
5,3,0 5,3,1 6,2,0 6,2,1 7,2,0 7,2,2 W06
2,8,0 2,8,2 3,6,1 3,7,0 3,7,1 3,7,2 R06
3,8,0 3,8,2 4,7,0 4,7,1 5,6,1 5,6,2 M06
3,5,1 3,6,0 3,6,2 4,6,1 4,6,2 4,7,2 S16
4,5,0 4,6,0 5,4,0 5,4,1 5,5,1 5,5,2 R16
4,4,0 4,4,1 4,4,2 4,5,1 4,5,2 5,4,2 Y26
2,4,1 2,5,0 2,5,1 2,5,2 3,5,0 3,5,2 L26
0,6,0 0,6,1 0,7,2 1,5,0 1,5,1 1,5,2 S26
5,5,0 6,4,0 6,5,0 6,5,2 7,4,1 7,4,2 Q06
6,3,0 6,3,1 6,3,2 6,4,1 6,4,2 7,2,1 H06
7,3,0 7,3,1 7,3,2 7,4,0 8,3,1 8,3,2 Q16
0,7,0 0,7,1 0,8,0 0,8,2 1,6,1 1,6,2 S06
1,7,1 1,7,2 1,8,0 1,8,2 2,7,0 2,7,1 V06
1,6,0 1,7,0 2,6,0 2,6,1 2,6,2 2,7,2 X16

                    _M06
                   M06  M06
              _R06/      \_M06
             R06  R06    S16  M06
        _V06/      \_R06/      \
       V06  V06    R06  S16    M06
  _S06/      \_V06/      \_R16/       _Q06
 S06  V06    X16  R06    S16  R16    Q06  Q06
/      \_X16/      \_S16/      \_Q06/      \_Q16
S06    V06  X16    S16  Y26    R16  H06    Q06  Q16
 \_S06/      \_X16/      \_R16/      \_Q06/      \
 S26  S06    X16  S16    Y26  R16    H06  Q16    Q16
/      \_X16/      \_L26/      \_R16/      \_Q16/
S26    S06  L26    L26  Y26    Y26  H06    Q16  I06
 \_S26/      \_L26/      \_Y26/      \_H06/      \
      S26    L26  Q26    Y26  W06    H06  H06    I06
       \_S26/      \_Q26/      \_W06/      \_W06/
       S26  L26    Q26  Q26    Y16  W06    W06  I06
  _J06/      \_L16/      \_L06/      \_W06/      \
 J06  J06    L16  Q26    L06  Y16    Y16  U06    I06
/      \_L16/      \_Q26/      \_Y16/      \_U06/
J06    L16  Y06    X06  L06    Y16  U06    U06  I06
 \_L16/      \_X06/      \_Y16/      \_U06/      \
 J06  L16    Y06  X06    L06  F06    U06  C06    I06
/      \_Y06/      \_X06/      \_C06/      \_C06/
J06    Y06  Y06    X06  L06    F06  C06    C06
 \_H16/      \_Y06/      \_F06/      \_C06/
      H16    H16  X06    L06  F06
       \_H16/      \_O06/      \
            H16    O06  O06    F06
             \_H16/      \_F06/
                  O06    O06
                   \_O06/

solution 7 (9,668,917,229 searches):
3,0,0 3,0,1 3,1,0 3,1,2 4,0,1 4,0,2 O06
4,0,0 4,1,0 5,0,1 5,0,2 5,1,1 5,1,2 F06
0,3,0 1,2,0 1,2,1 2,1,0 2,1,1 2,2,2 H16
0,3,1 0,4,1 0,4,2 0,5,0 0,5,2 1,4,1 J06
3,1,1 3,2,0 3,2,1 3,2,2 4,1,1 4,1,2 Q26
1,3,0 1,3,1 1,3,2 2,2,0 2,2,1 2,3,2 X06
0,4,0 1,4,0 1,4,2 2,3,0 2,3,1 3,3,2 S16
5,1,0 6,0,0 6,0,1 7,0,1 7,0,2 7,1,2 V06
7,0,0 7,1,0 7,1,1 7,2,2 8,0,1 8,0,2 S06
7,3,0 7,3,1 8,1,1 8,1,2 8,2,1 8,2,2 W06
6,5,0 6,5,2 7,4,0 7,4,1 8,3,1 8,3,2 M06
5,3,0 6,3,0 6,3,2 7,2,0 7,2,1 7,3,2 H06
5,5,0 5,5,2 6,4,0 6,4,1 6,4,2 7,4,2 R16
4,4,0 4,5,0 5,4,0 5,4,1 5,4,2 6,3,1 Y16
4,2,0 5,2,0 5,2,1 5,2,2 5,3,1 5,3,2 L26
6,1,0 6,1,1 6,1,2 6,2,0 6,2,1 6,2,2 U06
3,3,0 3,3,1 4,2,1 4,2,2 4,3,0 4,3,2 Y06
2,5,1 2,6,0 2,6,2 3,5,0 3,5,1 3,6,2 R06
2,4,0 2,4,1 2,4,2 3,4,0 3,4,2 4,3,1 S26
1,5,0 1,5,2 2,5,0 2,5,2 3,4,1 3,5,2 L16
4,4,1 4,4,2 4,5,1 4,5,2 4,6,0 4,6,2 L06
4,6,1 4,7,0 4,7,2 5,5,1 5,6,1 5,6,2 Q06
3,7,0 3,7,1 3,7,2 3,8,0 3,8,2 4,7,1 Q16
2,6,1 2,7,0 2,7,1 2,7,2 3,6,0 3,6,1 Y26
0,8,0 0,8,2 1,8,0 1,8,2 2,8,0 2,8,2 I06
0,7,0 1,6,0 1,6,1 1,7,0 1,7,1 1,7,2 X16
0,6,0 0,6,1 0,7,1 0,7,2 1,5,1 1,6,2 C06

                    _Q16
                   Q16  Q16
              _I06/      \_Q06
             I06  Q16    Q06  Q06
        _I06/      \_Q16/      \
       I06  Y26    Q16  Q06    Q06
  _I06/      \_Y26/      \_L06/       _M06
 I06  X16    Y26  Y26    L06  Q06    M06  M06
/      \_X16/      \_Y26/      \_R16/      \_M06
C06    X16  Y26    R06  L06    R16  R16    R16  M06
 \_X16/      \_R06/      \_Y16/      \_R16/      \
 C06  X16    R06  R06    L06  Y16    R16  W06    M06
/      \_X16/      \_R06/      \_Y16/      \_W06/
C06    C06  R06    L16  L06    Y16  Y16    H06  W06
 \_C06/      \_L16/      \_Y16/      \_H06/      \
      C06    L16  L16    L06  L26    H06  H06    W06
       \_L16/      \_S26/      \_H06/      \_H06/
       L16  S26    S26  S26    L26  U06    S06  W06
  _J06/      \_S26/      \_Y06/      \_U06/      \
 J06  J06    S26  Y06    Y06  L26    U06  S06    W06
/      \_S16/      \_Y06/      \_L26/      \_S06/
J06    S16  S16    S16  Y06    L26  U06    V06  S06
 \_S16/      \_S16/      \_L26/      \_U06/      \
 J06  X06    X06  Q26    Y06  F06    U06  V06    S06
/      \_X06/      \_Q26/      \_V06/      \_S06/
J06    X06  X06    Q26  Q26    F06  V06    V06
 \_H16/      \_X06/      \_F06/      \_V06/
      H16    H16  Q26    Q26  F06
       \_H16/      \_O06/      \
            H16    O06  O06    F06
             \_H16/      \_F06/
                  O06    O06
                   \_O06/

solution 8 (9,668,918,750 searches):
3,0,0 3,0,1 3,1,0 3,1,2 4,0,1 4,0,2 O06
4,0,0 4,1,0 5,0,1 5,0,2 5,1,1 5,1,2 F06
0,3,0 1,2,0 1,2,1 2,1,0 2,1,1 2,2,2 H16
0,3,1 0,4,1 0,4,2 0,5,0 0,5,2 1,4,1 J06
3,1,1 3,2,0 3,2,1 3,2,2 4,1,1 4,1,2 Q26
1,3,0 1,3,1 1,3,2 2,2,0 2,2,1 2,3,2 X06
0,4,0 1,4,0 1,4,2 2,3,0 2,3,1 3,3,2 S16
5,1,0 6,0,0 6,0,1 7,0,1 7,0,2 7,1,2 V06
7,0,0 7,1,0 7,1,1 7,2,2 8,0,1 8,0,2 S06
7,3,0 7,3,1 8,1,1 8,1,2 8,2,1 8,2,2 W06
6,5,0 6,5,2 7,4,0 7,4,1 8,3,1 8,3,2 M06
5,3,0 6,3,0 6,3,2 7,2,0 7,2,1 7,3,2 H06
5,5,0 5,5,2 6,4,0 6,4,1 6,4,2 7,4,2 R16
4,4,0 4,5,0 5,4,0 5,4,1 5,4,2 6,3,1 Y16
4,3,0 4,3,2 5,2,0 5,2,1 5,3,1 5,3,2 Y06
6,1,0 6,1,1 6,1,2 6,2,0 6,2,1 6,2,2 U06
3,3,0 3,3,1 4,2,0 4,2,1 4,2,2 5,2,2 L26
2,5,1 2,6,0 2,6,2 3,5,0 3,5,1 3,6,2 R06
2,4,0 2,4,1 2,4,2 3,4,0 3,4,2 4,3,1 S26
1,5,0 1,5,2 2,5,0 2,5,2 3,4,1 3,5,2 L16
4,4,1 4,4,2 4,5,1 4,5,2 4,6,0 4,6,2 L06
4,6,1 4,7,0 4,7,2 5,5,1 5,6,1 5,6,2 Q06
3,7,0 3,7,1 3,7,2 3,8,0 3,8,2 4,7,1 Q16
2,6,1 2,7,0 2,7,1 2,7,2 3,6,0 3,6,1 Y26
0,8,0 0,8,2 1,8,0 1,8,2 2,8,0 2,8,2 I06
0,7,0 1,6,0 1,6,1 1,7,0 1,7,1 1,7,2 X16
0,6,0 0,6,1 0,7,1 0,7,2 1,5,1 1,6,2 C06

                    _Q16
                   Q16  Q16
              _I06/      \_Q06
             I06  Q16    Q06  Q06
        _I06/      \_Q16/      \
       I06  Y26    Q16  Q06    Q06
  _I06/      \_Y26/      \_L06/       _M06
 I06  X16    Y26  Y26    L06  Q06    M06  M06
/      \_X16/      \_Y26/      \_R16/      \_M06
C06    X16  Y26    R06  L06    R16  R16    R16  M06
 \_X16/      \_R06/      \_Y16/      \_R16/      \
 C06  X16    R06  R06    L06  Y16    R16  W06    M06
/      \_X16/      \_R06/      \_Y16/      \_W06/
C06    C06  R06    L16  L06    Y16  Y16    H06  W06
 \_C06/      \_L16/      \_Y16/      \_H06/      \
      C06    L16  L16    L06  Y06    H06  H06    W06
       \_L16/      \_S26/      \_H06/      \_H06/
       L16  S26    S26  S26    Y06  U06    S06  W06
  _J06/      \_S26/      \_Y06/      \_U06/      \
 J06  J06    S26  L26    Y06  Y06    U06  S06    W06
/      \_S16/      \_L26/      \_Y06/      \_S06/
J06    S16  S16    S16  L26    L26  U06    V06  S06
 \_S16/      \_S16/      \_L26/      \_U06/      \
 J06  X06    X06  Q26    L26  F06    U06  V06    S06
/      \_X06/      \_Q26/      \_V06/      \_S06/
J06    X06  X06    Q26  Q26    F06  V06    V06
 \_H16/      \_X06/      \_F06/      \_V06/
      H16    H16  Q26    Q26  F06
       \_H16/      \_O06/      \
            H16    O06  O06    F06
             \_H16/      \_F06/
                  O06    O06
                   \_O06/

solution 9 (10,141,762,459 searches):
3,0,0 3,0,1 3,1,0 3,1,2 4,0,1 4,0,2 O06
4,0,0 4,1,0 5,0,1 5,0,2 5,1,1 5,1,2 F06
0,3,0 1,2,0 1,2,1 2,1,0 2,1,1 2,2,2 H16
0,3,1 0,4,1 0,4,2 0,5,0 0,5,2 1,4,1 J06
3,1,1 3,2,0 3,2,1 3,2,2 4,1,1 4,1,2 Q26
1,3,0 1,3,2 2,2,0 2,2,1 2,3,1 2,3,2 Y06
0,4,0 1,3,1 1,4,0 1,4,2 2,4,0 2,4,2 L16
2,3,0 3,3,1 3,3,2 3,4,0 3,4,1 3,4,2 S26
4,2,0 4,2,1 4,2,2 5,2,0 5,2,1 5,2,2 U06
3,3,0 4,3,0 4,3,2 5,3,0 5,3,2 6,3,2 I06
4,3,1 4,4,0 4,4,1 4,4,2 4,5,2 5,3,1 Y16
5,1,0 6,0,0 6,0,1 6,1,0 7,0,1 7,0,2 Q06
7,0,0 7,1,0 7,1,1 7,1,2 8,0,1 8,0,2 Q16
6,1,1 6,1,2 6,2,0 6,2,1 6,2,2 7,2,2 H06
6,3,0 6,3,1 7,2,0 7,2,1 8,1,1 8,1,2 L06
7,3,0 7,3,1 7,3,2 7,4,2 8,2,1 8,2,2 R16
6,5,0 6,5,2 7,4,0 7,4,1 8,3,1 8,3,2 M06
5,4,0 5,4,1 5,4,2 5,5,2 6,4,0 6,4,2 Y26
4,7,0 5,5,0 5,5,1 5,6,1 5,6,2 6,4,1 S16
3,8,0 3,8,2 4,6,0 4,6,1 4,7,1 4,7,2 S06
3,5,1 3,6,0 3,6,2 4,5,0 4,5,1 4,6,2 R06
2,4,1 2,5,0 2,5,1 2,5,2 3,5,0 3,5,2 L26
0,6,0 0,6,1 1,5,0 1,5,1 1,5,2 1,6,2 X06
0,7,0 1,6,0 1,6,1 1,7,2 2,6,0 2,6,2 C06
0,7,1 0,7,2 0,8,0 0,8,2 1,7,0 1,7,1 V06
1,8,0 1,8,2 2,8,0 2,8,2 3,7,0 3,7,1 W06
2,6,1 2,7,0 2,7,1 2,7,2 3,6,1 3,7,2 X16

                    _S06
                   S06  S06
              _W06/      \_S16
             W06  W06    S06  S16
        _W06/      \_W06/      \
       W06  X16    X16  S06    S16
  _V06/      \_X16/      \_S06/       _M06
 V06  V06    X16  X16    R06  S16    M06  M06
/      \_V06/      \_R06/      \_S16/      \_M06
V06    C06  X16    R06  R06    Y26  S16    R16  M06
 \_C06/      \_C06/      \_R06/      \_Y26/      \
 V06  C06    C06  R06    Y16  Y26    Y26  R16    M06
/      \_C06/      \_L26/      \_Y26/      \_R16/
X06    X06  L26    L26  Y16    Y26  L06    R16  R16
 \_X06/      \_L26/      \_Y16/      \_L06/      \
      X06    L26  S26    Y16  Y16    I06  L06    R16
       \_X06/      \_S26/      \_I06/      \_L06/
       X06  L26    S26  Y16    I06  H06    H06  L06
  _J06/      \_L16/      \_I06/      \_H06/      \
 J06  J06    L16  S26    I06  U06    H06  Q16    L06
/      \_L16/      \_I06/      \_U06/      \_Q16/
J06    L16  Y06    S26  U06    U06  H06    Q16  Q16
 \_L16/      \_S26/      \_U06/      \_Q06/      \
 J06  L16    Y06  Q26    U06  F06    H06  Q06    Q16
/      \_Y06/      \_Q26/      \_Q06/      \_Q16/
J06    Y06  Y06    Q26  Q26    F06  Q06    Q06
 \_H16/      \_Y06/      \_F06/      \_Q06/
      H16    H16  Q26    Q26  F06
       \_H16/      \_O06/      \
            H16    O06  O06    F06
             \_H16/      \_F06/
                  O06    O06
                   \_O06/

solution 10 (11,174,127,518 searches):
3,0,0 3,0,1 3,1,0 3,1,2 4,0,1 4,0,2 O06
4,0,0 4,1,0 5,0,1 5,0,2 5,1,1 5,1,2 F06
0,3,0 1,2,0 1,2,1 2,1,0 2,1,1 2,2,2 H16
0,3,1 0,4,1 0,4,2 0,5,0 0,5,2 1,4,1 J06
3,1,1 3,2,0 3,2,2 4,1,1 4,1,2 4,2,2 Q26
1,3,0 1,3,1 1,3,2 2,2,0 2,2,1 2,3,2 X06
0,4,0 1,4,0 1,4,2 2,3,0 2,3,1 2,4,2 H06
3,2,1 3,3,0 3,3,2 4,3,1 4,3,2 4,4,2 S16
4,2,0 4,2,1 4,3,0 5,2,1 5,2,2 5,3,2 Q16
2,4,0 2,4,1 2,5,1 2,5,2 3,3,1 3,4,2 C06
2,5,0 3,4,0 3,4,1 3,5,0 3,5,2 4,5,2 Y26
0,6,0 0,6,1 0,7,2 1,5,0 1,5,1 1,5,2 S26
4,4,0 4,4,1 5,3,0 5,3,1 5,4,0 5,4,2 Y16
0,7,0 0,7,1 1,6,0 1,6,1 1,6,2 2,6,2 L26
0,8,0 0,8,2 1,8,0 1,8,2 2,8,0 2,8,2 I06
1,7,0 1,7,1 1,7,2 2,6,0 2,6,1 3,5,1 L16
2,7,0 2,7,1 2,7,2 3,6,0 3,6,1 3,6,2 U06
6,2,1 6,3,0 6,3,2 7,2,0 7,2,1 7,3,2 R06
5,5,0 6,3,1 6,4,0 6,4,1 6,4,2 7,4,2 Y06
6,5,0 6,5,2 7,4,0 7,4,1 8,3,1 8,3,2 M06
7,3,0 7,3,1 8,1,1 8,1,2 8,2,1 8,2,2 W06
4,7,0 5,4,1 5,5,1 5,5,2 5,6,1 5,6,2 L06
3,7,0 4,5,0 4,5,1 4,6,0 4,6,1 4,6,2 R16
3,7,1 3,7,2 3,8,0 3,8,2 4,7,1 4,7,2 Q06
7,0,0 7,1,0 7,1,1 7,2,2 8,0,1 8,0,2 S06
5,1,0 6,0,0 6,0,1 7,0,1 7,0,2 7,1,2 V06
5,2,0 6,1,0 6,1,1 6,1,2 6,2,0 6,2,2 X16

                    _Q06
                   Q06  Q06
              _I06/      \_L06
             I06  Q06    Q06  L06
        _I06/      \_R16/      \
       I06  U06    Q06  R16    L06
  _I06/      \_U06/      \_R16/       _M06
 I06  L16    U06  U06    R16  L06    M06  M06
/      \_L16/      \_U06/      \_Y06/      \_M06
L26    L16  L16    U06  R16    L06  Y06    Y06  M06
 \_L26/      \_L16/      \_R16/      \_Y06/      \
 S26  L26    L26  L16    Y26  L06    Y06  W06    M06
/      \_L26/      \_Y26/      \_Y16/      \_W06/
S26    L26  C06    Y26  Y16    Y16  Y06    R06  W06
 \_S26/      \_Y26/      \_Y16/      \_R06/      \
      S26    C06  Y26    S16  Y16    R06  R06    W06
       \_S26/      \_Y26/      \_Y16/      \_R06/
       S26  C06    C06  S16    Q16  R06    S06  W06
  _J06/      \_C06/      \_Q16/      \_X16/      \
 J06  J06    H06  C06    S16  Q16    X16  S06    W06
/      \_H06/      \_S16/      \_X16/      \_S06/
J06    H06  H06    S16  Q16    Q16  X16    V06  S06
 \_H06/      \_H06/      \_Q16/      \_X16/      \
 J06  X06    X06  S16    Q26  F06    X16  V06    S06
/      \_X06/      \_Q26/      \_V06/      \_S06/
J06    X06  X06    Q26  Q26    F06  V06    V06
 \_H16/      \_X06/      \_F06/      \_V06/
      H16    H16  Q26    Q26  F06
       \_H16/      \_O06/      \
            H16    O06  O06    F06
             \_H16/      \_F06/
                  O06    O06
                   \_O06/

User-requested solution limit reached.
10 solutions, 11,174,127,518 searches, duration 1 day, 16:21:48.535895
