solving HexatwigsTrefoil1:

solution 1 (13,588,354 searches):
05,00,0 05,00,1 05,01,0 05,01,2 06,00,1 06,00,2 O06
04,01,0 04,01,1 04,02,0 04,02,1 04,02,2 04,03,2 F06
06,00,0 07,00,1 07,00,2 07,01,1 07,01,2 07,02,2 L06
04,03,0 04,03,1 05,01,1 05,02,0 05,02,1 05,02,2 H06
06,01,0 06,01,1 06,01,2 06,02,0 06,02,1 06,02,2 U06
06,03,0 06,03,1 06,04,0 06,04,1 06,04,2 07,02,1 C06
07,03,1 07,03,2 07,04,0 07,04,1 07,04,2 07,05,2 H16
04,04,0 05,03,0 05,03,1 05,03,2 05,04,2 06,03,2 X16
04,04,1 04,04,2 04,05,0 04,05,2 05,04,0 05,04,1 V06
07,05,0 07,05,1 08,04,1 08,04,2 08,05,0 08,05,2 Y06
08,04,0 09,04,0 09,04,2 10,04,1 10,04,2 10,05,2 W06
10,04,0 10,06,0 11,04,1 11,04,2 11,05,1 11,05,2 M06
08,06,0 08,06,2 09,04,1 09,05,0 09,05,1 09,05,2 R06
09,07,0 09,07,2 10,05,0 10,05,1 10,06,1 10,06,2 S06
08,06,1 08,07,0 08,07,2 09,06,0 09,06,1 09,06,2 Q16
05,07,0 05,07,2 06,07,0 06,07,2 07,07,0 07,07,2 I06
06,06,0 06,06,1 07,06,0 07,06,1 07,06,2 08,05,1 R16
03,09,0 04,07,1 04,08,0 04,08,1 04,08,2 05,07,1 Y16
05,05,0 05,05,1 05,05,2 05,06,2 06,05,0 06,05,2 Y26
04,07,0 04,07,2 05,06,0 05,06,1 06,05,1 06,06,2 S26
02,07,0 02,07,1 03,06,0 03,06,1 04,05,1 04,06,2 L16
03,07,0 03,07,1 03,07,2 03,08,2 04,06,0 04,06,1 L26
02,10,0 02,10,1 03,08,0 03,08,1 03,09,1 03,09,2 S16
00,10,0 00,10,1 00,11,0 00,11,2 01,11,0 01,11,2 J06
00,09,0 00,09,1 00,10,2 01,09,1 01,09,2 01,10,2 Q06
01,08,0 01,08,1 01,09,0 02,08,0 02,08,1 02,08,2 Q26
01,10,0 01,10,1 02,09,0 02,09,1 02,09,2 02,10,2 X06

        _J06                                            _S06
       J06  S16                                        S06  S06
  _J06/      \_S16                                _Q16/      \_M06
 J06  X06    X06  S16                            Q16  Q16    S06  M06
/      \_X06/      \_Y16                    _I06/      \_Q16/      \
J06    Q06  X06    S16  Y16                I06  Q16    Q16  S06    M06
 \_J06/      \_X06/      \_Y16        _I06/      \_R06/      \_S06/
 Q06  Q06    X06  S16    Y16  Y16    I06  R16    R06  R06    W06  M06
/      \_Q26/      \_S16/      \_I06/      \_R16/      \_R06/      \
Q06    Q06  Q26    L26  Y16    I06  R16    R16  R16    R06  W06    M06
 \_Q06/      \_Q26/      \_S26/      \_R16/      \_Y06/      \_M06/
      Q26    Q26  L26    S26  S26    S26  Y06    Y06  R06    W06
       \_Q26/      \_L26/      \_S26/      \_Y06/      \_W06/
            L16    L26  L26    Y26  S26    H16  Y06    W06
             \_L16/      \_L26/      \_Y26/      \_W06/
                  L16    L16  Y26    Y26  H16    Y06
                   \_L16/      \_Y26/      \_H16/
                        L16    Y26  C06    H16
                         \_V06/      \_C06/
                         V06  V06    C06  H16
                        /      \_V06/      \
                        V06    X16  C06    H16
                         \_X16/      \_C06/
                         V06  X16    X16  C06
                        /      \_X16/      \
                        H06    X16  U06    L06
                         \_H06/      \_U06/
                         F06  H06    U06  L06
                        /      \_H06/      \
                        F06    H06  U06    L06
                         \_F06/      \_U06/
                         F06  H06    U06  L06
                        /      \_O06/      \
                        F06    O06  O06    L06
                         \_F06/      \_L06/
                              O06    O06
                               \_O06/

solution 2 (13,591,316 searches):
05,00,0 05,00,1 05,01,0 05,01,2 06,00,1 06,00,2 O06
04,01,0 04,01,1 04,02,0 04,02,1 04,02,2 04,03,2 F06
06,00,0 07,00,1 07,00,2 07,01,1 07,01,2 07,02,2 L06
04,03,0 04,03,1 05,01,1 05,02,0 05,02,1 05,02,2 H06
06,01,0 06,01,1 06,01,2 06,02,0 06,02,1 06,02,2 U06
06,03,0 06,03,1 06,04,0 06,04,1 06,04,2 07,02,1 C06
07,03,1 07,03,2 07,04,0 07,04,1 07,04,2 07,05,2 H16
04,04,0 05,03,0 05,03,1 05,03,2 05,04,2 06,03,2 X16
04,04,1 04,04,2 04,05,0 04,05,2 05,04,0 05,04,1 V06
07,05,0 07,05,1 08,04,1 08,04,2 08,05,0 08,05,2 Y06
08,04,0 09,04,0 09,04,2 10,04,1 10,04,2 10,05,2 W06
10,04,0 10,05,0 10,05,1 10,06,2 11,04,1 11,04,2 S06
09,07,0 09,07,2 10,06,0 10,06,1 11,05,1 11,05,2 M06
08,06,0 08,06,2 09,04,1 09,05,0 09,05,1 09,05,2 R06
08,06,1 08,07,0 08,07,2 09,06,0 09,06,1 09,06,2 Q16
05,07,0 05,07,2 06,07,0 06,07,2 07,07,0 07,07,2 I06
06,06,0 06,06,1 07,06,0 07,06,1 07,06,2 08,05,1 R16
03,09,0 04,07,1 04,08,0 04,08,1 04,08,2 05,07,1 Y16
05,05,0 05,05,1 05,05,2 05,06,2 06,05,0 06,05,2 Y26
04,07,0 04,07,2 05,06,0 05,06,1 06,05,1 06,06,2 S26
02,07,0 02,07,1 03,06,0 03,06,1 04,05,1 04,06,2 L16
03,07,0 03,07,1 03,07,2 03,08,2 04,06,0 04,06,1 L26
02,10,0 02,10,1 03,08,0 03,08,1 03,09,1 03,09,2 S16
00,10,0 00,10,1 00,11,0 00,11,2 01,11,0 01,11,2 J06
00,09,0 00,09,1 00,10,2 01,09,1 01,09,2 01,10,2 Q06
01,08,0 01,08,1 01,09,0 02,08,0 02,08,1 02,08,2 Q26
01,10,0 01,10,1 02,09,0 02,09,1 02,09,2 02,10,2 X06

        _J06                                            _M06
       J06  S16                                        M06  M06
  _J06/      \_S16                                _Q16/      \_M06
 J06  X06    X06  S16                            Q16  Q16    S06  M06
/      \_X06/      \_Y16                    _I06/      \_Q16/      \
J06    Q06  X06    S16  Y16                I06  Q16    Q16  S06    M06
 \_J06/      \_X06/      \_Y16        _I06/      \_R06/      \_S06/
 Q06  Q06    X06  S16    Y16  Y16    I06  R16    R06  R06    W06  S06
/      \_Q26/      \_S16/      \_I06/      \_R16/      \_R06/      \
Q06    Q06  Q26    L26  Y16    I06  R16    R16  R16    R06  W06    S06
 \_Q06/      \_Q26/      \_S26/      \_R16/      \_Y06/      \_S06/
      Q26    Q26  L26    S26  S26    S26  Y06    Y06  R06    W06
       \_Q26/      \_L26/      \_S26/      \_Y06/      \_W06/
            L16    L26  L26    Y26  S26    H16  Y06    W06
             \_L16/      \_L26/      \_Y26/      \_W06/
                  L16    L16  Y26    Y26  H16    Y06
                   \_L16/      \_Y26/      \_H16/
                        L16    Y26  C06    H16
                         \_V06/      \_C06/
                         V06  V06    C06  H16
                        /      \_V06/      \
                        V06    X16  C06    H16
                         \_X16/      \_C06/
                         V06  X16    X16  C06
                        /      \_X16/      \
                        H06    X16  U06    L06
                         \_H06/      \_U06/
                         F06  H06    U06  L06
                        /      \_H06/      \
                        F06    H06  U06    L06
                         \_F06/      \_U06/
                         F06  H06    U06  L06
                        /      \_O06/      \
                        F06    O06  O06    L06
                         \_F06/      \_L06/
                              O06    O06
                               \_O06/

solution 3 (20,690,808 searches):
05,00,0 05,00,1 05,01,0 05,01,2 06,00,1 06,00,2 O06
04,01,0 04,01,1 04,02,0 04,02,1 04,02,2 04,03,2 F06
06,00,0 07,00,1 07,00,2 07,01,1 07,01,2 07,02,2 L06
04,03,0 04,03,1 05,01,1 05,02,0 05,02,1 05,02,2 H06
06,01,0 06,01,1 06,01,2 06,02,0 06,02,1 06,02,2 U06
06,03,0 06,03,1 06,04,0 06,04,1 06,04,2 07,02,1 C06
07,03,1 07,03,2 07,04,1 07,04,2 07,05,1 07,05,2 I06
04,04,0 05,03,0 05,03,1 05,03,2 05,04,2 06,03,2 X16
04,04,1 04,04,2 04,05,0 04,05,2 05,04,0 05,04,1 V06
07,04,0 07,05,0 08,04,0 08,04,1 08,04,2 09,04,2 Y16
09,07,0 09,07,2 10,05,1 10,06,0 10,06,1 10,06,2 R06
10,04,0 10,04,1 11,04,1 11,04,2 11,05,1 11,05,2 J06
08,05,0 08,05,1 08,05,2 09,04,0 09,04,1 10,04,2 S26
09,05,0 09,05,1 09,05,2 09,06,2 10,05,0 10,05,2 Y26
07,07,0 07,07,2 08,07,0 08,07,2 09,06,0 09,06,1 W06
06,06,0 07,06,0 07,06,2 08,06,0 08,06,1 08,06,2 L16
04,08,0 05,07,0 05,07,1 06,07,0 06,07,2 07,06,1 S16
05,05,0 06,05,0 06,05,1 06,05,2 06,06,1 06,06,2 L26
04,06,0 05,05,1 05,05,2 05,06,0 05,06,1 05,06,2 X06
03,06,0 03,06,1 03,07,2 04,05,1 04,06,1 04,06,2 Q26
03,09,0 04,07,0 04,07,1 04,08,1 04,08,2 05,07,2 S06
03,07,0 03,07,1 03,08,0 03,08,1 03,08,2 04,07,2 Q16
00,09,0 01,08,0 01,08,1 02,07,0 02,07,1 02,08,2 H16
00,09,1 00,10,0 00,10,2 01,09,1 01,10,1 01,10,2 R16
00,10,1 00,11,0 00,11,2 01,11,0 01,11,2 02,10,1 M06
01,09,0 01,09,2 02,08,0 02,08,1 02,09,1 02,09,2 Y06
01,10,0 02,09,0 02,10,0 02,10,2 03,09,1 03,09,2 Q06

        _M06                                            _R06
       M06  M06                                        R06  R06
  _M06/      \_Q06                                _W06/      \_R06
 M06  R16    Q06  Q06                            W06  W06    R06  J06
/      \_Q06/      \_S06                    _W06/      \_W06/      \
M06    R16  Y06    Q06  S06                W06  L16    Y26  R06    J06
 \_R16/      \_Q06/      \_S16        _S16/      \_L16/      \_Y26/
 R16  R16    Y06  Q16    S06  S16    S16  S16    L16  Y26    Y26  J06
/      \_Y06/      \_Q16/      \_S16/      \_L16/      \_Y26/      \
R16    Y06  Y06    Q16  S06    S06  L26    L16  S26    Y26  J06    J06
 \_H16/      \_Y06/      \_S06/      \_L16/      \_S26/      \_J06/
      H16    H16  Q16    Q16  X06    L26  I06    S26  S26    S26
       \_H16/      \_Q16/      \_X06/      \_Y16/      \_S26/
            H16    Q26  Q26    X06  L26    I06  Y16    Y16
             \_H16/      \_X06/      \_L26/      \_Y16/
                  Q26    Q26  X06    L26  I06    Y16
                   \_Q26/      \_L26/      \_Y16/
                        Q26    X06  C06    I06
                         \_V06/      \_C06/
                         V06  V06    C06  I06
                        /      \_V06/      \
                        V06    X16  C06    I06
                         \_X16/      \_C06/
                         V06  X16    X16  C06
                        /      \_X16/      \
                        H06    X16  U06    L06
                         \_H06/      \_U06/
                         F06  H06    U06  L06
                        /      \_H06/      \
                        F06    H06  U06    L06
                         \_F06/      \_U06/
                         F06  H06    U06  L06
                        /      \_O06/      \
                        F06    O06  O06    L06
                         \_F06/      \_L06/
                              O06    O06
                               \_O06/

solution 4 (79,070,341 searches):
05,00,0 05,00,1 05,01,0 05,01,2 06,00,1 06,00,2 O06
04,01,0 04,01,1 04,02,0 04,02,1 04,02,2 04,03,2 F06
06,00,0 07,00,1 07,00,2 07,01,1 07,01,2 07,02,2 L06
04,03,0 04,03,1 05,01,1 05,02,0 05,02,1 05,02,2 H06
06,01,0 06,01,1 06,01,2 06,02,0 06,02,1 06,02,2 U06
06,03,0 06,03,1 06,04,0 06,04,1 06,04,2 07,02,1 C06
07,03,1 07,03,2 07,04,0 07,04,2 08,04,1 08,04,2 S16
04,04,0 04,04,2 05,03,0 05,03,1 05,03,2 06,03,2 R16
08,04,0 09,04,0 09,04,2 10,04,0 10,04,2 11,04,2 I06
04,04,1 04,05,0 04,05,2 05,04,0 05,04,1 05,04,2 Q16
09,06,0 10,06,0 10,06,2 11,04,1 11,05,1 11,05,2 V06
09,05,1 09,06,1 09,06,2 09,07,0 09,07,2 10,06,1 J06
09,05,0 09,05,2 10,04,1 10,05,0 10,05,1 10,05,2 X06
06,07,0 07,06,1 07,07,0 07,07,2 08,07,0 08,07,2 L16
07,05,0 07,05,2 08,05,0 08,05,1 08,05,2 09,04,1 L26
07,05,1 07,06,0 07,06,2 08,06,0 08,06,1 08,06,2 S26
05,05,0 06,05,0 06,05,1 06,05,2 06,06,2 07,04,1 Y06
04,08,0 05,07,0 05,07,1 06,06,0 06,06,1 06,07,2 H16
04,05,1 04,06,0 04,06,2 05,05,1 05,05,2 05,06,2 Q26
04,06,1 04,07,0 04,07,2 05,06,0 05,06,1 05,07,2 R06
02,07,0 02,07,1 03,06,0 03,06,1 03,07,0 03,07,2 Y16
02,10,0 03,09,0 03,09,1 04,07,1 04,08,1 04,08,2 W06
02,09,0 02,09,2 03,08,0 03,08,1 03,08,2 03,09,2 X16
01,08,0 01,08,1 01,09,2 02,08,0 02,08,2 03,07,1 S06
00,09,0 00,09,1 00,10,1 00,10,2 00,11,0 00,11,2 M06
00,10,0 01,09,0 01,09,1 01,10,0 01,10,2 02,08,1 Y26
01,10,1 01,11,0 01,11,2 02,09,1 02,10,1 02,10,2 Q06

        _Q06                                            _J06
       Q06  Q06                                        J06  J06
  _M06/      \_W06                                _L16/      \_V06
 M06  Q06    Q06  W06                            L16  J06    V06  V06
/      \_Y26/      \_W06                    _L16/      \_V06/      \
M06    Y26  Q06    X16  W06                L16  S26    J06  X06    V06
 \_Y26/      \_X16/      \_H16        _L16/      \_S26/      \_X06/
 M06  Y26    X16  X16    W06  H16    H16  L16    S26  J06    X06  V06
/      \_Y26/      \_X16/      \_H16/      \_S26/      \_X06/      \
M06    S06  Y26    X16  W06    R06  H16    S26  L26    X06  X06    I06
 \_M06/      \_S06/      \_R06/      \_H16/      \_L26/      \_I06/
      S06    S06  S06    R06  R06    Y06  S26    L26  L26    I06
       \_S06/      \_Y16/      \_R06/      \_L26/      \_I06/
            Y16    Y16  R06    Q26  Y06    L26  S16    I06
             \_Y16/      \_Q26/      \_Y06/      \_I06/
                  Y16    Q26  Q26    Y06  Y06    S16
                   \_Y16/      \_Y06/      \_S16/
                        Q26    Q26  C06    S16
                         \_Q16/      \_C06/
                         Q16  Q16    C06  S16
                        /      \_Q16/      \
                        Q16    Q16  C06    S16
                         \_R16/      \_C06/
                         R16  R16    R16  C06
                        /      \_R16/      \
                        H06    R16  U06    L06
                         \_H06/      \_U06/
                         F06  H06    U06  L06
                        /      \_H06/      \
                        F06    H06  U06    L06
                         \_F06/      \_U06/
                         F06  H06    U06  L06
                        /      \_O06/      \
                        F06    O06  O06    L06
                         \_F06/      \_L06/
                              O06    O06
                               \_O06/

solution 5 (102,941,357 searches):
05,00,0 05,00,1 05,01,0 05,01,2 06,00,1 06,00,2 O06
04,01,0 04,01,1 04,02,0 04,02,1 04,02,2 04,03,2 F06
06,00,0 07,00,1 07,00,2 07,01,1 07,01,2 07,02,2 L06
04,03,0 04,03,1 05,01,1 05,02,0 05,02,1 05,02,2 H06
06,01,0 06,01,1 06,01,2 06,02,0 06,02,1 06,02,2 U06
06,03,0 06,03,1 06,04,0 06,04,1 06,04,2 07,02,1 C06
07,03,1 07,03,2 07,04,0 07,04,2 08,04,1 08,04,2 S16
04,04,0 05,03,0 05,03,1 05,03,2 05,04,2 06,03,2 X16
04,04,1 04,04,2 04,05,0 04,05,2 05,04,0 05,04,1 V06
08,04,0 08,05,0 08,05,1 08,06,2 09,04,1 09,04,2 S06
09,04,0 09,05,0 10,04,1 10,04,2 10,05,0 10,05,2 R16
10,04,0 10,06,0 11,04,1 11,04,2 11,05,1 11,05,2 M06
08,06,0 08,06,1 09,05,1 09,05,2 09,06,0 09,06,2 Y06
09,06,1 09,07,0 09,07,2 10,05,1 10,06,1 10,06,2 Q06
06,07,0 06,07,2 07,07,0 07,07,2 08,07,0 08,07,2 I06
07,05,0 07,05,1 07,06,0 07,06,1 07,06,2 08,05,2 Q16
05,05,0 06,05,0 06,05,1 06,05,2 07,04,1 07,05,2 X06
04,06,0 05,05,1 05,05,2 05,06,1 05,06,2 05,07,2 H16
05,06,0 05,07,0 05,07,1 06,06,0 06,06,1 06,06,2 Y26
03,07,0 04,05,1 04,06,1 04,06,2 04,07,0 04,07,2 L26
02,08,0 03,06,0 03,06,1 03,07,1 03,07,2 03,08,2 S26
01,08,0 01,08,1 02,07,0 02,07,1 02,08,1 02,08,2 Y16
03,09,0 03,09,2 04,07,1 04,08,0 04,08,1 04,08,2 R06
01,10,0 02,09,0 02,09,1 02,10,2 03,08,0 03,08,1 L16
00,09,0 00,09,1 00,10,2 01,09,0 01,09,2 02,09,2 J06
00,11,0 01,11,0 01,11,2 02,10,0 02,10,1 03,09,1 W06
00,10,0 00,10,1 00,11,2 01,09,1 01,10,1 01,10,2 Q26

        _W06                                            _Q06
       W06  W06                                        Q06  Q06
  _W06/      \_W06                                _I06/      \_M06
 Q26  Q26    L16  W06                            I06  Q06    Q06  M06
/      \_L16/      \_R06                    _I06/      \_Y06/      \
Q26    Q26  L16    R06  R06                I06  Y06    Y06  Q06    M06
 \_Q26/      \_L16/      \_R06        _I06/      \_Y06/      \_R16/
 J06  Q26    J06  L16    R06  Y26    I06  Q16    S06  Y06    R16  M06
/      \_J06/      \_L16/      \_Y26/      \_Q16/      \_R16/      \
J06    J06  Y16    S26  R06    H16  Y26    Q16  S06    Y06  R16    M06
 \_J06/      \_S26/      \_L26/      \_Y26/      \_S06/      \_M06/
      Y16    Y16  S26    L26  H16    Y26  Q16    Q16  S06    R16
       \_Y16/      \_L26/      \_Y26/      \_Q16/      \_R16/
            Y16    S26  L26    H16  X06    X06  S16    S06
             \_Y16/      \_H16/      \_X06/      \_S06/
                  S26    L26  H16    X06  X06    S16
                   \_S26/      \_X06/      \_S16/
                        L26    H16  C06    S16
                         \_V06/      \_C06/
                         V06  V06    C06  S16
                        /      \_V06/      \
                        V06    X16  C06    S16
                         \_X16/      \_C06/
                         V06  X16    X16  C06
                        /      \_X16/      \
                        H06    X16  U06    L06
                         \_H06/      \_U06/
                         F06  H06    U06  L06
                        /      \_H06/      \
                        F06    H06  U06    L06
                         \_F06/      \_U06/
                         F06  H06    U06  L06
                        /      \_O06/      \
                        F06    O06  O06    L06
                         \_F06/      \_L06/
                              O06    O06
                               \_O06/

solution 6 (103,152,813 searches):
05,00,0 05,00,1 05,01,0 05,01,2 06,00,1 06,00,2 O06
04,01,0 04,01,1 04,02,0 04,02,1 04,02,2 04,03,2 F06
06,00,0 07,00,1 07,00,2 07,01,1 07,01,2 07,02,2 L06
04,03,0 04,03,1 05,01,1 05,02,0 05,02,1 05,02,2 H06
06,01,0 06,01,1 06,01,2 06,02,0 06,02,1 06,02,2 U06
06,03,0 06,03,1 06,04,0 06,04,1 06,04,2 07,02,1 C06
07,03,1 07,03,2 07,04,0 07,04,2 08,04,1 08,04,2 S16
04,04,0 05,03,0 05,03,1 05,03,2 05,04,2 06,03,2 X16
04,04,1 04,04,2 04,05,0 04,05,2 05,04,0 05,04,1 V06
08,04,0 09,04,0 09,04,2 10,04,1 10,04,2 10,05,2 W06
10,04,0 10,06,0 11,04,1 11,04,2 11,05,1 11,05,2 M06
09,06,0 09,07,0 10,05,0 10,05,1 10,06,1 10,06,2 R16
09,05,0 09,05,1 09,05,2 09,06,1 09,06,2 09,07,2 L16
07,07,0 07,07,2 08,06,0 08,06,1 08,07,0 08,07,2 Y16
07,05,0 08,05,0 08,05,1 08,05,2 08,06,2 09,04,1 Y06
06,05,0 07,04,1 07,05,1 07,05,2 07,06,0 07,06,2 S26
06,06,0 06,06,1 06,06,2 06,07,0 06,07,2 07,06,1 Q16
04,05,1 04,06,0 04,06,2 05,05,1 05,05,2 05,06,2 Q26
05,05,0 05,06,0 05,06,1 05,07,2 06,05,1 06,05,2 S06
03,09,0 04,08,0 04,08,1 04,08,2 05,07,0 05,07,1 H16
01,08,0 01,08,1 02,07,0 02,07,1 03,06,0 03,06,1 I06
00,10,1 00,11,0 00,11,2 01,10,0 01,10,1 01,11,2 R06
01,11,0 02,09,0 02,10,0 02,10,1 03,09,1 03,09,2 J06
01,09,0 01,09,1 02,08,1 02,09,1 02,09,2 02,10,2 Y26
00,09,0 00,09,1 00,10,0 00,10,2 01,09,2 01,10,2 Q06
02,08,0 02,08,2 03,08,0 03,08,1 03,08,2 04,07,1 L26
03,07,0 03,07,1 03,07,2 04,06,1 04,07,0 04,07,2 X06

        _J06                                            _R16
       R06  J06                                        L16  R16
  _R06/      \_J06                                _Y16/      \_M06
 R06  R06    Y26  J06                            Y16  L16    R16  M06
/      \_R06/      \_H16                    _Y16/      \_R16/      \
R06    Q06  Y26    J06  H16                Y16  Y16    L16  R16    M06
 \_Q06/      \_J06/      \_H16        _Q16/      \_Y16/      \_R16/
 Q06  Y26    Y26  L26    H16  H16    Q16  Q16    Y06  L16    W06  M06
/      \_Y26/      \_L26/      \_H16/      \_S26/      \_L16/      \
Q06    Q06  Y26    L26  L26    S06  Q16    S26  Y06    L16  W06    M06
 \_Q06/      \_L26/      \_X06/      \_Q16/      \_Y06/      \_M06/
      I06    L26  X06    X06  S06    Q16  S26    Y06  Y06    W06
       \_I06/      \_X06/      \_S06/      \_Y06/      \_W06/
            I06    X06  X06    Q26  S06    S26  S16    W06
             \_I06/      \_Q26/      \_S26/      \_W06/
                  I06    Q26  Q26    S06  S26    S16
                   \_I06/      \_S06/      \_S16/
                        Q26    Q26  C06    S16
                         \_V06/      \_C06/
                         V06  V06    C06  S16
                        /      \_V06/      \
                        V06    X16  C06    S16
                         \_X16/      \_C06/
                         V06  X16    X16  C06
                        /      \_X16/      \
                        H06    X16  U06    L06
                         \_H06/      \_U06/
                         F06  H06    U06  L06
                        /      \_H06/      \
                        F06    H06  U06    L06
                         \_F06/      \_U06/
                         F06  H06    U06  L06
                        /      \_O06/      \
                        F06    O06  O06    L06
                         \_F06/      \_L06/
                              O06    O06
                               \_O06/

solution 7 (103,180,471 searches):
05,00,0 05,00,1 05,01,0 05,01,2 06,00,1 06,00,2 O06
04,01,0 04,01,1 04,02,0 04,02,1 04,02,2 04,03,2 F06
06,00,0 07,00,1 07,00,2 07,01,1 07,01,2 07,02,2 L06
04,03,0 04,03,1 05,01,1 05,02,0 05,02,1 05,02,2 H06
06,01,0 06,01,1 06,01,2 06,02,0 06,02,1 06,02,2 U06
06,03,0 06,03,1 06,04,0 06,04,1 06,04,2 07,02,1 C06
07,03,1 07,03,2 07,04,0 07,04,2 08,04,1 08,04,2 S16
04,04,0 05,03,0 05,03,1 05,03,2 05,04,2 06,03,2 X16
04,04,1 04,04,2 04,05,0 04,05,2 05,04,0 05,04,1 V06
08,04,0 09,04,0 09,04,2 10,04,1 10,04,2 10,05,2 W06
10,04,0 10,06,0 11,04,1 11,04,2 11,05,1 11,05,2 M06
09,06,0 09,07,0 10,05,0 10,05,1 10,06,1 10,06,2 R16
08,06,1 08,07,0 08,07,2 09,06,1 09,06,2 09,07,2 Q26
08,06,0 08,06,2 09,04,1 09,05,0 09,05,1 09,05,2 R06
06,07,0 06,07,2 07,06,1 07,06,2 07,07,0 07,07,2 Y16
07,05,0 07,05,2 07,06,0 08,05,0 08,05,1 08,05,2 Y26
04,08,0 05,07,0 05,07,1 06,06,0 06,06,1 07,05,1 I06
05,05,0 06,05,0 06,05,1 06,05,2 06,06,2 07,04,1 Y06
05,05,1 05,05,2 05,06,0 05,06,1 05,06,2 05,07,2 H16
03,06,0 04,05,1 04,06,0 04,06,1 04,06,2 04,07,2 X06
03,09,0 03,09,2 04,07,0 04,07,1 04,08,1 04,08,2 S06
01,10,1 01,11,0 01,11,2 02,10,0 02,10,1 03,09,1 J06
00,10,0 00,10,1 00,11,0 00,11,2 01,10,0 01,10,2 Q06
00,09,0 00,09,1 00,10,2 01,09,0 01,09,1 01,09,2 Q16
01,08,0 01,08,1 02,07,0 02,07,1 03,06,1 03,07,2 L16
02,09,0 02,09,1 02,10,2 03,08,0 03,08,1 03,08,2 S26
02,08,0 02,08,1 02,08,2 02,09,2 03,07,0 03,07,1 L26

        _J06                                            _R16
       J06  J06                                        Q26  R16
  _Q06/      \_J06                                _Q26/      \_M06
 Q06  J06    S26  J06                            Q26  Q26    R16  M06
/      \_Q06/      \_S06                    _Y16/      \_R16/      \
Q06    Q06  S26    S06  S06                Y16  Q26    Q26  R16    M06
 \_Q06/      \_S26/      \_I06        _Y16/      \_R06/      \_R16/
 Q16  Q16    L26  S26    S06  I06    Y16  Y16    R06  R06    W06  M06
/      \_Q16/      \_S26/      \_I06/      \_Y26/      \_R06/      \
Q16    Q16  L26    S26  S06    H16  I06    Y16  Y26    R06  W06    M06
 \_Q16/      \_L26/      \_S06/      \_I06/      \_Y26/      \_M06/
      L16    L26  L26    X06  H16    Y06  I06    Y26  R06    W06
       \_L16/      \_L26/      \_H16/      \_Y26/      \_W06/
            L16    L16  X06    H16  Y06    Y26  S16    W06
             \_L16/      \_X06/      \_Y06/      \_W06/
                  L16    X06  H16    Y06  Y06    S16
                   \_X06/      \_Y06/      \_S16/
                        X06    H16  C06    S16
                         \_V06/      \_C06/
                         V06  V06    C06  S16
                        /      \_V06/      \
                        V06    X16  C06    S16
                         \_X16/      \_C06/
                         V06  X16    X16  C06
                        /      \_X16/      \
                        H06    X16  U06    L06
                         \_H06/      \_U06/
                         F06  H06    U06  L06
                        /      \_H06/      \
                        F06    H06  U06    L06
                         \_F06/      \_U06/
                         F06  H06    U06  L06
                        /      \_O06/      \
                        F06    O06  O06    L06
                         \_F06/      \_L06/
                              O06    O06
                               \_O06/

solution 8 (103,211,877 searches):
05,00,0 05,00,1 05,01,0 05,01,2 06,00,1 06,00,2 O06
04,01,0 04,01,1 04,02,0 04,02,1 04,02,2 04,03,2 F06
06,00,0 07,00,1 07,00,2 07,01,1 07,01,2 07,02,2 L06
04,03,0 04,03,1 05,01,1 05,02,0 05,02,1 05,02,2 H06
06,01,0 06,01,1 06,01,2 06,02,0 06,02,1 06,02,2 U06
06,03,0 06,03,1 06,04,0 06,04,1 06,04,2 07,02,1 C06
07,03,1 07,03,2 07,04,0 07,04,2 08,04,1 08,04,2 S16
04,04,0 05,03,0 05,03,1 05,03,2 05,04,2 06,03,2 X16
04,04,1 04,04,2 04,05,0 04,05,2 05,04,0 05,04,1 V06
08,04,0 09,04,0 09,04,2 10,04,1 10,04,2 10,05,2 W06
10,04,0 10,06,0 11,04,1 11,04,2 11,05,1 11,05,2 M06
09,07,0 09,07,2 10,05,0 10,05,1 10,06,1 10,06,2 S06
08,06,1 08,07,0 08,07,2 09,06,0 09,06,1 09,06,2 Q16
08,06,0 08,06,2 09,04,1 09,05,0 09,05,1 09,05,2 R06
05,07,0 05,07,2 06,07,0 06,07,2 07,07,0 07,07,2 I06
07,05,0 07,06,0 07,06,1 08,05,0 08,05,1 08,05,2 Y26
05,06,0 06,05,1 06,06,0 06,06,1 06,06,2 07,06,2 X06
05,05,0 06,05,0 06,05,2 07,04,1 07,05,1 07,05,2 L26
04,07,0 04,07,2 05,05,1 05,05,2 05,06,1 05,06,2 J06
02,07,0 02,07,1 03,06,0 03,06,1 03,07,2 04,05,1 H16
03,07,0 03,07,1 03,08,2 04,06,0 04,06,1 04,06,2 S26
03,08,0 03,08,1 04,07,1 04,08,0 04,08,2 05,07,1 R16
02,10,0 02,10,1 02,10,2 03,09,0 03,09,1 04,08,1 L16
00,11,0 00,11,2 01,10,1 01,10,2 01,11,0 01,11,2 Y16
01,10,0 02,08,1 02,09,0 02,09,1 02,09,2 03,09,2 Y06
01,08,0 01,08,1 01,09,0 01,09,2 02,08,0 02,08,2 Q06
00,09,0 00,09,1 00,10,0 00,10,1 00,10,2 01,09,1 Q26

        _Y16                                            _S06
       Y16  L16                                        S06  S06
  _Y16/      \_L16                                _Q16/      \_M06
 Y16  Y16    L16  L16                            Q16  Q16    S06  M06
/      \_Y06/      \_L16                    _I06/      \_Q16/      \
Q26    Y16  Y06    Y06  L16                I06  Q16    Q16  S06    M06
 \_Q26/      \_Y06/      \_R16        _I06/      \_R06/      \_S06/
 Q26  Q26    Y06  R16    R16  R16    I06  Y26    R06  R06    W06  M06
/      \_Q06/      \_R16/      \_I06/      \_Y26/      \_R06/      \
Q26    Q06  Y06    S26  R16    I06  X06    X06  Y26    R06  W06    M06
 \_Q26/      \_Q06/      \_J06/      \_X06/      \_Y26/      \_M06/
      Q06    Q06  S26    J06  J06    X06  L26    Y26  R06    W06
       \_Q06/      \_S26/      \_X06/      \_Y26/      \_W06/
            H16    H16  S26    J06  X06    L26  S16    W06
             \_H16/      \_S26/      \_L26/      \_W06/
                  H16    S26  J06    L26  L26    S16
                   \_H16/      \_L26/      \_S16/
                        H16    J06  C06    S16
                         \_V06/      \_C06/
                         V06  V06    C06  S16
                        /      \_V06/      \
                        V06    X16  C06    S16
                         \_X16/      \_C06/
                         V06  X16    X16  C06
                        /      \_X16/      \
                        H06    X16  U06    L06
                         \_H06/      \_U06/
                         F06  H06    U06  L06
                        /      \_H06/      \
                        F06    H06  U06    L06
                         \_F06/      \_U06/
                         F06  H06    U06  L06
                        /      \_O06/      \
                        F06    O06  O06    L06
                         \_F06/      \_L06/
                              O06    O06
                               \_O06/

solution 9 (103,213,352 searches):
05,00,0 05,00,1 05,01,0 05,01,2 06,00,1 06,00,2 O06
04,01,0 04,01,1 04,02,0 04,02,1 04,02,2 04,03,2 F06
06,00,0 07,00,1 07,00,2 07,01,1 07,01,2 07,02,2 L06
04,03,0 04,03,1 05,01,1 05,02,0 05,02,1 05,02,2 H06
06,01,0 06,01,1 06,01,2 06,02,0 06,02,1 06,02,2 U06
06,03,0 06,03,1 06,04,0 06,04,1 06,04,2 07,02,1 C06
07,03,1 07,03,2 07,04,0 07,04,2 08,04,1 08,04,2 S16
04,04,0 05,03,0 05,03,1 05,03,2 05,04,2 06,03,2 X16
04,04,1 04,04,2 04,05,0 04,05,2 05,04,0 05,04,1 V06
08,04,0 09,04,0 09,04,2 10,04,1 10,04,2 10,05,2 W06
10,04,0 10,06,0 11,04,1 11,04,2 11,05,1 11,05,2 M06
09,07,0 09,07,2 10,05,0 10,05,1 10,06,1 10,06,2 S06
08,06,1 08,07,0 08,07,2 09,06,0 09,06,1 09,06,2 Q16
08,06,0 08,06,2 09,04,1 09,05,0 09,05,1 09,05,2 R06
07,06,0 07,06,1 07,07,0 07,07,2 08,05,0 08,05,1 J06
06,05,0 06,05,1 07,04,1 07,05,0 07,05,2 08,05,2 L26
05,05,0 05,05,1 05,05,2 05,06,1 05,06,2 06,05,2 Y26
05,06,0 06,06,0 06,06,1 06,06,2 07,05,1 07,06,2 X06
04,07,0 04,07,2 05,07,0 05,07,2 06,07,0 06,07,2 I06
02,07,0 02,07,1 03,06,0 03,06,1 03,07,2 04,05,1 H16
03,07,0 03,07,1 03,08,2 04,06,0 04,06,1 04,06,2 S26
03,08,0 03,08,1 04,07,1 04,08,0 04,08,2 05,07,1 R16
02,10,0 02,10,1 02,10,2 03,09,0 03,09,1 04,08,1 L16
00,11,0 00,11,2 01,10,1 01,10,2 01,11,0 01,11,2 Y16
01,10,0 02,08,1 02,09,0 02,09,1 02,09,2 03,09,2 Y06
01,08,0 01,08,1 01,09,0 01,09,2 02,08,0 02,08,2 Q06
00,09,0 00,09,1 00,10,0 00,10,1 00,10,2 01,09,1 Q26

        _Y16                                            _S06
       Y16  L16                                        S06  S06
  _Y16/      \_L16                                _Q16/      \_M06
 Y16  Y16    L16  L16                            Q16  Q16    S06  M06
/      \_Y06/      \_L16                    _J06/      \_Q16/      \
Q26    Y16  Y06    Y06  L16                J06  Q16    Q16  S06    M06
 \_Q26/      \_Y06/      \_R16        _I06/      \_R06/      \_S06/
 Q26  Q26    Y06  R16    R16  R16    I06  J06    R06  R06    W06  M06
/      \_Q06/      \_R16/      \_I06/      \_J06/      \_R06/      \
Q26    Q06  Y06    S26  R16    I06  X06    X06  J06    R06  W06    M06
 \_Q26/      \_Q06/      \_I06/      \_X06/      \_J06/      \_M06/
      Q06    Q06  S26    I06  Y26    X06  X06    L26  R06    W06
       \_Q06/      \_S26/      \_X06/      \_L26/      \_W06/
            H16    H16  S26    Y26  L26    L26  S16    W06
             \_H16/      \_S26/      \_L26/      \_W06/
                  H16    S26  Y26    Y26  L26    S16
                   \_H16/      \_Y26/      \_S16/
                        H16    Y26  C06    S16
                         \_V06/      \_C06/
                         V06  V06    C06  S16
                        /      \_V06/      \
                        V06    X16  C06    S16
                         \_X16/      \_C06/
                         V06  X16    X16  C06
                        /      \_X16/      \
                        H06    X16  U06    L06
                         \_H06/      \_U06/
                         F06  H06    U06  L06
                        /      \_H06/      \
                        F06    H06  U06    L06
                         \_F06/      \_U06/
                         F06  H06    U06  L06
                        /      \_O06/      \
                        F06    O06  O06    L06
                         \_F06/      \_L06/
                              O06    O06
                               \_O06/

solution 10 (103,225,220 searches):
05,00,0 05,00,1 05,01,0 05,01,2 06,00,1 06,00,2 O06
04,01,0 04,01,1 04,02,0 04,02,1 04,02,2 04,03,2 F06
06,00,0 07,00,1 07,00,2 07,01,1 07,01,2 07,02,2 L06
04,03,0 04,03,1 05,01,1 05,02,0 05,02,1 05,02,2 H06
06,01,0 06,01,1 06,01,2 06,02,0 06,02,1 06,02,2 U06
06,03,0 06,03,1 06,04,0 06,04,1 06,04,2 07,02,1 C06
07,03,1 07,03,2 07,04,0 07,04,2 08,04,1 08,04,2 S16
04,04,0 05,03,0 05,03,1 05,03,2 05,04,2 06,03,2 X16
04,04,1 04,04,2 04,05,0 04,05,2 05,04,0 05,04,1 V06
08,04,0 09,04,0 09,04,2 10,04,1 10,04,2 10,05,2 W06
10,04,0 10,06,0 11,04,1 11,04,2 11,05,1 11,05,2 M06
09,07,0 09,07,2 10,05,0 10,05,1 10,06,1 10,06,2 S06
08,06,1 08,07,0 08,07,2 09,06,0 09,06,1 09,06,2 Q16
08,06,0 08,06,2 09,04,1 09,05,0 09,05,1 09,05,2 R06
06,06,0 07,05,1 07,06,1 07,06,2 07,07,0 07,07,2 S26
07,05,0 07,05,2 07,06,0 08,05,0 08,05,1 08,05,2 Y26
04,07,0 05,07,0 05,07,1 05,07,2 06,07,0 06,07,2 H16
05,05,0 05,05,2 06,05,0 06,05,1 06,05,2 07,04,1 L26
05,05,1 05,06,0 05,06,1 05,06,2 06,06,1 06,06,2 R16
02,07,0 02,07,1 03,06,0 03,06,1 04,05,1 04,06,2 L16
03,07,0 03,07,2 04,06,0 04,06,1 04,07,1 04,07,2 Y06
02,10,0 02,10,1 03,09,0 03,09,1 04,08,0 04,08,1 I06
03,07,1 03,08,0 03,08,1 03,08,2 03,09,2 04,08,2 Y16
00,10,0 00,10,1 00,11,0 00,11,2 01,11,0 01,11,2 J06
00,09,0 00,09,1 00,10,2 01,09,1 01,09,2 01,10,2 Q06
01,08,0 01,08,1 01,09,0 02,08,0 02,08,1 02,08,2 Q26
01,10,0 01,10,1 02,09,0 02,09,1 02,09,2 02,10,2 X06

        _J06                                            _S06
       J06  I06                                        S06  S06
  _J06/      \_I06                                _Q16/      \_M06
 J06  X06    X06  I06                            Q16  Q16    S06  M06
/      \_X06/      \_I06                    _S26/      \_Q16/      \
J06    Q06  X06    Y16  I06                S26  Q16    Q16  S06    M06
 \_J06/      \_X06/      \_I06        _H16/      \_R06/      \_S06/
 Q06  Q06    X06  Y16    Y16  H16    H16  S26    R06  R06    W06  M06
/      \_Q26/      \_Y16/      \_H16/      \_Y26/      \_R06/      \
Q06    Q06  Q26    Y16  Y06    H16  R16    S26  Y26    R06  W06    M06
 \_Q06/      \_Q26/      \_H16/      \_S26/      \_Y26/      \_M06/
      Q26    Q26  Y16    Y06  R16    R16  S26    Y26  R06    W06
       \_Q26/      \_Y06/      \_R16/      \_Y26/      \_W06/
            L16    Y06  Y06    R16  L26    Y26  S16    W06
             \_L16/      \_Y06/      \_L26/      \_W06/
                  L16    L16  R16    L26  L26    S16
                   \_L16/      \_L26/      \_S16/
                        L16    L26  C06    S16
                         \_V06/      \_C06/
                         V06  V06    C06  S16
                        /      \_V06/      \
                        V06    X16  C06    S16
                         \_X16/      \_C06/
                         V06  X16    X16  C06
                        /      \_X16/      \
                        H06    X16  U06    L06
                         \_H06/      \_U06/
                         F06  H06    U06  L06
                        /      \_H06/      \
                        F06    H06  U06    L06
                         \_F06/      \_U06/
                         F06  H06    U06  L06
                        /      \_O06/      \
                        F06    O06  O06    L06
                         \_F06/      \_L06/
                              O06    O06
                               \_O06/

User-requested solution limit reached.
10 solutions, 103,225,220 searches, duration 0:23:40.335555
