solving HexatwigsElongatedHexagon14x2:

solution 1 (3,505,473 searches):
01,00,0 01,00,1 01,01,0 01,01,2 02,00,1 02,00,2 O06
00,01,0 00,01,1 00,02,0 00,02,1 00,02,2 00,03,2 F06
02,00,0 03,00,0 03,00,1 03,00,2 04,00,0 04,00,2 H16
00,03,0 01,01,1 01,02,1 01,02,2 01,03,0 01,03,2 L26
02,01,0 02,01,1 02,01,2 03,01,1 03,01,2 03,02,2 C06
01,02,0 02,02,0 02,02,1 02,02,2 02,03,0 02,03,2 R16
03,01,0 04,00,1 04,01,1 04,01,2 04,02,1 04,02,2 L16
03,02,0 03,02,1 03,03,0 03,03,2 04,03,0 04,03,2 J06
05,00,0 05,00,2 06,00,0 06,00,1 06,00,2 06,01,2 H06
04,01,0 04,02,0 05,00,1 05,01,0 05,01,1 05,01,2 X16
05,02,1 05,02,2 05,03,0 05,03,2 06,03,0 06,03,2 W06
05,02,0 06,02,0 06,02,1 06,02,2 07,01,1 07,02,2 X06
06,01,0 06,01,1 07,00,1 07,00,2 07,01,0 07,01,2 Y06
07,00,0 08,00,1 08,00,2 08,01,1 08,01,2 08,02,2 L06
07,02,0 07,02,1 07,03,0 07,03,2 08,02,0 08,02,1 Q06
08,00,0 08,01,0 09,00,0 09,00,1 09,00,2 10,00,2 Y16
08,03,0 08,03,2 09,01,1 09,02,0 09,02,1 09,02,2 R06
09,01,0 09,01,2 10,00,0 10,00,1 11,00,0 11,00,2 S16
09,03,0 09,03,2 10,03,0 10,03,2 11,03,0 11,03,2 I06
10,01,1 10,01,2 10,02,0 10,02,1 10,02,2 11,01,1 Y26
10,01,0 11,00,1 11,01,0 11,01,2 12,00,1 12,01,2 U06
12,00,0 12,00,2 12,01,0 12,01,1 13,00,1 13,00,2 V06
11,02,0 11,02,1 11,02,2 12,02,0 12,02,2 13,01,1 S26
13,00,0 13,01,0 13,01,2 14,00,1 14,00,2 14,01,2 Q26
14,00,0 14,02,0 15,00,1 15,00,2 15,01,1 15,01,2 M06
13,03,0 13,03,2 14,01,0 14,01,1 14,02,1 14,02,2 S06
12,02,1 12,03,0 12,03,2 13,02,0 13,02,1 13,02,2 Q16

                                                                                _S06
                                                                               S06  S06
                                                                          _Q16/      \_M06
                                                                         Q16  Q16    S06  M06
                                                                    _I06/      \_Q16/      \
                                                                   I06  Q16    Q16  S06    M06
                                                              _I06/      \_S26/      \_S06/
                                                             I06  S26    S26  S26    Q26  M06
                                                        _I06/      \_S26/      \_Q26/      \
                                                       I06  Y26    S26  V06    Q26  Q26    M06
                                                  _R06/      \_Y26/      \_V06/      \_M06/
                                                 R06  R06    Y26  Y26    U06  V06    Q26
                                            _Q06/      \_R06/      \_U06/      \_Q26/
                                           Q06  Q06    R06  Y26    U06  U06    V06
                                      _W06/      \_Q06/      \_U06/      \_V06/
                                     W06  Q06    L06  R06    Y26  U06    V06
                                _W06/      \_Q06/      \_S16/      \_S16/
                               W06  X06    X06  L06    S16  S16    S16
                          _J06/      \_X06/      \_Y16/      \_S16/
                         J06  W06    X06  X06    L06  Y16    Y16
                    _J06/      \_X06/      \_Y06/      \_Y16/
                   J06  L16    W06  Y06    Y06  L06    Y16
              _R16/      \_X16/      \_Y06/      \_Y16/
             R16  J06    L16  X16    H06  Y06    L06
        _L26/      \_J06/      \_X16/      \_L06/
       L26  R16    C06  L16    X16  H06    Y06
  _L26/      \_R16/      \_X16/      \_H06/
 F06  L26    R16  C06    L16  X16    H06
/      \_R16/      \_L16/      \_H06/
F06    L26  C06    C06  L16    H06
 \_F06/      \_C06/      \_H16/
 F06  L26    C06  H16    H16
/      \_O06/      \_H16/
F06    O06  O06    H16
 \_F06/      \_H16/
      O06    O06
       \_O06/

solution 2 (3,505,476 searches):
01,00,0 01,00,1 01,01,0 01,01,2 02,00,1 02,00,2 O06
00,01,0 00,01,1 00,02,0 00,02,1 00,02,2 00,03,2 F06
02,00,0 03,00,0 03,00,1 03,00,2 04,00,0 04,00,2 H16
00,03,0 01,01,1 01,02,1 01,02,2 01,03,0 01,03,2 L26
02,01,0 02,01,1 02,01,2 03,01,1 03,01,2 03,02,2 C06
01,02,0 02,02,0 02,02,1 02,02,2 02,03,0 02,03,2 R16
03,01,0 04,00,1 04,01,1 04,01,2 04,02,1 04,02,2 L16
03,02,0 03,02,1 03,03,0 03,03,2 04,03,0 04,03,2 J06
05,00,0 05,00,2 06,00,0 06,00,1 06,00,2 06,01,2 H06
04,01,0 04,02,0 05,00,1 05,01,0 05,01,1 05,01,2 X16
05,02,1 05,02,2 05,03,0 05,03,2 06,03,0 06,03,2 W06
05,02,0 06,02,0 06,02,1 06,02,2 07,01,1 07,02,2 X06
06,01,0 06,01,1 07,00,1 07,00,2 07,01,0 07,01,2 Y06
07,00,0 08,00,1 08,00,2 08,01,1 08,01,2 08,02,2 L06
07,02,0 07,02,1 07,03,0 07,03,2 08,02,0 08,02,1 Q06
08,00,0 08,01,0 09,00,0 09,00,1 09,00,2 10,00,2 Y16
08,03,0 08,03,2 09,01,1 09,02,0 09,02,1 09,02,2 R06
09,01,0 09,01,2 10,00,0 10,00,1 11,00,0 11,00,2 S16
09,03,0 09,03,2 10,03,0 10,03,2 11,03,0 11,03,2 I06
10,01,1 10,01,2 10,02,0 10,02,1 10,02,2 11,01,1 Y26
10,01,0 11,00,1 11,01,0 11,01,2 12,00,1 12,01,2 U06
12,00,0 12,00,2 12,01,0 12,01,1 13,00,1 13,00,2 V06
11,02,0 11,02,1 11,02,2 12,02,0 12,02,2 13,01,1 S26
13,00,0 13,01,0 13,01,2 14,00,1 14,00,2 14,01,2 Q26
14,00,0 14,01,0 14,01,1 14,02,2 15,00,1 15,00,2 S06
13,03,0 13,03,2 14,02,0 14,02,1 15,01,1 15,01,2 M06
12,02,1 12,03,0 12,03,2 13,02,0 13,02,1 13,02,2 Q16

                                                                                _M06
                                                                               M06  M06
                                                                          _Q16/      \_M06
                                                                         Q16  Q16    S06  M06
                                                                    _I06/      \_Q16/      \
                                                                   I06  Q16    Q16  S06    M06
                                                              _I06/      \_S26/      \_S06/
                                                             I06  S26    S26  S26    Q26  S06
                                                        _I06/      \_S26/      \_Q26/      \
                                                       I06  Y26    S26  V06    Q26  Q26    S06
                                                  _R06/      \_Y26/      \_V06/      \_S06/
                                                 R06  R06    Y26  Y26    U06  V06    Q26
                                            _Q06/      \_R06/      \_U06/      \_Q26/
                                           Q06  Q06    R06  Y26    U06  U06    V06
                                      _W06/      \_Q06/      \_U06/      \_V06/
                                     W06  Q06    L06  R06    Y26  U06    V06
                                _W06/      \_Q06/      \_S16/      \_S16/
                               W06  X06    X06  L06    S16  S16    S16
                          _J06/      \_X06/      \_Y16/      \_S16/
                         J06  W06    X06  X06    L06  Y16    Y16
                    _J06/      \_X06/      \_Y06/      \_Y16/
                   J06  L16    W06  Y06    Y06  L06    Y16
              _R16/      \_X16/      \_Y06/      \_Y16/
             R16  J06    L16  X16    H06  Y06    L06
        _L26/      \_J06/      \_X16/      \_L06/
       L26  R16    C06  L16    X16  H06    Y06
  _L26/      \_R16/      \_X16/      \_H06/
 F06  L26    R16  C06    L16  X16    H06
/      \_R16/      \_L16/      \_H06/
F06    L26  C06    C06  L16    H06
 \_F06/      \_C06/      \_H16/
 F06  L26    C06  H16    H16
/      \_O06/      \_H16/
F06    O06  O06    H16
 \_F06/      \_H16/
      O06    O06
       \_O06/

solution 3 (18,222,421 searches):
01,00,0 01,00,1 01,01,0 01,01,2 02,00,1 02,00,2 O06
00,01,0 00,01,1 00,02,0 00,02,1 00,02,2 00,03,2 F06
02,00,0 03,00,0 03,00,1 03,00,2 04,00,0 04,00,2 H16
00,03,0 01,01,1 01,02,1 01,02,2 01,03,0 01,03,2 L26
02,01,0 02,01,1 02,01,2 03,01,1 03,01,2 03,02,2 C06
01,02,0 02,02,0 02,02,1 02,02,2 02,03,0 02,03,2 R16
03,01,0 04,00,1 04,01,1 04,01,2 04,02,1 04,02,2 L16
03,02,0 03,02,1 03,03,0 03,03,2 04,03,0 04,03,2 J06
04,01,0 05,00,0 05,00,1 05,00,2 05,01,2 06,00,2 X16
04,02,0 05,01,0 05,01,1 06,00,0 06,00,1 07,00,2 L06
05,02,0 05,02,1 05,02,2 05,03,0 05,03,2 06,02,2 Q26
06,01,0 06,01,1 06,01,2 07,00,0 07,00,1 08,00,2 S26
06,02,0 06,02,1 06,03,0 06,03,2 07,01,1 07,01,2 S06
07,01,0 08,00,0 08,00,1 09,00,0 09,00,2 10,00,2 W06
07,02,1 07,02,2 07,03,0 07,03,2 08,02,0 08,02,1 V06
07,02,0 08,01,0 08,01,1 08,01,2 08,02,2 09,00,1 X06
08,03,0 08,03,2 09,01,1 09,02,0 09,02,1 09,02,2 R06
09,03,0 09,03,2 10,03,0 10,03,2 11,03,0 11,03,2 I06
09,01,0 09,01,2 10,00,0 10,00,1 11,00,0 11,00,2 S16
10,01,0 10,01,1 10,01,2 10,02,0 10,02,1 10,02,2 U06
11,00,1 11,01,0 11,01,1 11,01,2 11,02,2 12,00,1 Y16
12,00,0 12,00,2 12,01,0 13,00,0 13,00,1 13,00,2 Y26
11,02,0 11,02,1 12,01,1 12,01,2 12,02,0 12,02,2 Y06
12,02,1 12,03,0 12,03,2 13,03,0 13,03,2 14,02,1 M06
14,00,0 14,00,2 14,01,0 14,01,2 15,00,1 15,00,2 Q06
13,01,0 13,01,1 13,01,2 13,02,1 13,02,2 14,00,1 H06
13,02,0 14,01,1 14,02,0 14,02,2 15,01,1 15,01,2 Q16

                                                                                _M06
                                                                               M06  M06
                                                                          _M06/      \_Q16
                                                                         M06  H06    Q16  Q16
                                                                    _I06/      \_Q16/      \
                                                                   I06  M06    H06  Q16    Q16
                                                              _I06/      \_Y06/      \_Q06/
                                                             I06  Y06    Y06  H06    Q06  Q06
                                                        _I06/      \_Y06/      \_H06/      \
                                                       I06  U06    Y16  Y06    H06  H06    Q06
                                                  _R06/      \_U06/      \_Y26/      \_Q06/
                                                 R06  R06    U06  Y16    Y06  Y26    Q06
                                            _V06/      \_R06/      \_Y16/      \_Y26/
                                           V06  V06    R06  U06    Y16  Y16    Y26
                                      _S06/      \_V06/      \_U06/      \_Y26/
                                     S06  V06    X06  R06    U06  Y16    Y26
                                _Q26/      \_X06/      \_S16/      \_S16/
                               Q26  S06    V06  X06    S16  S16    S16
                          _J06/      \_S06/      \_X06/      \_S16/
                         J06  Q26    Q26  S06    X06  X06    W06
                    _J06/      \_Q26/      \_W06/      \_W06/
                   J06  L16    Q26  S26    S06  W06    W06
              _R16/      \_L06/      \_S26/      \_W06/
             R16  J06    L16  L06    S26  S26    S26
        _L26/      \_J06/      \_L06/      \_S26/
       L26  R16    C06  L16    X16  L06    L06
  _L26/      \_R16/      \_X16/      \_L06/
 F06  L26    R16  C06    L16  X16    X16
/      \_R16/      \_L16/      \_X16/
F06    L26  C06    C06  L16    X16
 \_F06/      \_C06/      \_H16/
 F06  L26    C06  H16    H16
/      \_O06/      \_H16/
F06    O06  O06    H16
 \_F06/      \_H16/
      O06    O06
       \_O06/

solution 4 (180,292,688 searches):
01,00,0 01,00,1 01,01,0 01,01,2 02,00,1 02,00,2 O06
00,01,0 00,01,1 00,02,0 00,02,1 00,02,2 00,03,2 F06
02,00,0 03,00,0 03,00,1 03,00,2 04,00,0 04,00,2 H16
00,03,0 01,01,1 01,02,1 01,02,2 01,03,0 01,03,2 L26
02,01,0 02,01,1 02,01,2 03,01,1 03,01,2 03,02,2 C06
01,02,0 02,02,0 02,02,1 02,02,2 02,03,0 02,03,2 R16
03,01,0 04,00,1 04,01,0 04,01,2 05,00,1 05,01,2 U06
05,00,0 05,00,2 06,00,0 06,00,1 06,00,2 06,01,2 H06
04,01,1 04,02,0 04,02,1 04,02,2 05,01,0 05,01,1 Y26
03,02,0 03,02,1 03,03,0 03,03,2 04,03,0 04,03,2 J06
05,02,1 05,02,2 05,03,0 05,03,2 06,03,0 06,03,2 W06
05,02,0 06,02,0 06,02,1 06,02,2 07,01,1 07,02,2 X06
06,01,0 06,01,1 07,00,1 07,00,2 07,01,0 07,01,2 Y06
07,00,0 08,00,1 08,00,2 08,01,1 08,01,2 08,02,2 L06
07,02,0 07,02,1 07,03,0 07,03,2 08,02,0 08,02,1 Q06
08,00,0 08,01,0 09,00,0 09,00,1 09,00,2 10,00,2 Y16
08,03,0 08,03,2 09,01,1 09,02,0 09,02,1 09,02,2 R06
09,01,0 09,01,2 10,00,0 10,00,1 11,00,0 11,00,2 S16
09,03,0 09,03,2 10,03,0 10,03,2 11,03,0 11,03,2 I06
10,01,0 10,01,1 10,01,2 10,02,2 11,00,1 11,01,2 X16
10,02,0 10,02,1 11,01,0 11,01,1 12,00,1 12,01,2 L16
12,00,0 12,00,2 12,01,0 12,01,1 13,00,1 13,00,2 V06
11,02,0 11,02,1 11,02,2 12,02,0 12,02,2 13,01,1 S26
13,00,0 13,01,0 13,01,2 14,00,1 14,00,2 14,01,2 Q26
14,00,0 14,02,0 15,00,1 15,00,2 15,01,1 15,01,2 M06
13,03,0 13,03,2 14,01,0 14,01,1 14,02,1 14,02,2 S06
12,02,1 12,03,0 12,03,2 13,02,0 13,02,1 13,02,2 Q16

                                                                                _S06
                                                                               S06  S06
                                                                          _Q16/      \_M06
                                                                         Q16  Q16    S06  M06
                                                                    _I06/      \_Q16/      \
                                                                   I06  Q16    Q16  S06    M06
                                                              _I06/      \_S26/      \_S06/
                                                             I06  S26    S26  S26    Q26  M06
                                                        _I06/      \_S26/      \_Q26/      \
                                                       I06  L16    S26  V06    Q26  Q26    M06
                                                  _R06/      \_L16/      \_V06/      \_M06/
                                                 R06  R06    X16  L16    L16  V06    Q26
                                            _Q06/      \_R06/      \_L16/      \_Q26/
                                           Q06  Q06    R06  X16    X16  L16    V06
                                      _W06/      \_Q06/      \_X16/      \_V06/
                                     W06  Q06    L06  R06    X16  X16    V06
                                _W06/      \_Q06/      \_S16/      \_S16/
                               W06  X06    X06  L06    S16  S16    S16
                          _J06/      \_X06/      \_Y16/      \_S16/
                         J06  W06    X06  X06    L06  Y16    Y16
                    _J06/      \_X06/      \_Y06/      \_Y16/
                   J06  Y26    W06  Y06    Y06  L06    Y16
              _R16/      \_Y26/      \_Y06/      \_Y16/
             R16  J06    Y26  Y26    H06  Y06    L06
        _L26/      \_J06/      \_Y26/      \_L06/
       L26  R16    C06  Y26    U06  H06    Y06
  _L26/      \_R16/      \_U06/      \_H06/
 F06  L26    R16  C06    U06  U06    H06
/      \_R16/      \_U06/      \_H06/
F06    L26  C06    C06  U06    H06
 \_F06/      \_C06/      \_H16/
 F06  L26    C06  H16    H16
/      \_O06/      \_H16/
F06    O06  O06    H16
 \_F06/      \_H16/
      O06    O06
       \_O06/

solution 5 (180,292,691 searches):
01,00,0 01,00,1 01,01,0 01,01,2 02,00,1 02,00,2 O06
00,01,0 00,01,1 00,02,0 00,02,1 00,02,2 00,03,2 F06
02,00,0 03,00,0 03,00,1 03,00,2 04,00,0 04,00,2 H16
00,03,0 01,01,1 01,02,1 01,02,2 01,03,0 01,03,2 L26
02,01,0 02,01,1 02,01,2 03,01,1 03,01,2 03,02,2 C06
01,02,0 02,02,0 02,02,1 02,02,2 02,03,0 02,03,2 R16
03,01,0 04,00,1 04,01,0 04,01,2 05,00,1 05,01,2 U06
05,00,0 05,00,2 06,00,0 06,00,1 06,00,2 06,01,2 H06
04,01,1 04,02,0 04,02,1 04,02,2 05,01,0 05,01,1 Y26
03,02,0 03,02,1 03,03,0 03,03,2 04,03,0 04,03,2 J06
05,02,1 05,02,2 05,03,0 05,03,2 06,03,0 06,03,2 W06
05,02,0 06,02,0 06,02,1 06,02,2 07,01,1 07,02,2 X06
06,01,0 06,01,1 07,00,1 07,00,2 07,01,0 07,01,2 Y06
07,00,0 08,00,1 08,00,2 08,01,1 08,01,2 08,02,2 L06
07,02,0 07,02,1 07,03,0 07,03,2 08,02,0 08,02,1 Q06
08,00,0 08,01,0 09,00,0 09,00,1 09,00,2 10,00,2 Y16
08,03,0 08,03,2 09,01,1 09,02,0 09,02,1 09,02,2 R06
09,01,0 09,01,2 10,00,0 10,00,1 11,00,0 11,00,2 S16
09,03,0 09,03,2 10,03,0 10,03,2 11,03,0 11,03,2 I06
10,01,0 10,01,1 10,01,2 10,02,2 11,00,1 11,01,2 X16
10,02,0 10,02,1 11,01,0 11,01,1 12,00,1 12,01,2 L16
12,00,0 12,00,2 12,01,0 12,01,1 13,00,1 13,00,2 V06
11,02,0 11,02,1 11,02,2 12,02,0 12,02,2 13,01,1 S26
13,00,0 13,01,0 13,01,2 14,00,1 14,00,2 14,01,2 Q26
14,00,0 14,01,0 14,01,1 14,02,2 15,00,1 15,00,2 S06
13,03,0 13,03,2 14,02,0 14,02,1 15,01,1 15,01,2 M06
12,02,1 12,03,0 12,03,2 13,02,0 13,02,1 13,02,2 Q16

                                                                                _M06
                                                                               M06  M06
                                                                          _Q16/      \_M06
                                                                         Q16  Q16    S06  M06
                                                                    _I06/      \_Q16/      \
                                                                   I06  Q16    Q16  S06    M06
                                                              _I06/      \_S26/      \_S06/
                                                             I06  S26    S26  S26    Q26  S06
                                                        _I06/      \_S26/      \_Q26/      \
                                                       I06  L16    S26  V06    Q26  Q26    S06
                                                  _R06/      \_L16/      \_V06/      \_S06/
                                                 R06  R06    X16  L16    L16  V06    Q26
                                            _Q06/      \_R06/      \_L16/      \_Q26/
                                           Q06  Q06    R06  X16    X16  L16    V06
                                      _W06/      \_Q06/      \_X16/      \_V06/
                                     W06  Q06    L06  R06    X16  X16    V06
                                _W06/      \_Q06/      \_S16/      \_S16/
                               W06  X06    X06  L06    S16  S16    S16
                          _J06/      \_X06/      \_Y16/      \_S16/
                         J06  W06    X06  X06    L06  Y16    Y16
                    _J06/      \_X06/      \_Y06/      \_Y16/
                   J06  Y26    W06  Y06    Y06  L06    Y16
              _R16/      \_Y26/      \_Y06/      \_Y16/
             R16  J06    Y26  Y26    H06  Y06    L06
        _L26/      \_J06/      \_Y26/      \_L06/
       L26  R16    C06  Y26    U06  H06    Y06
  _L26/      \_R16/      \_U06/      \_H06/
 F06  L26    R16  C06    U06  U06    H06
/      \_R16/      \_U06/      \_H06/
F06    L26  C06    C06  U06    H06
 \_F06/      \_C06/      \_H16/
 F06  L26    C06  H16    H16
/      \_O06/      \_H16/
F06    O06  O06    H16
 \_F06/      \_H16/
      O06    O06
       \_O06/

solution 6 (181,792,536 searches):
01,00,0 01,00,1 01,01,0 01,01,2 02,00,1 02,00,2 O06
00,01,0 00,01,1 00,02,0 00,02,1 00,02,2 00,03,2 F06
02,00,0 03,00,0 03,00,1 03,00,2 04,00,0 04,00,2 H16
00,03,0 01,01,1 01,02,1 01,02,2 01,03,0 01,03,2 L26
02,01,0 02,01,1 02,01,2 03,01,1 03,01,2 03,02,2 C06
01,02,0 02,02,0 02,02,1 02,02,2 02,03,0 02,03,2 R16
03,01,0 04,00,1 04,01,0 04,01,2 05,00,1 05,01,2 U06
05,00,0 05,00,2 06,00,0 06,00,2 07,00,0 07,00,2 I06
03,02,0 03,02,1 03,03,0 03,03,2 04,03,0 04,03,2 J06
04,01,1 04,02,0 04,02,1 04,02,2 05,01,0 05,01,1 Y26
05,02,0 06,00,1 06,01,0 06,01,1 06,01,2 06,02,2 X06
05,02,1 05,02,2 05,03,0 05,03,2 06,02,0 06,02,1 V06
06,03,0 06,03,2 07,01,1 07,02,0 07,02,1 07,02,2 R06
07,00,1 07,01,0 07,01,2 08,01,1 08,01,2 08,02,2 S16
08,00,0 08,00,1 08,00,2 08,01,0 09,00,1 09,00,2 Q16
07,03,0 07,03,2 08,02,0 08,02,1 09,01,1 09,02,2 S26
08,03,0 08,03,2 09,02,0 09,02,1 09,03,0 09,03,2 Y16
09,00,0 09,01,0 09,01,2 10,00,1 10,00,2 10,01,2 Q26
10,00,0 11,00,0 11,00,2 12,00,0 12,00,1 12,00,2 L16
10,02,0 11,00,1 11,01,0 11,01,1 11,01,2 12,01,2 Y06
10,01,0 10,01,1 10,02,1 10,02,2 10,03,0 10,03,2 M06
11,02,1 11,02,2 11,03,0 11,03,2 12,03,0 12,03,2 W06
11,02,0 12,01,0 12,01,1 12,02,1 12,02,2 13,00,1 H06
13,00,0 13,00,2 14,00,0 14,00,2 15,00,1 15,00,2 L06
13,01,0 13,01,1 13,01,2 14,00,1 14,01,1 14,01,2 X16
13,02,0 14,01,0 14,02,0 14,02,2 15,01,1 15,01,2 Q06
12,02,0 13,02,1 13,02,2 13,03,0 13,03,2 14,02,1 S06

                                                                                _S06
                                                                               S06  S06
                                                                          _W06/      \_Q06
                                                                         W06  S06    Q06  Q06
                                                                    _W06/      \_Q06/      \
                                                                   W06  H06    S06  X16    Q06
                                                              _M06/      \_S06/      \_Q06/
                                                             M06  W06    H06  X16    X16  L06
                                                        _Y16/      \_H06/      \_X16/      \
                                                       Y16  M06    W06  H06    X16  X16    L06
                                                  _Y16/      \_Y06/      \_H06/      \_L06/
                                                 Y16  Y16    M06  Y06    Y06  H06    L06
                                            _S26/      \_Y16/      \_Y06/      \_L06/
                                           S26  S26    S26  M06    Y06  L16    L06
                                      _R06/      \_S26/      \_M06/      \_L16/
                                     R06  R06    S16  S26    Q26  Y06    L16
                                _V06/      \_R06/      \_Q26/      \_L16/
                               V06  V06    R06  S16    Q26  Q26    L16
                          _J06/      \_V06/      \_Q16/      \_L16/
                         J06  V06    X06  R06    S16  Q16    Q26
                    _J06/      \_X06/      \_S16/      \_Q26/
                   J06  Y26    V06  X06    S16  Q16    Q16
              _R16/      \_Y26/      \_X06/      \_Q16/
             R16  J06    Y26  Y26    X06  S16    Q16
        _L26/      \_J06/      \_Y26/      \_I06/
       L26  R16    C06  Y26    U06  X06    I06
  _L26/      \_R16/      \_U06/      \_I06/
 F06  L26    R16  C06    U06  U06    I06
/      \_R16/      \_U06/      \_I06/
F06    L26  C06    C06  U06    I06
 \_F06/      \_C06/      \_H16/
 F06  L26    C06  H16    H16
/      \_O06/      \_H16/
F06    O06  O06    H16
 \_F06/      \_H16/
      O06    O06
       \_O06/

solution 7 (181,792,539 searches):
01,00,0 01,00,1 01,01,0 01,01,2 02,00,1 02,00,2 O06
00,01,0 00,01,1 00,02,0 00,02,1 00,02,2 00,03,2 F06
02,00,0 03,00,0 03,00,1 03,00,2 04,00,0 04,00,2 H16
00,03,0 01,01,1 01,02,1 01,02,2 01,03,0 01,03,2 L26
02,01,0 02,01,1 02,01,2 03,01,1 03,01,2 03,02,2 C06
01,02,0 02,02,0 02,02,1 02,02,2 02,03,0 02,03,2 R16
03,01,0 04,00,1 04,01,0 04,01,2 05,00,1 05,01,2 U06
05,00,0 05,00,2 06,00,0 06,00,2 07,00,0 07,00,2 I06
03,02,0 03,02,1 03,03,0 03,03,2 04,03,0 04,03,2 J06
04,01,1 04,02,0 04,02,1 04,02,2 05,01,0 05,01,1 Y26
05,02,0 06,00,1 06,01,0 06,01,1 06,01,2 06,02,2 X06
05,02,1 05,02,2 05,03,0 05,03,2 06,02,0 06,02,1 V06
06,03,0 06,03,2 07,01,1 07,02,0 07,02,1 07,02,2 R06
07,00,1 07,01,0 07,01,2 08,01,1 08,01,2 08,02,2 S16
08,00,0 08,00,1 08,00,2 08,01,0 09,00,1 09,00,2 Q16
07,03,0 07,03,2 08,02,0 08,02,1 09,01,1 09,02,2 S26
08,03,0 08,03,2 09,02,0 09,02,1 09,03,0 09,03,2 Y16
09,00,0 09,01,0 09,01,2 10,00,1 10,00,2 10,01,2 Q26
10,00,0 11,00,0 11,00,2 12,00,0 12,00,1 12,00,2 L16
10,02,0 11,00,1 11,01,0 11,01,1 11,01,2 12,01,2 Y06
10,01,0 10,01,1 10,02,1 10,02,2 10,03,0 10,03,2 M06
11,02,1 11,02,2 11,03,0 11,03,2 12,03,0 12,03,2 W06
11,02,0 12,01,0 12,01,1 12,02,1 12,02,2 13,00,1 H06
13,00,0 13,00,2 14,00,0 14,00,2 15,00,1 15,00,2 L06
12,02,0 13,01,0 13,01,1 13,01,2 13,02,0 13,02,2 X16
14,00,1 14,01,0 14,01,2 14,02,0 15,01,1 15,01,2 S06
13,02,1 13,03,0 13,03,2 14,01,1 14,02,1 14,02,2 Q06

                                                                                _Q06
                                                                               Q06  Q06
                                                                          _W06/      \_S06
                                                                         W06  Q06    Q06  S06
                                                                    _W06/      \_X16/      \
                                                                   W06  H06    X16  Q06    S06
                                                              _M06/      \_X16/      \_S06/
                                                             M06  W06    H06  X16    S06  L06
                                                        _Y16/      \_H06/      \_X16/      \
                                                       Y16  M06    W06  H06    X16  S06    L06
                                                  _Y16/      \_Y06/      \_H06/      \_L06/
                                                 Y16  Y16    M06  Y06    Y06  H06    L06
                                            _S26/      \_Y16/      \_Y06/      \_L06/
                                           S26  S26    S26  M06    Y06  L16    L06
                                      _R06/      \_S26/      \_M06/      \_L16/
                                     R06  R06    S16  S26    Q26  Y06    L16
                                _V06/      \_R06/      \_Q26/      \_L16/
                               V06  V06    R06  S16    Q26  Q26    L16
                          _J06/      \_V06/      \_Q16/      \_L16/
                         J06  V06    X06  R06    S16  Q16    Q26
                    _J06/      \_X06/      \_S16/      \_Q26/
                   J06  Y26    V06  X06    S16  Q16    Q16
              _R16/      \_Y26/      \_X06/      \_Q16/
             R16  J06    Y26  Y26    X06  S16    Q16
        _L26/      \_J06/      \_Y26/      \_I06/
       L26  R16    C06  Y26    U06  X06    I06
  _L26/      \_R16/      \_U06/      \_I06/
 F06  L26    R16  C06    U06  U06    I06
/      \_R16/      \_U06/      \_I06/
F06    L26  C06    C06  U06    I06
 \_F06/      \_C06/      \_H16/
 F06  L26    C06  H16    H16
/      \_O06/      \_H16/
F06    O06  O06    H16
 \_F06/      \_H16/
      O06    O06
       \_O06/

solution 8 (207,527,135 searches):
01,00,0 01,00,1 01,01,0 01,01,2 02,00,1 02,00,2 O06
00,01,0 00,01,1 00,02,0 00,02,1 00,02,2 00,03,2 F06
02,00,0 03,00,0 03,00,1 03,00,2 04,00,0 04,00,2 H16
00,03,0 01,01,1 01,02,1 01,02,2 01,03,0 01,03,2 L26
02,01,0 02,01,1 02,01,2 03,01,1 03,01,2 03,02,2 C06
01,02,0 02,02,0 02,02,1 02,02,2 02,03,0 02,03,2 R16
03,01,0 04,00,1 04,01,0 04,01,2 05,00,1 05,01,2 U06
05,00,0 05,00,2 06,00,0 06,00,2 07,00,1 07,00,2 L06
07,00,0 07,01,0 08,00,0 08,00,1 08,00,2 09,00,2 Y16
03,02,0 03,02,1 03,03,0 03,03,2 04,01,1 04,03,2 V06
04,02,0 04,02,1 04,02,2 05,01,0 05,01,1 05,02,2 X06
06,00,1 06,01,0 06,01,2 07,01,1 07,01,2 07,02,2 S16
04,03,0 05,03,0 05,03,2 06,03,0 06,03,2 07,03,2 I06
05,02,0 05,02,1 06,01,1 06,02,0 06,02,1 06,02,2 X16
07,02,0 07,02,1 08,01,1 08,01,2 08,02,0 08,02,2 Y06
07,03,0 08,02,1 08,03,0 08,03,2 09,03,0 09,03,2 L16
08,01,0 09,00,0 09,00,1 10,00,0 10,00,2 11,00,2 W06
09,01,1 09,01,2 09,02,0 09,02,1 09,02,2 10,01,1 Y26
09,01,0 10,00,1 10,01,0 10,01,2 11,01,1 11,01,2 S26
11,00,0 11,00,1 11,01,0 12,00,1 12,00,2 12,01,2 Q16
12,00,0 12,01,0 12,01,1 12,02,2 13,00,1 13,00,2 S06
13,00,0 14,00,0 14,00,2 14,01,0 15,00,1 15,00,2 J06
13,03,0 13,03,2 14,02,0 14,02,1 15,01,1 15,01,2 M06
12,03,0 12,03,2 13,01,1 13,02,0 13,02,1 13,02,2 R06
13,01,0 13,01,2 14,00,1 14,01,1 14,01,2 14,02,2 H06
11,02,0 11,02,1 11,03,0 11,03,2 12,02,0 12,02,1 Q06
10,02,0 10,02,1 10,02,2 10,03,0 10,03,2 11,02,2 Q26

                                                                                _M06
                                                                               M06  M06
                                                                          _R06/      \_M06
                                                                         R06  R06    H06  M06
                                                                    _Q06/      \_R06/      \
                                                                   Q06  Q06    R06  H06    M06
                                                              _Q26/      \_Q06/      \_J06/
                                                             Q26  Q06    S06  R06    H06  J06
                                                        _L16/      \_Q06/      \_H06/      \
                                                       L16  Q26    Q26  S06    H06  H06    J06
                                                  _L16/      \_Q26/      \_S06/      \_J06/
                                                 L16  Y26    Q26  S26    Q16  S06    J06
                                            _L16/      \_Y26/      \_Q16/      \_J06/
                                           I06  L16    Y26  Y26    S26  Q16    S06
                                      _I06/      \_Y06/      \_S26/      \_S06/
                                     I06  Y06    Y06  Y26    S26  Q16    Q16
                                _I06/      \_Y06/      \_S26/      \_Q16/
                               I06  X16    S16  Y06    Y26  S26    W06
                          _I06/      \_X16/      \_W06/      \_W06/
                         V06  X16    X16  S16    Y06  W06    W06
                    _V06/      \_X16/      \_Y16/      \_W06/
                   V06  X06    X06  X16    S16  Y16    Y16
              _R16/      \_X06/      \_S16/      \_Y16/
             R16  V06    X06  X06    S16  L06    Y16
        _L26/      \_V06/      \_X06/      \_Y16/
       L26  R16    C06  V06    U06  S16    L06
  _L26/      \_R16/      \_U06/      \_L06/
 F06  L26    R16  C06    U06  U06    L06
/      \_R16/      \_U06/      \_L06/
F06    L26  C06    C06  U06    L06
 \_F06/      \_C06/      \_H16/
 F06  L26    C06  H16    H16
/      \_O06/      \_H16/
F06    O06  O06    H16
 \_F06/      \_H16/
      O06    O06
       \_O06/

solution 9 (208,390,695 searches):
01,00,0 01,00,1 01,01,0 01,01,2 02,00,1 02,00,2 O06
00,01,0 00,01,1 00,02,0 00,02,1 00,02,2 00,03,2 F06
02,00,0 03,00,0 03,00,1 03,00,2 04,00,0 04,00,2 H16
00,03,0 01,01,1 01,02,1 01,02,2 01,03,0 01,03,2 L26
02,01,0 02,01,1 02,01,2 03,01,1 03,01,2 03,02,2 C06
01,02,0 02,02,0 02,02,1 02,02,2 02,03,0 02,03,2 R16
03,01,0 04,00,1 04,01,0 04,01,2 05,00,1 05,01,2 U06
05,00,0 05,00,2 06,00,0 06,00,2 07,00,1 07,00,2 L06
07,00,0 08,00,0 08,00,1 08,00,2 08,01,2 09,00,2 Y16
03,02,0 03,02,1 03,03,0 03,03,2 04,01,1 04,03,2 V06
04,02,0 04,02,1 04,02,2 05,01,0 05,01,1 06,00,1 L16
04,03,0 05,02,0 05,02,1 05,02,2 05,03,0 05,03,2 X16
06,01,0 06,01,1 06,01,2 06,02,2 07,01,0 07,01,2 Y26
06,02,0 06,02,1 06,03,0 06,03,2 07,01,1 07,02,1 Q06
07,02,0 07,02,2 08,01,0 08,01,1 08,02,1 08,02,2 Y06
07,03,0 07,03,2 08,03,0 08,03,2 09,03,0 09,03,2 I06
08,02,0 09,00,0 09,00,1 09,01,1 09,01,2 10,00,2 S06
09,02,0 09,02,1 09,02,2 10,01,1 10,02,0 10,02,2 X06
10,02,1 10,03,0 10,03,2 11,02,0 11,02,1 11,03,2 R06
09,01,0 10,00,0 10,00,1 11,00,0 11,00,2 12,00,2 W06
10,01,0 10,01,2 11,00,1 11,01,1 11,01,2 11,02,2 H06
11,01,0 12,01,1 12,01,2 12,02,0 12,02,1 12,02,2 S26
11,03,0 12,03,0 12,03,2 13,02,0 13,02,1 14,02,2 S16
13,03,0 13,03,2 14,02,0 14,02,1 15,01,1 15,01,2 M06
12,00,0 12,00,1 12,01,0 13,00,1 13,00,2 13,01,2 Q16
13,00,0 14,00,0 14,00,2 14,01,0 15,00,1 15,00,2 J06
13,01,0 13,01,1 13,02,2 14,00,1 14,01,1 14,01,2 Q26

                                                                                _M06
                                                                               M06  M06
                                                                          _S16/      \_M06
                                                                         S16  S16    S16  M06
                                                                    _S16/      \_S16/      \
                                                                   R06  S26    Q26  Q26    M06
                                                              _R06/      \_S26/      \_J06/
                                                             R06  R06    S26  Q26    Q26  J06
                                                        _I06/      \_R06/      \_Q26/      \
                                                       I06  R06    H06  S26    Q16  Q26    J06
                                                  _I06/      \_X06/      \_Q16/      \_J06/
                                                 I06  X06    X06  H06    S26  Q16    J06
                                            _I06/      \_X06/      \_S26/      \_J06/
                                           I06  Y06    X06  X06    H06  Q16    Q16
                                      _Q06/      \_S06/      \_H06/      \_Q16/
                                     Q06  Q06    Y06  S06    H06  H06    W06
                                _X16/      \_Y06/      \_W06/      \_W06/
                               X16  Q06    Y06  Y06    S06  W06    W06
                          _X16/      \_Q06/      \_Y06/      \_W06/
                         V06  X16    Y26  Q06    Y16  S06    S06
                    _V06/      \_X16/      \_Y26/      \_S06/
                   V06  L16    X16  Y26    Y26  Y16    Y16
              _R16/      \_L16/      \_Y26/      \_Y16/
             R16  V06    L16  L16    Y26  L06    Y16
        _L26/      \_V06/      \_L16/      \_Y16/
       L26  R16    C06  V06    U06  L16    L06
  _L26/      \_R16/      \_U06/      \_L06/
 F06  L26    R16  C06    U06  U06    L06
/      \_R16/      \_U06/      \_L06/
F06    L26  C06    C06  U06    L06
 \_F06/      \_C06/      \_H16/
 F06  L26    C06  H16    H16
/      \_O06/      \_H16/
F06    O06  O06    H16
 \_F06/      \_H16/
      O06    O06
       \_O06/

solution 10 (210,108,395 searches):
01,00,0 01,00,1 01,01,0 01,01,2 02,00,1 02,00,2 O06
00,01,0 00,01,1 00,02,0 00,02,1 00,02,2 00,03,2 F06
02,00,0 03,00,0 03,00,1 03,00,2 04,00,0 04,00,2 H16
00,03,0 01,01,1 01,02,1 01,02,2 01,03,0 01,03,2 L26
02,01,0 02,01,1 02,01,2 03,01,1 03,01,2 03,02,2 C06
01,02,0 02,02,0 02,02,1 02,02,2 02,03,0 02,03,2 R16
03,01,0 04,00,1 04,01,0 04,01,2 05,00,1 05,01,2 U06
05,00,0 05,00,2 06,00,1 06,00,2 06,01,0 06,01,2 S16
06,00,0 07,00,0 07,00,2 08,00,0 08,00,2 09,00,2 I06
07,00,1 07,01,0 07,01,1 07,01,2 08,00,1 08,01,2 X16
04,01,1 04,02,0 04,02,2 05,01,0 05,01,1 05,02,2 R06
03,02,0 03,02,1 03,03,0 03,03,2 04,02,1 04,03,2 Q16
04,03,0 05,02,0 05,02,1 05,03,0 05,03,2 06,01,1 Y26
06,02,0 06,02,1 06,02,2 06,03,0 06,03,2 07,02,2 Q26
07,02,0 07,02,1 07,03,0 07,03,2 08,01,0 08,01,1 J06
08,02,0 09,00,0 09,00,1 09,01,1 09,01,2 09,02,2 S26
08,02,1 08,02,2 08,03,0 08,03,2 09,02,0 09,02,1 V06
09,03,0 09,03,2 10,02,0 10,02,1 10,03,0 10,03,2 Y16
09,01,0 10,01,0 10,01,1 10,01,2 10,02,2 11,00,1 Y06
10,00,0 10,00,1 10,00,2 11,00,0 11,00,2 12,00,2 L16
11,01,1 11,01,2 11,02,1 11,02,2 11,03,0 11,03,2 L06
11,01,0 12,00,0 12,00,1 13,00,0 13,00,2 14,00,2 W06
11,02,0 12,01,1 12,01,2 12,02,0 12,02,2 13,02,2 H06
12,01,0 13,00,1 13,01,0 13,01,1 13,01,2 14,01,2 X06
14,00,0 14,00,1 14,01,0 14,01,1 15,00,1 15,00,2 Q06
12,02,1 12,03,0 12,03,2 13,03,0 13,03,2 14,02,1 M06
13,02,0 13,02,1 14,02,0 14,02,2 15,01,1 15,01,2 S06

                                                                                _M06
                                                                               M06  M06
                                                                          _M06/      \_S06
                                                                         M06  S06    S06  S06
                                                                    _L06/      \_S06/      \
                                                                   L06  M06    H06  Q06    S06
                                                              _Y16/      \_H06/      \_Q06/
                                                             Y16  L06    H06  X06    X06  Q06
                                                        _Y16/      \_H06/      \_X06/      \
                                                       Y16  Y16    L06  H06    X06  Q06    Q06
                                                  _V06/      \_Y16/      \_X06/      \_Q06/
                                                 V06  V06    Y06  L06    H06  X06    W06
                                            _J06/      \_V06/      \_W06/      \_W06/
                                           J06  V06    S26  Y06    L06  W06    W06
                                      _Q26/      \_S26/      \_Y06/      \_W06/
                                     Q26  J06    V06  S26    Y06  Y06    L16
                                _Y26/      \_J06/      \_Y06/      \_L16/
                               Y26  Q26    Q26  J06    S26  L16    L16
                          _Y26/      \_Q26/      \_J06/      \_L16/
                         Q16  Y26    Q26  X16    X16  S26    L16
                    _Q16/      \_Y26/      \_X16/      \_S26/
                   Q16  Q16    R06  Y26    X16  X16    I06
              _R16/      \_R06/      \_S16/      \_I06/
             R16  Q16    R06  R06    S16  X16    I06
        _L26/      \_Q16/      \_R06/      \_I06/
       L26  R16    C06  R06    U06  S16    I06
  _L26/      \_R16/      \_U06/      \_I06/
 F06  L26    R16  C06    U06  U06    S16
/      \_R16/      \_U06/      \_S16/
F06    L26  C06    C06  U06    S16
 \_F06/      \_C06/      \_H16/
 F06  L26    C06  H16    H16
/      \_O06/      \_H16/
F06    O06  O06    H16
 \_F06/      \_H16/
      O06    O06
       \_O06/

User-requested solution limit reached.
10 solutions, 210,108,395 searches, duration 0:48:50.829936
