solving HexatwigsTrefoil2:

solution 1 (26,136,705 searches):
00,00,0 00,00,1 00,01,0 00,01,2 01,00,1 01,00,2 O06
01,00,0 01,01,0 02,00,1 02,00,2 02,01,1 02,01,2 F06
02,00,0 03,00,0 03,00,2 03,01,0 04,00,1 04,00,2 J06
02,01,0 02,02,0 02,02,1 03,00,1 03,01,1 03,01,2 C06
03,02,0 03,02,2 04,01,1 04,01,2 04,02,0 04,02,2 Y16
00,01,1 00,02,1 00,02,2 00,03,1 00,03,2 00,04,2 I06
00,02,0 01,01,1 01,01,2 01,02,0 01,02,2 02,02,2 H06
00,04,0 01,04,0 01,04,2 02,03,0 02,03,1 03,02,1 W06
00,03,0 01,02,1 01,03,0 01,03,1 01,03,2 02,03,2 X06
00,06,0 00,06,1 01,05,0 01,05,1 02,04,1 02,04,2 L06
01,09,0 01,09,2 02,07,1 02,08,0 02,08,1 02,08,2 R06
00,09,0 00,09,1 00,10,0 00,10,2 01,08,1 01,09,1 Q06
00,07,0 00,07,1 00,07,2 00,08,1 00,08,2 00,09,2 L16
00,08,0 01,07,0 01,07,1 01,08,0 01,08,2 02,06,1 Y26
01,06,0 01,06,1 01,06,2 01,07,2 02,05,1 02,05,2 R16
02,05,0 02,06,0 02,06,2 03,05,1 03,05,2 03,06,2 Q26
02,07,0 02,07,2 03,06,0 03,06,1 03,07,1 03,07,2 Y06
03,05,0 03,07,0 04,05,1 04,05,2 04,06,1 04,06,2 M06
04,04,0 04,04,1 05,03,1 05,04,0 05,04,2 06,04,2 L26
06,04,0 07,02,0 07,02,1 07,03,1 07,03,2 08,01,1 S16
07,03,0 08,02,0 08,02,1 08,02,2 09,01,0 09,01,1 H16
08,01,0 09,00,0 09,00,1 09,01,2 10,00,1 10,00,2 Q16
07,01,0 08,00,0 08,00,1 08,00,2 08,01,2 09,00,2 X16
05,02,1 05,03,0 05,03,2 06,03,0 06,03,1 06,03,2 S26
05,01,0 05,01,1 05,02,0 05,02,2 06,02,1 06,02,2 S06
06,00,0 06,00,1 06,01,1 06,01,2 07,00,0 07,00,2 V06
06,01,0 06,02,0 07,00,1 07,01,1 07,01,2 07,02,2 U06

  _Q06
 Q06  Q06
/      \_R06
Q06    R06  R06
 \_Q06/      \_R06
 L16  Q06    R06  Y06
/      \_Y26/      \_M06
L16    Y26  R06    Y06  M06
 \_Y26/      \_Y06/      \
 L16  Y26    Y06  Y06    M06
/      \_Y26/      \_Y06/
L16    R16  Y26    Q26  M06
 \_L16/      \_Q26/      \            _S16
 L16  R16    Q26  Q26    M06         L26  S16
/      \_R16/      \_M06/       _L26/      \_H16
L06    R16  R16    Q26  L26    L26  S26    S16  H16
 \_L06/      \_Q26/      \_L26/      \_S26/      \_H16
      L06    R16              L26    S26  S16    H16  H16
       \_L06/                  \_S26/      \_S16/      \_H16
            L06                S26  S06    U06  S16    Q16  Q16
             \                /      \_U06/      \_Q16/      \
             L06              S26    S06  U06    X16  Q16    Q16
        _W06/                  \_S06/      \_X16/      \_Q16/
       W06  W06                S06  V06    U06  X16    X16
  _W06/      \_W06        _Y16/      \_U06/      \_X16/
 I06  X06    X06  W06    Y16  S06    V06  U06    X16
/      \_X06/      \_Y16/      \_S06/      \_V06/
I06    X06  C06    Y16  Y16         V06    V06
 \_X06/      \_C06/      \           \_V06/
 I06  X06    H06  C06    Y16
/      \_H06/      \_J06/
I06    H06  F06    C06  J06
 \_H06/      \_C06/      \
 I06  H06    F06  C06    J06
/      \_F06/      \_J06/
I06    H06  F06    J06
 \_O06/      \_J06/
 O06  O06    F06
/      \_F06/
O06    O06
 \_O06/

solution 2 (26,136,964 searches):
00,00,0 00,00,1 00,01,0 00,01,2 01,00,1 01,00,2 O06
01,00,0 01,01,0 02,00,1 02,00,2 02,01,1 02,01,2 F06
02,00,0 03,00,0 03,00,2 03,01,0 04,00,1 04,00,2 J06
02,01,0 02,02,0 02,02,1 03,00,1 03,01,1 03,01,2 C06
03,02,0 03,02,2 04,01,1 04,01,2 04,02,0 04,02,2 Y16
00,01,1 00,02,1 00,02,2 00,03,1 00,03,2 00,04,2 I06
00,02,0 01,01,1 01,01,2 01,02,0 01,02,2 02,02,2 H06
00,04,0 01,04,0 01,04,2 02,03,0 02,03,1 03,02,1 W06
00,03,0 01,02,1 01,03,0 01,03,1 01,03,2 02,03,2 X06
00,06,0 00,06,1 01,05,0 01,05,1 02,04,1 02,04,2 L06
01,09,0 01,09,2 02,07,1 02,08,0 02,08,1 02,08,2 R06
00,09,0 00,09,1 00,10,0 00,10,2 01,08,1 01,09,1 Q06
00,07,0 00,07,1 00,07,2 00,08,1 00,08,2 00,09,2 L16
00,08,0 01,07,0 01,07,1 01,08,0 01,08,2 02,06,1 Y26
01,06,0 01,06,1 01,06,2 01,07,2 02,05,1 02,05,2 R16
02,05,0 02,06,0 02,06,2 03,05,1 03,05,2 03,06,2 Q26
02,07,0 02,07,2 03,06,0 03,06,1 03,07,1 03,07,2 Y06
03,05,0 03,07,0 04,05,1 04,05,2 04,06,1 04,06,2 M06
04,04,0 04,04,1 05,04,0 05,04,2 06,03,1 06,04,2 S26
06,04,0 07,02,0 07,02,1 07,03,1 07,03,2 08,01,1 S16
07,03,0 08,02,0 08,02,1 08,02,2 09,01,0 09,01,1 H16
08,01,0 09,00,0 09,00,1 09,01,2 10,00,1 10,00,2 Q16
07,01,0 08,00,0 08,00,1 08,00,2 08,01,2 09,00,2 X16
05,02,1 05,03,0 05,03,1 05,03,2 06,03,0 06,03,2 L26
05,01,0 05,01,1 05,02,0 05,02,2 06,02,1 06,02,2 S06
06,00,0 06,00,1 06,01,1 06,01,2 07,00,0 07,00,2 V06
06,01,0 06,02,0 07,00,1 07,01,1 07,01,2 07,02,2 U06

  _Q06
 Q06  Q06
/      \_R06
Q06    R06  R06
 \_Q06/      \_R06
 L16  Q06    R06  Y06
/      \_Y26/      \_M06
L16    Y26  R06    Y06  M06
 \_Y26/      \_Y06/      \
 L16  Y26    Y06  Y06    M06
/      \_Y26/      \_Y06/
L16    R16  Y26    Q26  M06
 \_L16/      \_Q26/      \            _S16
 L16  R16    Q26  Q26    M06         S26  S16
/      \_R16/      \_M06/       _S26/      \_H16
L06    R16  R16    Q26  S26    S26  S26    S16  H16
 \_L06/      \_Q26/      \_S26/      \_L26/      \_H16
      L06    R16              L26    L26  S16    H16  H16
       \_L06/                  \_L26/      \_S16/      \_H16
            L06                L26  S06    U06  S16    Q16  Q16
             \                /      \_U06/      \_Q16/      \
             L06              L26    S06  U06    X16  Q16    Q16
        _W06/                  \_S06/      \_X16/      \_Q16/
       W06  W06                S06  V06    U06  X16    X16
  _W06/      \_W06        _Y16/      \_U06/      \_X16/
 I06  X06    X06  W06    Y16  S06    V06  U06    X16
/      \_X06/      \_Y16/      \_S06/      \_V06/
I06    X06  C06    Y16  Y16         V06    V06
 \_X06/      \_C06/      \           \_V06/
 I06  X06    H06  C06    Y16
/      \_H06/      \_J06/
I06    H06  F06    C06  J06
 \_H06/      \_C06/      \
 I06  H06    F06  C06    J06
/      \_F06/      \_J06/
I06    H06  F06    J06
 \_O06/      \_J06/
 O06  O06    F06
/      \_F06/
O06    O06
 \_O06/

solution 3 (26,627,339 searches):
00,00,0 00,00,1 00,01,0 00,01,2 01,00,1 01,00,2 O06
01,00,0 01,01,0 02,00,1 02,00,2 02,01,1 02,01,2 F06
02,00,0 03,00,0 03,00,2 03,01,0 04,00,1 04,00,2 J06
02,01,0 02,02,0 02,02,1 03,00,1 03,01,1 03,01,2 C06
03,02,0 03,02,2 04,01,1 04,01,2 04,02,0 04,02,2 Y16
00,01,1 00,02,1 00,02,2 00,03,1 00,03,2 00,04,2 I06
00,02,0 01,01,1 01,01,2 01,02,0 01,02,2 02,02,2 H06
00,04,0 01,04,0 01,04,2 02,03,0 02,03,1 03,02,1 W06
00,03,0 01,02,1 01,03,0 01,03,1 01,03,2 02,03,2 X06
00,06,0 01,05,0 01,05,1 02,04,1 02,04,2 02,05,2 L26
00,06,1 00,07,0 00,07,2 01,06,1 01,06,2 01,07,2 Q26
00,07,1 00,08,0 00,08,2 01,07,0 01,07,1 01,08,2 R06
00,08,1 00,09,0 00,09,2 01,08,0 01,08,1 02,08,2 S06
00,09,1 00,10,0 00,10,2 01,09,0 01,09,1 01,09,2 Q16
02,08,0 02,08,1 03,06,0 03,06,1 03,07,1 03,07,2 S16
03,05,0 03,07,0 04,05,1 04,05,2 04,06,1 04,06,2 M06
02,06,0 02,06,1 02,06,2 02,07,0 02,07,1 02,07,2 U06
01,06,0 02,05,0 02,05,1 03,05,1 03,05,2 03,06,2 V06
04,04,0 04,04,1 05,04,0 05,04,2 06,04,0 06,04,2 L06
09,00,0 09,00,1 09,01,0 09,01,1 10,00,1 10,00,2 Q06
07,00,0 07,00,2 08,00,0 08,00,1 08,00,2 09,00,2 H16
05,01,0 06,00,0 06,00,1 06,01,0 06,01,1 06,01,2 X16
05,01,1 05,02,1 05,02,2 05,03,0 05,03,1 05,03,2 L16
05,02,0 06,02,1 06,02,2 06,03,0 06,03,1 06,03,2 S26
06,02,0 07,00,1 07,01,0 07,01,1 07,01,2 08,01,2 Y06
07,02,0 07,02,2 08,01,0 08,01,1 08,02,2 09,01,2 R16
07,02,1 07,03,0 07,03,1 07,03,2 08,02,0 08,02,1 Y26

  _Q16
 Q16  Q16
/      \_Q16
Q16    Q16  S16
 \_S06/      \_S16
 S06  S06    S06  S16
/      \_S06/      \_M06
S06    R06  U06    S16  M06
 \_R06/      \_U06/      \
 R06  R06    U06  S16    M06
/      \_R06/      \_S16/
R06    Q26  U06    V06  M06
 \_Q26/      \_U06/      \            _L06
 Q26  Q26    U06  V06    M06         L06  Y26
/      \_V06/      \_M06/       _L06/      \_Y26
Q26    Q26  V06    V06  L06    L06  S26    Y26  Y26
 \_L26/      \_V06/      \_L06/      \_S26/      \_Y26
      L26    L26              L16    S26  Y26    R16  Q06
       \_L26/                  \_L16/      \_R16/      \_Q06
            L26                L16  S26    R16  R16    R16  Q06
             \                /      \_Y06/      \_R16/      \
             L26              L16    S26  Y06    Y06  Q06    Q06
        _W06/                  \_S26/      \_Y06/      \_Q06/
       W06  W06                L16  X16    Y06  H16    H16
  _W06/      \_W06        _Y16/      \_X16/      \_H16/
 I06  X06    X06  W06    Y16  L16    X16  Y06    H16
/      \_X06/      \_Y16/      \_X16/      \_H16/
I06    X06  C06    Y16  Y16         X16    H16
 \_X06/      \_C06/      \           \_X16/
 I06  X06    H06  C06    Y16
/      \_H06/      \_J06/
I06    H06  F06    C06  J06
 \_H06/      \_C06/      \
 I06  H06    F06  C06    J06
/      \_F06/      \_J06/
I06    H06  F06    J06
 \_O06/      \_J06/
 O06  O06    F06
/      \_F06/
O06    O06
 \_O06/

solution 4 (26,627,414 searches):
00,00,0 00,00,1 00,01,0 00,01,2 01,00,1 01,00,2 O06
01,00,0 01,01,0 02,00,1 02,00,2 02,01,1 02,01,2 F06
02,00,0 03,00,0 03,00,2 03,01,0 04,00,1 04,00,2 J06
02,01,0 02,02,0 02,02,1 03,00,1 03,01,1 03,01,2 C06
03,02,0 03,02,2 04,01,1 04,01,2 04,02,0 04,02,2 Y16
00,01,1 00,02,1 00,02,2 00,03,1 00,03,2 00,04,2 I06
00,02,0 01,01,1 01,01,2 01,02,0 01,02,2 02,02,2 H06
00,04,0 01,04,0 01,04,2 02,03,0 02,03,1 03,02,1 W06
00,03,0 01,02,1 01,03,0 01,03,1 01,03,2 02,03,2 X06
00,06,0 01,05,0 01,05,1 02,04,1 02,04,2 02,05,2 L26
00,06,1 00,07,0 00,07,2 01,06,1 01,06,2 01,07,2 Q26
00,07,1 00,08,0 00,08,2 01,07,0 01,07,1 01,08,2 R06
00,08,1 00,09,0 00,09,2 01,08,0 01,08,1 02,08,2 S06
00,09,1 00,10,0 00,10,2 01,09,0 01,09,1 01,09,2 Q16
02,08,0 02,08,1 03,06,0 03,06,1 03,07,1 03,07,2 S16
03,05,0 03,07,0 04,05,1 04,05,2 04,06,1 04,06,2 M06
02,06,0 02,06,1 02,06,2 02,07,0 02,07,1 02,07,2 U06
01,06,0 02,05,0 02,05,1 03,05,1 03,05,2 03,06,2 V06
04,04,0 04,04,1 05,04,0 05,04,2 06,04,0 06,04,2 L06
09,00,0 09,00,2 09,01,0 09,01,2 10,00,1 10,00,2 Q06
07,03,0 07,03,1 08,02,0 08,02,1 08,02,2 09,01,1 H16
07,01,0 07,01,1 08,00,1 08,01,0 08,01,2 09,00,1 R16
07,00,0 07,00,1 07,00,2 07,01,2 08,00,0 08,00,2 Y26
05,01,0 06,00,0 06,00,1 06,01,0 06,01,1 06,01,2 X16
05,01,1 05,02,1 05,02,2 05,03,0 05,03,1 05,03,2 L16
06,02,0 07,02,0 07,02,1 07,02,2 07,03,2 08,01,1 Y06
05,02,0 06,02,1 06,02,2 06,03,0 06,03,1 06,03,2 S26

  _Q16
 Q16  Q16
/      \_Q16
Q16    Q16  S16
 \_S06/      \_S16
 S06  S06    S06  S16
/      \_S06/      \_M06
S06    R06  U06    S16  M06
 \_R06/      \_U06/      \
 R06  R06    U06  S16    M06
/      \_R06/      \_S16/
R06    Q26  U06    V06  M06
 \_Q26/      \_U06/      \            _L06
 Q26  Q26    U06  V06    M06         L06  H16
/      \_V06/      \_M06/       _L06/      \_H16
Q26    Q26  V06    V06  L06    L06  S26    Y06  H16
 \_L26/      \_V06/      \_L06/      \_S26/      \_H16
      L26    L26              L16    S26  Y06    H16  H16
       \_L26/                  \_L16/      \_Y06/      \_Q06
            L26                L16  S26    Y06  Y06    Q06  Q06
             \                /      \_Y06/      \_R16/      \
             L26              L16    S26  R16    R16  R16    Q06
        _W06/                  \_S26/      \_R16/      \_Q06/
       W06  W06                L16  X16    Y26  R16    Q06
  _W06/      \_W06        _Y16/      \_X16/      \_Y26/
 I06  X06    X06  W06    Y16  L16    X16  Y26    Y26
/      \_X06/      \_Y16/      \_X16/      \_Y26/
I06    X06  C06    Y16  Y16         X16    Y26
 \_X06/      \_C06/      \           \_X16/
 I06  X06    H06  C06    Y16
/      \_H06/      \_J06/
I06    H06  F06    C06  J06
 \_H06/      \_C06/      \
 I06  H06    F06  C06    J06
/      \_F06/      \_J06/
I06    H06  F06    J06
 \_O06/      \_J06/
 O06  O06    F06
/      \_F06/
O06    O06
 \_O06/

solution 5 (27,138,833 searches):
00,00,0 00,00,1 00,01,0 00,01,2 01,00,1 01,00,2 O06
01,00,0 01,01,0 02,00,1 02,00,2 02,01,1 02,01,2 F06
02,00,0 03,00,0 03,00,2 03,01,0 04,00,1 04,00,2 J06
02,01,0 02,02,0 02,02,1 03,00,1 03,01,1 03,01,2 C06
03,02,0 03,02,2 04,01,1 04,01,2 04,02,0 04,02,2 Y16
00,01,1 00,02,1 00,02,2 00,03,1 00,03,2 00,04,2 I06
00,02,0 01,01,1 01,01,2 01,02,0 01,02,2 02,02,2 H06
00,04,0 01,04,0 01,04,2 02,03,0 02,03,1 03,02,1 W06
00,03,0 01,02,1 01,03,0 01,03,1 01,03,2 02,03,2 X06
01,05,0 01,05,1 01,06,0 01,06,2 02,04,1 02,04,2 S06
00,06,0 00,06,1 00,07,0 00,07,2 01,06,1 01,07,2 Q16
00,07,1 00,08,1 00,08,2 00,09,0 00,09,1 00,09,2 L16
00,10,0 00,10,2 01,08,1 01,09,0 01,09,1 01,09,2 R06
00,08,0 01,07,0 01,07,1 02,06,1 02,07,1 02,07,2 Y26
01,08,0 01,08,2 02,08,0 02,08,1 02,08,2 03,07,1 L26
02,05,0 02,05,2 03,05,0 03,05,1 03,05,2 04,05,2 H16
02,05,1 02,06,0 02,06,2 03,06,0 03,06,1 03,06,2 S26
02,07,0 03,07,0 03,07,2 04,05,1 04,06,1 04,06,2 V06
04,04,0 04,04,1 05,04,0 05,04,2 06,04,0 06,04,2 L06
09,00,0 09,00,1 09,01,0 09,01,1 10,00,1 10,00,2 Q06
07,01,0 08,00,0 08,00,1 08,00,2 08,01,2 09,00,2 X16
06,02,0 07,02,0 07,02,2 08,01,0 08,01,1 09,01,2 S16
07,03,0 07,03,1 07,03,2 08,02,0 08,02,1 08,02,2 U06
05,03,0 05,03,1 06,03,0 06,03,1 06,03,2 07,02,1 R16
05,02,0 05,02,1 05,03,2 06,01,1 06,02,1 06,02,2 Q26
06,01,0 06,01,2 07,00,0 07,00,1 07,01,1 07,01,2 Y06
05,01,0 05,01,1 05,02,2 06,00,0 06,00,1 07,00,2 M06

  _R06
 R06  R06
/      \_R06
L16    R06  L26
 \_L16/      \_L26
 L16  R06    L26  L26
/      \_L26/      \_V06
L16    L26  Y26    V06  V06
 \_Y26/      \_V06/      \
 L16  Y26    Y26  S26    V06
/      \_Y26/      \_S26/
L16    Q16  Y26    S26  V06
 \_Q16/      \_S26/      \            _L06
 Q16  Q16    S26  H16    H16         L06  U06
/      \_S06/      \_H16/       _L06/      \_U06
Q16    S06  S26    H16  L06    L06  R16    U06  U06
 \_Q16/      \_H16/      \_L06/      \_R16/      \_U06
      S06    H16              R16    R16  R16    U06  Q06
       \_S06/                  \_R16/      \_S16/      \_Q06
            S06                Q26  Q26    S16  S16    S16  Q06
             \                /      \_S16/      \_S16/      \
             S06              Q26    Q26  Y06    X16  Q06    Q06
        _W06/                  \_Q26/      \_X16/      \_Q06/
       W06  W06                M06  Q26    Y06  X16    X16
  _W06/      \_W06        _Y16/      \_Y06/      \_X16/
 I06  X06    X06  W06    Y16  M06    Y06  Y06    X16
/      \_X06/      \_Y16/      \_M06/      \_Y06/
I06    X06  C06    Y16  Y16         M06    M06
 \_X06/      \_C06/      \           \_M06/
 I06  X06    H06  C06    Y16
/      \_H06/      \_J06/
I06    H06  F06    C06  J06
 \_H06/      \_C06/      \
 I06  H06    F06  C06    J06
/      \_F06/      \_J06/
I06    H06  F06    J06
 \_O06/      \_J06/
 O06  O06    F06
/      \_F06/
O06    O06
 \_O06/

solution 6 (27,488,166 searches):
00,00,0 00,00,1 00,01,0 00,01,2 01,00,1 01,00,2 O06
01,00,0 01,01,0 02,00,1 02,00,2 02,01,1 02,01,2 F06
02,00,0 03,00,0 03,00,2 03,01,0 04,00,1 04,00,2 J06
02,01,0 02,02,0 02,02,1 03,00,1 03,01,1 03,01,2 C06
03,02,0 03,02,2 04,01,1 04,01,2 04,02,0 04,02,2 Y16
00,01,1 00,02,1 00,02,2 00,03,1 00,03,2 00,04,2 I06
00,02,0 01,01,1 01,01,2 01,02,0 01,02,2 02,02,2 H06
00,04,0 01,04,0 01,04,2 02,03,0 02,03,1 03,02,1 W06
00,03,0 01,02,1 01,03,0 01,03,1 01,03,2 02,03,2 X06
02,04,1 02,04,2 02,05,0 02,05,2 03,05,1 03,05,2 S16
00,07,0 01,05,0 01,05,1 01,06,0 01,06,1 01,06,2 R16
00,06,0 00,06,1 00,07,1 00,07,2 00,08,0 00,08,2 M06
00,08,1 00,09,0 00,09,1 00,09,2 01,08,1 01,09,2 X16
00,10,0 00,10,2 01,09,0 01,09,1 02,08,0 02,08,1 L06
01,07,0 01,07,2 02,05,1 02,06,1 02,06,2 02,07,2 Y26
01,07,1 01,08,0 01,08,2 02,07,0 02,07,1 02,08,2 R06
02,06,0 03,05,0 03,06,0 03,06,2 04,05,1 04,05,2 Q06
03,06,1 03,07,0 03,07,1 03,07,2 04,06,1 04,06,2 Q26
04,04,0 04,04,1 05,03,1 05,03,2 05,04,0 05,04,2 Y06
08,01,0 09,00,1 09,01,0 09,01,2 10,00,1 10,00,2 Q16
07,00,0 08,00,0 08,00,1 08,00,2 09,00,0 09,00,2 H16
07,03,0 07,03,1 07,03,2 08,02,0 08,02,1 09,01,1 L16
05,03,0 06,02,1 06,03,1 06,03,2 06,04,0 06,04,2 S26
06,03,0 07,02,0 07,02,1 08,01,1 08,01,2 08,02,2 L26
05,01,0 05,01,1 05,02,1 05,02,2 06,01,0 06,01,2 V06
06,00,0 06,00,1 07,00,1 07,00,2 07,01,0 07,01,2 S06
05,02,0 06,01,1 06,02,0 06,02,2 07,01,1 07,02,2 U06

  _L06
 L06  L06
/      \_L06
X16    X16  L06
 \_X16/      \_L06
 X16  X16    R06  Q26
/      \_R06/      \_Q26
X16    R06  R06    Q26  Q26
 \_M06/      \_R06/      \
 M06  R06    Y26  Q26    Q26
/      \_Y26/      \_Q06/
M06    Y26  Y26    Q06  Q06
 \_R16/      \_Q06/      \            _S26
 M06  R16    Y26  S16    Q06         S26  L16
/      \_R16/      \_Q06/       _Y06/      \_L16
M06    R16  Y26    S16  Y06    Y06  S26    L16  L16
 \_M06/      \_S16/      \_Y06/      \_L26/      \_L16
      R16    S16              Y06    S26  L26    L26  L16
       \_R16/                  \_S26/      \_L26/      \_Q16
            S16                Y06  S26    U06  L26    Q16  Q16
             \                /      \_U06/      \_Q16/      \
             S16              V06    U06  U06    L26  Q16    Q16
        _W06/                  \_U06/      \_S06/      \_H16/
       W06  W06                V06  U06    S06  H16    H16
  _W06/      \_W06        _Y16/      \_V06/      \_H16/
 I06  X06    X06  W06    Y16  V06    V06  S06    H16
/      \_X06/      \_Y16/      \_V06/      \_H16/
I06    X06  C06    Y16  Y16         S06    S06
 \_X06/      \_C06/      \           \_S06/
 I06  X06    H06  C06    Y16
/      \_H06/      \_J06/
I06    H06  F06    C06  J06
 \_H06/      \_C06/      \
 I06  H06    F06  C06    J06
/      \_F06/      \_J06/
I06    H06  F06    J06
 \_O06/      \_J06/
 O06  O06    F06
/      \_F06/
O06    O06
 \_O06/

solution 7 (27,567,033 searches):
00,00,0 00,00,1 00,01,0 00,01,2 01,00,1 01,00,2 O06
01,00,0 01,01,0 02,00,1 02,00,2 02,01,1 02,01,2 F06
02,00,0 03,00,0 03,00,2 03,01,0 04,00,1 04,00,2 J06
02,01,0 02,02,0 02,02,1 03,00,1 03,01,1 03,01,2 C06
03,02,0 03,02,2 04,01,1 04,01,2 04,02,0 04,02,2 Y16
00,01,1 00,02,1 00,02,2 00,03,1 00,03,2 00,04,2 I06
00,02,0 01,01,1 01,01,2 01,02,0 01,02,2 02,02,2 H06
00,04,0 01,04,0 01,04,2 02,03,0 02,03,1 03,02,1 W06
00,03,0 01,02,1 01,03,0 01,03,1 01,03,2 02,03,2 X06
01,05,0 01,05,1 01,06,1 01,06,2 02,04,1 02,04,2 S16
00,06,0 00,06,1 00,07,0 00,07,2 01,07,1 01,07,2 S06
00,07,1 00,08,1 00,08,2 00,09,0 00,09,1 00,09,2 L16
00,10,0 00,10,2 01,08,1 01,09,0 01,09,1 01,09,2 R06
00,08,0 01,08,0 01,08,2 02,07,1 02,07,2 02,08,2 Y26
02,08,0 02,08,1 03,07,0 03,07,1 03,07,2 04,06,1 H16
01,06,0 01,07,0 02,05,1 02,06,0 02,06,1 02,06,2 X16
02,05,0 02,05,2 03,05,0 03,05,2 04,05,1 04,05,2 L06
02,07,0 03,05,1 03,06,0 03,06,1 03,06,2 04,06,2 Y06
04,04,0 04,04,1 05,03,1 05,04,0 05,04,2 06,04,2 L26
06,03,0 06,03,1 06,04,0 07,03,0 07,03,1 07,03,2 Q26
05,02,0 05,02,1 05,03,0 05,03,2 06,01,1 06,03,2 V06
05,01,0 05,01,1 05,02,2 06,00,0 06,00,1 07,00,2 M06
06,01,0 06,01,2 07,00,0 07,00,1 07,01,2 08,00,2 R16
06,02,0 06,02,1 06,02,2 07,01,0 07,01,1 08,01,2 S26
07,02,0 07,02,1 07,02,2 08,02,0 08,02,1 08,02,2 U06
08,00,0 08,00,1 08,01,0 08,01,1 09,00,1 09,00,2 Q06
09,00,0 09,01,0 09,01,1 09,01,2 10,00,1 10,00,2 Q16

  _R06
 R06  R06
/      \_R06
L16    R06  H16
 \_L16/      \_H16
 L16  R06    Y26  H16
/      \_Y26/      \_H16
L16    Y26  Y26    H16  H16
 \_Y26/      \_Y06/      \
 L16  S06    Y26  Y06    Y06
/      \_X16/      \_Y06/
L16    S06  X16    Y06  L06
 \_S06/      \_X16/      \            _Q26
 S06  S16    X16  Y06    L06         L26  Q26
/      \_X16/      \_L06/       _L26/      \_Q26
S06    S16  X16    L06  L26    L26  Q26    Q26  U06
 \_S06/      \_L06/      \_L26/      \_Q26/      \_U06
      S16    L06              L26    V06  U06    U06  Q16
       \_S16/                  \_V06/      \_U06/      \_Q16
            S16                V06  S26    U06  Q06    Q16  Q16
             \                /      \_S26/      \_Q06/      \
             S16              V06    S26  S26    S26  Q06    Q16
        _W06/                  \_V06/      \_S26/      \_Q16/
       W06  W06                M06  V06    R16  Q06    Q06
  _W06/      \_W06        _Y16/      \_R16/      \_Q06/
 I06  X06    X06  W06    Y16  M06    R16  R16    R16
/      \_X06/      \_Y16/      \_M06/      \_R16/
I06    X06  C06    Y16  Y16         M06    M06
 \_X06/      \_C06/      \           \_M06/
 I06  X06    H06  C06    Y16
/      \_H06/      \_J06/
I06    H06  F06    C06  J06
 \_H06/      \_C06/      \
 I06  H06    F06  C06    J06
/      \_F06/      \_J06/
I06    H06  F06    J06
 \_O06/      \_J06/
 O06  O06    F06
/      \_F06/
O06    O06
 \_O06/

solution 8 (28,256,674 searches):
00,00,0 00,00,1 00,01,0 00,01,2 01,00,1 01,00,2 O06
01,00,0 01,01,0 02,00,1 02,00,2 02,01,1 02,01,2 F06
02,00,0 03,00,0 03,00,2 03,01,0 04,00,1 04,00,2 J06
02,01,0 02,02,0 02,02,1 03,00,1 03,01,1 03,01,2 C06
03,02,0 03,02,2 04,01,1 04,01,2 04,02,0 04,02,2 Y16
00,01,1 00,02,1 00,02,2 00,03,1 00,03,2 00,04,2 I06
00,02,0 01,01,1 01,01,2 01,02,0 01,02,2 02,02,2 H06
00,04,0 01,04,0 01,04,2 02,03,0 02,03,1 03,02,1 W06
00,03,0 01,02,1 01,03,0 01,03,1 01,03,2 02,03,2 X06
01,05,0 01,05,1 02,04,1 02,04,2 02,05,0 02,05,2 Y06
05,02,1 05,03,0 05,03,2 06,02,0 06,02,1 06,03,2 R06
04,04,0 04,04,1 05,03,1 05,04,0 05,04,2 06,04,2 L26
06,04,0 07,03,0 07,03,1 07,03,2 08,02,0 08,02,1 H16
06,03,0 06,03,1 07,02,0 07,02,1 08,01,1 08,02,2 L16
06,01,0 06,01,1 07,00,1 07,01,1 07,01,2 07,02,2 Y26
05,01,0 05,01,1 05,02,0 05,02,2 06,01,2 06,02,2 Q06
06,00,0 06,00,1 07,00,0 07,00,2 08,00,0 08,00,2 L06
07,01,0 08,00,1 08,01,0 08,01,2 09,00,1 09,01,2 U06
09,00,0 09,00,2 09,01,0 09,01,1 10,00,1 10,00,2 V06
00,09,1 00,10,0 00,10,2 01,09,0 01,09,1 01,09,2 Q16
02,08,0 02,08,1 03,06,0 03,06,1 03,07,1 03,07,2 S16
03,05,0 03,07,0 04,05,1 04,05,2 04,06,1 04,06,2 M06
02,06,0 02,06,1 02,06,2 03,05,1 03,05,2 03,06,2 X16
00,06,0 00,06,1 00,07,2 01,06,0 01,06,2 02,05,1 S06
01,06,1 01,07,0 01,07,2 02,07,0 02,07,1 02,07,2 S26
00,07,0 00,07,1 00,08,0 00,08,1 00,08,2 01,07,1 Q26
00,09,0 00,09,2 01,08,0 01,08,1 01,08,2 02,08,2 R16

  _Q16
 Q16  Q16
/      \_Q16
Q16    Q16  S16
 \_R16/      \_S16
 R16  R16    R16  S16
/      \_R16/      \_M06
Q26    R16  S26    S16  M06
 \_Q26/      \_S26/      \
 Q26  Q26    S26  S16    M06
/      \_S26/      \_S16/
Q26    S26  X16    X16  M06
 \_Q26/      \_X16/      \            _H16
 S06  S26    X16  X16    M06         L26  H16
/      \_S06/      \_M06/       _L26/      \_H16
S06    S06  S06    X16  L26    L26  L16    H16  H16
 \_S06/      \_Y06/      \_L26/      \_L16/      \_H16
      Y06    Y06              L26    R06  L16    L16  V06
       \_Y06/                  \_R06/      \_L16/      \_V06
            Y06                R06  R06    Y26  L16    U06  V06
             \                /      \_R06/      \_U06/      \
             Y06              R06    Q06  Y26    U06  U06    V06
        _W06/                  \_Q06/      \_U06/      \_V06/
       W06  W06                Q06  Y26    Y26  U06    V06
  _W06/      \_W06        _Y16/      \_Y26/      \_L06/
 I06  X06    X06  W06    Y16  Q06    Q06  Y26    L06
/      \_X06/      \_Y16/      \_Q06/      \_L06/
I06    X06  C06    Y16  Y16         L06    L06
 \_X06/      \_C06/      \           \_L06/
 I06  X06    H06  C06    Y16
/      \_H06/      \_J06/
I06    H06  F06    C06  J06
 \_H06/      \_C06/      \
 I06  H06    F06  C06    J06
/      \_F06/      \_J06/
I06    H06  F06    J06
 \_O06/      \_J06/
 O06  O06    F06
/      \_F06/
O06    O06
 \_O06/

solution 9 (28,257,503 searches):
00,00,0 00,00,1 00,01,0 00,01,2 01,00,1 01,00,2 O06
01,00,0 01,01,0 02,00,1 02,00,2 02,01,1 02,01,2 F06
02,00,0 03,00,0 03,00,2 03,01,0 04,00,1 04,00,2 J06
02,01,0 02,02,0 02,02,1 03,00,1 03,01,1 03,01,2 C06
03,02,0 03,02,2 04,01,1 04,01,2 04,02,0 04,02,2 Y16
00,01,1 00,02,1 00,02,2 00,03,1 00,03,2 00,04,2 I06
00,02,0 01,01,1 01,01,2 01,02,0 01,02,2 02,02,2 H06
00,04,0 01,04,0 01,04,2 02,03,0 02,03,1 03,02,1 W06
00,03,0 01,02,1 01,03,0 01,03,1 01,03,2 02,03,2 X06
01,05,0 01,05,1 02,04,1 02,04,2 02,05,0 02,05,2 Y06
05,02,1 05,03,0 05,03,2 06,02,0 06,02,1 06,03,2 R06
04,04,0 04,04,1 05,03,1 05,04,0 05,04,2 06,04,2 L26
06,04,0 07,03,0 07,03,1 08,02,0 08,02,1 08,02,2 L16
06,03,0 06,03,1 07,02,0 07,02,1 07,03,2 08,01,1 H16
06,01,0 06,01,1 07,00,1 07,01,1 07,01,2 07,02,2 Y26
05,01,0 05,01,1 05,02,0 05,02,2 06,01,2 06,02,2 Q06
06,00,0 06,00,1 07,00,0 07,00,2 08,00,0 08,00,2 L06
07,01,0 08,00,1 08,01,0 08,01,2 09,00,1 09,01,2 U06
09,00,0 09,00,2 09,01,0 09,01,1 10,00,1 10,00,2 V06
00,09,1 00,10,0 00,10,2 01,09,0 01,09,1 01,09,2 Q16
02,08,0 02,08,1 03,06,0 03,06,1 03,07,1 03,07,2 S16
03,05,0 03,07,0 04,05,1 04,05,2 04,06,1 04,06,2 M06
02,06,0 02,06,1 02,06,2 03,05,1 03,05,2 03,06,2 X16
00,06,0 00,06,1 00,07,2 01,06,0 01,06,2 02,05,1 S06
01,06,1 01,07,0 01,07,2 02,07,0 02,07,1 02,07,2 S26
00,07,0 00,07,1 00,08,0 00,08,1 00,08,2 01,07,1 Q26
00,09,0 00,09,2 01,08,0 01,08,1 01,08,2 02,08,2 R16

  _Q16
 Q16  Q16
/      \_Q16
Q16    Q16  S16
 \_R16/      \_S16
 R16  R16    R16  S16
/      \_R16/      \_M06
Q26    R16  S26    S16  M06
 \_Q26/      \_S26/      \
 Q26  Q26    S26  S16    M06
/      \_S26/      \_S16/
Q26    S26  X16    X16  M06
 \_Q26/      \_X16/      \            _L16
 S06  S26    X16  X16    M06         L26  L16
/      \_S06/      \_M06/       _L26/      \_L16
S06    S06  S06    X16  L26    L26  H16    H16  L16
 \_S06/      \_Y06/      \_L26/      \_H16/      \_L16
      Y06    Y06              L26    R06  H16    L16  V06
       \_Y06/                  \_R06/      \_H16/      \_V06
            Y06                R06  R06    Y26  H16    U06  V06
             \                /      \_R06/      \_U06/      \
             Y06              R06    Q06  Y26    U06  U06    V06
        _W06/                  \_Q06/      \_U06/      \_V06/
       W06  W06                Q06  Y26    Y26  U06    V06
  _W06/      \_W06        _Y16/      \_Y26/      \_L06/
 I06  X06    X06  W06    Y16  Q06    Q06  Y26    L06
/      \_X06/      \_Y16/      \_Q06/      \_L06/
I06    X06  C06    Y16  Y16         L06    L06
 \_X06/      \_C06/      \           \_L06/
 I06  X06    H06  C06    Y16
/      \_H06/      \_J06/
I06    H06  F06    C06  J06
 \_H06/      \_C06/      \
 I06  H06    F06  C06    J06
/      \_F06/      \_J06/
I06    H06  F06    J06
 \_O06/      \_J06/
 O06  O06    F06
/      \_F06/
O06    O06
 \_O06/

solution 10 (28,762,027 searches):
00,00,0 00,00,1 00,01,0 00,01,2 01,00,1 01,00,2 O06
01,00,0 01,01,0 02,00,1 02,00,2 02,01,1 02,01,2 F06
02,00,0 03,00,0 03,00,2 03,01,0 04,00,1 04,00,2 J06
02,01,0 02,02,0 02,02,1 03,00,1 03,01,1 03,01,2 C06
03,02,0 03,02,2 04,01,1 04,01,2 04,02,0 04,02,2 Y16
00,01,1 00,02,1 00,02,2 00,03,1 00,03,2 00,04,2 I06
00,02,0 01,01,1 01,01,2 01,02,0 01,02,2 02,02,2 H06
00,04,0 01,04,0 01,04,2 02,03,0 02,03,1 03,02,1 W06
00,03,0 01,02,1 01,03,0 01,03,1 01,03,2 02,03,2 X06
01,05,0 01,05,1 02,04,1 02,04,2 02,05,0 02,05,2 Y06
00,10,0 00,10,2 01,08,1 01,09,0 01,09,1 01,09,2 R06
00,07,1 00,08,1 00,08,2 00,09,0 00,09,1 00,09,2 L16
00,06,0 00,06,1 00,07,0 00,07,2 01,06,2 01,07,2 Q06
01,06,0 01,06,1 02,05,1 02,06,0 02,06,1 02,06,2 X16
00,08,0 01,07,0 01,07,1 01,08,0 01,08,2 02,08,2 Y26
02,08,0 02,08,1 03,07,0 03,07,1 03,07,2 04,06,1 H16
02,07,0 02,07,1 02,07,2 03,06,0 03,06,1 04,06,2 S26
03,05,0 03,05,1 03,05,2 03,06,2 04,05,1 04,05,2 Q26
04,04,0 04,04,1 05,02,0 05,02,1 05,03,1 05,03,2 S16
05,01,0 05,01,1 05,02,2 06,00,0 06,00,1 07,00,2 M06
05,04,0 05,04,2 06,03,0 06,03,1 06,03,2 07,03,2 R16
06,04,0 06,04,2 07,03,0 07,03,1 08,02,0 08,02,1 L06
05,03,0 06,01,1 06,01,2 06,02,0 06,02,1 06,02,2 L26
06,01,0 07,00,0 07,00,1 08,00,1 08,00,2 08,01,2 V06
07,01,0 07,01,1 07,01,2 07,02,0 07,02,1 07,02,2 U06
08,00,0 08,01,0 08,01,1 08,02,2 09,00,1 09,00,2 S06
09,00,0 09,01,0 09,01,1 09,01,2 10,00,1 10,00,2 Q16

  _R06
 R06  R06
/      \_R06
L16    R06  H16
 \_L16/      \_H16
 L16  R06    Y26  H16
/      \_Y26/      \_H16
L16    Y26  S26    H16  H16
 \_Y26/      \_S26/      \
 L16  Y26    S26  S26    S26
/      \_Y26/      \_S26/
L16    Q06  X16    Q26  Q26
 \_Q06/      \_X16/      \            _L06
 Q06  X16    X16  Q26    Q26         L06  L06
/      \_X16/      \_Q26/       _R16/      \_L06
Q06    Q06  X16    Q26  S16    R16  R16    R16  L06
 \_Q06/      \_Y06/      \_S16/      \_R16/      \_L06
      Y06    Y06              S16    R16  U06    S06  Q16
       \_Y06/                  \_L26/      \_U06/      \_Q16
            Y06                S16  L26    U06  S06    Q16  Q16
             \                /      \_L26/      \_S06/      \
             Y06              S16    L26  U06    V06  S06    Q16
        _W06/                  \_S16/      \_U06/      \_Q16/
       W06  W06                M06  L26    U06  V06    S06
  _W06/      \_W06        _Y16/      \_V06/      \_S06/
 I06  X06    X06  W06    Y16  M06    L26  V06    V06
/      \_X06/      \_Y16/      \_M06/      \_V06/
I06    X06  C06    Y16  Y16         M06    M06
 \_X06/      \_C06/      \           \_M06/
 I06  X06    H06  C06    Y16
/      \_H06/      \_J06/
I06    H06  F06    C06  J06
 \_H06/      \_C06/      \
 I06  H06    F06  C06    J06
/      \_F06/      \_J06/
I06    H06  F06    J06
 \_O06/      \_J06/
 O06  O06    F06
/      \_F06/
O06    O06
 \_O06/

User-requested solution limit reached.
10 solutions, 28,762,027 searches, duration 0:06:13.474809
