solving HexatwigsTrefoil4:

solution 1 (1,282,425,869 searches):
06,00,0 06,00,1 06,01,0 06,01,2 07,00,1 07,00,2 O06
07,00,0 08,00,0 08,00,1 08,00,2 09,00,1 09,00,2 F06
08,01,0 08,01,1 09,01,1 09,01,2 09,02,1 09,02,2 J06
06,02,0 06,02,1 07,01,0 07,01,1 07,01,2 08,01,2 L26
06,04,0 07,03,0 07,03,1 08,02,1 08,03,0 08,03,2 H06
07,02,0 07,02,1 07,02,2 07,03,2 08,02,0 08,02,2 Y26
06,05,0 06,05,1 06,05,2 06,06,2 07,04,1 07,04,2 R16
05,07,0 06,06,0 06,06,1 06,07,0 07,06,1 07,06,2 Q06
04,09,0 04,09,2 05,08,0 05,08,1 06,07,1 06,07,2 M06
04,02,0 04,02,1 05,02,0 05,02,2 06,01,1 06,02,2 S26
02,08,0 02,08,1 02,09,0 02,09,2 03,07,1 03,07,2 S06
03,08,0 03,08,1 03,08,2 03,09,0 03,09,2 04,08,1 Q16
04,07,1 04,08,0 04,08,2 05,07,1 05,07,2 05,08,2 Q26
03,07,0 04,07,0 04,07,2 05,06,0 05,06,1 05,06,2 C06
02,02,0 03,02,1 03,02,2 03,03,0 03,03,2 04,03,2 S16
00,06,1 00,06,2 00,07,0 00,07,2 01,06,0 01,06,1 V06
00,04,0 00,04,1 00,05,1 00,05,2 01,03,0 01,03,1 W06
01,04,0 01,04,2 02,02,1 02,03,0 02,03,1 02,03,2 R06
02,05,1 02,05,2 02,06,0 02,06,1 02,06,2 02,07,2 H16
00,05,0 00,06,0 01,04,1 01,05,1 01,05,2 01,06,2 U06
01,05,0 02,04,0 02,04,1 02,04,2 03,03,1 03,04,2 X06
02,07,0 03,05,1 03,06,0 03,06,1 03,06,2 04,06,2 Y06
04,06,0 04,06,1 05,05,0 05,05,1 06,04,1 06,04,2 L06
02,05,0 03,04,0 03,04,1 04,03,0 04,03,1 05,02,1 I06
04,05,0 05,04,0 05,04,1 05,05,2 06,03,0 06,03,1 L16
03,05,0 03,05,2 04,04,1 04,04,2 04,05,1 04,05,2 Y16
04,04,0 05,03,0 05,03,1 05,03,2 05,04,2 06,03,2 X16

                          _M06
                         M06  M06
                    _Q16/      \_M06
                   Q16  Q16    Q26  M06
              _S06/      \_Q26/      \_Q06
             S06  Q16    Q26  Q26    M06  Q06
            /      \_Q16/      \_Q06/      \
            S06    Q16  Q26    Q26  Q06    Q06
             \_S06/      \_C06/      \_Q06/
                  S06    C06  C06    R16
                   \_C06/      \_C06/
                   S06  L06    C06  R16
              _Y06/      \_L06/      \_R16
             H16  Y06    Y06  L06    R16  R16
            /      \_Y06/      \_L06/      \
            H16    Y06  Y16    L16  L06    R16
  _V06       \_H16/      \_L16/      \_H06/       _H06
 V06  V06    H16  Y06    Y16  L16    L06  H06    H06  J06
/      \_V06/      \_Y16/      \_L16/      \_H06/      \
V06    U06  H16    Y16  Y16    X16  L16    Y26  H06    J06
 \_U06/      \_I06/      \_X16/      \_L16/      \_Y26/
 V06  U06    H16  I06    Y16  X16    X16  Y26    Y26  J06
/      \_X06/      \_I06/      \_X16/      \_Y26/      \
W06    U06  X06    X06  I06    X16  L26    Y26  J06    J06
 \_U06/      \_X06/      \_I06/      \_L26/      \_J06/
 W06  U06    X06  X06    S16  I06    S26  L26    L26  F06
/      \_R06/      \_S16/      \_S26/      \_L26/      \
W06    R06  R06    S16  S26    S26  S26    L26  F06    F06
 \_W06/      \_R06/      \_S26/      \_O06/      \_F06/
      W06    R06  S16                O06  O06    F06
       \_W06/      \                /      \_F06/
            R06    S16              O06    O06
             \_S16/                  \_O06/

Session interrupted by user.
