solving HexatwigsX1:

solution 1 (452,637 searches):
05,4,0 05,4,1 05,5,0 05,5,2 06,4,1 06,4,2 O06
09,0,0 10,0,0 10,0,1 10,0,2 11,0,1 11,0,2 F06
08,2,0 09,1,0 09,1,1 09,2,2 10,1,0 10,1,2 C06
07,4,0 08,3,0 08,3,1 09,2,0 09,2,1 10,1,1 I06
07,1,0 07,1,1 08,0,0 08,0,1 09,0,1 09,0,2 J06
07,2,0 07,2,1 08,1,0 08,1,1 08,1,2 09,1,2 L26
07,3,0 07,3,1 07,4,2 08,2,1 08,2,2 08,3,2 R16
05,2,1 05,3,0 05,3,2 06,3,0 06,3,2 07,3,2 L06
06,1,0 06,1,1 06,2,0 06,2,1 06,2,2 07,2,2 R06
05,0,0 06,0,0 06,0,2 07,0,1 07,0,2 07,1,2 W06
04,3,0 04,3,1 04,4,0 04,4,1 04,4,2 05,3,1 Q26
04,2,0 04,2,1 04,2,2 04,3,2 05,2,0 05,2,2 Y26
04,1,0 05,1,0 05,1,1 05,1,2 06,0,1 06,1,2 X06
04,0,0 04,0,1 04,1,1 04,1,2 05,0,1 05,0,2 Q06
05,6,0 05,6,1 06,5,0 06,5,1 06,6,2 07,4,1 H16
05,7,0 06,6,0 06,6,1 06,7,2 07,5,1 07,5,2 S26
06,8,0 07,6,1 07,6,2 07,7,1 07,7,2 07,8,2 L16
05,8,1 05,9,0 05,9,2 06,9,0 06,9,2 07,8,1 M06
05,8,0 05,8,2 06,7,0 06,7,1 06,8,1 06,8,2 Y06
03,8,0 03,8,1 04,8,1 04,8,2 04,9,0 04,9,2 S06
04,7,0 04,7,1 04,7,2 04,8,0 05,7,1 05,7,2 Q16
01,9,0 02,8,0 02,8,1 02,8,2 02,9,0 02,9,2 X16
00,8,0 00,8,1 00,9,0 00,9,2 01,7,1 01,9,2 V06
01,8,0 01,8,1 01,8,2 02,7,0 02,7,1 02,7,2 U06
01,7,0 02,6,0 02,6,1 03,5,1 03,6,0 03,6,2 H06
03,6,1 03,7,0 03,7,1 03,7,2 03,8,2 04,6,1 Y16
03,5,0 04,5,1 04,5,2 04,6,0 04,6,2 05,6,2 S16

                                      _M06
                                     M06  M06
                                _M06/      \
                               M06  Y06    L16
                          _S06/      \_L16/
                         S06  M06    Y06  L16
                        /      \_Y06/      \
                        S06    Y06  Y06    L16
              _X16       \_Q16/      \_Y06/
             X16  S06    S06  Q16    S26  L16
        _X16/      \_S06/      \_S26/      \
       V06  X16    Y16  Q16    Q16  S26    L16
  _V06/      \_X16/      \_Q16/      \_S26/
 V06  U06    X16  Y16    Q16  H16    H16  S26
/      \_U06/      \_Y16/      \_H16/      \
V06    U06  U06    Y16  Y16    S16  H16    S26
 \_V06/      \_U06/      \_S16/      \_H16/
      V06    U06  Y16    S16              H16
       \_H06/      \_H06/       _O06       \_I06
            H06    H06  S16    O06  O06    R16  I06
             \_H06/      \    /      \    /      \_I06
                  H06    S16  O06    O06  R16    R16  I06
                   \_S16/      \_O06/      \_R16/      \_I06
                        Q26                L06  R16    C06  I06
                         \_Q26        _L06/      \_C06/      \_C06
                         Q26  Q26    L06  L26    R16  C06    C06  F06
                        /      \_L06/      \_L26/      \_C06/      \
                        Q26    L06  R06    R06  L26    L26  F06    F06
                         \_Q26/      \_R06/      \_L26/      \_F06/
                         Y26  L06    R06  J06    L26  J06    F06
                        /      \_Y26/      \_J06/      \_F06/
                        Y26    Y26  R06    W06  J06    J06
                         \_Y26/      \_R06/      \_J06/
                         Y26  X06    X06  W06
                        /      \_X06/      \
                        Q06    X06  X06    W06
                         \_X06/      \_W06/
                         Q06  Q06    W06
                        /      \_W06/
                        Q06    Q06
                         \_Q06/

solution 2 (453,523 searches):
05,4,0 05,4,1 05,5,0 05,5,2 06,4,1 06,4,2 O06
09,0,0 10,0,0 10,0,1 10,0,2 11,0,1 11,0,2 F06
08,2,0 09,1,0 09,1,1 09,2,2 10,1,0 10,1,2 C06
07,4,0 08,3,0 08,3,1 09,2,0 09,2,1 10,1,1 I06
07,1,0 07,1,1 08,0,0 08,0,1 09,0,1 09,0,2 J06
07,2,0 07,2,1 08,1,0 08,1,1 08,1,2 09,1,2 L26
07,3,0 07,3,1 07,4,2 08,2,1 08,2,2 08,3,2 R16
05,2,1 05,3,0 05,3,2 06,3,0 06,3,2 07,3,2 L06
06,1,0 06,1,1 06,2,0 06,2,1 06,2,2 07,2,2 R06
05,0,0 06,0,0 06,0,2 07,0,1 07,0,2 07,1,2 W06
04,3,0 04,3,1 04,4,0 04,4,1 04,4,2 05,3,1 Q26
04,2,0 04,2,1 04,2,2 04,3,2 05,2,0 05,2,2 Y26
04,1,0 05,1,0 05,1,1 05,1,2 06,0,1 06,1,2 X06
04,0,0 04,0,1 04,1,1 04,1,2 05,0,1 05,0,2 Q06
05,6,0 05,6,1 06,5,0 06,5,1 06,6,2 07,4,1 H16
06,6,0 06,6,1 07,5,1 07,5,2 07,6,1 07,6,2 Y16
03,5,0 04,5,1 04,5,2 04,6,0 04,6,2 05,6,2 S16
06,7,0 06,9,0 07,7,1 07,7,2 07,8,1 07,8,2 M06
00,8,0 00,8,1 00,9,0 00,9,2 01,8,1 01,9,2 Q16
01,7,1 01,8,0 01,8,2 02,8,0 02,8,1 02,8,2 S26
01,9,0 02,9,0 02,9,2 03,7,1 03,8,1 03,8,2 V06
03,8,0 04,6,1 04,7,0 04,7,1 04,7,2 05,7,2 Y06
02,7,0 03,6,0 03,6,1 03,6,2 03,7,0 03,7,2 X16
01,7,0 02,6,0 02,6,1 02,7,1 02,7,2 03,5,1 H06
04,8,0 04,8,1 04,8,2 05,8,0 05,8,1 05,8,2 U06
05,7,0 05,7,1 06,7,1 06,7,2 06,8,0 06,8,2 S06
04,9,0 04,9,2 05,9,0 05,9,2 06,8,1 06,9,2 L16

                                      _M06
                                     L16  M06
                                _L16/      \
                               L16  L16    M06
                          _L16/      \_S06/
                         L16  U06    S06  M06
                        /      \_U06/      \
                        U06    U06  S06    M06
              _V06       \_U06/      \_M06/
             V06  V06    U06  S06    S06  Y16
        _V06/      \_Y06/      \_S06/      \
       Q16  S26    V06  Y06    Y06  Y16    Y16
  _Q16/      \_S26/      \_Y06/      \_Y16/
 Q16  Q16    S26  V06    Y06  H16    H16  Y16
/      \_S26/      \_X16/      \_H16/      \
Q16    S26  H06    X16  Y06    S16  H16    Y16
 \_Q16/      \_X16/      \_S16/      \_H16/
      S26    H06  X16    S16              H16
       \_H06/      \_X16/       _O06       \_I06
            H06    X16  S16    O06  O06    R16  I06
             \_H06/      \    /      \    /      \_I06
                  H06    S16  O06    O06  R16    R16  I06
                   \_S16/      \_O06/      \_R16/      \_I06
                        Q26                L06  R16    C06  I06
                         \_Q26        _L06/      \_C06/      \_C06
                         Q26  Q26    L06  L26    R16  C06    C06  F06
                        /      \_L06/      \_L26/      \_C06/      \
                        Q26    L06  R06    R06  L26    L26  F06    F06
                         \_Q26/      \_R06/      \_L26/      \_F06/
                         Y26  L06    R06  J06    L26  J06    F06
                        /      \_Y26/      \_J06/      \_F06/
                        Y26    Y26  R06    W06  J06    J06
                         \_Y26/      \_R06/      \_J06/
                         Y26  X06    X06  W06
                        /      \_X06/      \
                        Q06    X06  X06    W06
                         \_X06/      \_W06/
                         Q06  Q06    W06
                        /      \_W06/
                        Q06    Q06
                         \_Q06/

solution 3 (453,734 searches):
05,4,0 05,4,1 05,5,0 05,5,2 06,4,1 06,4,2 O06
09,0,0 10,0,0 10,0,1 10,0,2 11,0,1 11,0,2 F06
08,2,0 09,1,0 09,1,1 09,2,2 10,1,0 10,1,2 C06
07,4,0 08,3,0 08,3,1 09,2,0 09,2,1 10,1,1 I06
07,1,0 07,1,1 08,0,0 08,0,1 09,0,1 09,0,2 J06
07,2,0 07,2,1 08,1,0 08,1,1 08,1,2 09,1,2 L26
07,3,0 07,3,1 07,4,2 08,2,1 08,2,2 08,3,2 R16
05,2,1 05,3,0 05,3,2 06,3,0 06,3,2 07,3,2 L06
06,1,0 06,1,1 06,2,0 06,2,1 06,2,2 07,2,2 R06
05,0,0 06,0,0 06,0,2 07,0,1 07,0,2 07,1,2 W06
04,3,0 04,3,1 04,4,0 04,4,1 04,4,2 05,3,1 Q26
04,2,0 04,2,1 04,2,2 04,3,2 05,2,0 05,2,2 Y26
04,1,0 05,1,0 05,1,1 05,1,2 06,0,1 06,1,2 X06
04,0,0 04,0,1 04,1,1 04,1,2 05,0,1 05,0,2 Q06
05,6,0 05,6,1 06,5,0 06,5,1 06,6,2 07,4,1 H16
06,6,0 06,6,1 07,5,1 07,5,2 07,6,1 07,6,2 Y16
03,5,0 04,5,1 04,5,2 04,6,0 04,6,2 05,6,2 S16
06,7,0 06,9,0 07,7,1 07,7,2 07,8,1 07,8,2 M06
00,8,0 00,8,1 00,9,0 00,9,2 01,7,1 01,9,2 V06
04,9,0 04,9,2 05,9,0 05,9,2 06,8,1 06,9,2 L16
05,7,0 05,7,1 06,7,1 06,7,2 06,8,0 06,8,2 S06
04,8,0 04,8,1 04,8,2 05,8,0 05,8,1 05,8,2 U06
03,8,0 04,6,1 04,7,0 04,7,1 04,7,2 05,7,2 Y06
01,9,0 02,8,1 02,9,0 02,9,2 03,8,1 03,8,2 Q16
01,8,0 01,8,1 01,8,2 02,8,0 02,8,2 03,7,1 S26
02,7,0 03,6,0 03,6,1 03,6,2 03,7,0 03,7,2 X16
01,7,0 02,6,0 02,6,1 02,7,1 02,7,2 03,5,1 H06

                                      _M06
                                     L16  M06
                                _L16/      \
                               L16  L16    M06
                          _L16/      \_S06/
                         L16  U06    S06  M06
                        /      \_U06/      \
                        U06    U06  S06    M06
              _Q16       \_U06/      \_M06/
             Q16  Q16    U06  S06    S06  Y16
        _Q16/      \_Y06/      \_S06/      \
       V06  Q16    Q16  Y06    Y06  Y16    Y16
  _V06/      \_S26/      \_Y06/      \_Y16/
 V06  S26    S26  S26    Y06  H16    H16  Y16
/      \_S26/      \_X16/      \_H16/      \
V06    S26  H06    X16  Y06    S16  H16    Y16
 \_V06/      \_X16/      \_S16/      \_H16/
      V06    H06  X16    S16              H16
       \_H06/      \_X16/       _O06       \_I06
            H06    X16  S16    O06  O06    R16  I06
             \_H06/      \    /      \    /      \_I06
                  H06    S16  O06    O06  R16    R16  I06
                   \_S16/      \_O06/      \_R16/      \_I06
                        Q26                L06  R16    C06  I06
                         \_Q26        _L06/      \_C06/      \_C06
                         Q26  Q26    L06  L26    R16  C06    C06  F06
                        /      \_L06/      \_L26/      \_C06/      \
                        Q26    L06  R06    R06  L26    L26  F06    F06
                         \_Q26/      \_R06/      \_L26/      \_F06/
                         Y26  L06    R06  J06    L26  J06    F06
                        /      \_Y26/      \_J06/      \_F06/
                        Y26    Y26  R06    W06  J06    J06
                         \_Y26/      \_R06/      \_J06/
                         Y26  X06    X06  W06
                        /      \_X06/      \
                        Q06    X06  X06    W06
                         \_X06/      \_W06/
                         Q06  Q06    W06
                        /      \_W06/
                        Q06    Q06
                         \_Q06/

solution 4 (454,043 searches):
05,4,0 05,4,1 05,5,0 05,5,2 06,4,1 06,4,2 O06
09,0,0 10,0,0 10,0,1 10,0,2 11,0,1 11,0,2 F06
08,2,0 09,1,0 09,1,1 09,2,2 10,1,0 10,1,2 C06
07,4,0 08,3,0 08,3,1 09,2,0 09,2,1 10,1,1 I06
07,1,0 07,1,1 08,0,0 08,0,1 09,0,1 09,0,2 J06
07,2,0 07,2,1 08,1,0 08,1,1 08,1,2 09,1,2 L26
07,3,0 07,3,1 07,4,2 08,2,1 08,2,2 08,3,2 R16
05,2,1 05,3,0 05,3,2 06,3,0 06,3,2 07,3,2 L06
06,1,0 06,1,1 06,2,0 06,2,1 06,2,2 07,2,2 R06
05,0,0 06,0,0 06,0,2 07,0,1 07,0,2 07,1,2 W06
04,3,0 04,3,1 04,4,0 04,4,1 04,4,2 05,3,1 Q26
04,2,0 04,2,1 04,2,2 04,3,2 05,2,0 05,2,2 Y26
04,1,0 05,1,0 05,1,1 05,1,2 06,0,1 06,1,2 X06
04,0,0 04,0,1 04,1,1 04,1,2 05,0,1 05,0,2 Q06
05,6,0 05,6,1 06,5,0 06,5,1 06,6,2 07,4,1 H16
06,6,0 06,6,1 07,5,1 07,5,2 07,6,1 07,6,2 Y16
03,5,0 04,5,1 04,5,2 04,6,0 04,6,2 05,6,2 S16
06,7,1 06,8,0 06,8,2 06,9,0 07,8,1 07,8,2 S06
05,7,0 05,7,1 06,7,0 06,7,2 07,7,1 07,7,2 M06
04,9,0 04,9,2 05,9,0 05,9,2 06,8,1 06,9,2 L16
04,8,0 04,8,1 04,8,2 05,8,0 05,8,1 05,8,2 U06
03,8,0 04,6,1 04,7,0 04,7,1 04,7,2 05,7,2 Y06
00,8,0 00,8,1 00,9,0 00,9,2 01,8,1 01,9,2 Q16
01,7,1 01,8,0 01,8,2 02,8,0 02,8,1 02,8,2 S26
01,9,0 02,9,0 02,9,2 03,7,1 03,8,1 03,8,2 V06
02,7,0 03,6,0 03,6,1 03,6,2 03,7,0 03,7,2 X16
01,7,0 02,6,0 02,6,1 02,7,1 02,7,2 03,5,1 H06

                                      _S06
                                     L16  S06
                                _L16/      \
                               L16  L16    S06
                          _L16/      \_S06/
                         L16  U06    S06  M06
                        /      \_U06/      \
                        U06    U06  S06    M06
              _V06       \_U06/      \_M06/
             V06  V06    U06  M06    M06  Y16
        _V06/      \_Y06/      \_M06/      \
       Q16  S26    V06  Y06    Y06  Y16    Y16
  _Q16/      \_S26/      \_Y06/      \_Y16/
 Q16  Q16    S26  V06    Y06  H16    H16  Y16
/      \_S26/      \_X16/      \_H16/      \
Q16    S26  H06    X16  Y06    S16  H16    Y16
 \_Q16/      \_X16/      \_S16/      \_H16/
      S26    H06  X16    S16              H16
       \_H06/      \_X16/       _O06       \_I06
            H06    X16  S16    O06  O06    R16  I06
             \_H06/      \    /      \    /      \_I06
                  H06    S16  O06    O06  R16    R16  I06
                   \_S16/      \_O06/      \_R16/      \_I06
                        Q26                L06  R16    C06  I06
                         \_Q26        _L06/      \_C06/      \_C06
                         Q26  Q26    L06  L26    R16  C06    C06  F06
                        /      \_L06/      \_L26/      \_C06/      \
                        Q26    L06  R06    R06  L26    L26  F06    F06
                         \_Q26/      \_R06/      \_L26/      \_F06/
                         Y26  L06    R06  J06    L26  J06    F06
                        /      \_Y26/      \_J06/      \_F06/
                        Y26    Y26  R06    W06  J06    J06
                         \_Y26/      \_R06/      \_J06/
                         Y26  X06    X06  W06
                        /      \_X06/      \
                        Q06    X06  X06    W06
                         \_X06/      \_W06/
                         Q06  Q06    W06
                        /      \_W06/
                        Q06    Q06
                         \_Q06/

solution 5 (454,080 searches):
05,4,0 05,4,1 05,5,0 05,5,2 06,4,1 06,4,2 O06
09,0,0 10,0,0 10,0,1 10,0,2 11,0,1 11,0,2 F06
08,2,0 09,1,0 09,1,1 09,2,2 10,1,0 10,1,2 C06
07,4,0 08,3,0 08,3,1 09,2,0 09,2,1 10,1,1 I06
07,1,0 07,1,1 08,0,0 08,0,1 09,0,1 09,0,2 J06
07,2,0 07,2,1 08,1,0 08,1,1 08,1,2 09,1,2 L26
07,3,0 07,3,1 07,4,2 08,2,1 08,2,2 08,3,2 R16
05,2,1 05,3,0 05,3,2 06,3,0 06,3,2 07,3,2 L06
06,1,0 06,1,1 06,2,0 06,2,1 06,2,2 07,2,2 R06
05,0,0 06,0,0 06,0,2 07,0,1 07,0,2 07,1,2 W06
04,3,0 04,3,1 04,4,0 04,4,1 04,4,2 05,3,1 Q26
04,2,0 04,2,1 04,2,2 04,3,2 05,2,0 05,2,2 Y26
04,1,0 05,1,0 05,1,1 05,1,2 06,0,1 06,1,2 X06
04,0,0 04,0,1 04,1,1 04,1,2 05,0,1 05,0,2 Q06
05,6,0 05,6,1 06,5,0 06,5,1 06,6,2 07,4,1 H16
06,6,0 06,6,1 07,5,1 07,5,2 07,6,1 07,6,2 Y16
03,5,0 04,5,1 04,5,2 04,6,0 04,6,2 05,6,2 S16
06,7,1 06,8,0 06,8,2 06,9,0 07,8,1 07,8,2 S06
05,7,0 05,7,1 06,7,0 06,7,2 07,7,1 07,7,2 M06
04,9,0 04,9,2 05,9,0 05,9,2 06,8,1 06,9,2 L16
04,8,0 04,8,1 04,8,2 05,8,0 05,8,1 05,8,2 U06
03,8,0 04,6,1 04,7,0 04,7,1 04,7,2 05,7,2 Y06
00,8,0 00,8,1 00,9,0 00,9,2 01,7,1 01,9,2 V06
01,9,0 02,8,1 02,9,0 02,9,2 03,8,1 03,8,2 Q16
01,8,0 01,8,1 01,8,2 02,8,0 02,8,2 03,7,1 S26
02,7,0 03,6,0 03,6,1 03,6,2 03,7,0 03,7,2 X16
01,7,0 02,6,0 02,6,1 02,7,1 02,7,2 03,5,1 H06

                                      _S06
                                     L16  S06
                                _L16/      \
                               L16  L16    S06
                          _L16/      \_S06/
                         L16  U06    S06  M06
                        /      \_U06/      \
                        U06    U06  S06    M06
              _Q16       \_U06/      \_M06/
             Q16  Q16    U06  M06    M06  Y16
        _Q16/      \_Y06/      \_M06/      \
       V06  Q16    Q16  Y06    Y06  Y16    Y16
  _V06/      \_S26/      \_Y06/      \_Y16/
 V06  S26    S26  S26    Y06  H16    H16  Y16
/      \_S26/      \_X16/      \_H16/      \
V06    S26  H06    X16  Y06    S16  H16    Y16
 \_V06/      \_X16/      \_S16/      \_H16/
      V06    H06  X16    S16              H16
       \_H06/      \_X16/       _O06       \_I06
            H06    X16  S16    O06  O06    R16  I06
             \_H06/      \    /      \    /      \_I06
                  H06    S16  O06    O06  R16    R16  I06
                   \_S16/      \_O06/      \_R16/      \_I06
                        Q26                L06  R16    C06  I06
                         \_Q26        _L06/      \_C06/      \_C06
                         Q26  Q26    L06  L26    R16  C06    C06  F06
                        /      \_L06/      \_L26/      \_C06/      \
                        Q26    L06  R06    R06  L26    L26  F06    F06
                         \_Q26/      \_R06/      \_L26/      \_F06/
                         Y26  L06    R06  J06    L26  J06    F06
                        /      \_Y26/      \_J06/      \_F06/
                        Y26    Y26  R06    W06  J06    J06
                         \_Y26/      \_R06/      \_J06/
                         Y26  X06    X06  W06
                        /      \_X06/      \
                        Q06    X06  X06    W06
                         \_X06/      \_W06/
                         Q06  Q06    W06
                        /      \_W06/
                        Q06    Q06
                         \_Q06/

solution 6 (465,115 searches):
05,4,0 05,4,1 05,5,0 05,5,2 06,4,1 06,4,2 O06
09,0,0 10,0,0 10,0,1 10,0,2 11,0,1 11,0,2 F06
08,2,0 09,1,0 09,1,1 09,2,2 10,1,0 10,1,2 C06
07,4,0 08,3,0 08,3,1 09,2,0 09,2,1 10,1,1 I06
07,1,0 07,1,1 08,0,0 08,0,1 09,0,1 09,0,2 J06
07,2,0 07,2,1 08,1,0 08,1,1 08,1,2 09,1,2 L26
07,3,0 07,3,1 07,4,2 08,2,1 08,2,2 08,3,2 R16
05,2,1 05,3,0 05,3,2 06,3,0 06,3,2 07,3,2 L06
06,1,0 06,1,1 06,2,0 06,2,1 06,2,2 07,2,2 R06
05,0,0 06,0,0 06,0,2 07,0,1 07,0,2 07,1,2 W06
04,3,0 04,3,1 04,4,0 04,4,1 04,4,2 05,3,1 Q26
04,2,0 04,2,1 04,2,2 04,3,2 05,2,0 05,2,2 Y26
04,1,0 05,1,0 05,1,1 05,1,2 06,0,1 06,1,2 X06
04,0,0 04,0,1 04,1,1 04,1,2 05,0,1 05,0,2 Q06
06,6,0 07,4,1 07,5,1 07,5,2 07,6,1 07,6,2 H16
05,6,0 05,6,1 06,5,0 06,5,1 06,6,1 06,6,2 Y16
03,5,0 04,5,1 04,5,2 04,6,0 04,6,2 05,6,2 S16
06,7,0 06,9,0 07,7,1 07,7,2 07,8,1 07,8,2 M06
00,8,0 00,8,1 00,9,0 00,9,2 01,8,1 01,9,2 Q16
01,7,1 01,8,0 01,8,2 02,8,0 02,8,1 02,8,2 S26
01,9,0 02,9,0 02,9,2 03,7,1 03,8,1 03,8,2 V06
03,8,0 04,6,1 04,7,0 04,7,1 04,7,2 05,7,2 Y06
02,7,0 03,6,0 03,6,1 03,6,2 03,7,0 03,7,2 X16
01,7,0 02,6,0 02,6,1 02,7,1 02,7,2 03,5,1 H06
04,8,0 04,8,1 04,8,2 05,8,0 05,8,1 05,8,2 U06
05,7,0 05,7,1 06,7,1 06,7,2 06,8,0 06,8,2 S06
04,9,0 04,9,2 05,9,0 05,9,2 06,8,1 06,9,2 L16

                                      _M06
                                     L16  M06
                                _L16/      \
                               L16  L16    M06
                          _L16/      \_S06/
                         L16  U06    S06  M06
                        /      \_U06/      \
                        U06    U06  S06    M06
              _V06       \_U06/      \_M06/
             V06  V06    U06  S06    S06  H16
        _V06/      \_Y06/      \_S06/      \
       Q16  S26    V06  Y06    Y06  Y16    H16
  _Q16/      \_S26/      \_Y06/      \_H16/
 Q16  Q16    S26  V06    Y06  Y16    Y16  H16
/      \_S26/      \_X16/      \_Y16/      \
Q16    S26  H06    X16  Y06    S16  Y16    H16
 \_Q16/      \_X16/      \_S16/      \_Y16/
      S26    H06  X16    S16              H16
       \_H06/      \_X16/       _O06       \_I06
            H06    X16  S16    O06  O06    R16  I06
             \_H06/      \    /      \    /      \_I06
                  H06    S16  O06    O06  R16    R16  I06
                   \_S16/      \_O06/      \_R16/      \_I06
                        Q26                L06  R16    C06  I06
                         \_Q26        _L06/      \_C06/      \_C06
                         Q26  Q26    L06  L26    R16  C06    C06  F06
                        /      \_L06/      \_L26/      \_C06/      \
                        Q26    L06  R06    R06  L26    L26  F06    F06
                         \_Q26/      \_R06/      \_L26/      \_F06/
                         Y26  L06    R06  J06    L26  J06    F06
                        /      \_Y26/      \_J06/      \_F06/
                        Y26    Y26  R06    W06  J06    J06
                         \_Y26/      \_R06/      \_J06/
                         Y26  X06    X06  W06
                        /      \_X06/      \
                        Q06    X06  X06    W06
                         \_X06/      \_W06/
                         Q06  Q06    W06
                        /      \_W06/
                        Q06    Q06
                         \_Q06/

solution 7 (465,326 searches):
05,4,0 05,4,1 05,5,0 05,5,2 06,4,1 06,4,2 O06
09,0,0 10,0,0 10,0,1 10,0,2 11,0,1 11,0,2 F06
08,2,0 09,1,0 09,1,1 09,2,2 10,1,0 10,1,2 C06
07,4,0 08,3,0 08,3,1 09,2,0 09,2,1 10,1,1 I06
07,1,0 07,1,1 08,0,0 08,0,1 09,0,1 09,0,2 J06
07,2,0 07,2,1 08,1,0 08,1,1 08,1,2 09,1,2 L26
07,3,0 07,3,1 07,4,2 08,2,1 08,2,2 08,3,2 R16
05,2,1 05,3,0 05,3,2 06,3,0 06,3,2 07,3,2 L06
06,1,0 06,1,1 06,2,0 06,2,1 06,2,2 07,2,2 R06
05,0,0 06,0,0 06,0,2 07,0,1 07,0,2 07,1,2 W06
04,3,0 04,3,1 04,4,0 04,4,1 04,4,2 05,3,1 Q26
04,2,0 04,2,1 04,2,2 04,3,2 05,2,0 05,2,2 Y26
04,1,0 05,1,0 05,1,1 05,1,2 06,0,1 06,1,2 X06
04,0,0 04,0,1 04,1,1 04,1,2 05,0,1 05,0,2 Q06
06,6,0 07,4,1 07,5,1 07,5,2 07,6,1 07,6,2 H16
05,6,0 05,6,1 06,5,0 06,5,1 06,6,1 06,6,2 Y16
03,5,0 04,5,1 04,5,2 04,6,0 04,6,2 05,6,2 S16
06,7,0 06,9,0 07,7,1 07,7,2 07,8,1 07,8,2 M06
00,8,0 00,8,1 00,9,0 00,9,2 01,7,1 01,9,2 V06
04,9,0 04,9,2 05,9,0 05,9,2 06,8,1 06,9,2 L16
05,7,0 05,7,1 06,7,1 06,7,2 06,8,0 06,8,2 S06
04,8,0 04,8,1 04,8,2 05,8,0 05,8,1 05,8,2 U06
03,8,0 04,6,1 04,7,0 04,7,1 04,7,2 05,7,2 Y06
01,9,0 02,8,1 02,9,0 02,9,2 03,8,1 03,8,2 Q16
01,8,0 01,8,1 01,8,2 02,8,0 02,8,2 03,7,1 S26
02,7,0 03,6,0 03,6,1 03,6,2 03,7,0 03,7,2 X16
01,7,0 02,6,0 02,6,1 02,7,1 02,7,2 03,5,1 H06

                                      _M06
                                     L16  M06
                                _L16/      \
                               L16  L16    M06
                          _L16/      \_S06/
                         L16  U06    S06  M06
                        /      \_U06/      \
                        U06    U06  S06    M06
              _Q16       \_U06/      \_M06/
             Q16  Q16    U06  S06    S06  H16
        _Q16/      \_Y06/      \_S06/      \
       V06  Q16    Q16  Y06    Y06  Y16    H16
  _V06/      \_S26/      \_Y06/      \_H16/
 V06  S26    S26  S26    Y06  Y16    Y16  H16
/      \_S26/      \_X16/      \_Y16/      \
V06    S26  H06    X16  Y06    S16  Y16    H16
 \_V06/      \_X16/      \_S16/      \_Y16/
      V06    H06  X16    S16              H16
       \_H06/      \_X16/       _O06       \_I06
            H06    X16  S16    O06  O06    R16  I06
             \_H06/      \    /      \    /      \_I06
                  H06    S16  O06    O06  R16    R16  I06
                   \_S16/      \_O06/      \_R16/      \_I06
                        Q26                L06  R16    C06  I06
                         \_Q26        _L06/      \_C06/      \_C06
                         Q26  Q26    L06  L26    R16  C06    C06  F06
                        /      \_L06/      \_L26/      \_C06/      \
                        Q26    L06  R06    R06  L26    L26  F06    F06
                         \_Q26/      \_R06/      \_L26/      \_F06/
                         Y26  L06    R06  J06    L26  J06    F06
                        /      \_Y26/      \_J06/      \_F06/
                        Y26    Y26  R06    W06  J06    J06
                         \_Y26/      \_R06/      \_J06/
                         Y26  X06    X06  W06
                        /      \_X06/      \
                        Q06    X06  X06    W06
                         \_X06/      \_W06/
                         Q06  Q06    W06
                        /      \_W06/
                        Q06    Q06
                         \_Q06/

solution 8 (465,635 searches):
05,4,0 05,4,1 05,5,0 05,5,2 06,4,1 06,4,2 O06
09,0,0 10,0,0 10,0,1 10,0,2 11,0,1 11,0,2 F06
08,2,0 09,1,0 09,1,1 09,2,2 10,1,0 10,1,2 C06
07,4,0 08,3,0 08,3,1 09,2,0 09,2,1 10,1,1 I06
07,1,0 07,1,1 08,0,0 08,0,1 09,0,1 09,0,2 J06
07,2,0 07,2,1 08,1,0 08,1,1 08,1,2 09,1,2 L26
07,3,0 07,3,1 07,4,2 08,2,1 08,2,2 08,3,2 R16
05,2,1 05,3,0 05,3,2 06,3,0 06,3,2 07,3,2 L06
06,1,0 06,1,1 06,2,0 06,2,1 06,2,2 07,2,2 R06
05,0,0 06,0,0 06,0,2 07,0,1 07,0,2 07,1,2 W06
04,3,0 04,3,1 04,4,0 04,4,1 04,4,2 05,3,1 Q26
04,2,0 04,2,1 04,2,2 04,3,2 05,2,0 05,2,2 Y26
04,1,0 05,1,0 05,1,1 05,1,2 06,0,1 06,1,2 X06
04,0,0 04,0,1 04,1,1 04,1,2 05,0,1 05,0,2 Q06
06,6,0 07,4,1 07,5,1 07,5,2 07,6,1 07,6,2 H16
05,6,0 05,6,1 06,5,0 06,5,1 06,6,1 06,6,2 Y16
03,5,0 04,5,1 04,5,2 04,6,0 04,6,2 05,6,2 S16
06,7,1 06,8,0 06,8,2 06,9,0 07,8,1 07,8,2 S06
05,7,0 05,7,1 06,7,0 06,7,2 07,7,1 07,7,2 M06
04,9,0 04,9,2 05,9,0 05,9,2 06,8,1 06,9,2 L16
04,8,0 04,8,1 04,8,2 05,8,0 05,8,1 05,8,2 U06
03,8,0 04,6,1 04,7,0 04,7,1 04,7,2 05,7,2 Y06
00,8,0 00,8,1 00,9,0 00,9,2 01,8,1 01,9,2 Q16
01,7,1 01,8,0 01,8,2 02,8,0 02,8,1 02,8,2 S26
01,9,0 02,9,0 02,9,2 03,7,1 03,8,1 03,8,2 V06
02,7,0 03,6,0 03,6,1 03,6,2 03,7,0 03,7,2 X16
01,7,0 02,6,0 02,6,1 02,7,1 02,7,2 03,5,1 H06

                                      _S06
                                     L16  S06
                                _L16/      \
                               L16  L16    S06
                          _L16/      \_S06/
                         L16  U06    S06  M06
                        /      \_U06/      \
                        U06    U06  S06    M06
              _V06       \_U06/      \_M06/
             V06  V06    U06  M06    M06  H16
        _V06/      \_Y06/      \_M06/      \
       Q16  S26    V06  Y06    Y06  Y16    H16
  _Q16/      \_S26/      \_Y06/      \_H16/
 Q16  Q16    S26  V06    Y06  Y16    Y16  H16
/      \_S26/      \_X16/      \_Y16/      \
Q16    S26  H06    X16  Y06    S16  Y16    H16
 \_Q16/      \_X16/      \_S16/      \_Y16/
      S26    H06  X16    S16              H16
       \_H06/      \_X16/       _O06       \_I06
            H06    X16  S16    O06  O06    R16  I06
             \_H06/      \    /      \    /      \_I06
                  H06    S16  O06    O06  R16    R16  I06
                   \_S16/      \_O06/      \_R16/      \_I06
                        Q26                L06  R16    C06  I06
                         \_Q26        _L06/      \_C06/      \_C06
                         Q26  Q26    L06  L26    R16  C06    C06  F06
                        /      \_L06/      \_L26/      \_C06/      \
                        Q26    L06  R06    R06  L26    L26  F06    F06
                         \_Q26/      \_R06/      \_L26/      \_F06/
                         Y26  L06    R06  J06    L26  J06    F06
                        /      \_Y26/      \_J06/      \_F06/
                        Y26    Y26  R06    W06  J06    J06
                         \_Y26/      \_R06/      \_J06/
                         Y26  X06    X06  W06
                        /      \_X06/      \
                        Q06    X06  X06    W06
                         \_X06/      \_W06/
                         Q06  Q06    W06
                        /      \_W06/
                        Q06    Q06
                         \_Q06/

solution 9 (465,672 searches):
05,4,0 05,4,1 05,5,0 05,5,2 06,4,1 06,4,2 O06
09,0,0 10,0,0 10,0,1 10,0,2 11,0,1 11,0,2 F06
08,2,0 09,1,0 09,1,1 09,2,2 10,1,0 10,1,2 C06
07,4,0 08,3,0 08,3,1 09,2,0 09,2,1 10,1,1 I06
07,1,0 07,1,1 08,0,0 08,0,1 09,0,1 09,0,2 J06
07,2,0 07,2,1 08,1,0 08,1,1 08,1,2 09,1,2 L26
07,3,0 07,3,1 07,4,2 08,2,1 08,2,2 08,3,2 R16
05,2,1 05,3,0 05,3,2 06,3,0 06,3,2 07,3,2 L06
06,1,0 06,1,1 06,2,0 06,2,1 06,2,2 07,2,2 R06
05,0,0 06,0,0 06,0,2 07,0,1 07,0,2 07,1,2 W06
04,3,0 04,3,1 04,4,0 04,4,1 04,4,2 05,3,1 Q26
04,2,0 04,2,1 04,2,2 04,3,2 05,2,0 05,2,2 Y26
04,1,0 05,1,0 05,1,1 05,1,2 06,0,1 06,1,2 X06
04,0,0 04,0,1 04,1,1 04,1,2 05,0,1 05,0,2 Q06
06,6,0 07,4,1 07,5,1 07,5,2 07,6,1 07,6,2 H16
05,6,0 05,6,1 06,5,0 06,5,1 06,6,1 06,6,2 Y16
03,5,0 04,5,1 04,5,2 04,6,0 04,6,2 05,6,2 S16
06,7,1 06,8,0 06,8,2 06,9,0 07,8,1 07,8,2 S06
05,7,0 05,7,1 06,7,0 06,7,2 07,7,1 07,7,2 M06
04,9,0 04,9,2 05,9,0 05,9,2 06,8,1 06,9,2 L16
04,8,0 04,8,1 04,8,2 05,8,0 05,8,1 05,8,2 U06
03,8,0 04,6,1 04,7,0 04,7,1 04,7,2 05,7,2 Y06
00,8,0 00,8,1 00,9,0 00,9,2 01,7,1 01,9,2 V06
01,9,0 02,8,1 02,9,0 02,9,2 03,8,1 03,8,2 Q16
01,8,0 01,8,1 01,8,2 02,8,0 02,8,2 03,7,1 S26
02,7,0 03,6,0 03,6,1 03,6,2 03,7,0 03,7,2 X16
01,7,0 02,6,0 02,6,1 02,7,1 02,7,2 03,5,1 H06

                                      _S06
                                     L16  S06
                                _L16/      \
                               L16  L16    S06
                          _L16/      \_S06/
                         L16  U06    S06  M06
                        /      \_U06/      \
                        U06    U06  S06    M06
              _Q16       \_U06/      \_M06/
             Q16  Q16    U06  M06    M06  H16
        _Q16/      \_Y06/      \_M06/      \
       V06  Q16    Q16  Y06    Y06  Y16    H16
  _V06/      \_S26/      \_Y06/      \_H16/
 V06  S26    S26  S26    Y06  Y16    Y16  H16
/      \_S26/      \_X16/      \_Y16/      \
V06    S26  H06    X16  Y06    S16  Y16    H16
 \_V06/      \_X16/      \_S16/      \_Y16/
      V06    H06  X16    S16              H16
       \_H06/      \_X16/       _O06       \_I06
            H06    X16  S16    O06  O06    R16  I06
             \_H06/      \    /      \    /      \_I06
                  H06    S16  O06    O06  R16    R16  I06
                   \_S16/      \_O06/      \_R16/      \_I06
                        Q26                L06  R16    C06  I06
                         \_Q26        _L06/      \_C06/      \_C06
                         Q26  Q26    L06  L26    R16  C06    C06  F06
                        /      \_L06/      \_L26/      \_C06/      \
                        Q26    L06  R06    R06  L26    L26  F06    F06
                         \_Q26/      \_R06/      \_L26/      \_F06/
                         Y26  L06    R06  J06    L26  J06    F06
                        /      \_Y26/      \_J06/      \_F06/
                        Y26    Y26  R06    W06  J06    J06
                         \_Y26/      \_R06/      \_J06/
                         Y26  X06    X06  W06
                        /      \_X06/      \
                        Q06    X06  X06    W06
                         \_X06/      \_W06/
                         Q06  Q06    W06
                        /      \_W06/
                        Q06    Q06
                         \_Q06/

solution 10 (32,808,086 searches):
05,4,0 05,4,1 05,5,0 05,5,2 06,4,1 06,4,2 O06
09,0,0 10,0,0 10,0,1 10,0,2 11,0,1 11,0,2 F06
08,2,0 09,1,0 09,1,1 09,2,2 10,1,0 10,1,2 C06
07,4,0 08,3,0 08,3,1 09,2,0 09,2,1 10,1,1 I06
07,1,0 07,1,1 08,0,0 08,0,1 09,0,1 09,0,2 J06
07,2,0 07,2,1 08,1,0 08,1,1 08,1,2 09,1,2 L26
06,3,0 07,3,0 07,3,2 08,2,1 08,2,2 08,3,2 Y26
06,5,0 06,5,1 07,3,1 07,4,1 07,4,2 07,5,2 H06
05,2,0 06,1,1 06,2,0 06,2,1 06,2,2 07,2,2 X06
04,4,0 05,2,1 05,3,0 05,3,1 05,3,2 06,3,2 Y06
03,5,0 03,5,1 04,3,0 04,3,1 04,4,1 04,4,2 S16
04,1,1 04,2,0 04,2,1 04,2,2 04,3,2 05,2,2 Y16
06,0,0 06,1,0 06,1,2 07,0,1 07,0,2 07,1,2 Q26
05,0,0 05,0,2 05,1,0 05,1,1 06,0,1 06,0,2 V06
04,0,0 04,0,1 04,1,0 04,1,2 05,0,1 05,1,2 Q16
02,6,0 02,6,1 03,6,0 03,6,2 04,5,1 04,5,2 S06
00,8,0 00,8,1 00,9,2 01,7,0 01,7,1 02,7,2 M06
00,9,0 01,8,1 01,9,0 01,9,2 02,8,1 02,9,2 U06
01,8,0 01,8,2 02,7,0 02,7,1 03,6,1 03,7,2 S26
02,8,0 02,8,2 03,7,0 03,7,1 03,8,2 04,7,2 R16
04,6,0 04,6,1 04,6,2 05,6,0 05,6,2 06,6,2 L16
02,9,0 03,8,0 03,8,1 04,8,0 04,8,2 05,8,2 W06
04,7,0 04,7,1 05,6,1 05,7,0 05,7,1 05,7,2 X16
04,8,1 04,9,0 04,9,2 05,8,0 05,8,1 05,9,2 R06
05,9,0 06,8,0 06,9,0 06,9,2 07,8,1 07,8,2 Q06
06,6,0 06,6,1 06,7,1 06,7,2 06,8,1 06,8,2 L06
06,7,0 07,5,1 07,6,1 07,6,2 07,7,1 07,7,2 H16

                                      _Q06
                                     Q06  Q06
                                _Q06/      \
                               R06  L06    Q06
                          _R06/      \_Q06/
                         R06  R06    L06  H16
                        /      \_R06/      \
                        R06    W06  L06    H16
              _W06       \_W06/      \_H16/
             U06  W06    W06  X16    L06  H16
        _U06/      \_W06/      \_X16/      \
       U06  U06    R16  X16    X16  L06    H16
  _U06/      \_R16/      \_X16/      \_L06/
 M06  U06    R16  R16    R16  X16    L16  H16
/      \_S26/      \_R16/      \_L16/      \
M06    S26  S26    S26  L16    L16  H06    H06
 \_M06/      \_S26/      \_L16/      \_H06/
      M06    M06  S26    L16              H06
       \_M06/      \_S06/       _O06       \_I06
            S06    S06  S06    O06  O06    H06  I06
             \_S06/      \    /      \    /      \_I06
                  S16    S06  O06    O06  H06    Y26  I06
                   \_S16/      \_O06/      \_Y26/      \_I06
                        S16                Y26  Y26    C06  I06
                         \_Y06        _Y26/      \_C06/      \_C06
                         S16  Y06    Y06  L26    Y26  C06    C06  F06
                        /      \_Y06/      \_L26/      \_C06/      \
                        S16    Y06  X06    X06  L26    L26  F06    F06
                         \_S16/      \_X06/      \_L26/      \_F06/
                         Y16  Y06    X06  J06    L26  J06    F06
                        /      \_X06/      \_J06/      \_F06/
                        Y16    Y16  X06    Q26  J06    J06
                         \_Y16/      \_Q26/      \_J06/
                         Y16  V06    Q26  Q26
                        /      \_V06/      \
                        Y16    Q16  V06    Q26
                         \_Q16/      \_Q26/
                         Q16  Q16    V06
                        /      \_V06/
                        Q16    V06
                         \_Q16/

solution 11 (34,095,071 searches):
05,4,0 05,4,1 05,5,0 05,5,2 06,4,1 06,4,2 O06
09,0,0 10,0,0 10,0,1 10,0,2 11,0,1 11,0,2 F06
08,2,0 09,1,0 09,1,1 09,2,2 10,1,0 10,1,2 C06
07,4,0 08,3,0 08,3,1 09,2,0 09,2,1 10,1,1 I06
07,1,0 07,1,1 08,0,0 08,0,1 09,0,1 09,0,2 J06
07,2,0 07,2,1 08,1,0 08,1,1 08,1,2 09,1,2 L26
06,3,0 07,3,0 07,3,2 08,2,1 08,2,2 08,3,2 Y26
06,5,0 06,5,1 07,3,1 07,4,1 07,4,2 07,5,2 H06
05,3,0 06,2,0 06,2,1 06,2,2 06,3,2 07,2,2 X16
05,2,0 06,0,1 06,1,0 06,1,1 06,1,2 07,1,2 Y06
05,0,0 05,0,1 06,0,0 06,0,2 07,0,1 07,0,2 M06
04,0,0 04,0,1 04,1,0 04,1,2 05,0,2 05,1,2 Q06
04,1,1 04,2,0 04,2,2 05,1,0 05,1,1 05,2,2 R06
04,2,1 04,3,0 04,3,1 04,3,2 04,4,2 05,2,1 Y16
03,5,0 03,5,1 04,4,0 04,4,1 05,3,1 05,3,2 L06
04,5,1 04,5,2 04,6,0 04,6,2 05,6,1 05,6,2 S16
05,6,0 06,6,0 06,6,1 06,6,2 07,5,1 07,6,2 X06
00,8,0 00,8,1 00,9,0 00,9,2 01,8,1 01,9,2 Q16
06,7,0 07,6,1 07,7,1 07,7,2 07,8,1 07,8,2 L16
04,9,0 05,9,0 05,9,2 06,8,1 06,9,0 06,9,2 H16
05,7,0 05,8,0 06,7,1 06,7,2 06,8,0 06,8,2 R16
04,8,0 04,8,1 04,8,2 04,9,2 05,8,1 05,8,2 Q26
03,7,0 04,6,1 04,7,0 04,7,2 05,7,1 05,7,2 S26
01,9,0 02,9,0 02,9,2 03,8,0 03,8,1 04,7,1 W06
02,6,0 02,6,1 02,7,1 02,7,2 03,6,0 03,6,2 V06
01,7,0 01,7,1 01,8,0 01,8,2 02,8,1 02,8,2 S06
02,7,0 02,8,0 03,6,1 03,7,1 03,7,2 03,8,2 U06

                                      _H16
                                     H16  L16
                                _H16/      \
                               H16  H16    L16
                          _H16/      \_R16/
                         Q26  Q26    R16  L16
                        /      \_R16/      \
                        Q26    Q26  R16    L16
              _W06       \_Q26/      \_L16/
             W06  W06    Q26  S26    R16  L16
        _W06/      \_W06/      \_R16/      \
       Q16  S06    U06  W06    S26  X06    X06
  _Q16/      \_U06/      \_S26/      \_X06/
 Q16  Q16    S06  U06    S26  S16    X06  X06
/      \_S06/      \_S26/      \_X06/      \
Q16    S06  V06    U06  S26    S16  H06    H06
 \_Q16/      \_U06/      \_S16/      \_H06/
      S06    V06  U06    S16              H06
       \_S06/      \_V06/       _O06       \_I06
            V06    V06  S16    O06  O06    H06  I06
             \_V06/      \    /      \    /      \_I06
                  L06    S16  O06    O06  H06    Y26  I06
                   \_L06/      \_O06/      \_Y26/      \_I06
                        L06                Y26  Y26    C06  I06
                         \_L06        _Y26/      \_C06/      \_C06
                         Y16  L06    X16  L26    Y26  C06    C06  F06
                        /      \_X16/      \_L26/      \_C06/      \
                        Y16    L06  X16    X16  L26    L26  F06    F06
                         \_Y16/      \_X16/      \_L26/      \_F06/
                         Y16  Y16    X16  J06    L26  J06    F06
                        /      \_Y06/      \_J06/      \_F06/
                        Y16    R06  Y06    Y06  J06    J06
                         \_R06/      \_Y06/      \_J06/
                         R06  R06    Y06  M06
                        /      \_R06/      \
                        R06    Q06  Y06    M06
                         \_Q06/      \_M06/
                         Q06  M06    M06
                        /      \_M06/
                        Q06    Q06
                         \_Q06/

solution 12 (34,101,794 searches):
05,4,0 05,4,1 05,5,0 05,5,2 06,4,1 06,4,2 O06
09,0,0 10,0,0 10,0,1 10,0,2 11,0,1 11,0,2 F06
08,2,0 09,1,0 09,1,1 09,2,2 10,1,0 10,1,2 C06
07,4,0 08,3,0 08,3,1 09,2,0 09,2,1 10,1,1 I06
07,1,0 07,1,1 08,0,0 08,0,1 09,0,1 09,0,2 J06
07,2,0 07,2,1 08,1,0 08,1,1 08,1,2 09,1,2 L26
06,3,0 07,3,0 07,3,2 08,2,1 08,2,2 08,3,2 Y26
06,5,0 06,5,1 07,3,1 07,4,1 07,4,2 07,5,2 H06
05,3,0 06,2,0 06,2,1 06,2,2 06,3,2 07,2,2 X16
05,2,0 06,0,1 06,1,0 06,1,1 06,1,2 07,1,2 Y06
05,0,0 05,0,1 06,0,0 06,0,2 07,0,1 07,0,2 M06
04,0,0 04,0,1 04,1,0 04,1,2 05,0,2 05,1,2 Q06
04,1,1 04,2,0 04,2,2 05,1,0 05,1,1 05,2,2 R06
04,2,1 04,3,0 04,3,1 04,3,2 04,4,2 05,2,1 Y16
04,4,0 04,4,1 04,5,1 04,5,2 05,3,1 05,3,2 S16
01,7,0 02,6,0 02,6,1 03,5,0 03,5,1 03,6,2 H16
00,8,0 00,8,1 00,9,0 00,9,2 01,7,1 01,8,2 Q16
06,8,0 06,8,1 06,9,0 07,7,1 07,8,1 07,8,2 Q26
04,8,1 04,9,0 04,9,2 05,9,0 05,9,2 06,9,2 L06
01,8,0 01,8,1 01,9,0 01,9,2 02,7,1 02,7,2 S06
02,8,1 02,8,2 02,9,0 02,9,2 03,8,0 03,8,1 V06
02,7,0 03,6,0 03,6,1 04,6,0 04,6,2 05,6,2 W06
02,8,0 03,7,0 03,7,1 03,7,2 03,8,2 04,6,1 X06
04,7,0 04,7,2 05,7,0 05,7,2 06,6,1 06,7,2 L16
05,6,0 05,6,1 06,6,0 06,6,2 07,5,1 07,6,2 S26
05,8,0 06,7,0 06,7,1 06,8,2 07,6,1 07,7,2 U06
04,7,1 04,8,0 04,8,2 05,7,1 05,8,1 05,8,2 R16

                                      _Q26
                                     L06  Q26
                                _L06/      \
                               L06  Q26    Q26
                          _L06/      \_Q26/
                         L06  R16    U06  Q26
                        /      \_U06/      \
                        L06    R16  U06    U06
              _V06       \_R16/      \_U06/
             V06  V06    R16  R16    L16  U06
        _S06/      \_V06/      \_L16/      \
       S06  V06    X06  R16    L16  L16    S26
  _Q16/      \_X06/      \_L16/      \_S26/
 Q16  S06    V06  X06    L16  S26    S26  S26
/      \_S06/      \_X06/      \_S26/      \
Q16    Q16  S06    X06  X06    W06  H06    H06
 \_Q16/      \_W06/      \_W06/      \_H06/
      Q16    S06  W06    W06              H06
       \_H16/      \_W06/       _O06       \_I06
            H16    H16  S16    O06  O06    H06  I06
             \_H16/      \    /      \    /      \_I06
                  H16    S16  O06    O06  H06    Y26  I06
                   \_H16/      \_O06/      \_Y26/      \_I06
                        S16                Y26  Y26    C06  I06
                         \_S16        _Y26/      \_C06/      \_C06
                         Y16  S16    X16  L26    Y26  C06    C06  F06
                        /      \_X16/      \_L26/      \_C06/      \
                        Y16    S16  X16    X16  L26    L26  F06    F06
                         \_Y16/      \_X16/      \_L26/      \_F06/
                         Y16  Y16    X16  J06    L26  J06    F06
                        /      \_Y06/      \_J06/      \_F06/
                        Y16    R06  Y06    Y06  J06    J06
                         \_R06/      \_Y06/      \_J06/
                         R06  R06    Y06  M06
                        /      \_R06/      \
                        R06    Q06  Y06    M06
                         \_Q06/      \_M06/
                         Q06  M06    M06
                        /      \_M06/
                        Q06    Q06
                         \_Q06/

solution 13 (34,888,040 searches):
05,4,0 05,4,1 05,5,0 05,5,2 06,4,1 06,4,2 O06
09,0,0 10,0,0 10,0,1 10,0,2 11,0,1 11,0,2 F06
08,2,0 09,1,0 09,1,1 09,2,2 10,1,0 10,1,2 C06
07,4,0 08,3,0 08,3,1 09,2,0 09,2,1 10,1,1 I06
07,1,0 07,1,1 08,0,0 08,0,1 09,0,1 09,0,2 J06
07,2,0 07,2,1 08,1,0 08,1,1 08,1,2 09,1,2 L26
06,3,0 07,3,0 07,3,2 08,2,1 08,2,2 08,3,2 Y26
06,5,0 07,3,1 07,4,1 07,4,2 07,5,1 07,5,2 H16
05,3,0 05,3,2 06,2,0 06,2,1 06,3,2 07,2,2 R16
04,4,0 04,4,1 04,4,2 04,5,1 04,5,2 05,3,1 H06
03,5,0 03,5,1 03,6,1 03,6,2 03,7,0 03,7,2 M06
03,6,0 04,6,0 04,6,2 05,6,0 05,6,1 05,6,2 L16
01,7,0 01,7,1 02,6,0 02,6,1 02,7,0 02,7,2 Y16
06,5,1 06,6,0 06,6,2 07,6,1 07,6,2 07,7,2 S16
03,8,0 04,6,1 04,7,0 04,7,1 04,7,2 05,7,2 Y06
04,3,0 04,3,1 04,3,2 05,2,0 05,2,1 06,2,2 S26
05,0,0 06,0,0 06,0,2 07,0,1 07,0,2 07,1,2 W06
05,1,0 05,1,1 06,0,1 06,1,0 06,1,1 06,1,2 X16
04,1,0 04,1,1 04,2,0 04,2,1 04,2,2 05,2,2 R06
04,0,0 04,0,1 04,1,2 05,0,1 05,0,2 05,1,2 Q06
00,8,1 00,9,0 00,9,2 01,9,0 01,9,2 02,9,2 L06
00,8,0 01,8,0 01,8,1 01,8,2 02,7,1 02,8,2 X06
02,8,0 02,8,1 02,9,0 03,7,1 03,8,1 03,8,2 Q26
04,8,1 04,8,2 04,9,0 04,9,2 05,8,0 05,8,1 V06
04,8,0 05,7,0 05,7,1 05,8,2 06,6,1 06,7,2 U06
05,9,0 05,9,2 06,7,0 06,7,1 06,8,1 06,8,2 S06
06,8,0 06,9,0 06,9,2 07,7,1 07,8,1 07,8,2 Q16

                                      _Q16
                                     Q16  Q16
                                _S06/      \
                               S06  S06    Q16
                          _V06/      \_Q16/
                         V06  V06    S06  Q16
                        /      \_V06/      \
                        V06    U06  S06    S16
              _Q26       \_U06/      \_S06/
             L06  Q26    V06  U06    U06  S16
        _L06/      \_Y06/      \_U06/      \
       L06  Q26    Q26  Y06    Y06  U06    S16
  _L06/      \_Q26/      \_Y06/      \_S16/
 L06  X06    X06  Q26    Y06  L16    S16  H16
/      \_X06/      \_M06/      \_L16/      \
L06    X06  X06    M06  Y06    L16  S16    H16
 \_X06/      \_Y16/      \_L16/      \_H16/
      Y16    Y16  M06    L16              H16
       \_Y16/      \_L16/       _O06       \_I06
            Y16    M06  H06    O06  O06    H16  I06
             \_Y16/      \    /      \    /      \_I06
                  M06    H06  O06    O06  H16    Y26  I06
                   \_M06/      \_O06/      \_Y26/      \_I06
                        H06                Y26  Y26    C06  I06
                         \_H06        _Y26/      \_C06/      \_C06
                         H06  H06    R16  L26    Y26  C06    C06  F06
                        /      \_R16/      \_L26/      \_C06/      \
                        S26    R16  R16    R16  L26    L26  F06    F06
                         \_S26/      \_R16/      \_L26/      \_F06/
                         S26  S26    S26  J06    L26  J06    F06
                        /      \_S26/      \_J06/      \_F06/
                        R06    R06  X16    W06  J06    J06
                         \_R06/      \_X16/      \_J06/
                         R06  X16    X16  W06
                        /      \_X16/      \
                        R06    Q06  X16    W06
                         \_R06/      \_W06/
                         Q06  Q06    W06
                        /      \_W06/
                        Q06    Q06
                         \_Q06/

solution 14 (35,064,951 searches):
05,4,0 05,4,1 05,5,0 05,5,2 06,4,1 06,4,2 O06
09,0,0 10,0,0 10,0,1 10,0,2 11,0,1 11,0,2 F06
08,2,0 09,1,0 09,1,1 09,2,2 10,1,0 10,1,2 C06
07,4,0 08,3,0 08,3,1 09,2,0 09,2,1 10,1,1 I06
07,1,0 07,1,1 08,0,0 08,0,1 09,0,1 09,0,2 J06
07,2,0 07,2,1 08,1,0 08,1,1 08,1,2 09,1,2 L26
06,3,0 07,3,0 07,3,2 08,2,1 08,2,2 08,3,2 Y26
06,5,0 07,3,1 07,4,1 07,4,2 07,5,1 07,5,2 H16
05,3,0 05,3,2 06,2,0 06,2,1 06,3,2 07,2,2 R16
04,4,0 04,4,1 04,4,2 04,5,1 04,5,2 05,3,1 H06
02,6,0 02,6,1 03,5,0 03,5,1 03,6,1 03,6,2 Y16
03,6,0 04,6,0 04,6,2 05,6,0 05,6,1 05,6,2 L16
06,5,1 06,6,0 06,6,2 07,6,1 07,6,2 07,7,2 S16
04,1,0 04,1,1 04,2,1 04,2,2 04,3,1 04,3,2 L06
04,0,0 04,0,1 04,1,2 05,0,1 05,0,2 05,1,2 Q06
04,2,0 04,3,0 05,1,1 05,2,0 05,2,1 05,2,2 X16
05,0,0 06,0,0 06,0,2 07,0,1 07,0,2 07,1,2 W06
05,1,0 06,0,1 06,1,0 06,1,1 06,1,2 06,2,2 X06
04,7,0 05,7,0 05,7,1 05,7,2 05,8,2 06,6,1 Y06
06,7,0 06,7,1 06,7,2 06,8,0 06,8,1 06,8,2 U06
05,9,0 06,9,0 06,9,2 07,7,1 07,8,1 07,8,2 V06
04,8,1 04,9,0 04,9,2 05,8,0 05,8,1 05,9,2 R06
03,7,0 04,6,1 04,7,1 04,7,2 04,8,0 04,8,2 S26
02,8,0 02,9,0 02,9,2 03,8,0 03,8,1 03,8,2 Q26
01,7,0 01,7,1 02,7,0 02,7,2 03,7,1 03,7,2 M06
00,8,0 00,8,1 00,9,2 01,8,0 01,8,2 02,7,1 S06
00,9,0 01,8,1 01,9,0 01,9,2 02,8,1 02,8,2 Q16

                                      _V06
                                     V06  V06
                                _V06/      \
                               R06  U06    V06
                          _R06/      \_U06/
                         R06  R06    U06  V06
                        /      \_R06/      \
                        R06    Y06  U06    S16
              _Q26       \_S26/      \_U06/
             Q26  Q26    S26  Y06    U06  S16
        _Q16/      \_Q26/      \_Y06/      \
       Q16  Q16    Q26  S26    Y06  Y06    S16
  _Q16/      \_Q26/      \_Y06/      \_S16/
 S06  Q16    Q16  M06    S26  L16    S16  H16
/      \_S06/      \_S26/      \_L16/      \
S06    S06  S06    M06  S26    L16  S16    H16
 \_S06/      \_M06/      \_L16/      \_H16/
      M06    M06  Y16    L16              H16
       \_M06/      \_L16/       _O06       \_I06
            Y16    Y16  H06    O06  O06    H16  I06
             \_Y16/      \    /      \    /      \_I06
                  Y16    H06  O06    O06  H16    Y26  I06
                   \_Y16/      \_O06/      \_Y26/      \_I06
                        H06                Y26  Y26    C06  I06
                         \_H06        _Y26/      \_C06/      \_C06
                         H06  H06    R16  L26    Y26  C06    C06  F06
                        /      \_R16/      \_L26/      \_C06/      \
                        L06    R16  R16    R16  L26    L26  F06    F06
                         \_X16/      \_R16/      \_L26/      \_F06/
                         L06  X16    X06  J06    L26  J06    F06
                        /      \_X16/      \_J06/      \_F06/
                        L06    X16  X06    W06  J06    J06
                         \_X16/      \_X06/      \_J06/
                         L06  X16    X06  W06
                        /      \_X06/      \
                        L06    Q06  X06    W06
                         \_L06/      \_W06/
                         Q06  Q06    W06
                        /      \_W06/
                        Q06    Q06
                         \_Q06/

solution 15 (35,064,957 searches):
05,4,0 05,4,1 05,5,0 05,5,2 06,4,1 06,4,2 O06
09,0,0 10,0,0 10,0,1 10,0,2 11,0,1 11,0,2 F06
08,2,0 09,1,0 09,1,1 09,2,2 10,1,0 10,1,2 C06
07,4,0 08,3,0 08,3,1 09,2,0 09,2,1 10,1,1 I06
07,1,0 07,1,1 08,0,0 08,0,1 09,0,1 09,0,2 J06
07,2,0 07,2,1 08,1,0 08,1,1 08,1,2 09,1,2 L26
06,3,0 07,3,0 07,3,2 08,2,1 08,2,2 08,3,2 Y26
06,5,0 07,3,1 07,4,1 07,4,2 07,5,1 07,5,2 H16
05,3,0 05,3,2 06,2,0 06,2,1 06,3,2 07,2,2 R16
04,4,0 04,4,1 04,4,2 04,5,1 04,5,2 05,3,1 H06
02,6,0 02,6,1 03,5,0 03,5,1 03,6,1 03,6,2 Y16
03,6,0 04,6,0 04,6,2 05,6,0 05,6,1 05,6,2 L16
06,5,1 06,6,0 06,6,2 07,6,1 07,6,2 07,7,2 S16
04,1,0 04,1,1 04,2,1 04,2,2 04,3,1 04,3,2 L06
04,0,0 04,0,1 04,1,2 05,0,1 05,0,2 05,1,2 Q06
04,2,0 04,3,0 05,1,1 05,2,0 05,2,1 05,2,2 X16
05,0,0 06,0,0 06,0,2 07,0,1 07,0,2 07,1,2 W06
05,1,0 06,0,1 06,1,0 06,1,1 06,1,2 06,2,2 X06
04,7,0 05,7,0 05,7,1 05,7,2 05,8,2 06,6,1 Y06
06,7,0 06,7,1 06,7,2 06,8,0 06,8,1 06,8,2 U06
05,9,0 06,9,0 06,9,2 07,7,1 07,8,1 07,8,2 V06
04,8,1 04,9,0 04,9,2 05,8,0 05,8,1 05,9,2 R06
03,7,0 04,6,1 04,7,1 04,7,2 04,8,0 04,8,2 S26
02,8,0 02,9,0 02,9,2 03,8,0 03,8,1 03,8,2 Q26
01,8,0 01,8,2 02,7,0 02,7,1 03,7,1 03,7,2 S06
00,8,0 00,8,1 00,9,2 01,7,0 01,7,1 02,7,2 M06
00,9,0 01,8,1 01,9,0 01,9,2 02,8,1 02,8,2 Q16

                                      _V06
                                     V06  V06
                                _V06/      \
                               R06  U06    V06
                          _R06/      \_U06/
                         R06  R06    U06  V06
                        /      \_R06/      \
                        R06    Y06  U06    S16
              _Q26       \_S26/      \_U06/
             Q26  Q26    S26  Y06    U06  S16
        _Q16/      \_Q26/      \_Y06/      \
       Q16  Q16    Q26  S26    Y06  Y06    S16
  _Q16/      \_Q26/      \_Y06/      \_S16/
 M06  Q16    Q16  S06    S26  L16    S16  H16
/      \_S06/      \_S26/      \_L16/      \
M06    S06  S06    S06  S26    L16  S16    H16
 \_M06/      \_S06/      \_L16/      \_H16/
      M06    M06  Y16    L16              H16
       \_M06/      \_L16/       _O06       \_I06
            Y16    Y16  H06    O06  O06    H16  I06
             \_Y16/      \    /      \    /      \_I06
                  Y16    H06  O06    O06  H16    Y26  I06
                   \_Y16/      \_O06/      \_Y26/      \_I06
                        H06                Y26  Y26    C06  I06
                         \_H06        _Y26/      \_C06/      \_C06
                         H06  H06    R16  L26    Y26  C06    C06  F06
                        /      \_R16/      \_L26/      \_C06/      \
                        L06    R16  R16    R16  L26    L26  F06    F06
                         \_X16/      \_R16/      \_L26/      \_F06/
                         L06  X16    X06  J06    L26  J06    F06
                        /      \_X16/      \_J06/      \_F06/
                        L06    X16  X06    W06  J06    J06
                         \_X16/      \_X06/      \_J06/
                         L06  X16    X06  W06
                        /      \_X06/      \
                        L06    Q06  X06    W06
                         \_L06/      \_W06/
                         Q06  Q06    W06
                        /      \_W06/
                        Q06    Q06
                         \_Q06/

solution 16 (36,973,294 searches):
05,4,0 05,4,1 05,5,0 05,5,2 06,4,1 06,4,2 O06
09,0,0 10,0,0 10,0,1 10,0,2 11,0,1 11,0,2 F06
08,2,0 09,1,0 09,1,1 09,2,2 10,1,0 10,1,2 C06
07,4,0 08,3,0 08,3,1 09,2,0 09,2,1 10,1,1 I06
07,1,0 07,1,1 08,0,0 08,0,1 09,0,1 09,0,2 J06
07,2,0 07,2,1 08,1,0 08,1,1 08,1,2 09,1,2 L26
06,3,0 07,3,0 07,3,2 08,2,1 08,2,2 08,3,2 Y26
06,5,0 07,3,1 07,4,1 07,4,2 07,5,1 07,5,2 H16
05,3,0 06,2,0 06,2,1 06,2,2 06,3,2 07,2,2 X16
05,2,0 06,0,1 06,1,0 06,1,1 06,1,2 07,1,2 Y06
05,0,0 05,0,1 06,0,0 06,0,2 07,0,1 07,0,2 M06
04,0,0 04,0,1 04,1,0 04,1,2 05,0,2 05,1,2 Q06
04,1,1 04,2,0 04,2,2 05,1,0 05,1,1 05,2,2 R06
04,2,1 04,3,0 04,3,2 05,2,1 05,3,1 05,3,2 R16
03,5,0 03,5,1 04,3,1 04,4,0 04,4,1 04,4,2 H06
04,5,1 04,5,2 04,6,0 04,6,2 05,6,1 05,6,2 S16
05,6,0 06,5,1 06,6,0 06,6,2 07,6,1 07,6,2 S26
06,8,0 06,8,1 06,9,0 07,7,1 07,8,1 07,8,2 Q26
04,8,1 04,9,0 04,9,2 05,9,0 05,9,2 06,9,2 L06
06,6,1 06,7,0 06,7,1 06,7,2 06,8,2 07,7,2 Y16
04,8,0 04,8,2 05,7,1 05,8,0 05,8,1 05,8,2 X06
03,7,0 04,6,1 04,7,0 04,7,2 05,7,0 05,7,2 L16
01,9,0 02,9,0 02,9,2 03,8,0 03,8,1 04,7,1 W06
02,6,0 02,6,1 02,7,1 02,7,2 03,6,0 03,6,2 V06
02,7,0 02,8,0 03,6,1 03,7,1 03,7,2 03,8,2 U06
01,7,0 01,7,1 01,8,0 01,8,2 02,8,1 02,8,2 S06
00,8,0 00,8,1 00,9,0 00,9,2 01,8,1 01,9,2 Q16

                                      _Q26
                                     L06  Q26
                                _L06/      \
                               L06  Q26    Q26
                          _L06/      \_Q26/
                         L06  X06    Y16  Q26
                        /      \_X06/      \
                        L06    X06  Y16    Y16
              _W06       \_X06/      \_Y16/
             W06  W06    X06  X06    Y16  S26
        _W06/      \_W06/      \_L16/      \
       Q16  S06    U06  W06    L16  Y16    S26
  _Q16/      \_U06/      \_L16/      \_S26/
 Q16  Q16    S06  U06    L16  S16    S26  H16
/      \_S06/      \_L16/      \_S26/      \
Q16    S06  V06    U06  L16    S16  S26    H16
 \_Q16/      \_U06/      \_S16/      \_H16/
      S06    V06  U06    S16              H16
       \_S06/      \_V06/       _O06       \_I06
            V06    V06  S16    O06  O06    H16  I06
             \_V06/      \    /      \    /      \_I06
                  H06    S16  O06    O06  H16    Y26  I06
                   \_H06/      \_O06/      \_Y26/      \_I06
                        H06                Y26  Y26    C06  I06
                         \_H06        _Y26/      \_C06/      \_C06
                         H06  R16    X16  L26    Y26  C06    C06  F06
                        /      \_X16/      \_L26/      \_C06/      \
                        H06    R16  X16    X16  L26    L26  F06    F06
                         \_R16/      \_X16/      \_L26/      \_F06/
                         R16  R16    X16  J06    L26  J06    F06
                        /      \_Y06/      \_J06/      \_F06/
                        R16    R06  Y06    Y06  J06    J06
                         \_R06/      \_Y06/      \_J06/
                         R06  R06    Y06  M06
                        /      \_R06/      \
                        R06    Q06  Y06    M06
                         \_Q06/      \_M06/
                         Q06  M06    M06
                        /      \_M06/
                        Q06    Q06
                         \_Q06/

solution 17 (37,281,998 searches):
05,4,0 05,4,1 05,5,0 05,5,2 06,4,1 06,4,2 O06
09,0,0 10,0,0 10,0,1 10,0,2 11,0,1 11,0,2 F06
08,2,0 09,1,0 09,1,1 09,2,2 10,1,0 10,1,2 C06
07,4,0 08,3,0 08,3,1 09,2,0 09,2,1 10,1,1 I06
07,1,0 07,1,1 08,0,0 08,0,1 09,0,1 09,0,2 J06
07,2,0 07,2,1 08,1,0 08,1,1 08,1,2 09,1,2 L26
06,3,0 07,3,0 07,3,2 08,2,1 08,2,2 08,3,2 Y26
06,5,0 07,3,1 07,4,1 07,4,2 07,5,1 07,5,2 H16
06,1,1 06,2,0 06,2,1 06,2,2 06,3,2 07,2,2 Y16
06,0,0 06,1,0 06,1,2 07,0,1 07,0,2 07,1,2 Q26
04,0,0 04,0,1 04,1,2 05,0,0 05,0,1 05,0,2 Q16
04,1,0 04,1,1 05,1,0 05,1,2 06,0,1 06,0,2 S06
04,2,0 04,2,1 04,2,2 04,3,2 05,1,1 05,2,2 X16
04,4,0 05,2,0 05,2,1 05,3,0 05,3,1 05,3,2 R16
04,3,0 04,3,1 04,4,1 04,4,2 04,5,1 04,5,2 L06
03,5,0 03,5,1 03,6,1 03,6,2 03,7,0 03,7,2 M06
00,8,0 01,7,0 01,7,1 01,8,2 02,6,0 02,6,1 L16
00,8,1 00,9,0 00,9,2 01,8,0 01,8,1 01,9,2 R06
03,6,0 04,6,1 04,6,2 04,7,0 04,7,1 04,7,2 S26
02,7,0 02,7,1 02,7,2 02,8,0 02,8,1 02,8,2 U06
01,9,0 02,9,0 02,9,2 03,7,1 03,8,1 03,8,2 V06
04,6,0 05,6,0 05,6,1 05,6,2 05,7,2 06,5,1 Y06
03,8,0 04,8,1 04,8,2 04,9,0 04,9,2 05,9,2 S16
05,9,0 06,8,0 06,9,0 06,9,2 07,8,1 07,8,2 Q06
06,6,0 06,6,2 07,6,1 07,6,2 07,7,1 07,7,2 W06
05,8,0 06,7,0 06,7,1 06,7,2 06,8,1 06,8,2 X06
04,8,0 05,7,0 05,7,1 05,8,1 05,8,2 06,6,1 H06

                                      _Q06
                                     Q06  Q06
                                _Q06/      \
                               S16  X06    Q06
                          _S16/      \_Q06/
                         S16  H06    X06  W06
                        /      \_X06/      \
                        S16    H06  X06    W06
              _V06       \_H06/      \_X06/
             V06  V06    S16  H06    X06  W06
        _V06/      \_S16/      \_H06/      \
       R06  U06    V06  S26    Y06  H06    W06
  _R06/      \_U06/      \_S26/      \_W06/
 R06  R06    U06  V06    S26  Y06    W06  H16
/      \_R06/      \_M06/      \_Y06/      \
R06    L16  U06    M06  S26    Y06  Y06    H16
 \_L16/      \_U06/      \_Y06/      \_H16/
      L16    U06  M06    S26              H16
       \_L16/      \_S26/       _O06       \_I06
            L16    M06  L06    O06  O06    H16  I06
             \_L16/      \    /      \    /      \_I06
                  M06    L06  O06    O06  H16    Y26  I06
                   \_M06/      \_O06/      \_Y26/      \_I06
                        L06                Y26  Y26    C06  I06
                         \_R16        _Y26/      \_C06/      \_C06
                         L06  R16    Y16  L26    Y26  C06    C06  F06
                        /      \_R16/      \_L26/      \_C06/      \
                        L06    R16  Y16    Y16  L26    L26  F06    F06
                         \_L06/      \_Y16/      \_L26/      \_F06/
                         X16  R16    Y16  J06    L26  J06    F06
                        /      \_R16/      \_J06/      \_F06/
                        X16    X16  Y16    Q26  J06    J06
                         \_X16/      \_Q26/      \_J06/
                         X16  X16    Q26  Q26
                        /      \_S06/      \
                        S06    S06  S06    Q26
                         \_S06/      \_Q26/
                         Q16  Q16    S06
                        /      \_Q16/
                        Q16    Q16
                         \_Q16/

solution 18 (38,671,633 searches):
05,4,0 05,4,1 05,5,0 05,5,2 06,4,1 06,4,2 O06
09,0,0 10,0,0 10,0,1 10,0,2 11,0,1 11,0,2 F06
08,2,0 09,1,0 09,1,1 09,2,2 10,1,0 10,1,2 C06
07,4,0 08,3,0 08,3,1 09,2,0 09,2,1 10,1,1 I06
07,1,0 07,1,1 08,0,0 08,0,1 09,0,1 09,0,2 J06
07,2,0 07,2,1 08,1,0 08,1,1 08,1,2 09,1,2 L26
06,3,0 07,3,0 07,3,2 08,2,1 08,2,2 08,3,2 Y26
06,6,0 07,3,1 07,4,1 07,4,2 07,5,1 07,5,2 L06
05,7,0 05,7,1 06,5,0 06,5,1 06,6,1 06,6,2 S16
06,7,0 06,7,2 07,6,1 07,6,2 07,7,1 07,7,2 Y16
05,3,0 05,3,2 06,2,0 06,2,1 06,3,2 07,2,2 R16
03,5,0 03,5,1 04,4,0 04,4,1 04,4,2 05,3,1 H16
03,6,0 04,5,1 04,5,2 04,6,0 04,6,2 05,6,2 H06
04,6,1 04,7,0 04,7,2 05,6,0 05,6,1 05,7,2 R06
04,2,0 04,2,1 04,2,2 04,3,0 04,3,1 04,3,2 U06
06,8,0 06,8,1 06,8,2 06,9,0 07,8,1 07,8,2 Q16
05,8,0 05,8,1 05,9,0 05,9,2 06,7,1 06,9,2 V06
04,8,0 04,8,1 04,8,2 04,9,0 04,9,2 05,8,2 Q26
02,8,0 03,7,1 03,8,0 03,8,1 03,8,2 04,7,1 X16
02,6,0 02,6,1 03,6,1 03,6,2 03,7,0 03,7,2 S06
00,9,0 01,8,1 01,9,0 01,9,2 02,9,0 02,9,2 L16
00,8,0 00,8,1 00,9,2 01,7,0 01,7,1 02,7,2 M06
01,8,0 01,8,2 02,7,0 02,7,1 02,8,1 02,8,2 Y06
04,0,0 04,0,1 04,1,1 04,1,2 05,0,1 05,0,2 Q06
05,0,0 06,0,0 06,0,2 07,0,1 07,0,2 07,1,2 W06
04,1,0 05,1,1 05,1,2 05,2,0 05,2,1 05,2,2 S26
05,1,0 06,0,1 06,1,0 06,1,1 06,1,2 06,2,2 X06

                                      _Q16
                                     V06  Q16
                                _V06/      \
                               V06  Q16    Q16
                          _Q26/      \_Q16/
                         Q26  V06    Q16  Y16
                        /      \_V06/      \
                        Q26    Q26  V06    Y16
              _L16       \_Q26/      \_Y16/
             L16  X16    Q26  S16    Y16  Y16
        _L16/      \_X16/      \_S16/      \
       L16  Y06    X16  X16    R06  S16    Y16
  _L16/      \_X16/      \_R06/      \_L06/
 M06  L16    Y06  X16    R06  R06    S16  L06
/      \_Y06/      \_S06/      \_R06/      \
M06    Y06  Y06    S06  R06    H06  S16    L06
 \_M06/      \_Y06/      \_H06/      \_S16/
      M06    M06  S06    H06              L06
       \_M06/      \_H06/       _O06       \_I06
            S06    S06  H06    O06  O06    L06  I06
             \_S06/      \    /      \    /      \_I06
                  H16    H06  O06    O06  L06    Y26  I06
                   \_H16/      \_O06/      \_Y26/      \_I06
                        H16                Y26  Y26    C06  I06
                         \_H16        _Y26/      \_C06/      \_C06
                         H16  H16    R16  L26    Y26  C06    C06  F06
                        /      \_R16/      \_L26/      \_C06/      \
                        U06    R16  R16    R16  L26    L26  F06    F06
                         \_U06/      \_R16/      \_L26/      \_F06/
                         U06  S26    X06  J06    L26  J06    F06
                        /      \_S26/      \_J06/      \_F06/
                        U06    S26  X06    W06  J06    J06
                         \_U06/      \_X06/      \_J06/
                         U06  S26    X06  W06
                        /      \_X06/      \
                        Q06    S26  X06    W06
                         \_S26/      \_W06/
                         Q06  Q06    W06
                        /      \_W06/
                        Q06    Q06
                         \_Q06/

solution 19 (38,781,724 searches):
05,4,0 05,4,1 05,5,0 05,5,2 06,4,1 06,4,2 O06
09,0,0 10,0,0 10,0,1 10,0,2 11,0,1 11,0,2 F06
08,2,0 09,1,0 09,1,1 09,2,2 10,1,0 10,1,2 C06
07,4,0 08,3,0 08,3,1 09,2,0 09,2,1 10,1,1 I06
07,1,0 07,1,1 08,0,0 08,0,1 09,0,1 09,0,2 J06
07,2,0 07,2,1 08,1,0 08,1,1 08,1,2 09,1,2 L26
06,3,0 07,3,0 07,3,2 08,2,1 08,2,2 08,3,2 Y26
06,6,0 07,3,1 07,4,1 07,4,2 07,5,1 07,5,2 L06
05,7,0 06,5,0 06,5,1 06,6,1 06,6,2 06,7,2 S26
06,8,0 07,6,1 07,6,2 07,7,1 07,7,2 07,8,2 L16
05,8,1 05,9,0 05,9,2 06,9,0 06,9,2 07,8,1 M06
05,8,0 05,8,2 06,7,0 06,7,1 06,8,1 06,8,2 Y06
04,8,0 04,8,1 04,9,0 04,9,2 05,7,1 05,7,2 S06
05,3,0 05,3,2 06,2,0 06,2,1 06,3,2 07,2,2 R16
03,5,0 03,5,1 04,4,0 04,4,1 04,4,2 05,3,1 H16
04,5,1 04,5,2 04,6,0 04,6,1 04,6,2 05,6,2 H06
03,7,0 03,7,1 04,7,0 04,7,2 05,6,0 05,6,1 S16
02,9,0 03,8,0 03,8,1 03,8,2 04,7,1 04,8,2 X06
04,2,1 04,3,0 04,3,1 04,3,2 05,2,1 05,2,2 Q26
05,2,0 06,1,0 06,1,1 06,2,2 07,0,1 07,1,2 U06
05,0,0 06,0,0 06,0,1 06,0,2 06,1,2 07,0,2 Y16
04,0,0 04,0,1 04,1,0 05,0,1 05,0,2 05,1,2 Q16
04,1,1 04,1,2 04,2,0 04,2,2 05,1,0 05,1,1 V06
01,7,0 01,7,1 02,6,0 02,6,1 03,6,0 03,6,2 W06
02,7,0 02,7,1 02,7,2 02,8,2 03,6,1 03,7,2 X16
01,8,1 01,9,0 01,9,2 02,8,0 02,8,1 02,9,2 R06
00,8,0 00,8,1 00,9,0 00,9,2 01,8,0 01,8,2 Q06

                                      _M06
                                     M06  M06
                                _M06/      \
                               M06  Y06    L16
                          _S06/      \_L16/
                         S06  M06    Y06  L16
                        /      \_Y06/      \
                        S06    Y06  Y06    L16
              _X06       \_S06/      \_Y06/
             R06  X06    X06  S06    S26  L16
        _R06/      \_X06/      \_S26/      \
       R06  R06    X06  X06    S06  S26    L16
  _Q06/      \_R06/      \_S16/      \_L06/
 Q06  R06    X16  S16    S16  S16    S26  L06
/      \_Q06/      \_S16/      \_S16/      \
Q06    Q06  X16    X16  H06    H06  S26    L06
 \_Q06/      \_X16/      \_H06/      \_S26/
      W06    X16  X16    H06              L06
       \_W06/      \_W06/       _O06       \_I06
            W06    W06  H06    O06  O06    L06  I06
             \_W06/      \    /      \    /      \_I06
                  H16    H06  O06    O06  L06    Y26  I06
                   \_H16/      \_O06/      \_Y26/      \_I06
                        H16                Y26  Y26    C06  I06
                         \_H16        _Y26/      \_C06/      \_C06
                         H16  H16    R16  L26    Y26  C06    C06  F06
                        /      \_R16/      \_L26/      \_C06/      \
                        Q26    R16  R16    R16  L26    L26  F06    F06
                         \_Q26/      \_R16/      \_L26/      \_F06/
                         Q26  Q26    U06  J06    L26  J06    F06
                        /      \_U06/      \_J06/      \_F06/
                        Q26    Q26  U06    U06  J06    J06
                         \_V06/      \_U06/      \_J06/
                         V06  V06    Y16  U06
                        /      \_V06/      \
                        V06    Q16  Y16    Y16
                         \_Q16/      \_Y16/
                         V06  Q16    Y16
                        /      \_Y16/
                        Q16    Q16
                         \_Q16/

solution 20 (39,740,919 searches):
05,4,0 05,4,1 05,5,0 05,5,2 06,4,1 06,4,2 O06
09,0,0 10,0,0 10,0,1 10,0,2 11,0,1 11,0,2 F06
08,2,0 09,1,0 09,1,1 09,2,2 10,1,0 10,1,2 C06
07,4,0 08,3,0 08,3,1 09,2,0 09,2,1 10,1,1 I06
07,1,0 07,1,1 08,0,0 08,0,1 09,0,1 09,0,2 J06
07,2,0 07,2,1 08,1,0 08,1,1 08,1,2 09,1,2 L26
06,3,0 07,3,0 07,3,2 08,2,1 08,2,2 08,3,2 Y26
06,5,0 06,5,1 06,6,2 07,3,1 07,4,1 07,4,2 S16
06,6,0 07,5,1 07,5,2 07,6,1 07,6,2 07,7,2 H16
05,3,0 05,3,2 06,2,0 06,2,1 06,3,2 07,2,2 R16
04,4,0 04,4,1 04,4,2 04,5,1 04,5,2 05,3,1 H06
03,5,0 03,5,1 03,6,1 03,6,2 03,7,0 03,7,2 M06
03,6,0 04,6,0 04,6,2 05,6,0 05,6,1 05,6,2 L16
01,7,0 01,7,1 02,6,0 02,6,1 02,7,0 02,7,2 Y16
03,8,0 04,6,1 04,7,0 04,7,1 04,7,2 05,7,2 Y06
04,3,0 04,3,1 04,3,2 05,2,0 05,2,1 06,2,2 S26
05,0,0 06,0,0 06,0,2 07,0,1 07,0,2 07,1,2 W06
05,1,0 05,1,1 06,0,1 06,1,0 06,1,1 06,1,2 X16
04,1,0 04,1,1 04,2,0 04,2,1 04,2,2 05,2,2 R06
04,0,0 04,0,1 04,1,2 05,0,1 05,0,2 05,1,2 Q06
00,8,1 00,9,0 00,9,2 01,9,0 01,9,2 02,9,2 L06
00,8,0 01,8,0 01,8,1 01,8,2 02,7,1 02,8,2 X06
02,8,0 02,8,1 02,9,0 03,7,1 03,8,1 03,8,2 Q26
04,8,1 04,8,2 04,9,0 04,9,2 05,8,0 05,8,1 V06
04,8,0 05,7,0 05,7,1 05,8,2 06,6,1 06,7,2 U06
05,9,0 05,9,2 06,7,0 06,7,1 06,8,1 06,8,2 S06
06,8,0 06,9,0 06,9,2 07,7,1 07,8,1 07,8,2 Q16

                                      _Q16
                                     Q16  Q16
                                _S06/      \
                               S06  S06    Q16
                          _V06/      \_Q16/
                         V06  V06    S06  Q16
                        /      \_V06/      \
                        V06    U06  S06    H16
              _Q26       \_U06/      \_S06/
             L06  Q26    V06  U06    U06  H16
        _L06/      \_Y06/      \_U06/      \
       L06  Q26    Q26  Y06    Y06  U06    H16
  _L06/      \_Q26/      \_Y06/      \_H16/
 L06  X06    X06  Q26    Y06  L16    S16  H16
/      \_X06/      \_M06/      \_L16/      \
L06    X06  X06    M06  Y06    L16  S16    H16
 \_X06/      \_Y16/      \_L16/      \_S16/
      Y16    Y16  M06    L16              S16
       \_Y16/      \_L16/       _O06       \_I06
            Y16    M06  H06    O06  O06    S16  I06
             \_Y16/      \    /      \    /      \_I06
                  M06    H06  O06    O06  S16    Y26  I06
                   \_M06/      \_O06/      \_Y26/      \_I06
                        H06                Y26  Y26    C06  I06
                         \_H06        _Y26/      \_C06/      \_C06
                         H06  H06    R16  L26    Y26  C06    C06  F06
                        /      \_R16/      \_L26/      \_C06/      \
                        S26    R16  R16    R16  L26    L26  F06    F06
                         \_S26/      \_R16/      \_L26/      \_F06/
                         S26  S26    S26  J06    L26  J06    F06
                        /      \_S26/      \_J06/      \_F06/
                        R06    R06  X16    W06  J06    J06
                         \_R06/      \_X16/      \_J06/
                         R06  X16    X16  W06
                        /      \_X16/      \
                        R06    Q06  X16    W06
                         \_R06/      \_W06/
                         Q06  Q06    W06
                        /      \_W06/
                        Q06    Q06
                         \_Q06/

User-requested solution limit reached.
20 solutions, 39,740,919 searches, duration 0:06:43.348315
