solving Hexiamonds4x10LongHexagon:

solution 1:
1,0,1 1,1,0 1,1,1 2,0,0 2,0,1 2,1,0 O6
0,1,1 0,2,0 0,2,1 0,3,0 0,3,1 1,2,0 E6
3,0,0 3,0,1 3,1,0 3,1,1 4,1,0 4,1,1 C6
4,0,0 4,0,1 5,0,0 5,0,1 5,1,0 6,0,0 P6
1,2,1 1,3,0 1,3,1 2,1,1 2,2,0 2,3,0 G6
2,2,1 2,3,1 3,2,0 3,2,1 3,3,0 3,3,1 F6
4,2,0 4,2,1 4,3,0 4,3,1 5,1,1 5,2,0 H6
5,3,0 5,3,1 6,3,0 6,3,1 7,3,0 7,3,1 I6
5,2,1 6,0,1 6,1,0 6,1,1 6,2,0 7,0,0 S6
8,1,1 8,2,0 8,2,1 8,3,0 9,1,1 9,2,0 V6
6,2,1 7,1,0 7,1,1 7,2,0 7,2,1 8,1,0 X6
7,0,1 8,0,0 8,0,1 9,0,0 9,0,1 9,1,0 J6

    ________________________________
   /   /    \      /   /           /\
  /   /   ___\    /   /___________/  \
 /    \   \      /    \   \      /    \
/   ___\   \____/___   \   \    /      \
\  /    \  /       /\  /   /    \  /\  /
 \/      \/   ____/  \/   /______\/  \/
  \      /   /        \   \          /
   \____/___/__________\___\________/


solution 2:
1,0,1 1,1,0 1,1,1 2,0,0 2,0,1 2,1,0 O6
0,1,1 0,2,0 0,2,1 0,3,0 0,3,1 1,2,0 E6
3,0,0 3,0,1 4,0,0 4,0,1 4,1,0 4,1,1 C6
5,0,0 5,0,1 6,0,0 6,0,1 7,0,0 7,0,1 I6
7,1,1 8,0,0 8,0,1 8,1,0 9,0,0 9,0,1 H6
8,1,1 8,2,1 8,3,0 9,1,0 9,1,1 9,2,0 G6
6,3,1 7,2,0 7,2,1 7,3,0 7,3,1 8,2,0 X6
5,3,1 6,1,1 6,2,0 6,2,1 6,3,0 7,1,0 S6
5,1,0 5,1,1 5,2,0 5,2,1 5,3,0 6,1,0 P6
3,2,1 3,3,1 4,2,0 4,2,1 4,3,0 4,3,1 F6
1,3,1 2,2,1 2,3,0 2,3,1 3,2,0 3,3,0 V6
1,2,1 1,3,0 2,1,1 2,2,0 3,1,0 3,1,1 J6

    ________________________________
   /   /\       \      /\   \      /\
  /   /  \    ___\    /  \   \    /  \
 /    \   \   \      /   /   /    \   \
/   ___\   \___\____/   /   /______\   \
\  /    \      /   /    \   \   \      /
 \/      \____/   /______\___\   \____/
  \      /       /           /       /
   \____/_______/___________/_______/


solution 3:
1,0,1 1,1,0 1,1,1 2,0,0 2,0,1 2,1,0 O6
0,1,1 0,2,0 0,2,1 0,3,0 0,3,1 1,2,0 E6
3,0,0 3,0,1 4,0,0 4,0,1 4,1,0 4,1,1 C6
5,0,0 5,0,1 6,0,0 6,0,1 7,0,0 7,0,1 I6
7,1,1 8,0,0 8,0,1 8,1,0 9,0,0 9,0,1 H6
8,1,1 8,2,1 8,3,0 9,1,0 9,1,1 9,2,0 G6
6,3,1 7,2,0 7,2,1 7,3,0 7,3,1 8,2,0 X6
5,3,1 6,1,1 6,2,0 6,2,1 6,3,0 7,1,0 S6
5,1,0 5,1,1 5,2,0 5,2,1 5,3,0 6,1,0 P6
3,3,0 3,3,1 4,2,0 4,2,1 4,3,0 4,3,1 V6
2,2,1 2,3,0 2,3,1 3,1,1 3,2,0 3,2,1 F6
1,2,1 1,3,0 1,3,1 2,1,1 2,2,0 3,1,0 J6

    ________________________________
   /   /   /   /       /\   \      /\
  /   /   /   /___    /  \   \    /  \
 /    \   \      /   /   /   /    \   \
/   ___\   \    /___/   /   /______\   \
\  /    \   \  /   /    \   \   \      /
 \/      \___\/   /______\___\   \____/
  \      /       /           /       /
   \____/_______/___________/_______/


solution 4:
1,0,1 1,1,0 1,1,1 2,0,0 2,0,1 2,1,0 O6
0,1,1 0,2,0 0,2,1 0,3,0 0,3,1 1,2,0 E6
3,0,0 3,0,1 4,0,0 4,0,1 4,1,0 4,1,1 C6
5,0,0 5,0,1 6,0,0 6,0,1 7,0,0 7,0,1 I6
7,1,1 8,0,0 8,0,1 8,1,0 9,0,0 9,0,1 H6
8,1,1 8,2,1 8,3,0 9,1,0 9,1,1 9,2,0 G6
6,3,1 7,2,0 7,2,1 7,3,0 7,3,1 8,2,0 X6
5,3,1 6,1,1 6,2,0 6,2,1 6,3,0 7,1,0 S6
5,1,0 5,1,1 5,2,0 5,2,1 5,3,0 6,1,0 P6
3,3,0 3,3,1 4,2,0 4,2,1 4,3,0 4,3,1 V6
1,3,1 2,2,1 2,3,0 2,3,1 3,2,0 3,2,1 F6
1,2,1 1,3,0 2,1,1 2,2,0 3,1,0 3,1,1 J6

    ________________________________
   /   /\      /       /\   \      /\
  /   /  \    /___    /  \   \    /  \
 /    \   \      /   /   /   /    \   \
/   ___\   \____/___/   /   /______\   \
\  /    \      /   /    \   \   \      /
 \/      \____/   /______\___\   \____/
  \      /       /           /       /
   \____/_______/___________/_______/


solution 5:
1,0,1 1,1,0 1,1,1 2,0,0 2,0,1 2,1,0 O6
0,1,1 0,2,0 0,2,1 0,3,0 0,3,1 1,2,0 E6
3,0,0 3,0,1 4,0,0 4,0,1 4,1,0 4,1,1 C6
5,0,0 5,0,1 6,0,0 6,0,1 7,0,0 7,0,1 I6
7,1,1 8,0,0 8,0,1 8,1,0 8,1,1 9,0,0 X6
8,2,0 8,2,1 9,0,1 9,1,0 9,1,1 9,2,0 G6
6,3,1 7,2,0 7,2,1 7,3,0 7,3,1 8,3,0 H6
5,3,1 6,1,1 6,2,0 6,2,1 6,3,0 7,1,0 S6
5,1,0 5,1,1 5,2,0 5,2,1 5,3,0 6,1,0 P6
3,2,1 3,3,1 4,2,0 4,2,1 4,3,0 4,3,1 F6
1,3,1 2,2,1 2,3,0 2,3,1 3,2,0 3,3,0 V6
1,2,1 1,3,0 2,1,1 2,2,0 3,1,0 3,1,1 J6

    ________________________________
   /   /\       \      /\   \       \
  /   /  \    ___\    /  \   \    ___\
 /    \   \   \      /   /   /   /    \
/   ___\   \___\____/   /   /___/___   \
\  /    \      /   /    \   \      /   /
 \/      \____/   /______\___\    /   /
  \      /       /           /    \  /
   \____/_______/___________/______\/


solution 6:
1,0,1 1,1,0 1,1,1 2,0,0 2,0,1 2,1,0 O6
0,1,1 0,2,0 0,2,1 0,3,0 0,3,1 1,2,0 E6
3,0,0 3,0,1 4,0,0 4,0,1 4,1,0 4,1,1 C6
5,0,0 5,0,1 6,0,0 6,0,1 7,0,0 7,0,1 I6
7,1,1 8,0,0 8,0,1 8,1,0 8,1,1 9,0,0 X6
8,2,0 8,2,1 9,0,1 9,1,0 9,1,1 9,2,0 G6
6,3,1 7,2,0 7,2,1 7,3,0 7,3,1 8,3,0 H6
5,3,1 6,1,1 6,2,0 6,2,1 6,3,0 7,1,0 S6
5,1,0 5,1,1 5,2,0 5,2,1 5,3,0 6,1,0 P6
3,3,0 3,3,1 4,2,0 4,2,1 4,3,0 4,3,1 V6
2,2,1 2,3,0 2,3,1 3,1,1 3,2,0 3,2,1 F6
1,2,1 1,3,0 1,3,1 2,1,1 2,2,0 3,1,0 J6

    ________________________________
   /   /   /   /       /\   \       \
  /   /   /   /___    /  \   \    ___\
 /    \   \      /   /   /   /   /    \
/   ___\   \    /___/   /   /___/___   \
\  /    \   \  /   /    \   \      /   /
 \/      \___\/   /______\___\    /   /
  \      /       /           /    \  /
   \____/_______/___________/______\/


solution 7:
1,0,1 1,1,0 1,1,1 2,0,0 2,0,1 2,1,0 O6
0,1,1 0,2,0 0,2,1 0,3,0 0,3,1 1,2,0 E6
3,0,0 3,0,1 4,0,0 4,0,1 4,1,0 4,1,1 C6
5,0,0 5,0,1 6,0,0 6,0,1 7,0,0 7,0,1 I6
7,1,1 8,0,0 8,0,1 8,1,0 8,1,1 9,0,0 X6
8,2,0 8,2,1 9,0,1 9,1,0 9,1,1 9,2,0 G6
6,3,1 7,2,0 7,2,1 7,3,0 7,3,1 8,3,0 H6
5,3,1 6,1,1 6,2,0 6,2,1 6,3,0 7,1,0 S6
5,1,0 5,1,1 5,2,0 5,2,1 5,3,0 6,1,0 P6
3,3,0 3,3,1 4,2,0 4,2,1 4,3,0 4,3,1 V6
1,3,1 2,2,1 2,3,0 2,3,1 3,2,0 3,2,1 F6
1,2,1 1,3,0 2,1,1 2,2,0 3,1,0 3,1,1 J6

    ________________________________
   /   /\      /       /\   \       \
  /   /  \    /___    /  \   \    ___\
 /    \   \      /   /   /   /   /    \
/   ___\   \____/___/   /   /___/___   \
\  /    \      /   /    \   \      /   /
 \/      \____/   /______\___\    /   /
  \      /       /           /    \  /
   \____/_______/___________/______\/


solution 8:
1,0,1 1,1,0 1,1,1 2,0,0 2,0,1 2,1,0 O6
0,1,1 0,2,0 0,2,1 0,3,0 0,3,1 1,2,0 E6
3,0,0 3,0,1 3,1,0 3,1,1 4,0,0 4,1,0 F6
4,0,1 4,1,1 5,0,0 5,0,1 5,1,0 6,0,0 V6
1,2,1 1,3,0 2,1,1 2,2,0 2,2,1 3,2,0 H6
1,3,1 2,3,0 2,3,1 3,2,1 3,3,0 4,2,0 C6
3,3,1 4,2,1 4,3,0 4,3,1 5,3,0 5,3,1 P6
7,0,0 7,0,1 8,0,0 8,0,1 9,0,0 9,0,1 I6
6,0,1 6,1,0 6,1,1 7,1,0 7,1,1 8,1,0 J6
5,1,1 5,2,0 5,2,1 6,2,0 6,2,1 6,3,0 S6
6,3,1 7,2,0 7,2,1 7,3,0 7,3,1 8,2,0 X6
8,1,1 8,2,1 8,3,0 9,1,0 9,1,1 9,2,0 G6

    ________________________________
   /   /\       \          /\      /\
  /   /  \____   \    ____/  \    /  \
 /    \       \   \  /       /    \   \
/   ___\    ___\___\/   ____/______\   \
\  /    \  /    \   \  /        \      /
 \/      \/   ___\   \/   _______\____/
  \      /    \       \  /           /
   \____/______\_______\/___________/


solution 9:
1,0,1 1,1,0 1,1,1 2,0,0 2,0,1 2,1,0 O6
0,1,1 0,2,0 0,2,1 0,3,0 0,3,1 1,2,0 E6
3,0,0 3,0,1 3,1,0 3,1,1 4,0,0 4,1,0 F6
4,0,1 4,1,1 5,0,0 5,0,1 5,1,0 6,0,0 V6
1,2,1 1,3,0 2,1,1 2,2,0 2,2,1 3,2,0 H6
1,3,1 2,3,0 2,3,1 3,2,1 3,3,0 3,3,1 P6
4,2,0 4,2,1 4,3,0 4,3,1 5,3,0 5,3,1 C6
7,0,0 7,0,1 8,0,0 8,0,1 9,0,0 9,0,1 I6
6,0,1 6,1,0 6,1,1 7,1,0 7,1,1 8,1,0 J6
5,1,1 5,2,0 5,2,1 6,2,0 6,2,1 6,3,0 S6
6,3,1 7,2,0 7,2,1 7,3,0 7,3,1 8,2,0 X6
8,1,1 8,2,1 8,3,0 9,1,0 9,1,1 9,2,0 G6

    ________________________________
   /   /\          /       /\      /\
  /   /  \____    /   ____/  \    /  \
 /    \       \  /   /       /    \   \
/   ___\    ___\/___/   ____/______\   \
\  /    \  /    \   \  /        \      /
 \/      \/   ___\   \/   _______\____/
  \      /    \       \  /           /
   \____/______\_______\/___________/


solution 10:
1,0,1 1,1,0 1,1,1 2,0,0 2,0,1 2,1,0 O6
0,1,1 0,2,0 0,2,1 0,3,0 0,3,1 1,2,0 E6
3,0,0 3,0,1 3,1,0 3,1,1 4,0,0 4,1,0 F6
4,0,1 4,1,1 5,0,0 5,0,1 5,1,0 6,0,0 V6
1,2,1 1,3,0 2,1,1 2,2,0 2,2,1 3,2,0 H6
1,3,1 2,3,0 2,3,1 3,2,1 3,3,0 3,3,1 P6
4,2,0 4,2,1 4,3,0 5,1,1 5,2,0 5,2,1 X6
4,3,1 5,3,0 5,3,1 6,2,0 6,2,1 6,3,0 G6
7,0,0 7,0,1 8,0,0 8,0,1 9,0,0 9,0,1 I6
6,0,1 6,1,0 6,1,1 7,1,0 7,1,1 8,1,0 J6
7,2,0 7,2,1 8,1,1 8,2,0 9,1,0 9,1,1 S6
6,3,1 7,3,0 7,3,1 8,2,1 8,3,0 9,2,0 C6

    ________________________________
   /   /\          /\       \       \
  /   /  \____    /  \____   \____   \
 /    \       \  /       /   /    \   \
/   ___\    ___\/___    /___/___   \___\
\  /    \  /    \   \  /        \      /
 \/      \/   ___\   \/   _______\____/
  \      /    \       \  /           /
   \____/______\_______\/___________/

...

solution 856:
4,1,1 4,2,0 4,2,1 5,1,0 5,1,1 5,2,0 O6
3,3,0 3,3,1 4,3,0 4,3,1 5,2,1 5,3,0 J6
5,0,1 6,0,0 6,0,1 6,1,0 6,1,1 7,1,0 S6
7,0,0 7,0,1 8,0,0 8,0,1 9,0,0 9,0,1 I6
3,0,1 3,1,1 4,0,0 4,0,1 4,1,0 5,0,0 V6
1,3,1 2,2,1 2,3,0 2,3,1 3,2,0 3,2,1 F6
7,1,1 8,1,0 8,1,1 8,2,0 9,1,0 9,1,1 E6
7,2,1 7,3,0 7,3,1 8,2,1 8,3,0 9,2,0 G6
5,3,1 6,2,0 6,2,1 6,3,0 6,3,1 7,2,0 X6
0,2,0 0,2,1 0,3,0 0,3,1 1,1,1 1,2,0 H6
0,1,1 1,0,1 1,1,0 2,0,0 2,0,1 3,0,0 C6
1,2,1 1,3,0 2,1,0 2,1,1 2,2,0 3,1,0 P6

    ________________________________
   /   /\      /        \      /    \
  /   /  \    /_______   \    /      \
 /    \   \      /    \  /    \  /\   \
/___   \   \____/      \/______\/  \___\
\   \  /    \   \      /    \          /
 \   \/______\   \____/   ___\________/
  \       \       \      /           /
   \_______\_______\____/___________/


856 solutions, 532840 searches, duration 0:05:19.028000
