solving Hexiamonds4x9Matrix:

solution 1:
0,0,0 0,0,1 0,1,0 0,1,1 1,0,0 1,1,0 F6
1,0,1 1,1,1 1,2,0 2,0,0 2,0,1 2,1,0 G6
0,2,0 0,2,1 0,3,0 0,3,1 1,3,0 1,3,1 L6
6,3,1 7,3,0 7,3,1 8,2,1 8,3,0 8,3,1 P6
1,2,1 2,1,1 2,2,0 3,0,0 3,0,1 3,1,0 J6
3,1,1 4,0,0 4,0,1 4,1,0 4,1,1 5,1,0 H6
5,0,0 5,0,1 6,0,0 6,0,1 7,0,0 7,0,1 I6
7,1,1 8,0,0 8,0,1 8,1,0 8,1,1 8,2,0 E6
5,3,0 5,3,1 6,2,1 6,3,0 7,2,0 7,2,1 S6
5,1,1 5,2,1 6,1,0 6,1,1 6,2,0 7,1,0 V6
3,3,1 4,2,0 4,2,1 4,3,0 4,3,1 5,2,0 X6
2,2,1 2,3,0 2,3,1 3,2,0 3,2,1 3,3,0 O6

            ______________________________________________________
           /           /      \          /      \                /
          /           /        \        /        \              /
         /     ______/          \      /_____     \______      /
        /     /\     \          /      \     \          /\    /
       /     /  \     \        /        \     \        /  \  /
      /_____/    \     \______/__________\     \______/    \/
     /      \     \     \           \           \          /
    /        \     \     \           \           \        /
   /     _____\     \     \      _____\___________\      /
  /      \          /     /     /                 /     /
 /        \        /     /     /                 /     /
/__________\______/_____/_____/_________________/_____/


solution 2:
0,0,0 0,0,1 0,1,0 0,1,1 1,0,0 1,1,0 F6
1,0,1 1,1,1 1,2,0 2,0,0 2,0,1 2,1,0 G6
0,2,0 0,2,1 0,3,0 0,3,1 1,3,0 1,3,1 L6
7,3,1 8,1,1 8,2,0 8,2,1 8,3,0 8,3,1 P6
1,2,1 2,1,1 2,2,0 3,0,0 3,0,1 3,1,0 J6
3,1,1 4,0,0 4,0,1 4,1,0 4,1,1 5,1,0 H6
5,0,0 5,0,1 6,0,0 6,0,1 7,0,0 7,0,1 I6
7,1,1 7,2,0 7,2,1 8,0,0 8,0,1 8,1,0 S6
5,3,0 5,3,1 6,2,1 6,3,0 6,3,1 7,3,0 E6
5,1,1 5,2,1 6,1,0 6,1,1 6,2,0 7,1,0 V6
3,3,1 4,2,0 4,2,1 4,3,0 4,3,1 5,2,0 X6
2,2,1 2,3,0 2,3,1 3,2,0 3,2,1 3,3,0 O6

            ______________________________________________________
           /           /      \          /            \          /
          /           /        \        /              \        /
         /     ______/          \      /_____      _____\      /
        /     /\     \          /      \     \    /     /     /
       /     /  \     \        /        \     \  /     /     /
      /_____/    \     \______/__________\     \/     /     /
     /      \     \     \           \           \     \    /
    /        \     \     \           \           \     \  /
   /     _____\     \     \      _____\___________\     \/
  /      \          /     /     /                 /     /
 /        \        /     /     /                 /     /
/__________\______/_____/_____/_________________/_____/


solution 3:
0,0,0 0,0,1 0,1,0 0,1,1 1,0,0 1,1,0 F6
1,0,1 2,0,0 2,0,1 2,1,0 2,1,1 3,0,0 H6
0,2,0 0,2,1 0,3,0 0,3,1 1,3,0 1,3,1 L6
1,1,1 1,2,0 1,2,1 2,2,0 2,2,1 3,2,0 J6
2,3,0 2,3,1 3,2,1 3,3,0 4,2,0 4,2,1 S6
3,3,1 4,3,0 4,3,1 5,3,0 5,3,1 6,3,0 I6
3,0,1 3,1,0 3,1,1 4,0,0 4,0,1 4,1,0 O6
6,3,1 7,2,1 7,3,0 7,3,1 8,3,0 8,3,1 P6
7,1,1 7,2,0 8,1,0 8,1,1 8,2,0 8,2,1 G6
6,0,1 7,0,0 7,0,1 7,1,0 8,0,0 8,0,1 E6
4,1,1 5,0,0 5,0,1 5,1,0 5,1,1 6,0,0 X6
5,2,0 5,2,1 6,1,0 6,1,1 6,2,0 6,2,1 V6

            ______________________________________________________
           /           /      \                 \                /
          /           /        \                 \              /
         /     ______/_____     \_________________\      ______/
        /     /            \          /           /\    /     /
       /     /              \        /           /  \  /     /
      /_____/     ___________\______/_____      /    \/     /
     /      \    /     /      \          /     /\          /
    /        \  /     /        \        /     /  \        /
   /     _____\/     /          \      /_____/    \______/
  /      \           \          /      \                /
 /        \           \        /        \              /
/__________\___________\______/__________\____________/


solution 4:
0,0,0 0,0,1 0,1,0 0,1,1 1,0,0 1,1,0 F6
1,0,1 2,0,0 2,0,1 2,1,0 2,1,1 3,0,0 H6
0,2,0 0,2,1 0,3,0 0,3,1 1,3,0 1,3,1 L6
1,1,1 1,2,0 1,2,1 2,2,0 2,2,1 2,3,0 S6
6,3,1 7,2,1 7,3,0 7,3,1 8,3,0 8,3,1 P6
8,0,0 8,0,1 8,1,0 8,1,1 8,2,0 8,2,1 I6
2,3,1 3,2,0 3,2,1 3,3,0 3,3,1 4,2,0 X6
3,0,1 3,1,0 3,1,1 4,0,0 4,0,1 4,1,0 O6
4,1,1 5,0,0 5,0,1 5,1,0 5,1,1 5,2,0 E6
4,2,1 4,3,0 4,3,1 5,2,1 5,3,0 6,2,0 G6
6,0,0 6,0,1 6,1,0 6,1,1 7,0,0 7,0,1 V6
5,3,1 6,2,1 6,3,0 7,1,0 7,1,1 7,2,0 J6

            ______________________________________________________
           /           /\          /      \     \                /
          /           /  \        /        \     \              /
         /     ______/    \      /          \     \      ______/
        /     /           /      \    /\     \     \    /     /
       /     /           /        \  /  \     \     \  /     /
      /_____/     ______/__________\/    \_____\     \/     /
     /      \    /     /      \          /     /     /     /
    /        \  /     /        \        /     /     /     /
   /     _____\/     /          \      /     /_____/     /
  /      \           \          /     /           /     /
 /        \           \        /     /           /     /
/__________\___________\______/_____/___________/_____/


solution 5:
0,0,0 0,0,1 0,1,0 0,1,1 1,0,0 1,1,0 F6
1,0,1 2,0,0 2,0,1 2,1,0 2,1,1 3,0,0 H6
0,2,0 0,2,1 0,3,0 0,3,1 1,3,0 1,3,1 L6
1,1,1 1,2,0 1,2,1 2,2,0 2,2,1 2,3,0 S6
6,3,1 7,2,1 7,3,0 7,3,1 8,3,0 8,3,1 P6
8,0,0 8,0,1 8,1,0 8,1,1 8,2,0 8,2,1 I6
2,3,1 3,2,0 3,2,1 3,3,0 3,3,1 4,2,0 X6
3,0,1 3,1,0 3,1,1 4,0,0 4,0,1 4,1,0 O6
4,1,1 5,0,0 5,0,1 5,1,0 5,1,1 5,2,0 E6
4,2,1 4,3,0 4,3,1 5,3,0 5,3,1 6,3,0 J6
6,0,0 6,0,1 6,1,0 6,1,1 7,0,0 7,0,1 V6
5,2,1 6,2,0 6,2,1 7,1,0 7,1,1 7,2,0 G6

            ______________________________________________________
           /           /\          /            \                /
          /           /  \        /              \              /
         /     ______/    \      /     ___________\      ______/
        /     /           /      \    /\           \    /     /
       /     /           /        \  /  \           \  /     /
      /_____/     ______/__________\/    \______     \/     /
     /      \    /     /      \          /     /     /     /
    /        \  /     /        \        /     /     /     /
   /     _____\/     /          \      /     /_____/     /
  /      \           \          /     /           /     /
 /        \           \        /     /           /     /
/__________\___________\______/_____/___________/_____/


solution 6:
0,0,0 0,0,1 0,1,0 0,1,1 1,0,0 1,1,0 F6
1,0,1 2,0,0 2,0,1 2,1,0 2,1,1 3,0,0 H6
0,2,0 0,2,1 0,3,0 0,3,1 1,3,0 1,3,1 L6
1,1,1 1,2,0 1,2,1 2,2,0 2,2,1 2,3,0 S6
6,3,1 7,3,0 7,3,1 8,2,1 8,3,0 8,3,1 P6
2,3,1 3,2,0 3,2,1 3,3,0 3,3,1 4,2,0 X6
3,0,1 3,1,0 3,1,1 4,0,0 4,0,1 4,1,0 O6
5,0,0 5,0,1 6,0,0 6,0,1 7,0,0 7,0,1 I6
6,1,1 7,1,0 7,1,1 8,0,0 8,0,1 8,1,0 G6
6,2,0 6,2,1 7,2,0 7,2,1 8,1,1 8,2,0 J6
4,3,0 4,3,1 5,2,1 5,3,0 5,3,1 6,3,0 E6
4,1,1 4,2,1 5,1,0 5,1,1 5,2,0 6,1,0 V6

            ______________________________________________________
           /           /\          /            \                /
          /           /  \        /              \              /
         /     ______/    \      /_____      _____\______      /
        /     /           /      \     \    /            \    /
       /     /           /        \     \  /              \  /
      /_____/     ______/__________\     \/___________     \/
     /      \    /     /      \           \           \    /
    /        \  /     /        \           \           \  /
   /     _____\/     /          \___________\______     \/
  /      \           \          /                 /     /
 /        \           \        /                 /     /
/__________\___________\______/_________________/_____/


solution 7:
0,0,0 0,0,1 0,1,0 0,1,1 1,0,0 1,1,0 F6
1,0,1 2,0,0 2,0,1 3,0,0 3,0,1 3,1,0 J6
8,1,0 8,1,1 8,2,0 8,2,1 8,3,0 8,3,1 I6
7,0,0 7,0,1 7,1,0 7,1,1 8,0,0 8,0,1 V6
6,2,0 6,2,1 7,2,0 7,2,1 7,3,0 7,3,1 L6
4,3,1 5,2,1 5,3,0 5,3,1 6,3,0 6,3,1 P6
3,1,1 4,0,0 4,0,1 4,1,0 4,1,1 5,0,0 X6
2,2,1 2,3,0 2,3,1 3,2,0 3,2,1 3,3,0 O6
3,3,1 4,2,0 4,2,1 4,3,0 5,1,1 5,2,0 E6
5,0,1 5,1,0 6,0,0 6,0,1 6,1,0 6,1,1 G6
0,2,0 0,2,1 1,1,1 1,2,0 2,1,0 2,1,1 S6
0,3,0 0,3,1 1,2,1 1,3,0 1,3,1 2,2,0 H6

            ______________________________________________________
           /           /      \     \                /     /     /
          /           /        \     \              /     /     /
         /_____      /          \     \      ______/     /     /
        /      \     \          /      \    /           /     /
       /        \     \        /        \  /           /     /
      /_____     \_____\______/_____     \/___________/     /
     /      \          /\          /\    /     /     /     /
    /        \        /  \        /  \  /     /     /     /
   /     _____\______/    \      /    \/     /     /_____/
  /      \                /      \          /           /
 /        \              /        \        /           /
/__________\____________/__________\______/___________/


solution 8:
0,0,0 0,0,1 0,1,0 0,1,1 1,0,0 1,1,0 F6
1,0,1 2,0,0 2,0,1 3,0,0 3,0,1 3,1,0 J6
8,1,0 8,1,1 8,2,0 8,2,1 8,3,0 8,3,1 I6
7,0,0 7,0,1 7,1,0 7,1,1 8,0,0 8,0,1 V6
6,2,0 6,2,1 7,2,0 7,2,1 7,3,0 7,3,1 L6
4,3,1 5,2,1 5,3,0 5,3,1 6,3,0 6,3,1 P6
3,1,1 4,0,0 4,0,1 4,1,0 4,1,1 5,0,0 X6
2,2,1 2,3,0 2,3,1 3,2,0 3,2,1 3,3,0 O6
3,3,1 4,2,0 4,2,1 4,3,0 5,1,1 5,2,0 E6
5,0,1 5,1,0 6,0,0 6,0,1 6,1,0 6,1,1 G6
1,2,1 1,3,0 1,3,1 2,1,0 2,1,1 2,2,0 S6
0,2,0 0,2,1 0,3,0 0,3,1 1,1,1 1,2,0 H6

            ______________________________________________________
           /     /     /      \     \                /     /     /
          /     /     /        \     \              /     /     /
         /     /     /          \     \      ______/     /     /
        /      \     \          /      \    /           /     /
       /        \     \        /        \  /           /     /
      /_____     \     \______/_____     \/___________/     /
     /      \    /     /\          /\    /     /     /     /
    /        \  /     /  \        /  \  /     /     /     /
   /     _____\/_____/    \      /    \/     /     /_____/
  /      \                /      \          /           /
 /        \              /        \        /           /
/__________\____________/__________\______/___________/


solution 9:
0,0,0 0,0,1 0,1,0 0,1,1 1,0,0 1,1,0 F6
1,0,1 2,0,0 2,0,1 3,0,0 3,0,1 3,1,0 J6
8,1,0 8,1,1 8,2,0 8,2,1 8,3,0 8,3,1 I6
7,0,0 7,0,1 7,1,0 7,1,1 8,0,0 8,0,1 V6
5,3,1 6,3,0 6,3,1 7,2,1 7,3,0 7,3,1 P6
4,3,1 5,2,1 5,3,0 6,2,0 6,2,1 7,2,0 L6
3,1,1 4,0,0 4,0,1 4,1,0 4,1,1 5,0,0 X6
2,2,1 2,3,0 2,3,1 3,2,0 3,2,1 3,3,0 O6
3,3,1 4,2,0 4,2,1 4,3,0 5,1,1 5,2,0 E6
5,0,1 5,1,0 6,0,0 6,0,1 6,1,0 6,1,1 G6
0,2,0 0,2,1 1,1,1 1,2,0 2,1,0 2,1,1 S6
0,3,0 0,3,1 1,2,1 1,3,0 1,3,1 2,2,0 H6

            ______________________________________________________
           /           /      \     \     \                /     /
          /           /        \     \     \              /     /
         /_____      /          \     \     \______      /     /
        /      \     \          /      \           \    /     /
       /        \     \        /        \           \  /     /
      /_____     \_____\______/_____     \___________\/     /
     /      \          /\          /\    /     /     /     /
    /        \        /  \        /  \  /     /     /     /
   /     _____\______/    \      /    \/     /     /_____/
  /      \                /      \          /           /
 /        \              /        \        /           /
/__________\____________/__________\______/___________/


solution 10:
0,0,0 0,0,1 0,1,0 0,1,1 1,0,0 1,1,0 F6
1,0,1 2,0,0 2,0,1 3,0,0 3,0,1 3,1,0 J6
8,1,0 8,1,1 8,2,0 8,2,1 8,3,0 8,3,1 I6
7,0,0 7,0,1 7,1,0 7,1,1 8,0,0 8,0,1 V6
5,3,1 6,3,0 6,3,1 7,2,1 7,3,0 7,3,1 P6
4,3,1 5,2,1 5,3,0 6,2,0 6,2,1 7,2,0 L6
3,1,1 4,0,0 4,0,1 4,1,0 4,1,1 5,0,0 X6
2,2,1 2,3,0 2,3,1 3,2,0 3,2,1 3,3,0 O6
3,3,1 4,2,0 4,2,1 4,3,0 5,1,1 5,2,0 E6
5,0,1 5,1,0 6,0,0 6,0,1 6,1,0 6,1,1 G6
1,2,1 1,3,0 1,3,1 2,1,0 2,1,1 2,2,0 S6
0,2,0 0,2,1 0,3,0 0,3,1 1,1,1 1,2,0 H6

            ______________________________________________________
           /     /     /      \     \     \                /     /
          /     /     /        \     \     \              /     /
         /     /     /          \     \     \______      /     /
        /      \     \          /      \           \    /     /
       /        \     \        /        \           \  /     /
      /_____     \     \______/_____     \___________\/     /
     /      \    /     /\          /\    /     /     /     /
    /        \  /     /  \        /  \  /     /     /     /
   /     _____\/_____/    \      /    \/     /     /_____/
  /      \                /      \          /           /
 /        \              /        \        /           /
/__________\____________/__________\______/___________/


solution 11:
0,0,0 0,0,1 0,1,0 0,1,1 1,0,0 1,1,0 F6
1,0,1 1,1,1 2,0,0 2,0,1 2,1,0 3,0,0 V6
0,2,0 0,2,1 1,2,0 1,2,1 2,1,1 2,2,0 J6
0,3,0 0,3,1 1,3,0 1,3,1 2,3,0 2,3,1 I6
6,3,1 7,3,0 7,3,1 8,2,1 8,3,0 8,3,1 P6
3,2,1 3,3,0 3,3,1 4,2,0 4,2,1 4,3,0 O6
2,2,1 3,0,1 3,1,0 3,1,1 3,2,0 4,0,0 S6
4,0,1 4,1,0 4,1,1 5,0,0 5,0,1 6,0,0 G6
6,2,1 6,3,0 7,1,1 7,2,0 7,2,1 8,2,0 H6
7,0,0 7,0,1 8,0,0 8,0,1 8,1,0 8,1,1 L6
5,1,0 5,1,1 6,0,1 6,1,0 6,1,1 7,1,0 E6
4,3,1 5,2,0 5,2,1 5,3,0 5,3,1 6,2,0 X6

            ______________________________________________________
           /                 /      \          /\                /
          /                 /        \        /  \              /
         /_________________/          \      /    \______      /
        /            \     \          /      \           \    /
       /              \     \        /        \           \  /
      /___________     \     \______/__________\      _____\/
     /      \     \    /     /     /            \    /     /
    /        \     \  /     /     /              \  /     /
   /     _____\     \/     /     /_____      _____\/     /
  /      \           \     \           \    /           /
 /        \           \     \           \  /           /
/__________\___________\_____\___________\/___________/


solution 12:
0,0,0 0,0,1 0,1,0 0,1,1 1,0,0 1,1,0 F6
1,0,1 1,1,1 2,0,0 2,0,1 2,1,0 3,0,0 V6
0,2,0 0,2,1 0,3,0 0,3,1 1,3,0 1,3,1 L6
1,2,0 1,2,1 2,1,1 2,2,0 2,2,1 3,2,0 E6
2,3,0 2,3,1 3,3,0 3,3,1 4,3,0 4,3,1 I6
6,3,1 7,3,0 7,3,1 8,2,1 8,3,0 8,3,1 P6
7,0,1 7,1,0 7,1,1 8,0,0 8,0,1 8,1,0 O6
6,2,1 6,3,0 7,2,0 7,2,1 8,1,1 8,2,0 S6
4,2,1 5,2,0 5,2,1 5,3,0 5,3,1 6,2,0 H6
5,1,1 6,0,0 6,0,1 6,1,0 6,1,1 7,0,0 X6
3,1,0 3,1,1 3,2,1 4,1,0 4,1,1 4,2,0 G6
3,0,1 4,0,0 4,0,1 5,0,0 5,0,1 5,1,0 J6

            ______________________________________________________
           /           /                 /     /\                /
          /           /                 /     /  \              /
         /     ______/_________________/     /    \______      /
        /     /            \     \           \           \    /
       /     /              \     \           \           \  /
      /_____/_____      _____\     \___________\______     \/
     /      \     \    /           /\          /      \    /
    /        \     \  /           /  \        /        \  /
   /     _____\     \/___________/    \      /          \/
  /      \           \                /      \          /
 /        \           \              /        \        /
/__________\___________\____________/__________\______/


solution 13:
0,0,0 0,0,1 0,1,0 0,1,1 1,0,0 1,1,0 F6
1,0,1 1,1,1 2,0,0 2,0,1 2,1,0 3,0,0 V6
0,2,0 0,2,1 0,3,0 0,3,1 1,3,0 1,3,1 L6
1,2,0 1,2,1 2,1,1 2,2,0 2,2,1 3,2,0 E6
2,3,0 2,3,1 3,3,0 3,3,1 4,2,1 4,3,0 J6
3,1,0 3,1,1 3,2,1 4,1,0 4,1,1 4,2,0 G6
3,0,1 4,0,0 4,0,1 5,0,0 5,0,1 6,0,0 I6
6,3,1 7,3,0 7,3,1 8,2,1 8,3,0 8,3,1 P6
5,1,0 5,1,1 6,0,1 6,1,0 6,1,1 7,0,0 H6
4,3,1 5,2,0 5,2,1 5,3,0 5,3,1 6,2,0 X6
6,2,1 6,3,0 7,2,0 7,2,1 8,1,1 8,2,0 S6
7,0,1 7,1,0 7,1,1 8,0,0 8,0,1 8,1,0 O6

            ______________________________________________________
           /           /            \          /\                /
          /           /              \        /  \              /
         /     ______/___________     \      /    \______      /
        /     /            \     \    /      \           \    /
       /     /              \     \  /        \           \  /
      /_____/_____      _____\     \/__________\______     \/
     /      \     \    /           /           /      \    /
    /        \     \  /           /           /        \  /
   /     _____\     \/___________/_____      /          \/
  /      \           \                 \     \          /
 /        \           \                 \     \        /
/__________\___________\_________________\_____\______/


solution 14:
0,0,0 0,0,1 0,1,0 0,1,1 1,0,0 1,1,0 F6
1,0,1 1,1,1 2,0,0 2,0,1 2,1,0 3,0,0 V6
0,2,0 0,2,1 0,3,0 0,3,1 1,3,0 1,3,1 L6
1,2,0 1,2,1 2,1,1 2,2,0 2,2,1 3,2,0 E6
2,3,0 2,3,1 3,2,1 3,3,0 4,2,0 4,2,1 S6
3,3,1 4,3,0 4,3,1 5,3,0 5,3,1 6,3,0 I6
6,3,1 7,2,1 7,3,0 7,3,1 8,3,0 8,3,1 P6
7,1,1 7,2,0 8,1,0 8,1,1 8,2,0 8,2,1 G6
6,0,1 6,1,0 7,0,0 7,0,1 8,0,0 8,0,1 J6
5,2,0 5,2,1 6,1,1 6,2,0 6,2,1 7,1,0 H6
4,1,1 5,0,0 5,0,1 5,1,0 5,1,1 6,0,0 X6
3,0,1 3,1,0 3,1,1 4,0,0 4,0,1 4,1,0 O6

            ______________________________________________________
           /           /      \                 \                /
          /           /        \                 \              /
         /     ______/_____     \_________________\      ______/
        /     /            \          /           /\    /     /
       /     /              \        /           /  \  /     /
      /_____/_____      _____\______/_____      /    \/     /
     /      \     \    /      \          /\     \          /
    /        \     \  /        \        /  \     \        /
   /     _____\     \/          \      /    \_____\______/
  /      \           \          /      \                /
 /        \           \        /        \              /
/__________\___________\______/__________\____________/


solution 15:
0,0,0 0,0,1 0,1,0 0,1,1 1,0,0 1,1,0 F6
1,0,1 1,1,1 2,0,0 2,0,1 2,1,0 3,0,0 V6
0,2,0 0,2,1 0,3,0 0,3,1 1,3,0 1,3,1 L6
1,2,0 1,2,1 2,1,1 2,2,0 2,2,1 2,3,0 H6
6,3,1 7,2,1 7,3,0 7,3,1 8,3,0 8,3,1 P6
8,0,0 8,0,1 8,1,0 8,1,1 8,2,0 8,2,1 I6
2,3,1 3,1,0 3,1,1 3,2,0 3,2,1 3,3,0 J6
3,0,1 4,0,0 4,0,1 4,1,0 4,1,1 5,1,0 S6
5,0,0 5,0,1 5,1,1 6,0,0 6,0,1 6,1,0 G6
6,1,1 7,0,0 7,0,1 7,1,0 7,1,1 7,2,0 E6
3,3,1 4,2,0 4,2,1 4,3,0 4,3,1 5,2,0 X6
5,2,1 5,3,0 5,3,1 6,2,0 6,2,1 6,3,0 O6

            ______________________________________________________
           /           /\     \          /      \                /
          /           /  \     \        /        \              /
         /     ______/    \     \      /          \      ______/
        /     /           /     /      \          /\    /     /
       /     /           /     /        \        /  \  /     /
      /_____/_____      /     /__________\______/    \/     /
     /      \     \    /     /      \     \          /     /
    /        \     \  /     /        \     \        /     /
   /     _____\     \/_____/     _____\     \      /     /
  /      \           \          /           /     /     /
 /        \           \        /           /     /     /
/__________\___________\______/___________/_____/_____/


solution 16:
0,0,0 0,0,1 0,1,0 0,1,1 1,0,0 1,1,0 F6
1,0,1 1,1,1 2,0,0 2,0,1 2,1,0 3,0,0 V6
0,2,0 0,2,1 0,3,0 0,3,1 1,3,0 1,3,1 L6
1,2,0 1,2,1 2,1,1 2,2,0 2,2,1 2,3,0 H6
6,3,1 7,2,1 7,3,0 7,3,1 8,3,0 8,3,1 P6
8,0,0 8,0,1 8,1,0 8,1,1 8,2,0 8,2,1 I6
2,3,1 3,1,1 3,2,0 3,2,1 3,3,0 4,1,0 S6
3,0,1 3,1,0 4,0,0 4,0,1 5,0,0 5,0,1 J6
3,3,1 4,2,0 4,2,1 4,3,0 4,3,1 5,2,0 X6
4,1,1 5,1,0 5,1,1 6,0,0 6,0,1 6,1,0 G6
6,1,1 7,0,0 7,0,1 7,1,0 7,1,1 7,2,0 E6
5,2,1 5,3,0 5,3,1 6,2,0 6,2,1 6,3,0 O6

            ______________________________________________________
           /           /\     \          /      \                /
          /           /  \     \        /        \              /
         /     ______/    \     \      /          \      ______/
        /     /           /     /      \          /\    /     /
       /     /           /     /        \        /  \  /     /
      /_____/_____      /     /__________\______/    \/     /
     /      \     \    /\     \           \          /     /
    /        \     \  /  \     \           \        /     /
   /     _____\     \/    \_____\______     \      /     /
  /      \           \                /     /     /     /
 /        \           \              /     /     /     /
/__________\___________\____________/_____/_____/_____/


solution 17:
0,0,0 0,0,1 0,1,0 0,1,1 1,0,0 1,1,0 F6
1,0,1 1,1,1 2,0,0 2,0,1 2,1,0 3,0,0 V6
0,2,0 0,2,1 0,3,0 0,3,1 1,3,0 1,3,1 L6
1,2,0 1,2,1 2,1,1 2,2,0 2,2,1 2,3,0 H6
6,3,1 7,2,1 7,3,0 7,3,1 8,3,0 8,3,1 P6
8,0,0 8,0,1 8,1,0 8,1,1 8,2,0 8,2,1 I6
2,3,1 3,2,0 3,2,1 3,3,0 3,3,1 4,2,0 X6
5,2,1 5,3,0 5,3,1 6,2,0 6,2,1 6,3,0 O6
4,2,1 4,3,0 4,3,1 5,1,1 5,2,0 6,1,0 J6
6,1,1 7,0,0 7,0,1 7,1,0 7,1,1 7,2,0 E6
4,1,0 4,1,1 5,0,1 5,1,0 6,0,0 6,0,1 S6
3,0,1 3,1,0 3,1,1 4,0,0 4,0,1 5,0,0 G6

            ______________________________________________________
           /           /\          /     /      \                /
          /           /  \        /     /        \              /
         /     ______/    \      /     /          \      ______/
        /     /           /      \     \          /\    /     /
       /     /           /        \     \        /  \  /     /
      /_____/_____      /__________\     \______/    \/     /
     /      \     \    /     /      \     \          /     /
    /        \     \  /     /        \     \        /     /
   /     _____\     \/     /_____     \_____\      /     /
  /      \           \           \          /     /     /
 /        \           \           \        /     /     /
/__________\___________\___________\______/_____/_____/


solution 18:
0,0,0 0,0,1 0,1,0 0,1,1 1,0,0 1,1,0 F6
1,0,1 1,1,1 2,0,0 2,0,1 2,1,0 3,0,0 V6
0,2,0 0,2,1 0,3,0 0,3,1 1,3,0 1,3,1 L6
1,2,0 1,2,1 2,1,1 2,2,0 2,2,1 2,3,0 H6
6,3,1 7,2,1 7,3,0 7,3,1 8,3,0 8,3,1 P6
8,0,0 8,0,1 8,1,0 8,1,1 8,2,0 8,2,1 I6
2,3,1 3,2,0 3,2,1 3,3,0 3,3,1 4,2,0 X6
5,2,1 5,3,0 5,3,1 6,2,0 6,2,1 6,3,0 O6
4,2,1 4,3,0 4,3,1 5,1,0 5,1,1 5,2,0 S6
6,1,1 7,0,0 7,0,1 7,1,0 7,1,1 7,2,0 E6
4,0,1 5,0,0 5,0,1 6,0,0 6,0,1 6,1,0 J6
3,0,1 3,1,0 3,1,1 4,0,0 4,1,0 4,1,1 G6

            ______________________________________________________
           /           /\          /     /      \                /
          /           /  \        /     /        \              /
         /     ______/    \      /     /          \      ______/
        /     /           /      \     \          /\    /     /
       /     /           /        \     \        /  \  /     /
      /_____/_____      /__________\     \______/    \/     /
     /      \     \    /           /     /\          /     /
    /        \     \  /           /     /  \        /     /
   /     _____\     \/     ______/_____/    \      /     /
  /      \           \     \                /     /     /
 /        \           \     \              /     /     /
/__________\___________\_____\____________/_____/_____/


solution 19:
0,0,0 0,0,1 0,1,0 0,1,1 1,0,0 1,1,0 F6
1,0,1 1,1,1 2,0,0 2,0,1 2,1,0 3,0,0 V6
0,2,0 0,2,1 0,3,0 0,3,1 1,3,0 1,3,1 L6
1,2,0 1,2,1 2,1,1 2,2,0 2,2,1 3,1,0 H6
2,3,0 2,3,1 3,3,0 3,3,1 4,3,0 4,3,1 I6
3,0,1 4,0,0 4,0,1 4,1,0 5,0,0 5,0,1 E6
3,1,1 3,2,0 3,2,1 4,1,1 4,2,0 5,1,0 G6
6,3,1 7,3,0 7,3,1 8,2,1 8,3,0 8,3,1 P6
5,1,1 6,0,0 6,0,1 6,1,0 6,1,1 7,0,0 X6
4,2,1 5,2,0 5,2,1 5,3,0 5,3,1 6,3,0 S6
7,0,1 7,1,0 7,1,1 8,0,0 8,0,1 8,1,0 O6
6,2,0 6,2,1 7,2,0 7,2,1 8,1,1 8,2,0 J6

            ______________________________________________________
           /           /                 /      \                /
          /           /                 /        \              /
         /     ______/_________________/     _____\______      /
        /     /           /      \          /            \    /
       /     /           /        \        /              \  /
      /_____/_____      /          \______/___________     \/
     /      \     \     \    /\     \          /      \    /
    /        \     \     \  /  \     \        /        \  /
   /     _____\     \_____\/    \_____\      /          \/
  /      \           \                /      \          /
 /        \           \              /        \        /
/__________\___________\____________/__________\______/


solution 20:
0,0,0 0,0,1 0,1,0 0,1,1 1,0,0 1,1,0 F6
1,0,1 1,1,1 2,0,0 2,0,1 2,1,0 3,0,0 V6
0,2,0 0,2,1 0,3,0 0,3,1 1,3,0 1,3,1 L6
1,2,0 1,2,1 2,1,1 2,2,0 2,2,1 3,1,0 H6
2,3,0 2,3,1 3,3,0 3,3,1 4,3,0 4,3,1 I6
3,0,1 4,0,0 4,0,1 5,0,0 5,0,1 5,1,0 J6
3,1,1 3,2,0 3,2,1 4,1,0 4,1,1 4,2,0 O6
6,3,1 7,3,0 7,3,1 8,2,1 8,3,0 8,3,1 P6
5,1,1 6,0,0 6,0,1 6,1,0 6,1,1 7,0,0 X6
4,2,1 5,2,0 5,2,1 5,3,0 5,3,1 6,3,0 S6
6,2,0 6,2,1 7,1,1 7,2,0 7,2,1 8,2,0 E6
7,0,1 7,1,0 8,0,0 8,0,1 8,1,0 8,1,1 G6

            ______________________________________________________
           /           /                 /      \                /
          /           /                 /        \              /
         /     ______/_________________/     _____\______      /
        /     /           /      \          /            \    /
       /     /           /        \        /              \  /
      /_____/_____      /          \______/_____      _____\/
     /      \     \     \          /\          /\    /     /
    /        \     \     \        /  \        /  \  /     /
   /     _____\     \_____\______/    \      /    \/     /
  /      \           \                /      \          /
 /        \           \              /        \        /
/__________\___________\____________/__________\______/


solution 21:
0,0,0 0,0,1 0,1,0 0,1,1 1,0,0 1,1,0 F6
1,0,1 1,1,1 2,0,0 2,0,1 2,1,0 3,0,0 V6
0,2,0 0,2,1 0,3,0 0,3,1 1,3,0 1,3,1 L6
1,2,0 1,2,1 2,1,1 2,2,0 2,2,1 3,1,0 H6
2,3,0 2,3,1 3,3,0 3,3,1 4,2,1 4,3,0 J6
3,0,1 4,0,0 4,0,1 5,0,0 5,0,1 6,0,0 I6
3,1,1 3,2,0 3,2,1 4,1,0 4,1,1 4,2,0 O6
6,3,1 7,3,0 7,3,1 8,2,1 8,3,0 8,3,1 P6
5,1,0 5,1,1 6,0,1 6,1,0 6,1,1 7,1,0 E6
7,0,0 7,0,1 7,1,1 8,0,0 8,0,1 8,1,0 G6
4,3,1 5,2,0 5,2,1 5,3,0 5,3,1 6,2,0 X6
6,2,1 6,3,0 7,2,0 7,2,1 8,1,1 8,2,0 S6

            ______________________________________________________
           /           /            \          /\                /
          /           /              \        /  \              /
         /     ______/___________     \      /    \______      /
        /     /           /      \    /      \           \    /
       /     /           /        \  /        \           \  /
      /_____/_____      /          \/__________\______     \/
     /      \     \     \          /            \     \    /
    /        \     \     \        /              \     \  /
   /     _____\     \_____\______/_____      _____\     \/
  /      \           \                 \    /           /
 /        \           \                 \  /           /
/__________\___________\_________________\/___________/


solution 22:
0,0,0 0,0,1 0,1,0 0,1,1 1,0,0 1,1,0 F6
1,0,1 1,1,1 2,0,0 2,0,1 2,1,0 3,0,0 V6
0,2,0 0,2,1 0,3,0 0,3,1 1,3,0 1,3,1 L6
1,2,0 1,2,1 2,1,1 2,2,0 3,0,1 3,1,0 J6
6,3,1 7,2,1 7,3,0 7,3,1 8,3,0 8,3,1 P6
7,1,1 7,2,0 8,1,0 8,1,1 8,2,0 8,2,1 G6
6,0,0 6,0,1 7,0,0 7,0,1 8,0,0 8,0,1 I6
3,1,1 4,0,0 4,0,1 4,1,0 4,1,1 5,0,0 X6
2,2,1 2,3,0 2,3,1 3,2,0 3,2,1 3,3,0 O6
3,3,1 4,2,0 4,2,1 4,3,0 4,3,1 5,3,0 H6
5,3,1 6,1,1 6,2,0 6,2,1 6,3,0 7,1,0 S6
5,0,1 5,1,0 5,1,1 5,2,0 5,2,1 6,1,0 E6

            ______________________________________________________
           /           /      \           \     \                /
          /           /        \           \     \              /
         /     ______/          \      _____\     \      ______/
        /     /      \          /     /     /     /\    /     /
       /     /        \        /     /     /     /  \  /     /
      /_____/_____     \______/_____/     /     /    \/     /
     /      \     \     \          /      \     \          /
    /        \     \     \        /        \     \        /
   /     _____\     \     \      /     _____\_____\______/
  /      \           \    /      \    /                 /
 /        \           \  /        \  /                 /
/__________\___________\/__________\/_________________/


solution 23:
0,0,0 0,0,1 0,1,0 0,1,1 1,0,0 1,1,0 F6
1,0,1 1,1,1 2,0,0 2,0,1 2,1,0 3,0,0 V6
0,2,0 0,2,1 0,3,0 0,3,1 1,3,0 1,3,1 L6
1,2,0 1,2,1 2,1,1 2,2,0 3,1,0 3,1,1 S6
3,0,1 4,0,0 4,0,1 4,1,0 4,1,1 5,0,0 H6
7,2,1 8,1,1 8,2,0 8,2,1 8,3,0 8,3,1 P6
5,3,0 5,3,1 6,3,0 6,3,1 7,3,0 7,3,1 I6
3,3,1 4,2,0 4,2,1 4,3,0 4,3,1 5,2,0 X6
2,2,1 2,3,0 2,3,1 3,2,0 3,2,1 3,3,0 O6
5,2,1 6,1,0 6,1,1 6,2,0 7,0,1 7,1,0 E6
5,0,1 5,1,0 5,1,1 6,0,0 6,0,1 7,0,0 G6
6,2,1 7,1,1 7,2,0 8,0,0 8,0,1 8,1,0 J6

            ______________________________________________________
           /           /      \          /                 /     /
          /           /        \        /                 /     /
         /     ______/          \      /_________________/     /
        /     /      \          /      \     \     \          /
       /     /        \        /        \     \     \        /
      /_____/_____     \______/__________\     \     \      /
     /      \     \          /     /     /      \     \    /
    /        \     \        /     /     /        \     \  /
   /     _____\     \______/     /     /_____     \     \/
  /      \           \           \           \    /     /
 /        \           \           \           \  /     /
/__________\___________\___________\___________\/_____/


solution 24:
0,0,0 0,0,1 0,1,0 0,1,1 1,0,0 1,1,0 F6
1,0,1 1,1,1 2,0,0 2,0,1 2,1,0 3,0,0 V6
0,2,0 0,2,1 0,3,0 0,3,1 1,3,0 1,3,1 L6
1,2,0 1,2,1 2,1,1 2,2,0 3,1,0 3,1,1 S6
3,0,1 4,0,0 4,0,1 4,1,0 4,1,1 5,0,0 H6
6,3,1 7,2,1 7,3,0 7,3,1 8,3,0 8,3,1 P6
8,0,0 8,0,1 8,1,0 8,1,1 8,2,0 8,2,1 I6
2,2,1 2,3,0 2,3,1 3,2,0 3,2,1 3,3,0 O6
3,3,1 4,2,0 4,2,1 4,3,0 4,3,1 5,2,0 X6
5,0,1 5,1,0 5,1,1 6,0,0 6,0,1 7,0,0 G6
5,2,1 6,1,0 6,1,1 6,2,0 7,0,1 7,1,0 E6
5,3,0 5,3,1 6,2,1 6,3,0 7,1,1 7,2,0 J6

            ______________________________________________________
           /           /      \          /      \                /
          /           /        \        /        \              /
         /     ______/          \      /_____     \      ______/
        /     /      \          /      \     \     \    /     /
       /     /        \        /        \     \     \  /     /
      /_____/_____     \______/__________\     \     \/     /
     /      \     \          /     /     /      \    /     /
    /        \     \        /     /     /        \  /     /
   /     _____\     \______/     /     /_____     \/     /
  /      \           \           \           \    /     /
 /        \           \           \           \  /     /
/__________\___________\___________\___________\/_____/


solution 25:
0,0,0 0,0,1 0,1,0 0,1,1 1,0,0 1,1,0 F6
1,0,1 1,1,1 2,0,0 2,0,1 2,1,0 3,0,0 V6
0,2,0 0,2,1 0,3,0 0,3,1 1,3,0 1,3,1 L6
1,2,0 1,2,1 2,1,1 2,2,0 3,1,0 3,1,1 S6
3,0,1 4,0,0 4,0,1 4,1,0 4,1,1 5,0,0 H6
6,3,1 7,2,1 7,3,0 7,3,1 8,3,0 8,3,1 P6
8,0,0 8,0,1 8,1,0 8,1,1 8,2,0 8,2,1 I6
2,2,1 2,3,0 2,3,1 3,2,0 3,2,1 3,3,0 O6
3,3,1 4,2,0 4,2,1 4,3,0 4,3,1 5,2,0 X6
5,0,1 5,1,0 6,0,0 6,0,1 7,0,0 7,0,1 J6
5,1,1 6,1,0 6,1,1 6,2,0 7,1,0 7,1,1 E6
5,2,1 5,3,0 5,3,1 6,2,1 6,3,0 7,2,0 G6

            ______________________________________________________
           /           /      \          /      \                /
          /           /        \        /        \              /
         /     ______/          \      /          \      ______/
        /     /      \          /      \    /\     \    /     /
       /     /        \        /        \  /  \     \  /     /
      /_____/_____     \______/__________\/    \_____\/     /
     /      \     \          /     /\                /     /
    /        \     \        /     /  \              /     /
   /     _____\     \______/     /    \____________/     /
  /      \           \           \                /     /
 /        \           \           \              /     /
/__________\___________\___________\____________/_____/


solution 26:
0,0,0 0,0,1 0,1,0 0,1,1 1,0,0 1,1,0 F6
1,0,1 1,1,1 2,0,0 2,0,1 2,1,0 3,0,0 V6
0,2,0 0,2,1 0,3,0 0,3,1 1,3,0 1,3,1 L6
1,2,0 1,2,1 2,1,1 2,2,0 3,1,0 3,1,1 S6
3,0,1 4,0,0 4,0,1 4,1,0 4,1,1 5,0,0 H6
7,3,1 8,1,1 8,2,0 8,2,1 8,3,0 8,3,1 P6
2,2,1 2,3,0 2,3,1 3,2,0 3,2,1 3,3,0 O6
3,3,1 4,2,0 4,2,1 4,3,0 4,3,1 5,2,0 X6
5,1,0 5,1,1 5,2,1 6,1,0 6,1,1 6,2,0 G6
5,0,1 6,0,0 6,0,1 7,0,0 7,0,1 8,0,0 I6
6,2,1 7,1,0 7,1,1 7,2,0 8,0,1 8,1,0 E6
5,3,0 5,3,1 6,3,0 6,3,1 7,2,1 7,3,0 J6

            ______________________________________________________
           /           /      \          /            \          /
          /           /        \        /              \        /
         /     ______/          \      /___________     \      /
        /     /      \          /      \     \     \    /     /
       /     /        \        /        \     \     \  /     /
      /_____/_____     \______/__________\     \     \/     /
     /      \     \          /     /           /      \    /
    /        \     \        /     /           /        \  /
   /     _____\     \______/     /___________/_____     \/
  /      \           \           \                 \    /
 /        \           \           \                 \  /
/__________\___________\___________\_________________\/


solution 27:
0,0,0 0,0,1 0,1,0 1,0,0 1,0,1 1,1,0 F6
0,1,1 0,2,0 0,2,1 0,3,0 0,3,1 1,2,0 E6
7,2,0 7,2,1 7,3,0 7,3,1 8,3,0 8,3,1 L6
8,0,0 8,0,1 8,1,0 8,1,1 8,2,0 8,2,1 I6
4,3,1 5,3,0 5,3,1 6,2,1 6,3,0 6,3,1 P6
1,1,1 2,0,0 2,0,1 2,1,0 2,1,1 3,0,0 X6
6,1,1 6,2,0 7,0,0 7,0,1 7,1,0 7,1,1 H6
5,1,1 5,2,0 5,2,1 6,0,0 6,0,1 6,1,0 S6
1,2,1 1,3,0 1,3,1 2,2,0 2,2,1 2,3,0 O6
2,3,1 3,3,0 3,3,1 4,2,0 4,2,1 4,3,0 G6
3,1,0 3,1,1 3,2,0 3,2,1 4,1,0 4,1,1 V6
3,0,1 4,0,0 4,0,1 5,0,0 5,0,1 5,1,0 J6

            ______________________________________________________
           /     /      \           \                /           /
          /     /        \           \              /           /
         /     /          \______     \______      /     ______/
        /      \          /     /     /     /\    /     /     /
       /        \        /     /     /     /  \  /     /     /
      /     _____\______/     /_____/     /    \/_____/     /
     /\    /\          /           /\     \          /     /
    /  \  /  \        /           /  \     \        /     /
   /    \/    \      /___________/    \     \      /     /
  /           /      \                /     /     /     /
 /           /        \              /     /     /     /
/___________/__________\____________/_____/_____/_____/


solution 28:
0,0,0 0,0,1 0,1,0 1,0,0 1,0,1 1,1,0 F6
0,1,1 0,2,0 0,2,1 0,3,0 0,3,1 1,2,0 E6
7,2,0 7,2,1 7,3,0 7,3,1 8,3,0 8,3,1 L6
8,0,0 8,0,1 8,1,0 8,1,1 8,2,0 8,2,1 I6
4,3,1 5,3,0 5,3,1 6,2,1 6,3,0 6,3,1 P6
1,1,1 2,0,0 2,0,1 2,1,0 2,1,1 3,0,0 X6
5,2,0 5,2,1 6,1,1 6,2,0 7,1,0 7,1,1 S6
5,1,1 6,0,0 6,0,1 6,1,0 7,0,0 7,0,1 H6
1,2,1 1,3,0 1,3,1 2,2,0 2,2,1 2,3,0 O6
2,3,1 3,3,0 3,3,1 4,2,0 4,2,1 4,3,0 G6
3,1,0 3,1,1 3,2,0 3,2,1 4,1,0 4,1,1 V6
3,0,1 4,0,0 4,0,1 5,0,0 5,0,1 5,1,0 J6

            ______________________________________________________
           /     /      \           \                /           /
          /     /        \           \              /           /
         /     /          \______     \______      /     ______/
        /      \          /     /     /      \    /     /     /
       /        \        /     /     /        \  /     /     /
      /     _____\______/     /_____/_____     \/_____/     /
     /\    /\          /           /\     \          /     /
    /  \  /  \        /           /  \     \        /     /
   /    \/    \      /___________/    \     \______/     /
  /           /      \                /           /     /
 /           /        \              /           /     /
/___________/__________\____________/___________/_____/


solution 29:
0,0,0 0,0,1 0,1,0 1,0,0 1,0,1 1,1,0 F6
0,1,1 0,2,0 0,2,1 0,3,0 0,3,1 1,2,0 E6
7,2,0 7,2,1 8,2,0 8,2,1 8,3,0 8,3,1 L6
5,3,1 6,2,1 6,3,0 6,3,1 7,3,0 7,3,1 P6
7,1,0 7,1,1 8,0,0 8,0,1 8,1,0 8,1,1 V6
5,0,0 5,0,1 6,0,0 6,0,1 7,0,0 7,0,1 I6
1,1,1 2,0,0 2,0,1 2,1,0 2,1,1 3,0,0 X6
5,1,1 5,2,0 5,2,1 6,1,0 6,1,1 6,2,0 O6
3,3,1 4,2,0 4,2,1 4,3,0 4,3,1 5,3,0 H6
3,0,1 4,0,0 4,0,1 4,1,0 4,1,1 5,1,0 S6
1,2,1 2,2,0 2,2,1 3,1,0 3,1,1 3,2,0 G6
1,3,0 1,3,1 2,3,0 2,3,1 3,2,1 3,3,0 J6

            ______________________________________________________
           /     /            \           \                /     /
          /     /              \           \              /     /
         /     /___________     \      _____\      ______/     /
        /      \           \    /     /      \    /           /
       /        \           \  /     /        \  /           /
      /     _____\______     \/_____/          \/___________/
     /\    /\          /     /      \          /           /
    /  \  /  \        /     /        \        /           /
   /    \/    \      /_____/     _____\______/_____      /
  /           /      \          /                 /     /
 /           /        \        /                 /     /
/___________/__________\______/_________________/_____/


solution 30:
0,0,0 0,0,1 0,1,0 1,0,0 1,0,1 1,1,0 F6
0,1,1 0,2,0 0,2,1 0,3,0 0,3,1 1,2,0 E6
7,2,0 7,2,1 8,2,0 8,2,1 8,3,0 8,3,1 L6
5,3,1 6,2,1 6,3,0 6,3,1 7,3,0 7,3,1 P6
7,1,0 7,1,1 8,0,0 8,0,1 8,1,0 8,1,1 V6
5,0,1 5,1,0 6,0,0 6,0,1 7,0,0 7,0,1 J6
1,1,1 2,0,0 2,0,1 2,1,0 2,1,1 3,0,0 X6
5,1,1 5,2,0 5,2,1 6,1,0 6,1,1 6,2,0 O6
3,2,1 4,2,0 4,2,1 4,3,0 4,3,1 5,3,0 S6
1,3,0 1,3,1 2,3,0 2,3,1 3,3,0 3,3,1 I6
1,2,1 2,2,0 2,2,1 3,1,0 3,1,1 3,2,0 G6
3,0,1 4,0,0 4,0,1 4,1,0 4,1,1 5,0,0 H6

            ______________________________________________________
           /     /                 /      \                /     /
          /     /                 /        \              /     /
         /     /_________________/     _____\      ______/     /
        /      \           \          /      \    /           /
       /        \           \        /        \  /           /
      /     _____\______     \______/          \/___________/
     /\    /\          /     /     /\          /           /
    /  \  /  \        /     /     /  \        /           /
   /    \/    \      /_____/     /    \______/_____      /
  /           /      \           \                /     /
 /           /        \           \              /     /
/___________/__________\___________\____________/_____/


solution 31:
0,0,0 0,0,1 0,1,0 1,0,0 1,0,1 1,1,0 F6
0,1,1 0,2,0 0,2,1 0,3,0 0,3,1 1,2,0 E6
6,3,1 7,2,1 7,3,0 7,3,1 8,3,0 8,3,1 P6
8,0,0 8,0,1 8,1,0 8,1,1 8,2,0 8,2,1 I6
1,1,1 2,0,0 2,0,1 2,1,0 2,1,1 3,0,0 X6
1,2,1 1,3,0 1,3,1 2,2,0 2,2,1 2,3,0 O6
2,3,1 3,3,0 3,3,1 4,2,0 4,2,1 4,3,0 G6
3,1,0 3,1,1 3,2,0 3,2,1 4,1,0 4,1,1 V6
3,0,1 4,0,0 4,0,1 5,0,0 5,0,1 5,1,0 J6
5,1,1 6,0,0 6,0,1 6,1,0 7,0,0 7,0,1 H6
5,2,0 5,2,1 6,1,1 6,2,0 7,1,0 7,1,1 S6
4,3,1 5,3,0 5,3,1 6,2,1 6,3,0 7,2,0 L6

            ______________________________________________________
           /     /      \           \           \                /
          /     /        \           \           \              /
         /     /          \______     \______     \      ______/
        /      \          /     /     /      \     \    /     /
       /        \        /     /     /        \     \  /     /
      /     _____\______/     /_____/_____     \_____\/     /
     /\    /\          /           /\     \          /     /
    /  \  /  \        /           /  \     \        /     /
   /    \/    \      /___________/    \     \______/     /
  /           /      \                /           /     /
 /           /        \              /           /     /
/___________/__________\____________/___________/_____/


solution 32:
0,0,0 0,0,1 0,1,0 1,0,0 1,0,1 1,1,0 F6
0,1,1 0,2,0 0,2,1 0,3,0 0,3,1 1,2,0 E6
6,3,1 7,2,1 7,3,0 7,3,1 8,3,0 8,3,1 P6
8,0,0 8,0,1 8,1,0 8,1,1 8,2,0 8,2,1 I6
1,1,1 2,0,0 2,0,1 2,1,0 2,1,1 3,0,0 X6
1,2,1 1,3,0 1,3,1 2,2,0 2,2,1 2,3,0 O6
2,3,1 3,3,0 3,3,1 4,2,0 4,2,1 4,3,0 G6
3,1,0 3,1,1 3,2,0 3,2,1 4,1,0 4,1,1 V6
3,0,1 4,0,0 4,0,1 5,0,0 5,0,1 5,1,0 J6
6,0,0 6,0,1 7,0,0 7,0,1 7,1,0 7,1,1 L6
5,1,1 6,1,0 6,1,1 6,2,0 6,2,1 7,2,0 S6
4,3,1 5,2,0 5,2,1 5,3,0 5,3,1 6,3,0 H6

            ______________________________________________________
           /     /      \           \           \                /
          /     /        \           \           \              /
         /     /          \______     \      _____\      ______/
        /      \          /     /     /     /      \    /     /
       /        \        /     /     /     /        \  /     /
      /     _____\______/     /_____/_____/     _____\/     /
     /\    /\          /           /\          /     /     /
    /  \  /  \        /           /  \        /     /     /
   /    \/    \      /___________/    \______/     /     /
  /           /      \                /           /     /
 /           /        \              /           /     /
/___________/__________\____________/___________/_____/


solution 33:
0,0,0 0,0,1 0,1,0 1,0,0 1,0,1 1,1,0 F6
0,1,1 0,2,0 0,2,1 0,3,0 0,3,1 1,2,0 E6
6,3,1 7,2,1 7,3,0 7,3,1 8,3,0 8,3,1 P6
8,0,0 8,0,1 8,1,0 8,1,1 8,2,0 8,2,1 I6
1,1,1 2,0,0 2,0,1 2,1,0 2,1,1 3,0,0 X6
1,2,1 1,3,0 1,3,1 2,2,0 2,2,1 2,3,0 O6
2,3,1 3,3,0 3,3,1 4,2,0 4,2,1 4,3,0 G6
3,1,0 3,1,1 3,2,0 3,2,1 4,1,0 4,1,1 V6
3,0,1 4,0,0 4,0,1 5,0,0 5,0,1 5,1,0 J6
6,0,0 6,0,1 7,0,0 7,0,1 7,1,0 7,1,1 L6
4,3,1 5,1,1 5,2,0 5,2,1 5,3,0 6,1,0 S6
5,3,1 6,1,1 6,2,0 6,2,1 6,3,0 7,2,0 H6

            ______________________________________________________
           /     /      \           \     \     \                /
          /     /        \           \     \     \              /
         /     /          \______     \     \     \      ______/
        /      \          /     /     /     /      \    /     /
       /        \        /     /     /     /        \  /     /
      /     _____\______/     /_____/     /     _____\/     /
     /\    /\          /           /\     \    /     /     /
    /  \  /  \        /           /  \     \  /     /     /
   /    \/    \      /___________/    \_____\/     /     /
  /           /      \                /           /     /
 /           /        \              /           /     /
/___________/__________\____________/___________/_____/


solution 34:
0,0,0 0,0,1 0,1,0 1,0,0 1,0,1 1,1,0 F6
0,1,1 0,2,0 0,2,1 0,3,0 0,3,1 1,2,0 E6
6,3,1 7,2,1 7,3,0 7,3,1 8,3,0 8,3,1 P6
8,0,0 8,0,1 8,1,0 8,1,1 8,2,0 8,2,1 I6
1,1,1 2,0,0 2,0,1 2,1,0 2,1,1 3,0,0 X6
1,2,1 1,3,0 1,3,1 2,2,0 2,2,1 2,3,0 O6
2,3,1 3,3,0 3,3,1 4,2,0 4,2,1 4,3,0 G6
3,1,0 3,1,1 3,2,0 3,2,1 4,1,0 4,1,1 V6
3,0,1 4,0,0 4,0,1 5,0,0 5,0,1 5,1,0 J6
5,1,1 5,2,0 5,2,1 6,0,0 6,0,1 6,1,0 S6
6,1,1 6,2,0 7,0,0 7,0,1 7,1,0 7,1,1 H6
4,3,1 5,3,0 5,3,1 6,2,1 6,3,0 7,2,0 L6

            ______________________________________________________
           /     /      \           \           \                /
          /     /        \           \           \              /
         /     /          \______     \______     \      ______/
        /      \          /     /     /     /\     \    /     /
       /        \        /     /     /     /  \     \  /     /
      /     _____\______/     /_____/     /    \_____\/     /
     /\    /\          /           /\     \          /     /
    /  \  /  \        /           /  \     \        /     /
   /    \/    \      /___________/    \     \      /     /
  /           /      \                /     /     /     /
 /           /        \              /     /     /     /
/___________/__________\____________/_____/_____/_____/


solution 35:
0,0,0 0,0,1 0,1,0 1,0,0 1,0,1 1,1,0 F6
0,1,1 0,2,0 0,2,1 0,3,0 0,3,1 1,2,0 E6
6,3,1 7,2,1 7,3,0 7,3,1 8,3,0 8,3,1 P6
7,1,0 7,1,1 8,1,0 8,1,1 8,2,0 8,2,1 L6
6,0,0 6,0,1 7,0,0 7,0,1 8,0,0 8,0,1 I6
1,1,1 2,0,0 2,0,1 2,1,0 2,1,1 3,0,0 X6
5,3,1 6,1,1 6,2,0 6,2,1 6,3,0 7,2,0 H6
4,3,1 5,1,1 5,2,0 5,2,1 5,3,0 6,1,0 S6
1,2,1 1,3,0 1,3,1 2,2,0 2,2,1 2,3,0 O6
2,3,1 3,3,0 3,3,1 4,2,0 4,2,1 4,3,0 G6
3,1,0 3,1,1 3,2,0 3,2,1 4,1,0 4,1,1 V6
3,0,1 4,0,0 4,0,1 5,0,0 5,0,1 5,1,0 J6

            ______________________________________________________
           /     /      \           \     \     \                /
          /     /        \           \     \     \              /
         /     /          \______     \     \     \      ______/
        /      \          /     /     /     /      \    /     /
       /        \        /     /     /     /        \  /     /
      /     _____\______/     /_____/     /     _____\/     /
     /\    /\          /           /\     \    /           /
    /  \  /  \        /           /  \     \  /           /
   /    \/    \      /___________/    \_____\/___________/
  /           /      \                /                 /
 /           /        \              /                 /
/___________/__________\____________/_________________/


solution 36:
0,0,0 0,0,1 0,1,0 1,0,0 1,0,1 1,1,0 F6
0,1,1 0,2,0 0,2,1 0,3,0 0,3,1 1,2,0 E6
6,3,1 7,2,1 7,3,0 7,3,1 8,3,0 8,3,1 P6
7,1,0 7,1,1 8,1,0 8,1,1 8,2,0 8,2,1 L6
6,0,0 6,0,1 7,0,0 7,0,1 8,0,0 8,0,1 I6
1,1,1 2,0,0 2,0,1 2,1,0 2,1,1 3,0,0 X6
5,1,1 6,1,0 6,1,1 6,2,0 6,2,1 7,2,0 S6
4,3,1 5,2,0 5,2,1 5,3,0 5,3,1 6,3,0 H6
1,2,1 1,3,0 1,3,1 2,2,0 2,2,1 2,3,0 O6
2,3,1 3,3,0 3,3,1 4,2,0 4,2,1 4,3,0 G6
3,1,0 3,1,1 3,2,0 3,2,1 4,1,0 4,1,1 V6
3,0,1 4,0,0 4,0,1 5,0,0 5,0,1 5,1,0 J6

            ______________________________________________________
           /     /      \           \           \                /
          /     /        \           \           \              /
         /     /          \______     \      _____\      ______/
        /      \          /     /     /     /      \    /     /
       /        \        /     /     /     /        \  /     /
      /     _____\______/     /_____/_____/     _____\/     /
     /\    /\          /           /\          /           /
    /  \  /  \        /           /  \        /           /
   /    \/    \      /___________/    \______/___________/
  /           /      \                /                 /
 /           /        \              /                 /
/___________/__________\____________/_________________/


solution 37:
0,0,0 0,0,1 0,1,0 1,0,0 1,0,1 1,1,0 F6
0,1,1 0,2,0 0,2,1 0,3,0 0,3,1 1,2,0 E6
6,3,1 7,3,0 7,3,1 8,2,1 8,3,0 8,3,1 P6
1,1,1 2,0,0 2,0,1 2,1,0 2,1,1 3,0,0 X6
1,2,1 1,3,0 1,3,1 2,2,0 2,3,0 2,3,1 G6
3,2,1 3,3,0 3,3,1 4,2,0 4,2,1 4,3,0 O6
2,2,1 3,0,1 3,1,0 3,1,1 3,2,0 4,1,0 H6
4,0,0 4,0,1 5,0,0 5,0,1 6,0,0 6,0,1 I6
4,1,1 5,1,0 5,1,1 5,2,0 5,2,1 6,2,0 S6
4,3,1 5,3,0 5,3,1 6,2,1 6,3,0 7,2,0 L6
7,2,1 8,0,0 8,0,1 8,1,0 8,1,1 8,2,0 J6
6,1,0 6,1,1 7,0,0 7,0,1 7,1,0 7,1,1 V6

            ______________________________________________________
           /     /           /      \           \                /
          /     /           /        \           \              /
         /     /     ______/          \______     \______      /
        /      \     \     \          /      \     \     \    /
       /        \     \     \        /        \     \     \  /
      /     _____\_____\     \______/     _____\_____\     \/
     /\    /\          /      \          /           /     /
    /  \  /  \        /        \        /           /     /
   /    \/    \      /     _____\______/_____      /     /
  /           /      \    /                 /     /     /
 /           /        \  /                 /     /     /
/___________/__________\/_________________/_____/_____/


solution 38:
0,0,0 0,0,1 0,1,0 1,0,0 1,0,1 1,1,0 F6
0,1,1 0,2,0 0,2,1 0,3,0 0,3,1 1,2,0 E6
6,3,1 7,3,0 7,3,1 8,2,1 8,3,0 8,3,1 P6
1,1,1 2,0,0 2,0,1 2,1,0 2,1,1 3,0,0 X6
1,3,0 1,3,1 2,3,0 2,3,1 3,3,0 3,3,1 I6
1,2,1 2,2,0 2,2,1 3,1,0 3,1,1 3,2,0 G6
3,0,1 4,0,0 4,0,1 4,1,0 4,1,1 5,0,0 H6
3,2,1 4,2,0 4,2,1 4,3,0 4,3,1 5,3,0 S6
5,3,1 6,2,1 6,3,0 7,2,0 7,2,1 8,2,0 L6
7,1,0 7,1,1 8,0,0 8,0,1 8,1,0 8,1,1 V6
5,1,1 5,2,0 5,2,1 6,1,0 6,1,1 6,2,0 O6
5,0,1 5,1,0 6,0,0 6,0,1 7,0,0 7,0,1 J6

            ______________________________________________________
           /     /                 /      \     \                /
          /     /                 /        \     \              /
         /     /_________________/     _____\     \______      /
        /      \           \          /      \           \    /
       /        \           \        /        \           \  /
      /     _____\______     \______/          \___________\/
     /\    /\          /     /     /\          /           /
    /  \  /  \        /     /     /  \        /           /
   /    \/    \      /_____/     /    \______/_____      /
  /           /      \           \                /     /
 /           /        \           \              /     /
/___________/__________\___________\____________/_____/


solution 39:
0,0,0 0,0,1 0,1,0 1,0,0 1,0,1 1,1,0 F6
0,1,1 0,2,0 0,2,1 0,3,0 0,3,1 1,2,0 E6
6,3,1 7,3,0 7,3,1 8,2,1 8,3,0 8,3,1 P6
1,1,1 2,0,0 2,0,1 2,1,0 2,1,1 3,0,0 X6
1,3,0 1,3,1 2,3,0 2,3,1 3,2,1 3,3,0 J6
1,2,1 2,2,0 2,2,1 3,1,0 3,1,1 3,2,0 G6
3,0,1 4,0,0 4,0,1 4,1,0 4,1,1 5,1,0 S6
5,0,0 5,0,1 6,0,0 6,0,1 7,0,0 7,0,1 I6
7,1,0 7,1,1 8,0,0 8,0,1 8,1,0 8,1,1 V6
5,3,1 6,2,1 6,3,0 7,2,0 7,2,1 8,2,0 L6
5,1,1 5,2,0 5,2,1 6,1,0 6,1,1 6,2,0 O6
3,3,1 4,2,0 4,2,1 4,3,0 4,3,1 5,3,0 H6

            ______________________________________________________
           /     /            \           \     \                /
          /     /              \           \     \              /
         /     /___________     \      _____\     \______      /
        /      \           \    /     /      \           \    /
       /        \           \  /     /        \           \  /
      /     _____\______     \/_____/          \___________\/
     /\    /\          /     /      \          /           /
    /  \  /  \        /     /        \        /           /
   /    \/    \      /_____/     _____\______/_____      /
  /           /      \          /                 /     /
 /           /        \        /                 /     /
/___________/__________\______/_________________/_____/


solution 40:
0,0,0 0,0,1 0,1,0 1,0,0 1,0,1 1,1,0 F6
0,1,1 0,2,0 0,2,1 0,3,0 0,3,1 1,2,0 E6
7,3,1 8,1,1 8,2,0 8,2,1 8,3,0 8,3,1 P6
2,0,0 2,0,1 3,0,0 3,0,1 4,0,0 4,0,1 I6
1,1,1 1,2,1 2,1,0 2,1,1 2,2,0 3,1,0 V6
1,3,0 1,3,1 2,3,0 2,3,1 3,2,1 3,3,0 J6
2,2,1 3,1,1 3,2,0 4,1,0 4,1,1 5,1,0 L6
5,0,0 5,0,1 5,1,1 6,0,0 6,0,1 6,1,0 G6
3,3,1 4,2,0 4,2,1 4,3,0 4,3,1 5,2,0 X6
5,2,1 5,3,0 5,3,1 6,2,0 6,2,1 6,3,0 O6
6,3,1 7,1,1 7,2,0 7,2,1 7,3,0 8,1,0 S6
6,1,1 7,0,0 7,0,1 7,1,0 8,0,0 8,0,1 H6

            ______________________________________________________
           /     /            \          /      \     \          /
          /     /              \        /        \     \        /
         /     /___________     \      /          \     \      /
        /      \     \     \    /      \          /     /     /
       /        \     \     \  /        \        /     /     /
      /     _____\     \     \/__________\______/     /     /
     /\    /\           \           \     \     \     \    /
    /  \  /  \           \           \     \     \     \  /
   /    \/    \___________\___________\     \     \_____\/
  /           /                 /           /           /
 /           /                 /           /           /
/___________/_________________/___________/___________/


solution 41:
0,0,0 0,0,1 1,0,0 1,0,1 1,1,0 1,1,1 L6
0,1,0 0,1,1 0,2,0 0,2,1 0,3,0 0,3,1 I6
6,3,1 7,3,0 7,3,1 8,2,1 8,3,0 8,3,1 P6
2,0,0 2,0,1 2,1,0 2,1,1 3,0,0 3,1,0 F6
1,2,0 1,2,1 1,3,0 1,3,1 2,2,0 2,2,1 V6
2,3,0 2,3,1 3,2,1 3,3,0 3,3,1 4,3,0 E6
3,0,1 3,1,1 3,2,0 4,0,0 4,0,1 4,1,0 G6
4,1,1 4,2,0 4,2,1 5,0,0 5,0,1 5,1,0 S6
5,1,1 6,0,0 6,0,1 6,1,0 6,1,1 7,0,0 X6
4,3,1 5,2,0 5,2,1 5,3,0 5,3,1 6,3,0 H6
7,0,1 7,1,0 7,1,1 8,0,0 8,0,1 8,1,0 O6
6,2,0 6,2,1 7,2,0 7,2,1 8,1,1 8,2,0 J6

            ______________________________________________________
           /     /     /            \           \                /
          /     /     /              \           \              /
         /     /     /_____      _____\      _____\______      /
        /     /           /\    /     /     /            \    /
       /     /           /  \  /     /     /              \  /
      /     /___________/    \/     /_____/___________     \/
     /     /     /      \     \     \          /      \    /
    /     /     /        \     \     \        /        \  /
   /_____/     /     _____\     \     \      /          \/
  /           /      \          /     /      \          /
 /           /        \        /     /        \        /
/___________/__________\______/_____/__________\______/


solution 42:
0,0,0 0,0,1 1,0,0 1,0,1 1,1,0 1,1,1 L6
0,1,0 0,1,1 0,2,0 0,2,1 0,3,0 0,3,1 I6
6,3,1 7,3,0 7,3,1 8,2,1 8,3,0 8,3,1 P6
2,0,0 2,0,1 2,1,0 2,1,1 3,0,0 3,1,0 F6
1,2,0 1,2,1 1,3,0 1,3,1 2,2,0 2,2,1 V6
2,3,0 2,3,1 3,1,1 3,2,0 3,2,1 3,3,0 G6
3,0,1 4,0,0 4,0,1 4,1,0 5,0,0 5,0,1 E6
3,3,1 4,1,1 4,2,0 4,2,1 4,3,0 5,1,0 S6
5,1,1 6,0,0 6,0,1 6,1,0 6,1,1 7,0,0 X6
4,3,1 5,2,0 5,2,1 5,3,0 5,3,1 6,3,0 H6
7,0,1 7,1,0 7,1,1 8,0,0 8,0,1 8,1,0 O6
6,2,0 6,2,1 7,2,0 7,2,1 8,1,1 8,2,0 J6

            ______________________________________________________
           /     /     /      \     \           \                /
          /     /     /        \     \           \              /
         /     /     /_____     \     \      _____\______      /
        /     /           /     /     /     /            \    /
       /     /           /     /     /     /              \  /
      /     /___________/     /     /_____/___________     \/
     /     /     /      \    /\     \          /      \    /
    /     /     /        \  /  \     \        /        \  /
   /_____/     /     _____\/    \_____\      /          \/
  /           /      \                /      \          /
 /           /        \              /        \        /
/___________/__________\____________/__________\______/


solution 43:
0,0,0 0,0,1 1,0,0 1,0,1 1,1,0 1,1,1 L6
0,1,0 0,1,1 0,2,0 0,2,1 0,3,0 0,3,1 I6
6,3,1 7,3,0 7,3,1 8,2,1 8,3,0 8,3,1 P6
2,0,0 2,0,1 2,1,0 2,1,1 3,0,0 3,1,0 F6
1,2,0 1,2,1 1,3,0 1,3,1 2,2,0 2,2,1 V6
2,3,0 2,3,1 3,1,1 3,2,0 3,2,1 3,3,0 G6
3,0,1 4,0,0 4,0,1 4,1,0 4,1,1 5,0,0 H6
3,3,1 4,2,0 4,2,1 4,3,0 4,3,1 5,2,0 X6
5,0,1 5,1,0 5,1,1 6,0,0 6,0,1 6,1,0 O6
5,2,1 6,1,1 6,2,0 7,0,0 7,0,1 7,1,0 J6
5,3,0 5,3,1 6,2,1 6,3,0 7,2,0 7,2,1 S6
7,1,1 8,0,0 8,0,1 8,1,0 8,1,1 8,2,0 E6

            ______________________________________________________
           /     /     /      \          /      \                /
          /     /     /        \        /        \              /
         /     /     /_____     \      /_____     \______      /
        /     /           /     /      \     \          /\    /
       /     /           /     /        \     \        /  \  /
      /     /___________/     /__________\     \______/    \/
     /     /     /      \    /     /      \     \          /
    /     /     /        \  /     /        \     \        /
   /_____/     /     _____\/     /          \     \      /
  /           /      \           \          /     /     /
 /           /        \           \        /     /     /
/___________/__________\___________\______/_____/_____/


solution 44:
0,0,0 0,0,1 1,0,0 1,0,1 1,1,0 1,1,1 L6
0,1,0 0,1,1 0,2,0 0,2,1 0,3,0 0,3,1 I6
7,3,1 8,1,1 8,2,0 8,2,1 8,3,0 8,3,1 P6
2,0,0 2,0,1 2,1,0 2,1,1 3,0,0 3,1,0 F6
1,2,0 1,2,1 1,3,0 1,3,1 2,2,0 2,2,1 V6
2,3,0 2,3,1 3,1,1 3,2,0 3,2,1 3,3,0 G6
3,0,1 4,0,0 4,0,1 4,1,0 4,1,1 5,0,0 H6
3,3,1 4,2,0 4,2,1 4,3,0 4,3,1 5,2,0 X6
5,0,1 5,1,0 5,1,1 6,0,0 6,0,1 6,1,0 O6
5,2,1 6,1,1 6,2,0 7,0,0 7,0,1 7,1,0 J6
7,1,1 7,2,0 7,2,1 8,0,0 8,0,1 8,1,0 S6
5,3,0 5,3,1 6,2,1 6,3,0 6,3,1 7,3,0 E6

            ______________________________________________________
           /     /     /      \          /            \          /
          /     /     /        \        /              \        /
         /     /     /_____     \      /_____      _____\      /
        /     /           /     /      \     \    /     /     /
       /     /           /     /        \     \  /     /     /
      /     /___________/     /__________\     \/     /     /
     /     /     /      \    /     /      \     \     \    /
    /     /     /        \  /     /        \     \     \  /
   /_____/     /     _____\/     /          \     \     \/
  /           /      \           \          /     /     /
 /           /        \           \        /     /     /
/___________/__________\___________\______/_____/_____/


solution 45:
0,0,0 0,0,1 1,0,0 1,0,1 1,1,0 1,1,1 L6
0,1,0 0,1,1 0,2,0 0,2,1 0,3,0 0,3,1 I6
7,3,1 8,1,1 8,2,0 8,2,1 8,3,0 8,3,1 P6
2,0,0 2,0,1 2,1,0 2,1,1 3,0,0 3,1,0 F6
1,2,0 1,2,1 1,3,0 1,3,1 2,2,0 2,2,1 V6
2,3,0 2,3,1 3,2,1 3,3,0 3,3,1 4,2,0 H6
3,0,1 3,1,1 3,2,0 4,0,0 4,0,1 4,1,0 G6
4,1,1 5,0,0 5,0,1 5,1,0 5,1,1 6,0,0 X6
4,2,1 4,3,0 4,3,1 5,2,0 5,2,1 5,3,0 O6
5,3,1 6,1,0 6,1,1 6,2,0 6,2,1 6,3,0 J6
6,3,1 7,1,1 7,2,0 7,2,1 7,3,0 8,1,0 S6
6,0,1 7,0,0 7,0,1 7,1,0 8,0,0 8,0,1 E6

            ______________________________________________________
           /     /     /           /      \     \     \          /
          /     /     /           /        \     \     \        /
         /     /     /_____      /          \     \     \      /
        /     /           /\     \          /     /     /     /
       /     /           /  \     \        /     /     /     /
      /     /___________/    \_____\______/     /     /     /
     /     /     /      \     \          /     /\     \    /
    /     /     /        \     \        /     /  \     \  /
   /_____/     /     _____\     \      /_____/    \_____\/
  /           /      \          /      \                /
 /           /        \        /        \              /
/___________/__________\______/__________\____________/


solution 46:
0,0,0 0,0,1 0,1,0 0,1,1 0,2,0 1,0,0 P6
7,3,0 7,3,1 8,2,0 8,2,1 8,3,0 8,3,1 V6
7,0,0 7,0,1 8,0,0 8,0,1 8,1,0 8,1,1 L6
6,2,1 6,3,0 6,3,1 7,1,1 7,2,0 7,2,1 F6
5,1,0 5,1,1 6,0,1 6,1,0 6,1,1 7,1,0 E6
3,0,1 4,0,0 4,0,1 5,0,0 5,0,1 6,0,0 I6
4,3,1 5,2,0 5,2,1 5,3,0 5,3,1 6,2,0 X6
2,2,1 2,3,0 2,3,1 3,2,0 3,2,1 3,3,0 O6
3,3,1 4,1,0 4,1,1 4,2,0 4,2,1 4,3,0 J6
2,0,1 2,1,0 2,1,1 3,0,0 3,1,0 3,1,1 G6
0,2,1 1,0,1 1,1,0 1,1,1 1,2,0 2,0,0 S6
0,3,0 0,3,1 1,2,1 1,3,0 1,3,1 2,2,0 H6

            ______________________________________________________
           /           /      \     \          /     /           /
          /           /        \     \        /     /           /
         /_____      /          \     \      /     /_____      /
        /\     \     \          /     /      \          /     /
       /  \     \     \        /     /        \        /     /
      /    \     \_____\______/     /__________\      /_____/
     /     /     /           /     /            \    /     /
    /     /     /           /     /              \  /     /
   /     /     /     ______/_____/_____      _____\/     /
  /      \     \     \                 \    /           /
 /        \     \     \                 \  /           /
/__________\_____\_____\_________________\/___________/


solution 47:
0,0,0 0,0,1 0,1,0 0,1,1 0,2,0 1,0,0 P6
7,3,0 7,3,1 8,2,0 8,2,1 8,3,0 8,3,1 V6
7,0,0 7,0,1 8,0,0 8,0,1 8,1,0 8,1,1 L6
5,3,1 6,2,1 6,3,0 6,3,1 7,2,0 7,2,1 F6
5,2,0 5,2,1 6,1,1 6,2,0 7,1,0 7,1,1 S6
3,3,1 4,2,0 4,2,1 4,3,0 4,3,1 5,3,0 H6
5,0,1 5,1,0 5,1,1 6,0,0 6,0,1 6,1,0 O6
3,1,1 4,0,0 4,0,1 4,1,0 4,1,1 5,0,0 X6
0,3,1 1,3,0 1,3,1 2,3,0 2,3,1 3,3,0 I6
2,1,1 2,2,0 2,2,1 3,1,0 3,2,0 3,2,1 G6
0,2,1 0,3,0 1,1,1 1,2,0 1,2,1 2,1,0 E6
1,0,1 1,1,0 2,0,0 2,0,1 3,0,0 3,0,1 J6

            ______________________________________________________
           /\                 \           \          /           /
          /  \                 \           \        /           /
         /    \_________________\      _____\      /_____      /
        /\          /           /     /      \          /     /
       /  \        /           /     /        \        /     /
      /    \      /     ______/_____/_____     \______/_____/
     /     /\     \     \          /      \          /     /
    /     /  \     \     \        /        \        /     /
   /     /    \_____\_____\      /          \______/     /
  /      \                /      \          /           /
 /        \              /        \        /           /
/__________\____________/__________\______/___________/


solution 48:
0,0,0 0,0,1 0,1,0 0,1,1 0,2,0 1,1,0 P6
1,0,0 1,0,1 2,0,0 2,0,1 3,0,0 3,0,1 I6
7,3,0 7,3,1 8,2,0 8,2,1 8,3,0 8,3,1 V6
5,0,1 5,1,0 5,1,1 6,0,0 6,0,1 6,1,0 O6
3,1,1 4,0,0 4,0,1 4,1,0 4,1,1 5,0,0 X6
7,0,0 7,0,1 8,0,0 8,0,1 8,1,0 8,1,1 L6
5,3,1 6,2,1 6,3,0 6,3,1 7,2,0 7,2,1 F6
5,2,0 5,2,1 6,1,1 6,2,0 7,1,0 7,1,1 S6
3,3,1 4,2,0 4,2,1 4,3,0 4,3,1 5,3,0 H6
1,2,1 1,3,0 2,1,1 2,2,0 2,2,1 3,1,0 E6
1,3,1 2,3,0 2,3,1 3,2,0 3,2,1 3,3,0 G6
0,2,1 0,3,0 0,3,1 1,1,1 1,2,0 2,1,0 J6

            ______________________________________________________
           /     /\           \           \          /           /
          /     /  \           \           \        /           /
         /     /    \______     \      _____\      /_____      /
        /\     \          /     /     /      \          /     /
       /  \     \        /     /     /        \        /     /
      /    \     \      /_____/_____/_____     \______/_____/
     /      \     \     \          /      \          /     /
    /        \     \     \        /        \        /     /
   /     _____\_____\_____\      /          \______/     /
  /     /                 /      \          /           /
 /     /                 /        \        /           /
/_____/_________________/__________\______/___________/


solution 49:
0,0,0 0,0,1 0,1,0 1,0,0 1,0,1 2,0,0 P6
7,3,0 7,3,1 8,2,0 8,2,1 8,3,0 8,3,1 V6
6,2,1 7,1,1 7,2,0 7,2,1 8,1,0 8,1,1 F6
4,3,0 4,3,1 5,3,0 5,3,1 6,3,0 6,3,1 I6
6,0,1 7,0,0 7,0,1 7,1,0 8,0,0 8,0,1 E6
2,0,1 2,1,0 2,1,1 3,0,0 3,0,1 3,1,0 O6
2,2,1 3,1,1 3,2,0 4,0,0 4,0,1 4,1,0 J6
2,3,0 2,3,1 3,2,1 3,3,0 3,3,1 4,2,0 H6
4,1,1 5,0,0 5,0,1 5,1,0 5,1,1 6,0,0 X6
4,2,1 5,2,0 5,2,1 6,1,0 6,1,1 6,2,0 G6
0,1,1 1,1,0 1,1,1 1,2,0 1,2,1 2,2,0 S6
0,2,0 0,2,1 0,3,0 0,3,1 1,3,0 1,3,1 L6

            ______________________________________________________
           /           /           /                 /           /
          /           /           /                 /           /
         /     ______/_____      /_________________/_____      /
        /     /      \     \     \           \          /     /
       /     /        \     \     \           \        /     /
      /_____/     _____\     \_____\______     \      /_____/
     /\          /      \     \          /     /\          /
    /  \        /        \     \        /     /  \        /
   /    \______/          \     \      /_____/    \______/
  /            \          /     /      \                /
 /              \        /     /        \              /
/________________\______/_____/__________\____________/


solution 50:
0,0,0 0,0,1 0,1,0 1,0,0 1,0,1 2,0,0 P6
7,3,0 7,3,1 8,2,0 8,2,1 8,3,0 8,3,1 V6
6,1,1 6,2,0 7,1,0 7,1,1 8,1,0 8,1,1 J6
6,0,0 6,0,1 7,0,0 7,0,1 8,0,0 8,0,1 I6
5,3,1 6,2,1 6,3,0 6,3,1 7,2,0 7,2,1 F6
4,0,1 4,1,0 4,1,1 5,0,0 5,0,1 5,1,0 O6
4,3,1 5,1,1 5,2,0 5,2,1 5,3,0 6,1,0 S6
2,3,1 3,3,0 3,3,1 4,2,0 4,2,1 4,3,0 G6
0,1,1 1,1,0 1,1,1 1,2,0 2,0,1 2,1,0 H6
0,2,0 0,2,1 0,3,0 0,3,1 1,3,0 1,3,1 L6
2,1,1 3,0,0 3,0,1 3,1,0 3,1,1 4,0,0 X6
1,2,1 2,2,0 2,2,1 2,3,0 3,2,0 3,2,1 E6

            ______________________________________________________
           /           /\           \     \          /           /
          /           /  \           \     \        /           /
         /     ______/    \______     \     \      /_____      /
        /     /\                /     /     /\          /     /
       /     /  \              /     /     /  \        /     /
      /_____/    \____________/_____/     /    \______/_____/
     /\           \          /      \     \                /
    /  \           \        /        \     \              /
   /    \______     \      /          \_____\____________/
  /            \    /      \          /                 /
 /              \  /        \        /                 /
/________________\/__________\______/_________________/


solution 51:
0,0,0 0,0,1 0,1,0 1,0,0 1,0,1 2,0,0 P6
7,3,0 7,3,1 8,2,0 8,2,1 8,3,0 8,3,1 V6
7,0,0 7,0,1 8,0,0 8,0,1 8,1,0 8,1,1 L6
6,2,1 6,3,0 6,3,1 7,1,1 7,2,0 7,2,1 F6
5,1,0 5,1,1 6,0,1 6,1,0 6,1,1 7,1,0 E6
4,0,1 4,1,0 4,1,1 5,0,0 5,0,1 6,0,0 G6
4,3,1 5,2,0 5,2,1 5,3,0 5,3,1 6,2,0 X6
2,2,1 3,0,1 3,1,0 3,1,1 3,2,0 4,0,0 S6
3,2,1 3,3,0 3,3,1 4,2,0 4,2,1 4,3,0 O6
0,3,0 0,3,1 1,3,0 1,3,1 2,3,0 2,3,1 I6
1,1,0 1,1,1 2,0,1 2,1,0 2,1,1 3,0,0 H6
0,1,1 0,2,0 0,2,1 1,2,0 1,2,1 2,2,0 J6

            ______________________________________________________
           /                 /      \          /     /           /
          /                 /        \        /     /           /
         /_________________/          \      /     /_____      /
        /            \     \          /      \          /     /
       /              \     \        /        \        /     /
      /     ___________\     \______/__________\      /_____/
     /\    /           /     /     /            \    /     /
    /  \  /           /     /     /              \  /     /
   /    \/_____      /     /     /_____      _____\/     /
  /            \     \     \           \    /           /
 /              \     \     \           \  /           /
/________________\_____\_____\___________\/___________/


solution 52:
0,0,0 0,0,1 0,1,0 1,0,0 1,0,1 2,0,0 P6
7,3,0 7,3,1 8,2,0 8,2,1 8,3,0 8,3,1 V6
7,0,0 7,0,1 8,0,0 8,0,1 8,1,0 8,1,1 L6
6,2,1 6,3,0 6,3,1 7,1,1 7,2,0 7,2,1 F6
5,1,1 6,0,0 6,0,1 6,1,0 6,1,1 7,1,0 H6
4,3,1 5,2,0 5,2,1 5,3,0 5,3,1 6,2,0 X6
0,1,1 0,2,0 0,2,1 1,1,0 1,1,1 1,2,0 O6
0,3,0 0,3,1 1,2,1 1,3,0 1,3,1 2,3,0 E6
2,2,0 2,2,1 2,3,1 3,2,0 3,2,1 3,3,0 G6
3,3,1 4,1,1 4,2,0 4,2,1 4,3,0 5,1,0 S6
3,0,0 3,0,1 4,0,0 4,0,1 5,0,0 5,0,1 I6
2,0,1 2,1,0 2,1,1 3,1,0 3,1,1 4,1,0 J6

            ______________________________________________________
           /            \     \     \          /     /           /
          /              \     \     \        /     /           /
         /_____      _____\     \     \      /     /_____      /
        /      \    /           /     /      \          /     /
       /        \  /           /     /        \        /     /
      /          \/___________/     /__________\      /_____/
     /\          /            \     \           \    /     /
    /  \        /              \     \           \  /     /
   /    \______/     ___________\_____\      _____\/     /
  /            \    /                 /     /           /
 /              \  /                 /     /           /
/________________\/_________________/_____/___________/


solution 53:
0,0,0 0,0,1 0,1,0 1,0,0 1,0,1 2,0,0 P6
7,3,0 7,3,1 8,2,0 8,2,1 8,3,0 8,3,1 V6
7,0,0 7,0,1 8,0,0 8,0,1 8,1,0 8,1,1 L6
6,2,1 6,3,0 6,3,1 7,1,1 7,2,0 7,2,1 F6
5,1,1 6,0,0 6,0,1 6,1,0 6,1,1 7,1,0 H6
4,3,1 5,2,0 5,2,1 5,3,0 5,3,1 6,2,0 X6
0,1,1 0,2,0 0,2,1 1,1,0 1,1,1 1,2,0 O6
0,3,0 0,3,1 1,3,0 1,3,1 2,3,0 2,3,1 I6
1,2,1 2,2,0 2,2,1 3,2,0 3,2,1 3,3,0 J6
3,3,1 4,1,1 4,2,0 4,2,1 4,3,0 5,1,0 S6
3,0,1 4,0,0 4,0,1 4,1,0 5,0,0 5,0,1 E6
2,0,1 2,1,0 2,1,1 3,0,0 3,1,0 3,1,1 G6

            ______________________________________________________
           /                 /\     \          /     /           /
          /                 /  \     \        /     /           /
         /_________________/    \     \      /     /_____      /
        /      \                /     /      \          /     /
       /        \              /     /        \        /     /
      /          \____________/     /__________\      /_____/
     /\          /           /\     \           \    /     /
    /  \        /           /  \     \           \  /     /
   /    \______/     ______/    \_____\      _____\/     /
  /            \     \                /     /           /
 /              \     \              /     /           /
/________________\_____\____________/_____/___________/


solution 54:
0,0,0 0,0,1 0,1,0 1,0,0 1,0,1 2,0,0 P6
7,3,0 7,3,1 8,2,0 8,2,1 8,3,0 8,3,1 V6
7,0,0 7,0,1 8,0,0 8,0,1 8,1,0 8,1,1 L6
6,2,1 6,3,0 6,3,1 7,1,1 7,2,0 7,2,1 F6
5,2,1 6,0,1 6,1,0 6,1,1 6,2,0 7,1,0 H6
3,3,0 3,3,1 4,3,0 4,3,1 5,3,0 5,3,1 I6
4,2,1 5,0,1 5,1,0 5,1,1 5,2,0 6,0,0 S6
3,1,1 4,0,0 4,0,1 4,1,0 4,1,1 5,0,0 X6
2,2,1 2,3,0 2,3,1 3,2,0 3,2,1 4,2,0 G6
1,1,1 1,2,0 1,2,1 1,3,0 1,3,1 2,2,0 E6
0,1,1 0,2,0 0,2,1 0,3,0 0,3,1 1,1,0 J6
2,0,1 2,1,0 2,1,1 3,0,0 3,0,1 3,1,0 O6

            ______________________________________________________
           /     /     /     /                 /     /           /
          /     /     /     /                 /     /           /
         /     /     /     /_________________/     /_____      /
        /     /      \           \     \     \          /     /
       /     /        \           \     \     \        /     /
      /     /     _____\___________\     \     \      /_____/
     /\     \    /      \          /     /      \    /     /
    /  \     \  /        \        /     /        \  /     /
   /    \_____\/          \      /     /     _____\/     /
  /            \          /      \     \    /           /
 /              \        /        \     \  /           /
/________________\______/__________\_____\/___________/


solution 55:
0,0,0 0,0,1 0,1,0 1,0,0 1,0,1 2,0,0 P6
7,3,0 7,3,1 8,2,0 8,2,1 8,3,0 8,3,1 V6
7,0,0 7,0,1 8,0,0 8,0,1 8,1,0 8,1,1 L6
6,2,1 6,3,0 6,3,1 7,1,1 7,2,0 7,2,1 F6
4,1,1 5,1,0 5,1,1 6,1,0 6,1,1 7,1,0 I6
4,0,1 4,1,0 5,0,0 5,0,1 6,0,0 6,0,1 J6
4,3,1 5,2,0 5,2,1 5,3,0 5,3,1 6,2,0 X6
2,2,1 3,0,1 3,1,0 3,1,1 3,2,0 4,0,0 S6
1,1,0 1,1,1 2,0,1 2,1,0 2,1,1 3,0,0 H6
0,1,1 0,2,0 0,2,1 0,3,0 0,3,1 1,2,0 E6
3,2,1 3,3,0 3,3,1 4,2,0 4,2,1 4,3,0 O6
1,2,1 1,3,0 1,3,1 2,2,0 2,3,0 2,3,1 G6

            ______________________________________________________
           /     /           /      \          /     /           /
          /     /           /        \        /     /           /
         /     /     ______/          \      /     /_____      /
        /      \     \     \          /      \          /     /
       /        \     \     \        /        \        /     /
      /     _____\_____\     \______/__________\      /_____/
     /\    /           /     /\                 \    /     /
    /  \  /           /     /  \                 \  /     /
   /    \/_____      /     /    \_________________\/     /
  /            \     \     \                /           /
 /              \     \     \              /           /
/________________\_____\_____\____________/___________/


solution 56:
0,0,0 0,0,1 0,1,0 1,0,0 1,0,1 2,0,0 P6
7,3,0 7,3,1 8,2,0 8,2,1 8,3,0 8,3,1 V6
7,0,0 7,0,1 8,0,0 8,0,1 8,1,0 8,1,1 L6
6,2,1 6,3,0 6,3,1 7,1,1 7,2,0 7,2,1 F6
5,0,1 6,0,0 6,0,1 6,1,0 6,1,1 7,1,0 S6
3,3,0 3,3,1 4,3,0 4,3,1 5,3,0 5,3,1 I6
4,2,1 5,1,0 5,1,1 5,2,0 5,2,1 6,2,0 H6
3,1,1 4,0,0 4,0,1 4,1,0 4,1,1 5,0,0 X6
2,2,1 2,3,0 2,3,1 3,2,0 3,2,1 4,2,0 G6
1,1,1 1,2,0 1,2,1 1,3,0 1,3,1 2,2,0 E6
0,1,1 0,2,0 0,2,1 0,3,0 0,3,1 1,1,0 J6
2,0,1 2,1,0 2,1,1 3,0,0 3,0,1 3,1,0 O6

            ______________________________________________________
           /     /     /     /                 /     /           /
          /     /     /     /                 /     /           /
         /     /     /     /_________________/     /_____      /
        /     /      \           \           \          /     /
       /     /        \           \           \        /     /
      /     /     _____\___________\      _____\      /_____/
     /\     \    /      \          /     /      \    /     /
    /  \     \  /        \        /     /        \  /     /
   /    \_____\/          \      /_____/     _____\/     /
  /            \          /      \          /           /
 /              \        /        \        /           /
/________________\______/__________\______/___________/


solution 57:
0,0,0 0,0,1 0,1,0 1,0,0 1,0,1 2,0,0 P6
7,3,0 7,3,1 8,2,0 8,2,1 8,3,0 8,3,1 V6
7,0,0 7,0,1 8,0,0 8,0,1 8,1,0 8,1,1 L6
5,3,1 6,2,1 6,3,0 6,3,1 7,2,0 7,2,1 F6
5,1,1 6,1,0 6,1,1 6,2,0 7,1,0 7,1,1 E6
4,0,0 4,0,1 5,0,0 5,0,1 6,0,0 6,0,1 I6
0,2,1 0,3,0 0,3,1 1,2,0 1,2,1 1,3,0 O6
0,1,1 0,2,0 1,1,0 1,1,1 2,0,1 2,1,0 S6
2,1,1 3,0,0 3,0,1 3,1,0 3,1,1 4,1,0 H6
4,1,1 4,2,0 4,2,1 5,1,0 5,2,0 5,2,1 G6
1,3,1 2,2,0 2,2,1 2,3,0 2,3,1 3,2,0 X6
3,2,1 3,3,0 3,3,1 4,3,0 4,3,1 5,3,0 J6

            ______________________________________________________
           /      \          /            \          /           /
          /        \        /              \        /           /
         /          \      /     ___________\      /_____      /
        /\          /      \    /           /\          /     /
       /  \        /        \  /           /  \        /     /
      /    \______/__________\/     ______/    \______/_____/
     /\           \           \     \                /     /
    /  \           \           \     \              /     /
   /    \______     \      _____\_____\____________/     /
  /            \    /     /                 /           /
 /              \  /     /                 /           /
/________________\/_____/_________________/___________/


solution 58:
0,0,0 0,0,1 0,1,0 1,0,0 1,0,1 2,0,0 P6
7,3,0 7,3,1 8,2,0 8,2,1 8,3,0 8,3,1 V6
7,0,0 7,0,1 8,0,0 8,0,1 8,1,0 8,1,1 L6
5,3,1 6,2,1 6,3,0 6,3,1 7,2,0 7,2,1 F6
5,1,1 6,1,0 6,1,1 6,2,0 7,1,0 7,1,1 E6
4,0,1 4,1,0 5,0,0 5,0,1 6,0,0 6,0,1 J6
4,1,1 4,2,0 4,2,1 5,1,0 5,2,0 5,2,1 G6
2,3,1 3,3,0 3,3,1 4,3,0 4,3,1 5,3,0 I6
2,1,1 3,0,0 3,0,1 3,1,0 3,1,1 4,0,0 X6
1,3,1 2,2,0 2,2,1 2,3,0 3,2,0 3,2,1 H6
0,1,1 0,2,0 1,1,0 1,1,1 2,0,1 2,1,0 S6
0,2,1 0,3,0 0,3,1 1,2,0 1,2,1 1,3,0 O6

            ______________________________________________________
           /      \     \                 \          /           /
          /        \     \                 \        /           /
         /          \     \_________________\      /_____      /
        /\          /           /           /\          /     /
       /  \        /           /           /  \        /     /
      /    \______/___________/     ______/    \______/_____/
     /\           \          /\     \                /     /
    /  \           \        /  \     \              /     /
   /    \______     \      /    \_____\____________/     /
  /            \    /      \                /           /
 /              \  /        \              /           /
/________________\/__________\____________/___________/


solution 59:
0,0,0 0,0,1 0,1,0 1,0,0 1,0,1 2,0,0 P6
7,3,0 7,3,1 8,2,0 8,2,1 8,3,0 8,3,1 V6
7,0,0 7,0,1 8,0,0 8,0,1 8,1,0 8,1,1 L6
5,3,1 6,2,1 6,3,0 6,3,1 7,2,0 7,2,1 F6
5,2,1 6,1,0 6,1,1 6,2,0 7,1,0 7,1,1 H6
3,3,0 3,3,1 4,2,1 4,3,0 4,3,1 5,3,0 E6
3,2,1 4,1,1 4,2,0 5,1,0 5,1,1 5,2,0 G6
4,0,0 4,0,1 5,0,0 5,0,1 6,0,0 6,0,1 I6
2,0,1 3,0,0 3,0,1 3,1,0 3,1,1 4,1,0 S6
1,3,1 2,2,0 2,2,1 2,3,0 2,3,1 3,2,0 X6
0,2,1 0,3,0 0,3,1 1,2,0 1,2,1 1,3,0 O6
0,1,1 0,2,0 1,1,0 1,1,1 2,1,0 2,1,1 J6

            ______________________________________________________
           /      \          /            \          /           /
          /        \        /              \        /           /
         /          \      /_____      _____\      /_____      /
        /\          /      \     \    /\     \          /     /
       /  \        /        \     \  /  \     \        /     /
      /    \______/__________\     \/    \     \______/_____/
     /\                /      \          /           /     /
    /  \              /        \        /           /     /
   /    \____________/     _____\______/___________/     /
  /            \          /                 /           /
 /              \        /                 /           /
/________________\______/_________________/___________/


solution 60:
0,0,0 0,0,1 0,1,0 1,0,0 1,0,1 2,0,0 P6
7,3,0 7,3,1 8,2,0 8,2,1 8,3,0 8,3,1 V6
7,0,0 7,0,1 8,0,0 8,0,1 8,1,0 8,1,1 L6
5,3,1 6,2,1 6,3,0 6,3,1 7,2,0 7,2,1 F6
5,2,1 6,1,0 6,1,1 6,2,0 7,1,0 7,1,1 H6
2,3,1 3,3,0 3,3,1 4,3,0 4,3,1 5,3,0 I6
4,0,1 4,1,0 5,0,0 5,0,1 6,0,0 6,0,1 J6
4,1,1 4,2,0 4,2,1 5,1,0 5,1,1 5,2,0 O6
2,1,1 3,0,0 3,0,1 3,1,0 3,1,1 4,0,0 X6
1,2,1 2,2,0 2,2,1 2,3,0 3,2,0 3,2,1 E6
0,1,1 0,2,0 1,1,0 1,1,1 2,0,1 2,1,0 S6
0,2,1 0,3,0 0,3,1 1,2,0 1,3,0 1,3,1 G6

            ______________________________________________________
           /           /\                 \          /           /
          /           /  \                 \        /           /
         /     ______/    \_________________\      /_____      /
        /\     \                /      \     \          /     /
       /  \     \              /        \     \        /     /
      /    \_____\____________/          \     \______/_____/
     /\           \          /\          /           /     /
    /  \           \        /  \        /           /     /
   /    \______     \      /    \______/___________/     /
  /            \    /      \                /           /
 /              \  /        \              /           /
/________________\/__________\____________/___________/


solution 61:
0,0,0 0,0,1 0,1,0 1,0,0 1,0,1 2,0,0 P6
7,3,0 7,3,1 8,2,0 8,2,1 8,3,0 8,3,1 V6
7,0,0 7,0,1 8,0,0 8,0,1 8,1,0 8,1,1 L6
5,3,1 6,2,1 6,3,0 6,3,1 7,2,0 7,2,1 F6
5,2,1 6,1,0 6,1,1 6,2,0 7,1,0 7,1,1 H6
3,2,1 3,3,0 3,3,1 4,3,0 4,3,1 5,3,0 J6
4,0,0 4,0,1 5,0,0 5,0,1 6,0,0 6,0,1 I6
4,1,1 4,2,0 4,2,1 5,1,0 5,1,1 5,2,0 O6
2,0,1 3,0,0 3,0,1 3,1,0 3,1,1 4,1,0 S6
1,3,1 2,2,0 2,2,1 2,3,0 2,3,1 3,2,0 X6
0,1,1 1,1,0 1,1,1 1,2,0 2,1,0 2,1,1 E6
0,2,0 0,2,1 0,3,0 0,3,1 1,2,1 1,3,0 G6

            ______________________________________________________
           /      \          /            \          /           /
          /        \        /              \        /           /
         /          \      /     ___________\      /_____      /
        /     /\    /      \    /      \     \          /     /
       /     /  \  /        \  /        \     \        /     /
      /_____/    \/__________\/          \     \______/_____/
     /\                /      \          /           /     /
    /  \              /        \        /           /     /
   /    \____________/     _____\______/___________/     /
  /            \          /                 /           /
 /              \        /                 /           /
/________________\______/_________________/___________/


solution 62:
0,0,0 0,0,1 1,0,0 1,0,1 1,1,0 2,0,0 P6
0,1,0 0,1,1 0,2,0 0,2,1 1,1,1 1,2,0 G6
0,3,0 0,3,1 1,3,0 1,3,1 2,3,0 2,3,1 I6
7,3,0 7,3,1 8,2,0 8,2,1 8,3,0 8,3,1 V6
1,2,1 2,0,1 2,1,0 2,1,1 2,2,0 3,0,0 S6
5,0,1 5,1,0 5,1,1 6,0,0 6,0,1 6,1,0 O6
3,0,1 4,0,0 4,0,1 4,1,0 4,1,1 5,0,0 H6
2,2,1 3,1,0 3,1,1 3,2,0 3,2,1 3,3,0 E6
3,3,1 4,2,0 4,2,1 4,3,0 4,3,1 5,2,0 X6
7,0,0 7,0,1 8,0,0 8,0,1 8,1,0 8,1,1 L6
6,2,1 6,3,0 6,3,1 7,1,1 7,2,0 7,2,1 F6
5,2,1 5,3,0 5,3,1 6,1,1 6,2,0 7,1,0 J6

            ______________________________________________________
           /                 /\          /     /     /           /
          /                 /  \        /     /     /           /
         /_________________/    \      /     /     /_____      /
        /      \     \          /      \     \          /     /
       /        \     \        /        \     \        /     /
      /          \     \      /__________\     \      /_____/
     /     /\    /     /     /     /      \     \    /     /
    /     /  \  /     /     /     /        \     \  /     /
   /_____/    \/     /_____/     /          \_____\/     /
  /            \     \           \          /           /
 /              \     \           \        /           /
/________________\_____\___________\______/___________/


solution 63:
0,0,0 0,0,1 1,0,0 1,0,1 1,1,0 2,0,0 P6
0,1,0 0,1,1 0,2,0 0,2,1 1,1,1 1,2,0 G6
0,3,0 0,3,1 1,3,0 1,3,1 2,3,0 2,3,1 I6
7,3,0 7,3,1 8,2,0 8,2,1 8,3,0 8,3,1 V6
1,2,1 2,0,1 2,1,0 2,1,1 2,2,0 3,0,0 S6
5,0,1 5,1,0 5,1,1 6,0,0 6,0,1 6,1,0 O6
3,0,1 4,0,0 4,0,1 4,1,0 4,1,1 5,0,0 H6
2,2,1 3,1,0 3,1,1 3,2,0 3,2,1 3,3,0 E6
3,3,1 4,2,0 4,2,1 4,3,0 4,3,1 5,2,0 X6
7,0,0 7,0,1 8,0,0 8,0,1 8,1,0 8,1,1 L6
5,3,1 6,2,1 6,3,0 6,3,1 7,2,0 7,2,1 F6
5,2,1 5,3,0 6,1,1 6,2,0 7,1,0 7,1,1 J6

            ______________________________________________________
           /                 /\          /\          /           /
          /                 /  \        /  \        /           /
         /_________________/    \      /    \      /_____      /
        /      \     \          /      \     \          /     /
       /        \     \        /        \     \        /     /
      /          \     \      /__________\     \______/_____/
     /     /\    /     /     /     /      \          /     /
    /     /  \  /     /     /     /        \        /     /
   /_____/    \/     /_____/     /          \______/     /
  /            \     \           \          /           /
 /              \     \           \        /           /
/________________\_____\___________\______/___________/


solution 64:
0,0,0 0,0,1 1,0,0 1,0,1 1,1,0 2,0,0 P6
0,1,0 0,1,1 0,2,0 0,2,1 1,1,1 1,2,0 G6
0,3,0 0,3,1 1,3,0 1,3,1 2,2,1 2,3,0 J6
1,2,1 2,1,0 2,1,1 2,2,0 3,1,0 3,1,1 H6
2,0,1 3,0,0 3,0,1 4,0,0 4,0,1 5,0,0 I6
7,3,0 7,3,1 8,2,0 8,2,1 8,3,0 8,3,1 V6
2,3,1 3,2,0 3,2,1 3,3,0 3,3,1 4,2,0 X6
4,1,0 4,1,1 5,0,1 5,1,0 6,0,0 6,0,1 S6
4,2,1 4,3,0 4,3,1 5,2,0 5,2,1 5,3,0 O6
5,1,1 6,1,0 6,1,1 6,2,0 7,1,0 7,1,1 E6
5,3,1 6,2,1 6,3,0 6,3,1 7,2,0 7,2,1 F6
7,0,0 7,0,1 8,0,0 8,0,1 8,1,0 8,1,1 L6

            ______________________________________________________
           /            \          /      \          /           /
          /              \        /        \        /           /
         /___________     \      /          \      /_____      /
        /      \     \    /      \          /\          /     /
       /        \     \  /        \        /  \        /     /
      /          \     \/__________\______/    \______/_____/
     /     /\    /           /      \                /     /
    /     /  \  /           /        \              /     /
   /_____/    \/___________/_____     \____________/     /
  /            \                 \          /           /
 /              \                 \        /           /
/________________\_________________\______/___________/


solution 65:
0,0,0 0,0,1 1,0,0 1,0,1 1,1,0 2,0,0 P6
0,1,0 0,1,1 0,2,0 0,2,1 0,3,0 0,3,1 I6
7,3,0 7,3,1 8,2,0 8,2,1 8,3,0 8,3,1 V6
7,0,0 7,0,1 8,0,0 8,0,1 8,1,0 8,1,1 L6
6,2,1 6,3,0 6,3,1 7,1,1 7,2,0 7,2,1 F6
5,1,1 6,0,0 6,0,1 6,1,0 6,1,1 7,1,0 H6
4,3,1 5,2,0 5,2,1 5,3,0 5,3,1 6,2,0 X6
4,0,1 4,1,0 4,1,1 5,0,0 5,0,1 5,1,0 O6
2,1,1 2,2,0 3,0,1 3,1,0 3,1,1 4,0,0 E6
1,1,1 1,2,0 1,2,1 2,0,1 2,1,0 3,0,0 J6
1,3,0 1,3,1 2,2,1 2,3,0 3,2,0 3,2,1 S6
2,3,1 3,3,0 3,3,1 4,2,0 4,2,1 4,3,0 G6

            ______________________________________________________
           /     /      \           \          /     /           /
          /     /        \           \        /     /           /
         /     /_____     \______     \      /     /_____      /
        /     /     /\          /     /      \          /     /
       /     /     /  \        /     /        \        /     /
      /     /     /    \______/_____/__________\      /_____/
     /     /\     \          /      \           \    /     /
    /     /  \     \        /        \           \  /     /
   /_____/    \     \      /          \      _____\/     /
  /            \     \     \          /     /           /
 /              \     \     \        /     /           /
/________________\_____\_____\______/_____/___________/


solution 66:
0,0,0 0,0,1 1,0,0 1,0,1 1,1,0 2,0,0 P6
0,1,0 0,1,1 0,2,0 0,2,1 0,3,0 0,3,1 I6
7,3,0 7,3,1 8,2,0 8,2,1 8,3,0 8,3,1 V6
7,0,0 7,0,1 8,0,0 8,0,1 8,1,0 8,1,1 L6
6,2,1 6,3,0 6,3,1 7,1,1 7,2,0 7,2,1 F6
5,1,1 6,0,0 6,0,1 6,1,0 6,1,1 7,1,0 H6
4,3,1 5,2,0 5,2,1 5,3,0 5,3,1 6,2,0 X6
3,2,1 3,3,0 3,3,1 4,2,0 4,2,1 4,3,0 O6
2,1,1 2,2,0 2,2,1 2,3,0 2,3,1 3,2,0 E6
1,1,1 1,2,0 1,2,1 1,3,0 1,3,1 2,1,0 J6
2,0,1 3,0,0 3,0,1 3,1,0 3,1,1 4,1,0 S6
4,0,0 4,0,1 4,1,1 5,0,0 5,0,1 5,1,0 G6

            ______________________________________________________
           /     /     /     /      \          /     /           /
          /     /     /     /        \        /     /           /
         /     /     /     /          \      /     /_____      /
        /     /     /      \          /      \          /     /
       /     /     /        \        /        \        /     /
      /     /     /     _____\______/__________\      /_____/
     /     /\     \    /      \     \           \    /     /
    /     /  \     \  /        \     \           \  /     /
   /_____/    \_____\/     _____\     \      _____\/     /
  /            \          /           /     /           /
 /              \        /           /     /           /
/________________\______/___________/_____/___________/


solution 67:
0,0,0 0,0,1 1,0,0 1,0,1 1,1,0 2,0,0 P6
0,1,0 0,1,1 0,2,0 0,2,1 0,3,0 0,3,1 I6
7,3,0 7,3,1 8,2,0 8,2,1 8,3,0 8,3,1 V6
7,0,0 7,0,1 8,0,0 8,0,1 8,1,0 8,1,1 L6
6,2,1 6,3,0 6,3,1 7,1,1 7,2,0 7,2,1 F6
5,0,1 6,0,0 6,0,1 6,1,0 6,1,1 7,1,0 S6
4,3,1 5,2,0 5,2,1 5,3,0 5,3,1 6,2,0 X6
4,0,1 4,1,0 4,1,1 5,0,0 5,1,0 5,1,1 G6
3,2,1 3,3,0 3,3,1 4,2,0 4,2,1 4,3,0 O6
2,1,1 2,2,0 3,0,1 3,1,0 3,1,1 4,0,0 E6
1,3,0 1,3,1 2,2,1 2,3,0 2,3,1 3,2,0 H6
1,1,1 1,2,0 1,2,1 2,0,1 2,1,0 3,0,0 J6

            ______________________________________________________
           /     /           /      \          /     /           /
          /     /           /        \        /     /           /
         /     /_____      /          \      /     /_____      /
        /     /     /\     \          /      \          /     /
       /     /     /  \     \        /        \        /     /
      /     /     /    \_____\______/__________\      /_____/
     /     /\     \          /           /      \    /     /
    /     /  \     \        /           /        \  /     /
   /_____/    \     \      /     ______/     _____\/     /
  /            \     \     \     \          /           /
 /              \     \     \     \        /           /
/________________\_____\_____\_____\______/___________/


solution 68:
0,0,0 0,0,1 1,0,0 1,0,1 1,1,0 2,0,0 P6
0,1,0 0,1,1 0,2,0 0,2,1 0,3,0 0,3,1 I6
7,3,0 7,3,1 8,2,0 8,2,1 8,3,0 8,3,1 V6
7,0,0 7,0,1 8,0,0 8,0,1 8,1,0 8,1,1 L6
6,2,1 6,3,0 6,3,1 7,1,1 7,2,0 7,2,1 F6
5,0,1 6,0,0 6,0,1 6,1,0 6,1,1 7,1,0 S6
4,3,1 5,2,0 5,2,1 5,3,0 5,3,1 6,2,0 X6
4,0,1 4,1,0 4,1,1 5,0,0 5,1,0 5,1,1 G6
3,2,1 3,3,0 3,3,1 4,2,0 4,2,1 4,3,0 O6
2,0,1 3,0,0 3,0,1 3,1,0 3,1,1 4,0,0 H6
2,1,1 2,2,0 2,2,1 2,3,0 2,3,1 3,2,0 E6
1,1,1 1,2,0 1,2,1 1,3,0 1,3,1 2,1,0 J6

            ______________________________________________________
           /     /     /     /      \          /     /           /
          /     /     /     /        \        /     /           /
         /     /     /     /          \      /     /_____      /
        /     /     /      \          /      \          /     /
       /     /     /        \        /        \        /     /
      /     /     /     _____\______/__________\      /_____/
     /     /\     \    /     /           /      \    /     /
    /     /  \     \  /     /           /        \  /     /
   /_____/    \_____\/     /     ______/     _____\/     /
  /            \           \     \          /           /
 /              \           \     \        /           /
/________________\___________\_____\______/___________/


solution 69:
0,0,0 0,0,1 1,0,0 1,0,1 1,1,0 2,0,0 P6
0,1,0 0,1,1 0,2,0 0,2,1 0,3,0 0,3,1 I6
7,3,0 7,3,1 8,2,0 8,2,1 8,3,0 8,3,1 V6
7,0,0 7,0,1 8,0,0 8,0,1 8,1,0 8,1,1 L6
5,3,1 6,2,1 6,3,0 6,3,1 7,2,0 7,2,1 F6
6,0,1 6,1,0 6,1,1 6,2,0 7,1,0 7,1,1 H6
5,0,1 5,1,0 5,1,1 5,2,0 5,2,1 6,0,0 J6
3,2,1 4,2,0 4,2,1 4,3,0 4,3,1 5,3,0 S6
2,2,1 2,3,0 2,3,1 3,2,0 3,3,0 3,3,1 G6
3,1,1 4,0,0 4,0,1 4,1,0 4,1,1 5,0,0 X6
1,1,1 1,2,0 1,2,1 1,3,0 1,3,1 2,2,0 E6
2,0,1 2,1,0 2,1,1 3,0,0 3,0,1 3,1,0 O6

            ______________________________________________________
           /     /     /           /      \          /           /
          /     /     /           /        \        /           /
         /     /     /     ______/     _____\      /_____      /
        /     /      \     \          /     /\          /     /
       /     /        \     \        /     /  \        /     /
      /     /     _____\_____\______/     /    \______/_____/
     /     /\    /      \          /     /           /     /
    /     /  \  /        \        /     /           /     /
   /_____/    \/          \      /     /     ______/     /
  /            \          /      \     \    /           /
 /              \        /        \     \  /           /
/________________\______/__________\_____\/___________/


solution 70:
0,0,0 0,0,1 1,0,0 1,0,1 1,1,0 2,0,0 P6
0,1,0 0,1,1 0,2,0 0,2,1 0,3,0 0,3,1 I6
7,3,0 7,3,1 8,2,0 8,2,1 8,3,0 8,3,1 V6
7,0,0 7,0,1 8,0,0 8,0,1 8,1,0 8,1,1 L6
5,3,1 6,2,1 6,3,0 6,3,1 7,2,0 7,2,1 F6
6,0,1 6,1,0 6,1,1 6,2,0 7,1,0 7,1,1 H6
4,2,1 5,0,1 5,1,0 5,1,1 5,2,0 6,0,0 S6
3,3,0 3,3,1 4,3,0 4,3,1 5,2,1 5,3,0 J6
3,1,1 4,0,0 4,0,1 4,1,0 4,1,1 5,0,0 X6
2,2,1 2,3,0 2,3,1 3,2,0 3,2,1 4,2,0 G6
1,1,1 1,2,0 1,2,1 1,3,0 1,3,1 2,2,0 E6
2,0,1 2,1,0 2,1,1 3,0,0 3,0,1 3,1,0 O6

            ______________________________________________________
           /     /     /     /            \          /           /
          /     /     /     /              \        /           /
         /     /     /     /___________     \      /_____      /
        /     /      \           \     \    /\          /     /
       /     /        \           \     \  /  \        /     /
      /     /     _____\___________\     \/    \______/_____/
     /     /\    /      \          /     /           /     /
    /     /  \  /        \        /     /           /     /
   /_____/    \/          \      /     /     ______/     /
  /            \          /      \     \    /           /
 /              \        /        \     \  /           /
/________________\______/__________\_____\/___________/


solution 71:
0,0,0 0,0,1 1,0,0 1,0,1 1,1,0 2,0,0 P6
0,1,0 0,1,1 0,2,0 0,2,1 0,3,0 0,3,1 I6
7,3,0 7,3,1 8,2,0 8,2,1 8,3,0 8,3,1 V6
7,0,0 7,0,1 8,0,0 8,0,1 8,1,0 8,1,1 L6
5,3,1 6,2,1 6,3,0 6,3,1 7,2,0 7,2,1 F6
6,0,1 6,1,0 6,1,1 6,2,0 7,1,0 7,1,1 H6
4,1,1 5,0,0 5,0,1 5,1,0 5,1,1 6,0,0 X6
2,0,1 2,1,0 2,1,1 3,0,0 3,0,1 3,1,0 O6
2,2,1 3,1,1 3,2,0 4,0,0 4,0,1 4,1,0 J6
1,1,1 1,2,0 1,2,1 1,3,0 1,3,1 2,2,0 E6
2,3,0 2,3,1 3,2,1 3,3,0 4,2,0 4,2,1 S6
3,3,1 4,3,0 4,3,1 5,2,0 5,2,1 5,3,0 G6

            ______________________________________________________
           /     /     /      \           \          /           /
          /     /     /        \           \        /           /
         /     /     /_____     \______     \      /_____      /
        /     /      \     \          /     /\          /     /
       /     /        \     \        /     /  \        /     /
      /     /     _____\     \______/_____/    \______/_____/
     /     /\    /      \     \          /           /     /
    /     /  \  /        \     \        /           /     /
   /_____/    \/          \     \      /     ______/     /
  /            \          /     /      \    /           /
 /              \        /     /        \  /           /
/________________\______/_____/__________\/___________/


solution 72:
0,0,0 0,0,1 1,0,0 1,0,1 1,1,0 2,0,0 P6
0,1,0 0,1,1 0,2,0 0,2,1 0,3,0 0,3,1 I6
7,3,0 7,3,1 8,2,0 8,2,1 8,3,0 8,3,1 V6
7,0,0 7,0,1 8,0,0 8,0,1 8,1,0 8,1,1 L6
5,3,1 6,2,1 6,3,0 6,3,1 7,2,0 7,2,1 F6
6,0,1 6,1,0 6,1,1 6,2,0 7,1,0 7,1,1 H6
4,1,1 5,0,0 5,0,1 5,1,0 5,1,1 6,0,0 X6
2,0,1 2,1,0 2,1,1 3,0,0 3,0,1 3,1,0 O6
3,1,1 3,2,0 3,2,1 4,0,0 4,0,1 4,1,0 S6
1,1,1 1,2,0 1,2,1 1,3,0 1,3,1 2,2,0 E6
2,2,1 2,3,0 2,3,1 3,3,0 3,3,1 4,3,0 J6
4,2,0 4,2,1 4,3,1 5,2,0 5,2,1 5,3,0 G6

            ______________________________________________________
           /     /     /            \     \          /           /
          /     /     /              \     \        /           /
         /     /     /     ___________\     \      /_____      /
        /     /      \    /     /           /\          /     /
       /     /        \  /     /           /  \        /     /
      /     /     _____\/     /___________/    \______/_____/
     /     /\    /      \     \          /           /     /
    /     /  \  /        \     \        /           /     /
   /_____/    \/          \     \      /     ______/     /
  /            \          /     /      \    /           /
 /              \        /     /        \  /           /
/________________\______/_____/__________\/___________/


solution 73:
0,0,0 0,0,1 1,0,0 1,0,1 1,1,0 2,0,0 P6
0,1,0 0,1,1 0,2,0 0,2,1 0,3,0 0,3,1 I6
7,3,0 7,3,1 8,2,0 8,2,1 8,3,0 8,3,1 V6
7,0,0 7,0,1 8,0,0 8,0,1 8,1,0 8,1,1 L6
5,3,1 6,2,1 6,3,0 6,3,1 7,2,0 7,2,1 F6
5,2,0 5,2,1 6,1,1 6,2,0 7,1,0 7,1,1 S6
3,3,1 4,2,0 4,2,1 4,3,0 4,3,1 5,3,0 H6
5,0,1 5,1,0 5,1,1 6,0,0 6,0,1 6,1,0 O6
3,1,1 4,0,0 4,0,1 4,1,0 4,1,1 5,0,0 X6
1,1,1 2,0,1 2,1,0 3,0,0 3,0,1 3,1,0 G6
1,2,0 1,2,1 2,1,1 2,2,0 2,2,1 3,2,0 E6
1,3,0 1,3,1 2,3,0 2,3,1 3,2,1 3,3,0 J6

            ______________________________________________________
           /     /            \           \          /           /
          /     /              \           \        /           /
         /     /___________     \      _____\      /_____      /
        /     /            \    /     /      \          /     /
       /     /              \  /     /        \        /     /
      /     /_____      _____\/_____/_____     \______/_____/
     /     /\     \    /\          /      \          /     /
    /     /  \     \  /  \        /        \        /     /
   /_____/    \     \/    \      /          \______/     /
  /            \          /      \          /           /
 /              \        /        \        /           /
/________________\______/__________\______/___________/


solution 74:
0,0,0 0,0,1 1,0,0 1,0,1 1,1,0 2,0,0 P6
0,1,0 0,1,1 0,2,0 0,2,1 0,3,0 0,3,1 I6
7,3,0 7,3,1 8,2,0 8,2,1 8,3,0 8,3,1 V6
7,0,0 7,0,1 8,0,0 8,0,1 8,1,0 8,1,1 L6
5,3,1 6,2,1 6,3,0 6,3,1 7,2,0 7,2,1 F6
5,2,0 5,2,1 6,1,1 6,2,0 7,1,0 7,1,1 S6
3,3,1 4,2,0 4,2,1 4,3,0 4,3,1 5,3,0 H6
5,0,1 5,1,0 5,1,1 6,0,0 6,0,1 6,1,0 O6
3,1,1 4,0,0 4,0,1 4,1,0 4,1,1 5,0,0 X6
1,1,1 1,2,0 2,0,1 2,1,0 3,0,0 3,0,1 J6
1,2,1 1,3,0 2,1,1 2,2,0 2,2,1 3,1,0 E6
1,3,1 2,3,0 2,3,1 3,2,0 3,2,1 3,3,0 G6

            ______________________________________________________
           /     /\           \           \          /           /
          /     /  \           \           \        /           /
         /     /    \______     \      _____\      /_____      /
        /     /\          /     /     /      \          /     /
       /     /  \        /     /     /        \        /     /
      /     /    \      /_____/_____/_____     \______/_____/
     /     /\     \     \          /      \          /     /
    /     /  \     \     \        /        \        /     /
   /_____/    \     \_____\      /          \______/     /
  /            \          /      \          /           /
 /              \        /        \        /           /
/________________\______/__________\______/___________/


74 solutions, 140628 searches, duration 0:01:28.173000
