solving NonConvexPentacubesDiagonalWall5:

solution 1 (4,228 searches):
0,4,0 0,5,0 0,5,1 1,4,0 1,4,1 A5
0,3,5 0,4,4 0,4,5 0,4,6 0,5,6 F5
0,4,3 0,5,3 0,5,4 0,5,5 1,4,3 J45
0,3,2 0,3,3 0,4,2 0,5,2 1,4,2 J25
0,3,1 0,4,1 1,3,1 2,3,1 2,3,2 J15
0,2,0 0,2,1 0,2,2 0,3,0 1,2,2 L15
1,2,4 1,3,2 1,3,3 1,3,4 2,3,3 L25
1,3,6 1,4,4 1,4,5 1,4,6 2,3,6 L45
0,1,4 0,1,5 0,2,4 0,3,4 1,1,4 L35
0,2,6 0,3,6 1,2,6 2,2,6 3,2,6 L5
0,2,5 1,2,5 1,3,5 2,3,4 2,3,5 N15
0,1,6 1,0,5 1,1,5 1,1,6 2,1,5 N25
1,0,6 2,0,6 2,1,6 3,1,6 4,1,6 N5
4,0,4 4,0,5 4,0,6 5,0,5 5,0,6 P5
4,0,2 4,0,3 4,1,2 5,0,3 5,0,4 S15
4,0,1 4,1,1 5,0,0 5,0,1 5,0,2 T25
2,0,5 3,0,5 3,0,6 3,1,5 4,1,5 S25
0,1,2 0,1,3 0,2,3 1,0,2 1,1,2 V25
2,2,5 3,1,4 3,2,4 3,2,5 4,1,4 V15
1,0,4 2,0,4 2,1,4 2,2,4 3,0,4 T5
1,2,1 2,2,0 2,2,1 2,2,2 3,2,1 X5
0,1,0 1,1,0 1,2,0 1,3,0 2,3,0 Z5
0,1,1 1,1,1 2,1,1 2,1,2 2,1,3 V5
1,0,3 1,1,3 1,2,3 2,0,3 2,2,3 U5
1,0,1 2,0,1 2,0,2 3,0,2 3,0,3 W5
3,1,2 3,1,3 3,2,2 3,2,3 4,1,3 Q5
1,0,0 2,0,0 3,0,0 3,0,1 4,0,0 Y5
2,1,0 3,1,0 3,1,1 3,2,0 4,1,0 T15

A5                          A5                          J25                         J45                         J45                         J45                         F5
A5  A5                      J15 A5                      J25 J25                     J45 J45                     F5  L45                     F5  L45                     F5  L45
L15 Z5  Z5                  J15 J15 J15                 J25 L25 J15                 J25 L25 L25                 L35 L25 N15                 F5  N15 N15                 L5  L45 L45
L15 Z5  X5  T15             L15 X5  X5  X5              L15 L15 X5  Q5              V25 U5  U5  Q5              L35 L25 T5  V15             N15 N15 V15 V15             L5  L5  L5  L5
Z5  Z5  T15 T15 T15         V5  V5  V5  T15 T25         V25 V25 V5  Q5  S15         V25 U5  V5  Q5  Q5          L35 L35 T5  V15 V15         L35 N25 N25 S25 S25         N25 N25 N5  N5  N5
    Y5  Y5  Y5  Y5  T25         W5  W5  Y5  T25 T25         V25 W5  W5  S15 T25         U5  U5  W5  S15 S15         T5  T5  T5  P5  S15         N25 S25 S25 P5  P5          N5  N5  S25 P5  P5

solution 2 (4,906 searches):
0,4,0 0,5,0 0,5,1 1,4,0 1,4,1 A5
0,3,5 0,4,4 0,4,5 0,4,6 0,5,6 F5
0,4,3 0,5,3 0,5,4 0,5,5 1,4,3 J45
0,3,2 0,3,3 0,4,2 0,5,2 1,4,2 J25
0,3,1 0,4,1 1,3,1 2,3,1 2,3,2 J15
0,2,0 0,2,1 0,2,2 0,3,0 1,2,2 L15
1,2,4 1,3,2 1,3,3 1,3,4 2,3,3 L25
1,3,6 1,4,4 1,4,5 1,4,6 2,3,6 L45
0,1,4 0,1,5 0,2,4 0,3,4 1,1,4 L35
0,2,6 0,3,6 1,2,6 2,2,6 3,2,6 L5
0,2,5 1,2,5 1,3,5 2,3,4 2,3,5 N15
0,1,6 1,0,5 1,1,5 1,1,6 2,1,5 N25
1,0,6 2,0,6 2,1,6 3,1,6 4,1,6 N5
4,0,4 4,0,5 4,0,6 5,0,5 5,0,6 P5
4,0,2 4,0,3 4,1,2 5,0,3 5,0,4 S15
4,0,1 4,1,1 5,0,0 5,0,1 5,0,2 T25
2,0,5 3,0,5 3,0,6 3,1,5 4,1,5 S25
0,2,3 1,2,3 2,2,3 2,2,4 2,2,5 V5
3,0,4 3,1,4 3,2,3 3,2,4 3,2,5 T5
2,1,3 2,1,4 3,1,3 4,1,3 4,1,4 U5
1,0,4 2,0,3 2,0,4 3,0,2 3,0,3 W5
0,1,2 0,1,3 1,0,3 1,1,2 1,1,3 Q5
1,0,0 2,0,0 3,0,0 3,0,1 4,0,0 Y5
2,1,0 3,1,0 3,1,1 3,2,0 4,1,0 T15
1,2,1 2,2,0 2,2,1 2,2,2 3,2,1 X5
0,1,0 1,1,0 1,2,0 1,3,0 2,3,0 Z5
0,1,1 1,0,1 1,0,2 1,1,1 2,0,2 V15
2,0,1 2,1,1 2,1,2 3,1,2 3,2,2 V25

A5                          A5                          J25                         J45                         J45                         J45                         F5
A5  A5                      J15 A5                      J25 J25                     J45 J45                     F5  L45                     F5  L45                     F5  L45
L15 Z5  Z5                  J15 J15 J15                 J25 L25 J15                 J25 L25 L25                 L35 L25 N15                 F5  N15 N15                 L5  L45 L45
L15 Z5  X5  T15             L15 X5  X5  X5              L15 L15 X5  V25             V5  V5  V5  T5              L35 L25 V5  T5              N15 N15 V5  T5              L5  L5  L5  L5
Z5  Z5  T15 T15 T15         V15 V15 V25 T15 T25         Q5  Q5  V25 V25 S15         Q5  Q5  U5  U5  U5          L35 L35 U5  T5  U5          L35 N25 N25 S25 S25         N25 N25 N5  N5  N5
    Y5  Y5  Y5  Y5  T25         V15 V25 Y5  T25 T25         V15 V15 W5  S15 T25         Q5  W5  W5  S15 S15         W5  W5  T5  P5  S15         N25 S25 S25 P5  P5          N5  N5  S25 P5  P5

solution 3 (6,448 searches):
0,4,0 0,5,0 0,5,1 1,4,0 1,4,1 A5
0,3,5 0,4,4 0,4,5 0,4,6 0,5,6 F5
0,4,3 0,5,3 0,5,4 0,5,5 1,4,3 J45
0,3,2 0,3,3 0,4,2 0,5,2 1,4,2 J25
0,3,1 0,4,1 1,3,1 2,3,1 2,3,2 J15
0,2,0 0,2,1 0,2,2 0,3,0 1,2,2 L15
1,2,4 1,3,2 1,3,3 1,3,4 2,3,3 L25
1,3,6 1,4,4 1,4,5 1,4,6 2,3,6 L45
0,1,4 0,1,5 0,2,4 0,3,4 1,1,4 L35
0,2,6 0,3,6 1,2,6 2,2,6 3,2,6 L5
0,2,5 1,2,5 1,3,5 2,3,4 2,3,5 N15
0,1,6 1,0,5 1,1,5 1,1,6 2,1,5 N25
1,0,6 2,0,6 2,1,6 3,1,6 4,1,6 N5
4,0,4 4,0,5 4,0,6 5,0,5 5,0,6 P5
4,0,2 4,0,3 4,1,2 5,0,3 5,0,4 S15
4,0,1 4,1,1 5,0,0 5,0,1 5,0,2 T25
2,0,5 3,0,5 3,0,6 3,1,5 4,1,5 S25
0,2,3 1,2,3 2,0,3 2,1,3 2,2,3 V5
2,2,5 3,1,4 3,2,4 3,2,5 4,1,4 V15
1,0,4 2,0,4 2,1,4 2,2,4 3,0,4 T5
3,1,2 3,1,3 3,2,2 3,2,3 4,1,3 Q5
1,0,1 2,0,1 2,0,2 3,0,2 3,0,3 W5
1,0,2 1,0,3 1,1,2 2,1,1 2,1,2 V25
0,1,1 0,1,2 0,1,3 1,1,1 1,1,3 U5
1,2,1 2,2,0 2,2,1 2,2,2 3,2,1 X5
0,1,0 1,1,0 1,2,0 1,3,0 2,3,0 Z5
1,0,0 2,0,0 3,0,0 3,0,1 4,0,0 Y5
2,1,0 3,1,0 3,1,1 3,2,0 4,1,0 T15

A5                          A5                          J25                         J45                         J45                         J45                         F5
A5  A5                      J15 A5                      J25 J25                     J45 J45                     F5  L45                     F5  L45                     F5  L45
L15 Z5  Z5                  J15 J15 J15                 J25 L25 J15                 J25 L25 L25                 L35 L25 N15                 F5  N15 N15                 L5  L45 L45
L15 Z5  X5  T15             L15 X5  X5  X5              L15 L15 X5  Q5              V5  V5  V5  Q5              L35 L25 T5  V15             N15 N15 V15 V15             L5  L5  L5  L5
Z5  Z5  T15 T15 T15         U5  U5  V25 T15 T25         U5  V25 V25 Q5  S15         U5  U5  V5  Q5  Q5          L35 L35 T5  V15 V15         L35 N25 N25 S25 S25         N25 N25 N5  N5  N5
    Y5  Y5  Y5  Y5  T25         W5  W5  Y5  T25 T25         V25 W5  W5  S15 T25         V25 V5  W5  S15 S15         T5  T5  T5  P5  S15         N25 S25 S25 P5  P5          N5  N5  S25 P5  P5

solution 4 (6,684 searches):
0,4,0 0,5,0 0,5,1 1,4,0 1,4,1 A5
0,3,5 0,4,4 0,4,5 0,4,6 0,5,6 F5
0,4,3 0,5,3 0,5,4 0,5,5 1,4,3 J45
0,3,2 0,3,3 0,4,2 0,5,2 1,4,2 J25
0,3,1 0,4,1 1,3,1 2,3,1 2,3,2 J15
0,2,0 0,2,1 0,2,2 0,3,0 1,2,2 L15
1,2,4 1,3,2 1,3,3 1,3,4 2,3,3 L25
1,3,6 1,4,4 1,4,5 1,4,6 2,3,6 L45
0,1,4 0,1,5 0,2,4 0,3,4 1,1,4 L35
0,2,6 0,3,6 1,2,6 2,2,6 3,2,6 L5
0,2,5 1,2,5 1,3,5 2,3,4 2,3,5 N15
0,1,6 1,0,5 1,1,5 1,1,6 2,1,5 N25
1,0,6 2,0,6 2,1,6 3,1,6 4,1,6 N5
4,0,4 4,0,5 4,0,6 5,0,5 5,0,6 P5
4,0,2 4,0,3 4,1,2 5,0,3 5,0,4 S15
4,0,1 4,1,1 5,0,0 5,0,1 5,0,2 T25
2,0,5 3,0,5 3,0,6 3,1,5 4,1,5 S25
0,1,3 0,2,3 1,0,3 1,1,3 2,0,3 W5
1,0,4 2,0,4 2,1,4 2,2,4 3,0,4 T5
2,2,5 3,1,4 3,2,4 3,2,5 4,1,4 V15
1,2,3 2,2,1 2,2,2 2,2,3 3,2,1 Z5
2,1,3 3,0,3 3,1,3 3,2,3 4,1,3 X5
1,0,2 2,0,2 3,0,2 3,1,2 3,2,2 V5
0,1,1 0,1,2 1,1,2 2,1,1 2,1,2 U5
0,1,0 1,0,1 1,1,0 1,1,1 2,0,1 V25
1,2,0 1,2,1 1,3,0 2,2,0 2,3,0 Q5
1,0,0 2,0,0 3,0,0 3,0,1 4,0,0 Y5
2,1,0 3,1,0 3,1,1 3,2,0 4,1,0 T15

A5                          A5                          J25                         J45                         J45                         J45                         F5
A5  A5                      J15 A5                      J25 J25                     J45 J45                     F5  L45                     F5  L45                     F5  L45
L15 Q5  Q5                  J15 J15 J15                 J25 L25 J15                 J25 L25 L25                 L35 L25 N15                 F5  N15 N15                 L5  L45 L45
L15 Q5  Q5  T15             L15 Q5  Z5  Z5              L15 L15 Z5  V5              W5  Z5  Z5  X5              L35 L25 T5  V15             N15 N15 V15 V15             L5  L5  L5  L5
V25 V25 T15 T15 T15         U5  V25 U5  T15 T25         U5  U5  U5  V5  S15         W5  W5  X5  X5  X5          L35 L35 T5  V15 V15         L35 N25 N25 S25 S25         N25 N25 N5  N5  N5
    Y5  Y5  Y5  Y5  T25         V25 V25 Y5  T25 T25         V5  V5  V5  S15 T25         W5  W5  X5  S15 S15         T5  T5  T5  P5  S15         N25 S25 S25 P5  P5          N5  N5  S25 P5  P5

solution 5 (8,422 searches):
0,4,0 0,5,0 0,5,1 1,4,0 1,4,1 A5
0,3,5 0,4,4 0,4,5 0,4,6 0,5,6 F5
0,4,3 0,5,3 0,5,4 0,5,5 1,4,3 J45
0,3,2 0,3,3 0,4,2 0,5,2 1,4,2 J25
0,3,1 0,4,1 1,3,1 2,3,1 2,3,2 J15
0,2,0 0,2,1 0,2,2 0,3,0 1,2,2 L15
1,2,4 1,3,2 1,3,3 1,3,4 2,3,3 L25
1,3,6 1,4,4 1,4,5 1,4,6 2,3,6 L45
0,1,4 0,1,5 0,2,4 0,3,4 1,1,4 L35
0,2,6 0,3,6 1,2,6 2,2,6 3,2,6 L5
0,2,5 1,2,5 1,3,5 2,3,4 2,3,5 N15
0,1,6 1,0,5 1,1,5 1,1,6 2,1,5 N25
1,0,6 2,0,6 2,1,6 3,1,6 4,1,6 N5
4,0,4 4,0,5 4,0,6 5,0,5 5,0,6 P5
4,0,2 4,0,3 4,1,2 5,0,3 5,0,4 S15
4,0,1 4,1,1 5,0,0 5,0,1 5,0,2 T25
3,0,5 3,0,6 3,1,4 3,1,5 4,1,5 S25
3,0,2 3,0,3 3,1,3 4,1,3 4,1,4 V15
2,1,4 2,2,4 2,2,5 3,2,4 3,2,5 Q5
1,0,4 2,0,3 2,0,4 2,0,5 3,0,4 X5
0,2,3 1,0,3 1,1,3 1,2,3 2,2,3 T5
0,1,1 0,1,2 0,1,3 1,1,1 2,1,1 V5
1,1,2 2,0,2 2,1,2 2,1,3 3,1,2 T15
1,0,1 1,0,2 2,0,1 3,0,0 3,0,1 Z5
2,0,0 2,1,0 3,1,0 4,0,0 4,1,0 U5
2,2,0 2,3,0 3,1,1 3,2,0 3,2,1 V25
0,1,0 1,0,0 1,1,0 1,2,0 1,3,0 Y5
1,2,1 2,2,1 2,2,2 3,2,2 3,2,3 W5

A5                          A5                          J25                         J45                         J45                         J45                         F5
A5  A5                      J15 A5                      J25 J25                     J45 J45                     F5  L45                     F5  L45                     F5  L45
L15 Y5  V25                 J15 J15 J15                 J25 L25 J15                 J25 L25 L25                 L35 L25 N15                 F5  N15 N15                 L5  L45 L45
L15 Y5  V25 V25             L15 W5  W5  V25             L15 L15 W5  W5              T5  T5  T5  W5              L35 L25 Q5  Q5              N15 N15 Q5  Q5              L5  L5  L5  L5
Y5  Y5  U5  U5  U5          V5  V5  V5  V25 T25         V5  T15 T15 T15 S15         V5  T5  T15 V15 V15         L35 L35 Q5  S25 V15         L35 N25 N25 S25 S25         N25 N25 N5  N5  N5
    Y5  U5  Z5  U5  T25         Z5  Z5  Z5  T25 T25         Z5  T15 V15 S15 T25         T5  X5  V15 S15 S15         X5  X5  X5  P5  S15         N25 X5  S25 P5  P5          N5  N5  S25 P5  P5

solution 6 (16,130 searches):
0,4,0 0,5,0 0,5,1 1,4,0 1,4,1 A5
0,3,5 0,4,4 0,4,5 0,4,6 0,5,6 F5
0,4,3 0,5,3 0,5,4 0,5,5 1,4,3 J45
0,3,2 0,3,3 0,4,2 0,5,2 1,4,2 J25
0,3,1 0,4,1 1,3,1 2,3,1 2,3,2 J15
0,2,0 0,2,1 0,2,2 0,3,0 1,2,2 L15
1,2,4 1,3,2 1,3,3 1,3,4 2,3,3 L25
1,3,6 1,4,4 1,4,5 1,4,6 2,3,6 L45
0,1,4 0,1,5 0,2,4 0,3,4 1,1,4 L35
0,2,6 0,3,6 1,2,6 2,2,6 3,2,6 L5
0,2,5 1,2,5 1,3,5 2,3,4 2,3,5 N15
0,1,6 1,0,5 1,1,5 1,1,6 2,1,5 N25
1,0,6 2,0,6 2,1,6 3,1,6 4,1,6 N5
4,0,4 4,0,5 4,0,6 5,0,5 5,0,6 P5
4,0,2 4,0,3 4,1,2 5,0,3 5,0,4 S15
4,0,1 4,1,1 5,0,0 5,0,1 5,0,2 T25
1,0,4 2,0,4 2,0,5 3,0,5 3,0,6 W5
3,1,4 3,1,5 3,2,4 3,2,5 4,1,5 Q5
3,1,2 3,1,3 3,2,3 4,1,3 4,1,4 S25
0,2,3 1,2,3 2,2,3 2,2,4 2,2,5 V5
2,0,2 3,0,1 3,0,2 3,0,3 3,0,4 Y5
0,1,3 1,1,3 2,1,2 2,1,3 2,1,4 T5
0,1,2 1,0,2 1,0,3 1,1,2 2,0,3 V15
3,1,0 3,1,1 3,2,1 4,0,0 4,1,0 V25
2,2,0 2,2,1 2,2,2 3,2,0 3,2,2 U5
0,1,0 1,1,0 1,2,0 1,3,0 2,3,0 Z5
1,0,0 2,0,0 2,0,1 2,1,0 3,0,0 T15
0,1,1 1,0,1 1,1,1 1,2,1 2,1,1 X5

A5                          A5                          J25                         J45                         J45                         J45                         F5
A5  A5                      J15 A5                      J25 J25                     J45 J45                     F5  L45                     F5  L45                     F5  L45
L15 Z5  Z5                  J15 J15 J15                 J25 L25 J15                 J25 L25 L25                 L35 L25 N15                 F5  N15 N15                 L5  L45 L45
L15 Z5  U5  U5              L15 X5  U5  V25             L15 L15 U5  U5              V5  V5  V5  S25             L35 L25 V5  Q5              N15 N15 V5  Q5              L5  L5  L5  L5
Z5  Z5  T15 V25 V25         X5  X5  X5  V25 T25         V15 V15 T5  S25 S15         T5  T5  T5  S25 S25         L35 L35 T5  Q5  S25         L35 N25 N25 Q5  Q5          N25 N25 N5  N5  N5
    T15 T15 T15 V25 T25         X5  T15 Y5  T25 T25         V15 Y5  Y5  S15 T25         V15 V15 Y5  S15 S15         W5  W5  Y5  P5  S15         N25 W5  W5  P5  P5          N5  N5  W5  P5  P5

solution 7 (24,257 searches):
0,4,0 0,5,0 0,5,1 1,4,0 1,4,1 A5
0,3,5 0,4,4 0,4,5 0,4,6 0,5,6 F5
0,4,3 0,5,3 0,5,4 0,5,5 1,4,3 J45
0,3,2 0,3,3 0,4,2 0,5,2 1,4,2 J25
0,3,1 0,4,1 1,3,1 2,3,1 2,3,2 J15
0,2,0 0,2,1 0,2,2 0,3,0 1,2,2 L15
1,2,4 1,3,2 1,3,3 1,3,4 2,3,3 L25
1,3,6 1,4,4 1,4,5 1,4,6 2,3,6 L45
0,1,4 0,1,5 0,2,4 0,3,4 1,1,4 L35
0,2,6 0,3,6 1,2,6 2,2,6 3,2,6 L5
0,2,5 1,2,5 1,3,5 2,3,4 2,3,5 N15
0,1,6 1,0,5 1,1,5 1,1,6 2,1,5 N25
1,0,6 2,0,6 2,1,6 3,1,6 4,1,6 N5
4,0,4 4,0,5 4,0,6 5,0,5 5,0,6 P5
4,0,2 4,0,3 4,1,2 5,0,3 5,0,4 S15
4,0,1 4,1,1 5,0,0 5,0,1 5,0,2 T25
3,0,5 3,0,6 3,1,5 3,2,4 3,2,5 Z5
3,0,3 3,0,4 3,1,4 4,1,4 4,1,5 V15
1,0,3 1,0,4 2,0,4 2,0,5 2,1,4 S25
0,2,3 1,2,3 2,2,3 2,2,4 2,2,5 V5
2,2,2 3,1,3 3,2,2 3,2,3 4,1,3 V25
0,1,2 0,1,3 1,1,3 2,1,2 2,1,3 U5
1,0,2 2,0,1 2,0,2 2,0,3 3,0,2 X5
2,1,1 2,2,1 3,1,1 3,1,2 3,2,1 Q5
1,0,0 2,0,0 3,0,0 3,0,1 4,0,0 Y5
2,2,0 2,3,0 3,1,0 3,2,0 4,1,0 W5
0,1,0 1,1,0 1,2,0 1,3,0 2,1,0 T5
0,1,1 1,0,1 1,1,1 1,1,2 1,2,1 T15

A5                          A5                          J25                         J45                         J45                         J45                         F5
A5  A5                      J15 A5                      J25 J25                     J45 J45                     F5  L45                     F5  L45                     F5  L45
L15 T5  W5                  J15 J15 J15                 J25 L25 J15                 J25 L25 L25                 L35 L25 N15                 F5  N15 N15                 L5  L45 L45
L15 T5  W5  W5              L15 T15 Q5  Q5              L15 L15 V25 V25             V5  V5  V5  V25             L35 L25 V5  Z5              N15 N15 V5  Z5              L5  L5  L5  L5
T5  T5  T5  W5  W5          T15 T15 Q5  Q5  T25         U5  T15 U5  Q5  S15         U5  U5  U5  V25 V25         L35 L35 S25 V15 V15         L35 N25 N25 Z5  V15         N25 N25 N5  N5  N5
    Y5  Y5  Y5  Y5  T25         T15 X5  Y5  T25 T25         X5  X5  X5  S15 T25         S25 X5  V15 S15 S15         S25 S25 V15 P5  S15         N25 S25 Z5  P5  P5          N5  N5  Z5  P5  P5

solution 8 (29,094 searches):
0,4,0 0,5,0 0,5,1 1,4,0 1,4,1 A5
0,3,5 0,4,4 0,4,5 0,4,6 0,5,6 F5
0,4,3 0,5,3 0,5,4 0,5,5 1,4,3 J45
0,3,2 0,3,3 0,4,2 0,5,2 1,4,2 J25
0,3,1 0,4,1 1,3,1 2,3,1 2,3,2 J15
0,2,0 0,2,1 0,2,2 0,3,0 1,2,2 L15
1,2,4 1,3,2 1,3,3 1,3,4 2,3,3 L25
1,3,6 1,4,4 1,4,5 1,4,6 2,3,6 L45
0,1,4 0,1,5 0,2,4 0,3,4 1,1,4 L35
0,2,6 0,3,6 1,2,6 2,2,6 3,2,6 L5
0,2,5 1,2,5 1,3,5 2,3,4 2,3,5 N15
0,1,6 1,0,5 1,1,5 1,1,6 2,1,5 N25
1,0,6 2,0,6 2,1,6 3,1,6 4,1,6 N5
4,0,4 4,0,5 4,0,6 5,0,5 5,0,6 P5
4,0,2 4,0,3 4,1,2 5,0,3 5,0,4 S15
3,0,1 4,0,1 5,0,0 5,0,1 5,0,2 T5
2,0,5 3,0,5 3,0,6 3,1,5 4,1,5 S25
3,1,1 3,2,1 4,0,0 4,1,0 4,1,1 V15
0,2,3 1,2,3 2,2,3 2,2,4 2,2,5 V5
3,1,4 3,2,3 3,2,4 3,2,5 4,1,4 T25
2,0,4 3,0,3 3,0,4 3,1,3 4,1,3 V25
1,0,1 1,0,2 1,0,3 1,0,4 2,0,3 Y5
0,1,2 0,1,3 1,1,3 2,1,3 2,1,4 Z5
0,1,0 1,0,0 1,1,0 1,2,0 2,1,0 X5
0,1,1 1,1,1 1,1,2 1,2,1 2,1,1 T15
1,3,0 2,2,0 2,3,0 3,1,0 3,2,0 W5
2,0,0 2,0,1 2,0,2 3,0,0 3,0,2 U5
2,1,2 2,2,1 2,2,2 3,1,2 3,2,2 Q5

A5                          A5                          J25                         J45                         J45                         J45                         F5
A5  A5                      J15 A5                      J25 J25                     J45 J45                     F5  L45                     F5  L45                     F5  L45
L15 W5  W5                  J15 J15 J15                 J25 L25 J15                 J25 L25 L25                 L35 L25 N15                 F5  N15 N15                 L5  L45 L45
L15 X5  W5  W5              L15 T15 Q5  V15             L15 L15 Q5  Q5              V5  V5  V5  T25             L35 L25 V5  T25             N15 N15 V5  T25             L5  L5  L5  L5
X5  X5  X5  W5  V15         T15 T15 T15 V15 V15         Z5  T15 Q5  Q5  S15         Z5  Z5  Z5  V25 V25         L35 L35 Z5  T25 T25         L35 N25 N25 S25 S25         N25 N25 N5  N5  N5
    X5  U5  U5  V15 T5          Y5  U5  T5  T5  T5          Y5  U5  U5  S15 T5          Y5  Y5  V25 S15 S15         Y5  V25 V25 P5  S15         N25 S25 S25 P5  P5          N5  N5  S25 P5  P5

solution 9 (48,500 searches):
0,4,0 0,5,0 0,5,1 1,4,0 1,4,1 A5
0,3,5 0,4,4 0,4,5 0,4,6 0,5,6 F5
0,4,3 0,5,3 0,5,4 0,5,5 1,4,3 J45
0,3,2 0,3,3 0,4,2 0,5,2 1,4,2 J25
0,3,1 0,4,1 1,3,1 2,3,1 2,3,2 J15
0,2,0 0,2,1 0,2,2 0,3,0 1,2,2 L15
1,2,4 1,3,2 1,3,3 1,3,4 2,3,3 L25
1,3,6 1,4,4 1,4,5 1,4,6 2,3,6 L45
0,1,4 0,1,5 0,2,4 0,3,4 1,1,4 L35
0,2,6 0,3,6 1,2,6 2,2,6 3,2,6 L5
0,2,5 1,2,5 1,3,5 2,3,4 2,3,5 N15
0,1,6 1,0,5 1,1,5 1,1,6 2,1,5 N25
1,0,6 2,0,6 2,1,6 3,1,6 4,1,6 N5
4,0,4 4,0,5 4,0,6 5,0,5 5,0,6 P5
4,0,2 4,0,3 4,1,2 5,0,3 5,0,4 S15
3,0,1 4,0,1 5,0,0 5,0,1 5,0,2 T5
2,0,5 3,0,3 3,0,4 3,0,5 3,0,6 Y5
0,2,3 1,2,3 2,2,3 2,2,4 2,2,5 V5
3,1,4 3,1,5 3,2,5 4,1,4 4,1,5 Q5
3,1,3 3,2,2 3,2,3 3,2,4 4,1,3 T25
2,0,4 2,1,2 2,1,3 2,1,4 2,2,2 Z5
0,1,2 0,1,3 1,0,3 1,0,4 1,1,3 V15
1,0,2 2,0,1 2,0,2 2,0,3 3,0,2 X5
2,0,0 2,1,0 3,0,0 4,0,0 4,1,0 U5
1,3,0 2,2,0 2,3,0 3,1,0 3,2,0 W5
2,1,1 3,1,1 3,1,2 3,2,1 4,1,1 T15
0,1,0 1,1,0 1,2,0 1,2,1 2,2,1 V25
0,1,1 1,0,0 1,0,1 1,1,1 1,1,2 S25

A5                          A5                          J25                         J45                         J45                         J45                         F5
A5  A5                      J15 A5                      J25 J25                     J45 J45                     F5  L45                     F5  L45                     F5  L45
L15 W5  W5                  J15 J15 J15                 J25 L25 J15                 J25 L25 L25                 L35 L25 N15                 F5  N15 N15                 L5  L45 L45
L15 V25 W5  W5              L15 V25 V25 T15             L15 L15 Z5  T25             V5  V5  V5  T25             L35 L25 V5  T25             N15 N15 V5  Q5              L5  L5  L5  L5
V25 V25 U5  W5  U5          S25 S25 T15 T15 T15         V15 S25 Z5  T15 S15         V15 V15 Z5  T25 T25         L35 L35 Z5  Q5  Q5          L35 N25 N25 Q5  Q5          N25 N25 N5  N5  N5
    S25 U5  U5  U5  T5          S25 X5  T5  T5  T5          X5  X5  X5  S15 T5          V15 X5  Y5  S15 S15         V15 Z5  Y5  P5  S15         N25 Y5  Y5  P5  P5          N5  N5  Y5  P5  P5

solution 10 (52,134 searches):
0,4,0 0,5,0 0,5,1 1,4,0 1,4,1 A5
0,3,5 0,4,4 0,4,5 0,4,6 0,5,6 F5
0,4,3 0,5,3 0,5,4 0,5,5 1,4,3 J45
0,3,2 0,3,3 0,4,2 0,5,2 1,4,2 J25
0,3,1 0,4,1 1,3,1 2,3,1 2,3,2 J15
0,2,0 0,2,1 0,2,2 0,3,0 1,2,2 L15
1,2,4 1,3,2 1,3,3 1,3,4 2,3,3 L25
1,3,6 1,4,4 1,4,5 1,4,6 2,3,6 L45
0,1,4 0,1,5 0,2,4 0,3,4 1,1,4 L35
0,2,6 0,3,6 1,2,6 2,2,6 3,2,6 L5
0,2,5 1,2,5 1,3,5 2,3,4 2,3,5 N15
0,1,6 1,0,5 1,1,5 1,1,6 2,1,5 N25
1,0,6 2,0,6 2,1,6 3,1,6 4,1,6 N5
4,0,4 4,0,5 4,0,6 5,0,5 5,0,6 P5
4,0,2 4,0,3 4,1,2 5,0,3 5,0,4 S15
3,0,1 3,0,2 4,0,1 5,0,1 5,0,2 U5
3,0,0 4,0,0 4,1,0 4,1,1 5,0,0 T25
3,0,4 3,0,5 3,0,6 3,1,5 3,2,5 T5
3,1,4 3,2,3 3,2,4 4,1,4 4,1,5 V25
0,2,3 1,2,3 2,2,3 2,2,4 2,2,5 V5
2,0,2 2,0,3 2,0,4 2,0,5 2,1,4 Y5
0,1,2 0,1,3 1,0,3 1,0,4 1,1,3 V15
2,1,3 3,0,3 3,1,2 3,1,3 4,1,3 T15
0,1,1 1,0,1 1,1,1 1,2,1 2,1,1 X5
1,0,2 1,1,2 2,1,2 2,2,2 3,2,2 W5
0,1,0 1,1,0 1,2,0 1,3,0 2,3,0 Z5
1,0,0 2,0,0 2,0,1 2,1,0 3,1,0 S25
2,2,0 2,2,1 3,1,1 3,2,0 3,2,1 Q5

A5                          A5                          J25                         J45                         J45                         J45                         F5
A5  A5                      J15 A5                      J25 J25                     J45 J45                     F5  L45                     F5  L45                     F5  L45
L15 Z5  Z5                  J15 J15 J15                 J25 L25 J15                 J25 L25 L25                 L35 L25 N15                 F5  N15 N15                 L5  L45 L45
L15 Z5  Q5  Q5              L15 X5  Q5  Q5              L15 L15 W5  W5              V5  V5  V5  V25             L35 L25 V5  V25             N15 N15 V5  T5              L5  L5  L5  L5
Z5  Z5  S25 S25 T25         X5  X5  X5  Q5  T25         V15 W5  W5  T15 S15         V15 V15 T15 T15 T15         L35 L35 Y5  V25 V25         L35 N25 N25 T5  V25         N25 N25 N5  N5  N5
    S25 S25 T25 T25 T25         X5  S25 U5  U5  U5          W5  Y5  U5  S15 U5          V15 Y5  T15 S15 S15         V15 Y5  T5  P5  S15         N25 Y5  T5  P5  P5          N5  N5  T5  P5  P5

User-requested solution limit reached.
10 solutions, 52,134 searches, duration 0:02:13.698192
