solving OneSidedPentatwigsElongatedHexagon8x2_2:

solution 1 (276,313 searches):
0,1,0 0,1,1 1,0,1 1,1,0 1,1,2 H5
1,0,0 2,0,0 2,0,2 3,0,0 3,0,2 I5
0,2,0 0,2,2 1,2,0 1,2,1 1,2,2 L5
0,2,1 0,3,0 0,3,2 1,3,0 1,3,2 W5
2,0,1 2,1,0 2,1,1 2,1,2 2,2,2 T5
3,0,1 3,1,0 3,1,1 3,1,2 4,0,1 Y5
4,0,0 4,0,2 5,0,0 5,0,2 6,0,2 i5
2,2,0 2,2,1 2,3,2 3,2,1 3,2,2 C5
2,3,0 3,3,0 3,3,2 4,2,1 4,3,2 l5
3,2,0 4,2,0 4,2,2 5,1,0 5,1,1 U5
4,1,0 4,1,1 4,1,2 5,0,1 5,1,2 X5
4,3,0 5,2,0 5,2,1 5,2,2 6,2,2 h5
5,3,0 5,3,2 6,2,0 6,2,1 7,2,2 S5
6,3,0 6,3,2 7,3,0 7,3,2 8,2,1 w5
7,2,0 7,2,1 8,2,0 8,2,2 9,1,1 s5
8,0,0 8,0,1 9,0,1 9,0,2 9,1,2 p5
7,1,0 7,1,1 8,1,0 8,1,1 8,1,2 R5
6,1,0 7,0,0 7,0,1 7,1,2 8,0,2 r5
6,0,0 6,0,1 6,1,1 6,1,2 7,0,2 P5

                                            _w5_
                                           w5   w5
                                      _w5_/      \_s5_
                                     w5   s5     s5   s5
                                _S5_/      \_s5_/      \
                               S5   S5     S5   R5     p5
                          _h5_/      \_S5_/      \_R5_/
                         l5   h5     h5   R5     R5   p5
                    _l5_/      \_h5_/      \_R5_/      \
                   l5   l5     h5   P5     r5   p5     p5
              _l5_/      \_U5_/      \_r5_/      \_p5_/
             C5   C5     U5   U5     P5   r5     r5
        _W5_/      \_U5_/      \_U5_/      \_r5_/
       W5   C5     C5   X5     X5   P5     P5
  _W5_/      \_C5_/      \_X5_/      \_P5_/
 W5   L5     T5   Y5     X5   X5     i5
/      \_L5_/      \_Y5_/      \_i5_/
W5     L5   T5     Y5   Y5     i5
 \_L5_/      \_T5_/      \_i5_/
 L5          T5   Y5     i5
/       _H5_/      \_I5_/
H5     H5   T5     I5
 \_H5_/      \_I5_/
      H5     I5
       \_I5_/

solution 2 (356,154 searches):
0,1,0 0,1,1 1,0,1 1,1,0 1,1,2 H5
1,0,0 2,0,0 2,0,2 3,0,0 3,0,2 I5
0,2,0 0,2,2 1,2,0 1,2,1 1,2,2 L5
0,2,1 0,3,0 0,3,2 1,3,0 1,3,2 W5
2,0,1 2,1,0 2,1,2 3,0,1 3,1,2 r5
2,1,1 2,2,1 2,2,2 2,3,0 2,3,2 w5
2,2,0 3,2,1 3,2,2 3,3,0 3,3,2 s5
3,1,0 3,1,1 4,0,0 4,0,1 4,0,2 l5
5,0,0 5,0,2 6,0,0 6,0,2 7,0,2 i5
3,2,0 4,1,0 4,1,1 4,1,2 4,2,2 X5
5,0,1 5,1,0 5,1,1 5,1,2 6,0,1 Y5
4,2,0 4,2,1 4,3,0 4,3,2 5,2,2 C5
5,2,0 5,2,1 5,3,0 5,3,2 6,1,1 p5
6,1,0 6,1,2 7,0,0 7,0,1 8,0,2 S5
8,1,0 9,0,1 9,0,2 9,1,1 9,1,2 T5
7,1,0 8,0,0 8,0,1 8,1,1 8,1,2 h5
7,1,1 7,1,2 7,2,0 7,2,2 8,2,2 U5
6,2,0 6,2,1 6,2,2 6,3,0 6,3,2 R5
7,2,1 7,3,0 7,3,2 8,2,0 8,2,1 P5

                                            _P5_
                                           P5   P5
                                      _R5_/      \_P5_
                                     R5   P5     U5   T5
                                _p5_/      \_U5_/      \
                               p5   R5     U5   h5     T5
                          _C5_/      \_R5_/      \_T5_/
                         C5   p5     R5   U5     h5   T5
                    _s5_/      \_p5_/      \_h5_/      \
                   s5   C5     C5   p5     U5   h5     T5
              _w5_/      \_C5_/      \_S5_/      \_h5_/
             w5   s5     X5   Y5     S5   S5     S5
        _W5_/      \_X5_/      \_Y5_/      \_S5_/
       W5   w5     s5   X5     Y5   Y5     i5
  _W5_/      \_s5_/      \_X5_/      \_i5_/
 W5   L5     w5   l5     X5   Y5     i5
/      \_L5_/      \_l5_/      \_i5_/
W5     L5   w5     r5   l5     i5
 \_L5_/      \_r5_/      \_l5_/
 L5          r5   r5     l5
/       _H5_/      \_I5_/
H5     H5   r5     I5
 \_H5_/      \_I5_/
      H5     I5
       \_I5_/

solution 3 (424,447 searches):
0,1,0 0,1,1 1,0,1 1,1,0 1,1,2 H5
1,0,0 2,0,0 2,0,2 3,0,0 3,0,2 I5
0,2,0 0,2,1 0,2,2 0,3,0 0,3,2 R5
2,0,1 2,1,0 2,1,1 2,1,2 3,0,1 Y5
1,2,1 1,2,2 1,3,0 1,3,2 2,2,1 p5
1,2,0 2,2,0 2,2,2 3,1,1 3,2,2 l5
2,3,0 2,3,2 3,2,1 3,3,0 3,3,2 T5
3,1,0 3,1,2 4,0,1 4,1,1 4,1,2 h5
3,2,0 4,2,1 4,2,2 4,3,0 4,3,2 s5
4,0,0 4,0,2 5,0,0 5,0,2 6,0,2 i5
4,1,0 4,2,0 5,0,1 5,1,1 5,1,2 r5
5,1,0 6,0,0 6,0,1 7,0,1 7,0,2 P5
7,0,0 8,0,0 8,0,2 9,0,1 9,0,2 W5
6,1,0 6,1,2 7,1,0 7,1,1 7,1,2 L5
5,2,0 5,2,1 5,2,2 6,1,1 6,2,2 X5
5,3,0 5,3,2 6,2,0 6,2,1 7,2,2 S5
6,3,0 6,3,2 7,3,0 7,3,2 8,2,1 w5
7,2,0 7,2,1 8,0,1 8,1,1 8,1,2 U5
8,1,0 8,2,0 8,2,2 9,1,1 9,1,2 C5

                                            _w5_
                                           w5   w5
                                      _w5_/      \_C5_
                                     w5   U5     C5   C5
                                _S5_/      \_U5_/      \
                               S5   S5     S5   U5     C5
                          _s5_/      \_S5_/      \_C5_/
                         s5   X5     X5   L5     U5   W5
                    _T5_/      \_X5_/      \_L5_/      \
                   T5   s5     X5   X5     L5   U5     W5
              _T5_/      \_r5_/      \_L5_/      \_W5_/
             T5   T5     s5   r5     L5   P5     W5
        _p5_/      \_s5_/      \_P5_/      \_W5_/
       p5   p5     l5   h5     r5   P5     P5
  _R5_/      \_l5_/      \_r5_/      \_P5_/
 R5   p5     l5   l5     h5   r5     i5
/      \_l5_/      \_h5_/      \_i5_/
R5     p5   Y5     h5   h5     i5
 \_R5_/      \_Y5_/      \_i5_/
 R5          Y5   Y5     i5
/       _H5_/      \_I5_/
H5     H5   Y5     I5
 \_H5_/      \_I5_/
      H5     I5
       \_I5_/

solution 4 (449,224 searches):
0,1,0 0,1,1 1,0,1 1,1,0 1,1,2 H5
1,0,0 2,0,0 2,0,2 3,0,0 3,0,2 I5
0,2,0 0,2,1 0,2,2 0,3,0 0,3,2 R5
1,2,0 2,0,1 2,1,0 2,1,1 2,1,2 h5
1,2,1 1,2,2 1,3,0 1,3,2 2,2,1 p5
2,3,0 2,3,2 3,3,0 3,3,2 4,2,1 w5
2,2,0 2,2,2 3,2,0 3,2,1 3,2,2 L5
3,0,1 3,1,0 3,1,1 3,1,2 4,0,1 Y5
4,0,0 4,0,2 5,0,0 5,0,2 6,0,2 i5
4,3,0 4,3,2 5,2,0 5,2,1 6,2,2 S5
5,3,0 5,3,2 6,2,1 6,3,0 6,3,2 T5
4,1,1 4,1,2 4,2,0 4,2,2 5,2,2 U5
4,1,0 5,0,1 5,1,0 5,1,1 5,1,2 X5
6,1,0 6,1,1 7,1,0 7,1,2 8,0,1 s5
6,0,0 6,0,1 6,1,2 7,0,1 7,0,2 C5
7,0,0 8,0,0 8,0,2 9,0,1 9,0,2 W5
6,2,0 7,1,1 7,2,1 7,2,2 7,3,2 l5
7,2,0 7,3,0 8,1,1 8,2,1 8,2,2 r5
8,1,0 8,1,2 8,2,0 9,1,1 9,1,2 P5

                                            _r5_
                                           l5   r5
                                      _T5_/      \_P5_
                                     T5   l5     r5   P5
                                _T5_/      \_r5_/      \
                               T5   T5     l5   r5     P5
                          _S5_/      \_l5_/      \_P5_/
                         S5   S5     S5   l5     P5   W5
                    _w5_/      \_S5_/      \_s5_/      \
                   w5   w5     U5   s5     s5   s5     W5
              _w5_/      \_U5_/      \_s5_/      \_W5_/
             w5   L5     U5   X5     C5   C5     W5
        _p5_/      \_L5_/      \_X5_/      \_W5_/
       p5   p5     L5   U5     X5   C5     C5
  _R5_/      \_L5_/      \_X5_/      \_C5_/
 R5   p5     L5   Y5     U5   X5     i5
/      \_h5_/      \_Y5_/      \_i5_/
R5     p5   h5     Y5   Y5     i5
 \_R5_/      \_h5_/      \_i5_/
 R5          h5   Y5     i5
/       _H5_/      \_I5_/
H5     H5   h5     I5
 \_H5_/      \_I5_/
      H5     I5
       \_I5_/

solution 5 (527,640 searches):
0,1,0 0,1,1 1,0,1 1,1,0 1,1,2 H5
1,0,0 2,0,0 2,0,2 3,0,0 3,0,2 I5
0,2,0 0,2,1 0,2,2 0,3,2 1,2,2 Y5
1,2,0 1,2,1 2,0,1 2,1,1 2,1,2 U5
0,3,0 1,3,0 1,3,2 2,2,1 2,2,2 p5
2,3,0 2,3,2 3,2,1 3,3,0 3,3,2 T5
2,1,0 3,0,1 3,1,0 3,1,2 4,0,1 R5
2,2,0 3,1,1 3,2,0 3,2,2 4,2,2 L5
4,0,0 4,0,2 5,0,0 5,0,2 6,0,2 i5
4,1,0 4,1,1 4,1,2 5,0,1 5,1,2 X5
4,2,0 4,2,1 4,3,0 4,3,2 5,2,1 C5
5,3,0 5,3,2 6,2,0 6,2,1 7,2,2 S5
6,3,0 6,3,2 7,3,0 7,3,2 8,2,1 w5
7,2,0 7,2,1 8,2,0 8,2,2 9,1,1 s5
5,1,0 5,1,1 5,2,0 5,2,2 6,2,2 P5
6,0,0 6,0,1 6,1,0 6,1,1 6,1,2 r5
7,0,0 8,0,0 8,0,2 9,0,1 9,0,2 W5
7,0,1 7,0,2 7,1,0 7,1,1 7,1,2 l5
8,0,1 8,1,0 8,1,1 8,1,2 9,1,2 h5

                                            _w5_
                                           w5   w5
                                      _w5_/      \_s5_
                                     w5   s5     s5   s5
                                _S5_/      \_s5_/      \
                               S5   S5     S5   h5     h5
                          _C5_/      \_S5_/      \_h5_/
                         C5   C5     P5   l5     h5   W5
                    _T5_/      \_P5_/      \_l5_/      \
                   T5   C5     P5   r5     l5   h5     W5
              _T5_/      \_C5_/      \_r5_/      \_W5_/
             T5   T5     L5   P5     r5   l5     W5
        _p5_/      \_L5_/      \_P5_/      \_W5_/
       p5   p5     L5   X5     X5   r5     l5
  _p5_/      \_L5_/      \_X5_/      \_r5_/
 Y5   U5     p5   L5     X5   X5     i5
/      \_U5_/      \_R5_/      \_i5_/
Y5     Y5   U5     R5   R5     i5
 \_Y5_/      \_R5_/      \_i5_/
 Y5          U5   R5     i5
/       _H5_/      \_I5_/
H5     H5   U5     I5
 \_H5_/      \_I5_/
      H5     I5
       \_I5_/

solution 6 (636,803 searches):
0,1,0 0,1,1 1,0,1 1,1,0 1,1,2 H5
1,0,0 2,0,0 2,0,2 3,0,0 3,0,2 I5
0,2,0 0,2,1 0,2,2 1,2,0 1,2,2 l5
0,3,0 0,3,2 1,2,1 1,3,0 1,3,2 T5
2,0,1 2,1,0 2,1,2 3,0,1 3,1,2 r5
2,1,1 2,2,1 2,2,2 2,3,0 2,3,2 w5
2,2,0 3,1,0 3,1,1 4,0,1 4,1,2 L5
4,0,0 4,0,2 5,0,0 5,0,2 6,0,2 i5
3,2,0 3,2,1 3,2,2 3,3,0 3,3,2 R5
4,1,0 4,1,1 4,2,1 4,2,2 5,0,1 U5
4,3,0 4,3,2 5,2,0 5,2,1 6,2,2 S5
5,3,0 5,3,2 6,2,0 6,2,1 6,3,2 h5
4,2,0 5,1,0 5,1,1 5,1,2 5,2,2 X5
6,3,0 7,3,0 7,3,2 8,2,1 8,2,2 p5
7,1,1 7,2,0 7,2,1 7,2,2 8,1,1 Y5
8,1,0 8,1,2 8,2,0 9,1,1 9,1,2 P5
7,0,0 8,0,0 8,0,2 9,0,1 9,0,2 W5
6,1,0 6,1,1 7,1,0 7,1,2 8,0,1 s5
6,0,0 6,0,1 6,1,2 7,0,1 7,0,2 C5

                                            _p5_
                                           p5   p5
                                      _p5_/      \_P5_
                                     h5   Y5     p5   P5
                                _h5_/      \_Y5_/      \
                               h5   h5     Y5   Y5     P5
                          _S5_/      \_h5_/      \_P5_/
                         S5   S5     S5   Y5     P5   W5
                    _R5_/      \_S5_/      \_s5_/      \
                   R5   U5     X5   s5     s5   s5     W5
              _w5_/      \_X5_/      \_s5_/      \_W5_/
             w5   R5     U5   X5     C5   C5     W5
        _T5_/      \_R5_/      \_X5_/      \_W5_/
       T5   w5     R5   U5     X5   C5     C5
  _T5_/      \_L5_/      \_U5_/      \_C5_/
 T5   T5     w5   L5     L5   U5     i5
/      \_l5_/      \_L5_/      \_i5_/
l5     l5   w5     r5   L5     i5
 \_l5_/      \_r5_/      \_i5_/
 l5          r5   r5     i5
/       _H5_/      \_I5_/
H5     H5   r5     I5
 \_H5_/      \_I5_/
      H5     I5
       \_I5_/

solution 7 (673,225 searches):
0,1,0 0,1,1 1,0,1 1,1,0 1,1,2 H5
1,0,0 2,0,0 2,0,2 3,0,0 3,0,2 I5
0,2,1 0,2,2 0,3,0 0,3,2 1,2,1 p5
0,2,0 1,2,0 1,2,2 2,1,1 2,2,2 l5
2,0,1 2,1,0 2,1,2 3,0,1 3,1,2 r5
1,3,0 1,3,2 2,2,0 2,2,1 2,3,2 h5
4,0,0 4,0,2 5,0,0 5,0,1 5,0,2 L5
2,3,0 3,2,0 3,2,1 4,2,0 4,2,2 U5
3,1,0 3,1,1 3,2,2 4,0,1 4,1,2 R5
4,1,0 4,1,1 5,1,0 5,1,2 6,0,1 s5
6,0,0 6,0,2 7,0,0 7,0,2 8,0,2 i5
3,3,0 3,3,2 4,2,1 4,3,0 4,3,2 T5
5,1,1 5,2,0 5,2,2 6,2,1 6,2,2 S5
5,2,1 5,3,0 5,3,2 6,3,0 6,3,2 W5
6,1,0 6,1,1 6,1,2 7,0,1 7,1,2 X5
6,2,0 7,1,0 7,1,1 8,1,1 8,1,2 P5
8,0,0 8,0,1 8,1,0 9,0,1 9,0,2 C5
7,2,0 7,2,1 7,2,2 7,3,2 8,2,2 Y5
7,3,0 8,2,0 8,2,1 9,1,1 9,1,2 w5

                                            _w5_
                                           Y5   w5
                                      _W5_/      \_w5_
                                     W5   Y5     Y5   w5
                                _W5_/      \_Y5_/      \
                               W5   S5     Y5   P5     w5
                          _T5_/      \_P5_/      \_C5_/
                         T5   W5     S5   P5     P5   C5
                    _T5_/      \_S5_/      \_P5_/      \
                   T5   T5     S5   X5     X5   C5     C5
              _U5_/      \_U5_/      \_X5_/      \_C5_/
             h5   U5     U5   S5     X5   X5     i5
        _h5_/      \_U5_/      \_s5_/      \_i5_/
       h5   h5     R5   s5     s5   s5     i5
  _p5_/      \_h5_/      \_s5_/      \_i5_/
 p5   p5     l5   R5     R5   L5     i5
/      \_l5_/      \_R5_/      \_L5_/
p5     l5   l5     r5   R5     L5
 \_l5_/      \_r5_/      \_L5_/
 p5          r5   r5     L5
/       _H5_/      \_I5_/
H5     H5   r5     I5
 \_H5_/      \_I5_/
      H5     I5
       \_I5_/

solution 8 (1,160,240 searches):
0,1,0 0,1,1 1,0,1 1,1,0 1,1,2 H5
1,0,0 2,0,0 2,0,1 2,0,2 3,0,2 T5
0,2,1 0,2,2 0,3,0 0,3,2 1,2,1 p5
0,2,0 1,2,0 1,2,2 2,1,1 2,2,2 l5
1,3,0 1,3,2 2,2,0 2,2,1 2,3,2 h5
2,1,0 2,1,2 3,0,0 3,0,1 4,0,2 S5
2,3,0 3,2,1 3,3,0 3,3,2 4,3,2 L5
3,1,1 3,1,2 3,2,0 3,2,2 4,2,2 U5
3,1,0 4,0,0 4,0,1 4,1,2 5,0,2 r5
4,1,0 4,1,1 5,1,0 5,1,2 6,0,1 s5
5,0,0 5,0,1 6,0,0 6,0,2 7,0,2 w5
4,2,0 4,2,1 5,1,1 5,2,1 5,2,2 Y5
4,3,0 5,3,0 5,3,2 6,3,0 6,3,2 I5
6,1,0 6,1,2 7,1,0 7,1,2 8,1,2 i5
7,0,0 7,0,1 8,0,0 8,0,1 8,0,2 R5
8,2,0 9,0,1 9,0,2 9,1,1 9,1,2 W5
5,2,0 6,1,1 6,2,0 6,2,1 6,2,2 X5
7,1,1 7,2,0 7,2,2 8,1,0 8,1,1 P5
7,2,1 7,3,0 7,3,2 8,2,1 8,2,2 C5

                                            _C5_
                                           C5   C5
                                      _I5_/      \_W5_
                                     I5   C5     C5   W5
                                _I5_/      \_P5_/      \
                               I5   X5     P5   P5     W5
                          _I5_/      \_X5_/      \_P5_/
                         L5   Y5     X5   P5     i5   W5
                    _L5_/      \_X5_/      \_i5_/      \
                   L5   Y5     Y5   X5     i5   R5     W5
              _L5_/      \_Y5_/      \_i5_/      \_R5_/
             h5   L5     U5   Y5     i5   R5     R5
        _h5_/      \_U5_/      \_s5_/      \_R5_/
       h5   h5     U5   s5     s5   s5     w5
  _p5_/      \_h5_/      \_s5_/      \_w5_/
 p5   p5     l5   U5     r5   w5     w5
/      \_l5_/      \_r5_/      \_w5_/
p5     l5   l5     U5   r5     r5
 \_l5_/      \_S5_/      \_r5_/
 p5          S5   S5     S5
/       _H5_/      \_S5_/
H5     H5   T5     T5
 \_H5_/      \_T5_/
      H5     T5
       \_T5_/

solution 9 (1,347,126 searches):
0,1,0 0,1,1 1,0,1 1,1,0 1,1,2 H5
1,0,0 2,0,0 2,0,2 3,0,1 3,0,2 W5
3,0,0 3,1,0 4,0,1 4,0,2 4,1,2 R5
4,0,0 5,0,0 5,0,1 5,0,2 6,0,2 T5
2,0,1 2,1,0 2,1,2 3,1,1 3,1,2 S5
0,2,1 0,2,2 0,3,0 0,3,2 1,2,1 p5
0,2,0 1,2,0 1,2,2 2,1,1 2,2,2 l5
1,3,0 1,3,2 2,3,0 2,3,2 3,2,1 w5
2,2,0 2,2,1 3,2,0 3,2,2 4,1,1 s5
3,3,0 3,3,2 4,2,1 4,2,2 4,3,2 Y5
4,1,0 5,1,0 5,1,2 6,0,0 6,0,1 U5
4,2,0 5,1,1 5,2,0 5,2,1 5,2,2 X5
4,3,0 5,3,0 5,3,2 6,3,0 6,3,2 I5
6,1,0 6,1,1 6,1,2 6,2,1 6,2,2 L5
7,0,0 7,0,2 8,0,0 8,0,2 9,0,2 i5
6,2,0 7,0,1 7,1,0 7,1,1 7,1,2 h5
7,2,0 7,2,2 8,0,1 8,1,1 8,1,2 P5
7,2,1 7,3,0 7,3,2 8,2,1 8,2,2 C5
8,1,0 8,2,0 9,0,1 9,1,1 9,1,2 r5

                                            _C5_
                                           C5   C5
                                      _I5_/      \_r5_
                                     I5   C5     C5   r5
                                _I5_/      \_P5_/      \
                               I5   L5     P5   P5     r5
                          _I5_/      \_h5_/      \_r5_/
                         Y5   X5     L5   h5     P5   r5
                    _Y5_/      \_X5_/      \_h5_/      \
                   Y5   Y5     X5   L5     h5   P5     i5
              _w5_/      \_X5_/      \_L5_/      \_i5_/
             w5   w5     Y5   X5     L5   h5     i5
        _w5_/      \_s5_/      \_U5_/      \_i5_/
       w5   s5     s5   s5     U5   U5     i5
  _p5_/      \_s5_/      \_U5_/      \_U5_/
 p5   p5     l5   S5     R5   T5     T5
/      \_l5_/      \_R5_/      \_T5_/
p5     l5   l5     S5   R5     T5
 \_l5_/      \_S5_/      \_T5_/
 p5          S5   W5     R5
/       _H5_/      \_R5_/
H5     H5   S5     W5
 \_H5_/      \_W5_/
      H5     W5
       \_W5_/

solution 10 (1,403,033 searches):
0,1,0 0,1,1 1,0,1 1,1,0 1,1,2 H5
1,0,0 2,0,0 2,0,2 3,0,1 3,0,2 W5
3,0,0 4,0,0 4,0,1 4,0,2 5,0,2 T5
2,0,1 2,1,0 2,1,1 2,1,2 3,1,2 h5
0,2,0 0,2,1 0,2,2 0,3,2 1,2,2 Y5
0,3,0 1,3,0 1,3,2 2,3,0 2,3,2 I5
1,2,0 1,2,1 2,2,0 2,2,1 2,2,2 R5
3,1,0 3,1,1 3,2,2 4,1,0 4,1,2 p5
3,2,0 3,2,1 3,3,0 3,3,2 4,2,1 C5
4,1,1 4,2,0 4,2,2 5,2,1 5,2,2 S5
4,3,0 4,3,2 5,3,0 5,3,2 6,3,2 i5
5,0,0 5,0,1 5,1,0 5,1,1 5,1,2 r5
6,0,0 6,0,2 6,1,0 7,0,1 7,0,2 P5
5,2,0 6,0,1 6,1,1 6,1,2 6,2,2 L5
7,0,0 8,0,1 8,0,2 8,1,0 8,1,2 s5
8,0,0 9,0,1 9,0,2 9,1,1 9,1,2 w5
6,2,0 6,2,1 7,1,0 7,1,1 7,1,2 l5
6,3,0 7,3,0 7,3,2 8,2,0 8,2,1 U5
7,2,0 7,2,1 7,2,2 8,1,1 8,2,2 X5

                                            _U5_
                                           U5   U5
                                      _U5_/      \_U5_
                                     i5   X5     X5   w5
                                _i5_/      \_X5_/      \
                               i5   l5     X5   X5     w5
                          _i5_/      \_l5_/      \_s5_/
                         i5   S5     L5   l5     s5   w5
                    _C5_/      \_L5_/      \_l5_/      \
                   C5   C5     S5   L5     l5   s5     w5
              _I5_/      \_S5_/      \_P5_/      \_w5_/
             I5   C5     S5   r5     L5   P5     s5
        _I5_/      \_C5_/      \_r5_/      \_s5_/
       I5   R5     p5   S5     r5   L5     P5
  _I5_/      \_R5_/      \_p5_/      \_P5_/
 Y5   R5     R5   p5     p5   r5     P5
/      \_R5_/      \_p5_/      \_r5_/
Y5     Y5   h5     h5   T5     T5
 \_Y5_/      \_h5_/      \_T5_/
 Y5          h5   W5     T5
/       _H5_/      \_T5_/
H5     H5   h5     W5
 \_H5_/      \_W5_/
      H5     W5
       \_W5_/

User-requested solution limit reached.
10 solutions, 1,403,033 searches, duration 0:00:05.219768
