solving OneSidedHexiamondsTrefoil2:

solution 1 (28,722 searches):
1,4,1 2,4,0 2,4,1 3,3,1 3,4,0 4,3,0 C6
1,5,0 1,5,1 1,6,1 2,5,0 2,5,1 2,6,0 G6
3,2,1 3,3,0 4,1,1 4,2,0 4,2,1 5,1,0 E6
3,1,1 3,2,0 4,0,1 4,1,0 5,0,0 5,0,1 J6
5,1,1 5,2,0 6,0,0 6,0,1 6,1,0 6,1,1 h6
4,8,1 5,6,1 5,7,0 5,7,1 5,8,0 6,6,0 S6
4,6,0 4,6,1 4,7,0 4,7,1 4,8,0 5,6,0 P6
6,6,1 7,5,0 7,5,1 7,6,0 7,6,1 8,5,0 X6
8,4,1 8,5,1 8,6,0 9,4,0 9,4,1 9,5,0 g6
7,4,1 8,3,0 8,3,1 8,4,0 9,3,0 9,3,1 H6
4,5,0 4,5,1 5,5,0 5,5,1 6,5,0 6,5,1 I6
3,5,0 3,5,1 3,6,0 3,6,1 3,7,0 3,7,1 i6
3,4,1 4,3,1 4,4,0 4,4,1 5,3,0 5,3,1 F6
5,4,0 5,4,1 6,4,0 6,4,1 7,3,1 7,4,0 j6
5,2,1 6,2,0 6,2,1 6,3,0 6,3,1 7,3,0 s6
7,1,1 7,2,0 7,2,1 8,1,0 8,1,1 8,2,0 O6
1,8,1 1,9,1 2,8,0 2,8,1 2,9,0 3,8,0 V6
0,8,0 0,8,1 0,9,0 0,9,1 1,8,0 1,9,0 f6
0,7,1 1,7,0 1,7,1 2,6,1 2,7,0 2,7,1 p6

      ________
     /    \   \
    /   ___\   \    ____
   /    \       \  /\   \
  /______\_______\/  \   \
  \          /   /   /   /
   \____    /   /   /   /_______
    \   \  /   /    \   \      /\
  ___\   \/   /______\___\    /  \
 /       /   /           /    \   \
/_______/___/___________/______\   \
\       \      /        \   \      /
 \____   \    /_______   \   \____/
     /\   \      /    \  /       /
    /  \___\____/   ___\/_______/
   /\      /\      /    \
  /  \    /  \____/      \
  \   \   \      /\      /
   \   \___\    /  \____/
    \      /   /
     \____/___/

solution 2 (28,911 searches):
1,4,1 2,4,0 2,4,1 3,3,1 3,4,0 4,3,0 C6
1,5,0 1,5,1 1,6,1 2,5,0 2,5,1 2,6,0 G6
3,2,1 3,3,0 4,1,1 4,2,0 4,2,1 5,1,0 E6
3,1,1 3,2,0 4,0,1 4,1,0 5,0,0 5,0,1 J6
5,1,1 5,2,0 6,0,0 6,0,1 6,1,0 6,1,1 h6
4,8,1 5,6,1 5,7,0 5,7,1 5,8,0 6,6,0 S6
4,6,0 4,6,1 4,7,0 4,7,1 4,8,0 5,6,0 P6
6,6,1 7,5,0 7,5,1 7,6,0 7,6,1 8,5,0 X6
8,4,1 8,5,1 8,6,0 9,4,0 9,4,1 9,5,0 g6
7,4,1 8,3,0 8,3,1 8,4,0 9,3,0 9,3,1 H6
6,4,1 6,5,0 6,5,1 7,3,0 7,3,1 7,4,0 s6
7,1,1 7,2,0 7,2,1 8,1,0 8,1,1 8,2,0 O6
4,5,1 5,4,1 5,5,0 5,5,1 6,3,1 6,4,0 p6
4,4,1 4,5,0 5,3,1 5,4,0 6,2,1 6,3,0 i6
3,4,1 4,3,1 4,4,0 5,2,1 5,3,0 6,2,0 I6
1,7,1 2,6,1 2,7,0 3,5,0 3,5,1 3,6,0 j6
0,7,1 0,8,0 0,8,1 0,9,0 1,7,0 1,8,0 F6
0,9,1 1,8,1 1,9,0 1,9,1 2,8,1 2,9,0 f6
2,7,1 2,8,0 3,6,1 3,7,0 3,7,1 3,8,0 V6

      ________
     /\       \
    /  \       \    ____
   /    \  /\  /\  /\   \
  /   ___\/  \/  \/  \   \
  \   \   \      /   /   /
   \___\   \    /   /   /_______
    \   \   \  /    \   \      /\
  ___\   \   \/______\___\    /  \
 /       /   /\      /   /    \   \
/_______/___/  \    /   /______\   \
\       \   \   \   \   \   \      /
 \____   \   \   \   \   \   \____/
     /\   \   \   \  /   /       /
    /  \___\   \   \/___/_______/
   /\      /\   \  /    \
  /  \    /  \___\/      \
  \   \   \      /\      /
   \   \___\    /  \____/
    \      /   /
     \____/___/

solution 3 (28,918 searches):
1,4,1 2,4,0 2,4,1 3,3,1 3,4,0 4,3,0 C6
1,5,0 1,5,1 1,6,1 2,5,0 2,5,1 2,6,0 G6
3,2,1 3,3,0 4,1,1 4,2,0 4,2,1 5,1,0 E6
3,1,1 3,2,0 4,0,1 4,1,0 5,0,0 5,0,1 J6
5,1,1 5,2,0 6,0,0 6,0,1 6,1,0 6,1,1 h6
4,8,1 5,6,1 5,7,0 5,7,1 5,8,0 6,6,0 S6
4,6,0 4,6,1 4,7,0 4,7,1 4,8,0 5,6,0 P6
6,6,1 7,5,0 7,5,1 7,6,0 7,6,1 8,5,0 X6
8,4,1 8,5,1 8,6,0 9,4,0 9,4,1 9,5,0 g6
7,4,1 8,3,0 8,3,1 8,4,0 9,3,0 9,3,1 H6
6,4,1 6,5,0 6,5,1 7,3,0 7,3,1 7,4,0 s6
7,1,1 7,2,0 7,2,1 8,1,0 8,1,1 8,2,0 O6
4,5,1 5,4,1 5,5,0 5,5,1 6,3,1 6,4,0 p6
4,4,1 5,3,1 5,4,0 6,2,0 6,2,1 6,3,0 j6
3,4,1 3,5,0 4,3,1 4,4,0 5,2,1 5,3,0 i6
1,7,1 2,6,1 2,7,0 3,5,1 3,6,0 4,5,0 I6
0,7,1 0,8,0 0,8,1 0,9,0 1,7,0 1,8,0 F6
0,9,1 1,8,1 1,9,0 1,9,1 2,8,1 2,9,0 f6
2,7,1 2,8,0 3,6,1 3,7,0 3,7,1 3,8,0 V6

      ________
     /\       \
    /  \       \    ____
   /    \  /\  /\  /\   \
  /   ___\/  \/  \/  \   \
  \   \   \      /   /   /
   \___\   \    /   /   /_______
    \   \   \  /    \   \      /\
  ___\   \   \/______\___\    /  \
 /       /\   \      /   /    \   \
/_______/  \___\    /   /______\   \
\       \   \   \   \   \   \      /
 \____   \   \   \   \   \   \____/
     /\   \   \   \  /   /       /
    /  \___\   \   \/___/_______/
   /\      /\  /   /    \
  /  \    /  \/___/      \
  \   \   \      /\      /
   \   \___\    /  \____/
    \      /   /
     \____/___/

solution 4 (46,003 searches):
1,4,1 2,4,0 2,4,1 3,3,1 3,4,0 4,3,0 C6
1,5,0 1,5,1 1,6,1 2,5,0 2,5,1 2,6,0 G6
3,2,1 3,3,0 4,1,1 4,2,0 4,2,1 5,1,0 E6
3,1,1 3,2,0 4,0,1 4,1,0 5,0,0 5,0,1 J6
5,1,1 5,2,0 6,0,0 6,0,1 6,1,0 6,1,1 h6
4,6,1 4,7,0 4,7,1 4,8,0 4,8,1 5,8,0 j6
5,6,1 5,7,0 5,7,1 6,5,0 6,5,1 6,6,0 s6
4,5,0 4,5,1 4,6,0 5,5,0 5,5,1 5,6,0 F6
3,5,0 3,5,1 3,6,0 3,6,1 3,7,0 3,7,1 i6
3,4,1 4,3,1 4,4,0 5,2,1 5,3,0 6,2,0 I6
4,4,1 5,3,1 5,4,0 5,4,1 6,4,0 6,4,1 P6
1,8,1 1,9,1 2,8,0 2,8,1 2,9,0 3,8,0 V6
0,8,0 0,8,1 0,9,0 0,9,1 1,8,0 1,9,0 f6
0,7,1 1,7,0 1,7,1 2,6,1 2,7,0 2,7,1 p6
7,1,1 7,2,0 7,2,1 8,1,0 8,1,1 8,2,0 O6
6,2,1 6,3,0 6,3,1 7,3,0 7,3,1 7,4,0 S6
7,4,1 8,3,0 8,3,1 8,4,0 9,3,0 9,3,1 H6
6,6,1 7,5,0 7,5,1 7,6,0 7,6,1 8,5,0 X6
8,4,1 8,5,1 8,6,0 9,4,0 9,4,1 9,5,0 g6

      ________
     /    \   \
    /   ___\   \    ____
   /    \       \  /    \
  /______\_______\/   ___\
  \          /   /   /   /
   \____    /   /   /   /_______
    \   \  /   /\  /\   \      /\
  ___\   \/   /  \/  \   \    /  \
 /       /   /       /   /    \   \
/_______/___/_______/___/______\   \
\       \   \          /\   \      /
 \____   \   \    ____/  \   \____/
     /\   \   \  /       /       /
    /  \___\   \/   ____/_______/
   /\      /\   \  /    \
  /  \    /  \___\/      \
  \   \   \      /\      /
   \   \___\    /  \____/
    \      /   /
     \____/___/

solution 5 (65,644 searches):
1,4,1 2,4,0 2,4,1 3,3,1 3,4,0 4,3,0 C6
1,5,0 1,5,1 1,6,1 2,5,0 2,5,1 2,6,0 G6
3,2,1 3,3,0 4,1,1 4,2,0 4,2,1 5,1,0 E6
3,1,1 3,2,0 4,0,1 4,1,0 5,0,0 5,0,1 J6
6,0,0 6,0,1 6,1,0 6,1,1 6,2,0 6,2,1 i6
5,1,1 5,2,0 5,2,1 5,3,0 5,3,1 6,3,0 j6
7,1,1 7,2,0 7,2,1 8,1,0 8,1,1 8,2,0 O6
3,4,1 3,5,0 4,3,1 4,4,0 4,4,1 5,4,0 h6
4,8,1 5,6,1 5,7,0 5,7,1 5,8,0 6,6,0 S6
4,6,0 4,6,1 4,7,0 4,7,1 4,8,0 5,6,0 P6
1,7,1 2,6,1 2,7,0 3,5,1 3,6,0 4,5,0 I6
0,7,1 0,8,0 0,8,1 0,9,0 1,7,0 1,8,0 F6
0,9,1 1,8,1 1,9,0 1,9,1 2,8,1 2,9,0 f6
2,7,1 2,8,0 3,6,1 3,7,0 3,7,1 3,8,0 V6
4,5,1 5,4,1 5,5,0 5,5,1 6,3,1 6,4,0 p6
6,6,1 7,5,0 7,5,1 7,6,0 7,6,1 8,5,0 X6
8,4,1 8,5,1 8,6,0 9,4,0 9,4,1 9,5,0 g6
6,4,1 6,5,0 6,5,1 7,3,0 7,3,1 7,4,0 s6
7,4,1 8,3,0 8,3,1 8,4,0 9,3,0 9,3,1 H6

      ________
     /\       \
    /  \       \    ____
   /    \  /\  /\  /\   \
  /   ___\/  \/  \/  \   \
  \   \   \      /   /   /
   \___\   \    /   /   /_______
    \   \   \  /    \   \      /\
  ___\   \   \/______\___\    /  \
 /       /\   \      /   /    \   \
/_______/  \___\    /   /______\   \
\       \       \   \   \   \      /
 \____   \    ___\   \   \   \____/
     /\   \  /    \  /   /       /
    /  \___\/   ___\/___/_______/
   /\      /   /   /    \
  /  \    /   /   /      \
  \   \   \  /   /\      /
   \   \___\/   /  \____/
    \      /   /
     \____/___/

solution 6 (70,683 searches):
1,4,1 2,4,0 2,4,1 3,3,1 3,4,0 4,3,0 C6
1,5,0 1,5,1 1,6,1 2,5,0 2,5,1 2,6,0 G6
3,2,1 3,3,0 4,1,1 4,2,0 4,2,1 5,1,0 E6
3,1,1 3,2,0 4,0,1 4,1,0 5,0,0 5,0,1 J6
5,1,1 5,2,0 5,2,1 6,0,0 6,0,1 6,1,0 s6
5,3,1 6,1,1 6,2,0 6,2,1 6,3,0 6,3,1 P6
7,1,1 7,2,0 7,2,1 8,1,0 8,1,1 8,2,0 O6
3,4,1 4,3,1 4,4,0 4,4,1 4,5,0 5,3,0 H6
3,5,0 3,5,1 3,6,0 3,6,1 3,7,0 3,7,1 i6
1,8,1 1,9,1 2,8,0 2,8,1 2,9,0 3,8,0 V6
0,7,1 0,8,0 0,8,1 0,9,0 0,9,1 1,9,0 j6
1,7,0 1,7,1 1,8,0 2,6,1 2,7,0 2,7,1 X6
4,7,0 4,7,1 4,8,0 4,8,1 5,7,1 5,8,0 g6
5,4,0 5,4,1 5,5,0 6,4,0 6,4,1 7,4,0 p6
7,3,0 7,3,1 8,3,0 8,3,1 9,3,0 9,3,1 I6
4,5,1 4,6,0 4,6,1 5,6,0 5,6,1 5,7,0 S6
5,5,1 6,5,0 6,5,1 6,6,0 7,4,1 7,5,0 h6
6,6,1 7,5,1 7,6,0 7,6,1 8,5,1 8,6,0 f6
8,4,0 8,4,1 8,5,0 9,4,0 9,4,1 9,5,0 F6

      ________
     /    \   \
    /   ___\   \    ____
   /   /\       \  /    \
  /   /  \_______\/      \
  \  /       /   /   /\  /
   \/___    /   /___/  \/_______
    \   \  /   /       /\       \
  ___\   \/   /   ____/  \       \
 /       /   /\  /\       \  /\  /\
/_______/___/  \/  \____   \/  \/  \
\       \      /        \  /       /
 \____   \    /__________\/_______/
     /\   \   \      /           /
    /  \___\___\    /___________/
   /\      /   /   /    \
  /  \    /   /   /      \
  \   \   \   \  /\      /
   \   \___\   \/  \____/
    \      /   /
     \____/___/

solution 7 (163,491 searches):
1,4,1 2,4,0 2,4,1 3,3,1 3,4,0 4,3,0 C6
1,5,0 1,5,1 1,6,1 2,5,0 2,5,1 2,6,0 G6
3,1,1 3,2,0 3,2,1 3,3,0 4,1,0 4,2,0 F6
4,0,1 4,1,1 5,0,0 5,0,1 5,1,0 6,0,0 V6
4,2,1 5,1,1 5,2,0 5,2,1 6,0,1 6,1,0 p6
6,1,1 6,2,0 6,2,1 6,3,0 6,3,1 6,4,0 I6
7,1,1 7,2,0 7,2,1 8,1,0 8,1,1 8,2,0 O6
6,4,1 6,5,0 6,5,1 7,3,0 7,3,1 7,4,0 s6
7,4,1 8,3,0 8,3,1 8,4,0 9,3,0 9,3,1 H6
8,4,1 8,5,1 8,6,0 9,4,0 9,4,1 9,5,0 g6
6,6,1 7,5,0 7,5,1 7,6,0 7,6,1 8,5,0 X6
5,6,0 5,6,1 5,7,0 5,7,1 5,8,0 6,6,0 P6
4,6,0 4,6,1 4,7,0 4,7,1 4,8,0 4,8,1 i6
4,4,1 4,5,1 5,4,0 5,4,1 5,5,0 5,5,1 f6
3,4,1 3,5,0 4,3,1 4,4,0 5,3,0 5,3,1 J6
2,7,1 3,5,1 3,6,0 3,6,1 3,7,0 4,5,0 S6
1,7,0 1,7,1 1,8,0 1,8,1 2,6,1 2,7,0 h6
1,9,1 2,8,0 2,8,1 2,9,0 3,7,1 3,8,0 E6
0,7,1 0,8,0 0,8,1 0,9,0 0,9,1 1,9,0 j6

      ________
     /    \   \
    /   ___\   \    ____
   /   /   /    \  /   /\
  /   /   /___   \/   /  \
  \  /    \   \  /   /   /
   \/___   \   \/   /   /_______
    \   \  /   /   /    \      /\
  ___\   \/   /___/______\    /  \
 /       /\   \      /   /    \   \
/_______/  \___\    /   /______\   \
\       \   \      /\   \   \      /
 \____   \   \____/  \   \   \____/
     /\   \      /   /   /       /
    /  \___\____/   /___/_______/
   /    \      /   /    \
  /   ___\    /   /      \
  \   \   \   \  /\      /
   \___\   \   \/  \____/
    \       \  /
     \_______\/

solution 8 (175,040 searches):
1,4,1 2,4,0 2,4,1 3,3,1 3,4,0 4,3,0 C6
1,5,0 1,5,1 1,6,1 2,5,0 2,5,1 2,6,0 G6
3,1,1 3,2,0 3,2,1 3,3,0 4,1,0 4,2,0 F6
4,0,1 4,1,1 5,0,0 5,0,1 5,1,0 5,1,1 f6
6,0,0 6,0,1 6,1,0 6,1,1 6,2,0 6,2,1 i6
4,2,1 5,2,0 5,2,1 5,3,0 5,3,1 6,3,0 s6
7,1,1 7,2,0 7,2,1 8,1,0 8,1,1 8,2,0 O6
4,8,1 5,6,1 5,7,0 5,7,1 5,8,0 6,6,0 S6
4,6,0 4,6,1 4,7,0 4,7,1 4,8,0 5,6,0 P6
3,4,1 4,3,1 4,4,0 4,4,1 4,5,0 5,4,0 X6
2,7,1 3,5,0 3,5,1 3,6,0 3,6,1 3,7,0 J6
1,9,1 2,8,0 2,8,1 2,9,0 3,7,1 3,8,0 E6
0,7,1 1,7,0 1,7,1 1,8,0 2,6,1 2,7,0 h6
0,8,0 0,8,1 0,9,0 0,9,1 1,8,1 1,9,0 g6
4,5,1 5,4,1 5,5,0 6,3,1 6,4,0 7,3,0 I6
5,5,1 6,4,1 6,5,0 6,5,1 7,3,1 7,4,0 p6
8,3,0 8,3,1 8,4,0 8,4,1 9,3,0 9,3,1 V6
7,6,1 8,5,1 8,6,0 9,4,0 9,4,1 9,5,0 j6
6,6,1 7,4,1 7,5,0 7,5,1 7,6,0 8,5,0 H6

      ________
     /    \   \
    /      \   \    ____
   /   /\  /    \  /\   \
  /___/  \/___   \/  \   \
  \       \   \  /   /   /
   \____   \   \/   /   /_______
    \   \  /   /    \   \   \   \
  ___\   \/   /______\___\   \   \
 /       /   /\   \      /    \   \
/_______/___/  \   \    /   ___\   \
\       \       \   \   \  /   /   /
 \____   \    ___\   \   \/   /___/
     /\   \  /    \   \  /       /
    /  \___\/   ___\___\/_______/
   /    \      /   /    \
  /   ___\____/   /      \
  \   \      /   /\      /
   \___\    /   /  \____/
    \      /   /
     \____/___/

solution 9 (175,086 searches):
1,4,1 2,4,0 2,4,1 3,3,1 3,4,0 4,3,0 C6
1,5,0 1,5,1 1,6,1 2,5,0 2,5,1 2,6,0 G6
3,1,1 3,2,0 3,2,1 3,3,0 4,1,0 4,2,0 F6
4,0,1 4,1,1 5,0,0 5,0,1 5,1,0 5,1,1 f6
6,0,0 6,0,1 6,1,0 6,1,1 6,2,0 6,2,1 i6
4,2,1 5,2,0 5,2,1 5,3,0 5,3,1 6,3,0 s6
7,1,1 7,2,0 7,2,1 8,1,0 8,1,1 8,2,0 O6
4,8,1 5,6,1 5,7,0 5,7,1 5,8,0 6,6,0 S6
4,6,0 4,6,1 4,7,0 4,7,1 4,8,0 5,6,0 P6
3,4,1 4,3,1 4,4,0 4,4,1 4,5,0 5,4,0 X6
2,6,1 2,7,0 3,5,0 3,5,1 3,6,0 3,6,1 h6
4,5,1 5,4,1 5,5,0 6,3,1 6,4,0 7,3,0 I6
5,5,1 6,4,1 6,5,0 6,5,1 7,3,1 7,4,0 p6
8,3,0 8,3,1 8,4,0 8,4,1 9,3,0 9,3,1 V6
7,6,1 8,5,1 8,6,0 9,4,0 9,4,1 9,5,0 j6
6,6,1 7,4,1 7,5,0 7,5,1 7,6,0 8,5,0 H6
2,7,1 2,8,1 2,9,0 3,7,0 3,7,1 3,8,0 g6
1,7,1 1,8,0 1,8,1 1,9,0 1,9,1 2,8,0 E6
0,7,1 0,8,0 0,8,1 0,9,0 0,9,1 1,7,0 J6

      ________
     /   /   /\
    /   /   /  \    ____
   /   /    \   \  /\   \
  /   /   ___\   \/  \   \
  \   \  /\      /   /   /
   \___\/  \____/   /   /_______
    \   \      /    \   \   \   \
  ___\   \    /______\___\   \   \
 /       /   /\   \      /    \   \
/_______/___/  \   \    /   ___\   \
\       \       \   \   \  /   /   /
 \____   \    ___\   \   \/   /___/
     /\   \  /    \   \  /       /
    /  \___\/   ___\___\/_______/
   /    \      /   /    \
  /   ___\____/   /      \
  \   \      /   /\      /
   \___\    /   /  \____/
    \      /   /
     \____/___/

solution 10 (175,261 searches):
1,4,1 2,4,0 2,4,1 3,3,1 3,4,0 4,3,0 C6
1,5,0 1,5,1 1,6,1 2,5,0 2,5,1 2,6,0 G6
3,1,1 3,2,0 3,2,1 3,3,0 4,1,0 4,2,0 F6
4,0,1 4,1,1 5,0,0 5,0,1 5,1,0 5,1,1 f6
6,0,0 6,0,1 6,1,0 6,1,1 6,2,0 6,2,1 i6
4,2,1 5,2,0 5,2,1 5,3,0 5,3,1 6,3,0 s6
7,1,1 7,2,0 7,2,1 8,1,0 8,1,1 8,2,0 O6
4,8,1 5,6,1 5,7,0 5,7,1 5,8,0 6,6,0 S6
4,6,0 4,6,1 4,7,0 4,7,1 4,8,0 5,6,0 P6
3,4,1 3,5,0 4,3,1 4,4,0 4,4,1 5,4,0 h6
6,6,1 7,5,0 7,5,1 7,6,0 7,6,1 8,5,0 X6
8,4,1 8,5,1 8,6,0 9,4,0 9,4,1 9,5,0 g6
7,4,1 8,3,0 8,3,1 8,4,0 9,3,0 9,3,1 H6
5,5,1 6,4,1 6,5,0 6,5,1 7,3,1 7,4,0 p6
4,5,1 5,4,1 5,5,0 6,3,1 6,4,0 7,3,0 I6
2,6,1 2,7,0 3,5,1 3,6,0 3,6,1 4,5,0 E6
0,7,1 0,8,0 0,8,1 0,9,0 0,9,1 1,7,0 J6
1,7,1 1,8,0 1,8,1 1,9,0 2,7,1 2,8,0 V6
1,9,1 2,8,1 2,9,0 3,7,0 3,7,1 3,8,0 j6

      ________
     /   /\   \
    /   /  \   \    ____
   /   /    \   \  /\   \
  /   /      \   \/  \   \
  \   \  /\  /   /   /   /
   \___\/  \/___/   /   /_______
    \   \      /    \   \      /\
  ___\   \    /______\___\    /  \
 /       /\   \   \      /    \   \
/_______/  \___\   \    /______\   \
\       \       \   \   \   \      /
 \____   \    ___\   \   \   \____/
     /\   \  /    \   \  /       /
    /  \___\/   ___\___\/_______/
   /    \      /   /    \
  /   ___\____/   /      \
  \   \      /   /\      /
   \___\    /   /  \____/
    \      /   /
     \____/___/

User-requested solution limit reached.
10 solutions, 175,261 searches, duration 0:00:01.721248
