solving OneSidedHexiamondsTrefoil11:

solution 1 (12,639 searches):
05,00,1 05,01,0 05,01,1 06,00,0 06,00,1 06,01,0 O6
04,01,1 04,02,0 04,02,1 04,03,0 04,03,1 05,02,0 E6
06,02,1 07,00,0 07,00,1 07,01,0 07,01,1 07,02,0 J6
05,02,1 05,03,0 05,03,1 05,04,0 06,01,1 06,02,0 C6
04,04,0 04,04,1 04,05,0 04,05,1 05,04,1 05,05,0 g6
06,03,0 06,03,1 06,04,0 07,02,1 07,03,0 07,03,1 X6
06,04,1 07,04,0 07,04,1 08,04,0 08,04,1 09,04,0 i6
07,05,0 07,05,1 07,06,0 07,06,1 08,05,0 08,06,0 f6
05,07,1 05,08,0 06,06,1 06,07,0 06,07,1 07,07,0 h6
07,07,1 08,06,1 08,07,0 08,07,1 09,06,0 09,06,1 F6
09,07,0 09,07,1 10,05,1 10,06,0 10,06,1 10,07,0 G6
08,05,1 09,04,1 09,05,0 09,05,1 10,04,0 10,05,0 V6
10,04,1 11,04,0 11,04,1 11,05,0 11,05,1 11,06,0 j6
03,06,1 04,06,0 04,06,1 04,07,0 04,07,1 05,07,0 s6
00,09,1 01,08,1 01,09,0 02,07,1 02,08,0 03,07,0 I6
00,11,0 00,11,1 01,10,1 01,11,0 01,11,1 02,10,0 H6
00,10,0 00,10,1 01,09,1 01,10,0 02,09,0 02,09,1 S6
02,10,1 02,11,0 03,09,0 03,09,1 03,10,0 04,09,0 p6
02,08,1 03,07,1 03,08,0 03,08,1 04,08,0 04,08,1 P6

    ________
   /       /\
  /___    /  \
 /    \   \   \
/___   \___\   \
\   \      /    \
 \   \____/______\
  \   \          /\
   \   \    ____/  \________________
    \   \  /    \       \      /    \
     \___\/   ___\    ___\    /___   \
      \      /    \  /    \      /   /\
       \____/      \/   ___\____/   /  \
       /    \      /    \       \  /   /
      /      \____/______\    ___\/   /
     /   /\  /\           \   \      /
    /___/  \/  \___________\___\____/
   /   /   /       /
  /   /   /___    /
 /    \   \   \  /
/   ___\   \   \/
\  /    \  /   /
 \/      \/   /
  \      /   /
   \____/___/

solution 2 (48,986 searches):
05,00,1 05,01,0 05,01,1 06,00,0 06,00,1 06,01,0 O6
04,01,1 04,02,0 04,02,1 04,03,0 04,03,1 05,02,0 E6
06,02,1 07,00,0 07,00,1 07,01,0 07,01,1 07,02,0 J6
05,02,1 05,03,0 05,03,1 06,01,1 06,02,0 06,03,0 g6
04,04,0 04,04,1 04,05,0 05,04,0 05,04,1 05,05,0 F6
06,03,1 06,04,0 06,04,1 07,02,1 07,03,0 07,03,1 f6
07,04,0 07,04,1 08,04,0 08,04,1 09,04,0 09,04,1 I6
02,07,1 02,08,0 03,06,1 03,07,0 04,05,1 04,06,0 i6
10,04,0 10,04,1 11,04,0 11,04,1 11,05,0 11,05,1 C6
09,05,1 10,05,0 10,05,1 10,06,0 10,06,1 11,06,0 s6
08,07,1 09,06,0 09,06,1 09,07,0 09,07,1 10,07,0 h6
07,05,0 07,05,1 07,06,0 07,06,1 07,07,0 08,05,0 P6
07,07,1 08,05,1 08,06,0 08,06,1 08,07,0 09,05,0 S6
05,07,0 05,07,1 05,08,0 06,06,1 06,07,0 06,07,1 X6
02,08,1 03,07,1 03,08,0 03,08,1 04,06,1 04,07,0 p6
03,09,0 03,09,1 04,07,1 04,08,0 04,08,1 04,09,0 G6
01,10,1 01,11,1 02,10,0 02,10,1 02,11,0 03,10,0 V6
00,09,1 00,10,0 00,10,1 00,11,0 00,11,1 01,11,0 j6
01,08,1 01,09,0 01,09,1 01,10,0 02,09,0 02,09,1 H6

    ________
   /    \   \
  /   ___\   \
 /   /\       \
/   /  \_______\
\  /       /    \
 \/   ____/___   \
  \  /\      /   /\
   \/  \    /   /  \________________
    \   \   \  /       /\   \       \
     \   \   \/___    /  \   \    ___\
      \   \  /    \  /   /   /   /    \
       \   \/      \/   /   /___/   ___\
       /\  /\      /    \   \      /   /
      /  \/  \____/______\___\____/   /
     /       /   /           /       /
    /_______/   /___________/_______/
   /   /    \      /
  /   /   ___\    /
 /    \   \   \  /
/   ___\   \   \/
\  /    \  /   /
 \/      \/   /
  \      /   /
   \____/___/

solution 3 (49,325 searches):
05,00,1 05,01,0 05,01,1 06,00,0 06,00,1 06,01,0 O6
04,01,1 04,02,0 04,02,1 04,03,0 04,03,1 05,02,0 E6
06,02,1 07,00,0 07,00,1 07,01,0 07,01,1 07,02,0 J6
05,02,1 05,03,0 05,03,1 06,01,1 06,02,0 06,03,0 g6
04,04,0 04,04,1 04,05,0 05,04,0 05,04,1 05,05,0 F6
06,03,1 06,04,0 06,04,1 07,02,1 07,03,0 07,03,1 f6
07,04,0 07,04,1 08,04,0 08,04,1 09,04,0 09,04,1 I6
02,07,1 02,08,0 03,06,1 03,07,0 04,05,1 04,06,0 i6
10,04,0 10,04,1 10,05,0 10,05,1 11,04,0 11,04,1 V6
09,07,1 10,06,1 10,07,0 11,05,0 11,05,1 11,06,0 j6
08,07,1 09,05,1 09,06,0 09,06,1 09,07,0 10,06,0 H6
07,07,1 08,05,1 08,06,0 08,06,1 08,07,0 09,05,0 S6
07,05,0 07,05,1 07,06,0 07,06,1 07,07,0 08,05,0 P6
05,07,0 05,07,1 05,08,0 06,06,1 06,07,0 06,07,1 X6
02,08,1 03,07,1 03,08,0 03,08,1 04,06,1 04,07,0 p6
03,09,0 03,09,1 04,07,1 04,08,0 04,08,1 04,09,0 G6
00,09,1 00,10,0 00,10,1 00,11,0 01,08,1 01,09,0 C6
00,11,1 01,10,0 01,10,1 01,11,0 01,11,1 02,11,0 h6
01,09,1 02,09,0 02,09,1 02,10,0 02,10,1 03,10,0 s6

    ________
   /\       \
  /  \    ___\
 /   /   /    \
/   /___/   ___\
\   \      /    \
 \   \____/___   \
  \  /\      /   /\
   \/  \    /   /  \________________
    \   \   \  /       /\   \   \   \
     \   \   \/___    /  \   \   \   \
      \   \  /    \  /   /   /    \   \
       \   \/      \/   /   /   ___\   \
       /\  /\      /    \   \  /   /   /
      /  \/  \____/______\___\/   /___/
     /       /   /           /       /
    /_______/   /___________/_______/
   /   /    \      /
  /   /   ___\    /
 /    \   \   \  /
/   ___\   \   \/
\  /    \  /   /
 \/      \/   /
  \      /   /
   \____/___/

solution 4 (49,329 searches):
05,00,1 05,01,0 05,01,1 06,00,0 06,00,1 06,01,0 O6
04,01,1 04,02,0 04,02,1 04,03,0 04,03,1 05,02,0 E6
06,02,1 07,00,0 07,00,1 07,01,0 07,01,1 07,02,0 J6
05,02,1 05,03,0 05,03,1 06,01,1 06,02,0 06,03,0 g6
04,04,0 04,04,1 04,05,0 05,04,0 05,04,1 05,05,0 F6
06,03,1 06,04,0 06,04,1 07,02,1 07,03,0 07,03,1 f6
07,04,0 07,04,1 08,04,0 08,04,1 09,04,0 09,04,1 I6
02,07,1 02,08,0 03,06,1 03,07,0 04,05,1 04,06,0 i6
10,04,0 10,04,1 10,05,0 10,05,1 11,04,0 11,04,1 V6
09,07,1 10,06,1 10,07,0 11,05,0 11,05,1 11,06,0 j6
08,07,1 09,05,1 09,06,0 09,06,1 09,07,0 10,06,0 H6
07,07,1 08,05,1 08,06,0 08,06,1 08,07,0 09,05,0 S6
07,05,0 07,05,1 07,06,0 07,06,1 07,07,0 08,05,0 P6
05,07,0 05,07,1 05,08,0 06,06,1 06,07,0 06,07,1 X6
02,08,1 03,07,1 03,08,0 03,08,1 04,06,1 04,07,0 p6
03,09,0 03,09,1 04,07,1 04,08,0 04,08,1 04,09,0 G6
00,09,1 00,10,0 01,08,1 01,09,0 01,09,1 02,09,0 h6
00,10,1 00,11,0 01,10,0 01,10,1 02,09,1 02,10,0 s6
00,11,1 01,11,0 01,11,1 02,10,1 02,11,0 03,10,0 C6

    ________
   /\       \
  /  \____   \
 /\       \   \
/  \____   \___\
\       \  /    \
 \    ___\/___   \
  \  /\      /   /\
   \/  \    /   /  \________________
    \   \   \  /       /\   \   \   \
     \   \   \/___    /  \   \   \   \
      \   \  /    \  /   /   /    \   \
       \   \/      \/   /   /   ___\   \
       /\  /\      /    \   \  /   /   /
      /  \/  \____/______\___\/   /___/
     /       /   /           /       /
    /_______/   /___________/_______/
   /   /    \      /
  /   /   ___\    /
 /    \   \   \  /
/   ___\   \   \/
\  /    \  /   /
 \/      \/   /
  \      /   /
   \____/___/

solution 5 (49,425 searches):
05,00,1 05,01,0 05,01,1 06,00,0 06,00,1 06,01,0 O6
04,01,1 04,02,0 04,02,1 04,03,0 04,03,1 05,02,0 E6
06,02,1 07,00,0 07,00,1 07,01,0 07,01,1 07,02,0 J6
05,02,1 05,03,0 05,03,1 06,01,1 06,02,0 06,03,0 g6
04,04,0 04,04,1 04,05,0 05,04,0 05,04,1 05,05,0 F6
06,03,1 06,04,0 06,04,1 07,02,1 07,03,0 07,03,1 f6
07,04,0 07,04,1 08,04,0 08,04,1 09,04,0 09,04,1 I6
02,07,1 02,08,0 03,06,1 03,07,0 04,05,1 04,06,0 i6
10,04,0 10,04,1 10,05,0 10,05,1 11,04,0 11,04,1 V6
09,07,1 10,06,1 10,07,0 11,05,0 11,05,1 11,06,0 j6
08,05,1 09,05,0 09,05,1 09,06,0 09,06,1 10,06,0 s6
07,07,1 08,06,0 08,06,1 08,07,0 08,07,1 09,07,0 h6
07,05,0 07,05,1 07,06,0 07,06,1 07,07,0 08,05,0 P6
05,07,0 05,07,1 05,08,0 06,06,1 06,07,0 06,07,1 X6
02,08,1 03,07,1 03,08,0 03,08,1 04,06,1 04,07,0 p6
03,09,0 03,09,1 04,07,1 04,08,0 04,08,1 04,09,0 G6
00,09,1 00,10,0 00,10,1 00,11,0 01,08,1 01,09,0 C6
01,11,1 02,09,1 02,10,0 02,10,1 02,11,0 03,10,0 H6
00,11,1 01,09,1 01,10,0 01,10,1 01,11,0 02,09,0 S6

    ________
   /\   \   \
  /  \   \   \
 /   /   /    \
/   /   /   ___\
\   \   \  /    \
 \   \___\/___   \
  \  /\      /   /\
   \/  \    /   /  \________________
    \   \   \  /       /\       \   \
     \   \   \/___    /  \    ___\   \
      \   \  /    \  /   /   /    \   \
       \   \/      \/   /___/   ___\   \
       /\  /\      /    \      /   /   /
      /  \/  \____/______\____/   /___/
     /       /   /           /       /
    /_______/   /___________/_______/
   /   /    \      /
  /   /   ___\    /
 /    \   \   \  /
/   ___\   \   \/
\  /    \  /   /
 \/      \/   /
  \      /   /
   \____/___/

solution 6 (49,428 searches):
05,00,1 05,01,0 05,01,1 06,00,0 06,00,1 06,01,0 O6
04,01,1 04,02,0 04,02,1 04,03,0 04,03,1 05,02,0 E6
06,02,1 07,00,0 07,00,1 07,01,0 07,01,1 07,02,0 J6
05,02,1 05,03,0 05,03,1 06,01,1 06,02,0 06,03,0 g6
04,04,0 04,04,1 04,05,0 05,04,0 05,04,1 05,05,0 F6
06,03,1 06,04,0 06,04,1 07,02,1 07,03,0 07,03,1 f6
07,04,0 07,04,1 08,04,0 08,04,1 09,04,0 09,04,1 I6
02,07,1 02,08,0 03,06,1 03,07,0 04,05,1 04,06,0 i6
10,04,0 10,04,1 10,05,0 10,05,1 11,04,0 11,04,1 V6
09,07,1 10,06,1 10,07,0 11,05,0 11,05,1 11,06,0 j6
08,05,1 09,05,0 09,05,1 09,06,0 09,06,1 10,06,0 s6
07,07,1 08,06,0 08,06,1 08,07,0 08,07,1 09,07,0 h6
07,05,0 07,05,1 07,06,0 07,06,1 07,07,0 08,05,0 P6
05,07,0 05,07,1 05,08,0 06,06,1 06,07,0 06,07,1 X6
02,08,1 03,07,1 03,08,0 03,08,1 04,06,1 04,07,0 p6
03,09,0 03,09,1 04,07,1 04,08,0 04,08,1 04,09,0 G6
00,09,1 00,10,0 00,10,1 00,11,0 01,10,0 01,10,1 H6
01,08,1 01,09,0 01,09,1 02,09,0 02,09,1 02,10,0 S6
00,11,1 01,11,0 01,11,1 02,10,1 02,11,0 03,10,0 C6

    ________
   /\       \
  /  \____   \
 /       /\   \
/   ____/  \___\
\  /       /    \
 \/   ____/___   \
  \  /\      /   /\
   \/  \    /   /  \________________
    \   \   \  /       /\       \   \
     \   \   \/___    /  \    ___\   \
      \   \  /    \  /   /   /    \   \
       \   \/      \/   /___/   ___\   \
       /\  /\      /    \      /   /   /
      /  \/  \____/______\____/   /___/
     /       /   /           /       /
    /_______/   /___________/_______/
   /   /    \      /
  /   /   ___\    /
 /    \   \   \  /
/   ___\   \   \/
\  /    \  /   /
 \/      \/   /
  \      /   /
   \____/___/

solution 7 (49,733 searches):
05,00,1 05,01,0 05,01,1 06,00,0 06,00,1 06,01,0 O6
04,01,1 04,02,0 04,02,1 04,03,0 04,03,1 05,02,0 E6
06,02,1 07,00,0 07,00,1 07,01,0 07,01,1 07,02,0 J6
05,02,1 05,03,0 05,03,1 06,01,1 06,02,0 06,03,0 g6
04,04,0 04,04,1 04,05,0 05,04,0 05,04,1 05,05,0 F6
06,03,1 06,04,0 06,04,1 07,02,1 07,03,0 07,03,1 f6
07,04,0 07,04,1 08,04,0 08,04,1 09,04,0 09,04,1 I6
02,07,1 02,08,0 03,06,1 03,07,0 04,05,1 04,06,0 i6
09,05,1 09,06,0 09,06,1 10,04,0 10,04,1 10,05,0 s6
10,05,1 10,06,0 11,04,0 11,04,1 11,05,0 11,05,1 h6
08,07,1 09,07,0 09,07,1 10,06,1 10,07,0 11,06,0 C6
07,05,0 07,05,1 07,06,0 07,06,1 07,07,0 08,05,0 P6
07,07,1 08,05,1 08,06,0 08,06,1 08,07,0 09,05,0 S6
05,07,0 05,07,1 05,08,0 06,06,1 06,07,0 06,07,1 X6
02,08,1 03,07,1 03,08,0 03,08,1 04,06,1 04,07,0 p6
03,09,0 03,09,1 04,07,1 04,08,0 04,08,1 04,09,0 G6
01,10,1 01,11,1 02,10,0 02,10,1 02,11,0 03,10,0 V6
00,09,1 00,10,0 00,10,1 00,11,0 00,11,1 01,11,0 j6
01,08,1 01,09,0 01,09,1 01,10,0 02,09,0 02,09,1 H6

    ________
   /    \   \
  /   ___\   \
 /   /\       \
/   /  \_______\
\  /       /    \
 \/   ____/___   \
  \  /\      /   /\
   \/  \    /   /  \________________
    \   \   \  /       /\   \       \
     \   \   \/___    /  \   \____   \
      \   \  /    \  /   /   /   /\   \
       \   \/      \/   /   /   /  \___\
       /\  /\      /    \   \   \      /
      /  \/  \____/______\___\   \    /
     /       /   /           /   /   /
    /_______/   /___________/___/___/
   /   /    \      /
  /   /   ___\    /
 /    \   \   \  /
/   ___\   \   \/
\  /    \  /   /
 \/      \/   /
  \      /   /
   \____/___/

solution 8 (51,157 searches):
05,00,1 05,01,0 05,01,1 06,00,0 06,00,1 06,01,0 O6
04,01,1 04,02,0 04,02,1 04,03,0 04,03,1 05,02,0 E6
06,02,1 07,00,0 07,00,1 07,01,0 07,01,1 07,02,0 J6
05,02,1 05,03,0 05,03,1 06,01,1 06,02,0 06,03,0 g6
04,04,0 04,04,1 04,05,0 05,04,0 05,04,1 05,05,0 F6
06,03,1 06,04,0 06,04,1 07,02,1 07,03,0 07,03,1 f6
07,04,0 07,04,1 08,04,0 08,04,1 09,04,0 09,04,1 I6
03,06,1 04,05,1 04,06,0 04,06,1 04,07,0 04,07,1 p6
05,07,0 05,07,1 05,08,0 06,06,1 06,07,0 06,07,1 X6
07,05,0 07,05,1 07,06,0 07,06,1 07,07,0 07,07,1 i6
08,05,0 08,05,1 08,06,0 08,06,1 08,07,0 09,05,0 P6
10,04,0 10,04,1 10,05,0 10,05,1 11,04,0 11,04,1 V6
09,07,1 10,06,1 10,07,0 11,05,0 11,05,1 11,06,0 j6
08,07,1 09,05,1 09,06,0 09,06,1 09,07,0 10,06,0 H6
02,09,1 03,09,0 03,09,1 03,10,0 04,08,1 04,09,0 h6
02,07,1 03,07,0 03,07,1 03,08,0 03,08,1 04,08,0 s6
00,09,1 01,08,1 01,09,0 02,08,0 02,08,1 02,09,0 G6
01,09,1 01,10,0 01,10,1 02,10,0 02,10,1 02,11,0 S6
00,10,0 00,10,1 00,11,0 00,11,1 01,11,0 01,11,1 C6

    ________
   /       /\
  /   ____/  \
 /   /       /\
/___/   ____/  \
\   \  /\       \
 \   \/  \____   \
  \      /    \  /\
   \____/   ___\/  \________________
    \      /   /       /   /\   \   \
     \____/   /___    /   /  \   \   \
      \      /    \  /   /   /    \   \
       \    /      \/   /   /   ___\   \
       /\  /\      /   /    \  /   /   /
      /  \/  \____/___/______\/   /___/
     /       /   /           /       /
    /_______/   /___________/_______/
   /   /    \      /
  /   /   ___\    /
 /    \   \   \  /
/   ___\   \   \/
\  /    \  /   /
 \/      \/   /
  \      /   /
   \____/___/

solution 9 (52,665 searches):
05,00,1 05,01,0 05,01,1 06,00,0 06,00,1 06,01,0 O6
04,01,1 04,02,0 04,02,1 04,03,0 04,03,1 05,02,0 E6
06,02,1 07,00,0 07,00,1 07,01,0 07,01,1 07,02,0 J6
05,02,1 05,03,0 05,03,1 06,01,1 06,02,0 06,03,0 g6
04,04,0 04,04,1 04,05,0 05,04,0 05,04,1 05,05,0 F6
06,03,1 06,04,0 06,04,1 07,02,1 07,03,0 07,03,1 f6
07,04,0 07,04,1 07,05,0 07,05,1 07,06,0 08,04,0 P6
05,07,0 05,07,1 05,08,0 06,06,1 06,07,0 06,07,1 X6
02,07,1 02,08,0 03,06,1 03,07,0 04,05,1 04,06,0 i6
04,06,1 04,07,0 04,07,1 04,08,0 04,08,1 04,09,0 I6
02,08,1 03,07,1 03,08,0 03,08,1 03,09,0 03,09,1 p6
01,10,1 01,11,1 02,10,0 02,10,1 02,11,0 03,10,0 V6
00,09,1 00,10,0 00,10,1 00,11,0 00,11,1 01,11,0 j6
01,08,1 01,09,0 01,09,1 01,10,0 02,09,0 02,09,1 H6
08,04,1 09,04,0 09,04,1 09,05,0 09,05,1 10,04,0 h6
07,06,1 07,07,0 07,07,1 08,05,0 08,05,1 08,06,0 s6
08,06,1 08,07,0 08,07,1 09,06,0 09,07,0 09,07,1 G6
09,06,1 10,04,1 10,05,0 10,05,1 10,06,0 11,04,0 S6
10,06,1 10,07,0 11,04,1 11,05,0 11,05,1 11,06,0 C6

    ________
   /    \   \
  /   ___\   \
 /   /\       \
/   /  \_______\
\  /       /   /\
 \/   ____/   /  \
  \  /\      /   /\
   \/  \    /   /  \________________
    \   \  /   /       /   /       /\
     \   \/   /___    /   /   ____/  \
      \   \  /    \  /\   \   \   \   \
       \   \/      \/  \   \___\   \   \
       /\  /\      /   /   /   /   /   /
      /  \/  \____/   /___/   /   /   /
     /       /   /    \       \   \  /
    /_______/   /______\_______\___\/
   /   /    \      /
  /   /   ___\    /
 /    \   \   \  /
/   ___\   \   \/
\  /    \  /   /
 \/      \/   /
  \      /   /
   \____/___/

solution 10 (59,375 searches):
05,00,1 05,01,0 05,01,1 06,00,0 06,00,1 06,01,0 O6
04,01,1 04,02,0 04,02,1 04,03,0 04,03,1 05,02,0 E6
06,02,1 07,00,0 07,00,1 07,01,0 07,01,1 07,02,0 J6
05,02,1 05,03,0 05,03,1 06,01,1 06,02,0 06,03,0 g6
04,04,0 04,04,1 04,05,0 05,04,0 05,04,1 05,05,0 F6
06,03,1 06,04,0 06,04,1 07,02,1 07,03,0 07,03,1 f6
07,04,0 07,04,1 07,05,0 07,05,1 08,04,0 08,04,1 V6
02,07,1 02,08,0 03,06,1 03,07,0 04,05,1 04,06,0 i6
00,09,1 00,10,0 00,10,1 00,11,0 01,08,1 01,09,0 C6
00,11,1 01,09,1 01,10,0 01,10,1 01,11,0 02,09,0 S6
01,11,1 02,09,1 02,10,0 02,10,1 02,11,0 03,10,0 H6
02,08,1 03,08,0 03,08,1 03,09,0 03,09,1 04,09,0 s6
03,07,1 04,06,1 04,07,0 04,07,1 04,08,0 05,07,0 X6
04,08,1 05,07,1 05,08,0 06,06,1 06,07,0 07,06,0 I6
06,07,1 07,06,1 07,07,0 08,05,0 08,05,1 08,06,0 j6
07,07,1 08,06,1 08,07,0 08,07,1 09,07,0 09,07,1 P6
09,04,0 09,04,1 09,05,0 09,05,1 09,06,0 10,05,0 p6
10,04,0 10,04,1 10,05,1 11,04,0 11,04,1 11,05,0 G6
09,06,1 10,06,0 10,06,1 10,07,0 11,05,1 11,06,0 h6

    ________
   /\   \   \
  /  \   \   \
 /   /   /    \
/   /   /   ___\
\   \   \  /    \
 \   \___\/   ___\
  \  /\      /\   \
   \/  \____/  \   \________________
    \   \       \   \   \          /\
     \   \    ___\   \   \    ____/  \
      \   \  /    \   \   \  /\       \
       \   \/      \___\   \/  \____   \
       /\  /\      /   /   /    \   \  /
      /  \/  \____/   /___/   ___\   \/
     /       /   /       /   /       /
    /_______/   /_______/___/_______/
   /   /    \      /
  /   /   ___\    /
 /    \   \   \  /
/   ___\   \   \/
\  /    \  /   /
 \/      \/   /
  \      /   /
   \____/___/

User-requested solution limit reached.
10 solutions, 59,375 searches, duration 0:00:01.402737
