solving PentacubesSteppedPyramid1:

solution 1 (20,822 searches):
0,2,0 0,3,0 1,2,0 1,2,1 1,3,1 A5
2,0,0 2,1,0 3,1,0 3,2,0 4,1,0 F5
3,0,0 4,0,0 5,0,0 5,1,0 5,1,1 L45
6,0,0 6,1,0 6,2,0 6,3,0 6,4,0 I5
7,2,0 7,2,1 8,2,0 8,3,0 8,4,0 J45
4,2,1 4,2,2 5,2,1 6,1,1 6,2,1 J15
3,1,1 3,2,1 3,3,1 3,3,2 4,1,1 L15
2,1,1 2,2,0 2,2,1 2,2,2 3,2,2 J25
5,3,1 6,3,1 6,4,1 7,3,0 7,3,1 L25
5,2,2 5,3,2 5,4,2 5,5,2 6,2,2 L5
6,3,2 6,4,2 6,5,1 6,5,2 6,6,1 N5
7,4,0 7,4,1 7,5,0 8,5,0 8,6,0 N15
6,6,0 6,7,0 7,5,1 7,6,0 7,6,1 V25
4,7,0 4,8,0 5,7,0 5,8,0 6,8,0 P5
4,6,1 5,6,0 5,6,1 5,7,1 6,7,1 N25
3,6,2 4,5,2 4,6,2 5,6,2 6,6,2 Y5
4,2,0 4,4,0 5,2,0 5,3,0 5,4,0 U5
4,5,0 4,5,1 4,6,0 5,5,0 6,5,0 L35
4,3,0 4,3,1 4,4,1 5,4,1 5,5,1 S15
2,8,0 3,7,0 3,7,1 3,8,0 4,7,1 V15
1,4,1 2,4,0 2,4,1 2,4,2 3,4,1 X5
1,3,0 2,3,0 2,3,1 2,3,2 3,3,0 T5
0,4,0 1,4,0 1,5,0 1,5,1 2,5,0 S25
0,5,0 0,6,0 1,6,0 2,6,0 2,7,0 Z5
2,5,1 3,4,0 3,5,0 3,5,1 3,6,0 T25
1,6,1 2,6,1 2,6,2 2,7,1 3,6,1 T15
2,5,2 3,4,2 3,5,2 4,3,2 4,4,2 W5
4,4,3 4,4,4 4,5,3 5,4,3 5,5,3 Q5
3,3,3 3,4,3 3,5,3 4,3,3 5,3,3 V5

        V15 V15 P5  P5  P5
        Z5  V15 P5  P5  V25                     T15 V15 V15 N25 N25
Z5  Z5  Z5  T25 L35 N25 V25 V25 N15         T15 T15 T15 N25 N25 N5  V25                 T15 Y5  Y5  Y5  Y5
Z5  S25 S25 T25 L35 L35 L35 N15 N15         S25 T25 T25 L35 S15 N5  V25                 W5  W5  Y5  L5  N5                          V5  Q5  Q5
S25 S25 X5  T25 U5  U5  I5  N15 J45         X5  X5  X5  S15 S15 L25 N15                 X5  W5  W5  L5  N5                          V5  Q5  Q5                                  Q5
A5  T5  T5  T5  S15 U5  I5  L25 J45         A5  T5  L15 S15 L25 L25 L25                 T5  L15 W5  L5  N5                          V5  V5  V5
A5  A5  J25 F5  U5  U5  I5  J45 J45         A5  J25 L15 J15 J15 J15 J45                 J25 J25 J15 L5  L5
        F5  F5  F5  L45 I5                      J25 L15 L15 L45 J15
        F5  L45 L45 L45 I5

solution 2 (20,824 searches):
0,2,0 0,3,0 1,2,0 1,2,1 1,3,1 A5
2,0,0 2,1,0 3,1,0 3,2,0 4,1,0 F5
3,0,0 4,0,0 5,0,0 5,1,0 5,1,1 L45
6,0,0 6,1,0 6,2,0 6,3,0 6,4,0 I5
7,2,0 7,2,1 8,2,0 8,3,0 8,4,0 J45
4,2,1 4,2,2 5,2,1 6,1,1 6,2,1 J15
3,1,1 3,2,1 3,3,1 3,3,2 4,1,1 L15
2,1,1 2,2,0 2,2,1 2,2,2 3,2,2 J25
5,3,1 6,3,1 6,4,1 7,3,0 7,3,1 L25
5,2,2 5,3,2 5,4,2 5,5,2 6,2,2 L5
6,3,2 6,4,2 6,5,1 6,5,2 6,6,1 N5
7,4,0 7,4,1 7,5,0 8,5,0 8,6,0 N15
6,6,0 6,7,0 7,5,1 7,6,0 7,6,1 V25
4,7,0 4,8,0 5,7,0 5,8,0 6,8,0 P5
4,6,1 5,6,0 5,6,1 5,7,1 6,7,1 N25
3,6,2 4,5,2 4,6,2 5,6,2 6,6,2 Y5
4,2,0 4,4,0 5,2,0 5,3,0 5,4,0 U5
4,5,0 4,5,1 4,6,0 5,5,0 6,5,0 L35
4,3,0 4,3,1 4,4,1 5,4,1 5,5,1 S15
2,8,0 3,7,0 3,7,1 3,8,0 4,7,1 V15
1,4,1 2,4,0 2,4,1 2,4,2 3,4,1 X5
1,3,0 2,3,0 2,3,1 2,3,2 3,3,0 T5
0,4,0 1,4,0 1,5,0 1,5,1 2,5,0 S25
0,5,0 0,6,0 1,6,0 2,6,0 2,7,0 Z5
2,5,1 3,4,0 3,5,0 3,5,1 3,6,0 T25
1,6,1 2,6,1 2,6,2 2,7,1 3,6,1 T15
2,5,2 3,4,2 3,5,2 4,3,2 4,4,2 W5
4,3,3 4,4,3 4,4,4 5,3,3 5,4,3 Q5
3,3,3 3,4,3 3,5,3 4,5,3 5,5,3 V5

        V15 V15 P5  P5  P5
        Z5  V15 P5  P5  V25                     T15 V15 V15 N25 N25
Z5  Z5  Z5  T25 L35 N25 V25 V25 N15         T15 T15 T15 N25 N25 N5  V25                 T15 Y5  Y5  Y5  Y5
Z5  S25 S25 T25 L35 L35 L35 N15 N15         S25 T25 T25 L35 S15 N5  V25                 W5  W5  Y5  L5  N5                          V5  V5  V5
S25 S25 X5  T25 U5  U5  I5  N15 J45         X5  X5  X5  S15 S15 L25 N15                 X5  W5  W5  L5  N5                          V5  Q5  Q5                                  Q5
A5  T5  T5  T5  S15 U5  I5  L25 J45         A5  T5  L15 S15 L25 L25 L25                 T5  L15 W5  L5  N5                          V5  Q5  Q5
A5  A5  J25 F5  U5  U5  I5  J45 J45         A5  J25 L15 J15 J15 J15 J45                 J25 J25 J15 L5  L5
        F5  F5  F5  L45 I5                      J25 L15 L15 L45 J15
        F5  L45 L45 L45 I5

solution 3 (20,826 searches):
0,2,0 0,3,0 1,2,0 1,2,1 1,3,1 A5
2,0,0 2,1,0 3,1,0 3,2,0 4,1,0 F5
3,0,0 4,0,0 5,0,0 5,1,0 5,1,1 L45
6,0,0 6,1,0 6,2,0 6,3,0 6,4,0 I5
7,2,0 7,2,1 8,2,0 8,3,0 8,4,0 J45
4,2,1 4,2,2 5,2,1 6,1,1 6,2,1 J15
3,1,1 3,2,1 3,3,1 3,3,2 4,1,1 L15
2,1,1 2,2,0 2,2,1 2,2,2 3,2,2 J25
5,3,1 6,3,1 6,4,1 7,3,0 7,3,1 L25
5,2,2 5,3,2 5,4,2 5,5,2 6,2,2 L5
6,3,2 6,4,2 6,5,1 6,5,2 6,6,1 N5
7,4,0 7,4,1 7,5,0 8,5,0 8,6,0 N15
6,6,0 6,7,0 7,5,1 7,6,0 7,6,1 V25
4,7,0 4,8,0 5,7,0 5,8,0 6,8,0 P5
4,6,1 5,6,0 5,6,1 5,7,1 6,7,1 N25
3,6,2 4,5,2 4,6,2 5,6,2 6,6,2 Y5
4,2,0 4,4,0 5,2,0 5,3,0 5,4,0 U5
4,5,0 4,5,1 4,6,0 5,5,0 6,5,0 L35
4,3,0 4,3,1 4,4,1 5,4,1 5,5,1 S15
2,8,0 3,7,0 3,7,1 3,8,0 4,7,1 V15
1,4,1 2,4,0 2,4,1 2,4,2 3,4,1 X5
1,3,0 2,3,0 2,3,1 2,3,2 3,3,0 T5
0,4,0 1,4,0 1,5,0 1,5,1 2,5,0 S25
0,5,0 0,6,0 1,6,0 2,6,0 2,7,0 Z5
2,5,1 3,4,0 3,5,0 3,5,1 3,6,0 T25
1,6,1 2,6,1 2,6,2 2,7,1 3,6,1 T15
2,5,2 3,4,2 3,5,2 4,3,2 4,4,2 W5
3,4,3 3,5,3 4,4,3 4,4,4 4,5,3 Q5
3,3,3 4,3,3 5,3,3 5,4,3 5,5,3 V5

        V15 V15 P5  P5  P5
        Z5  V15 P5  P5  V25                     T15 V15 V15 N25 N25
Z5  Z5  Z5  T25 L35 N25 V25 V25 N15         T15 T15 T15 N25 N25 N5  V25                 T15 Y5  Y5  Y5  Y5
Z5  S25 S25 T25 L35 L35 L35 N15 N15         S25 T25 T25 L35 S15 N5  V25                 W5  W5  Y5  L5  N5                          Q5  Q5  V5
S25 S25 X5  T25 U5  U5  I5  N15 J45         X5  X5  X5  S15 S15 L25 N15                 X5  W5  W5  L5  N5                          Q5  Q5  V5                                  Q5
A5  T5  T5  T5  S15 U5  I5  L25 J45         A5  T5  L15 S15 L25 L25 L25                 T5  L15 W5  L5  N5                          V5  V5  V5
A5  A5  J25 F5  U5  U5  I5  J45 J45         A5  J25 L15 J15 J15 J15 J45                 J25 J25 J15 L5  L5
        F5  F5  F5  L45 I5                      J25 L15 L15 L45 J15
        F5  L45 L45 L45 I5

solution 4 (20,828 searches):
0,2,0 0,3,0 1,2,0 1,2,1 1,3,1 A5
2,0,0 2,1,0 3,1,0 3,2,0 4,1,0 F5
3,0,0 4,0,0 5,0,0 5,1,0 5,1,1 L45
6,0,0 6,1,0 6,2,0 6,3,0 6,4,0 I5
7,2,0 7,2,1 8,2,0 8,3,0 8,4,0 J45
4,2,1 4,2,2 5,2,1 6,1,1 6,2,1 J15
3,1,1 3,2,1 3,3,1 3,3,2 4,1,1 L15
2,1,1 2,2,0 2,2,1 2,2,2 3,2,2 J25
5,3,1 6,3,1 6,4,1 7,3,0 7,3,1 L25
5,2,2 5,3,2 5,4,2 5,5,2 6,2,2 L5
6,3,2 6,4,2 6,5,1 6,5,2 6,6,1 N5
7,4,0 7,4,1 7,5,0 8,5,0 8,6,0 N15
6,6,0 6,7,0 7,5,1 7,6,0 7,6,1 V25
4,7,0 4,8,0 5,7,0 5,8,0 6,8,0 P5
4,6,1 5,6,0 5,6,1 5,7,1 6,7,1 N25
3,6,2 4,5,2 4,6,2 5,6,2 6,6,2 Y5
4,2,0 4,4,0 5,2,0 5,3,0 5,4,0 U5
4,5,0 4,5,1 4,6,0 5,5,0 6,5,0 L35
4,3,0 4,3,1 4,4,1 5,4,1 5,5,1 S15
2,8,0 3,7,0 3,7,1 3,8,0 4,7,1 V15
1,4,1 2,4,0 2,4,1 2,4,2 3,4,1 X5
1,3,0 2,3,0 2,3,1 2,3,2 3,3,0 T5
0,4,0 1,4,0 1,5,0 1,5,1 2,5,0 S25
0,5,0 0,6,0 1,6,0 2,6,0 2,7,0 Z5
2,5,1 3,4,0 3,5,0 3,5,1 3,6,0 T25
1,6,1 2,6,1 2,6,2 2,7,1 3,6,1 T15
2,5,2 3,4,2 3,5,2 4,3,2 4,4,2 W5
3,3,3 3,4,3 4,3,3 4,4,3 4,4,4 Q5
3,5,3 4,5,3 5,3,3 5,4,3 5,5,3 V5

        V15 V15 P5  P5  P5
        Z5  V15 P5  P5  V25                     T15 V15 V15 N25 N25
Z5  Z5  Z5  T25 L35 N25 V25 V25 N15         T15 T15 T15 N25 N25 N5  V25                 T15 Y5  Y5  Y5  Y5
Z5  S25 S25 T25 L35 L35 L35 N15 N15         S25 T25 T25 L35 S15 N5  V25                 W5  W5  Y5  L5  N5                          V5  V5  V5
S25 S25 X5  T25 U5  U5  I5  N15 J45         X5  X5  X5  S15 S15 L25 N15                 X5  W5  W5  L5  N5                          Q5  Q5  V5                                  Q5
A5  T5  T5  T5  S15 U5  I5  L25 J45         A5  T5  L15 S15 L25 L25 L25                 T5  L15 W5  L5  N5                          Q5  Q5  V5
A5  A5  J25 F5  U5  U5  I5  J45 J45         A5  J25 L15 J15 J15 J15 J45                 J25 J25 J15 L5  L5
        F5  F5  F5  L45 I5                      J25 L15 L15 L45 J15
        F5  L45 L45 L45 I5

solution 5 (31,565 searches):
0,2,0 0,3,0 1,2,0 1,2,1 1,3,1 A5
2,0,0 2,1,0 3,1,0 3,2,0 4,1,0 F5
3,0,0 4,0,0 5,0,0 5,1,0 5,1,1 L45
6,0,0 6,1,0 6,2,0 6,3,0 6,4,0 I5
7,2,0 7,2,1 8,2,0 8,3,0 8,4,0 J45
4,2,1 4,2,2 5,2,1 6,1,1 6,2,1 J15
3,1,1 3,2,1 3,3,1 3,3,2 4,1,1 L15
2,1,1 2,2,0 2,2,1 2,2,2 3,2,2 J25
5,3,1 6,3,1 6,4,1 7,3,0 7,3,1 L25
5,2,2 5,3,2 5,4,2 5,5,2 6,2,2 L5
6,3,2 6,4,2 6,5,1 6,5,2 6,6,1 N5
7,4,0 7,4,1 7,5,0 8,5,0 8,6,0 N15
6,6,0 6,7,0 7,5,1 7,6,0 7,6,1 V25
4,7,0 4,8,0 5,7,0 5,8,0 6,8,0 P5
4,6,1 5,6,0 5,6,1 5,7,1 6,7,1 N25
3,6,2 4,5,2 4,6,2 5,6,2 6,6,2 Y5
3,3,0 3,4,0 4,2,0 4,3,0 5,2,0 W5
5,3,0 5,4,0 5,5,0 5,5,1 6,5,0 L35
2,8,0 3,7,0 3,7,1 3,8,0 4,7,1 V15
0,4,0 1,3,0 1,4,0 1,5,0 2,4,0 X5
0,5,0 0,6,0 1,6,0 2,6,0 2,7,0 Z5
2,3,0 2,3,1 2,3,2 2,4,1 3,4,1 T25
1,4,1 1,5,1 2,5,1 2,5,2 3,5,2 S15
1,6,1 2,6,1 2,6,2 2,7,1 3,6,1 T15
2,5,0 3,5,0 3,5,1 3,6,0 4,6,0 S25
4,4,0 4,4,1 4,5,0 4,5,1 5,4,1 Q5
2,4,2 3,4,2 4,4,2 4,4,3 4,4,4 V5
3,3,3 4,3,1 4,3,2 4,3,3 5,3,3 T5
3,4,3 3,5,3 4,5,3 5,4,3 5,5,3 U5

        V15 V15 P5  P5  P5
        Z5  V15 P5  P5  V25                     T15 V15 V15 N25 N25
Z5  Z5  Z5  S25 S25 N25 V25 V25 N15         T15 T15 T15 N25 N25 N5  V25                 T15 Y5  Y5  Y5  Y5
Z5  X5  S25 S25 Q5  L35 L35 N15 N15         S15 S15 S25 Q5  L35 N5  V25                 S15 S15 Y5  L5  N5                          U5  U5  U5
X5  X5  X5  W5  Q5  L35 I5  N15 J45         S15 T25 T25 Q5  Q5  L25 N15                 V5  V5  V5  L5  N5                          U5  V5  U5                                  V5
A5  X5  T25 W5  W5  L35 I5  L25 J45         A5  T25 L15 T5  L25 L25 L25                 T25 L15 T5  L5  N5                          T5  T5  T5
A5  A5  J25 F5  W5  W5  I5  J45 J45         A5  J25 L15 J15 J15 J15 J45                 J25 J25 J15 L5  L5
        F5  F5  F5  L45 I5                      J25 L15 L15 L45 J15
        F5  L45 L45 L45 I5

solution 6 (36,101 searches):
0,2,0 0,3,0 1,2,0 1,2,1 1,3,1 A5
2,0,0 2,1,0 3,1,0 3,2,0 4,1,0 F5
3,0,0 4,0,0 5,0,0 5,1,0 5,1,1 L45
6,0,0 6,1,0 6,2,0 6,3,0 6,4,0 I5
7,2,0 7,2,1 8,2,0 8,3,0 8,4,0 J45
4,2,1 4,2,2 5,2,1 6,1,1 6,2,1 J15
3,1,1 3,2,1 3,3,1 3,3,2 4,1,1 L15
2,1,1 2,2,0 2,2,1 2,2,2 3,2,2 J25
5,3,1 6,3,1 6,4,1 7,3,0 7,3,1 L25
5,2,2 5,3,2 5,4,2 5,5,2 6,2,2 L5
6,3,2 6,4,2 6,5,1 6,5,2 6,6,1 N5
7,4,0 7,4,1 7,5,0 8,5,0 8,6,0 N15
6,6,0 6,7,0 7,5,1 7,6,0 7,6,1 V25
4,7,0 4,8,0 5,7,0 5,8,0 6,8,0 P5
4,6,1 5,6,0 5,6,1 5,7,1 6,7,1 N25
3,6,2 4,5,2 4,6,2 5,6,2 6,6,2 Y5
3,4,0 4,2,0 4,3,0 4,4,0 5,2,0 Z5
5,3,0 5,4,0 5,5,0 5,5,1 6,5,0 L35
1,3,0 2,3,0 2,3,1 2,3,2 3,3,0 T5
2,8,0 3,7,0 3,7,1 3,8,0 4,7,1 V15
3,4,1 3,5,0 3,5,1 3,5,2 3,6,1 X5
2,5,0 2,6,0 3,6,0 4,5,0 4,6,0 U5
2,5,2 2,6,1 2,6,2 2,7,0 2,7,1 W5
4,3,1 4,4,1 4,4,2 4,5,1 5,4,1 T15
3,5,3 4,5,3 5,3,3 5,4,3 5,5,3 V5
3,3,3 4,3,2 4,3,3 4,4,3 4,4,4 S25
2,4,1 2,4,2 2,5,1 3,4,2 3,4,3 S15
0,4,0 1,4,0 1,4,1 1,5,1 2,4,0 T25
0,5,0 0,6,0 1,5,0 1,6,0 1,6,1 Q5

        V15 V15 P5  P5  P5
        W5  V15 P5  P5  V25                     W5  V15 V15 N25 N25
Q5  Q5  U5  U5  U5  N25 V25 V25 N15         Q5  W5  X5  N25 N25 N5  V25                 W5  Y5  Y5  Y5  Y5
Q5  Q5  U5  X5  U5  L35 L35 N15 N15         T25 S15 X5  T15 L35 N5  V25                 W5  X5  Y5  L5  N5                          V5  V5  V5
T25 T25 T25 Z5  Z5  L35 I5  N15 J45         T25 S15 X5  T15 T15 L25 N15                 S15 S15 T15 L5  N5                          S15 S25 V5                                  S25
A5  T5  T5  T5  Z5  L35 I5  L25 J45         A5  T5  L15 T15 L25 L25 L25                 T5  L15 S25 L5  N5                          S25 S25 V5
A5  A5  J25 F5  Z5  Z5  I5  J45 J45         A5  J25 L15 J15 J15 J15 J45                 J25 J25 J15 L5  L5
        F5  F5  F5  L45 I5                      J25 L15 L15 L45 J15
        F5  L45 L45 L45 I5

solution 7 (36,617 searches):
0,2,0 0,3,0 1,2,0 1,2,1 1,3,1 A5
2,0,0 2,1,0 3,1,0 3,2,0 4,1,0 F5
3,0,0 4,0,0 5,0,0 5,1,0 5,1,1 L45
6,0,0 6,1,0 6,2,0 6,3,0 6,4,0 I5
7,2,0 7,2,1 8,2,0 8,3,0 8,4,0 J45
4,2,1 4,2,2 5,2,1 6,1,1 6,2,1 J15
3,1,1 3,2,1 3,3,1 3,3,2 4,1,1 L15
2,1,1 2,2,0 2,2,1 2,2,2 3,2,2 J25
5,3,1 6,3,1 6,4,1 7,3,0 7,3,1 L25
5,2,2 5,3,2 5,4,2 5,5,2 6,2,2 L5
6,3,2 6,4,2 6,5,1 6,5,2 6,6,1 N5
7,4,0 7,4,1 7,5,0 8,5,0 8,6,0 N15
6,6,0 6,7,0 7,5,1 7,6,0 7,6,1 V25
4,7,0 4,8,0 5,7,0 5,8,0 6,8,0 P5
4,6,1 5,6,0 5,6,1 5,7,1 6,7,1 N25
3,6,2 4,5,2 4,6,2 5,6,2 6,6,2 Y5
3,4,0 4,2,0 4,3,0 4,4,0 5,2,0 Z5
5,3,0 5,4,0 5,5,0 5,5,1 6,5,0 L35
1,3,0 2,3,0 2,3,1 2,3,2 3,3,0 T5
2,8,0 3,7,0 3,7,1 3,8,0 4,7,1 V15
3,4,1 4,3,1 4,4,1 4,5,1 5,4,1 X5
2,5,1 3,5,0 3,5,1 4,5,0 4,6,0 S15
1,6,0 1,6,1 2,6,0 3,6,0 3,6,1 U5
2,5,2 2,6,1 2,6,2 2,7,0 2,7,1 W5
0,4,0 0,5,0 0,6,0 1,5,0 1,5,1 T25
1,4,0 1,4,1 2,4,0 2,4,1 2,5,0 Q5
2,4,2 3,4,2 3,4,3 3,5,2 4,4,2 T15
3,5,3 4,5,3 5,3,3 5,4,3 5,5,3 V5
3,3,3 4,3,2 4,3,3 4,4,3 4,4,4 S25

        V15 V15 P5  P5  P5
        W5  V15 P5  P5  V25                     W5  V15 V15 N25 N25
T25 U5  U5  U5  S15 N25 V25 V25 N15         U5  W5  U5  N25 N25 N5  V25                 W5  Y5  Y5  Y5  Y5
T25 T25 Q5  S15 S15 L35 L35 N15 N15         T25 S15 S15 X5  L35 N5  V25                 W5  T15 Y5  L5  N5                          V5  V5  V5
T25 Q5  Q5  Z5  Z5  L35 I5  N15 J45         Q5  Q5  X5  X5  X5  L25 N15                 T15 T15 T15 L5  N5                          T15 S25 V5                                  S25
A5  T5  T5  T5  Z5  L35 I5  L25 J45         A5  T5  L15 X5  L25 L25 L25                 T5  L15 S25 L5  N5                          S25 S25 V5
A5  A5  J25 F5  Z5  Z5  I5  J45 J45         A5  J25 L15 J15 J15 J15 J45                 J25 J25 J15 L5  L5
        F5  F5  F5  L45 I5                      J25 L15 L15 L45 J15
        F5  L45 L45 L45 I5

solution 8 (36,650 searches):
0,2,0 0,3,0 1,2,0 1,2,1 1,3,1 A5
2,0,0 2,1,0 3,1,0 3,2,0 4,1,0 F5
3,0,0 4,0,0 5,0,0 5,1,0 5,1,1 L45
6,0,0 6,1,0 6,2,0 6,3,0 6,4,0 I5
7,2,0 7,2,1 8,2,0 8,3,0 8,4,0 J45
4,2,1 4,2,2 5,2,1 6,1,1 6,2,1 J15
3,1,1 3,2,1 3,3,1 3,3,2 4,1,1 L15
2,1,1 2,2,0 2,2,1 2,2,2 3,2,2 J25
5,3,1 6,3,1 6,4,1 7,3,0 7,3,1 L25
5,2,2 5,3,2 5,4,2 5,5,2 6,2,2 L5
6,3,2 6,4,2 6,5,1 6,5,2 6,6,1 N5
7,4,0 7,4,1 7,5,0 8,5,0 8,6,0 N15
6,6,0 6,7,0 7,5,1 7,6,0 7,6,1 V25
4,7,0 4,8,0 5,7,0 5,8,0 6,8,0 P5
4,6,1 5,6,0 5,6,1 5,7,1 6,7,1 N25
3,6,2 4,5,2 4,6,2 5,6,2 6,6,2 Y5
3,4,0 4,2,0 4,3,0 4,4,0 5,2,0 Z5
5,3,0 5,4,0 5,5,0 5,5,1 6,5,0 L35
1,3,0 2,3,0 2,3,1 2,3,2 3,3,0 T5
2,8,0 3,7,0 3,7,1 3,8,0 4,7,1 V15
3,4,1 4,3,1 4,4,1 4,5,1 5,4,1 X5
2,5,0 2,6,0 3,5,0 4,5,0 4,6,0 U5
2,5,2 2,6,1 2,6,2 2,7,0 2,7,1 W5
2,4,1 2,5,1 3,5,1 3,6,0 3,6,1 S15
0,5,0 0,6,0 1,5,0 1,6,0 1,6,1 Q5
0,4,0 1,4,0 1,4,1 1,5,1 2,4,0 T25
2,4,2 3,4,2 3,4,3 3,5,2 4,4,2 T15
3,5,3 4,5,3 5,3,3 5,4,3 5,5,3 V5
3,3,3 4,3,2 4,3,3 4,4,3 4,4,4 S25

        V15 V15 P5  P5  P5
        W5  V15 P5  P5  V25                     W5  V15 V15 N25 N25
Q5  Q5  U5  S15 U5  N25 V25 V25 N15         Q5  W5  S15 N25 N25 N5  V25                 W5  Y5  Y5  Y5  Y5
Q5  Q5  U5  U5  U5  L35 L35 N15 N15         T25 S15 S15 X5  L35 N5  V25                 W5  T15 Y5  L5  N5                          V5  V5  V5
T25 T25 T25 Z5  Z5  L35 I5  N15 J45         T25 S15 X5  X5  X5  L25 N15                 T15 T15 T15 L5  N5                          T15 S25 V5                                  S25
A5  T5  T5  T5  Z5  L35 I5  L25 J45         A5  T5  L15 X5  L25 L25 L25                 T5  L15 S25 L5  N5                          S25 S25 V5
A5  A5  J25 F5  Z5  Z5  I5  J45 J45         A5  J25 L15 J15 J15 J15 J45                 J25 J25 J15 L5  L5
        F5  F5  F5  L45 I5                      J25 L15 L15 L45 J15
        F5  L45 L45 L45 I5

solution 9 (239,920 searches):
0,2,0 0,3,0 1,2,0 1,2,1 1,3,1 A5
2,0,0 2,1,0 3,1,0 3,2,0 4,1,0 F5
3,0,0 4,0,0 5,0,0 5,1,0 5,1,1 L45
6,0,0 6,1,0 6,2,0 6,3,0 6,4,0 I5
7,2,0 7,2,1 8,2,0 8,3,0 8,4,0 J45
4,2,1 4,2,2 5,2,1 6,1,1 6,2,1 J15
3,1,1 3,2,1 3,3,1 3,3,2 4,1,1 L15
2,1,1 2,2,0 2,2,1 2,2,2 3,2,2 J25
5,3,1 6,3,1 6,4,1 7,3,0 7,3,1 L25
5,2,2 5,3,2 5,4,2 5,5,2 6,2,2 L5
6,3,2 6,4,2 6,5,1 6,5,2 6,6,1 N5
7,4,0 7,4,1 7,5,0 8,5,0 8,6,0 N15
6,6,0 6,7,0 7,5,1 7,6,0 7,6,1 V25
4,7,0 4,8,0 5,7,0 5,8,0 6,8,0 P5
4,7,1 5,6,0 5,6,1 5,7,1 6,7,1 T25
3,6,2 4,6,1 4,6,2 5,6,2 6,6,2 Y5
4,2,0 4,3,0 4,3,1 4,4,1 5,2,0 S15
4,5,0 5,3,0 5,4,0 5,5,0 6,5,0 T5
3,4,1 3,5,1 4,5,1 5,4,1 5,5,1 U5
2,4,0 3,3,0 3,4,0 3,5,0 4,4,0 X5
0,4,0 0,5,0 1,3,0 1,4,0 2,3,0 W5
0,6,0 1,5,0 1,6,0 1,6,1 2,6,0 T15
3,6,0 3,6,1 3,7,0 3,8,0 4,6,0 L35
2,6,1 2,7,0 2,7,1 2,8,0 3,7,1 N25
1,4,1 1,5,1 2,4,1 2,5,0 2,5,1 Q5
2,3,1 2,3,2 2,4,2 3,4,2 3,4,3 V15
2,5,2 2,6,2 3,5,2 4,4,2 4,5,2 Z5
3,5,3 4,5,3 5,3,3 5,4,3 5,5,3 V5
3,3,3 4,3,2 4,3,3 4,4,3 4,4,4 S25

        N25 L35 P5  P5  P5
        N25 L35 P5  P5  V25                     N25 N25 T25 T25 T25
T15 T15 T15 L35 L35 T25 V25 V25 N15         T15 N25 L35 Y5  T25 N5  V25                 Z5  Y5  Y5  Y5  Y5
W5  T15 Q5  X5  T5  T5  T5  N15 N15         Q5  Q5  U5  U5  U5  N5  V25                 Z5  Z5  Z5  L5  N5                          V5  V5  V5
W5  W5  X5  X5  X5  T5  I5  N15 J45         Q5  Q5  U5  S15 U5  L25 N15                 V15 V15 Z5  L5  N5                          V15 S25 V5                                  S25
A5  W5  W5  X5  S15 T5  I5  L25 J45         A5  V15 L15 S15 L25 L25 L25                 V15 L15 S25 L5  N5                          S25 S25 V5
A5  A5  J25 F5  S15 S15 I5  J45 J45         A5  J25 L15 J15 J15 J15 J45                 J25 J25 J15 L5  L5
        F5  F5  F5  L45 I5                      J25 L15 L15 L45 J15
        F5  L45 L45 L45 I5

solution 10 (377,288 searches):
0,2,0 0,3,0 1,2,0 1,2,1 1,3,1 A5
2,0,0 2,1,0 3,1,0 3,2,0 4,1,0 F5
3,0,0 4,0,0 5,0,0 5,1,0 5,1,1 L45
6,0,0 6,1,0 6,2,0 6,3,0 6,4,0 I5
7,2,0 7,2,1 8,2,0 8,3,0 8,4,0 J45
4,2,1 4,2,2 5,2,1 6,1,1 6,2,1 J15
3,1,1 3,2,1 3,3,1 3,3,2 4,1,1 L15
2,1,1 2,2,0 2,2,1 2,2,2 3,2,2 J25
5,3,1 6,3,1 6,4,1 7,3,0 7,3,1 L25
5,2,2 5,3,2 5,4,2 5,5,2 6,2,2 L5
6,3,2 6,4,2 6,5,1 6,5,2 6,6,1 N5
7,4,0 7,4,1 7,5,0 8,5,0 8,6,0 N15
6,6,0 6,7,0 7,5,1 7,6,0 7,6,1 V25
4,7,0 4,8,0 5,7,0 5,8,0 6,8,0 P5
4,7,1 5,5,1 5,6,1 5,7,1 6,7,1 T5
4,5,2 4,6,1 4,6,2 5,6,2 6,6,2 L35
5,3,0 5,4,0 5,5,0 5,6,0 6,5,0 Y5
3,3,0 3,4,0 4,2,0 4,3,0 5,2,0 W5
2,8,0 3,6,1 3,7,0 3,7,1 3,8,0 S15
3,5,0 3,6,0 4,5,0 4,5,1 4,6,0 Q5
4,3,1 4,3,2 4,4,0 4,4,1 5,4,1 S25
3,4,2 3,5,1 3,5,2 3,5,3 3,6,2 X5
3,3,3 3,4,3 4,4,2 4,4,3 4,4,4 T25
4,3,3 4,5,3 5,3,3 5,4,3 5,5,3 U5
2,3,0 2,3,1 2,3,2 2,4,2 2,5,2 V5
1,5,0 2,4,0 2,4,1 2,5,0 3,4,1 V15
0,5,0 0,6,0 1,6,0 2,6,0 2,7,0 Z5
1,6,1 2,5,1 2,6,1 2,6,2 2,7,1 T15
0,4,0 1,3,0 1,4,0 1,4,1 1,5,1 N25

        S15 S15 P5  P5  P5
        Z5  S15 P5  P5  V25                     T15 S15 T5  T5  T5
Z5  Z5  Z5  Q5  Q5  Y5  V25 V25 N15         T15 T15 S15 L35 T5  N5  V25                 T15 X5  L35 L35 L35
Z5  V15 V15 Q5  Q5  Y5  Y5  N15 N15         N25 T15 X5  Q5  T5  N5  V25                 V5  X5  L35 L5  N5                          X5  U5  U5
N25 N25 V15 W5  S25 Y5  I5  N15 J45         N25 V15 V15 S25 S25 L25 N15                 V5  X5  T25 L5  N5                          T25 T25 U5                                  T25
A5  N25 V5  W5  W5  Y5  I5  L25 J45         A5  V5  L15 S25 L25 L25 L25                 V5  L15 S25 L5  N5                          T25 U5  U5
A5  A5  J25 F5  W5  W5  I5  J45 J45         A5  J25 L15 J15 J15 J15 J45                 J25 J25 J15 L5  L5
        F5  F5  F5  L45 I5                      J25 L15 L15 L45 J15
        F5  L45 L45 L45 I5

User-requested solution limit reached.
10 solutions, 377,288 searches, duration 0:00:13.158559
