solving Pentacubes3x9x9OpenBox:

solution 1:
0,0,0 0,0,1 0,0,2 0,1,1 1,0,1 T1
1,0,2 2,0,0 2,0,1 2,0,2 3,0,1 F
3,0,2 4,0,2 5,0,2 6,0,2 7,0,2 I
0,1,2 0,2,2 0,3,2 0,4,1 0,4,2 L
1,0,0 1,1,0 2,1,0 2,2,0 2,3,0 N
0,1,0 0,2,0 0,2,1 1,2,0 1,3,0 N2
0,3,0 0,3,1 0,4,0 0,5,0 1,5,0 J1
1,4,0 2,4,0 2,5,0 3,4,0 3,5,0 P
0,5,1 0,5,2 0,6,0 0,6,1 1,6,0 S1
0,6,2 0,7,1 0,7,2 0,8,2 1,8,2 L2
4,1,0 5,0,0 5,0,1 5,1,0 6,0,1 V1
3,0,0 3,1,0 3,2,0 4,0,0 4,0,1 L4
3,3,0 4,2,0 4,3,0 4,4,0 5,3,0 X
4,7,0 5,7,0 5,8,0 5,8,1 6,8,1 V2
4,8,0 4,8,1 4,8,2 5,8,2 6,8,2 V
2,8,2 3,7,0 3,8,0 3,8,1 3,8,2 L1
3,6,0 4,5,0 4,6,0 5,4,0 5,5,0 W
1,8,1 2,6,0 2,7,0 2,8,0 2,8,1 J4
0,7,0 0,8,0 0,8,1 1,7,0 1,8,0 Q
5,2,0 6,2,0 6,3,0 6,4,0 7,2,0 T
5,6,0 6,5,0 6,6,0 6,7,0 6,8,0 Y
6,0,0 6,1,0 7,0,0 7,0,1 8,0,0 J2
7,1,0 8,0,1 8,0,2 8,1,0 8,1,1 N1
8,1,2 8,2,0 8,2,1 8,2,2 8,3,0 Z
7,3,0 7,4,0 7,5,0 8,4,0 8,4,1 T2
8,3,1 8,3,2 8,4,2 8,5,1 8,5,2 U
7,6,0 7,7,0 8,5,0 8,6,0 8,6,1 S2
7,8,2 8,6,2 8,7,2 8,8,1 8,8,2 L3
7,8,0 7,8,1 8,7,0 8,7,1 8,8,0 A

Q  Q  J4 L1 V  V2 Y  A  A      Q  J4 J4 L1 V  V2 V2 A  L3     L2 L2 L1 L1 V  V  V  L3 L3
Q  Q  J4 L1 V2 V2 Y  S2 A      L2                      A      L2                      L3
S1 S1 J4 W  W  Y  Y  S2 S2     S1                      S2     L2                      L3
J1 J1 P  P  W  W  Y  T2 S2     S1                      U      S1                      U
J1 P  P  P  X  W  T  T2 T2     L                       T2     L                       U
J1 N2 N  X  X  X  T  T2 Z      J1                      U      L                       U
N2 N2 N  L4 X  T  T  T  Z      N2                      Z      L                       Z
N2 N  N  L4 V1 V1 J2 N1 N1     T1                      N1     L                       Z
T1 N  F  L4 L4 V1 J2 J2 J2     T1 T1 F  F  L4 V1 V1 J2 N1     T1 F  F  I  I  I  I  I  N1

solution 2:
0,0,0 0,0,1 0,0,2 0,1,1 1,0,1 T1
1,0,2 2,0,0 2,0,1 2,0,2 3,0,1 F
3,0,2 4,0,2 5,0,2 6,0,2 7,0,2 I
0,1,2 0,2,2 0,3,2 0,4,1 0,4,2 L
1,0,0 1,1,0 2,1,0 2,2,0 2,3,0 N
0,1,0 0,2,0 0,2,1 1,2,0 1,3,0 N2
0,3,0 0,3,1 0,4,0 0,5,0 1,5,0 J1
1,4,0 2,4,0 2,5,0 3,4,0 3,5,0 P
0,5,1 0,5,2 0,6,0 0,6,1 1,6,0 S1
0,6,2 0,7,1 0,7,2 0,8,2 1,8,2 L2
4,1,0 5,0,0 5,0,1 5,1,0 6,0,1 V1
3,0,0 3,1,0 3,2,0 4,0,0 4,0,1 L4
3,3,0 4,2,0 4,3,0 4,4,0 5,3,0 X
4,7,0 5,7,0 5,8,0 5,8,1 6,8,1 V2
4,8,0 4,8,1 4,8,2 5,8,2 6,8,2 V
2,8,2 3,7,0 3,8,0 3,8,1 3,8,2 L1
3,6,0 4,5,0 4,6,0 5,4,0 5,5,0 W
1,8,0 2,6,0 2,7,0 2,8,0 2,8,1 L3
0,7,0 0,8,0 0,8,1 1,7,0 1,8,1 A
5,2,0 6,2,0 6,3,0 6,4,0 7,2,0 T
5,6,0 6,5,0 6,6,0 6,7,0 6,8,0 Y
6,0,0 6,1,0 7,0,0 7,0,1 8,0,0 J2
7,1,0 8,0,1 8,0,2 8,1,0 8,1,1 N1
8,1,2 8,2,0 8,2,1 8,2,2 8,3,0 Z
8,3,1 8,3,2 8,4,2 8,5,1 8,5,2 U
7,3,0 7,4,0 7,5,0 8,4,0 8,4,1 T2
7,6,0 7,7,0 8,5,0 8,6,0 8,6,1 S2
7,8,1 7,8,2 8,6,2 8,7,2 8,8,2 J4
7,8,0 8,7,0 8,7,1 8,8,0 8,8,1 Q

A  L3 L3 L1 V  V2 Y  Q  Q      A  A  L3 L1 V  V2 V2 J4 Q      L2 L2 L1 L1 V  V  V  J4 J4
A  A  L3 L1 V2 V2 Y  S2 Q      L2                      Q      L2                      J4
S1 S1 L3 W  W  Y  Y  S2 S2     S1                      S2     L2                      J4
J1 J1 P  P  W  W  Y  T2 S2     S1                      U      S1                      U
J1 P  P  P  X  W  T  T2 T2     L                       T2     L                       U
J1 N2 N  X  X  X  T  T2 Z      J1                      U      L                       U
N2 N2 N  L4 X  T  T  T  Z      N2                      Z      L                       Z
N2 N  N  L4 V1 V1 J2 N1 N1     T1                      N1     L                       Z
T1 N  F  L4 L4 V1 J2 J2 J2     T1 T1 F  F  L4 V1 V1 J2 N1     T1 F  F  I  I  I  I  I  N1

solution 3:
0,0,0 0,0,1 0,0,2 0,1,1 1,0,1 T1
1,0,2 2,0,0 2,0,1 2,0,2 3,0,1 F
3,0,2 4,0,2 5,0,2 6,0,2 7,0,2 I
0,1,2 0,2,2 0,3,2 0,4,1 0,4,2 L
1,0,0 1,1,0 2,1,0 2,2,0 2,3,0 N
0,1,0 0,2,0 0,2,1 1,2,0 1,3,0 N2
0,3,0 0,3,1 0,4,0 0,5,0 1,5,0 J1
1,4,0 2,4,0 2,5,0 3,4,0 3,5,0 P
0,5,1 0,5,2 0,6,0 0,6,1 1,6,0 S1
0,6,2 0,7,1 0,7,2 0,8,2 1,8,2 L2
3,8,1 4,7,0 4,8,0 4,8,1 5,7,0 V1
3,8,2 4,8,2 5,8,0 5,8,1 5,8,2 V
1,8,0 2,7,0 2,8,0 2,8,1 2,8,2 L3
0,7,0 0,8,0 0,8,1 1,7,0 1,8,1 A
2,6,0 3,6,0 3,7,0 3,8,0 4,6,0 T
5,0,1 6,0,0 6,0,1 6,1,0 7,1,0 V2
3,0,0 3,1,0 4,0,0 4,0,1 5,0,0 J2
7,0,0 8,0,0 8,1,0 8,1,1 8,2,1 N1
7,0,1 8,0,1 8,0,2 8,1,2 8,2,2 J4
6,8,1 6,8,2 7,8,2 8,7,2 8,8,2 L1
7,3,0 7,4,0 7,5,0 8,4,0 8,4,1 T2
6,2,0 7,2,0 8,2,0 8,3,0 8,3,1 L4
8,3,2 8,4,2 8,5,1 8,5,2 8,6,2 Y
7,6,0 7,7,0 8,5,0 8,6,0 8,6,1 S2
5,6,0 6,6,0 6,7,0 6,8,0 7,8,0 Z
7,8,1 8,7,0 8,7,1 8,8,0 8,8,1 Q
4,3,0 5,2,0 5,3,0 5,4,0 6,3,0 X
4,4,0 4,5,0 5,5,0 6,4,0 6,5,0 U
3,2,0 3,3,0 4,1,0 4,2,0 5,1,0 W

A  L3 L3 T  V1 V  Z  Z  Q      A  A  L3 V1 V1 V  L1 Q  Q      L2 L2 L3 V  V  V  L1 L1 L1
A  A  L3 T  V1 V1 Z  S2 Q      L2                      Q      L2                      L1
S1 S1 T  T  T  Z  Z  S2 S2     S1                      S2     L2                      Y
J1 J1 P  P  U  U  U  T2 S2     S1                      Y      S1                      Y
J1 P  P  P  U  X  U  T2 T2     L                       T2     L                       Y
J1 N2 N  W  X  X  X  T2 L4     J1                      L4     L                       Y
N2 N2 N  W  W  X  L4 L4 L4     N2                      N1     L                       J4
N2 N  N  J2 W  W  V2 V2 N1     T1                      N1     L                       J4
T1 N  F  J2 J2 J2 V2 N1 N1     T1 T1 F  F  J2 V2 V2 J4 J4     T1 F  F  I  I  I  I  I  J4

solution 4:
0,0,0 0,0,1 0,0,2 0,1,1 1,0,1 T1
1,0,2 2,0,0 2,0,1 2,0,2 3,0,1 F
3,0,2 4,0,2 5,0,2 6,0,2 7,0,2 I
0,1,2 0,2,2 0,3,2 0,4,1 0,4,2 L
1,0,0 1,1,0 2,1,0 2,2,0 2,3,0 N
0,1,0 0,2,0 0,2,1 1,2,0 1,3,0 N2
0,3,0 0,3,1 0,4,0 0,5,0 1,5,0 J1
1,4,0 2,4,0 2,5,0 3,4,0 3,5,0 P
0,5,1 0,5,2 0,6,0 0,6,1 1,6,0 S1
0,6,2 0,7,2 0,8,1 0,8,2 1,8,2 L3
0,7,0 0,7,1 0,8,0 1,8,0 1,8,1 A
1,7,0 2,6,0 2,7,0 2,8,0 2,8,1 J2
2,8,2 3,8,0 3,8,1 3,8,2 4,8,2 T
4,1,0 5,0,0 5,0,1 5,1,0 6,0,1 V1
3,0,0 3,1,0 3,2,0 4,0,0 4,0,1 L4
3,3,0 4,2,0 4,3,0 4,4,0 5,3,0 X
3,7,0 4,7,0 4,8,0 4,8,1 5,8,1 V2
3,6,0 4,6,0 5,6,0 5,7,0 6,6,0 Y
4,5,0 5,4,0 5,5,0 6,3,0 6,4,0 W
5,2,0 6,0,0 6,1,0 6,2,0 7,0,0 Z
5,8,0 5,8,2 6,8,0 6,8,1 6,8,2 U
6,5,0 7,4,0 7,5,0 8,4,0 8,4,1 N1
8,3,2 8,4,2 8,5,0 8,5,1 8,5,2 V
7,0,1 8,0,1 8,0,2 8,1,2 8,2,2 J4
7,1,0 7,2,0 8,0,0 8,1,0 8,1,1 S2
7,3,0 8,2,0 8,2,1 8,3,0 8,3,1 Q
6,7,0 7,7,0 7,8,0 7,8,1 8,7,0 T2
7,6,0 8,6,0 8,6,1 8,6,2 8,7,2 L1
7,8,2 8,7,1 8,8,0 8,8,1 8,8,2 L2

A  A  J2 T  V2 U  U  T2 L2     L3 A  J2 T  V2 V2 U  T2 L2     L3 L3 T  T  T  U  U  L2 L2
A  J2 J2 V2 V2 Y  T2 T2 T2     A                       L2     L3                      L1
S1 S1 J2 Y  Y  Y  Y  L1 L1     S1                      L1     L3                      L1
J1 J1 P  P  W  W  N1 N1 V      S1                      V      S1                      V
J1 P  P  P  X  W  W  N1 N1     L                       N1     L                       V
J1 N2 N  X  X  X  W  Q  Q      J1                      Q      L                       V
N2 N2 N  L4 X  Z  Z  S2 Q      N2                      Q      L                       J4
N2 N  N  L4 V1 V1 Z  S2 S2     T1                      S2     L                       J4
T1 N  F  L4 L4 V1 Z  Z  S2     T1 T1 F  F  L4 V1 V1 J4 J4     T1 F  F  I  I  I  I  I  J4

solution 5:
0,0,0 0,0,1 0,0,2 0,1,1 1,0,1 T1
1,0,2 2,0,0 2,0,1 2,0,2 3,0,1 F
3,0,2 4,0,2 5,0,2 6,0,2 7,0,2 I
0,1,2 0,2,2 0,3,2 0,4,1 0,4,2 L
1,0,0 1,1,0 2,1,0 2,2,0 2,3,0 N
0,1,0 0,2,0 0,2,1 1,2,0 1,3,0 N2
0,3,0 0,3,1 0,4,0 0,5,0 1,5,0 J1
1,4,0 2,4,0 2,5,0 2,6,0 3,4,0 T
0,5,1 0,5,2 0,6,0 0,6,1 1,6,0 S1
0,6,2 0,7,2 0,8,1 0,8,2 1,8,2 L3
0,7,0 0,7,1 0,8,0 1,8,0 1,8,1 A
1,7,0 2,7,0 2,8,0 2,8,1 2,8,2 L4
7,5,0 7,6,0 8,6,0 8,6,1 8,7,1 V1
3,7,0 4,7,0 4,8,0 4,8,1 5,8,1 V2
3,8,0 3,8,1 3,8,2 4,8,2 5,8,2 V
8,4,0 8,5,0 8,5,1 8,5,2 8,6,2 Z
6,8,2 7,8,1 7,8,2 8,7,2 8,8,2 L2
7,7,0 7,8,0 8,7,0 8,8,0 8,8,1 Q
5,6,0 5,7,0 5,8,0 6,8,0 6,8,1 J4
5,5,0 6,4,0 6,5,0 6,6,0 6,7,0 Y
3,5,0 3,6,0 4,4,0 4,5,0 4,6,0 P
4,3,0 5,2,0 5,3,0 5,4,0 6,3,0 X
3,2,0 3,3,0 4,1,0 4,2,0 5,1,0 W
3,0,0 3,1,0 4,0,0 4,0,1 5,0,0 J2
7,3,0 7,4,0 8,2,0 8,3,0 8,3,1 S2
5,0,1 6,0,0 6,0,1 6,1,0 7,0,1 T2
6,2,0 7,1,0 7,2,0 8,1,0 8,1,1 N1
7,0,0 8,0,0 8,0,1 8,0,2 8,1,2 L1
8,2,1 8,2,2 8,3,2 8,4,1 8,4,2 U

A  A  L4 V  V2 J4 J4 Q  Q      L3 A  L4 V  V2 V2 J4 L2 Q      L3 L3 L4 V  V  V  L2 L2 L2
A  L4 L4 V2 V2 J4 Y  Q  Q      A                       V1     L3                      L2
S1 S1 T  P  P  J4 Y  V1 V1     S1                      V1     L3                      Z
J1 J1 T  P  P  Y  Y  V1 Z      S1                      Z      S1                      Z
J1 T  T  T  P  X  Y  S2 Z      L                       U      L                       U
J1 N2 N  W  X  X  X  S2 S2     J1                      S2     L                       U
N2 N2 N  W  W  X  N1 N1 S2     N2                      U      L                       U
N2 N  N  J2 W  W  T2 N1 N1     T1                      N1     L                       L1
T1 N  F  J2 J2 J2 T2 L1 L1     T1 T1 F  F  J2 T2 T2 T2 L1     T1 F  F  I  I  I  I  I  L1

solution 6:
0,0,0 0,0,1 0,0,2 0,1,1 1,0,1 T1
1,0,2 2,0,0 2,0,1 2,0,2 3,0,1 F
3,0,2 4,0,2 5,0,2 6,0,2 7,0,2 I
0,1,2 0,2,2 0,3,2 0,4,1 0,4,2 L
1,0,0 1,1,0 2,1,0 2,2,0 2,3,0 N
0,1,0 0,2,0 0,2,1 1,2,0 1,3,0 N2
0,3,0 0,3,1 0,4,0 0,5,0 1,5,0 J1
1,4,0 2,4,0 3,3,0 3,4,0 3,5,0 T
0,5,1 0,5,2 0,6,0 0,6,1 1,6,0 S1
2,5,0 2,6,0 3,6,0 4,6,0 4,7,0 Z
0,6,2 0,7,1 0,7,2 0,8,2 1,8,2 L2
4,1,0 5,0,0 5,0,1 5,1,0 6,0,1 V1
3,0,0 3,1,0 3,2,0 4,0,0 4,0,1 L4
1,7,0 2,7,0 2,8,0 2,8,1 3,8,1 V2
0,7,0 0,8,0 0,8,1 1,8,0 1,8,1 Q
2,8,2 3,8,2 4,8,1 4,8,2 5,8,2 Y
3,7,0 3,8,0 4,8,0 5,8,0 5,8,1 L1
4,2,0 4,3,0 5,2,0 5,3,0 6,2,0 P
4,4,0 4,5,0 5,5,0 5,6,0 6,6,0 W
5,4,0 6,3,0 6,4,0 6,5,0 7,4,0 X
5,7,0 6,7,0 6,8,0 6,8,1 7,7,0 T2
6,8,2 7,8,2 8,7,2 8,8,1 8,8,2 L3
7,8,0 7,8,1 8,7,0 8,7,1 8,8,0 A
7,5,0 7,6,0 8,6,0 8,6,1 8,6,2 J4
8,3,1 8,3,2 8,4,2 8,5,1 8,5,2 U
7,3,0 8,3,0 8,4,0 8,4,1 8,5,0 J2
7,1,0 7,2,0 8,0,0 8,1,0 8,1,1 S2
6,0,0 6,1,0 7,0,0 7,0,1 8,0,1 N1
8,0,2 8,1,2 8,2,0 8,2,1 8,2,2 V

Q  Q  V2 L1 L1 L1 T2 A  A      Q  Q  V2 V2 Y  L1 T2 A  L3     L2 L2 Y  Y  Y  Y  L3 L3 L3
Q  V2 V2 L1 Z  T2 T2 T2 A      L2                      A      L2                      L3
S1 S1 Z  Z  Z  W  W  J4 J4     S1                      J4     L2                      J4
J1 J1 Z  T  W  W  X  J4 J2     S1                      U      S1                      U
J1 T  T  T  W  X  X  X  J2     L                       J2     L                       U
J1 N2 N  T  P  P  X  J2 J2     J1                      U      L                       U
N2 N2 N  L4 P  P  P  S2 V      N2                      V      L                       V
N2 N  N  L4 V1 V1 N1 S2 S2     T1                      S2     L                       V
T1 N  F  L4 L4 V1 N1 N1 S2     T1 T1 F  F  L4 V1 V1 N1 N1     T1 F  F  I  I  I  I  I  V

solution 7:
0,0,0 0,0,1 0,0,2 0,1,1 1,0,1 T1
1,0,2 2,0,0 2,0,1 2,0,2 3,0,1 F
3,0,2 4,0,2 5,0,2 6,0,2 7,0,2 I
0,1,2 0,2,2 0,3,2 0,4,1 0,4,2 L
1,0,0 1,1,0 2,1,0 2,2,0 2,3,0 N
0,1,0 0,2,0 0,2,1 1,2,0 1,3,0 N2
0,3,0 0,3,1 0,4,0 0,5,0 1,5,0 J1
1,4,0 2,4,0 3,3,0 3,4,0 3,5,0 T
0,5,1 0,5,2 0,6,0 0,6,1 1,6,0 S1
2,5,0 2,6,0 3,6,0 4,6,0 4,7,0 Z
0,6,2 0,7,2 0,8,1 0,8,2 1,8,2 L3
0,7,0 0,7,1 0,8,0 1,8,0 1,8,1 A
1,7,0 2,7,0 2,8,0 2,8,1 3,8,1 V2
2,8,2 3,8,2 4,8,1 4,8,2 5,8,2 Y
3,7,0 3,8,0 4,8,0 5,8,0 5,8,1 L1
4,1,0 5,0,0 5,0,1 5,1,0 6,0,1 V1
3,0,0 3,1,0 3,2,0 4,0,0 4,0,1 L4
4,2,0 4,3,0 5,2,0 5,3,0 6,2,0 P
4,4,0 4,5,0 5,5,0 5,6,0 6,6,0 W
5,4,0 6,3,0 6,4,0 6,5,0 7,4,0 X
5,7,0 6,7,0 6,8,0 6,8,1 7,7,0 T2
6,8,2 7,8,1 7,8,2 8,7,2 8,8,2 L2
7,8,0 8,7,0 8,7,1 8,8,0 8,8,1 Q
7,5,0 7,6,0 8,6,0 8,6,1 8,6,2 J4
8,3,1 8,3,2 8,4,2 8,5,1 8,5,2 U
7,3,0 8,3,0 8,4,0 8,4,1 8,5,0 J2
7,1,0 7,2,0 8,0,0 8,1,0 8,1,1 S2
6,0,0 6,1,0 7,0,0 7,0,1 8,0,1 N1
8,0,2 8,1,2 8,2,0 8,2,1 8,2,2 V

A  A  V2 L1 L1 L1 T2 Q  Q      L3 A  V2 V2 Y  L1 T2 L2 Q      L3 L3 Y  Y  Y  Y  L2 L2 L2
A  V2 V2 L1 Z  T2 T2 T2 Q      A                       Q      L3                      L2
S1 S1 Z  Z  Z  W  W  J4 J4     S1                      J4     L3                      J4
J1 J1 Z  T  W  W  X  J4 J2     S1                      U      S1                      U
J1 T  T  T  W  X  X  X  J2     L                       J2     L                       U
J1 N2 N  T  P  P  X  J2 J2     J1                      U      L                       U
N2 N2 N  L4 P  P  P  S2 V      N2                      V      L                       V
N2 N  N  L4 V1 V1 N1 S2 S2     T1                      S2     L                       V
T1 N  F  L4 L4 V1 N1 N1 S2     T1 T1 F  F  L4 V1 V1 N1 N1     T1 F  F  I  I  I  I  I  V

solution 8:
0,0,0 0,0,1 0,0,2 0,1,1 1,0,1 T1
1,0,2 2,0,0 2,0,1 2,0,2 3,0,1 F
3,0,2 4,0,2 5,0,2 6,0,2 7,0,2 I
0,1,2 0,2,2 0,3,2 0,4,1 0,4,2 L
1,0,0 1,1,0 2,1,0 2,2,0 2,3,0 N
0,1,0 0,2,0 0,2,1 1,2,0 1,3,0 N2
0,3,0 0,3,1 0,4,0 0,5,0 1,5,0 J1
1,4,0 2,4,0 2,5,0 3,5,0 3,6,0 W
0,5,1 0,5,2 0,6,0 0,6,1 0,6,2 P
1,8,1 2,7,0 2,8,0 2,8,1 3,7,0 V1
0,7,0 0,7,1 1,6,0 1,7,0 2,6,0 N1
0,7,2 0,8,0 0,8,1 0,8,2 1,8,0 L1
1,8,2 2,8,2 3,8,0 3,8,1 3,8,2 V
7,4,0 7,5,0 8,3,1 8,4,0 8,4,1 V2
8,3,2 8,4,2 8,5,1 8,5,2 8,6,2 Y
7,6,0 7,7,0 8,5,0 8,6,0 8,6,1 S2
3,2,0 3,3,0 3,4,0 4,3,0 5,3,0 T
4,4,0 4,5,0 5,4,0 6,4,0 6,5,0 U
4,6,0 5,5,0 5,6,0 5,7,0 6,6,0 X
4,7,0 4,8,0 4,8,1 4,8,2 5,8,0 L3
5,8,1 5,8,2 6,7,0 6,8,0 6,8,1 S1
6,8,2 7,8,2 8,7,1 8,7,2 8,8,2 L4
7,8,0 7,8,1 8,7,0 8,8,0 8,8,1 Q
3,0,0 3,1,0 4,0,0 4,0,1 5,0,0 J2
4,1,0 4,2,0 5,2,0 6,2,0 6,3,0 Z
5,0,1 5,1,0 6,0,0 6,0,1 6,1,0 A
7,3,0 8,2,0 8,2,1 8,2,2 8,3,0 J4
7,0,0 7,1,0 7,2,0 8,1,0 8,1,1 T2
7,0,1 8,0,0 8,0,1 8,0,2 8,1,2 L2

L1 L1 V1 V  L3 L3 S1 Q  Q      L1 V1 V1 V  L3 S1 S1 Q  Q      L1 V  V  V  L3 S1 L4 L4 L4
N1 N1 V1 V1 L3 X  S1 S2 Q      N1                      L4     L1                      L4
P  N1 N1 W  X  X  X  S2 S2     P                       S2     P                       Y
J1 J1 W  W  U  X  U  V2 S2     P                       Y      P                       Y
J1 W  W  T  U  U  U  V2 V2     L                       V2     L                       Y
J1 N2 N  T  T  T  Z  J4 J4     J1                      V2     L                       Y
N2 N2 N  T  Z  Z  Z  T2 J4     N2                      J4     L                       J4
N2 N  N  J2 Z  A  A  T2 T2     T1                      T2     L                       L2
T1 N  F  J2 J2 J2 A  T2 L2     T1 T1 F  F  J2 A  A  L2 L2     T1 F  F  I  I  I  I  I  L2

solution 9:
0,0,0 0,0,1 0,0,2 0,1,1 1,0,1 T1
1,0,2 2,0,0 2,0,1 2,0,2 3,0,1 F
3,0,2 4,0,2 5,0,2 6,0,2 7,0,2 I
0,1,2 0,2,2 0,3,2 0,4,1 0,4,2 L
1,0,0 1,1,0 2,1,0 2,2,0 2,3,0 N
0,1,0 0,2,0 0,2,1 1,2,0 1,3,0 N2
0,3,0 0,3,1 0,4,0 0,5,0 1,5,0 J1
1,4,0 2,4,0 2,5,0 3,5,0 3,6,0 W
0,5,1 0,5,2 0,6,0 0,6,1 1,6,0 S1
0,6,2 0,7,1 0,7,2 0,8,2 1,8,2 L2
4,1,0 5,0,0 5,0,1 5,1,0 6,0,1 V1
3,0,0 3,1,0 3,2,0 4,0,0 4,0,1 L4
7,1,0 7,2,0 8,0,1 8,1,0 8,1,1 V2
6,0,0 6,1,0 7,0,0 7,0,1 8,0,0 J2
8,0,2 8,1,2 8,2,1 8,2,2 8,3,2 Y
7,3,0 7,4,0 8,2,0 8,3,0 8,3,1 S2
3,3,0 3,4,0 4,3,0 5,3,0 5,4,0 U
4,2,0 5,2,0 6,2,0 6,3,0 6,4,0 V
4,4,0 4,5,0 5,5,0 6,5,0 6,6,0 Z
7,5,0 8,4,0 8,4,1 8,4,2 8,5,0 J4
7,6,0 8,5,1 8,5,2 8,6,0 8,6,1 N1
7,8,2 8,6,2 8,7,2 8,8,1 8,8,2 L3
7,8,0 7,8,1 8,7,0 8,7,1 8,8,0 A
5,7,0 6,7,0 6,8,0 6,8,1 7,7,0 T2
4,6,0 4,7,0 4,8,0 4,8,1 5,6,0 L1
4,8,2 5,8,0 5,8,1 5,8,2 6,8,2 T
1,7,0 2,6,0 2,7,0 2,8,0 3,7,0 X
0,7,0 0,8,0 0,8,1 1,8,0 1,8,1 Q
2,8,1 2,8,2 3,8,0 3,8,1 3,8,2 P

Q  Q  X  P  L1 T  T2 A  A      Q  Q  P  P  L1 T  T2 A  L3     L2 L2 P  P  T  T  T  L3 L3
Q  X  X  X  L1 T2 T2 T2 A      L2                      A      L2                      L3
S1 S1 X  W  L1 L1 Z  N1 N1     S1                      N1     L2                      L3
J1 J1 W  W  Z  Z  Z  J4 J4     S1                      N1     S1                      N1
J1 W  W  U  Z  U  V  S2 J4     L                       J4     L                       J4
J1 N2 N  U  U  U  V  S2 S2     J1                      S2     L                       Y
N2 N2 N  L4 V  V  V  V2 S2     N2                      Y      L                       Y
N2 N  N  L4 V1 V1 J2 V2 V2     T1                      V2     L                       Y
T1 N  F  L4 L4 V1 J2 J2 J2     T1 T1 F  F  L4 V1 V1 J2 V2     T1 F  F  I  I  I  I  I  Y

solution 10:
0,0,0 0,0,1 0,0,2 0,1,1 1,0,1 T1
1,0,2 2,0,0 2,0,1 2,0,2 3,0,1 F
3,0,2 4,0,2 5,0,2 6,0,2 7,0,2 I
0,1,2 0,2,2 0,3,2 0,4,1 0,4,2 L
1,0,0 1,1,0 2,1,0 2,2,0 2,3,0 N
0,1,0 0,2,0 0,2,1 1,2,0 1,3,0 N2
0,3,0 0,3,1 0,4,0 0,5,0 1,5,0 J1
1,4,0 2,4,0 2,5,0 3,5,0 3,6,0 W
0,5,1 0,5,2 0,6,0 0,6,1 1,6,0 S1
0,6,2 0,7,1 0,7,2 0,8,2 1,8,2 L2
5,8,1 6,7,0 6,8,0 6,8,1 7,7,0 V1
5,8,2 6,8,2 7,8,1 7,8,2 8,8,2 Y
7,8,0 8,7,0 8,7,1 8,8,0 8,8,1 Q
7,6,0 8,6,0 8,6,1 8,6,2 8,7,2 L1
5,0,1 6,0,0 6,0,1 6,1,0 7,1,0 V2
3,0,0 3,1,0 4,0,0 4,0,1 5,0,0 J2
7,0,0 8,0,0 8,1,0 8,1,1 8,2,1 N1
7,0,1 8,0,1 8,0,2 8,1,2 8,2,2 J4
3,7,0 4,7,0 4,8,0 4,8,1 5,8,0 S2
2,8,2 3,8,0 3,8,1 3,8,2 4,8,2 T
4,6,0 5,5,0 5,6,0 5,7,0 6,6,0 X
7,3,0 7,4,0 7,5,0 8,4,0 8,4,1 T2
8,3,2 8,4,2 8,5,0 8,5,1 8,5,2 V
6,2,0 7,2,0 8,2,0 8,3,0 8,3,1 L4
1,8,0 2,6,0 2,7,0 2,8,0 2,8,1 L3
0,7,0 0,8,0 0,8,1 1,7,0 1,8,1 A
4,4,0 4,5,0 5,4,0 6,4,0 6,5,0 U
4,1,0 5,1,0 5,2,0 5,3,0 6,3,0 Z
3,2,0 3,3,0 3,4,0 4,2,0 4,3,0 P

A  L3 L3 T  S2 S2 V1 Q  Q      A  A  L3 T  S2 V1 V1 Y  Q      L2 L2 T  T  T  Y  Y  Y  Y
A  A  L3 S2 S2 X  V1 V1 Q      L2                      Q      L2                      L1
S1 S1 L3 W  X  X  X  L1 L1     S1                      L1     L2                      L1
J1 J1 W  W  U  X  U  T2 V      S1                      V      S1                      V
J1 W  W  P  U  U  U  T2 T2     L                       T2     L                       V
J1 N2 N  P  P  Z  Z  T2 L4     J1                      L4     L                       V
N2 N2 N  P  P  Z  L4 L4 L4     N2                      N1     L                       J4
N2 N  N  J2 Z  Z  V2 V2 N1     T1                      N1     L                       J4
T1 N  F  J2 J2 J2 V2 N1 N1     T1 T1 F  F  J2 V2 V2 J4 J4     T1 F  F  I  I  I  I  I  J4

...

solution 33:
0,0,0 0,0,1 0,0,2 0,1,1 1,0,1 T1
1,0,2 2,0,0 2,0,1 2,0,2 3,0,1 F
3,0,2 4,0,2 5,0,2 6,0,2 7,0,2 I
0,1,2 0,2,2 0,3,2 0,4,1 0,4,2 L
1,0,0 1,1,0 2,1,0 2,2,0 2,3,0 N
0,1,0 0,2,0 0,2,1 1,2,0 1,3,0 N2
0,3,0 0,3,1 0,4,0 0,5,0 1,4,0 J2
0,5,1 0,5,2 0,6,0 0,6,1 1,6,0 S1
0,6,2 0,7,0 0,7,1 0,7,2 0,8,2 T
1,5,0 2,4,0 2,5,0 2,6,0 3,5,0 X
7,2,0 7,3,0 8,1,1 8,2,0 8,2,1 V2
8,0,0 8,0,1 8,0,2 8,1,2 8,2,2 V
6,0,0 7,0,0 7,0,1 7,1,0 8,1,0 S2
4,1,0 5,0,0 5,0,1 5,1,0 6,0,1 V1
3,0,0 3,1,0 3,2,0 4,0,0 4,0,1 L4
4,2,0 4,3,0 5,2,0 6,1,0 6,2,0 Z
3,3,0 3,4,0 4,4,0 4,5,0 5,5,0 W
5,3,0 5,4,0 6,3,0 6,4,0 6,5,0 P
7,4,0 8,3,0 8,3,1 8,3,2 8,4,0 J4
7,5,0 8,4,1 8,4,2 8,5,0 8,5,1 N1
7,6,0 8,5,2 8,6,0 8,6,1 8,6,2 J1
0,8,0 0,8,1 1,7,0 1,8,0 1,8,1 Q
1,8,2 2,7,0 2,8,0 2,8,1 2,8,2 L1
3,8,1 3,8,2 4,8,2 5,8,1 5,8,2 U
3,6,0 4,6,0 4,7,0 5,6,0 6,6,0 Y
3,7,0 3,8,0 4,8,0 4,8,1 5,8,0 L2
5,7,0 6,7,0 6,8,0 6,8,1 7,7,0 T2
6,8,2 7,8,2 8,7,2 8,8,1 8,8,2 L3
7,8,0 7,8,1 8,7,0 8,7,1 8,8,0 A

Q  Q  L1 L2 L2 L2 T2 A  A      Q  Q  L1 U  L2 U  T2 A  L3     T  L1 L1 U  U  U  L3 L3 L3
T  Q  L1 L2 Y  T2 T2 T2 A      T                       A      T                       L3
S1 S1 X  Y  Y  Y  Y  J1 J1     S1                      J1     T                       J1
J2 X  X  X  W  W  P  N1 N1     S1                      N1     S1                      J1
J2 J2 X  W  W  P  P  J4 J4     L                       N1     L                       N1
J2 N2 N  W  Z  P  P  V2 J4     J2                      J4     L                       J4
N2 N2 N  L4 Z  Z  Z  V2 V2     N2                      V2     L                       V
N2 N  N  L4 V1 V1 Z  S2 S2     T1                      V2     L                       V
T1 N  F  L4 L4 V1 S2 S2 V      T1 T1 F  F  L4 V1 V1 S2 V      T1 F  F  I  I  I  I  I  V

Session interrupted by user.
33 solutions, 105975115 searches, duration 19:22:29.424000
