solving Pentacubes5x7x7OpenBox:

solution 1:
0,0,0 0,0,1 0,0,2 0,1,1 1,0,1 T1
5,0,0 5,1,0 6,1,0 6,1,1 6,2,1 V1
4,0,1 5,0,1 5,0,2 6,0,0 6,0,1 F
5,0,3 5,0,4 6,0,4 6,1,4 6,1,5 V2
6,0,2 6,1,2 6,2,2 6,3,2 6,4,2 I
6,0,3 6,1,3 6,2,3 6,2,4 6,3,4 N
6,3,3 6,4,3 6,4,4 6,4,5 6,4,6 L
4,3,0 4,4,0 5,4,0 6,4,0 6,4,1 L1
5,2,0 5,3,0 6,2,0 6,3,0 6,3,1 Q
4,4,6 5,3,6 5,4,6 6,3,5 6,3,6 S1
4,1,6 4,2,6 5,2,6 6,2,5 6,2,6 J1
5,0,5 5,1,6 6,0,5 6,0,6 6,1,6 A
3,0,6 3,1,6 4,0,5 4,0,6 5,0,6 L2
2,3,6 3,2,6 3,3,6 3,4,6 4,3,6 X
0,4,4 0,4,5 0,4,6 1,4,6 2,4,6 V
2,1,0 3,0,0 3,0,1 3,1,0 4,0,0 N2
2,3,0 3,2,0 3,3,0 4,1,0 4,2,0 W
0,4,0 1,3,0 1,4,0 2,4,0 3,4,0 Y
0,1,0 1,0,0 1,1,0 2,0,0 2,0,1 N1
0,2,0 0,2,1 0,3,0 1,2,0 2,2,0 L3
0,3,1 0,3,3 0,4,1 0,4,2 0,4,3 U
0,1,4 0,2,2 0,2,3 0,2,4 0,3,2 Z
0,0,3 0,0,4 0,1,2 0,1,3 1,0,3 S2
1,0,2 2,0,2 2,0,3 2,0,4 3,0,2 T
3,0,3 3,0,4 4,0,2 4,0,3 4,0,4 P
0,3,4 0,3,5 0,3,6 1,2,6 1,3,6 J4
2,0,5 2,0,6 2,1,6 2,2,6 3,0,5 L4
0,0,5 0,1,5 1,0,4 1,0,5 1,0,6 T2
0,0,6 0,1,6 0,2,5 0,2,6 1,1,6 J2

Y Y Y Y L1L1L1    U           L1    U           I     U           L     V           L     V           L     V V V X S1S1L
L3Y W W L1Q Q     U           Q     Z           I     U           L     J4          N     J4          S1    J4J4X X X S1S1
L3L3L3W W Q Q     L3          V1    Z           I     Z           N     Z           N     J2          J1    J2J4L4X J1J1J1
N1N1N2N2W V1V1    T1          V1    S2          I     S2          N     Z           V2    T2          V2    J2J2L4L2J1A A
T1N1N1N2N2V1F     T1T1N1N2F F F     T1T T T P F I     S2S2T P P V2N     S2T2T P P V2V2    T2T2L4L4L2A A     J2T2L4L2L2L2A

solution 2:
0,0,0 0,0,1 0,0,2 0,1,1 1,0,1 T1
5,0,0 5,1,0 6,1,0 6,1,1 6,2,1 V1
4,0,1 5,0,1 5,0,2 6,0,0 6,0,1 F
5,0,3 5,0,4 6,0,4 6,1,4 6,1,5 V2
6,0,2 6,1,2 6,2,2 6,3,2 6,4,2 I
6,0,3 6,1,3 6,2,3 6,2,4 6,3,4 N
6,3,3 6,4,3 6,4,4 6,4,5 6,4,6 L
4,3,0 4,4,0 5,4,0 6,4,0 6,4,1 L1
5,2,0 5,3,0 6,2,0 6,3,0 6,3,1 Q
4,4,6 5,3,6 5,4,6 6,3,5 6,3,6 S1
4,1,6 4,2,6 5,2,6 6,2,5 6,2,6 J1
5,0,5 5,1,6 6,0,5 6,0,6 6,1,6 A
3,0,6 3,1,6 4,0,5 4,0,6 5,0,6 L2
2,3,6 3,2,6 3,3,6 3,4,6 4,3,6 X
0,4,4 0,4,5 0,4,6 1,4,6 2,4,6 V
2,1,0 3,0,0 3,0,1 3,1,0 4,0,0 N2
2,2,0 2,3,0 3,2,0 4,1,0 4,2,0 Z
1,3,0 1,4,0 2,4,0 3,3,0 3,4,0 U
0,1,0 1,0,0 1,1,0 2,0,0 2,0,1 N1
0,2,0 0,2,1 0,2,2 0,3,0 1,2,0 L3
0,3,1 0,4,0 0,4,1 0,4,2 0,4,3 Y
0,1,4 0,2,3 0,2,4 0,3,2 0,3,3 W
0,0,3 0,0,4 0,1,2 0,1,3 1,0,3 S2
1,0,2 2,0,2 2,0,3 2,0,4 3,0,2 T
3,0,3 3,0,4 4,0,2 4,0,3 4,0,4 P
0,3,4 0,3,5 0,3,6 1,2,6 1,3,6 J4
2,0,5 2,0,6 2,1,6 2,2,6 3,0,5 L4
0,0,5 0,1,5 1,0,4 1,0,5 1,0,6 T2
0,0,6 0,1,6 0,2,5 0,2,6 1,1,6 J2

Y U U U L1L1L1    Y           L1    Y           I     Y           L     V           L     V           L     V V V X S1S1L
L3U Z U L1Q Q     Y           Q     W           I     W           L     J4          N     J4          S1    J4J4X X X S1S1
L3L3Z Z Z Q Q     L3          V1    L3          I     W           N     W           N     J2          J1    J2J4L4X J1J1J1
N1N1N2N2Z V1V1    T1          V1    S2          I     S2          N     W           V2    T2          V2    J2J2L4L2J1A A
T1N1N1N2N2V1F     T1T1N1N2F F F     T1T T T P F I     S2S2T P P V2N     S2T2T P P V2V2    T2T2L4L4L2A A     J2T2L4L2L2L2A

solution 3:
0,0,0 0,0,1 0,0,2 0,1,1 1,0,1 T1
5,0,0 5,1,0 6,1,0 6,1,1 6,2,1 V1
4,0,1 5,0,1 5,0,2 6,0,0 6,0,1 F
5,0,3 5,0,4 6,0,4 6,1,4 6,1,5 V2
6,0,2 6,1,2 6,2,2 6,3,2 6,4,2 I
6,0,3 6,1,3 6,2,3 6,2,4 6,3,4 N
6,3,3 6,4,3 6,4,4 6,4,5 6,4,6 L
4,3,0 4,4,0 5,4,0 6,4,0 6,4,1 L1
5,2,0 5,3,0 6,2,0 6,3,0 6,3,1 Q
4,4,6 5,3,6 5,4,6 6,3,5 6,3,6 S1
5,2,6 6,0,6 6,1,6 6,2,5 6,2,6 L3
4,0,5 5,0,5 5,0,6 5,1,6 6,0,5 T2
0,0,6 1,0,5 1,0,6 1,1,6 2,1,6 N2
0,0,3 0,1,2 0,1,3 1,0,2 1,0,3 A
1,0,0 2,0,0 2,0,1 2,1,0 3,1,0 S2
3,0,0 3,0,1 3,0,2 4,0,0 4,1,0 J4
2,0,2 2,0,3 3,0,3 4,0,2 4,0,3 U
2,4,0 3,2,0 3,3,0 3,4,0 4,2,0 Z
2,0,4 2,0,5 3,0,4 3,0,5 4,0,4 P
2,0,6 3,0,6 4,0,6 4,1,6 4,2,6 V
0,0,4 0,0,5 0,1,5 0,1,6 1,0,4 N1
3,1,6 3,2,6 3,3,6 3,4,6 4,3,6 Y
0,1,0 1,1,0 1,2,0 2,2,0 2,3,0 W
0,3,1 0,4,0 0,4,1 0,4,2 1,4,0 L2
0,2,0 0,2,1 0,2,2 0,3,0 1,3,0 L4
0,2,3 0,3,2 0,3,3 0,3,4 0,4,3 X
0,1,4 0,2,4 0,2,5 0,2,6 1,2,6 J1
0,3,6 1,3,6 2,2,6 2,3,6 2,4,6 T
0,3,5 0,4,4 0,4,5 0,4,6 1,4,6 J2

L2L2Z Z L1L1L1    L2          L1    L2          I     X           L     J2          L     J2          L     J2J2T Y S1S1L
L4L4W Z L1Q Q     L2          Q     X           I     X           L     X           N     J2          S1    T T T Y Y S1S1
L4W W Z Z Q Q     L4          V1    L4          I     X           N     J1          N     J1          L3    J1J1T Y V L3L3
W W S2S2J4V1V1    T1          V1    A           I     A           N     J1          V2    N1          V2    N1N2N2Y V T2L3
T1S2S2J4J4V1F     T1T1S2J4F F F     T1A U J4U F I     A A U U U V2N     N1N1P P P V2V2    N1N2P P T2T2T2    N2N2V V V T2L3

solution 4:
0,0,0 0,0,1 0,0,2 0,1,1 1,0,1 T1
5,0,0 5,1,0 6,1,0 6,1,1 6,2,1 V1
4,0,1 5,0,1 5,0,2 6,0,0 6,0,1 F
5,0,3 5,0,4 6,0,4 6,1,4 6,1,5 V2
6,0,2 6,1,2 6,2,2 6,3,2 6,4,2 I
6,0,3 6,1,3 6,2,3 6,2,4 6,3,4 N
6,3,3 6,4,3 6,4,4 6,4,5 6,4,6 L
4,3,0 4,4,0 5,4,0 6,4,0 6,4,1 L1
5,2,0 5,3,0 6,2,0 6,3,0 6,3,1 Q
5,2,6 5,3,6 5,4,6 6,3,5 6,3,6 T2
5,1,6 6,0,6 6,1,6 6,2,5 6,2,6 L2
4,0,6 4,1,6 5,0,5 5,0,6 6,0,5 S1
0,0,6 1,0,5 1,0,6 1,1,6 2,1,6 N2
0,0,3 0,1,2 0,1,3 1,0,2 1,0,3 A
2,0,6 3,0,5 3,0,6 3,1,6 4,0,5 S2
2,0,3 2,0,4 2,0,5 3,0,4 4,0,4 T
0,0,4 0,0,5 0,1,5 0,2,5 1,0,4 L4
2,0,2 3,0,2 3,0,3 4,0,2 4,0,3 P
0,1,4 0,2,3 0,2,4 0,3,2 0,3,3 W
0,3,1 0,4,0 0,4,1 0,4,2 0,4,3 Y
0,2,0 0,2,1 0,2,2 0,3,0 1,2,0 L3
0,1,0 1,0,0 1,1,0 2,0,0 2,0,1 N1
3,0,0 3,0,1 4,0,0 4,1,0 4,2,0 J4
0,3,4 0,4,4 0,4,5 0,4,6 1,4,6 J1
0,1,6 0,2,6 0,3,5 0,3,6 1,2,6 J2
1,3,6 2,2,6 2,3,6 2,4,6 3,3,6 X
3,2,6 3,4,6 4,2,6 4,3,6 4,4,6 U
1,3,0 2,1,0 2,2,0 2,3,0 3,1,0 Z
1,4,0 2,4,0 3,2,0 3,3,0 3,4,0 V

Y V V V L1L1L1    Y           L1    Y           I     Y           L     J1          L     J1          L     J1J1X U U T2L
L3Z Z V L1Q Q     Y           Q     W           I     W           L     J1          N     J2          T2    J2X X X U T2T2
L3L3Z V J4Q Q     L3          V1    L3          I     W           N     W           N     L4          L2    J2J2X U U T2L2
N1N1Z Z J4V1V1    T1          V1    A           I     A           N     W           V2    L4          V2    J2N2N2S2S1L2L2
T1N1N1J4J4V1F     T1T1N1J4F F F     T1A P P P F I     A A T P P V2N     L4L4T T T V2V2    L4N2T S2S2S1S1    N2N2S2S2S1S1L2

solution 5:
0,0,0 0,0,1 0,0,2 0,1,1 1,0,1 T1
5,0,0 5,1,0 6,1,0 6,1,1 6,2,1 V1
4,0,1 5,0,1 5,0,2 6,0,0 6,0,1 F
5,0,3 5,0,4 6,0,4 6,1,4 6,1,5 V2
6,0,2 6,1,2 6,2,2 6,3,2 6,4,2 I
6,0,3 6,1,3 6,2,3 6,2,4 6,3,4 N
6,3,3 6,4,3 6,4,4 6,4,5 6,4,6 L
4,4,0 5,3,0 5,4,0 6,4,0 6,4,1 L2
4,2,0 5,2,0 6,2,0 6,3,0 6,3,1 L4
2,3,0 3,2,0 3,3,0 3,4,0 4,3,0 X
0,4,0 0,4,1 0,4,2 1,4,0 2,4,0 V
3,0,0 3,0,1 3,1,0 4,0,0 4,1,0 Q
4,4,6 5,3,6 5,4,6 6,3,5 6,3,6 S1
6,0,5 6,0,6 6,1,6 6,2,5 6,2,6 U
0,1,0 1,0,0 1,1,0 2,0,0 2,0,1 N1
0,2,0 0,2,1 1,2,0 2,1,0 2,2,0 J1
0,2,2 0,3,0 0,3,1 0,3,2 1,3,0 L1
0,0,3 0,1,2 0,1,3 0,1,4 1,0,3 T2
1,0,2 2,0,2 2,0,3 2,0,4 3,0,4 Z
3,0,2 3,0,3 4,0,2 4,0,3 4,0,4 P
0,2,3 0,3,3 0,3,4 0,3,5 0,4,3 T
0,4,4 0,4,5 0,4,6 1,3,6 1,4,6 J4
0,2,4 0,2,5 0,2,6 0,3,6 1,2,6 L3
2,1,6 2,2,6 2,3,6 2,4,6 3,2,6 Y
3,3,6 3,4,6 4,2,6 4,3,6 5,2,6 W
0,0,4 0,0,5 0,0,6 0,1,5 1,0,4 J2
0,1,6 1,0,5 1,0,6 1,1,6 2,0,6 S2
2,0,5 3,0,5 3,0,6 3,1,6 4,0,6 N2
4,0,5 4,1,6 5,0,5 5,0,6 5,1,6 A

V V V X L2L2L2    V           L2    V           I     T           L     J4          L     J4          L     J4J4Y W S1S1L
L1L1X X X L2L4    L1          L4    L1          I     T           L     T           N     T           S1    L3J4Y W W S1S1
J1J1J1X L4L4L4    J1          V1    L1          I     T           N     L3          N     L3          U     L3L3Y Y W W U
N1N1J1Q Q V1V1    T1          V1    T2          I     T2          N     T2          V2    J2          V2    S2S2Y N2A A U
T1N1N1Q Q V1F     T1T1N1Q F F F     T1Z Z P P F I     T2T2Z P P V2N     J2J2Z Z P V2V2    J2S2N2N2A A U     J2S2S2N2N2A U

solution 6:
0,0,0 0,0,1 0,0,2 0,1,1 1,0,1 T1
5,0,0 5,1,0 6,1,0 6,1,1 6,2,1 V1
4,0,1 5,0,1 5,0,2 6,0,0 6,0,1 F
5,0,3 5,0,4 6,0,4 6,1,4 6,1,5 V2
6,0,2 6,1,2 6,2,2 6,3,2 6,4,2 I
6,0,3 6,1,3 6,2,3 6,2,4 6,3,4 N
6,3,3 6,4,3 6,4,4 6,4,5 6,4,6 L
4,4,0 5,4,0 6,3,1 6,4,0 6,4,1 L4
4,1,0 4,2,0 5,2,0 6,2,0 6,3,0 Z
3,2,0 3,3,0 3,4,0 4,3,0 5,3,0 T
2,1,0 3,0,0 3,0,1 3,1,0 4,0,0 N2
0,1,0 1,0,0 1,1,0 2,0,0 2,0,1 N1
2,0,2 2,0,3 3,0,2 4,0,2 4,0,3 U
0,0,3 0,1,3 1,0,2 1,0,3 1,0,4 T2
2,0,4 3,0,3 3,0,4 3,0,5 4,0,4 X
0,1,2 0,2,2 0,3,0 0,3,1 0,3,2 V
0,4,0 0,4,1 1,4,0 2,3,0 2,4,0 J1
0,2,0 0,2,1 1,2,0 1,3,0 2,2,0 L2
0,3,4 0,4,2 0,4,3 0,4,4 0,4,5 Y
0,1,4 0,1,5 0,2,3 0,2,4 0,3,3 W
0,0,4 0,0,5 0,0,6 0,1,6 1,0,5 J2
5,0,5 5,1,6 6,0,5 6,0,6 6,1,6 A
3,1,6 4,0,5 4,0,6 4,1,6 5,0,6 S2
2,0,5 2,0,6 2,1,6 2,2,6 3,0,6 L3
0,2,5 0,2,6 1,0,6 1,1,6 1,2,6 J4
0,3,5 0,3,6 0,4,6 1,3,6 1,4,6 Q
4,2,6 4,3,6 5,2,6 6,2,5 6,2,6 L1
4,4,6 5,3,6 5,4,6 6,3,5 6,3,6 S1
2,3,6 2,4,6 3,2,6 3,3,6 3,4,6 P

J1J1J1T L4L4L4    J1          L4    Y           I     Y           L     Y           L     Y           L     Q Q P P S1S1L
V L2J1T T T Z     V           L4    V           I     W           L     Y           N     Q           S1    Q Q P P L1S1S1
L2L2L2T Z Z Z     L2          V1    V           I     W           N     W           N     J4          L1    J4J4L3P L1L1L1
N1N1N2N2Z V1V1    T1          V1    V           I     T2          N     W           V2    W           V2    J2J4L3S2S2A A
T1N1N1N2N2V1F     T1T1N1N2F F F     T1T2U U U F I     T2T2U X U V2N     J2T2X X X V2V2    J2J2L3X S2A A     J2J4L3L3S2S2A

solution 7:
0,0,0 0,0,1 0,0,2 0,1,1 1,0,1 T1
5,0,0 5,1,0 6,1,0 6,1,1 6,2,1 V1
4,0,1 5,0,1 5,0,2 6,0,0 6,0,1 F
5,0,3 5,0,4 6,0,4 6,1,4 6,1,5 V2
6,0,2 6,1,2 6,2,2 6,3,2 6,4,2 I
6,0,3 6,1,3 6,2,3 6,2,4 6,3,4 N
6,3,3 6,4,3 6,4,4 6,4,5 6,4,6 L
4,4,0 5,4,0 6,3,1 6,4,0 6,4,1 L4
4,1,0 4,2,0 5,2,0 6,2,0 6,3,0 Z
3,2,0 3,3,0 3,4,0 4,3,0 5,3,0 T
2,1,0 3,0,0 3,0,1 3,1,0 4,0,0 N2
0,1,0 1,0,0 1,1,0 2,0,0 2,0,1 N1
2,0,2 2,0,3 3,0,2 4,0,2 4,0,3 U
0,0,3 0,1,3 1,0,2 1,0,3 1,0,4 T2
2,0,4 3,0,3 3,0,4 3,0,5 3,0,6 Y
0,1,2 0,2,0 0,2,1 0,2,2 1,2,0 L1
0,3,0 0,3,1 1,3,0 2,2,0 2,3,0 J1
0,4,0 0,4,1 0,4,2 1,4,0 2,4,0 V
0,2,3 0,3,2 0,3,3 0,3,4 0,4,3 X
4,0,4 4,0,5 4,0,6 4,1,6 5,0,6 L3
5,0,5 5,1,6 6,0,5 6,0,6 6,1,6 A
0,3,5 0,4,4 0,4,5 0,4,6 1,4,6 J2
5,2,6 6,2,5 6,2,6 6,3,5 6,3,6 Q
3,4,6 4,3,6 4,4,6 5,3,6 5,4,6 P
2,3,6 2,4,6 3,2,6 3,3,6 4,2,6 W
2,0,5 2,0,6 2,1,6 2,2,6 3,1,6 L2
0,2,4 0,2,5 0,2,6 0,3,6 1,3,6 J4
0,0,6 0,1,5 0,1,6 1,1,6 1,2,6 S2
0,0,4 0,0,5 0,1,4 1,0,5 1,0,6 S1

V V V T L4L4L4    V           L4    V           I     X           L     J2          L     J2          L     J2J2W P P P L
J1J1J1T T T Z     J1          L4    X           I     X           L     X           N     J2          Q     J4J4W W P P Q
L1L1J1T Z Z Z     L1          V1    L1          I     X           N     J4          N     J4          Q     J4S2L2W W Q Q
N1N1N2N2Z V1V1    T1          V1    L1          I     T2          N     S1          V2    S2          V2    S2S2L2L2L3A A
T1N1N1N2N2V1F     T1T1N1N2F F F     T1T2U U U F I     T2T2U Y U V2N     S1T2Y Y L3V2V2    S1S1L2Y L3A A     S2S1L2Y L3L3A

solution 8:
0,0,0 0,0,1 0,0,2 0,1,1 1,0,1 T1
5,0,0 5,1,0 6,1,0 6,1,1 6,2,1 V1
4,0,1 5,0,1 5,0,2 6,0,0 6,0,1 F
5,0,3 5,0,4 6,0,4 6,1,4 6,1,5 V2
6,0,2 6,1,2 6,2,2 6,3,2 6,4,2 I
6,0,3 6,1,3 6,2,3 6,2,4 6,3,4 N
6,3,3 6,4,3 6,4,4 6,4,5 6,4,6 L
4,4,0 5,4,0 6,3,1 6,4,0 6,4,1 L4
4,1,0 4,2,0 5,2,0 6,2,0 6,3,0 Z
3,2,0 3,3,0 3,4,0 4,3,0 5,3,0 T
2,1,0 3,0,0 3,0,1 3,1,0 4,0,0 N2
0,1,0 1,0,0 1,1,0 2,0,0 2,0,1 N1
2,0,2 2,0,3 3,0,2 4,0,2 4,0,3 U
0,0,3 0,1,3 1,0,2 1,0,3 1,0,4 T2
2,0,4 3,0,3 3,0,4 3,0,5 3,0,6 Y
0,1,2 0,2,0 0,2,1 0,2,2 1,2,0 L1
0,3,0 0,3,1 1,3,0 2,2,0 2,3,0 J1
0,4,0 0,4,1 0,4,2 1,4,0 2,4,0 V
0,2,3 0,3,2 0,3,3 0,3,4 0,4,3 X
4,0,4 4,0,5 4,0,6 4,1,6 5,0,6 L3
5,0,5 5,1,6 6,0,5 6,0,6 6,1,6 A
0,3,5 0,4,4 0,4,5 0,4,6 1,4,6 J2
5,2,6 6,2,5 6,2,6 6,3,5 6,3,6 Q
3,2,6 4,2,6 4,3,6 5,3,6 5,4,6 W
2,3,6 2,4,6 3,3,6 3,4,6 4,4,6 P
2,0,5 2,0,6 2,1,6 2,2,6 3,1,6 L2
0,2,4 0,2,5 0,2,6 0,3,6 1,3,6 J4
0,0,6 0,1,5 0,1,6 1,1,6 1,2,6 S2
0,0,4 0,0,5 0,1,4 1,0,5 1,0,6 S1

V V V T L4L4L4    V           L4    V           I     X           L     J2          L     J2          L     J2J2P P P W L
J1J1J1T T T Z     J1          L4    X           I     X           L     X           N     J2          Q     J4J4P P W W Q
L1L1J1T Z Z Z     L1          V1    L1          I     X           N     J4          N     J4          Q     J4S2L2W W Q Q
N1N1N2N2Z V1V1    T1          V1    L1          I     T2          N     S1          V2    S2          V2    S2S2L2L2L3A A
T1N1N1N2N2V1F     T1T1N1N2F F F     T1T2U U U F I     T2T2U Y U V2N     S1T2Y Y L3V2V2    S1S1L2Y L3A A     S2S1L2Y L3L3A

solution 9:
0,0,0 0,0,1 0,0,2 0,1,1 1,0,1 T1
5,0,0 5,1,0 6,1,0 6,1,1 6,2,1 V1
4,0,1 5,0,1 5,0,2 6,0,0 6,0,1 F
5,0,3 5,0,4 6,0,4 6,1,4 6,1,5 V2
6,0,2 6,1,2 6,2,2 6,3,2 6,4,2 I
6,0,3 6,1,3 6,2,3 6,2,4 6,3,4 N
6,3,3 6,4,3 6,4,4 6,4,5 6,4,6 L
4,4,0 5,4,0 6,3,1 6,4,0 6,4,1 L4
4,1,0 4,2,0 5,2,0 6,2,0 6,3,0 Z
3,2,0 3,3,0 3,4,0 4,3,0 5,3,0 T
2,1,0 3,0,0 3,0,1 3,1,0 4,0,0 N2
1,0,0 1,1,0 1,2,0 2,0,0 2,2,0 U
0,1,0 0,2,0 0,2,1 0,3,0 1,3,0 J2
0,4,0 0,4,1 1,4,0 2,3,0 2,4,0 J1
0,3,1 0,3,2 0,3,3 0,4,2 0,4,3 P
0,2,2 0,2,3 0,2,4 0,3,4 0,4,4 V
0,0,3 0,1,2 0,1,3 0,1,4 1,0,3 T2
1,0,2 2,0,1 2,0,2 2,0,3 3,0,2 X
2,0,4 3,0,3 3,0,4 4,0,2 4,0,3 W
4,0,4 4,0,5 4,0,6 4,1,6 5,0,6 L3
5,0,5 5,1,6 6,0,5 6,0,6 6,1,6 A
4,4,6 5,3,6 5,4,6 6,3,5 6,3,6 S1
4,2,6 4,3,6 5,2,6 6,2,5 6,2,6 L1
2,3,6 3,1,6 3,2,6 3,3,6 3,4,6 Y
0,4,5 0,4,6 1,3,6 1,4,6 2,4,6 L2
2,0,6 2,1,6 2,2,6 3,0,5 3,0,6 J4
0,0,6 1,0,5 1,0,6 1,1,6 2,0,5 S2
0,0,4 0,0,5 0,1,5 0,1,6 1,0,4 N1
0,2,5 0,2,6 0,3,5 0,3,6 1,2,6 Q

J1J1J1T L4L4L4    J1          L4    P           I     P           L     V           L     L2          L     L2L2L2Y S1S1L
J2J2J1T T T Z     P           L4    P           I     P           L     V           N     Q           S1    Q L2Y Y L1S1S1
J2U U T Z Z Z     J2          V1    V           I     V           N     V           N     Q           L1    Q Q J4Y L1L1L1
J2U N2N2Z V1V1    T1          V1    T2          I     T2          N     T2          V2    N1          V2    N1S2J4Y L3A A
T1U U N2N2V1F     T1T1X N2F F F     T1X X X W F I     T2T2X W W V2N     N1N1W W L3V2V2    N1S2S2J4L3A A     S2S2J4J4L3L3A

solution 10:
0,0,0 0,0,1 0,0,2 0,1,1 1,0,1 T1
5,0,0 5,1,0 6,1,0 6,1,1 6,2,1 V1
4,0,1 5,0,1 5,0,2 6,0,0 6,0,1 F
5,0,3 5,0,4 6,0,4 6,1,4 6,1,5 V2
6,0,2 6,1,2 6,2,2 6,3,2 6,4,2 I
6,0,3 6,1,3 6,2,3 6,2,4 6,3,4 N
6,3,3 6,4,3 6,4,4 6,4,5 6,4,6 L
4,4,0 5,4,0 6,3,1 6,4,0 6,4,1 L4
4,1,0 4,2,0 5,2,0 6,2,0 6,3,0 Z
3,2,0 3,3,0 3,4,0 4,3,0 5,3,0 T
2,1,0 3,0,0 3,0,1 3,1,0 4,0,0 N2
1,0,0 1,1,0 1,2,0 2,0,0 2,2,0 U
0,1,0 0,2,0 0,2,1 0,3,0 1,3,0 J2
0,4,0 0,4,1 1,4,0 2,3,0 2,4,0 J1
0,2,2 0,2,3 0,3,1 0,3,2 0,3,3 P
0,2,4 0,3,4 0,4,2 0,4,3 0,4,4 V
0,0,3 0,1,2 0,1,3 0,1,4 1,0,3 T2
1,0,2 2,0,1 2,0,2 2,0,3 3,0,2 X
2,0,4 3,0,3 3,0,4 4,0,2 4,0,3 W
4,0,4 4,0,5 4,0,6 4,1,6 5,0,6 L3
5,0,5 5,1,6 6,0,5 6,0,6 6,1,6 A
4,4,6 5,3,6 5,4,6 6,3,5 6,3,6 S1
4,2,6 4,3,6 5,2,6 6,2,5 6,2,6 L1
2,3,6 3,1,6 3,2,6 3,3,6 3,4,6 Y
0,4,5 0,4,6 1,3,6 1,4,6 2,4,6 L2
2,0,6 2,1,6 2,2,6 3,0,5 3,0,6 J4
0,0,6 1,0,5 1,0,6 1,1,6 2,0,5 S2
0,0,4 0,0,5 0,1,5 0,1,6 1,0,4 N1
0,2,5 0,2,6 0,3,5 0,3,6 1,2,6 Q

J1J1J1T L4L4L4    J1          L4    V           I     V           L     V           L     L2          L     L2L2L2Y S1S1L
J2J2J1T T T Z     P           L4    P           I     P           L     V           N     Q           S1    Q L2Y Y L1S1S1
J2U U T Z Z Z     J2          V1    P           I     P           N     V           N     Q           L1    Q Q J4Y L1L1L1
J2U N2N2Z V1V1    T1          V1    T2          I     T2          N     T2          V2    N1          V2    N1S2J4Y L3A A
T1U U N2N2V1F     T1T1X N2F F F     T1X X X W F I     T2T2X W W V2N     N1N1W W L3V2V2    N1S2S2J4L3A A     S2S2J4J4L3L3A

solution 11:
0,0,0 0,0,1 0,0,2 0,1,1 1,0,1 T1
5,0,0 5,1,0 6,1,0 6,1,1 6,2,1 V1
4,0,1 5,0,1 5,0,2 6,0,0 6,0,1 F
5,0,3 5,0,4 6,0,4 6,1,4 6,1,5 V2
6,0,2 6,1,2 6,2,2 6,3,2 6,4,2 I
6,0,3 6,1,3 6,2,3 6,2,4 6,3,4 N
6,3,3 6,4,3 6,4,4 6,4,5 6,4,6 L
5,3,0 6,2,0 6,3,0 6,3,1 6,4,1 N2
3,4,0 4,3,0 4,4,0 5,4,0 6,4,0 Y
3,2,0 4,0,0 4,1,0 4,2,0 5,2,0 T
2,1,0 2,2,0 2,3,0 3,1,0 3,3,0 U
0,4,0 0,4,1 1,3,0 1,4,0 2,4,0 J2
1,0,0 1,1,0 2,0,0 3,0,0 3,0,1 J1
0,1,0 0,2,0 0,3,0 0,3,1 1,2,0 L2
1,0,2 2,0,1 2,0,2 2,0,3 3,0,2 X
2,0,4 3,0,3 3,0,4 4,0,2 4,0,3 W
0,2,1 0,2,2 0,3,2 0,4,2 0,4,3 Z
0,0,3 0,1,2 0,1,3 0,1,4 1,0,3 T2
0,2,3 0,2,4 0,3,3 0,3,4 0,4,4 P
4,4,6 5,3,6 5,4,6 6,3,5 6,3,6 S1
1,2,6 2,2,6 3,2,6 3,3,6 3,4,6 V
4,2,6 4,3,6 5,2,6 6,2,5 6,2,6 L1
0,3,5 0,4,5 0,4,6 1,4,6 2,4,6 L4
0,2,5 0,2,6 0,3,6 1,3,6 2,3,6 J4
4,0,4 4,0,5 4,0,6 4,1,6 5,0,6 L3
5,0,5 5,1,6 6,0,5 6,0,6 6,1,6 A
0,0,4 0,0,5 0,1,5 0,1,6 1,0,4 N1
0,0,6 1,0,5 1,0,6 1,1,6 2,0,5 S2
2,0,6 2,1,6 3,0,5 3,0,6 3,1,6 Q

J2J2J2Y Y Y Y     J2          N2    Z           I     Z           L     P           L     L4          L     L4L4L4V S1S1L
L2J2U U Y N2N2    L2          N2    Z           I     P           L     P           N     L4          S1    J4J4J4V L1S1S1
L2L2U T T T N2    Z           V1    Z           I     P           N     P           N     J4          L1    J4V V V L1L1L1
L2J1U U T V1V1    T1          V1    T2          I     T2          N     T2          V2    N1          V2    N1S2Q Q L3A A
T1J1J1J1T V1F     T1T1X J1F F F     T1X X X W F I     T2T2X W W V2N     N1N1W W L3V2V2    N1S2S2Q L3A A     S2S2Q Q L3L3A

solution 12:
0,0,0 0,0,1 0,0,2 0,1,1 1,0,1 T1
5,0,0 5,1,0 6,1,0 6,1,1 6,2,1 V1
4,0,1 5,0,1 5,0,2 6,0,0 6,0,1 F
5,0,3 5,0,4 6,0,4 6,1,4 6,1,5 V2
6,0,2 6,1,2 6,2,2 6,3,2 6,4,2 I
6,0,3 6,1,3 6,2,3 6,2,4 6,3,4 N
6,3,3 6,4,3 6,4,4 6,4,5 6,4,6 L
5,3,0 6,2,0 6,3,0 6,3,1 6,4,1 N2
3,4,0 4,3,0 4,4,0 5,4,0 6,4,0 Y
3,2,0 4,0,0 4,1,0 4,2,0 5,2,0 T
2,1,0 2,2,0 2,3,0 3,1,0 3,3,0 U
0,4,0 0,4,1 1,3,0 1,4,0 2,4,0 J2
1,0,0 1,1,0 2,0,0 3,0,0 3,0,1 J1
0,1,0 0,2,0 0,3,0 0,3,1 1,2,0 L2
1,0,2 2,0,1 2,0,2 2,0,3 3,0,2 X
2,0,4 3,0,3 3,0,4 4,0,2 4,0,3 W
0,2,1 0,2,2 0,3,2 0,4,2 0,4,3 Z
0,0,3 0,1,2 0,1,3 0,1,4 1,0,3 T2
0,2,3 0,2,4 0,3,3 0,3,4 0,4,4 P
4,4,6 5,3,6 5,4,6 6,3,5 6,3,6 S1
1,4,6 2,4,6 3,2,6 3,3,6 3,4,6 V
4,2,6 4,3,6 5,2,6 6,2,5 6,2,6 L1
0,3,6 0,4,5 0,4,6 1,3,6 2,3,6 L4
0,2,5 0,2,6 0,3,5 1,2,6 2,2,6 J4
4,0,4 4,0,5 4,0,6 4,1,6 5,0,6 L3
5,0,5 5,1,6 6,0,5 6,0,6 6,1,6 A
0,0,4 0,0,5 0,1,5 0,1,6 1,0,4 N1
0,0,6 1,0,5 1,0,6 1,1,6 2,0,5 S2
2,0,6 2,1,6 3,0,5 3,0,6 3,1,6 Q

J2J2J2Y Y Y Y     J2          N2    Z           I     Z           L     P           L     L4          L     L4V V V S1S1L
L2J2U U Y N2N2    L2          N2    Z           I     P           L     P           N     J4          S1    L4L4L4V L1S1S1
L2L2U T T T N2    Z           V1    Z           I     P           N     P           N     J4          L1    J4J4J4V L1L1L1
L2J1U U T V1V1    T1          V1    T2          I     T2          N     T2          V2    N1          V2    N1S2Q Q L3A A
T1J1J1J1T V1F     T1T1X J1F F F     T1X X X W F I     T2T2X W W V2N     N1N1W W L3V2V2    N1S2S2Q L3A A     S2S2Q Q L3L3A

solution 13:
0,0,0 0,0,1 0,0,2 0,1,1 1,0,1 T1
5,0,0 5,1,0 6,1,0 6,1,1 6,2,1 V1
4,0,1 5,0,1 5,0,2 6,0,0 6,0,1 F
5,0,3 5,0,4 6,0,4 6,1,4 6,1,5 V2
6,0,2 6,1,2 6,2,2 6,3,2 6,4,2 I
6,0,3 6,1,3 6,2,3 6,2,4 6,3,4 N
6,3,3 6,4,3 6,4,4 6,4,5 6,4,6 L
5,3,0 6,2,0 6,3,0 6,3,1 6,4,1 N2
3,4,0 4,3,0 4,4,0 5,4,0 6,4,0 Y
3,0,0 4,0,0 4,1,0 4,2,0 5,2,0 Z
2,1,0 2,3,0 3,1,0 3,2,0 3,3,0 U
0,1,0 1,0,0 1,1,0 2,0,0 2,0,1 N1
1,0,2 2,0,2 3,0,1 3,0,2 3,0,3 T
2,0,4 3,0,4 4,0,2 4,0,3 4,0,4 V
0,2,0 0,2,1 0,3,0 1,2,0 2,2,0 L3
0,4,0 0,4,1 1,3,0 1,4,0 2,4,0 J2
0,2,2 0,3,1 0,3,2 0,3,3 0,4,2 X
0,2,5 0,3,4 0,3,5 0,4,3 0,4,4 W
0,0,3 0,1,2 0,1,3 1,0,3 2,0,3 L4
0,0,4 0,1,4 0,2,3 0,2,4 1,0,4 J1
0,3,6 0,4,5 0,4,6 1,3,6 1,4,6 Q
2,3,6 2,4,6 3,2,6 3,3,6 3,4,6 P
4,4,6 5,3,6 5,4,6 6,3,5 6,3,6 S1
4,2,6 4,3,6 5,2,6 6,2,5 6,2,6 L1
2,0,6 2,1,6 2,2,6 3,0,5 3,0,6 J4
0,0,5 1,0,5 1,0,6 1,1,6 2,0,5 T2
0,0,6 0,1,5 0,1,6 0,2,6 1,2,6 L2
3,1,6 4,0,5 4,0,6 4,1,6 5,0,6 S2
5,0,5 5,1,6 6,0,5 6,0,6 6,1,6 A

J2J2J2Y Y Y Y     J2          N2    X           I     W           L     W           L     Q           L     Q Q P P S1S1L
L3J2U U Y N2N2    X           N2    X           I     X           L     W           N     W           S1    Q Q P P L1S1S1
L3L3L3U Z Z N2    L3          V1    X           I     J1          N     J1          N     W           L1    L2L2J4P L1L1L1
N1N1U U Z V1V1    T1          V1    L4          I     L4          N     J1          V2    L2          V2    L2T2J4S2S2A A
T1N1N1Z Z V1F     T1T1N1T F F F     T1T T T V F I     L4L4L4T V V2N     J1J1V V V V2V2    T2T2T2J4S2A A     L2T2J4J4S2S2A

solution 14:
0,0,0 0,0,1 0,0,2 0,1,1 1,0,1 T1
5,0,0 5,1,0 6,1,0 6,1,1 6,2,1 V1
4,0,1 5,0,1 5,0,2 6,0,0 6,0,1 F
5,0,3 5,0,4 6,0,4 6,1,4 6,1,5 V2
6,0,2 6,1,2 6,2,2 6,3,2 6,4,2 I
6,0,3 6,1,3 6,2,3 6,2,4 6,3,4 N
6,3,3 6,3,5 6,4,3 6,4,4 6,4,5 U
4,4,0 5,3,0 5,4,0 6,4,0 6,4,1 L2
4,2,0 5,2,0 6,2,0 6,3,0 6,3,1 L4
2,3,0 3,2,0 3,3,0 3,4,0 4,3,0 X
0,3,0 0,3,1 1,3,0 1,4,0 2,4,0 S1
0,3,2 0,4,0 0,4,1 0,4,2 0,4,3 Y
3,0,0 3,0,1 3,1,0 4,0,0 4,1,0 Q
0,1,0 1,0,0 1,1,0 2,0,0 2,0,1 N1
0,2,0 0,2,1 1,2,0 2,1,0 2,2,0 J1
5,2,6 6,0,6 6,1,6 6,2,5 6,2,6 L3
4,0,6 5,0,5 5,0,6 5,1,6 6,0,5 S2
4,2,6 4,3,6 5,3,6 6,3,6 6,4,6 Z
3,2,6 3,3,6 3,4,6 4,4,6 5,4,6 V
2,1,6 3,0,5 3,0,6 3,1,6 4,1,6 T2
3,0,2 4,0,2 4,0,3 4,0,4 4,0,5 L
2,0,2 2,0,3 2,0,4 3,0,3 3,0,4 P
0,0,3 0,0,4 0,1,3 1,0,2 1,0,3 N2
0,1,2 0,2,2 0,2,3 0,3,3 0,3,4 W
0,3,5 0,4,4 0,4,5 0,4,6 1,4,6 J2
0,3,6 1,3,6 2,2,6 2,3,6 2,4,6 T
0,2,4 0,2,5 0,2,6 1,1,6 1,2,6 J4
0,0,6 0,1,6 1,0,6 2,0,5 2,0,6 L1
0,0,5 0,1,4 0,1,5 1,0,4 1,0,5 A

Y S1S1X L2L2L2    Y           L2    Y           I     Y           U     J2          U     J2          U     J2J2T V V V Z
S1S1X X X L2L4    S1          L4    Y           I     W           U     W           N     J2          U     T T T V Z Z Z
J1J1J1X L4L4L4    J1          V1    W           I     W           N     J4          N     J4          L3    J4J4T V Z L3L3
N1N1J1Q Q V1V1    T1          V1    W           I     N2          N     A           V2    A           V2    L1J4T2T2T2S2L3
T1N1N1Q Q V1F     T1T1N1Q F F F     T1N2P L L F I     N2N2P P L V2N     N2A P P L V2V2    A A L1T2L S2S2    L1L1L1T2S2S2L3

solution 15:
0,0,0 0,0,1 0,0,2 0,1,1 1,0,1 T1
5,0,0 5,1,0 6,1,0 6,1,1 6,2,1 V1
4,0,1 5,0,1 5,0,2 6,0,0 6,0,1 F
5,0,3 5,0,4 6,0,4 6,1,4 6,1,5 V2
6,0,2 6,1,2 6,2,2 6,3,2 6,4,2 I
6,0,3 6,1,3 6,2,3 6,2,4 6,3,4 N
6,3,3 6,3,5 6,4,3 6,4,4 6,4,5 U
5,3,0 6,2,0 6,3,0 6,3,1 6,4,1 N2
3,3,0 3,4,0 4,4,0 5,4,0 6,4,0 L
4,0,0 4,1,0 4,2,0 4,3,0 5,2,0 Y
4,4,6 5,3,6 5,4,6 6,3,6 6,4,6 P
4,2,6 5,1,6 5,2,6 6,2,5 6,2,6 J2
5,0,5 5,0,6 6,0,5 6,0,6 6,1,6 Q
2,3,6 3,2,6 3,3,6 3,4,6 4,3,6 X
0,3,5 0,3,6 0,4,6 1,4,6 2,4,6 J4
0,2,4 0,3,4 0,4,3 0,4,4 0,4,5 T
0,2,3 0,3,2 0,3,3 0,4,1 0,4,2 W
0,2,5 0,2,6 1,1,6 1,2,6 1,3,6 T2
1,4,0 2,2,0 2,3,0 2,4,0 3,2,0 Z
0,3,0 0,3,1 0,4,0 1,2,0 1,3,0 S2
0,1,0 0,2,0 0,2,1 1,0,0 1,1,0 S1
0,0,3 0,1,2 0,1,3 0,2,2 1,0,3 N1
1,0,2 2,0,0 2,0,1 2,0,2 2,1,0 J1
3,0,0 3,0,1 3,0,2 3,1,0 4,0,2 L1
2,0,3 3,0,3 4,0,3 4,0,4 4,0,5 V
3,0,4 3,0,5 3,0,6 4,0,6 4,1,6 L4
2,0,5 2,0,6 2,1,6 2,2,6 3,1,6 L2
0,0,4 0,0,5 0,1,4 1,0,4 2,0,4 L3
0,0,6 0,1,5 0,1,6 1,0,5 1,0,6 A

S2Z Z L L L L     W           N2    W           I     T           U     T           U     T           U     J4J4J4X P P P
S2S2Z L Y N2N2    S2          N2    W           I     W           U     T           N     J4          U     J4T2X X X P P
S1S2Z Z Y Y N2    S1          V1    N1          I     W           N     T           N     T2          J2    T2T2L2X J2J2J2
S1S1J1L1Y V1V1    T1          V1    N1          I     N1          N     L3          V2    A           V2    A T2L2L2L4J2Q
T1S1J1L1Y V1F     T1T1J1L1F F F     T1J1J1L1L1F I     N1N1V V V V2N     L3L3L3L4V V2V2    L3A L2L4V Q Q     A A L2L4L4Q Q

solution 16:
0,0,0 0,0,1 0,0,2 0,1,1 1,0,1 T1
5,0,0 5,1,0 6,1,0 6,1,1 6,2,1 V1
4,0,1 5,0,1 5,0,2 6,0,0 6,0,1 F
5,0,3 5,0,4 6,0,4 6,1,4 6,1,5 V2
6,0,2 6,1,2 6,2,2 6,3,2 6,4,2 I
6,0,3 6,1,3 6,2,3 6,2,4 6,3,4 N
6,3,3 6,3,5 6,4,3 6,4,4 6,4,5 U
4,3,0 5,3,0 5,4,0 6,4,0 6,4,1 S1
4,2,0 5,2,0 6,2,0 6,3,0 6,3,1 L4
2,2,0 2,3,0 3,3,0 3,4,0 4,4,0 W
0,3,0 0,4,0 0,4,1 1,4,0 2,4,0 L3
0,1,0 0,2,0 0,2,1 1,2,0 1,3,0 N2
1,0,0 1,1,0 2,1,0 3,1,0 3,2,0 Z
2,0,0 3,0,0 3,0,1 4,0,0 4,1,0 L2
0,2,2 0,3,1 0,3,2 0,3,3 0,4,2 X
0,2,4 0,3,4 0,4,3 0,4,4 0,4,5 T
0,0,3 0,1,2 0,1,3 0,2,3 1,0,3 J2
1,0,2 2,0,1 2,0,2 3,0,2 4,0,2 Y
5,1,6 5,2,6 5,3,6 6,2,5 6,2,6 T2
3,4,6 4,4,6 5,4,6 6,3,6 6,4,6 L
5,0,5 5,0,6 6,0,5 6,0,6 6,1,6 Q
3,0,3 3,0,4 3,0,5 4,0,3 4,0,4 P
0,0,4 0,1,4 1,0,4 2,0,3 2,0,4 L1
3,2,6 4,0,5 4,0,6 4,1,6 4,2,6 J1
2,1,6 2,2,6 2,3,6 3,3,6 4,3,6 V
1,0,5 2,0,5 2,0,6 3,0,6 3,1,6 N1
0,3,5 0,3,6 0,4,6 1,4,6 2,4,6 J4
0,1,6 0,2,5 0,2,6 1,2,6 1,3,6 S2
0,0,5 0,0,6 0,1,5 1,0,6 1,1,6 A

L3L3L3W W S1S1    L3          S1    X           I     T           U     T           U     T           U     J4J4J4L L L L
L3N2W W S1S1L4    X           L4    X           I     X           U     T           N     J4          U     J4S2V V V T2L
N2N2W Z L4L4L4    N2          V1    X           I     J2          N     T           N     S2          T2    S2S2V J1J1T2T2
N2Z Z Z L2V1V1    T1          V1    J2          I     J2          N     L1          V2    A           V2    S2A V N1J1T2Q
T1Z L2L2L2V1F     T1T1Y L2F F F     T1Y Y Y Y F I     J2J2L1P P V2N     L1L1L1P P V2V2    A N1N1P J1Q Q     A A N1N1J1Q Q

solution 17:
0,0,0 0,0,1 0,0,2 0,1,1 1,0,1 T1
5,0,0 5,1,0 6,1,0 6,1,1 6,2,1 V1
4,0,1 5,0,1 5,0,2 6,0,0 6,0,1 F
5,0,3 5,0,4 6,0,4 6,1,4 6,1,5 V2
6,0,2 6,1,2 6,2,2 6,3,2 6,4,2 I
6,0,3 6,1,3 6,2,3 6,2,4 6,2,5 V
6,3,3 6,3,4 6,3,5 6,3,6 6,4,3 L
5,3,6 5,4,6 6,4,4 6,4,5 6,4,6 L4
5,3,0 5,4,0 6,3,1 6,4,0 6,4,1 A
4,1,0 4,2,0 5,2,0 6,2,0 6,3,0 Z
2,2,0 3,2,0 3,3,0 4,3,0 4,4,0 W
0,3,0 1,3,0 2,3,0 2,4,0 3,4,0 N
0,3,1 0,4,0 0,4,1 0,4,2 1,4,0 L2
0,1,2 0,2,0 0,2,1 0,2,2 1,2,0 L1
0,1,0 1,0,0 1,1,0 2,0,0 2,0,1 N1
2,1,0 3,0,0 3,0,1 3,1,0 4,0,0 N2
0,2,3 0,3,2 0,3,3 0,3,4 0,4,3 X
0,3,5 0,4,4 0,4,5 0,4,6 1,4,6 J2
2,0,2 3,0,2 3,0,3 4,0,2 4,0,3 P
0,0,3 0,1,3 1,0,2 1,0,3 1,0,4 T2
2,0,3 2,0,4 2,0,5 3,0,4 4,0,4 T
2,3,6 2,4,6 3,4,6 4,3,6 4,4,6 U
5,2,6 6,0,5 6,0,6 6,1,6 6,2,6 J1
1,2,6 2,2,6 3,2,6 3,3,6 4,2,6 Y
0,2,4 0,2,5 0,2,6 0,3,6 1,3,6 J4
4,0,6 4,1,6 5,0,5 5,0,6 5,1,6 Q
2,0,6 3,0,5 3,0,6 3,1,6 4,0,5 S2
0,0,6 0,1,5 0,1,6 1,1,6 2,1,6 L3
0,0,4 0,0,5 0,1,4 1,0,5 1,0,6 S1

L2L2N N W A A     L2          A     L2          I     X           L     J2          L4    J2          L4    J2J2U U U L4L4
N N N W W A Z     L2          A     X           I     X           L     X           L     J2          L     J4J4U Y U L4L
L1L1W W Z Z Z     L1          V1    L1          I     X           V     J4          V     J4          V     J4Y Y Y Y J1J1
N1N1N2N2Z V1V1    T1          V1    L1          I     T2          V     S1          V2    L3          V2    L3L3L3S2Q Q J1
T1N1N1N2N2V1F     T1T1N1N2F F F     T1T2P P P F I     T2T2T P P V2V     S1T2T T T V2V2    S1S1T S2S2Q J1    L3S1S2S2Q Q J1

solution 18:
0,0,0 0,0,1 0,0,2 0,1,1 1,0,1 T1
5,0,0 5,1,0 6,1,0 6,1,1 6,2,1 V1
4,0,1 5,0,1 5,0,2 6,0,0 6,0,1 F
5,0,3 5,0,4 6,0,4 6,1,4 6,1,5 V2
6,0,2 6,1,2 6,2,2 6,3,2 6,4,2 I
6,0,3 6,1,3 6,2,3 6,2,4 6,2,5 V
6,3,3 6,3,4 6,3,5 6,3,6 6,4,3 L
5,3,6 5,4,6 6,4,4 6,4,5 6,4,6 L4
5,3,0 5,4,0 6,3,1 6,4,0 6,4,1 A
4,1,0 4,2,0 5,2,0 6,2,0 6,3,0 Z
2,2,0 3,2,0 3,3,0 4,3,0 4,4,0 W
0,3,0 1,3,0 2,3,0 2,4,0 3,4,0 N
0,3,1 0,4,0 0,4,1 0,4,2 1,4,0 L2
0,1,2 0,2,0 0,2,1 0,2,2 1,2,0 L1
0,1,0 1,0,0 1,1,0 2,0,0 2,0,1 N1
2,1,0 3,0,0 3,0,1 3,1,0 4,0,0 N2
0,2,3 0,3,2 0,3,3 0,3,4 0,4,3 X
0,3,5 0,4,4 0,4,5 0,4,6 1,4,6 J2
3,0,2 3,0,4 4,0,2 4,0,3 4,0,4 U
2,0,2 2,0,3 2,0,4 2,0,5 3,0,3 Y
0,0,3 0,1,3 1,0,2 1,0,3 1,0,4 T2
3,3,6 3,4,6 4,2,6 4,3,6 4,4,6 P
1,2,6 2,2,6 2,3,6 2,4,6 3,2,6 T
0,2,4 0,2,5 0,2,6 0,3,6 1,3,6 J4
5,2,6 6,0,5 6,0,6 6,1,6 6,2,6 J1
4,0,6 4,1,6 5,0,5 5,0,6 5,1,6 Q
2,0,6 3,0,5 3,0,6 3,1,6 4,0,5 S2
0,0,6 0,1,5 0,1,6 1,1,6 2,1,6 L3
0,0,4 0,0,5 0,1,4 1,0,5 1,0,6 S1

L2L2N N W A A     L2          A     L2          I     X           L     J2          L4    J2          L4    J2J2T P P L4L4
N N N W W A Z     L2          A     X           I     X           L     X           L     J2          L     J4J4T P P L4L
L1L1W W Z Z Z     L1          V1    L1          I     X           V     J4          V     J4          V     J4T T T P J1J1
N1N1N2N2Z V1V1    T1          V1    L1          I     T2          V     S1          V2    L3          V2    L3L3L3S2Q Q J1
T1N1N1N2N2V1F     T1T1N1N2F F F     T1T2Y U U F I     T2T2Y Y U V2V     S1T2Y U U V2V2    S1S1Y S2S2Q J1    L3S1S2S2Q Q J1

solution 19:
0,0,0 0,0,1 0,0,2 0,1,1 1,0,1 T1
5,0,0 5,1,0 6,1,0 6,1,1 6,2,1 V1
4,0,1 5,0,1 5,0,2 6,0,0 6,0,1 F
5,0,3 5,0,4 6,0,4 6,1,4 6,1,5 V2
6,0,2 6,1,2 6,2,2 6,3,2 6,4,2 I
6,0,3 6,1,3 6,2,3 6,2,4 6,2,5 V
6,3,3 6,3,4 6,3,5 6,3,6 6,4,3 L
5,3,6 5,4,6 6,4,4 6,4,5 6,4,6 L4
5,2,0 6,2,0 6,3,0 6,3,1 6,4,1 N1
3,4,0 4,4,0 5,3,0 5,4,0 6,4,0 Y
2,3,0 3,1,0 3,2,0 3,3,0 4,3,0 T
3,0,0 3,0,1 4,0,0 4,1,0 4,2,0 J4
0,4,0 0,4,1 1,3,0 1,4,0 2,4,0 J2
1,2,0 2,0,0 2,0,1 2,1,0 2,2,0 L1
0,1,0 0,2,0 0,2,1 1,0,0 1,1,0 S1
0,2,2 0,2,3 0,3,0 0,3,1 0,3,2 N
0,2,4 0,3,3 0,3,4 0,4,2 0,4,3 W
0,3,6 0,4,4 0,4,5 0,4,6 1,4,6 L3
0,0,3 0,0,4 0,1,2 0,1,3 1,0,3 S2
1,0,2 2,0,2 2,0,3 2,0,4 3,0,4 Z
3,0,2 3,0,3 4,0,2 4,0,3 4,0,4 P
0,1,6 0,2,5 0,2,6 0,3,5 1,2,6 N2
0,0,5 0,1,4 0,1,5 1,0,4 1,0,5 A
0,0,6 1,0,6 1,1,6 2,0,5 2,0,6 L2
1,3,6 2,2,6 2,3,6 2,4,6 3,3,6 X
2,1,6 3,0,5 3,0,6 3,1,6 4,1,6 T2
3,2,6 3,4,6 4,2,6 4,3,6 4,4,6 U
5,2,6 6,0,5 6,0,6 6,1,6 6,2,6 J1
4,0,5 4,0,6 5,0,5 5,0,6 5,1,6 Q

J2J2J2Y Y Y Y     J2          N1    W           I     W           L     L3          L4    L3          L4    L3L3X U U L4L4
N J2T T T Y N1    N           N1    N           I     W           L     W           L     N2          L     L3X X X U L4L
S1L1L1T J4N1N1    S1          V1    N           I     N           V     W           V     N2          V     N2N2X U U J1J1
S1S1L1T J4V1V1    T1          V1    S2          I     S2          V     A           V2    A           V2    N2L2T2T2T2Q J1
T1S1L1J4J4V1F     T1T1L1J4F F F     T1Z Z P P F I     S2S2Z P P V2V     S2A Z Z P V2V2    A A L2T2Q Q J1    L2L2L2T2Q Q J1

solution 20:
0,0,0 0,0,1 0,0,2 0,1,1 1,0,1 T1
5,0,0 5,1,0 6,1,0 6,1,1 6,2,1 V1
4,0,1 5,0,1 5,0,2 6,0,0 6,0,1 F
5,0,3 5,0,4 6,0,4 6,1,4 6,1,5 V2
6,0,2 6,1,2 6,2,2 6,3,2 6,4,2 I
6,0,3 6,1,3 6,2,3 6,2,4 6,2,5 V
6,3,3 6,3,4 6,3,5 6,3,6 6,4,3 L
5,3,6 5,4,6 6,4,4 6,4,5 6,4,6 L4
5,2,0 6,2,0 6,3,0 6,3,1 6,4,1 N1
3,4,0 4,4,0 5,3,0 5,4,0 6,4,0 Y
2,3,0 3,1,0 3,2,0 3,3,0 4,3,0 T
3,0,0 3,0,1 4,0,0 4,1,0 4,2,0 J4
0,4,0 0,4,1 1,3,0 1,4,0 2,4,0 J2
1,2,0 2,0,0 2,0,1 2,1,0 2,2,0 L1
0,1,0 0,2,0 0,2,1 1,0,0 1,1,0 S1
0,2,2 0,2,3 0,3,0 0,3,1 0,3,2 N
0,2,4 0,3,3 0,3,4 0,4,2 0,4,3 W
0,3,6 0,4,4 0,4,5 0,4,6 1,4,6 L3
0,0,3 0,1,2 0,1,3 0,1,4 1,0,3 T2
1,0,2 2,0,2 2,0,3 2,0,4 3,0,4 Z
3,0,2 3,0,3 4,0,2 4,0,3 4,0,4 P
0,1,6 0,2,5 0,2,6 0,3,5 1,2,6 N2
1,3,6 2,2,6 2,3,6 2,4,6 3,3,6 X
3,2,6 3,4,6 4,2,6 4,3,6 4,4,6 U
5,2,6 6,0,5 6,0,6 6,1,6 6,2,6 J1
0,0,4 0,0,5 0,1,5 1,0,4 1,0,5 Q
0,0,6 1,0,6 1,1,6 2,0,5 2,0,6 L2
2,1,6 3,0,5 3,0,6 3,1,6 4,0,6 S2
4,0,5 4,1,6 5,0,5 5,0,6 5,1,6 A

J2J2J2Y Y Y Y     J2          N1    W           I     W           L     L3          L4    L3          L4    L3L3X U U L4L4
N J2T T T Y N1    N           N1    N           I     W           L     W           L     N2          L     L3X X X U L4L
S1L1L1T J4N1N1    S1          V1    N           I     N           V     W           V     N2          V     N2N2X U U J1J1
S1S1L1T J4V1V1    T1          V1    T2          I     T2          V     T2          V2    Q           V2    N2L2S2S2A A J1
T1S1L1J4J4V1F     T1T1L1J4F F F     T1Z Z P P F I     T2T2Z P P V2V     Q Q Z Z P V2V2    Q Q L2S2A A J1    L2L2L2S2S2A J1

solution 21:
0,0,0 0,0,1 0,0,2 0,1,1 1,0,1 T1
5,0,0 5,1,0 6,1,0 6,1,1 6,2,1 V1
4,0,1 5,0,1 5,0,2 6,0,0 6,0,1 F
5,0,3 5,0,4 6,0,4 6,1,4 6,1,5 V2
6,0,2 6,1,2 6,2,2 6,3,2 6,4,2 I
6,0,3 6,1,3 6,2,3 6,2,4 6,2,5 V
6,3,3 6,3,4 6,3,5 6,3,6 6,4,3 L
5,3,6 5,4,6 6,4,4 6,4,5 6,4,6 L4
5,4,0 6,3,0 6,3,1 6,4,0 6,4,1 Q
4,3,0 4,4,0 5,2,0 5,3,0 6,2,0 W
3,2,0 3,3,0 3,4,0 4,1,0 4,2,0 N
2,1,0 3,0,0 3,0,1 3,1,0 4,0,0 N2
0,1,0 1,0,0 1,1,0 2,0,0 2,0,1 N1
2,0,2 3,0,2 3,0,3 4,0,2 4,0,3 P
0,0,3 0,1,3 1,0,2 1,0,3 1,0,4 T2
2,0,3 2,0,4 3,0,4 4,0,4 4,0,5 Z
0,3,0 1,3,0 2,2,0 2,3,0 2,4,0 T
0,1,2 0,2,0 0,2,1 0,2,2 1,2,0 L1
0,3,1 0,4,0 0,4,1 0,4,2 1,4,0 L2
0,2,3 0,3,2 0,3,3 0,3,4 0,4,3 X
0,3,5 0,4,4 0,4,5 0,4,6 1,4,6 J2
3,3,6 4,1,6 4,2,6 4,3,6 4,4,6 Y
2,2,6 2,3,6 2,4,6 3,2,6 3,4,6 U
5,2,6 6,0,5 6,0,6 6,1,6 6,2,6 J1
3,0,6 4,0,6 5,0,5 5,0,6 5,1,6 L3
2,0,5 2,0,6 2,1,6 3,0,5 3,1,6 A
0,2,4 0,2,5 0,2,6 0,3,6 1,3,6 J4
0,0,6 0,1,5 0,1,6 1,1,6 1,2,6 S2
0,0,4 0,0,5 0,1,4 1,0,5 1,0,6 S1

L2L2T N W Q Q     L2          Q     L2          I     X           L     J2          L4    J2          L4    J2J2U U Y L4L4
T T T N W W Q     L2          Q     X           I     X           L     X           L     J2          L     J4J4U Y Y L4L
L1L1T N N W W     L1          V1    L1          I     X           V     J4          V     J4          V     J4S2U U Y J1J1
N1N1N2N2N V1V1    T1          V1    L1          I     T2          V     S1          V2    S2          V2    S2S2A A Y L3J1
T1N1N1N2N2V1F     T1T1N1N2F F F     T1T2P P P F I     T2T2Z P P V2V     S1T2Z Z Z V2V2    S1S1A A Z L3J1    S2S1A L3L3L3J1

solution 22:
0,0,0 0,0,1 0,0,2 0,1,1 1,0,1 T1
5,0,0 5,1,0 6,1,0 6,1,1 6,2,1 V1
4,0,1 5,0,1 5,0,2 6,0,0 6,0,1 F
5,0,3 5,0,4 6,0,4 6,1,4 6,1,5 V2
6,0,2 6,1,2 6,2,2 6,3,2 6,4,2 I
6,0,3 6,1,3 6,2,3 6,2,4 6,2,5 V
6,3,3 6,3,4 6,3,5 6,3,6 6,4,3 L
5,3,6 5,4,6 6,4,4 6,4,5 6,4,6 L4
5,4,0 6,3,0 6,3,1 6,4,0 6,4,1 Q
4,3,0 4,4,0 5,2,0 5,3,0 6,2,0 W
3,2,0 3,3,0 3,4,0 4,1,0 4,2,0 N
2,1,0 3,0,0 3,0,1 3,1,0 4,0,0 N2
0,1,0 1,0,0 1,1,0 2,0,0 2,0,1 N1
3,0,3 4,0,2 4,0,3 4,0,4 4,0,5 Y
2,0,2 2,0,3 2,0,4 3,0,2 3,0,4 U
0,0,3 0,1,3 1,0,2 1,0,3 1,0,4 T2
0,1,2 0,2,0 0,2,1 0,2,2 1,2,0 L1
0,3,0 1,3,0 2,2,0 2,3,0 2,4,0 T
0,3,1 0,4,0 0,4,1 0,4,2 1,4,0 L2
0,2,3 0,3,2 0,3,3 0,3,4 0,4,3 X
0,3,5 0,4,4 0,4,5 0,4,6 1,4,6 J2
2,4,6 3,3,6 3,4,6 4,3,6 4,4,6 P
5,2,6 6,0,5 6,0,6 6,1,6 6,2,6 J1
3,0,6 4,0,6 5,0,5 5,0,6 5,1,6 L3
2,2,6 2,3,6 3,2,6 4,1,6 4,2,6 Z
2,0,5 2,0,6 2,1,6 3,0,5 3,1,6 A
0,2,4 0,2,5 0,2,6 0,3,6 1,3,6 J4
0,0,6 0,1,5 0,1,6 1,1,6 1,2,6 S2
0,0,4 0,0,5 0,1,4 1,0,5 1,0,6 S1

L2L2T N W Q Q     L2          Q     L2          I     X           L     J2          L4    J2          L4    J2J2P P P L4L4
T T T N W W Q     L2          Q     X           I     X           L     X           L     J2          L     J4J4Z P P L4L
L1L1T N N W W     L1          V1    L1          I     X           V     J4          V     J4          V     J4S2Z Z Z J1J1
N1N1N2N2N V1V1    T1          V1    L1          I     T2          V     S1          V2    S2          V2    S2S2A A Z L3J1
T1N1N1N2N2V1F     T1T1N1N2F F F     T1T2U U Y F I     T2T2U Y Y V2V     S1T2U U Y V2V2    S1S1A A Y L3J1    S2S1A L3L3L3J1

solution 23:
0,0,0 0,0,1 0,0,2 0,1,1 1,0,1 T1
5,0,0 5,1,0 6,1,0 6,1,1 6,2,1 V1
4,0,1 5,0,1 5,0,2 6,0,0 6,0,1 F
5,0,3 5,0,4 6,0,4 6,1,4 6,1,5 V2
6,0,2 6,1,2 6,2,2 6,3,2 6,4,2 I
6,0,3 6,1,3 6,2,3 6,2,4 6,2,5 V
6,3,3 6,4,3 6,4,4 6,4,5 6,4,6 L
5,3,6 5,4,6 6,3,4 6,3,5 6,3,6 J4
4,4,0 5,3,0 5,4,0 6,4,0 6,4,1 L2
4,2,0 5,2,0 6,2,0 6,3,0 6,3,1 L4
2,3,0 3,2,0 3,3,0 3,4,0 4,3,0 X
0,3,0 0,4,0 0,4,1 1,4,0 2,4,0 L3
0,2,0 0,2,1 0,3,1 1,2,0 1,3,0 A
0,1,0 1,0,0 1,1,0 2,0,0 2,0,1 N1
2,1,0 2,2,0 3,1,0 4,0,0 4,1,0 Z
3,0,0 3,0,1 3,0,2 4,0,2 4,0,3 N
0,2,2 0,2,3 0,3,2 0,3,3 0,4,2 P
0,2,4 0,3,4 0,4,3 0,4,4 0,4,5 T
0,0,3 0,1,2 0,1,3 0,1,4 1,0,3 T2
1,0,2 2,0,2 2,0,3 3,0,3 3,0,4 W
4,0,4 4,0,5 5,0,5 5,0,6 5,1,6 S1
5,2,6 6,0,5 6,0,6 6,1,6 6,2,6 J1
1,0,4 2,0,4 2,0,5 2,0,6 2,1,6 L1
3,0,5 3,0,6 3,1,6 4,0,6 4,1,6 Q
0,0,4 0,0,5 0,1,5 1,0,5 1,0,6 S2
0,3,5 0,3,6 0,4,6 1,2,6 1,3,6 N2
0,0,6 0,1,6 0,2,5 0,2,6 1,1,6 J2
1,4,6 2,4,6 3,3,6 3,4,6 4,4,6 Y
2,2,6 2,3,6 3,2,6 4,2,6 4,3,6 U

L3L3L3X L2L2L2    L3          L2    P           I     T           L     T           L     T           L     N2Y Y Y Y J4L
L3A X X X L2L4    A           L4    P           I     P           L     T           J4    N2          J4    N2N2U Y U J4J4
A A Z X L4L4L4    A           V1    P           I     P           V     T           V     J2          V     J2N2U U U J1J1
N1N1Z Z Z V1V1    T1          V1    T2          I     T2          V     T2          V2    S2          V2    J2J2L1Q Q S1J1
T1N1N1N Z V1F     T1T1N1N F F F     T1W W N N F I     T2T2W W N V2V     S2L1L1W S1V2V2    S2S2L1Q S1S1J1    J2S2L1Q Q S1J1

solution 24:
0,0,0 0,0,1 0,0,2 0,1,1 1,0,1 T1
5,0,0 5,1,0 6,1,0 6,1,1 6,2,1 V1
4,0,1 5,0,1 5,0,2 6,0,0 6,0,1 F
5,0,3 5,0,4 6,0,4 6,1,4 6,1,5 V2
6,0,2 6,1,2 6,2,2 6,3,2 6,4,2 I
6,0,3 6,1,3 6,2,3 6,2,4 6,2,5 V
6,3,3 6,4,3 6,4,4 6,4,5 6,4,6 L
5,3,6 5,4,6 6,3,4 6,3,5 6,3,6 J4
4,4,0 5,3,0 5,4,0 6,4,0 6,4,1 L2
4,2,0 5,2,0 6,2,0 6,3,0 6,3,1 L4
2,3,0 3,2,0 3,3,0 3,4,0 4,3,0 X
0,3,0 0,4,0 0,4,1 1,4,0 2,4,0 L3
0,2,0 0,2,1 0,3,1 1,2,0 1,3,0 A
0,1,0 1,0,0 1,1,0 2,0,0 2,0,1 N1
2,1,0 2,2,0 3,1,0 4,0,0 4,1,0 Z
3,0,0 3,0,1 3,0,2 4,0,2 4,0,3 N
0,3,3 0,4,2 0,4,3 0,4,4 0,4,5 Y
0,2,2 0,2,3 0,2,4 0,3,2 0,3,4 U
0,0,3 0,1,2 0,1,3 0,1,4 1,0,3 T2
1,0,2 2,0,2 2,0,3 3,0,3 3,0,4 W
4,0,4 4,0,5 5,0,5 5,0,6 5,1,6 S1
5,2,6 6,0,5 6,0,6 6,1,6 6,2,6 J1
3,2,6 3,3,6 4,2,6 4,3,6 4,4,6 P
1,4,6 2,2,6 2,3,6 2,4,6 3,4,6 T
1,0,4 2,0,4 2,0,5 2,0,6 2,1,6 L1
3,0,5 3,0,6 3,1,6 4,0,6 4,1,6 Q
0,0,4 0,0,5 0,1,5 1,0,5 1,0,6 S2
0,0,6 0,1,6 0,2,5 0,2,6 1,1,6 J2
0,3,5 0,3,6 0,4,6 1,2,6 1,3,6 N2

L3L3L3X L2L2L2    L3          L2    Y           I     Y           L     Y           L     Y           L     N2T T T P J4L
L3A X X X L2L4    A           L4    U           I     Y           L     U           J4    N2          J4    N2N2T P P J4J4
A A Z X L4L4L4    A           V1    U           I     U           V     U           V     J2          V     J2N2T P P J1J1
N1N1Z Z Z V1V1    T1          V1    T2          I     T2          V     T2          V2    S2          V2    J2J2L1Q Q S1J1
T1N1N1N Z V1F     T1T1N1N F F F     T1W W N N F I     T2T2W W N V2V     S2L1L1W S1V2V2    S2S2L1Q S1S1J1    J2S2L1Q Q S1J1

solution 25:
0,0,0 0,0,1 0,0,2 0,1,1 1,0,1 T1
5,0,0 5,1,0 6,1,0 6,1,1 6,2,1 V1
4,0,1 5,0,1 5,0,2 6,0,0 6,0,1 F
5,0,3 5,0,4 6,0,4 6,1,4 6,1,5 V2
6,0,2 6,1,2 6,2,2 6,3,2 6,4,2 I
6,0,3 6,1,3 6,2,3 6,2,4 6,2,5 V
6,3,3 6,3,4 6,3,5 6,4,3 6,4,4 P
4,3,6 5,3,6 6,3,6 6,4,5 6,4,6 J4
2,4,6 3,3,6 3,4,6 4,4,6 5,4,6 Y
4,4,0 5,4,0 6,3,1 6,4,0 6,4,1 L4
4,1,0 4,2,0 5,2,0 6,2,0 6,3,0 Z
3,2,0 3,3,0 3,4,0 4,3,0 5,3,0 T
2,1,0 3,0,0 3,0,1 3,1,0 4,0,0 N2
0,1,0 1,0,0 1,1,0 2,0,0 2,0,1 N1
0,2,0 0,2,1 1,2,0 1,3,0 2,2,0 L2
0,4,0 0,4,1 1,4,0 2,3,0 2,4,0 J1
0,3,0 0,3,1 0,3,2 0,4,2 0,4,3 N
0,2,2 0,2,3 0,3,3 0,3,4 0,4,4 W
0,0,3 0,1,2 0,1,3 1,0,2 1,0,3 A
2,0,2 2,0,3 3,0,2 4,0,2 4,0,3 U
2,0,4 3,0,3 3,0,4 3,0,5 4,0,4 X
0,0,4 0,1,4 0,2,4 0,2,5 1,0,4 L1
5,0,6 6,0,5 6,0,6 6,1,6 6,2,6 L3
3,0,6 4,0,5 4,0,6 4,1,6 5,0,5 S2
2,2,6 3,2,6 4,2,6 5,1,6 5,2,6 L
1,1,6 2,0,5 2,0,6 2,1,6 3,1,6 T2
0,4,5 0,4,6 1,3,6 1,4,6 2,3,6 S1
0,1,6 0,2,6 0,3,5 0,3,6 1,2,6 J2
0,0,5 0,0,6 0,1,5 1,0,5 1,0,6 Q

J1J1J1T L4L4L4    J1          L4    N           I     N           P     W           P     S1          J4    S1S1Y Y Y Y J4
N L2J1T T T Z     N           L4    N           I     W           P     W           P     J2          P     J2S1S1Y J4J4J4
L2L2L2T Z Z Z     L2          V1    W           I     W           V     L1          V     L1          V     J2J2L L L L L3
N1N1N2N2Z V1V1    T1          V1    A           I     A           V     L1          V2    Q           V2    J2T2T2T2S2L L3
T1N1N1N2N2V1F     T1T1N1N2F F F     T1A U U U F I     A A U X U V2V     L1L1X X X V2V2    Q Q T2X S2S2L3    Q Q T2S2S2L3L3

