solving PentacubesPointyDiamondBlock:

solution 1 (5,754 searches):
0,4,0 0,4,1 1,4,1 1,4,2 2,4,1 F5
0,4,2 0,4,3 1,4,3 2,4,3 2,5,3 J15
0,4,4 1,4,4 2,4,4 3,4,4 4,4,4 I5
1,4,0 2,4,0 2,5,0 3,4,0 3,4,1 J25
2,5,4 3,5,4 4,5,4 4,6,3 4,6,4 J45
4,7,1 4,8,1 4,8,2 4,8,3 4,8,4 L5
3,6,2 4,6,2 4,7,2 4,7,3 4,7,4 L45
4,6,0 4,6,1 4,7,0 4,8,0 5,6,0 L35
3,4,3 3,5,3 3,6,3 3,6,4 4,4,3 L15
3,5,0 3,6,0 3,6,1 4,5,0 4,5,1 A5
2,4,2 2,5,1 2,5,2 3,3,2 3,4,2 N15
3,5,1 3,5,2 4,4,2 4,5,2 5,5,2 L25
5,5,0 5,5,1 5,6,1 5,6,2 6,5,1 N25
2,3,0 2,3,1 2,3,2 3,3,0 3,3,1 P5
7,4,1 7,4,2 7,4,3 8,4,0 8,4,1 N5
6,4,4 7,4,4 8,4,2 8,4,3 8,4,4 V5
4,0,0 4,1,0 4,1,1 4,1,2 4,2,0 T5
4,0,1 4,0,2 4,0,3 4,0,4 4,1,3 Y5
3,2,0 3,2,1 4,2,1 4,2,2 5,2,2 W5
5,4,0 6,3,0 6,4,0 6,5,0 7,4,0 X5
2,3,3 2,3,4 3,2,2 3,2,3 3,3,3 V25
3,2,4 4,1,4 4,2,3 4,2,4 5,2,4 T15
3,3,4 4,3,2 4,3,3 4,3,4 5,3,2 Z5
5,2,3 5,3,3 5,3,4 5,4,4 6,3,4 S25
4,5,3 5,5,3 5,5,4 5,6,3 5,6,4 Q5
5,4,3 6,4,3 6,5,2 6,5,3 6,5,4 T25
5,4,1 5,4,2 6,3,2 6,3,3 6,4,2 V15
4,3,1 4,4,1 5,3,1 6,3,1 6,4,1 U5
4,3,0 4,4,0 5,2,0 5,2,1 5,3,0 S15

                L35                                     L5                                      L5                                      L5                                      L5
                L35                                     L5                                      L45                                     L45                                     L45
            A5  L35 L35                             A5  L35 N25                             L45 L45 N25                             L15 J45 Q5                              L15 J45 Q5
        J25 A5  A5  N25 X5                      N15 L25 A5  N25 N25                     N15 L25 L25 L25 T25                     J15 L15 Q5  Q5  T25                     J45 J45 J45 Q5  T25
F5  J25 J25 J25 S15 X5  X5  X5  N5      F5  F5  F5  J25 U5  V15 U5  N5  N5      J15 F5  N15 N15 L25 V15 V15 N5  V5      J15 J15 J15 L15 L15 T25 T25 N5  V5      I5  I5  I5  I5  I5  S25 V5  V5  V5
        P5  P5  S15 S15 X5                      P5  P5  U5  U5  U5                      P5  N15 Z5  Z5  V15                     V25 V25 Z5  S25 V15                     V25 Z5  Z5  S25 S25
            W5  T5  S15                             W5  W5  S15                             V25 W5  W5                              V25 T15 S25                             T15 T15 T15
                T5                                      T5                                      T5                                      Y5                                      T15
                T5                                      Y5                                      Y5                                      Y5                                      Y5

solution 2 (30,121 searches):
0,4,0 0,4,1 1,4,1 1,4,2 2,4,1 F5
0,4,2 0,4,3 1,4,3 2,4,3 2,5,3 J15
0,4,4 1,4,4 2,4,4 3,4,4 4,4,4 I5
1,4,0 2,4,0 2,5,0 3,4,0 3,4,1 J25
2,5,4 3,5,4 4,5,4 4,6,3 4,6,4 J45
4,7,1 4,8,1 4,8,2 4,8,3 4,8,4 L5
3,6,2 4,6,2 4,7,2 4,7,3 4,7,4 L45
4,6,0 4,6,1 4,7,0 4,8,0 5,6,0 L35
3,4,3 3,5,3 3,6,3 3,6,4 4,4,3 L15
3,5,0 3,6,0 3,6,1 4,5,0 4,5,1 A5
2,4,2 2,5,1 2,5,2 3,3,2 3,4,2 N15
3,5,1 3,5,2 4,4,2 4,5,2 5,5,2 L25
5,5,0 5,5,1 5,6,1 5,6,2 6,5,1 N25
2,3,0 2,3,1 2,3,2 3,3,0 3,3,1 P5
7,4,1 7,4,2 7,4,3 8,4,0 8,4,1 N5
6,4,4 7,4,4 8,4,2 8,4,3 8,4,4 V5
4,0,0 4,0,1 4,0,2 4,0,3 4,1,2 Y5
4,0,4 4,1,3 4,1,4 4,2,2 4,2,3 W5
2,3,3 2,3,4 3,2,4 3,3,4 4,2,4 S15
3,2,3 3,3,3 4,3,2 4,3,3 4,3,4 T25
3,2,1 3,2,2 4,1,0 4,1,1 4,2,1 V25
3,2,0 4,2,0 4,3,0 4,3,1 5,3,0 S25
5,2,0 5,2,1 5,3,1 6,3,1 6,3,2 V15
5,4,0 6,3,0 6,4,0 6,5,0 7,4,0 X5
4,4,0 4,4,1 5,4,1 6,4,1 6,4,2 Z5
6,3,3 6,4,3 6,5,2 6,5,3 6,5,4 T5
5,2,4 5,3,3 5,3,4 5,4,4 6,3,4 T15
4,5,3 5,5,3 5,5,4 5,6,3 5,6,4 Q5
5,2,2 5,2,3 5,3,2 5,4,2 5,4,3 U5

                L35                                     L5                                      L5                                      L5                                      L5
                L35                                     L5                                      L45                                     L45                                     L45
            A5  L35 L35                             A5  L35 N25                             L45 L45 N25                             L15 J45 Q5                              L15 J45 Q5
        J25 A5  A5  N25 X5                      N15 L25 A5  N25 N25                     N15 L25 L25 L25 T5                      J15 L15 Q5  Q5  T5                      J45 J45 J45 Q5  T5
F5  J25 J25 J25 Z5  X5  X5  X5  N5      F5  F5  F5  J25 Z5  Z5  Z5  N5  N5      J15 F5  N15 N15 L25 U5  Z5  N5  V5      J15 J15 J15 L15 L15 U5  T5  N5  V5      I5  I5  I5  I5  I5  T15 V5  V5  V5
        P5  P5  S25 S25 X5                      P5  P5  S25 V15 V15                     P5  N15 T25 U5  V15                     S15 T25 T25 T15 T5                      S15 S15 T25 T15 T15
            S25 S25 V15                             V25 V25 V15                             V25 W5  U5                              T25 W5  U5                              S15 S15 T15
                V25                                     V25                                     Y5                                      W5                                      W5
                Y5                                      Y5                                      Y5                                      Y5                                      W5

solution 3 (37,337 searches):
0,4,0 0,4,1 1,4,1 1,4,2 2,4,1 F5
0,4,2 0,4,3 1,4,3 2,4,3 2,5,3 J15
0,4,4 1,4,4 2,4,4 3,4,4 4,4,4 I5
1,4,0 2,4,0 2,5,0 3,4,0 3,4,1 J25
2,5,4 3,5,4 4,5,4 4,6,3 4,6,4 J45
4,7,1 4,8,1 4,8,2 4,8,3 4,8,4 L5
3,6,2 4,6,2 4,7,2 4,7,3 4,7,4 L45
4,6,0 4,6,1 4,7,0 4,8,0 5,6,0 L35
3,4,3 3,5,3 3,6,3 3,6,4 4,4,3 L15
3,5,0 3,6,0 3,6,1 4,5,0 4,5,1 A5
2,4,2 2,5,1 2,5,2 3,3,2 3,4,2 N15
3,5,1 3,5,2 4,4,2 4,5,2 5,5,2 L25
5,5,0 5,5,1 5,6,1 5,6,2 6,5,1 N25
2,3,0 2,3,1 2,3,2 3,3,0 3,3,1 P5
7,4,1 7,4,2 7,4,3 8,4,0 8,4,1 N5
6,4,4 7,4,4 8,4,2 8,4,3 8,4,4 V5
4,0,0 4,1,0 4,1,1 4,1,2 4,2,2 Z5
4,0,1 4,0,2 4,0,3 4,0,4 4,1,3 Y5
5,4,0 6,3,0 6,4,0 6,5,0 7,4,0 X5
2,3,4 3,2,4 3,3,4 4,1,4 4,2,4 W5
2,3,3 3,2,2 3,2,3 3,3,3 4,2,3 S25
3,2,0 3,2,1 4,2,1 5,2,0 5,2,1 U5
4,2,0 4,3,0 4,3,1 4,4,0 5,3,0 T15
4,4,1 5,4,1 5,4,2 6,3,2 6,4,2 S15
5,2,2 5,3,1 5,3,2 6,3,1 6,4,1 V15
4,3,2 4,3,3 5,3,3 5,4,3 5,4,4 V25
4,3,4 5,2,3 5,2,4 5,3,4 6,3,4 T25
6,3,3 6,4,3 6,5,2 6,5,3 6,5,4 T5
4,5,3 5,5,3 5,5,4 5,6,3 5,6,4 Q5

                L35                                     L5                                      L5                                      L5                                      L5
                L35                                     L5                                      L45                                     L45                                     L45
            A5  L35 L35                             A5  L35 N25                             L45 L45 N25                             L15 J45 Q5                              L15 J45 Q5
        J25 A5  A5  N25 X5                      N15 L25 A5  N25 N25                     N15 L25 L25 L25 T5                      J15 L15 Q5  Q5  T5                      J45 J45 J45 Q5  T5
F5  J25 J25 J25 T15 X5  X5  X5  N5      F5  F5  F5  J25 S15 S15 V15 N5  N5      J15 F5  N15 N15 L25 S15 S15 N5  V5      J15 J15 J15 L15 L15 V25 T5  N5  V5      I5  I5  I5  I5  I5  V25 V5  V5  V5
        P5  P5  T15 T15 X5                      P5  P5  T15 V15 V15                     P5  N15 V25 V15 S15                     S25 S25 V25 V25 T5                      W5  W5  T25 T25 T25
            U5  T15 U5                              U5  U5  U5                              S25 Z5  V15                             S25 S25 T25                             W5  W5  T25
                Z5                                      Z5                                      Z5                                      Y5                                      W5
                Z5                                      Y5                                      Y5                                      Y5                                      Y5

solution 4 (93,396 searches):
0,4,0 0,4,1 1,4,1 1,4,2 2,4,1 F5
0,4,2 0,4,3 1,4,3 2,4,3 2,5,3 J15
0,4,4 1,4,4 2,4,4 3,4,4 4,4,4 I5
1,4,0 2,4,0 2,5,0 3,4,0 3,4,1 J25
2,5,4 3,5,4 4,5,4 4,6,3 4,6,4 J45
4,7,1 4,8,1 4,8,2 4,8,3 4,8,4 L5
3,6,2 4,6,2 4,7,2 4,7,3 4,7,4 L45
4,6,0 4,6,1 4,7,0 4,8,0 5,6,0 L35
3,4,3 3,5,3 3,6,3 3,6,4 4,4,3 L15
3,5,0 3,6,0 3,6,1 4,5,0 4,5,1 A5
2,4,2 2,5,1 2,5,2 3,3,2 3,4,2 N15
3,5,1 3,5,2 4,4,2 4,5,2 5,5,2 L25
5,5,0 5,5,1 5,6,1 5,6,2 6,5,1 N25
2,3,0 2,3,1 2,3,2 3,3,0 3,3,1 P5
6,3,0 6,4,0 6,5,0 7,4,0 8,4,0 T5
7,4,2 8,4,1 8,4,2 8,4,3 8,4,4 Y5
4,0,0 4,0,1 4,1,1 4,1,2 4,1,3 N5
4,0,2 4,0,3 4,0,4 4,1,4 4,2,4 V5
2,3,3 2,3,4 3,2,2 3,2,3 3,3,3 V25
3,2,4 3,3,4 4,3,4 5,2,4 5,3,4 U5
5,3,1 6,3,1 6,3,2 6,4,1 7,4,1 S25
3,2,0 4,1,0 4,2,0 4,3,0 5,2,0 X5
4,4,0 4,4,1 5,3,0 5,4,0 5,4,1 Q5
3,2,1 4,2,1 4,2,2 4,3,1 5,2,1 T15
4,2,3 4,3,2 4,3,3 5,3,2 5,4,2 V15
5,2,2 5,2,3 5,3,3 5,4,3 5,4,4 Z5
4,5,3 5,5,3 5,6,3 5,6,4 6,5,3 T25
6,3,3 6,3,4 6,4,2 6,4,3 6,5,2 W5
5,5,4 6,4,4 6,5,4 7,4,3 7,4,4 S15

                L35                                     L5                                      L5                                      L5                                      L5
                L35                                     L5                                      L45                                     L45                                     L45
            A5  L35 L35                             A5  L35 N25                             L45 L45 N25                             L15 J45 T25                             L15 J45 T25
        J25 A5  A5  N25 T5                      N15 L25 A5  N25 N25                     N15 L25 L25 L25 W5                      J15 L15 T25 T25 T25                     J45 J45 J45 S15 S15
F5  J25 J25 J25 Q5  Q5  T5  T5  T5      F5  F5  F5  J25 Q5  Q5  S25 S25 Y5      J15 F5  N15 N15 L25 V15 W5  Y5  Y5      J15 J15 J15 L15 L15 Z5  W5  S15 Y5      I5  I5  I5  I5  I5  Z5  S15 S15 Y5
        P5  P5  X5  Q5  T5                      P5  P5  T15 S25 S25                     P5  N15 V15 V15 S25                     V25 V25 V15 Z5  W5                      V25 U5  U5  U5  W5
            X5  X5  X5                              T15 T15 T15                             V25 T15 Z5                              V25 V15 Z5                              U5  V5  U5
                X5                                      N5                                      N5                                      N5                                      V5
                N5                                      N5                                      V5                                      V5                                      V5

solution 5 (113,826 searches):
0,4,0 0,4,1 1,4,1 1,4,2 2,4,1 F5
0,4,2 0,4,3 1,4,3 2,4,3 2,5,3 J15
0,4,4 1,4,4 2,4,4 3,4,4 4,4,4 I5
1,4,0 2,4,0 2,5,0 3,4,0 3,4,1 J25
2,5,4 3,5,4 4,5,4 4,6,3 4,6,4 J45
4,7,1 4,8,1 4,8,2 4,8,3 4,8,4 L5
3,6,2 4,6,2 4,7,2 4,7,3 4,7,4 L45
4,6,0 4,6,1 4,7,0 4,8,0 5,6,0 L35
3,4,3 3,5,3 3,6,3 3,6,4 4,4,3 L15
3,5,0 3,6,0 3,6,1 4,5,0 4,5,1 A5
2,4,2 2,5,1 2,5,2 3,3,2 3,4,2 N15
3,5,1 3,5,2 4,4,2 4,5,2 5,5,2 L25
5,5,0 5,5,1 5,6,1 5,6,2 6,5,1 N25
2,3,0 2,3,1 2,3,2 3,3,0 3,3,1 P5
6,3,0 6,4,0 6,5,0 7,4,0 8,4,0 T5
7,4,3 8,4,1 8,4,2 8,4,3 8,4,4 Y5
4,0,0 4,0,1 4,0,2 4,1,0 4,1,2 U5
4,0,3 4,0,4 4,1,3 4,2,2 4,2,3 Z5
4,1,4 4,2,4 5,2,4 5,3,4 5,4,4 N5
2,3,4 3,3,4 4,3,2 4,3,3 4,3,4 V5
2,3,3 3,2,2 3,2,3 3,2,4 3,3,3 T25
4,5,3 5,4,3 5,5,3 5,6,3 6,5,3 X5
5,5,4 5,6,4 6,4,4 6,5,4 7,4,4 W5
5,2,2 5,2,3 5,3,3 6,3,3 6,3,4 V15
3,2,0 3,2,1 4,2,0 4,3,0 5,3,0 S15
4,1,1 4,2,1 5,2,0 5,2,1 5,3,1 S25
4,3,1 4,4,0 4,4,1 5,4,0 5,4,1 Q5
5,3,2 6,3,1 6,3,2 6,4,1 7,4,1 V25
5,4,2 6,4,2 6,4,3 6,5,2 7,4,2 T15

                L35                                     L5                                      L5                                      L5                                      L5
                L35                                     L5                                      L45                                     L45                                     L45
            A5  L35 L35                             A5  L35 N25                             L45 L45 N25                             L15 J45 X5                              L15 J45 W5
        J25 A5  A5  N25 T5                      N15 L25 A5  N25 N25                     N15 L25 L25 L25 T15                     J15 L15 X5  X5  X5                      J45 J45 J45 W5  W5
F5  J25 J25 J25 Q5  Q5  T5  T5  T5      F5  F5  F5  J25 Q5  Q5  V25 V25 Y5      J15 F5  N15 N15 L25 T15 T15 T15 Y5      J15 J15 J15 L15 L15 X5  T15 Y5  Y5      I5  I5  I5  I5  I5  N5  W5  W5  Y5
        P5  P5  S15 S15 T5                      P5  P5  Q5  S25 V25                     P5  N15 V5  V25 V25                     T25 T25 V5  V15 V15                     V5  V5  V5  N5  V15
            S15 S15 S25                             S15 S25 S25                             T25 Z5  V15                             T25 Z5  V15                             T25 N5  N5
                U5                                      S25                                     U5                                      Z5                                      N5
                U5                                      U5                                      U5                                      Z5                                      Z5

solution 6 (122,800 searches):
0,4,0 0,4,1 1,4,1 1,4,2 2,4,1 F5
0,4,2 0,4,3 1,4,3 2,4,3 2,5,3 J15
0,4,4 1,4,4 2,4,4 3,4,4 4,4,4 I5
1,4,0 2,4,0 2,5,0 3,4,0 3,4,1 J25
2,5,4 3,5,4 4,5,4 4,6,3 4,6,4 J45
4,7,1 4,8,1 4,8,2 4,8,3 4,8,4 L5
3,6,2 4,6,2 4,7,2 4,7,3 4,7,4 L45
4,6,0 4,6,1 4,7,0 4,8,0 5,6,0 L35
3,4,3 3,5,3 3,6,3 3,6,4 4,4,3 L15
3,5,0 3,6,0 3,6,1 4,5,0 4,5,1 A5
2,4,2 2,5,1 2,5,2 3,3,2 3,4,2 N15
3,5,1 3,5,2 4,4,2 4,5,2 5,5,2 L25
5,5,0 5,5,1 5,6,1 5,6,2 6,5,1 N25
2,3,0 2,3,1 2,3,2 3,3,0 3,3,1 P5
6,3,0 6,4,0 6,5,0 7,4,0 8,4,0 T5
7,4,3 8,4,1 8,4,2 8,4,3 8,4,4 Y5
4,0,0 4,1,0 4,1,1 4,1,2 4,2,2 Z5
4,0,1 4,0,2 4,0,3 4,1,3 4,2,3 V5
3,2,4 3,3,4 4,0,4 4,1,4 4,2,4 N5
2,3,3 2,3,4 3,2,2 3,2,3 3,3,3 V25
3,2,0 3,2,1 4,2,0 4,2,1 4,3,0 Q5
4,3,1 4,3,2 4,4,0 4,4,1 5,3,2 S15
5,2,0 5,2,1 5,3,0 5,4,0 5,4,1 U5
5,3,1 6,3,1 6,3,2 6,4,1 7,4,1 S25
5,2,2 5,2,3 5,3,3 6,3,3 6,3,4 V15
4,5,3 5,4,3 5,5,3 5,6,3 6,5,3 X5
4,3,3 4,3,4 5,2,4 5,3,4 5,4,4 T25
5,4,2 6,4,2 6,4,3 6,5,2 7,4,2 T15
5,5,4 5,6,4 6,4,4 6,5,4 7,4,4 W5

                L35                                     L5                                      L5                                      L5                                      L5
                L35                                     L5                                      L45                                     L45                                     L45
            A5  L35 L35                             A5  L35 N25                             L45 L45 N25                             L15 J45 X5                              L15 J45 W5
        J25 A5  A5  N25 T5                      N15 L25 A5  N25 N25                     N15 L25 L25 L25 T15                     J15 L15 X5  X5  X5                      J45 J45 J45 W5  W5
F5  J25 J25 J25 S15 U5  T5  T5  T5      F5  F5  F5  J25 S15 U5  S25 S25 Y5      J15 F5  N15 N15 L25 T15 T15 T15 Y5      J15 J15 J15 L15 L15 X5  T15 Y5  Y5      I5  I5  I5  I5  I5  T25 W5  W5  Y5
        P5  P5  Q5  U5  T5                      P5  P5  S15 S25 S25                     P5  N15 S15 S15 S25                     V25 V25 T25 V15 V15                     V25 N5  T25 T25 V15
            Q5  Q5  U5                              Q5  Q5  U5                              V25 Z5  V15                             V25 V5  V15                             N5  N5  T25
                Z5                                      Z5                                      Z5                                      V5                                      N5
                Z5                                      V5                                      V5                                      V5                                      N5

solution 7 (210,741 searches):
0,4,0 0,4,1 1,4,1 1,4,2 2,4,1 F5
0,4,2 0,4,3 1,4,3 2,4,3 2,5,3 J15
0,4,4 1,4,4 2,4,4 3,4,4 4,4,4 I5
1,4,0 2,4,0 2,5,0 3,4,0 3,4,1 J25
2,5,4 3,5,4 4,5,4 4,6,3 4,6,4 J45
4,7,1 4,8,1 4,8,2 4,8,3 4,8,4 L5
3,6,2 4,6,2 4,7,2 4,7,3 4,7,4 L45
4,6,0 4,6,1 4,7,0 4,8,0 5,6,0 L35
3,4,3 3,5,3 3,6,3 3,6,4 4,4,3 L15
3,5,0 3,6,0 3,6,1 4,5,0 4,5,1 A5
2,4,2 2,5,1 2,5,2 3,3,2 3,4,2 N15
3,5,1 3,5,2 4,4,2 4,5,2 5,5,2 L25
5,5,0 5,5,1 5,6,1 5,6,2 6,5,1 N25
2,3,0 2,3,1 2,3,2 3,3,0 3,3,1 P5
7,4,1 8,4,0 8,4,1 8,4,2 8,4,3 Y5
6,4,4 7,4,2 7,4,3 7,4,4 8,4,4 T5
4,0,0 4,0,1 4,0,2 4,1,0 4,2,0 V5
3,2,0 3,2,1 4,2,1 4,2,2 5,2,2 W5
4,0,3 4,0,4 4,1,1 4,1,2 4,1,3 N5
5,4,0 6,3,0 6,4,0 6,5,0 7,4,0 X5
2,3,3 2,3,4 3,2,2 3,2,3 3,3,3 V25
3,2,4 4,1,4 4,2,3 4,2,4 5,2,4 T15
3,3,4 4,3,2 4,3,3 4,3,4 5,3,2 Z5
5,2,3 5,3,3 5,3,4 5,4,4 6,3,4 S25
4,5,3 5,5,3 5,5,4 5,6,3 5,6,4 Q5
5,4,3 6,4,3 6,5,2 6,5,3 6,5,4 T25
5,4,1 5,4,2 6,3,2 6,3,3 6,4,2 V15
4,3,1 4,4,1 5,3,1 6,3,1 6,4,1 U5
4,3,0 4,4,0 5,2,0 5,2,1 5,3,0 S15

                L35                                     L5                                      L5                                      L5                                      L5
                L35                                     L5                                      L45                                     L45                                     L45
            A5  L35 L35                             A5  L35 N25                             L45 L45 N25                             L15 J45 Q5                              L15 J45 Q5
        J25 A5  A5  N25 X5                      N15 L25 A5  N25 N25                     N15 L25 L25 L25 T25                     J15 L15 Q5  Q5  T25                     J45 J45 J45 Q5  T25
F5  J25 J25 J25 S15 X5  X5  X5  Y5      F5  F5  F5  J25 U5  V15 U5  Y5  Y5      J15 F5  N15 N15 L25 V15 V15 T5  Y5      J15 J15 J15 L15 L15 T25 T25 T5  Y5      I5  I5  I5  I5  I5  S25 T5  T5  T5
        P5  P5  S15 S15 X5                      P5  P5  U5  U5  U5                      P5  N15 Z5  Z5  V15                     V25 V25 Z5  S25 V15                     V25 Z5  Z5  S25 S25
            W5  V5  S15                             W5  W5  S15                             V25 W5  W5                              V25 T15 S25                             T15 T15 T15
                V5                                      N5                                      N5                                      N5                                      T15
                V5                                      V5                                      V5                                      N5                                      N5

solution 8 (226,297 searches):
0,4,0 0,4,1 1,4,1 1,4,2 2,4,1 F5
0,4,2 0,4,3 1,4,3 2,4,3 2,5,3 J15
0,4,4 1,4,4 2,4,4 3,4,4 4,4,4 I5
1,4,0 2,4,0 2,5,0 3,4,0 3,4,1 J25
2,5,4 3,5,4 4,5,4 4,6,3 4,6,4 J45
4,7,1 4,8,1 4,8,2 4,8,3 4,8,4 L5
3,6,2 4,6,2 4,7,2 4,7,3 4,7,4 L45
4,6,0 4,6,1 4,7,0 4,8,0 5,6,0 L35
3,4,3 3,5,3 3,6,3 3,6,4 4,4,3 L15
3,5,0 3,6,0 3,6,1 4,5,0 4,5,1 A5
2,4,2 2,5,1 2,5,2 3,3,2 3,4,2 N15
3,5,1 3,5,2 4,4,2 4,5,2 5,5,2 L25
5,5,0 5,5,1 5,6,1 5,6,2 6,5,1 N25
2,3,0 2,3,1 2,3,2 3,3,0 3,3,1 P5
7,4,1 8,4,0 8,4,1 8,4,2 8,4,3 Y5
6,4,2 7,4,2 7,4,3 7,4,4 8,4,4 Z5
4,0,0 4,0,1 4,0,2 4,1,0 4,2,0 V5
3,2,0 3,2,1 4,2,1 4,2,2 5,2,2 W5
4,0,3 4,0,4 4,1,1 4,1,2 4,1,3 N5
5,4,0 6,3,0 6,4,0 6,5,0 7,4,0 X5
2,3,3 2,3,4 3,2,2 3,2,3 3,3,3 V25
3,2,4 4,1,4 4,2,3 4,2,4 4,3,3 S25
3,3,4 4,3,4 5,2,4 5,3,4 5,4,4 T5
4,5,3 5,5,3 5,5,4 5,6,3 5,6,4 Q5
5,4,3 6,4,3 6,5,2 6,5,3 6,5,4 T25
5,2,3 5,3,3 6,3,3 6,3,4 6,4,4 V15
4,3,2 5,3,1 5,3,2 5,4,2 6,3,2 T15
4,3,1 4,4,1 5,4,1 6,3,1 6,4,1 U5
4,3,0 4,4,0 5,2,0 5,2,1 5,3,0 S15

                L35                                     L5                                      L5                                      L5                                      L5
                L35                                     L5                                      L45                                     L45                                     L45
            A5  L35 L35                             A5  L35 N25                             L45 L45 N25                             L15 J45 Q5                              L15 J45 Q5
        J25 A5  A5  N25 X5                      N15 L25 A5  N25 N25                     N15 L25 L25 L25 T25                     J15 L15 Q5  Q5  T25                     J45 J45 J45 Q5  T25
F5  J25 J25 J25 S15 X5  X5  X5  Y5      F5  F5  F5  J25 U5  U5  U5  Y5  Y5      J15 F5  N15 N15 L25 T15 Z5  Z5  Y5      J15 J15 J15 L15 L15 T25 T25 Z5  Y5      I5  I5  I5  I5  I5  T5  V15 Z5  Z5
        P5  P5  S15 S15 X5                      P5  P5  U5  T15 U5                      P5  N15 T15 T15 T15                     V25 V25 S25 V15 V15                     V25 T5  T5  T5  V15
            W5  V5  S15                             W5  W5  S15                             V25 W5  W5                              V25 S25 V15                             S25 S25 T5
                V5                                      N5                                      N5                                      N5                                      S25
                V5                                      V5                                      V5                                      N5                                      N5

solution 9 (226,301 searches):
0,4,0 0,4,1 1,4,1 1,4,2 2,4,1 F5
0,4,2 0,4,3 1,4,3 2,4,3 2,5,3 J15
0,4,4 1,4,4 2,4,4 3,4,4 4,4,4 I5
1,4,0 2,4,0 2,5,0 3,4,0 3,4,1 J25
2,5,4 3,5,4 4,5,4 4,6,3 4,6,4 J45
4,7,1 4,8,1 4,8,2 4,8,3 4,8,4 L5
3,6,2 4,6,2 4,7,2 4,7,3 4,7,4 L45
4,6,0 4,6,1 4,7,0 4,8,0 5,6,0 L35
3,4,3 3,5,3 3,6,3 3,6,4 4,4,3 L15
3,5,0 3,6,0 3,6,1 4,5,0 4,5,1 A5
2,4,2 2,5,1 2,5,2 3,3,2 3,4,2 N15
3,5,1 3,5,2 4,4,2 4,5,2 5,5,2 L25
5,5,0 5,5,1 5,6,1 5,6,2 6,5,1 N25
2,3,0 2,3,1 2,3,2 3,3,0 3,3,1 P5
7,4,1 8,4,0 8,4,1 8,4,2 8,4,3 Y5
6,4,2 7,4,2 7,4,3 7,4,4 8,4,4 Z5
4,0,0 4,0,1 4,0,2 4,1,0 4,2,0 V5
3,2,0 3,2,1 4,2,1 4,2,2 5,2,2 W5
4,0,3 4,0,4 4,1,1 4,1,2 4,1,3 N5
5,4,0 6,3,0 6,4,0 6,5,0 7,4,0 X5
2,3,3 2,3,4 3,2,2 3,2,3 3,3,3 V25
3,2,4 4,1,4 4,2,3 4,2,4 4,3,3 S25
3,3,4 4,3,4 5,2,4 5,3,4 5,4,4 T5
4,5,3 5,5,3 5,5,4 5,6,3 5,6,4 Q5
5,4,3 6,4,3 6,5,2 6,5,3 6,5,4 T25
5,2,3 5,3,3 6,3,3 6,3,4 6,4,4 V15
4,3,1 4,3,2 5,3,2 6,3,1 6,3,2 U5
4,4,1 5,3,1 5,4,1 5,4,2 6,4,1 T15
4,3,0 4,4,0 5,2,0 5,2,1 5,3,0 S15

                L35                                     L5                                      L5                                      L5                                      L5
                L35                                     L5                                      L45                                     L45                                     L45
            A5  L35 L35                             A5  L35 N25                             L45 L45 N25                             L15 J45 Q5                              L15 J45 Q5
        J25 A5  A5  N25 X5                      N15 L25 A5  N25 N25                     N15 L25 L25 L25 T25                     J15 L15 Q5  Q5  T25                     J45 J45 J45 Q5  T25
F5  J25 J25 J25 S15 X5  X5  X5  Y5      F5  F5  F5  J25 T15 T15 T15 Y5  Y5      J15 F5  N15 N15 L25 T15 Z5  Z5  Y5      J15 J15 J15 L15 L15 T25 T25 Z5  Y5      I5  I5  I5  I5  I5  T5  V15 Z5  Z5
        P5  P5  S15 S15 X5                      P5  P5  U5  T15 U5                      P5  N15 U5  U5  U5                      V25 V25 S25 V15 V15                     V25 T5  T5  T5  V15
            W5  V5  S15                             W5  W5  S15                             V25 W5  W5                              V25 S25 V15                             S25 S25 T5
                V5                                      N5                                      N5                                      N5                                      S25
                V5                                      V5                                      V5                                      N5                                      N5

solution 10 (248,807 searches):
0,4,0 0,4,1 1,4,1 1,4,2 2,4,1 F5
0,4,2 0,4,3 1,4,3 2,4,3 2,5,3 J15
0,4,4 1,4,4 2,4,4 3,4,4 4,4,4 I5
1,4,0 2,4,0 2,5,0 3,4,0 3,4,1 J25
2,5,4 3,5,4 4,5,4 4,6,3 4,6,4 J45
4,7,1 4,8,1 4,8,2 4,8,3 4,8,4 L5
3,6,2 4,6,2 4,7,2 4,7,3 4,7,4 L45
4,6,0 4,6,1 4,7,0 4,8,0 5,6,0 L35
3,4,3 3,5,3 3,6,3 3,6,4 4,4,3 L15
3,5,0 3,6,0 3,6,1 4,5,0 4,5,1 A5
2,4,2 2,5,1 2,5,2 3,3,2 3,4,2 N15
3,5,1 3,5,2 4,4,2 4,5,2 5,5,2 L25
5,5,0 5,5,1 5,6,1 5,6,2 6,5,1 N25
2,3,0 2,3,1 2,3,2 3,3,0 3,3,1 P5
7,4,2 8,4,0 8,4,1 8,4,2 8,4,3 Y5
6,3,4 6,4,4 6,5,4 7,4,4 8,4,4 T5
4,0,0 4,0,1 4,0,2 4,1,0 4,2,0 V5
3,2,0 3,2,1 4,2,1 4,3,1 4,3,2 V25
4,0,3 4,0,4 4,1,1 4,1,2 4,1,3 N5
4,5,3 5,5,3 5,5,4 5,6,3 5,6,4 Q5
2,3,3 2,3,4 3,3,4 4,3,3 4,3,4 U5
3,2,3 3,2,4 3,3,3 4,1,4 4,2,4 V15
3,2,2 4,2,2 4,2,3 5,2,3 5,2,4 W5
5,4,3 6,3,3 6,4,3 6,5,3 7,4,3 X5
5,2,2 5,3,2 5,3,3 5,3,4 5,4,4 Z5
5,4,2 6,3,2 6,4,1 6,4,2 6,5,2 T15
6,3,0 6,4,0 6,5,0 7,4,0 7,4,1 T25
4,4,1 5,3,1 5,4,0 5,4,1 6,3,1 S25
4,3,0 4,4,0 5,2,0 5,2,1 5,3,0 S15

                L35                                     L5                                      L5                                      L5                                      L5
                L35                                     L5                                      L45                                     L45                                     L45
            A5  L35 L35                             A5  L35 N25                             L45 L45 N25                             L15 J45 Q5                              L15 J45 Q5
        J25 A5  A5  N25 T25                     N15 L25 A5  N25 N25                     N15 L25 L25 L25 T15                     J15 L15 Q5  Q5  X5                      J45 J45 J45 Q5  T5
F5  J25 J25 J25 S15 S25 T25 T25 Y5      F5  F5  F5  J25 S25 S25 T15 T25 Y5      J15 F5  N15 N15 L25 T15 T15 Y5  Y5      J15 J15 J15 L15 L15 X5  X5  X5  Y5      I5  I5  I5  I5  I5  Z5  T5  T5  T5
        P5  P5  S15 S15 T25                     P5  P5  V25 S25 S25                     P5  N15 V25 Z5  T15                     U5  V15 U5  Z5  X5                      U5  U5  U5  Z5  T5
            V25 V5  S15                             V25 V25 S15                             W5  W5  Z5                              V15 W5  W5                              V15 V15 W5
                V5                                      N5                                      N5                                      N5                                      V15
                V5                                      V5                                      V5                                      N5                                      N5

User-requested solution limit reached.
10 solutions, 248,807 searches, duration 0:00:12.792590
