solving PentacubesSteppedPyramid6:

solution 1 (3,575 searches):
4,4,0 4,4,1 4,4,2 4,4,3 4,4,4 I5
2,1,1 2,2,0 2,2,1 2,2,2 2,3,1 X5
1,1,0 1,1,1 1,2,0 1,3,0 2,3,0 J15
1,2,1 1,3,1 1,4,1 2,4,1 2,4,2 J45
0,3,0 0,4,0 1,4,0 2,4,0 3,4,0 L5
0,5,0 1,5,0 1,6,0 1,7,0 2,6,0 F5
2,1,0 3,1,0 3,2,0 3,2,1 3,3,0 J25
3,0,0 3,1,1 4,0,0 4,1,0 4,1,1 A5
5,0,0 5,1,0 6,1,0 7,1,0 7,1,1 L15
1,7,1 2,7,0 2,7,1 3,6,1 3,7,1 L25
1,5,1 1,6,1 2,5,1 2,5,2 3,5,2 N15
2,6,1 2,6,2 3,6,2 4,6,1 4,6,2 U5
2,5,0 3,5,0 3,5,1 3,6,0 3,7,0 L35
3,8,0 4,8,0 5,7,0 5,8,0 6,7,0 N5
4,6,0 4,7,0 4,7,1 5,7,1 6,7,1 L45
3,5,3 4,5,2 4,5,3 5,5,2 5,5,3 P5
2,3,2 3,3,2 3,3,3 3,4,3 4,3,3 N25
3,3,1 3,4,1 3,4,2 4,3,0 4,3,1 V15
3,2,2 4,2,2 4,3,2 5,3,2 5,3,3 S15
5,4,1 5,4,2 5,4,3 6,3,2 6,4,2 T25
6,6,1 7,4,1 7,5,1 7,6,1 7,7,1 Y5
6,4,0 6,4,1 6,5,1 6,5,2 6,6,2 W5
4,5,0 4,5,1 5,5,1 5,6,1 5,6,2 V25
5,5,0 5,6,0 6,6,0 7,6,0 7,7,0 Z5
6,5,0 7,5,0 8,3,0 8,4,0 8,5,0 V5
6,3,0 6,3,1 7,3,0 7,3,1 7,4,0 Q5
4,2,0 5,2,0 5,3,0 5,4,0 6,2,0 T5
6,1,1 6,2,1 6,2,2 7,2,0 7,2,1 S25
4,2,1 5,1,1 5,2,1 5,2,2 5,3,1 T15

            N5  N5  N5
    F5  L25 L35 L45 N5  N5  Z5              L25 L25 L25 L45 L45 L45 Y5
    F5  F5  L35 L45 Z5  Z5  Z5              N15 U5  L25 U5  V25 Y5  Y5                  U5  U5  U5  V25 W5
F5  F5  L35 L35 V25 Z5  V5  V5  V5          N15 N15 L35 V25 V25 W5  Y5                  N15 N15 P5  P5  W5                          P5  P5  P5
L5  L5  L5  L5  I5  T5  W5  Q5  V5          J45 J45 V15 I5  T25 W5  Y5                  J45 V15 I5  T25 T25                         N25 I5  T25                                 I5
L5  J15 J15 J25 V15 T5  Q5  Q5  V5          J45 X5  V15 V15 T15 Q5  Q5                  N25 N25 S15 S15 T25                         N25 N25 S15
    J15 X5  J25 T5  T5  T5  S25             J45 X5  J25 T15 T15 S25 S25                 X5  S15 S15 T15 S25
    J15 J25 J25 A5  L15 L15 L15             J15 X5  A5  A5  T15 S25 L15
            A5  A5  L15

solution 2 (8,944 searches):
4,4,0 4,4,1 4,4,2 4,4,3 4,4,4 I5
2,1,1 2,2,0 2,2,1 2,2,2 2,3,1 X5
1,1,0 1,1,1 1,2,0 1,3,0 2,3,0 J15
1,2,1 1,3,1 1,4,1 2,4,1 2,4,2 J45
0,3,0 0,4,0 1,4,0 2,4,0 3,4,0 L5
0,5,0 1,5,0 1,6,0 1,7,0 2,6,0 F5
2,1,0 3,1,0 3,2,0 3,2,1 3,3,0 J25
3,0,0 3,1,1 4,0,0 4,1,0 4,1,1 A5
5,0,0 5,1,0 6,1,0 7,1,0 7,1,1 L15
1,7,1 2,7,0 2,7,1 3,6,1 3,7,1 L25
1,5,1 1,6,1 2,5,1 2,5,2 3,5,2 N15
2,6,1 2,6,2 3,6,2 4,6,1 4,6,2 U5
2,5,0 3,5,0 3,5,1 3,6,0 3,7,0 L35
3,8,0 4,8,0 5,7,0 5,8,0 6,7,0 N5
4,6,0 4,7,0 4,7,1 5,7,1 6,7,1 L45
3,5,3 4,5,2 4,5,3 5,5,2 5,5,3 P5
2,3,2 3,3,2 3,3,3 3,4,3 4,3,3 N25
3,3,1 3,4,1 3,4,2 4,3,0 4,3,1 V15
3,2,2 4,2,1 4,2,2 4,3,2 5,2,2 T15
6,5,0 7,5,0 7,6,0 7,7,0 8,5,0 T5
6,5,1 6,6,0 6,6,1 7,6,1 7,7,1 S25
6,4,0 6,4,1 6,4,2 6,5,2 6,6,2 V5
4,5,1 5,5,1 5,6,0 5,6,1 5,6,2 T25
4,5,0 5,3,0 5,4,0 5,5,0 6,3,0 Z5
5,3,2 5,3,3 5,4,2 5,4,3 6,3,2 Q5
5,3,1 5,4,1 6,2,1 6,2,2 6,3,1 S15
6,2,0 7,2,0 7,3,0 8,3,0 8,4,0 W5
4,2,0 5,1,1 5,2,0 5,2,1 6,1,1 V25
7,2,1 7,3,1 7,4,0 7,4,1 7,5,1 Y5

            N5  N5  N5
    F5  L25 L35 L45 N5  N5  T5              L25 L25 L25 L45 L45 L45 S25
    F5  F5  L35 L45 T25 S25 T5              N15 U5  L25 U5  T25 S25 S25                 U5  U5  U5  T25 V5
F5  F5  L35 L35 Z5  Z5  T5  T5  T5          N15 N15 L35 T25 T25 S25 Y5                  N15 N15 P5  P5  V5                          P5  P5  P5
L5  L5  L5  L5  I5  Z5  V5  Y5  W5          J45 J45 V15 I5  S15 V5  Y5                  J45 V15 I5  Q5  V5                          N25 I5  Q5                                  I5
L5  J15 J15 J25 V15 Z5  Z5  W5  W5          J45 X5  V15 V15 S15 S15 Y5                  N25 N25 T15 Q5  Q5                          N25 N25 Q5
    J15 X5  J25 V25 V25 W5  W5              J45 X5  J25 T15 V25 S15 Y5                  X5  T15 T15 T15 S15
    J15 J25 J25 A5  L15 L15 L15             J15 X5  A5  A5  V25 V25 L15
            A5  A5  L15

solution 3 (8,985 searches):
4,4,0 4,4,1 4,4,2 4,4,3 4,4,4 I5
2,1,1 2,2,0 2,2,1 2,2,2 2,3,1 X5
1,1,0 1,1,1 1,2,0 1,3,0 2,3,0 J15
1,2,1 1,3,1 1,4,1 2,4,1 2,4,2 J45
0,3,0 0,4,0 1,4,0 2,4,0 3,4,0 L5
0,5,0 1,5,0 1,6,0 1,7,0 2,6,0 F5
2,1,0 3,1,0 3,2,0 3,2,1 3,3,0 J25
3,0,0 3,1,1 4,0,0 4,1,0 4,1,1 A5
5,0,0 5,1,0 6,1,0 7,1,0 7,1,1 L15
1,7,1 2,7,0 2,7,1 3,6,1 3,7,1 L25
1,5,1 1,6,1 2,5,1 2,5,2 3,5,2 N15
2,6,1 2,6,2 3,6,2 4,6,1 4,6,2 U5
2,5,0 3,5,0 3,5,1 3,6,0 3,7,0 L35
3,8,0 4,8,0 5,7,0 5,8,0 6,7,0 N5
4,6,0 4,7,0 4,7,1 5,7,1 6,7,1 L45
3,5,3 4,5,2 4,5,3 5,5,2 5,5,3 P5
2,3,2 3,3,2 3,3,3 3,4,3 4,3,3 N25
3,3,1 3,4,1 3,4,2 4,3,0 4,3,1 V15
3,2,2 4,2,1 4,2,2 4,3,2 5,2,2 T15
6,5,0 7,5,0 7,6,0 7,7,0 8,5,0 T5
6,5,1 6,6,0 6,6,1 7,6,1 7,7,1 S25
5,4,2 6,3,2 6,4,2 6,5,2 6,6,2 Y5
5,2,1 5,3,1 5,3,2 5,3,3 5,4,3 Z5
5,1,1 6,1,1 6,2,0 6,2,1 6,2,2 T25
4,2,0 5,2,0 5,3,0 6,3,0 6,4,0 W5
6,3,1 7,2,0 7,2,1 7,3,0 7,3,1 Q5
5,4,0 5,5,0 5,6,0 5,6,1 5,6,2 V5
4,5,0 4,5,1 5,4,1 5,5,1 6,4,1 S15
7,4,0 7,4,1 7,5,1 8,3,0 8,4,0 V25

            N5  N5  N5
    F5  L25 L35 L45 N5  N5  T5              L25 L25 L25 L45 L45 L45 S25
    F5  F5  L35 L45 V5  S25 T5              N15 U5  L25 U5  V5  S25 S25                 U5  U5  U5  V5  Y5
F5  F5  L35 L35 S15 V5  T5  T5  T5          N15 N15 L35 S15 S15 S25 V25                 N15 N15 P5  P5  Y5                          P5  P5  P5
L5  L5  L5  L5  I5  V5  W5  V25 V25         J45 J45 V15 I5  S15 S15 V25                 J45 V15 I5  Y5  Y5                          N25 I5  Z5                                  I5
L5  J15 J15 J25 V15 W5  W5  Q5  V25         J45 X5  V15 V15 Z5  Q5  Q5                  N25 N25 T15 Z5  Y5                          N25 N25 Z5
    J15 X5  J25 W5  W5  T25 Q5              J45 X5  J25 T15 Z5  T25 Q5                  X5  T15 T15 T15 T25
    J15 J25 J25 A5  L15 L15 L15             J15 X5  A5  A5  T25 T25 L15
            A5  A5  L15

solution 4 (9,332 searches):
4,4,0 4,4,1 4,4,2 4,4,3 4,4,4 I5
2,1,1 2,2,0 2,2,1 2,2,2 2,3,1 X5
1,1,0 1,1,1 1,2,0 1,3,0 2,3,0 J15
1,2,1 1,3,1 1,4,1 2,4,1 2,4,2 J45
0,3,0 0,4,0 1,4,0 2,4,0 3,4,0 L5
0,5,0 1,5,0 1,6,0 1,7,0 2,6,0 F5
2,1,0 3,1,0 3,2,0 3,2,1 3,3,0 J25
3,0,0 3,1,1 4,0,0 4,1,0 4,1,1 A5
5,0,0 5,1,0 6,1,0 7,1,0 7,1,1 L15
1,7,1 2,7,0 2,7,1 3,6,1 3,7,1 L25
1,5,1 1,6,1 2,5,1 2,5,2 3,5,2 N15
2,6,1 2,6,2 3,6,2 4,6,1 4,6,2 U5
2,5,0 3,5,0 3,5,1 3,6,0 3,7,0 L35
3,8,0 4,8,0 5,7,0 5,8,0 6,7,0 N5
4,6,0 4,7,0 4,7,1 5,7,1 6,7,1 L45
3,5,3 4,5,2 4,5,3 5,5,2 5,5,3 P5
2,3,2 3,3,2 3,3,3 3,4,3 4,3,3 N25
3,3,1 3,4,1 3,4,2 4,3,0 4,3,1 V15
3,2,2 4,2,1 4,2,2 4,3,2 5,2,2 T15
6,5,0 7,5,0 7,6,0 7,7,0 8,5,0 T5
6,6,0 6,6,1 7,5,1 7,6,1 7,7,1 T25
4,5,0 4,5,1 5,5,1 5,6,1 5,6,2 V25
5,4,0 5,4,1 5,4,2 5,5,0 5,6,0 V5
5,2,1 5,3,1 5,3,2 5,3,3 5,4,3 Z5
5,1,1 6,1,1 6,2,1 6,2,2 7,2,1 S25
4,2,0 5,2,0 5,3,0 6,3,0 6,3,1 S15
6,2,0 7,2,0 7,3,0 8,3,0 8,4,0 W5
6,4,0 6,4,1 7,3,1 7,4,0 7,4,1 Q5
6,3,2 6,4,2 6,5,1 6,5,2 6,6,2 Y5

            N5  N5  N5
    F5  L25 L35 L45 N5  N5  T5              L25 L25 L25 L45 L45 L45 T25
    F5  F5  L35 L45 V5  T25 T5              N15 U5  L25 U5  V25 T25 T25                 U5  U5  U5  V25 Y5
F5  F5  L35 L35 V25 V5  T5  T5  T5          N15 N15 L35 V25 V25 Y5  T25                 N15 N15 P5  P5  Y5                          P5  P5  P5
L5  L5  L5  L5  I5  V5  Q5  Q5  W5          J45 J45 V15 I5  V5  Q5  Q5                  J45 V15 I5  V5  Y5                          N25 I5  Z5                                  I5
L5  J15 J15 J25 V15 S15 S15 W5  W5          J45 X5  V15 V15 Z5  S15 Q5                  N25 N25 T15 Z5  Y5                          N25 N25 Z5
    J15 X5  J25 S15 S15 W5  W5              J45 X5  J25 T15 Z5  S25 S25                 X5  T15 T15 T15 S25
    J15 J25 J25 A5  L15 L15 L15             J15 X5  A5  A5  S25 S25 L15
            A5  A5  L15

solution 5 (12,044 searches):
4,4,0 4,4,1 4,4,2 4,4,3 4,4,4 I5
2,1,1 2,2,0 2,2,1 2,2,2 2,3,1 X5
1,1,0 1,1,1 1,2,0 1,3,0 2,3,0 J15
1,2,1 1,3,1 1,4,1 2,4,1 2,4,2 J45
0,3,0 0,4,0 1,4,0 2,4,0 3,4,0 L5
0,5,0 1,5,0 1,6,0 1,7,0 2,6,0 F5
2,1,0 3,1,0 3,2,0 3,2,1 3,3,0 J25
3,0,0 3,1,1 4,0,0 4,1,0 4,1,1 A5
5,0,0 5,1,0 6,1,0 7,1,0 7,1,1 L15
1,7,1 2,7,0 2,7,1 3,6,1 3,7,1 L25
1,5,1 1,6,1 2,5,1 2,5,2 3,5,2 N15
2,6,1 2,6,2 3,6,2 4,6,1 4,6,2 U5
2,5,0 3,5,0 3,5,1 3,6,0 3,7,0 L35
3,8,0 4,8,0 5,7,0 5,8,0 6,7,0 N5
4,6,0 4,7,0 4,7,1 5,7,1 6,7,1 L45
3,5,3 4,5,2 4,5,3 5,5,2 5,5,3 P5
2,3,2 3,3,2 3,3,3 3,4,3 4,3,3 N25
3,3,1 3,4,1 3,4,2 4,3,0 4,3,1 V15
3,2,2 4,2,1 4,2,2 4,3,2 5,2,2 T15
5,5,0 5,6,0 6,6,0 7,6,0 7,7,0 Z5
4,5,0 4,5,1 5,5,1 5,6,1 5,6,2 V25
6,6,1 6,6,2 7,5,1 7,6,1 7,7,1 T25
7,4,0 7,4,1 7,5,0 8,4,0 8,5,0 Q5
5,3,3 5,4,2 5,4,3 6,4,1 6,4,2 S15
6,3,0 6,4,0 6,5,0 6,5,1 6,5,2 V5
4,2,0 5,2,0 5,3,0 5,4,0 6,2,0 T5
6,3,1 6,3,2 7,3,0 7,3,1 8,3,0 W5
5,1,1 5,2,1 5,3,1 5,3,2 5,4,1 Y5
6,1,1 6,2,1 6,2,2 7,2,0 7,2,1 S25

            N5  N5  N5
    F5  L25 L35 L45 N5  N5  Z5              L25 L25 L25 L45 L45 L45 T25
    F5  F5  L35 L45 Z5  Z5  Z5              N15 U5  L25 U5  V25 T25 T25                 U5  U5  U5  V25 T25
F5  F5  L35 L35 V25 Z5  V5  Q5  Q5          N15 N15 L35 V25 V25 V5  T25                 N15 N15 P5  P5  V5                          P5  P5  P5
L5  L5  L5  L5  I5  T5  V5  Q5  Q5          J45 J45 V15 I5  Y5  S15 Q5                  J45 V15 I5  S15 S15                         N25 I5  S15                                 I5
L5  J15 J15 J25 V15 T5  V5  W5  W5          J45 X5  V15 V15 Y5  W5  W5                  N25 N25 T15 Y5  W5                          N25 N25 S15
    J15 X5  J25 T5  T5  T5  S25             J45 X5  J25 T15 Y5  S25 S25                 X5  T15 T15 T15 S25
    J15 J25 J25 A5  L15 L15 L15             J15 X5  A5  A5  Y5  S25 L15
            A5  A5  L15

solution 6 (35,741 searches):
4,4,0 4,4,1 4,4,2 4,4,3 4,4,4 I5
2,1,1 2,2,0 2,2,1 2,2,2 2,3,1 X5
1,1,0 1,1,1 1,2,0 1,3,0 2,3,0 J15
1,2,1 1,3,1 1,4,1 2,4,1 2,4,2 J45
0,3,0 0,4,0 1,4,0 2,4,0 3,4,0 L5
0,5,0 1,5,0 1,6,0 1,7,0 2,6,0 F5
2,1,0 3,1,0 3,2,0 3,2,1 3,3,0 J25
3,0,0 3,1,1 4,0,0 4,1,0 4,1,1 A5
5,0,0 5,1,0 6,1,0 7,1,0 7,1,1 L15
1,7,1 2,7,0 2,7,1 3,6,1 3,7,1 L25
1,5,1 1,6,1 2,5,1 2,5,2 3,5,2 N15
2,6,1 2,6,2 3,6,2 4,6,1 4,6,2 U5
2,5,0 3,5,0 3,5,1 3,6,0 3,7,0 L35
3,8,0 4,8,0 5,7,0 5,8,0 6,7,0 N5
4,6,0 4,7,0 4,7,1 5,7,1 6,7,1 L45
3,5,3 4,5,2 4,5,3 5,5,2 5,5,3 P5
2,3,2 3,2,2 3,3,2 3,3,3 3,4,3 N25
3,3,1 3,4,1 3,4,2 4,3,0 4,3,1 V15
6,5,0 7,5,0 7,6,0 7,7,0 8,5,0 T5
6,6,0 6,6,1 6,6,2 7,6,1 7,7,1 T25
5,4,0 5,5,0 5,6,0 5,6,1 5,6,2 V5
4,5,0 4,5,1 5,5,1 6,5,1 6,5,2 Z5
6,2,0 7,2,0 7,3,0 8,3,0 8,4,0 W5
7,2,1 7,3,1 7,4,0 7,4,1 7,5,1 Y5
5,1,1 5,2,1 5,2,2 6,1,1 6,2,1 Q5
4,2,0 4,2,1 5,2,0 5,3,0 6,3,0 S15
4,2,2 4,3,2 4,3,3 5,3,3 5,4,3 V25
5,3,2 6,2,2 6,3,1 6,3,2 6,4,2 T15
5,3,1 5,4,1 5,4,2 6,4,0 6,4,1 S25

            N5  N5  N5
    F5  L25 L35 L45 N5  N5  T5              L25 L25 L25 L45 L45 L45 T25
    F5  F5  L35 L45 V5  T25 T5              N15 U5  L25 U5  V5  T25 T25                 U5  U5  U5  V5  T25
F5  F5  L35 L35 Z5  V5  T5  T5  T5          N15 N15 L35 Z5  Z5  Z5  Y5                  N15 N15 P5  P5  Z5                          P5  P5  P5
L5  L5  L5  L5  I5  V5  S25 Y5  W5          J45 J45 V15 I5  S25 S25 Y5                  J45 V15 I5  S25 T15                         N25 I5  V25                                 I5
L5  J15 J15 J25 V15 S15 S15 W5  W5          J45 X5  V15 V15 S25 T15 Y5                  N25 N25 V25 T15 T15                         N25 V25 V25
    J15 X5  J25 S15 S15 W5  W5              J45 X5  J25 S15 Q5  Q5  Y5                  X5  N25 V25 Q5  T15
    J15 J25 J25 A5  L15 L15 L15             J15 X5  A5  A5  Q5  Q5  L15
            A5  A5  L15

solution 7 (42,096 searches):
4,4,0 4,4,1 4,4,2 4,4,3 4,4,4 I5
2,1,1 2,2,0 2,2,1 2,2,2 2,3,1 X5
1,1,0 1,1,1 1,2,0 1,3,0 2,3,0 J15
1,2,1 1,3,1 1,4,1 2,4,1 2,4,2 J45
0,3,0 0,4,0 1,4,0 2,4,0 3,4,0 L5
0,5,0 1,5,0 1,6,0 1,7,0 2,6,0 F5
2,1,0 3,1,0 3,2,0 3,2,1 3,3,0 J25
3,0,0 3,1,1 4,0,0 4,1,0 4,1,1 A5
5,0,0 5,1,0 6,1,0 7,1,0 7,1,1 L15
1,7,1 2,7,0 2,7,1 3,6,1 3,7,1 L25
1,5,1 1,6,1 2,5,1 2,5,2 3,5,2 N15
2,6,1 2,6,2 3,6,2 4,6,1 4,6,2 U5
2,5,0 3,5,0 3,5,1 3,6,0 3,7,0 L35
3,8,0 4,8,0 5,7,0 5,8,0 6,7,0 N5
4,6,0 4,7,0 4,7,1 5,7,1 6,7,1 L45
3,5,3 4,5,2 4,5,3 5,5,2 5,5,3 P5
2,3,2 3,2,2 3,3,2 3,3,3 3,4,3 N25
3,3,1 3,4,1 3,4,2 4,3,0 4,3,1 V15
5,5,0 5,6,0 6,6,0 7,6,0 7,7,0 Z5
4,5,0 4,5,1 5,5,1 5,6,1 5,6,2 V25
6,6,1 7,4,1 7,5,1 7,6,1 7,7,1 Y5
6,4,0 6,4,1 6,5,1 6,5,2 6,6,2 W5
6,5,0 7,5,0 8,3,0 8,4,0 8,5,0 V5
6,3,0 7,2,0 7,3,0 7,3,1 7,4,0 T15
4,2,0 5,2,0 5,3,0 5,4,0 6,2,0 T5
5,1,1 6,1,1 6,2,1 6,2,2 7,2,1 S25
4,2,1 4,2,2 5,2,1 5,3,1 6,3,1 S15
4,3,2 4,3,3 5,2,2 5,3,2 5,3,3 Q5
5,4,1 5,4,2 5,4,3 6,3,2 6,4,2 T25

            N5  N5  N5
    F5  L25 L35 L45 N5  N5  Z5              L25 L25 L25 L45 L45 L45 Y5
    F5  F5  L35 L45 Z5  Z5  Z5              N15 U5  L25 U5  V25 Y5  Y5                  U5  U5  U5  V25 W5
F5  F5  L35 L35 V25 Z5  V5  V5  V5          N15 N15 L35 V25 V25 W5  Y5                  N15 N15 P5  P5  W5                          P5  P5  P5
L5  L5  L5  L5  I5  T5  W5  T15 V5          J45 J45 V15 I5  T25 W5  Y5                  J45 V15 I5  T25 T25                         N25 I5  T25                                 I5
L5  J15 J15 J25 V15 T5  T15 T15 V5          J45 X5  V15 V15 S15 S15 T15                 N25 N25 Q5  Q5  T25                         N25 Q5  Q5
    J15 X5  J25 T5  T5  T5  T15             J45 X5  J25 S15 S15 S25 S25                 X5  N25 S15 Q5  S25
    J15 J25 J25 A5  L15 L15 L15             J15 X5  A5  A5  S25 S25 L15
            A5  A5  L15

solution 8 (47,518 searches):
4,4,0 4,4,1 4,4,2 4,4,3 4,4,4 I5
2,1,1 2,2,0 2,2,1 2,2,2 2,3,1 X5
1,1,0 1,1,1 1,2,0 1,3,0 2,3,0 J15
1,2,1 1,3,1 1,4,1 2,4,1 2,4,2 J45
0,3,0 0,4,0 1,4,0 2,4,0 3,4,0 L5
0,5,0 1,5,0 1,6,0 1,7,0 2,6,0 F5
2,1,0 3,1,0 3,2,0 3,2,1 3,3,0 J25
3,0,0 3,1,1 4,0,0 4,1,0 4,1,1 A5
5,0,0 5,1,0 6,1,0 7,1,0 7,1,1 L15
1,7,1 2,7,0 2,7,1 3,6,1 3,7,1 L25
1,5,1 1,6,1 2,5,1 2,5,2 3,5,2 N15
2,6,1 2,6,2 3,6,2 4,6,1 4,6,2 U5
2,5,0 3,5,0 3,5,1 3,6,0 3,7,0 L35
3,8,0 4,8,0 5,7,0 5,8,0 6,7,0 N5
4,6,0 4,7,0 4,7,1 5,7,1 6,7,1 L45
3,5,3 4,5,2 4,5,3 5,5,2 5,5,3 P5
2,3,2 3,3,2 3,3,3 3,4,2 3,4,3 Q5
3,3,1 3,4,1 4,2,1 4,3,0 4,3,1 N25
3,2,2 4,2,2 4,3,2 4,3,3 5,3,3 V25
6,6,1 6,6,2 7,6,1 7,7,0 7,7,1 V15
5,6,0 5,6,1 5,6,2 6,6,0 7,6,0 V5
4,5,0 5,4,0 5,5,0 6,3,0 6,4,0 W5
6,5,0 7,4,0 7,5,0 7,5,1 8,5,0 T15
6,3,1 7,3,0 7,3,1 8,3,0 8,4,0 S15
4,5,1 5,3,1 5,4,1 5,5,1 6,5,1 T5
4,2,0 5,2,0 5,3,0 6,2,0 7,2,0 Y5
5,2,1 5,2,2 5,3,2 5,4,2 5,4,3 Z5
6,3,2 6,4,1 6,4,2 6,5,2 7,4,1 T25
5,1,1 6,1,1 6,2,1 6,2,2 7,2,1 S25

            N5  N5  N5
    F5  L25 L35 L45 N5  N5  V15             L25 L25 L25 L45 L45 L45 V15
    F5  F5  L35 L45 V5  V5  V5              N15 U5  L25 U5  V5  V15 V15                 U5  U5  U5  V5  V15
F5  F5  L35 L35 W5  W5  T15 T15 T15         N15 N15 L35 T5  T5  T5  T15                 N15 N15 P5  P5  T25                         P5  P5  P5
L5  L5  L5  L5  I5  W5  W5  T15 S15         J45 J45 N25 I5  T5  T25 T25                 J45 Q5  I5  Z5  T25                         Q5  I5  Z5                                  I5
L5  J15 J15 J25 N25 Y5  W5  S15 S15         J45 X5  N25 N25 T5  S15 S15                 Q5  Q5  V25 Z5  T25                         Q5  V25 V25
    J15 X5  J25 Y5  Y5  Y5  Y5              J45 X5  J25 N25 Z5  S25 S25                 X5  V25 V25 Z5  S25
    J15 J25 J25 A5  L15 L15 L15             J15 X5  A5  A5  S25 S25 L15
            A5  A5  L15

solution 9 (55,566 searches):
4,4,0 4,4,1 4,4,2 4,4,3 4,4,4 I5
2,1,1 2,2,0 2,2,1 2,2,2 2,3,1 X5
1,1,0 1,1,1 1,2,0 1,3,0 2,3,0 J15
1,2,1 1,3,1 1,4,1 2,4,1 2,4,2 J45
0,3,0 0,4,0 1,4,0 2,4,0 3,4,0 L5
0,5,0 1,5,0 1,6,0 1,7,0 2,6,0 F5
2,1,0 3,1,0 3,2,0 3,2,1 3,3,0 J25
3,0,0 3,1,1 4,0,0 4,1,0 4,1,1 A5
5,0,0 5,1,0 6,1,0 7,1,0 7,1,1 L15
1,7,1 2,7,0 2,7,1 3,6,1 3,7,1 L25
1,5,1 1,6,1 2,5,1 2,5,2 3,5,2 N15
2,6,1 2,6,2 3,6,2 4,6,1 4,6,2 U5
2,5,0 3,5,0 3,5,1 3,6,0 3,7,0 L35
3,8,0 4,8,0 5,7,0 5,8,0 6,7,0 N5
4,6,0 4,7,0 4,7,1 5,7,1 6,7,1 L45
3,5,3 4,5,2 4,5,3 5,5,2 5,5,3 P5
2,3,2 3,3,2 3,3,3 3,4,2 3,4,3 Q5
3,3,1 3,4,1 4,3,0 4,3,1 5,3,0 S15
3,2,2 4,2,1 4,2,2 4,3,2 5,2,2 T15
4,3,3 5,3,2 5,3,3 5,4,3 6,3,2 S25
4,2,0 5,1,1 5,2,0 5,2,1 6,1,1 V25
6,2,1 6,2,2 7,2,0 7,2,1 7,3,1 N25
6,2,0 6,3,0 6,4,0 7,3,0 8,3,0 T5
6,4,1 6,4,2 7,4,0 7,4,1 8,4,0 W5
5,3,1 5,4,0 5,4,1 5,4,2 6,3,1 T25
6,6,1 6,6,2 7,6,1 7,7,0 7,7,1 V15
4,5,0 4,5,1 5,5,1 6,5,1 6,5,2 Z5
5,6,0 5,6,1 5,6,2 6,6,0 7,6,0 V5
5,5,0 6,5,0 7,5,0 7,5,1 8,5,0 Y5

            N5  N5  N5
    F5  L25 L35 L45 N5  N5  V15             L25 L25 L25 L45 L45 L45 V15
    F5  F5  L35 L45 V5  V5  V5              N15 U5  L25 U5  V5  V15 V15                 U5  U5  U5  V5  V15
F5  F5  L35 L35 Z5  Y5  Y5  Y5  Y5          N15 N15 L35 Z5  Z5  Z5  Y5                  N15 N15 P5  P5  Z5                          P5  P5  P5
L5  L5  L5  L5  I5  T25 T5  W5  W5          J45 J45 S15 I5  T25 W5  W5                  J45 Q5  I5  T25 W5                          Q5  I5  S25                                 I5
L5  J15 J15 J25 S15 S15 T5  T5  T5          J45 X5  S15 S15 T25 T25 N25                 Q5  Q5  T15 S25 S25                         Q5  S25 S25
    J15 X5  J25 V25 V25 T5  N25             J45 X5  J25 T15 V25 N25 N25                 X5  T15 T15 T15 N25
    J15 J25 J25 A5  L15 L15 L15             J15 X5  A5  A5  V25 V25 L15
            A5  A5  L15

solution 10 (66,123 searches):
4,4,0 4,4,1 4,4,2 4,4,3 4,4,4 I5
2,1,1 2,2,0 2,2,1 2,2,2 2,3,1 X5
1,1,0 1,1,1 1,2,0 1,3,0 2,3,0 J15
1,2,1 1,3,1 1,4,1 2,4,1 2,4,2 J45
0,3,0 0,4,0 1,4,0 2,4,0 3,4,0 L5
0,5,0 1,5,0 1,6,0 1,7,0 2,6,0 F5
2,1,0 3,1,0 3,2,0 3,2,1 3,3,0 J25
3,0,0 3,1,1 4,0,0 4,1,0 4,1,1 A5
5,0,0 5,1,0 6,1,0 7,1,0 7,1,1 L15
1,7,1 2,7,0 2,7,1 3,6,1 3,7,1 L25
1,5,1 1,6,1 2,5,1 2,5,2 3,5,2 N15
2,6,1 2,6,2 3,6,2 4,6,1 4,6,2 U5
2,5,0 3,5,0 3,5,1 3,6,0 3,7,0 L35
3,8,0 4,8,0 5,7,0 5,8,0 6,7,0 N5
4,6,0 4,7,0 4,7,1 5,7,1 6,7,1 L45
3,5,3 4,5,2 4,5,3 5,5,2 5,5,3 P5
2,3,2 3,3,2 3,3,3 3,4,2 3,4,3 Q5
3,3,1 3,4,1 4,3,0 4,3,1 4,3,2 T25
3,2,2 4,2,0 4,2,1 4,2,2 5,2,0 Z5
4,3,3 5,2,2 5,3,2 5,3,3 6,3,2 N25
5,4,2 5,4,3 6,3,1 6,4,1 6,4,2 S15
5,1,1 5,2,1 5,3,0 5,3,1 5,4,1 Y5
6,1,1 6,2,0 6,2,1 6,2,2 7,2,1 T15
7,2,0 7,3,0 7,3,1 7,4,1 8,3,0 S25
4,5,0 4,5,1 5,5,1 5,6,1 5,6,2 V25
6,6,1 6,6,2 7,6,1 7,7,0 7,7,1 V15
6,5,1 6,5,2 7,5,0 7,5,1 8,5,0 W5
6,3,0 6,4,0 6,5,0 7,4,0 8,4,0 T5
5,4,0 5,5,0 5,6,0 6,6,0 7,6,0 V5

            N5  N5  N5
    F5  L25 L35 L45 N5  N5  V15             L25 L25 L25 L45 L45 L45 V15
    F5  F5  L35 L45 V5  V5  V5              N15 U5  L25 U5  V25 V15 V15                 U5  U5  U5  V25 V15
F5  F5  L35 L35 V25 V5  T5  W5  W5          N15 N15 L35 V25 V25 W5  W5                  N15 N15 P5  P5  W5                          P5  P5  P5
L5  L5  L5  L5  I5  V5  T5  T5  T5          J45 J45 T25 I5  Y5  S15 S25                 J45 Q5  I5  S15 S15                         Q5  I5  S15                                 I5
L5  J15 J15 J25 T25 Y5  T5  S25 S25         J45 X5  T25 T25 Y5  S15 S25                 Q5  Q5  T25 N25 N25                         Q5  N25 N25
    J15 X5  J25 Z5  Z5  T15 S25             J45 X5  J25 Z5  Y5  T15 T15                 X5  Z5  Z5  N25 T15
    J15 J25 J25 A5  L15 L15 L15             J15 X5  A5  A5  Y5  T15 L15
            A5  A5  L15

User-requested solution limit reached.
10 solutions, 66,123 searches, duration 0:00:11.141555
