solving PentacubesPlusSteppedPyramid2:

solution 1 (35,955 searches):
0,0,0 0,1,0 1,1,0 1,2,0 2,1,0 F5
1,0,0 2,0,0 3,0,0 4,0,0 5,0,0 I5
0,2,0 0,3,0 1,2,1 1,3,0 1,3,1 A5
1,1,1 2,1,1 2,2,1 2,3,1 2,3,2 J15
6,0,0 6,1,0 6,1,1 7,0,0 8,0,0 J45
7,1,0 7,1,1 7,2,0 7,3,0 8,1,0 J35
7,4,0 7,4,1 8,2,0 8,3,0 8,4,0 L45
0,7,0 0,8,0 1,7,0 1,7,1 2,7,0 J25
1,8,0 2,8,0 3,8,0 4,7,0 4,8,0 L5
6,7,0 6,7,1 7,7,0 8,7,0 8,8,0 L15
5,6,0 5,7,0 5,8,0 6,8,0 7,8,0 V5
6,5,1 7,5,1 7,6,0 7,6,1 7,7,1 L25
6,5,0 6,6,0 7,5,0 8,5,0 8,6,0 U5
0,6,0 1,6,0 2,5,0 2,6,0 2,6,1 L35
1,5,1 1,6,1 2,5,1 2,5,2 3,5,2 N15
0,4,0 0,5,0 1,4,0 1,5,0 2,4,0 P5
1,4,1 2,4,1 3,4,1 3,5,1 4,5,1 N5
2,4,2 3,3,2 3,4,2 4,2,2 4,3,2 W5
2,7,1 3,6,1 3,6,2 3,7,1 4,6,2 V15
3,5,0 3,6,0 3,7,0 4,6,0 4,6,1 T25
4,7,1 5,6,1 5,6,2 5,7,1 6,6,1 N25
4,5,2 5,5,0 5,5,1 5,5,2 6,5,2 T5
3,2,1 3,2,2 4,1,0 4,1,1 4,2,1 V25
2,2,0 2,3,0 3,1,0 3,1,1 3,2,0 S15
5,1,1 5,2,1 6,2,1 7,2,1 7,3,1 Z5
4,2,0 5,1,0 5,2,0 5,3,0 6,2,0 X5
3,4,0 4,4,0 4,5,0 5,4,0 6,4,0 Y5
3,3,0 3,3,1 4,3,0 4,3,1 4,4,1 Q5
5,4,1 6,3,0 6,3,1 6,4,1 6,4,2 S25
5,2,2 5,3,1 5,3,2 5,4,2 6,3,2 T15

J25 L5  L5  L5  L5  V5  V5  V5  L15
J25 J25 J25 T25 L5  V5  L15 L15 L15         J25 V15 V15 N25 N25 L15 L25
L35 L35 L35 T25 T25 V5  U5  L25 U5          N15 L35 V15 T25 N25 N25 L25                     V15 V15 N25
P5  P5  L35 T25 Y5  T5  U5  U5  U5          N15 N15 N5  N5  T5  L25 L25                 N15 N15 T5  T5  T5
P5  P5  P5  Y5  Y5  Y5  Y5  L45 L45         N5  N5  N5  Q5  S25 S25 L45                 W5  W5      T15 S25
A5  A5  S15 Q5  Q5  X5  S25 J35 L45         A5  J15 Q5  Q5  T15 S25 Z5                  J15 W5  W5  T15 T15
A5  F5  S15 S15 X5  X5  X5  J35 L45         A5  J15 V25 V25 Z5  Z5  Z5                      V25 W5  T15
F5  F5  F5  S15 V25 X5  J45 J35 J35         J15 J15 S15 V25 Z5  J45 J35
F5  I5  I5  I5  I5  I5  J45 J45 J45

solution 2 (40,556 searches):
0,0,0 0,1,0 1,1,0 1,2,0 2,1,0 F5
1,0,0 2,0,0 3,0,0 4,0,0 5,0,0 I5
0,2,0 0,3,0 1,2,1 1,3,0 1,3,1 A5
1,1,1 2,1,1 2,2,1 2,3,1 2,3,2 J15
6,0,0 6,1,0 6,1,1 7,0,0 8,0,0 J45
7,1,0 7,1,1 7,2,0 7,3,0 8,1,0 J35
7,4,0 7,4,1 8,2,0 8,3,0 8,4,0 L45
0,7,0 0,8,0 1,7,0 1,7,1 2,7,0 J25
1,8,0 2,8,0 3,8,0 4,7,0 4,8,0 L5
6,7,0 6,7,1 7,7,0 8,7,0 8,8,0 L15
5,6,0 5,7,0 5,8,0 6,8,0 7,8,0 V5
6,5,1 7,5,1 7,6,0 7,6,1 7,7,1 L25
6,5,0 6,6,0 7,5,0 8,5,0 8,6,0 U5
0,6,0 1,6,0 2,5,0 2,6,0 2,6,1 L35
1,5,1 1,6,1 2,5,1 2,5,2 3,5,2 N15
0,4,0 0,5,0 1,4,0 1,5,0 2,4,0 P5
1,4,1 2,4,1 3,4,1 3,5,1 4,5,1 N5
2,4,2 3,2,2 3,3,2 3,4,2 4,2,2 Z5
2,7,1 3,6,1 3,6,2 3,7,0 3,7,1 N25
3,5,0 3,6,0 4,6,0 4,6,1 4,7,1 V15
4,6,2 5,6,1 5,6,2 5,7,1 6,6,1 S25
4,5,2 5,4,2 5,5,1 5,5,2 6,5,2 T15
3,3,1 4,3,0 4,3,1 4,3,2 5,3,1 X5
2,3,0 3,3,0 3,4,0 4,4,0 4,5,0 W5
4,4,1 5,4,1 6,4,0 6,4,1 6,4,2 T5
5,2,0 5,3,0 5,4,0 5,5,0 6,3,0 Y5
6,2,0 6,2,1 6,3,1 7,2,1 7,3,1 Q5
5,1,1 5,2,1 5,2,2 5,3,2 6,3,2 S15
2,2,0 3,1,1 3,2,0 3,2,1 4,1,1 V25
3,1,0 4,1,0 4,2,0 4,2,1 5,1,0 T25

J25 L5  L5  L5  L5  V5  V5  V5  L15
J25 J25 J25 N25 L5  V5  L15 L15 L15         J25 N25 N25 V15 S25 L15 L25
L35 L35 L35 V15 V15 V5  U5  L25 U5          N15 L35 N25 V15 S25 S25 L25                     N25 S25 S25
P5  P5  L35 V15 W5  Y5  U5  U5  U5          N15 N15 N5  N5  T15 L25 L25                 N15 N15 T15 T15 T15
P5  P5  P5  W5  W5  Y5  T5  L45 L45         N5  N5  N5  T5  T5  T5  L45                 Z5  Z5      T15 T5
A5  A5  W5  W5  X5  Y5  Y5  J35 L45         A5  J15 X5  X5  X5  Q5  Q5                  J15 Z5  X5  S15 S15
A5  F5  V25 V25 T25 Y5  Q5  J35 L45         A5  J15 V25 T25 S15 Q5  Q5                      Z5  Z5  S15
F5  F5  F5  T25 T25 T25 J45 J35 J35         J15 J15 V25 V25 S15 J45 J35
F5  I5  I5  I5  I5  I5  J45 J45 J45

solution 3 (40,558 searches):
0,0,0 0,1,0 1,1,0 1,2,0 2,1,0 F5
1,0,0 2,0,0 3,0,0 4,0,0 5,0,0 I5
0,2,0 0,3,0 1,2,1 1,3,0 1,3,1 A5
1,1,1 2,1,1 2,2,1 2,3,1 2,3,2 J15
6,0,0 6,1,0 6,1,1 7,0,0 8,0,0 J45
7,1,0 7,1,1 7,2,0 7,3,0 8,1,0 J35
7,4,0 7,4,1 8,2,0 8,3,0 8,4,0 L45
0,7,0 0,8,0 1,7,0 1,7,1 2,7,0 J25
1,8,0 2,8,0 3,8,0 4,7,0 4,8,0 L5
6,7,0 6,7,1 7,7,0 8,7,0 8,8,0 L15
5,6,0 5,7,0 5,8,0 6,8,0 7,8,0 V5
6,5,1 7,5,1 7,6,0 7,6,1 7,7,1 L25
6,5,0 6,6,0 7,5,0 8,5,0 8,6,0 U5
0,6,0 1,6,0 2,5,0 2,6,0 2,6,1 L35
1,5,1 1,6,1 2,5,1 2,5,2 3,5,2 N15
0,4,0 0,5,0 1,4,0 1,5,0 2,4,0 P5
1,4,1 2,4,1 3,4,1 3,5,1 4,5,1 N5
2,4,2 3,2,2 3,3,2 3,4,2 4,2,2 Z5
2,7,1 3,6,1 3,6,2 3,7,0 3,7,1 N25
3,5,0 3,6,0 4,6,0 4,6,1 4,7,1 V15
4,6,2 5,6,1 5,6,2 5,7,1 6,6,1 S25
4,5,2 5,4,2 5,5,1 5,5,2 6,5,2 T15
3,3,1 4,3,0 4,3,1 4,3,2 5,3,1 X5
2,3,0 3,3,0 3,4,0 4,4,0 4,5,0 W5
4,4,1 5,4,1 6,4,0 6,4,1 6,4,2 T5
5,2,0 5,3,0 5,4,0 5,5,0 6,3,0 Y5
6,2,0 6,2,1 6,3,1 7,2,1 7,3,1 Q5
5,1,1 5,2,1 5,2,2 5,3,2 6,3,2 S15
3,2,1 4,1,0 4,1,1 4,2,1 5,1,0 V25
2,2,0 3,1,0 3,1,1 3,2,0 4,2,0 T25

J25 L5  L5  L5  L5  V5  V5  V5  L15
J25 J25 J25 N25 L5  V5  L15 L15 L15         J25 N25 N25 V15 S25 L15 L25
L35 L35 L35 V15 V15 V5  U5  L25 U5          N15 L35 N25 V15 S25 S25 L25                     N25 S25 S25
P5  P5  L35 V15 W5  Y5  U5  U5  U5          N15 N15 N5  N5  T15 L25 L25                 N15 N15 T15 T15 T15
P5  P5  P5  W5  W5  Y5  T5  L45 L45         N5  N5  N5  T5  T5  T5  L45                 Z5  Z5      T15 T5
A5  A5  W5  W5  X5  Y5  Y5  J35 L45         A5  J15 X5  X5  X5  Q5  Q5                  J15 Z5  X5  S15 S15
A5  F5  T25 T25 T25 Y5  Q5  J35 L45         A5  J15 V25 V25 S15 Q5  Q5                      Z5  Z5  S15
F5  F5  F5  T25 V25 V25 J45 J35 J35         J15 J15 T25 V25 S15 J45 J35
F5  I5  I5  I5  I5  I5  J45 J45 J45

solution 4 (65,221 searches):
0,0,0 0,1,0 1,1,0 1,2,0 2,1,0 F5
1,0,0 2,0,0 3,0,0 4,0,0 5,0,0 I5
0,2,0 0,3,0 1,2,1 1,3,0 1,3,1 A5
1,1,1 2,1,1 2,2,1 2,3,1 2,3,2 J15
6,0,0 6,1,0 6,1,1 7,0,0 8,0,0 J45
7,1,0 7,1,1 7,2,0 7,3,0 8,1,0 J35
7,4,0 7,4,1 8,2,0 8,3,0 8,4,0 L45
0,7,0 0,8,0 1,7,0 1,7,1 2,7,0 J25
1,8,0 2,8,0 3,8,0 4,7,0 4,8,0 L5
6,7,0 6,7,1 7,7,0 8,7,0 8,8,0 L15
5,6,0 5,7,0 5,8,0 6,8,0 7,8,0 V5
6,5,1 7,5,1 7,6,0 7,6,1 7,7,1 L25
6,5,0 6,6,0 7,5,0 8,5,0 8,6,0 U5
0,6,0 1,6,0 2,5,0 2,6,0 2,6,1 L35
1,5,1 1,6,1 2,5,1 2,5,2 3,5,2 N15
0,4,0 0,5,0 1,4,0 1,5,0 2,4,0 P5
1,4,1 2,4,1 3,4,1 3,5,1 4,5,1 N5
2,4,2 3,2,2 3,3,2 3,4,2 4,2,2 Z5
2,7,1 3,7,0 3,7,1 4,7,1 5,7,1 Y5
3,6,2 4,5,2 4,6,2 5,4,2 5,5,2 W5
5,5,0 5,5,1 5,6,1 5,6,2 6,6,1 N25
3,6,0 3,6,1 4,5,0 4,6,0 4,6,1 Q5
5,4,1 6,3,2 6,4,1 6,4,2 6,5,2 T25
3,3,0 3,4,0 3,5,0 4,4,0 5,4,0 T5
2,2,0 2,3,0 3,1,0 3,1,1 3,2,0 S15
6,3,0 6,3,1 6,4,0 7,2,1 7,3,1 V15
4,2,0 5,1,0 5,2,0 5,3,0 6,2,0 X5
3,2,1 4,1,0 4,1,1 4,2,1 5,1,1 S25
4,3,2 5,2,1 5,2,2 5,3,2 6,2,1 V25
3,3,1 4,3,0 4,3,1 4,4,1 5,3,1 T15

J25 L5  L5  L5  L5  V5  V5  V5  L15
J25 J25 J25 Y5  L5  V5  L15 L15 L15         J25 Y5  Y5  Y5  Y5  L15 L25
L35 L35 L35 Q5  Q5  V5  U5  L25 U5          N15 L35 Q5  Q5  N25 N25 L25                     W5  W5  N25
P5  P5  L35 T5  Q5  N25 U5  U5  U5          N15 N15 N5  N5  N25 L25 L25                 N15 N15 W5  W5  T25
P5  P5  P5  T5  T5  T5  V15 L45 L45         N5  N5  N5  T15 T25 T25 L45                 Z5  Z5      W5  T25
A5  A5  S15 T5  T15 X5  V15 J35 L45         A5  J15 T15 T15 T15 V15 V15                 J15 Z5  V25 V25 T25
A5  F5  S15 S15 X5  X5  X5  J35 L45         A5  J15 S25 S25 V25 V25 V15                     Z5  Z5  V25
F5  F5  F5  S15 S25 X5  J45 J35 J35         J15 J15 S15 S25 S25 J45 J35
F5  I5  I5  I5  I5  I5  J45 J45 J45

solution 5 (139,832 searches):
0,0,0 0,1,0 1,1,0 1,2,0 2,1,0 F5
1,0,0 2,0,0 3,0,0 4,0,0 5,0,0 I5
0,2,0 0,3,0 1,2,1 1,3,0 1,3,1 A5
1,1,1 2,1,1 2,2,1 2,3,1 2,3,2 J15
6,0,0 6,1,0 6,1,1 7,0,0 8,0,0 J45
7,1,0 7,1,1 7,2,0 7,3,0 8,1,0 J35
7,4,0 7,4,1 8,2,0 8,3,0 8,4,0 L45
0,7,0 0,8,0 1,7,0 1,7,1 2,7,0 J25
1,8,0 2,8,0 3,8,0 4,7,0 4,8,0 L5
6,7,0 6,7,1 7,7,0 8,7,0 8,8,0 L15
5,6,0 5,7,0 5,8,0 6,8,0 7,8,0 V5
6,5,1 7,5,1 7,6,0 7,6,1 7,7,1 L25
6,5,0 6,6,0 7,5,0 8,5,0 8,6,0 U5
0,6,0 1,6,0 2,5,0 2,6,0 2,6,1 L35
1,5,1 1,6,1 2,5,1 2,5,2 3,5,2 N15
0,4,0 0,5,0 1,4,0 1,5,0 2,4,0 P5
1,4,1 2,4,1 3,4,0 3,4,1 4,4,0 N5
2,4,2 3,2,2 3,3,2 3,4,2 4,2,2 Z5
2,7,1 3,7,1 4,6,1 4,7,1 5,7,1 Y5
3,5,0 3,6,0 3,6,1 3,6,2 3,7,0 T5
4,5,0 4,6,0 5,4,0 5,4,1 5,5,0 S15
3,5,1 4,4,1 4,5,1 4,5,2 5,5,1 T15
4,6,2 5,5,2 5,6,1 5,6,2 6,6,1 N25
4,3,2 5,3,2 5,4,2 6,4,2 6,5,2 W5
5,1,1 5,2,0 5,2,1 5,2,2 5,3,1 X5
6,3,1 6,3,2 6,4,0 6,4,1 7,3,1 S25
5,3,0 6,2,0 6,2,1 6,3,0 7,2,1 V15
3,1,0 4,1,0 4,1,1 4,2,1 5,1,0 T25
2,2,0 2,3,0 3,1,1 3,2,0 3,2,1 V25
3,3,0 3,3,1 4,2,0 4,3,0 4,3,1 Q5

J25 L5  L5  L5  L5  V5  V5  V5  L15
J25 J25 J25 T5  L5  V5  L15 L15 L15         J25 Y5  Y5  Y5  Y5  L15 L25
L35 L35 L35 T5  S15 V5  U5  L25 U5          N15 L35 T5  Y5  N25 N25 L25                     T5  N25 N25
P5  P5  L35 T5  S15 S15 U5  U5  U5          N15 N15 T15 T15 T15 L25 L25                 N15 N15 T15 N25 W5
P5  P5  P5  N5  N5  S15 S25 L45 L45         N5  N5  N5  T15 S15 S25 L45                 Z5  Z5      W5  W5
A5  A5  V25 Q5  Q5  V15 V15 J35 L45         A5  J15 Q5  Q5  X5  S25 S25                 J15 Z5  W5  W5  S25
A5  F5  V25 V25 Q5  X5  V15 J35 L45         A5  J15 V25 T25 X5  V15 V15                     Z5  Z5  X5
F5  F5  F5  T25 T25 T25 J45 J35 J35         J15 J15 V25 T25 X5  J45 J35
F5  I5  I5  I5  I5  I5  J45 J45 J45

solution 6 (140,253 searches):
0,0,0 0,1,0 1,1,0 1,2,0 2,1,0 F5
1,0,0 2,0,0 3,0,0 4,0,0 5,0,0 I5
0,2,0 0,3,0 1,2,1 1,3,0 1,3,1 A5
1,1,1 2,1,1 2,2,1 2,3,1 2,3,2 J15
6,0,0 6,1,0 6,1,1 7,0,0 8,0,0 J45
7,1,0 7,1,1 7,2,0 7,3,0 8,1,0 J35
7,4,0 7,4,1 8,2,0 8,3,0 8,4,0 L45
0,7,0 0,8,0 1,7,0 1,7,1 2,7,0 J25
1,8,0 2,8,0 3,8,0 4,7,0 4,8,0 L5
6,7,0 6,7,1 7,7,0 8,7,0 8,8,0 L15
5,6,0 5,7,0 5,8,0 6,8,0 7,8,0 V5
6,5,1 7,5,1 7,6,0 7,6,1 7,7,1 L25
6,5,0 6,6,0 7,5,0 8,5,0 8,6,0 U5
0,6,0 1,6,0 2,5,0 2,6,0 2,6,1 L35
1,5,1 1,6,1 2,5,1 2,5,2 3,5,2 N15
0,4,0 0,5,0 1,4,0 1,5,0 2,4,0 P5
1,4,1 2,4,1 3,4,0 3,4,1 4,4,0 N5
2,4,2 3,2,2 3,3,2 3,4,2 4,2,2 Z5
2,7,1 3,7,1 4,6,1 4,7,1 5,7,1 Y5
3,5,0 3,6,0 3,6,1 3,6,2 3,7,0 T5
4,5,0 4,6,0 5,4,0 5,5,0 6,4,0 W5
3,5,1 4,5,1 4,5,2 5,4,2 5,5,2 S15
4,6,2 5,5,1 5,6,1 5,6,2 6,6,1 N25
5,3,1 5,4,1 6,4,1 6,4,2 6,5,2 V15
4,2,0 5,1,0 5,2,0 5,3,0 6,2,0 X5
6,3,0 6,3,1 6,3,2 7,2,1 7,3,1 T25
4,3,2 5,2,1 5,2,2 5,3,2 6,2,1 V25
3,1,1 4,1,0 4,1,1 4,2,1 5,1,1 T15
2,2,0 2,3,0 3,1,0 3,2,0 3,2,1 S25
3,3,0 3,3,1 4,3,0 4,3,1 4,4,1 Q5

J25 L5  L5  L5  L5  V5  V5  V5  L15
J25 J25 J25 T5  L5  V5  L15 L15 L15         J25 Y5  Y5  Y5  Y5  L15 L25
L35 L35 L35 T5  W5  V5  U5  L25 U5          N15 L35 T5  Y5  N25 N25 L25                     T5  N25 N25
P5  P5  L35 T5  W5  W5  U5  U5  U5          N15 N15 S15 S15 N25 L25 L25                 N15 N15 S15 S15 V15
P5  P5  P5  N5  N5  W5  W5  L45 L45         N5  N5  N5  Q5  V15 V15 L45                 Z5  Z5      S15 V15
A5  A5  S25 Q5  Q5  X5  T25 J35 L45         A5  J15 Q5  Q5  V15 T25 T25                 J15 Z5  V25 V25 T25
A5  F5  S25 S25 X5  X5  X5  J35 L45         A5  J15 S25 T15 V25 V25 T25                     Z5  Z5  V25
F5  F5  F5  S25 T15 X5  J45 J35 J35         J15 J15 T15 T15 T15 J45 J35
F5  I5  I5  I5  I5  I5  J45 J45 J45

solution 7 (140,318 searches):
0,0,0 0,1,0 1,1,0 1,2,0 2,1,0 F5
1,0,0 2,0,0 3,0,0 4,0,0 5,0,0 I5
0,2,0 0,3,0 1,2,1 1,3,0 1,3,1 A5
1,1,1 2,1,1 2,2,1 2,3,1 2,3,2 J15
6,0,0 6,1,0 6,1,1 7,0,0 8,0,0 J45
7,1,0 7,1,1 7,2,0 7,3,0 8,1,0 J35
7,4,0 7,4,1 8,2,0 8,3,0 8,4,0 L45
0,7,0 0,8,0 1,7,0 1,7,1 2,7,0 J25
1,8,0 2,8,0 3,8,0 4,7,0 4,8,0 L5
6,7,0 6,7,1 7,7,0 8,7,0 8,8,0 L15
5,6,0 5,7,0 5,8,0 6,8,0 7,8,0 V5
6,5,1 7,5,1 7,6,0 7,6,1 7,7,1 L25
6,5,0 6,6,0 7,5,0 8,5,0 8,6,0 U5
0,6,0 1,6,0 2,5,0 2,6,0 2,6,1 L35
1,5,1 1,6,1 2,5,1 2,5,2 3,5,2 N15
0,4,0 0,5,0 1,4,0 1,5,0 2,4,0 P5
1,4,1 2,4,1 3,4,0 3,4,1 4,4,0 N5
2,4,2 3,2,2 3,3,2 3,4,2 4,2,2 Z5
2,7,1 3,7,1 4,6,1 4,7,1 5,7,1 Y5
3,5,0 3,6,0 3,6,1 3,6,2 3,7,0 T5
4,5,0 4,6,0 5,4,0 5,5,0 6,4,0 W5
3,5,1 4,4,1 4,5,1 4,5,2 5,5,2 S25
4,6,2 5,5,1 5,6,1 5,6,2 6,6,1 N25
6,3,1 6,4,1 6,4,2 6,5,2 7,3,1 S15
5,3,0 6,2,0 6,2,1 6,3,0 7,2,1 V15
5,1,1 5,2,0 5,2,1 5,2,2 5,3,1 X5
4,3,2 5,3,2 5,4,1 5,4,2 6,3,2 T25
3,1,0 4,1,0 4,1,1 4,2,0 5,1,0 T15
2,2,0 2,3,0 3,1,1 3,2,0 3,2,1 V25
3,3,0 3,3,1 4,2,1 4,3,0 4,3,1 Q5

J25 L5  L5  L5  L5  V5  V5  V5  L15
J25 J25 J25 T5  L5  V5  L15 L15 L15         J25 Y5  Y5  Y5  Y5  L15 L25
L35 L35 L35 T5  W5  V5  U5  L25 U5          N15 L35 T5  Y5  N25 N25 L25                     T5  N25 N25
P5  P5  L35 T5  W5  W5  U5  U5  U5          N15 N15 S25 S25 N25 L25 L25                 N15 N15 S25 S25 S15
P5  P5  P5  N5  N5  W5  W5  L45 L45         N5  N5  N5  S25 T25 S15 L45                 Z5  Z5      T25 S15
A5  A5  V25 Q5  Q5  V15 V15 J35 L45         A5  J15 Q5  Q5  X5  S15 S15                 J15 Z5  T25 T25 T25
A5  F5  V25 V25 T15 X5  V15 J35 L45         A5  J15 V25 Q5  X5  V15 V15                     Z5  Z5  X5
F5  F5  F5  T15 T15 T15 J45 J35 J35         J15 J15 V25 T15 X5  J45 J35
F5  I5  I5  I5  I5  I5  J45 J45 J45

solution 8 (168,674 searches):
0,0,0 0,1,0 1,1,0 1,2,0 2,1,0 F5
1,0,0 2,0,0 3,0,0 4,0,0 5,0,0 I5
0,2,0 0,3,0 1,2,1 1,3,0 1,3,1 A5
1,1,1 2,1,1 2,2,1 2,3,1 2,3,2 J15
6,0,0 6,1,0 6,1,1 7,0,0 8,0,0 J45
7,1,0 7,1,1 7,2,0 7,3,0 8,1,0 J35
7,4,0 7,4,1 8,2,0 8,3,0 8,4,0 L45
0,7,0 0,8,0 1,7,0 1,7,1 2,7,0 J25
1,8,0 2,8,0 3,8,0 4,7,0 4,8,0 L5
6,7,0 6,7,1 7,7,0 8,7,0 8,8,0 L15
5,6,0 5,7,0 5,8,0 6,8,0 7,8,0 V5
6,5,1 7,5,1 7,6,0 7,6,1 7,7,1 L25
6,5,0 6,6,0 7,5,0 8,5,0 8,6,0 U5
0,6,0 1,6,0 2,5,0 2,6,0 2,6,1 L35
1,5,1 1,6,1 2,5,1 2,5,2 3,5,2 N15
0,4,0 0,5,0 1,4,0 1,5,0 2,4,0 P5
1,4,1 2,4,1 3,3,1 3,4,1 4,3,1 N5
2,4,2 3,2,2 3,3,2 3,4,2 4,2,2 Z5
2,7,1 3,6,0 3,6,1 3,7,0 3,7,1 Q5
3,6,2 4,6,1 4,6,2 4,7,1 5,7,1 V25
4,5,2 5,5,2 5,6,1 5,6,2 6,6,1 V15
6,3,1 6,4,1 6,4,2 6,5,2 7,3,1 S15
5,2,0 6,2,0 6,2,1 6,3,0 7,2,1 N25
4,3,2 5,2,2 5,3,2 5,4,2 6,3,2 X5
3,1,1 4,1,0 4,1,1 4,2,1 5,1,0 S25
5,1,1 5,2,1 5,3,0 5,3,1 5,4,1 Y5
4,5,0 4,6,0 5,4,0 5,5,0 6,4,0 W5
3,5,1 4,4,0 4,4,1 4,5,1 5,5,1 T25
2,3,0 3,3,0 3,4,0 3,5,0 4,3,0 T5
2,2,0 3,1,0 3,2,0 3,2,1 4,2,0 T15

J25 L5  L5  L5  L5  V5  V5  V5  L15
J25 J25 J25 Q5  L5  V5  L15 L15 L15         J25 Q5  Q5  V25 V25 L15 L25
L35 L35 L35 Q5  W5  V5  U5  L25 U5          N15 L35 Q5  V25 V15 V15 L25                     V25 V25 V15
P5  P5  L35 T5  W5  W5  U5  U5  U5          N15 N15 T25 T25 T25 L25 L25                 N15 N15 V15 V15 S15
P5  P5  P5  T5  T25 W5  W5  L45 L45         N5  N5  N5  T25 Y5  S15 L45                 Z5  Z5      X5  S15
A5  A5  T5  T5  T5  Y5  N25 J35 L45         A5  J15 N5  N5  Y5  S15 S15                 J15 Z5  X5  X5  X5
A5  F5  T15 T15 T15 N25 N25 J35 L45         A5  J15 T15 S25 Y5  N25 N25                     Z5  Z5  X5
F5  F5  F5  T15 S25 S25 J45 J35 J35         J15 J15 S25 S25 Y5  J45 J35
F5  I5  I5  I5  I5  I5  J45 J45 J45

solution 9 (168,681 searches):
0,0,0 0,1,0 1,1,0 1,2,0 2,1,0 F5
1,0,0 2,0,0 3,0,0 4,0,0 5,0,0 I5
0,2,0 0,3,0 1,2,1 1,3,0 1,3,1 A5
1,1,1 2,1,1 2,2,1 2,3,1 2,3,2 J15
6,0,0 6,1,0 6,1,1 7,0,0 8,0,0 J45
7,1,0 7,1,1 7,2,0 7,3,0 8,1,0 J35
7,4,0 7,4,1 8,2,0 8,3,0 8,4,0 L45
0,7,0 0,8,0 1,7,0 1,7,1 2,7,0 J25
1,8,0 2,8,0 3,8,0 4,7,0 4,8,0 L5
6,7,0 6,7,1 7,7,0 8,7,0 8,8,0 L15
5,6,0 5,7,0 5,8,0 6,8,0 7,8,0 V5
6,5,1 7,5,1 7,6,0 7,6,1 7,7,1 L25
6,5,0 6,6,0 7,5,0 8,5,0 8,6,0 U5
0,6,0 1,6,0 2,5,0 2,6,0 2,6,1 L35
1,5,1 1,6,1 2,5,1 2,5,2 3,5,2 N15
0,4,0 0,5,0 1,4,0 1,5,0 2,4,0 P5
1,4,1 2,4,1 3,3,1 3,4,1 4,3,1 N5
2,4,2 3,2,2 3,3,2 3,4,2 4,2,2 Z5
2,7,1 3,6,0 3,6,1 3,7,0 3,7,1 Q5
3,6,2 4,6,1 4,6,2 4,7,1 5,7,1 V25
4,5,2 5,5,2 5,6,1 5,6,2 6,6,1 V15
6,3,1 6,4,1 6,4,2 6,5,2 7,3,1 S15
5,2,0 6,2,0 6,2,1 6,3,0 7,2,1 N25
4,3,2 5,2,2 5,3,2 5,4,2 6,3,2 X5
3,1,0 4,1,0 4,1,1 4,2,0 5,1,0 T15
2,2,0 3,1,1 3,2,0 3,2,1 4,2,1 S25
5,1,1 5,2,1 5,3,0 5,3,1 5,4,1 Y5
2,3,0 3,3,0 3,4,0 3,5,0 4,3,0 T5
4,5,0 4,6,0 5,4,0 5,5,0 6,4,0 W5
3,5,1 4,4,0 4,4,1 4,5,1 5,5,1 T25

J25 L5  L5  L5  L5  V5  V5  V5  L15
J25 J25 J25 Q5  L5  V5  L15 L15 L15         J25 Q5  Q5  V25 V25 L15 L25
L35 L35 L35 Q5  W5  V5  U5  L25 U5          N15 L35 Q5  V25 V15 V15 L25                     V25 V25 V15
P5  P5  L35 T5  W5  W5  U5  U5  U5          N15 N15 T25 T25 T25 L25 L25                 N15 N15 V15 V15 S15
P5  P5  P5  T5  T25 W5  W5  L45 L45         N5  N5  N5  T25 Y5  S15 L45                 Z5  Z5      X5  S15
A5  A5  T5  T5  T5  Y5  N25 J35 L45         A5  J15 N5  N5  Y5  S15 S15                 J15 Z5  X5  X5  X5
A5  F5  S25 S25 T15 N25 N25 J35 L45         A5  J15 S25 S25 Y5  N25 N25                     Z5  Z5  X5
F5  F5  F5  T15 T15 T15 J45 J35 J35         J15 J15 S25 T15 Y5  J45 J35
F5  I5  I5  I5  I5  I5  J45 J45 J45

solution 10 (219,370 searches):
0,0,0 0,1,0 1,1,0 1,2,0 2,1,0 F5
1,0,0 2,0,0 3,0,0 4,0,0 5,0,0 I5
0,2,0 0,3,0 1,2,1 1,3,0 1,3,1 A5
1,1,1 2,1,1 2,2,1 2,3,1 2,3,2 J15
6,0,0 6,1,0 6,1,1 7,0,0 8,0,0 J45
7,1,0 7,1,1 7,2,0 7,3,0 8,1,0 J35
7,4,0 7,4,1 8,2,0 8,3,0 8,4,0 L45
0,7,0 0,8,0 1,7,0 1,7,1 2,7,0 J25
1,8,0 2,8,0 3,8,0 4,7,0 4,8,0 L5
6,7,0 6,7,1 7,7,0 8,7,0 8,8,0 L15
5,6,0 5,7,0 5,8,0 6,8,0 7,8,0 V5
6,5,1 7,5,1 7,6,0 7,6,1 7,7,1 L25
6,5,0 6,6,0 7,5,0 8,5,0 8,6,0 U5
0,6,0 1,6,0 2,5,0 2,6,0 2,6,1 L35
1,5,1 1,6,1 2,5,1 2,5,2 3,5,2 N15
0,4,0 0,5,0 1,4,0 1,5,0 2,4,0 P5
1,4,1 2,4,1 3,3,1 3,4,1 4,3,1 N5
2,4,2 3,2,2 3,3,2 3,4,2 4,2,2 Z5
2,7,1 3,6,0 3,7,0 3,7,1 4,6,0 V15
2,2,0 2,3,0 3,3,0 3,4,0 4,4,0 W5
4,3,2 5,2,2 5,3,2 5,4,2 6,3,2 X5
4,5,2 5,5,0 5,5,1 5,5,2 6,5,2 T5
4,6,2 5,6,1 5,6,2 5,7,1 6,6,1 S25
3,5,1 3,6,1 3,6,2 4,6,1 4,7,1 N25
3,5,0 4,4,1 4,5,0 4,5,1 5,4,1 V25
6,3,1 6,4,0 6,4,1 6,4,2 7,3,1 T25
4,2,1 5,1,1 5,2,1 6,2,1 7,2,1 Y5
4,1,0 4,1,1 5,1,0 5,2,0 6,2,0 S15
3,1,0 3,1,1 3,2,0 3,2,1 4,2,0 Q5
4,3,0 5,3,0 5,3,1 5,4,0 6,3,0 T15

J25 L5  L5  L5  L5  V5  V5  V5  L15
J25 J25 J25 V15 L5  V5  L15 L15 L15         J25 V15 V15 N25 S25 L15 L25
L35 L35 L35 V15 V15 V5  U5  L25 U5          N15 L35 N25 N25 S25 S25 L25                     N25 S25 S25
P5  P5  L35 V25 V25 T5  U5  U5  U5          N15 N15 N25 V25 T5  L25 L25                 N15 N15 T5  T5  T5
P5  P5  P5  W5  W5  T15 T25 L45 L45         N5  N5  N5  V25 V25 T25 L45                 Z5  Z5      X5  T25
A5  A5  W5  W5  T15 T15 T15 J35 L45         A5  J15 N5  N5  T15 T25 T25                 J15 Z5  X5  X5  X5
A5  F5  W5  Q5  Q5  S15 S15 J35 L45         A5  J15 Q5  Y5  Y5  Y5  Y5                      Z5  Z5  X5
F5  F5  F5  Q5  S15 S15 J45 J35 J35         J15 J15 Q5  S15 Y5  J45 J35
F5  I5  I5  I5  I5  I5  J45 J45 J45

User-requested solution limit reached.
10 solutions, 219,370 searches, duration 0:00:07.182267
