solving Polysticks1234_10x5:

solution 1 (1,108 searches):
0,1,0 1,0,1 1,1,0 1,1,1 X
0,0,0 1,0,0 2,0,0 3,0,0 I
0,0,1 I1
0,1,1 0,2,0 0,2,1 0,3,0 F
0,3,1 0,4,0 1,2,1 1,3,1 J
3,0,1 3,1,0 4,0,0 4,0,1 P
2,0,1 2,1,0 2,1,1 3,1,1 H
1,4,0 2,4,0 I2
1,2,0 2,2,0 3,2,0 I3
2,3,0 2,3,1 3,2,1 3,3,0 R
1,3,0 2,2,1 V2
3,3,1 3,4,0 4,4,0 5,4,0 L
4,3,0 4,3,1 5,1,1 5,2,1 N
4,1,0 4,1,1 4,2,1 5,1,0 V
5,0,0 5,0,1 6,0,0 L3
5,3,0 5,3,1 6,2,1 Z3
5,2,0 6,0,1 6,1,1 6,2,0 T
6,3,0 6,3,1 6,4,0 7,3,1 O
7,4,0 8,3,1 8,4,0 T3
7,2,0 8,2,1 8,3,0 9,3,1 W
6,1,0 7,1,1 7,2,1 7,3,0 Z
8,1,0 9,0,1 9,1,1 9,2,1 Y
8,0,0 8,0,1 8,1,1 8,2,0 U
7,0,0 7,0,1 7,1,0 U3

 -J-- -I2- -I2- -L-- -L-- -L-- -O-- -T3- -T3-
J    J    R    L    N    Z    O    O    T    W
|    |    |    |    |    3    |    |    3    |
 -F-- -V2- -R-- -R-- -N-- -Z3- -O-- -Z-- -W--
F    J    V    R    V    N    Z    Z    W    Y
|    |    2    |    |    |    3    |    |    |
 -F-- -I3- -I3- -I3-      -T-- -T-- -W-- -U--
F    X    H    H    V    N    T    Z    U    Y
|    |    |    |    |    |    |    |    |    |
 -X-- -X-- -H-- -P-- -V-- -V-- -Z-- -U3- -Y--
I    X    H    P    P    L    T    U    U    Y
1    |    |    |    |    3    |    3    |    |
 -I-- -I-- -I-- -I-- -P-- -L3- -L3- -U3- -U--

solution 2 (1,116 searches):
0,1,0 1,0,1 1,1,0 1,1,1 X
0,0,0 1,0,0 2,0,0 3,0,0 I
0,0,1 I1
0,1,1 0,2,0 0,2,1 0,3,0 F
0,3,1 0,4,0 1,2,1 1,3,1 J
3,0,1 3,1,0 4,0,0 4,0,1 P
2,0,1 2,1,0 2,1,1 3,1,1 H
1,4,0 2,4,0 I2
1,2,0 2,2,0 3,2,0 I3
2,3,0 2,3,1 3,2,1 3,3,0 R
1,3,0 2,2,1 V2
3,3,1 3,4,0 4,4,0 5,4,0 L
4,3,0 4,3,1 5,1,1 5,2,1 N
4,1,0 4,1,1 4,2,1 5,1,0 V
5,0,0 5,0,1 6,0,0 L3
5,3,0 5,3,1 6,2,1 Z3
5,2,0 6,0,1 6,1,1 6,2,0 T
6,3,0 6,3,1 6,4,0 7,3,1 O
7,4,0 8,3,1 8,4,0 T3
7,2,1 7,3,0 8,3,0 9,3,1 Z
8,1,0 9,0,1 9,1,1 9,2,1 Y
6,1,0 7,1,1 7,2,0 8,2,1 W
8,0,0 8,0,1 8,1,1 8,2,0 U
7,0,0 7,0,1 7,1,0 U3

 -J-- -I2- -I2- -L-- -L-- -L-- -O-- -T3- -T3-
J    J    R    L    N    Z    O    O    T    Z
|    |    |    |    |    3    |    |    3    |
 -F-- -V2- -R-- -R-- -N-- -Z3- -O-- -Z-- -Z--
F    J    V    R    V    N    Z    Z    W    Y
|    |    2    |    |    |    3    |    |    |
 -F-- -I3- -I3- -I3-      -T-- -T-- -W-- -U--
F    X    H    H    V    N    T    W    U    Y
|    |    |    |    |    |    |    |    |    |
 -X-- -X-- -H-- -P-- -V-- -V-- -W-- -U3- -Y--
I    X    H    P    P    L    T    U    U    Y
1    |    |    |    |    3    |    3    |    |
 -I-- -I-- -I-- -I-- -P-- -L3- -L3- -U3- -U--

solution 3 (1,122 searches):
0,1,0 1,0,1 1,1,0 1,1,1 X
0,0,0 1,0,0 2,0,0 3,0,0 I
0,0,1 I1
0,1,1 0,2,0 0,2,1 0,3,0 F
0,3,1 0,4,0 1,2,1 1,3,1 J
3,0,1 3,1,0 4,0,0 4,0,1 P
2,0,1 2,1,0 2,1,1 3,1,1 H
1,4,0 2,4,0 I2
1,2,0 2,2,0 3,2,0 I3
2,3,0 2,3,1 3,2,1 3,3,0 R
1,3,0 2,2,1 V2
3,3,1 3,4,0 4,4,0 5,4,0 L
4,3,0 4,3,1 5,1,1 5,2,1 N
4,1,0 4,1,1 4,2,1 5,1,0 V
5,0,0 5,0,1 6,0,0 L3
5,3,0 5,3,1 6,2,1 Z3
5,2,0 6,0,1 6,1,1 6,2,0 T
6,3,0 6,3,1 6,4,0 7,3,1 O
7,2,0 7,4,0 8,2,1 8,3,1 U
6,1,0 7,1,1 7,2,1 7,3,0 Z
8,3,0 8,4,0 9,3,1 U3
7,0,1 7,1,0 8,1,1 8,2,0 W
8,1,0 9,0,1 9,1,1 9,2,1 Y
7,0,0 8,0,0 8,0,1 T3

 -J-- -I2- -I2- -L-- -L-- -L-- -O-- -U-- -U3-
J    J    R    L    N    Z    O    O    U    U
|    |    |    |    |    3    |    |    |    3
 -F-- -V2- -R-- -R-- -N-- -Z3- -O-- -Z-- -U3-
F    J    V    R    V    N    Z    Z    U    Y
|    |    2    |    |    |    3    |    |    |
 -F-- -I3- -I3- -I3-      -T-- -T-- -U-- -W--
F    X    H    H    V    N    T    Z    W    Y
|    |    |    |    |    |    |    |    |    |
 -X-- -X-- -H-- -P-- -V-- -V-- -Z-- -W-- -Y--
I    X    H    P    P    L    T    W    T    Y
1    |    |    |    |    3    |    |    3    |
 -I-- -I-- -I-- -I-- -P-- -L3- -L3- -T3- -T3-

solution 4 (12,233 searches):
0,1,0 1,0,1 1,1,0 1,1,1 X
0,0,0 1,0,0 2,0,0 3,0,0 I
0,0,1 I1
0,1,1 0,2,0 0,2,1 0,3,0 F
0,3,1 0,4,0 1,2,1 1,3,1 J
3,0,1 3,1,0 4,0,0 4,0,1 P
2,0,1 2,1,0 2,1,1 3,1,1 H
1,4,0 2,4,0 I2
1,2,0 2,2,0 3,2,0 I3
2,3,0 2,3,1 3,2,1 3,3,0 R
1,3,0 2,2,1 V2
3,3,1 3,4,0 4,4,0 5,4,0 L
4,3,0 4,3,1 5,3,1 U3
4,1,0 4,1,1 4,2,1 5,1,0 V
5,0,0 5,0,1 6,0,0 L3
5,1,1 5,2,0 5,2,1 6,2,0 T
6,0,1 6,1,0 6,1,1 T3
6,2,1 6,3,0 7,3,1 Z3
5,3,0 6,3,1 6,4,0 7,4,0 N
7,2,1 7,3,0 8,3,1 8,4,0 W
8,2,0 9,1,1 9,2,1 9,3,1 Y
7,1,0 8,1,1 8,2,1 8,3,0 Z
8,0,0 8,0,1 8,1,0 9,0,1 O
7,0,0 7,0,1 7,1,1 7,2,0 U

 -J-- -I2- -I2- -L-- -L-- -L-- -N-- -N-- -W--
J    J    R    L    U    U    N    Z    W    Y
|    |    |    |    3    3    |    3    |    |
 -F-- -V2- -R-- -R-- -U3- -N-- -Z3- -W-- -Z--
F    J    V    R    V    T    Z    W    Z    Y
|    |    2    |    |    |    3    |    |    |
 -F-- -I3- -I3- -I3-      -T-- -T-- -U-- -Y--
F    X    H    H    V    T    T    U    Z    Y
|    |    |    |    |    |    3    |    |    |
 -X-- -X-- -H-- -P-- -V-- -V-- -T3- -Z-- -O--
I    X    H    P    P    L    T    U    O    O
1    |    |    |    |    3    3    |    |    |
 -I-- -I-- -I-- -I-- -P-- -L3- -L3- -U-- -O--

solution 5 (16,149 searches):
0,1,0 1,0,1 1,1,0 1,1,1 X
0,0,0 1,0,0 2,0,0 3,0,0 I
0,0,1 I1
0,1,1 0,2,0 0,2,1 0,3,0 F
0,3,1 0,4,0 1,2,1 1,3,1 J
3,0,1 3,1,0 4,0,0 4,0,1 P
2,0,1 2,1,0 2,1,1 3,1,1 H
1,4,0 2,4,0 I2
1,2,0 2,2,0 3,2,0 I3
2,3,0 2,3,1 3,2,1 3,3,0 R
1,3,0 2,2,1 V2
3,3,1 3,4,0 4,4,0 5,4,0 L
4,1,1 4,2,1 4,3,0 4,3,1 Y
5,2,1 5,3,0 5,3,1 6,3,0 T
6,3,1 6,4,0 7,3,1 U3
7,4,0 8,4,0 9,2,1 9,3,1 V
5,0,0 5,0,1 5,1,0 6,0,1 O
4,1,0 5,1,1 5,2,0 6,2,1 W
6,0,0 7,0,0 8,0,1 8,1,0 N
8,0,0 8,2,0 9,0,1 9,1,1 U
7,1,0 8,1,1 8,2,1 8,3,0 Z
7,2,1 7,3,0 8,3,1 Z3
6,1,0 7,0,1 7,1,1 T3
6,1,1 6,2,0 7,2,0 L3

 -J-- -I2- -I2- -L-- -L-- -L-- -U3- -V-- -V--
J    J    R    L    Y    T    U    U    Z    V
|    |    |    |    |    |    3    3    3    |
 -F-- -V2- -R-- -R-- -Y-- -T-- -T-- -Z3- -Z--
F    J    V    R    Y    T    W    Z    Z    V
|    |    2    |    |    |    |    3    |    |
 -F-- -I3- -I3- -I3-      -W-- -L3- -L3- -U--
F    X    H    H    Y    W    L    T    Z    U
|    |    |    |    |    |    3    3    |    |
 -X-- -X-- -H-- -P-- -W-- -O-- -T3- -Z-- -N--
I    X    H    P    P    O    O    T    N    U
1    |    |    |    |    |    |    3    |    |
 -I-- -I-- -I-- -I-- -P-- -O-- -N-- -N-- -U--

solution 6 (17,765 searches):
0,1,0 1,0,1 1,1,0 1,1,1 X
0,0,0 1,0,0 2,0,0 3,0,0 I
0,0,1 I1
0,1,1 0,2,0 0,2,1 0,3,0 F
0,3,1 0,4,0 1,2,1 1,3,1 J
3,0,1 3,1,0 4,0,0 4,0,1 P
2,0,1 2,1,0 2,1,1 3,1,1 H
1,4,0 2,4,0 I2
1,2,0 2,2,0 3,2,0 I3
2,3,0 2,3,1 3,2,1 3,3,0 R
1,3,0 2,2,1 V2
3,3,1 3,4,0 4,4,0 5,4,0 L
4,1,1 4,2,1 4,3,0 4,3,1 Y
5,2,1 5,3,0 5,3,1 T3
4,1,0 5,1,1 5,2,0 6,2,1 W
5,0,0 5,0,1 6,0,1 U3
5,1,0 6,1,0 7,0,1 7,1,1 T
6,0,0 7,0,0 8,0,1 8,1,0 N
8,0,0 8,2,0 9,0,1 9,1,1 U
7,1,0 8,1,1 8,2,1 8,3,0 Z
6,3,0 6,3,1 6,4,0 7,3,1 O
7,4,0 8,4,0 9,2,1 9,3,1 V
6,1,1 6,2,0 7,2,0 L3
7,2,1 7,3,0 8,3,1 Z3

 -J-- -I2- -I2- -L-- -L-- -L-- -O-- -V-- -V--
J    J    R    L    Y    T    O    O    Z    V
|    |    |    |    |    3    |    |    3    |
 -F-- -V2- -R-- -R-- -Y-- -T3- -O-- -Z3- -Z--
F    J    V    R    Y    T    W    Z    Z    V
|    |    2    |    |    3    |    3    |    |
 -F-- -I3- -I3- -I3-      -W-- -L3- -L3- -U--
F    X    H    H    Y    W    L    T    Z    U
|    |    |    |    |    |    3    |    |    |
 -X-- -X-- -H-- -P-- -W-- -T-- -T-- -Z-- -N--
I    X    H    P    P    U    U    T    N    U
1    |    |    |    |    3    3    |    |    |
 -I-- -I-- -I-- -I-- -P-- -U3- -N-- -N-- -U--

solution 7 (18,121 searches):
0,1,0 1,0,1 1,1,0 1,1,1 X
0,0,0 1,0,0 2,0,0 3,0,0 I
0,0,1 I1
0,1,1 0,2,0 0,2,1 0,3,0 F
0,3,1 0,4,0 1,2,1 1,3,1 J
3,0,1 3,1,0 4,0,0 4,0,1 P
2,0,1 2,1,0 2,1,1 3,1,1 H
1,4,0 2,4,0 I2
1,2,0 2,2,0 3,2,0 I3
2,3,0 2,3,1 3,2,1 3,3,0 R
1,3,0 2,2,1 V2
3,3,1 3,4,0 4,4,0 5,4,0 L
4,1,1 4,2,1 4,3,0 4,3,1 Y
5,2,1 5,3,0 5,3,1 T3
4,1,0 5,1,1 5,2,0 Z3
5,0,0 5,0,1 6,0,1 U3
6,0,0 7,0,0 8,0,1 8,1,0 N
8,0,0 8,2,0 9,0,1 9,1,1 U
7,0,1 7,1,1 7,2,0 L3
5,1,0 6,1,0 6,1,1 6,2,1 T
7,1,0 8,1,1 8,2,1 8,3,0 Z
6,2,0 7,2,1 7,3,0 8,3,1 W
6,3,0 6,3,1 6,4,0 7,3,1 O
7,4,0 8,4,0 9,2,1 9,3,1 V

 -J-- -I2- -I2- -L-- -L-- -L-- -O-- -V-- -V--
J    J    R    L    Y    T    O    O    W    V
|    |    |    |    |    3    |    |    |    |
 -F-- -V2- -R-- -R-- -Y-- -T3- -O-- -W-- -Z--
F    J    V    R    Y    T    T    W    Z    V
|    |    2    |    |    3    |    |    |    |
 -F-- -I3- -I3- -I3-      -Z3- -W-- -L3- -U--
F    X    H    H    Y    Z    T    L    Z    U
|    |    |    |    |    3    |    3    |    |
 -X-- -X-- -H-- -P-- -Z3- -T-- -T-- -Z-- -N--
I    X    H    P    P    U    U    L    N    U
1    |    |    |    |    3    3    3    |    |
 -I-- -I-- -I-- -I-- -P-- -U3- -N-- -N-- -U--

solution 8 (26,019 searches):
0,1,0 1,0,1 1,1,0 1,1,1 X
0,0,0 1,0,0 2,0,0 3,0,0 I
0,0,1 I1
0,1,1 0,2,0 0,2,1 0,3,0 F
0,3,1 0,4,0 1,2,1 1,3,1 J
3,0,1 3,1,0 4,0,0 4,0,1 P
2,0,1 2,1,0 2,1,1 3,1,1 H
1,4,0 2,4,0 I2
1,2,0 2,2,0 3,2,0 I3
2,3,0 2,3,1 3,2,1 3,3,0 R
1,3,0 2,2,1 V2
3,3,1 3,4,0 4,4,0 L3
4,1,0 4,1,1 4,2,1 4,3,1 L
5,0,0 5,0,1 5,1,0 6,0,1 O
6,0,0 7,0,0 8,0,0 8,0,1 Y
7,1,0 7,1,1 8,1,0 9,0,1 Z
5,2,0 6,1,0 6,1,1 7,0,1 W
4,3,0 5,1,1 5,2,1 5,3,0 T
5,3,1 5,4,0 6,4,0 7,3,1 U
6,2,1 6,3,0 6,3,1 T3
7,4,0 8,4,0 9,2,1 9,3,1 V
8,1,1 8,2,0 9,1,1 U3
7,2,1 7,3,0 8,3,1 Z3
6,2,0 7,2,0 8,2,1 8,3,0 N

 -J-- -I2- -I2- -L3- -L3- -U-- -U-- -V-- -V--
J    J    R    L    L    U    T    U    Z    V
|    |    |    3    |    |    3    |    3    |
 -F-- -V2- -R-- -R-- -T-- -T-- -T3- -Z3- -N--
F    J    V    R    L    T    T    Z    N    V
|    |    2    |    |    |    3    3    |    |
 -F-- -I3- -I3- -I3-      -W-- -N-- -N-- -U3-
F    X    H    H    L    T    W    Z    U    U
|    |    |    |    |    |    |    |    3    3
 -X-- -X-- -H-- -P-- -L-- -O-- -W-- -Z-- -Z--
I    X    H    P    P    O    O    W    Y    Z
1    |    |    |    |    |    |    |    |    |
 -I-- -I-- -I-- -I-- -P-- -O-- -Y-- -Y-- -Y--

solution 9 (33,177 searches):
0,1,0 1,0,1 1,1,0 1,1,1 X
0,0,0 1,0,0 2,0,0 3,0,0 I
0,0,1 I1
0,1,1 0,2,0 0,2,1 0,3,0 F
0,3,1 0,4,0 1,2,1 1,3,1 J
3,0,1 3,1,0 4,0,0 4,0,1 P
2,0,1 2,1,0 2,1,1 3,1,1 H
1,4,0 2,4,0 I2
1,2,0 2,2,0 3,2,0 I3
2,3,0 2,3,1 3,2,1 3,3,0 R
1,3,0 2,2,1 V2
3,3,1 3,4,0 4,4,0 L3
4,1,0 4,1,1 4,2,1 4,3,1 L
5,3,0 5,3,1 5,4,0 6,3,1 O
4,3,0 5,1,0 5,1,1 5,2,1 Z
5,0,0 5,0,1 6,0,0 7,0,1 U
7,0,0 8,0,0 9,0,1 9,1,1 V
6,4,0 7,3,1 7,4,0 T3
7,3,0 8,3,1 8,4,0 Z3
8,1,1 8,2,0 9,2,1 9,3,1 N
7,1,1 7,2,0 8,2,1 8,3,0 W
6,1,0 7,1,0 8,0,1 8,1,0 Y
5,2,0 6,0,1 6,1,1 6,2,0 T
6,2,1 6,3,0 7,2,1 U3

 -J-- -I2- -I2- -L3- -L3- -O-- -T3- -T3- -Z3-
J    J    R    L    L    O    O    T    Z    N
|    |    |    3    |    |    |    3    3    |
 -F-- -V2- -R-- -R-- -Z-- -O-- -U3- -Z3- -W--
F    J    V    R    L    Z    U    U    W    N
|    |    2    |    |    |    3    3    |    |
 -F-- -I3- -I3- -I3-      -T-- -T-- -W-- -N--
F    X    H    H    L    Z    T    W    N    V
|    |    |    |    |    |    |    |    |    |
 -X-- -X-- -H-- -P-- -L-- -Z-- -Y-- -Y-- -Y--
I    X    H    P    P    U    T    U    Y    V
1    |    |    |    |    |    |    |    |    |
 -I-- -I-- -I-- -I-- -P-- -U-- -U-- -V-- -V--

solution 10 (33,253 searches):
0,1,0 1,0,1 1,1,0 1,1,1 X
0,0,0 1,0,0 2,0,0 3,0,0 I
0,0,1 I1
0,1,1 0,2,0 0,2,1 0,3,0 F
0,3,1 0,4,0 1,2,1 1,3,1 J
3,0,1 3,1,0 4,0,0 4,0,1 P
2,0,1 2,1,0 2,1,1 3,1,1 H
1,4,0 2,4,0 I2
1,2,0 2,2,0 3,2,0 I3
2,3,0 2,3,1 3,2,1 3,3,0 R
1,3,0 2,2,1 V2
3,3,1 3,4,0 4,4,0 L3
4,1,0 4,1,1 4,2,1 4,3,1 L
5,3,0 5,3,1 5,4,0 6,3,1 O
4,3,0 5,1,0 5,1,1 5,2,1 Z
5,0,0 5,0,1 6,0,0 7,0,1 U
7,0,0 8,0,0 9,0,1 9,1,1 V
6,4,0 7,3,0 7,3,1 Z3
7,4,0 8,3,1 8,4,0 T3
8,1,1 8,2,0 9,2,1 9,3,1 N
7,1,1 7,2,0 8,2,1 8,3,0 W
6,1,0 7,1,0 8,0,1 8,1,0 Y
5,2,0 6,0,1 6,1,1 6,2,0 T
6,2,1 6,3,0 7,2,1 U3

 -J-- -I2- -I2- -L3- -L3- -O-- -Z3- -T3- -T3-
J    J    R    L    L    O    O    Z    T    N
|    |    |    3    |    |    |    3    3    |
 -F-- -V2- -R-- -R-- -Z-- -O-- -U3- -Z3- -W--
F    J    V    R    L    Z    U    U    W    N
|    |    2    |    |    |    3    3    |    |
 -F-- -I3- -I3- -I3-      -T-- -T-- -W-- -N--
F    X    H    H    L    Z    T    W    N    V
|    |    |    |    |    |    |    |    |    |
 -X-- -X-- -H-- -P-- -L-- -Z-- -Y-- -Y-- -Y--
I    X    H    P    P    U    T    U    Y    V
1    |    |    |    |    |    |    |    |    |
 -I-- -I-- -I-- -I-- -P-- -U-- -U-- -V-- -V--

User-requested solution limit reached.
10 solutions, 33,253 searches, duration 0:00:12.238937
