solving Polycubes12345CrossBlock1:

solution 1 (1,460 searches):
1,0,0 1,0,1 1,0,2 1,0,3 1,0,4 I5
2,0,0 M
2,0,1 2,1,0 2,1,1 2,1,2 2,2,1 X5
3,0,0 3,0,1 3,0,2 3,0,3 I4
1,1,3 2,0,2 2,0,3 2,1,3 A4
1,0,5 1,1,4 1,1,5 2,0,4 2,0,5 A5
0,1,4 0,1,5 0,2,5 1,2,5 B4
0,3,4 0,3,5 D
0,1,2 0,1,3 0,2,3 0,2,4 0,3,3 F5
0,1,0 0,2,0 0,3,0 I3
0,1,1 1,1,1 1,2,1 1,3,1 1,3,2 J15
0,2,1 0,2,2 0,3,1 0,3,2 O4
1,1,0 1,2,0 1,3,0 2,3,0 2,3,1 J45
1,1,2 1,2,2 1,2,3 1,2,4 2,2,3 J25
1,4,0 1,4,1 2,4,1 3,3,1 3,4,1 L15
2,4,0 3,3,0 3,4,0 4,4,0 4,4,1 L25
2,2,0 3,2,0 4,2,0 4,2,1 4,3,0 L35
5,3,0 5,3,1 5,3,2 5,4,0 L4
5,3,3 5,4,1 5,4,2 5,4,3 6,3,3 L45
5,1,0 5,1,1 5,2,0 6,2,0 6,3,0 N15
6,1,0 6,1,1 6,1,2 6,1,3 6,2,3 L5
5,2,1 6,2,1 6,2,2 6,3,1 6,3,2 Q5
4,0,1 4,0,2 4,1,1 5,0,0 5,0,1 N25
3,1,0 3,1,1 3,2,1 4,0,0 4,1,0 V25
4,3,1 4,3,2 4,3,3 4,4,3 4,4,4 N5
3,3,2 3,4,2 3,4,3 4,4,2 P4
1,4,2 1,4,3 1,4,4 2,4,2 2,4,3 P5
1,3,5 1,4,5 2,3,4 2,3,5 3,3,4 S15
1,3,3 1,3,4 2,3,2 2,3,3 S4
2,4,4 2,4,5 3,4,4 V3
2,2,2 3,2,2 3,2,3 3,3,3 4,2,2 T25
2,2,5 3,2,5 3,3,5 3,4,5 4,2,5 T5
4,4,5 5,3,4 5,4,4 5,4,5 6,3,4 V15
4,3,5 5,3,5 6,1,5 6,2,5 6,3,5 V5
2,2,4 3,2,4 4,2,4 4,3,4 5,2,4 Y5
4,0,4 5,0,4 5,1,4 6,1,4 6,2,4 W5
4,1,5 5,0,5 5,1,5 5,2,5 T4
2,1,5 3,0,4 3,0,5 3,1,5 4,0,5 S25
2,1,4 3,1,2 3,1,3 3,1,4 4,1,2 Z5
4,0,3 4,1,3 4,1,4 4,2,3 5,1,3 T15
5,0,2 5,0,3 5,1,2 5,2,2 5,2,3 U5

    L15 L25 L25 L25 L4              L15 L15 L15 L25 L45             P5  P5  P4  P4  L45             P5  P5  P4  N5  L45             P5  V3  V3  N5  V15             S15 V3  T5  V15 V15
I3  J45 J45 L25 L35 L4  N15     O4  J15 J45 L15 N5  L4  Q5      O4  J15 S4  P4  N5  L4  Q5      F5  S4  S4  T25 N5  L45 L45     D   S4  S15 S15 Y5  V15 V15     D   S15 S15 T5  V5  V5  V5
I3  J45 L35 L35 L35 N15 N15     O4  J15 X5  V25 L35 Q5  Q5      O4  J25 T25 T25 T25 U5  Q5      F5  J25 J25 T25 T15 U5  L5      F5  J25 Y5  Y5  Y5  Y5  W5      B4  B4  T5  T5  T5  T4  V5
I3  J45 X5  V25 V25 N15 L5      J15 J15 X5  V25 N25 N15 L5      F5  J25 X5  Z5  Z5  U5  L5      F5  A4  A4  Z5  T15 T15 L5      B4  A5  Z5  Z5  T15 W5  W5      B4  A5  S25 S25 T4  T4  V5
    I5  M   I4  V25 N25             I5  X5  I4  N25 N25             I5  A4  I4  N25 U5              I5  A4  I4  T15 U5              I5  A5  S25 W5  W5              A5  A5  S25 S25 T4

solution 2 (2,990 searches):
1,0,0 1,0,1 1,0,2 1,0,3 1,0,4 I5
2,0,0 M
2,0,1 2,1,0 2,1,1 2,1,2 2,2,1 X5
3,0,0 3,0,1 3,0,2 3,0,3 I4
1,1,3 2,0,2 2,0,3 2,1,3 A4
1,0,5 1,1,4 1,1,5 2,0,4 2,0,5 A5
0,1,4 0,1,5 0,2,5 1,2,5 B4
0,3,4 0,3,5 D
0,1,2 0,1,3 0,2,3 0,2,4 0,3,3 F5
0,1,0 0,2,0 0,3,0 I3
0,1,1 1,1,1 1,2,1 1,3,1 1,3,2 J15
0,2,1 0,2,2 0,3,1 0,3,2 O4
1,1,0 1,2,0 1,3,0 2,3,0 2,3,1 J45
1,1,2 1,2,2 1,2,3 1,2,4 2,2,3 J25
1,4,0 1,4,1 2,4,1 3,3,1 3,4,1 L15
2,4,0 3,3,0 3,4,0 4,4,0 4,4,1 L25
2,2,0 3,2,0 4,2,0 4,2,1 4,3,0 L35
5,3,0 5,3,1 5,3,2 5,4,0 L4
5,3,3 5,4,1 5,4,2 5,4,3 6,3,3 L45
5,1,0 5,1,1 5,2,0 6,2,0 6,3,0 N15
6,1,0 6,1,1 6,1,2 6,1,3 6,2,3 L5
5,2,1 6,2,1 6,2,2 6,3,1 6,3,2 Q5
4,0,1 4,0,2 4,1,1 5,0,0 5,0,1 N25
3,1,0 3,1,1 3,2,1 4,0,0 4,1,0 V25
4,3,1 4,3,2 4,3,3 4,4,3 4,4,4 N5
3,3,2 3,4,2 3,4,3 4,4,2 P4
1,4,2 1,4,3 1,4,4 2,4,2 2,4,3 P5
1,3,5 1,4,5 2,3,4 2,3,5 3,3,4 S15
1,3,3 1,3,4 2,3,2 2,3,3 S4
2,4,4 2,4,5 3,4,4 V3
2,2,2 3,2,2 3,2,3 3,3,3 4,2,2 T25
3,3,5 3,4,5 4,4,5 5,3,5 5,4,5 U5
4,1,5 5,1,5 5,2,5 6,2,5 6,3,5 W5
5,1,3 5,1,4 6,1,4 6,1,5 6,2,4 S25
4,3,4 5,3,4 5,4,4 6,3,4 T4
2,1,5 2,2,5 3,2,5 4,2,5 4,3,5 Z5
2,2,4 3,2,4 4,1,4 4,2,4 5,2,4 Y5
3,1,2 4,1,2 4,1,3 4,2,3 5,2,3 V15
2,1,4 3,0,4 3,1,3 3,1,4 3,1,5 T15
3,0,5 4,0,3 4,0,4 4,0,5 5,0,5 T5
5,0,2 5,0,3 5,0,4 5,1,2 5,2,2 V5

    L15 L25 L25 L25 L4              L15 L15 L15 L25 L45             P5  P5  P4  P4  L45             P5  P5  P4  N5  L45             P5  V3  V3  N5  T4              S15 V3  U5  U5  U5
I3  J45 J45 L25 L35 L4  N15     O4  J15 J45 L15 N5  L4  Q5      O4  J15 S4  P4  N5  L4  Q5      F5  S4  S4  T25 N5  L45 L45     D   S4  S15 S15 T4  T4  T4      D   S15 S15 U5  Z5  U5  W5
I3  J45 L35 L35 L35 N15 N15     O4  J15 X5  V25 L35 Q5  Q5      O4  J25 T25 T25 T25 V5  Q5      F5  J25 J25 T25 V15 V15 L5      F5  J25 Y5  Y5  Y5  Y5  S25     B4  B4  Z5  Z5  Z5  W5  W5
I3  J45 X5  V25 V25 N15 L5      J15 J15 X5  V25 N25 N15 L5      F5  J25 X5  V15 V15 V5  L5      F5  A4  A4  T15 V15 S25 L5      B4  A5  T15 T15 Y5  S25 S25     B4  A5  Z5  T15 W5  W5  S25
    I5  M   I4  V25 N25             I5  X5  I4  N25 N25             I5  A4  I4  N25 V5              I5  A4  I4  T5  V5              I5  A5  T15 T5  V5              A5  A5  T5  T5  T5

solution 3 (6,938 searches):
1,0,0 1,0,1 1,0,2 1,0,3 1,0,4 I5
2,0,0 M
2,0,1 2,1,0 2,1,1 2,1,2 2,2,1 X5
3,0,0 3,0,1 3,0,2 3,0,3 I4
1,1,3 2,0,2 2,0,3 2,1,3 A4
1,0,5 1,1,4 1,1,5 2,0,4 2,0,5 A5
0,1,4 0,1,5 0,2,5 1,2,5 B4
0,3,4 0,3,5 D
0,1,2 0,1,3 0,2,3 0,2,4 0,3,3 F5
0,1,0 0,2,0 0,3,0 I3
0,1,1 1,1,1 1,2,1 1,3,1 1,3,2 J15
0,2,1 0,2,2 0,3,1 0,3,2 O4
1,1,0 1,2,0 1,3,0 2,3,0 2,3,1 J45
1,1,2 1,2,2 1,2,3 1,2,4 2,2,3 J25
1,4,0 1,4,1 2,4,1 3,3,1 3,4,1 L15
2,4,0 3,3,0 3,4,0 4,4,0 4,4,1 L25
2,2,0 3,2,0 4,2,0 4,2,1 4,3,0 L35
5,3,0 5,3,1 5,3,2 5,4,0 L4
5,3,3 5,4,1 5,4,2 5,4,3 6,3,3 L45
5,1,0 5,1,1 5,2,0 6,2,0 6,3,0 N15
6,1,0 6,1,1 6,1,2 6,1,3 6,2,3 L5
5,2,1 6,2,1 6,2,2 6,3,1 6,3,2 Q5
4,0,1 4,0,2 4,1,1 5,0,0 5,0,1 N25
3,1,0 3,1,1 3,2,1 4,0,0 4,1,0 V25
4,3,1 4,3,2 4,3,3 4,4,3 4,4,4 N5
3,3,2 3,4,2 3,4,3 4,4,2 P4
1,4,2 1,4,3 1,4,4 2,4,2 2,4,3 P5
1,3,5 1,4,5 2,3,4 2,3,5 3,3,4 S15
1,3,3 1,3,4 2,3,2 2,3,3 S4
2,4,4 2,4,5 3,4,4 V3
2,2,2 3,1,2 3,1,3 3,2,2 4,2,2 T25
3,2,3 3,3,3 4,2,3 5,1,3 5,2,3 Z5
4,0,3 4,1,2 4,1,3 5,1,2 5,2,2 V15
3,0,4 4,0,4 5,0,2 5,0,3 5,0,4 V5
2,1,4 3,1,4 3,1,5 4,1,4 5,1,4 Y5
2,1,5 2,2,4 2,2,5 3,2,5 3,3,5 S25
3,0,5 4,0,5 4,1,5 5,0,5 T4
3,2,4 4,2,4 4,3,4 5,3,4 5,4,4 W5
3,4,5 4,2,5 4,3,5 4,4,5 5,4,5 T5
5,1,5 5,2,4 5,2,5 5,3,5 6,2,5 T15
6,1,4 6,1,5 6,2,4 6,3,4 6,3,5 U5

    L15 L25 L25 L25 L4              L15 L15 L15 L25 L45             P5  P5  P4  P4  L45             P5  P5  P4  N5  L45             P5  V3  V3  N5  W5              S15 V3  T5  T5  T5
I3  J45 J45 L25 L35 L4  N15     O4  J15 J45 L15 N5  L4  Q5      O4  J15 S4  P4  N5  L4  Q5      F5  S4  S4  Z5  N5  L45 L45     D   S4  S15 S15 W5  W5  U5      D   S15 S15 S25 T5  T15 U5
I3  J45 L35 L35 L35 N15 N15     O4  J15 X5  V25 L35 Q5  Q5      O4  J25 T25 T25 T25 V15 Q5      F5  J25 J25 Z5  Z5  Z5  L5      F5  J25 S25 W5  W5  T15 U5      B4  B4  S25 S25 T5  T15 T15
I3  J45 X5  V25 V25 N15 L5      J15 J15 X5  V25 N25 N15 L5      F5  J25 X5  T25 V15 V15 L5      F5  A4  A4  T25 V15 Z5  L5      B4  A5  Y5  Y5  Y5  Y5  U5      B4  A5  S25 Y5  T4  T15 U5
    I5  M   I4  V25 N25             I5  X5  I4  N25 N25             I5  A4  I4  N25 V5              I5  A4  I4  V15 V5              I5  A5  V5  V5  V5              A5  A5  T4  T4  T4

solution 4 (6,939 searches):
1,0,0 1,0,1 1,0,2 1,0,3 1,0,4 I5
2,0,0 M
2,0,1 2,1,0 2,1,1 2,1,2 2,2,1 X5
3,0,0 3,0,1 3,0,2 3,0,3 I4
1,1,3 2,0,2 2,0,3 2,1,3 A4
1,0,5 1,1,4 1,1,5 2,0,4 2,0,5 A5
0,1,4 0,1,5 0,2,5 1,2,5 B4
0,3,4 0,3,5 D
0,1,2 0,1,3 0,2,3 0,2,4 0,3,3 F5
0,1,0 0,2,0 0,3,0 I3
0,1,1 1,1,1 1,2,1 1,3,1 1,3,2 J15
0,2,1 0,2,2 0,3,1 0,3,2 O4
1,1,0 1,2,0 1,3,0 2,3,0 2,3,1 J45
1,1,2 1,2,2 1,2,3 1,2,4 2,2,3 J25
1,4,0 1,4,1 2,4,1 3,3,1 3,4,1 L15
2,4,0 3,3,0 3,4,0 4,4,0 4,4,1 L25
2,2,0 3,2,0 4,2,0 4,2,1 4,3,0 L35
5,3,0 5,3,1 5,3,2 5,4,0 L4
5,3,3 5,4,1 5,4,2 5,4,3 6,3,3 L45
5,1,0 5,1,1 5,2,0 6,2,0 6,3,0 N15
6,1,0 6,1,1 6,1,2 6,1,3 6,2,3 L5
5,2,1 6,2,1 6,2,2 6,3,1 6,3,2 Q5
4,0,1 4,0,2 4,1,1 5,0,0 5,0,1 N25
3,1,0 3,1,1 3,2,1 4,0,0 4,1,0 V25
4,3,1 4,3,2 4,3,3 4,4,3 4,4,4 N5
3,3,2 3,4,2 3,4,3 4,4,2 P4
1,4,2 1,4,3 1,4,4 2,4,2 2,4,3 P5
1,3,5 1,4,5 2,3,4 2,3,5 3,3,4 S15
1,3,3 1,3,4 2,3,2 2,3,3 S4
2,4,4 2,4,5 3,4,4 V3
2,2,2 3,1,2 3,1,3 3,2,2 4,2,2 T25
3,2,3 3,3,3 4,2,3 5,1,3 5,2,3 Z5
4,0,3 4,1,2 4,1,3 5,1,2 5,2,2 V15
3,0,4 4,0,4 5,0,2 5,0,3 5,0,4 V5
2,1,4 3,1,4 3,1,5 4,1,4 5,1,4 Y5
2,1,5 2,2,4 2,2,5 3,2,5 3,3,5 S25
3,0,5 4,0,5 4,1,5 5,0,5 T4
3,2,4 4,2,4 4,3,4 5,3,4 5,4,4 W5
3,4,5 4,2,5 4,3,5 4,4,5 5,4,5 T5
5,2,4 6,1,4 6,2,4 6,2,5 6,3,4 T15
5,1,5 5,2,5 5,3,5 6,1,5 6,3,5 U5

    L15 L25 L25 L25 L4              L15 L15 L15 L25 L45             P5  P5  P4  P4  L45             P5  P5  P4  N5  L45             P5  V3  V3  N5  W5              S15 V3  T5  T5  T5
I3  J45 J45 L25 L35 L4  N15     O4  J15 J45 L15 N5  L4  Q5      O4  J15 S4  P4  N5  L4  Q5      F5  S4  S4  Z5  N5  L45 L45     D   S4  S15 S15 W5  W5  T15     D   S15 S15 S25 T5  U5  U5
I3  J45 L35 L35 L35 N15 N15     O4  J15 X5  V25 L35 Q5  Q5      O4  J25 T25 T25 T25 V15 Q5      F5  J25 J25 Z5  Z5  Z5  L5      F5  J25 S25 W5  W5  T15 T15     B4  B4  S25 S25 T5  U5  T15
I3  J45 X5  V25 V25 N15 L5      J15 J15 X5  V25 N25 N15 L5      F5  J25 X5  T25 V15 V15 L5      F5  A4  A4  T25 V15 Z5  L5      B4  A5  Y5  Y5  Y5  Y5  T15     B4  A5  S25 Y5  T4  U5  U5
    I5  M   I4  V25 N25             I5  X5  I4  N25 N25             I5  A4  I4  N25 V5              I5  A4  I4  V15 V5              I5  A5  V5  V5  V5              A5  A5  T4  T4  T4

solution 5 (6,943 searches):
1,0,0 1,0,1 1,0,2 1,0,3 1,0,4 I5
2,0,0 M
2,0,1 2,1,0 2,1,1 2,1,2 2,2,1 X5
3,0,0 3,0,1 3,0,2 3,0,3 I4
1,1,3 2,0,2 2,0,3 2,1,3 A4
1,0,5 1,1,4 1,1,5 2,0,4 2,0,5 A5
0,1,4 0,1,5 0,2,5 1,2,5 B4
0,3,4 0,3,5 D
0,1,2 0,1,3 0,2,3 0,2,4 0,3,3 F5
0,1,0 0,2,0 0,3,0 I3
0,1,1 1,1,1 1,2,1 1,3,1 1,3,2 J15
0,2,1 0,2,2 0,3,1 0,3,2 O4
1,1,0 1,2,0 1,3,0 2,3,0 2,3,1 J45
1,1,2 1,2,2 1,2,3 1,2,4 2,2,3 J25
1,4,0 1,4,1 2,4,1 3,3,1 3,4,1 L15
2,4,0 3,3,0 3,4,0 4,4,0 4,4,1 L25
2,2,0 3,2,0 4,2,0 4,2,1 4,3,0 L35
5,3,0 5,3,1 5,3,2 5,4,0 L4
5,3,3 5,4,1 5,4,2 5,4,3 6,3,3 L45
5,1,0 5,1,1 5,2,0 6,2,0 6,3,0 N15
6,1,0 6,1,1 6,1,2 6,1,3 6,2,3 L5
5,2,1 6,2,1 6,2,2 6,3,1 6,3,2 Q5
4,0,1 4,0,2 4,1,1 5,0,0 5,0,1 N25
3,1,0 3,1,1 3,2,1 4,0,0 4,1,0 V25
4,3,1 4,3,2 4,3,3 4,4,3 4,4,4 N5
3,3,2 3,4,2 3,4,3 4,4,2 P4
1,4,2 1,4,3 1,4,4 2,4,2 2,4,3 P5
1,3,5 1,4,5 2,3,4 2,3,5 3,3,4 S15
1,3,3 1,3,4 2,3,2 2,3,3 S4
2,4,4 2,4,5 3,4,4 V3
2,2,2 3,1,2 3,1,3 3,2,2 4,2,2 T25
3,2,3 3,3,3 4,2,3 5,1,3 5,2,3 Z5
4,0,3 4,1,2 4,1,3 5,1,2 5,2,2 V15
3,0,4 4,0,4 5,0,2 5,0,3 5,0,4 V5
2,1,4 3,1,4 3,1,5 4,1,4 5,1,4 Y5
2,1,5 2,2,4 2,2,5 3,2,5 3,3,5 S25
3,0,5 4,0,5 4,1,5 4,2,5 5,0,5 T5
3,2,4 4,2,4 4,3,4 5,3,4 5,4,4 W5
3,4,5 4,3,5 4,4,5 5,4,5 T4
5,1,5 5,2,4 5,2,5 5,3,5 6,2,5 T15
6,1,4 6,1,5 6,2,4 6,3,4 6,3,5 U5

    L15 L25 L25 L25 L4              L15 L15 L15 L25 L45             P5  P5  P4  P4  L45             P5  P5  P4  N5  L45             P5  V3  V3  N5  W5              S15 V3  T4  T4  T4
I3  J45 J45 L25 L35 L4  N15     O4  J15 J45 L15 N5  L4  Q5      O4  J15 S4  P4  N5  L4  Q5      F5  S4  S4  Z5  N5  L45 L45     D   S4  S15 S15 W5  W5  U5      D   S15 S15 S25 T4  T15 U5
I3  J45 L35 L35 L35 N15 N15     O4  J15 X5  V25 L35 Q5  Q5      O4  J25 T25 T25 T25 V15 Q5      F5  J25 J25 Z5  Z5  Z5  L5      F5  J25 S25 W5  W5  T15 U5      B4  B4  S25 S25 T5  T15 T15
I3  J45 X5  V25 V25 N15 L5      J15 J15 X5  V25 N25 N15 L5      F5  J25 X5  T25 V15 V15 L5      F5  A4  A4  T25 V15 Z5  L5      B4  A5  Y5  Y5  Y5  Y5  U5      B4  A5  S25 Y5  T5  T15 U5
    I5  M   I4  V25 N25             I5  X5  I4  N25 N25             I5  A4  I4  N25 V5              I5  A4  I4  V15 V5              I5  A5  V5  V5  V5              A5  A5  T5  T5  T5

solution 6 (6,944 searches):
1,0,0 1,0,1 1,0,2 1,0,3 1,0,4 I5
2,0,0 M
2,0,1 2,1,0 2,1,1 2,1,2 2,2,1 X5
3,0,0 3,0,1 3,0,2 3,0,3 I4
1,1,3 2,0,2 2,0,3 2,1,3 A4
1,0,5 1,1,4 1,1,5 2,0,4 2,0,5 A5
0,1,4 0,1,5 0,2,5 1,2,5 B4
0,3,4 0,3,5 D
0,1,2 0,1,3 0,2,3 0,2,4 0,3,3 F5
0,1,0 0,2,0 0,3,0 I3
0,1,1 1,1,1 1,2,1 1,3,1 1,3,2 J15
0,2,1 0,2,2 0,3,1 0,3,2 O4
1,1,0 1,2,0 1,3,0 2,3,0 2,3,1 J45
1,1,2 1,2,2 1,2,3 1,2,4 2,2,3 J25
1,4,0 1,4,1 2,4,1 3,3,1 3,4,1 L15
2,4,0 3,3,0 3,4,0 4,4,0 4,4,1 L25
2,2,0 3,2,0 4,2,0 4,2,1 4,3,0 L35
5,3,0 5,3,1 5,3,2 5,4,0 L4
5,3,3 5,4,1 5,4,2 5,4,3 6,3,3 L45
5,1,0 5,1,1 5,2,0 6,2,0 6,3,0 N15
6,1,0 6,1,1 6,1,2 6,1,3 6,2,3 L5
5,2,1 6,2,1 6,2,2 6,3,1 6,3,2 Q5
4,0,1 4,0,2 4,1,1 5,0,0 5,0,1 N25
3,1,0 3,1,1 3,2,1 4,0,0 4,1,0 V25
4,3,1 4,3,2 4,3,3 4,4,3 4,4,4 N5
3,3,2 3,4,2 3,4,3 4,4,2 P4
1,4,2 1,4,3 1,4,4 2,4,2 2,4,3 P5
1,3,5 1,4,5 2,3,4 2,3,5 3,3,4 S15
1,3,3 1,3,4 2,3,2 2,3,3 S4
2,4,4 2,4,5 3,4,4 V3
2,2,2 3,1,2 3,1,3 3,2,2 4,2,2 T25
3,2,3 3,3,3 4,2,3 5,1,3 5,2,3 Z5
4,0,3 4,1,2 4,1,3 5,1,2 5,2,2 V15
3,0,4 4,0,4 5,0,2 5,0,3 5,0,4 V5
2,1,4 3,1,4 3,1,5 4,1,4 5,1,4 Y5
2,1,5 2,2,4 2,2,5 3,2,5 3,3,5 S25
3,0,5 4,0,5 4,1,5 4,2,5 5,0,5 T5
3,2,4 4,2,4 4,3,4 5,3,4 5,4,4 W5
3,4,5 4,3,5 4,4,5 5,4,5 T4
5,2,4 6,1,4 6,2,4 6,2,5 6,3,4 T15
5,1,5 5,2,5 5,3,5 6,1,5 6,3,5 U5

    L15 L25 L25 L25 L4              L15 L15 L15 L25 L45             P5  P5  P4  P4  L45             P5  P5  P4  N5  L45             P5  V3  V3  N5  W5              S15 V3  T4  T4  T4
I3  J45 J45 L25 L35 L4  N15     O4  J15 J45 L15 N5  L4  Q5      O4  J15 S4  P4  N5  L4  Q5      F5  S4  S4  Z5  N5  L45 L45     D   S4  S15 S15 W5  W5  T15     D   S15 S15 S25 T4  U5  U5
I3  J45 L35 L35 L35 N15 N15     O4  J15 X5  V25 L35 Q5  Q5      O4  J25 T25 T25 T25 V15 Q5      F5  J25 J25 Z5  Z5  Z5  L5      F5  J25 S25 W5  W5  T15 T15     B4  B4  S25 S25 T5  U5  T15
I3  J45 X5  V25 V25 N15 L5      J15 J15 X5  V25 N25 N15 L5      F5  J25 X5  T25 V15 V15 L5      F5  A4  A4  T25 V15 Z5  L5      B4  A5  Y5  Y5  Y5  Y5  T15     B4  A5  S25 Y5  T5  U5  U5
    I5  M   I4  V25 N25             I5  X5  I4  N25 N25             I5  A4  I4  N25 V5              I5  A4  I4  V15 V5              I5  A5  V5  V5  V5              A5  A5  T5  T5  T5

solution 7 (20,138 searches):
1,0,0 1,0,1 1,0,2 1,0,3 1,0,4 I5
2,0,0 M
2,0,1 2,1,0 2,1,1 2,1,2 2,2,1 X5
3,0,0 3,0,1 3,0,2 3,0,3 I4
1,1,3 2,0,2 2,0,3 2,1,3 A4
1,0,5 1,1,4 1,1,5 2,0,4 2,0,5 A5
0,1,4 0,1,5 0,2,5 1,2,5 B4
0,3,4 0,3,5 D
0,1,2 0,1,3 0,2,3 0,2,4 0,3,3 F5
0,1,0 0,2,0 0,3,0 I3
0,1,1 1,1,1 1,2,1 1,3,1 1,3,2 J15
0,2,1 0,2,2 0,3,1 0,3,2 O4
1,1,0 1,2,0 1,3,0 2,3,0 2,3,1 J45
1,1,2 1,2,2 1,2,3 1,2,4 2,2,3 J25
1,4,0 1,4,1 2,4,1 3,3,1 3,4,1 L15
2,4,0 3,3,0 3,4,0 4,4,0 4,4,1 L25
2,2,0 3,2,0 4,2,0 4,2,1 4,3,0 L35
5,3,0 5,3,1 5,3,2 5,4,0 L4
5,3,3 5,4,1 5,4,2 5,4,3 6,3,3 L45
5,1,0 5,1,1 5,2,0 6,2,0 6,3,0 N15
6,1,0 6,1,1 6,1,2 6,1,3 6,2,3 L5
5,2,1 6,2,1 6,2,2 6,3,1 6,3,2 Q5
4,0,1 4,0,2 4,1,1 5,0,0 5,0,1 N25
3,1,0 3,1,1 3,2,1 4,0,0 4,1,0 V25
4,3,1 4,3,2 4,3,3 4,4,3 4,4,4 N5
3,3,2 3,4,2 3,4,3 4,4,2 P4
1,4,2 1,4,3 1,4,4 2,4,2 2,4,3 P5
1,3,5 1,4,5 2,3,4 2,3,5 3,3,4 S15
1,3,3 1,3,4 2,3,2 2,3,3 S4
2,4,4 2,4,5 3,4,4 V3
2,2,2 3,1,2 3,2,2 4,2,2 5,2,2 Y5
5,0,2 5,0,3 5,0,4 5,1,2 5,1,4 U5
5,2,4 6,1,4 6,2,4 6,2,5 6,3,4 T15
4,3,5 5,3,4 5,3,5 5,4,4 6,3,5 T25
3,2,5 3,3,5 3,4,5 4,4,5 5,4,5 V5
5,0,5 5,1,5 5,2,5 6,1,5 T4
2,1,5 2,2,5 3,0,5 3,1,5 4,0,5 W5
2,1,4 2,2,4 3,2,4 4,2,4 4,3,4 Z5
3,1,3 3,2,3 3,3,3 4,2,3 5,2,3 T5
4,0,3 4,0,4 4,1,2 4,1,3 5,1,3 S25
3,0,4 3,1,4 4,1,4 4,1,5 4,2,5 V15

    L15 L25 L25 L25 L4              L15 L15 L15 L25 L45             P5  P5  P4  P4  L45             P5  P5  P4  N5  L45             P5  V3  V3  N5  T25             S15 V3  V5  V5  V5
I3  J45 J45 L25 L35 L4  N15     O4  J15 J45 L15 N5  L4  Q5      O4  J15 S4  P4  N5  L4  Q5      F5  S4  S4  T5  N5  L45 L45     D   S4  S15 S15 Z5  T25 T15     D   S15 S15 V5  T25 T25 T25
I3  J45 L35 L35 L35 N15 N15     O4  J15 X5  V25 L35 Q5  Q5      O4  J25 Y5  Y5  Y5  Y5  Q5      F5  J25 J25 T5  T5  T5  L5      F5  J25 Z5  Z5  Z5  T15 T15     B4  B4  W5  V5  V15 T4  T15
I3  J45 X5  V25 V25 N15 L5      J15 J15 X5  V25 N25 N15 L5      F5  J25 X5  Y5  S25 U5  L5      F5  A4  A4  T5  S25 S25 L5      B4  A5  Z5  V15 V15 U5  T15     B4  A5  W5  W5  V15 T4  T4
    I5  M   I4  V25 N25             I5  X5  I4  N25 N25             I5  A4  I4  N25 U5              I5  A4  I4  S25 U5              I5  A5  V15 S25 U5              A5  A5  W5  W5  T4

solution 8 (20,523 searches):
1,0,0 1,0,1 1,0,2 1,0,3 1,0,4 I5
2,0,0 M
2,0,1 2,1,0 2,1,1 2,1,2 2,2,1 X5
3,0,0 3,0,1 3,0,2 3,0,3 I4
1,1,3 2,0,2 2,0,3 2,1,3 A4
1,0,5 1,1,4 1,1,5 2,0,4 2,0,5 A5
0,1,4 0,1,5 0,2,5 1,2,5 B4
0,3,4 0,3,5 D
0,1,2 0,1,3 0,2,3 0,2,4 0,3,3 F5
0,1,0 0,2,0 0,3,0 I3
0,1,1 1,1,1 1,2,1 1,3,1 1,3,2 J15
0,2,1 0,2,2 0,3,1 0,3,2 O4
1,1,0 1,2,0 1,3,0 2,3,0 2,3,1 J45
1,1,2 1,2,2 1,2,3 1,2,4 2,2,3 J25
1,4,0 1,4,1 2,4,1 3,3,1 3,4,1 L15
2,4,0 3,3,0 3,4,0 4,4,0 4,4,1 L25
2,2,0 3,2,0 4,2,0 4,2,1 4,3,0 L35
5,3,0 5,3,1 5,3,2 5,4,0 L4
5,3,3 5,4,1 5,4,2 5,4,3 6,3,3 L45
5,1,0 5,1,1 5,2,0 6,2,0 6,3,0 N15
6,1,0 6,1,1 6,1,2 6,1,3 6,2,3 L5
5,2,1 6,2,1 6,2,2 6,3,1 6,3,2 Q5
4,0,1 4,0,2 4,1,1 5,0,0 5,0,1 N25
3,1,0 3,1,1 3,2,1 4,0,0 4,1,0 V25
4,3,1 4,3,2 4,3,3 4,4,3 4,4,4 N5
3,3,2 3,4,2 3,4,3 4,4,2 P4
1,4,2 1,4,3 1,4,4 2,4,2 2,4,3 P5
1,3,5 1,4,5 2,3,4 2,3,5 3,3,4 S15
1,3,3 1,3,4 2,3,2 2,3,3 S4
2,4,4 2,4,5 3,4,4 V3
2,2,2 3,1,2 3,2,2 4,2,2 5,2,2 Y5
5,0,2 5,0,4 5,1,2 5,1,3 5,1,4 U5
4,0,3 4,0,4 4,1,2 4,1,3 5,0,3 S25
3,1,3 3,2,3 3,3,3 4,2,3 5,2,3 T5
5,2,4 6,1,4 6,2,4 6,2,5 6,3,4 T15
4,3,5 5,3,4 5,3,5 5,4,4 6,3,5 T25
3,2,5 3,3,5 3,4,5 4,4,5 5,4,5 V5
2,1,5 2,2,5 3,0,5 3,1,5 4,0,5 W5
2,1,4 2,2,4 3,2,4 4,2,4 4,3,4 Z5
3,0,4 3,1,4 4,1,4 4,1,5 4,2,5 V15
5,0,5 5,1,5 5,2,5 6,1,5 T4

    L15 L25 L25 L25 L4              L15 L15 L15 L25 L45             P5  P5  P4  P4  L45             P5  P5  P4  N5  L45             P5  V3  V3  N5  T25             S15 V3  V5  V5  V5
I3  J45 J45 L25 L35 L4  N15     O4  J15 J45 L15 N5  L4  Q5      O4  J15 S4  P4  N5  L4  Q5      F5  S4  S4  T5  N5  L45 L45     D   S4  S15 S15 Z5  T25 T15     D   S15 S15 V5  T25 T25 T25
I3  J45 L35 L35 L35 N15 N15     O4  J15 X5  V25 L35 Q5  Q5      O4  J25 Y5  Y5  Y5  Y5  Q5      F5  J25 J25 T5  T5  T5  L5      F5  J25 Z5  Z5  Z5  T15 T15     B4  B4  W5  V5  V15 T4  T15
I3  J45 X5  V25 V25 N15 L5      J15 J15 X5  V25 N25 N15 L5      F5  J25 X5  Y5  S25 U5  L5      F5  A4  A4  T5  S25 U5  L5      B4  A5  Z5  V15 V15 U5  T15     B4  A5  W5  W5  V15 T4  T4
    I5  M   I4  V25 N25             I5  X5  I4  N25 N25             I5  A4  I4  N25 U5              I5  A4  I4  S25 S25             I5  A5  V15 S25 U5              A5  A5  W5  W5  T4

solution 9 (24,562 searches):
1,0,0 1,0,1 1,0,2 1,0,3 1,0,4 I5
2,0,0 M
2,0,1 2,1,0 2,1,1 2,1,2 2,2,1 X5
3,0,0 3,0,1 3,0,2 3,0,3 I4
1,1,3 2,0,2 2,0,3 2,1,3 A4
1,0,5 1,1,4 1,1,5 2,0,4 2,0,5 A5
0,1,4 0,1,5 0,2,5 1,2,5 B4
0,3,4 0,3,5 D
0,1,2 0,1,3 0,2,3 0,2,4 0,3,3 F5
0,1,0 0,2,0 0,3,0 I3
0,1,1 1,1,1 1,2,1 1,3,1 1,3,2 J15
0,2,1 0,2,2 0,3,1 0,3,2 O4
1,1,0 1,2,0 1,3,0 2,3,0 2,3,1 J45
1,1,2 1,2,2 1,2,3 1,2,4 2,2,3 J25
1,4,0 1,4,1 2,4,1 3,3,1 3,4,1 L15
2,4,0 3,3,0 3,4,0 4,4,0 4,4,1 L25
2,2,0 3,2,0 4,2,0 4,2,1 4,3,0 L35
5,3,0 5,3,1 5,3,2 5,4,0 L4
5,3,3 5,4,1 5,4,2 5,4,3 6,3,3 L45
5,1,0 5,1,1 5,2,0 6,2,0 6,3,0 N15
6,1,0 6,1,1 6,1,2 6,1,3 6,2,3 L5
5,2,1 6,2,1 6,2,2 6,3,1 6,3,2 Q5
4,0,1 4,0,2 4,1,1 5,0,0 5,0,1 N25
3,1,0 3,1,1 3,2,1 4,0,0 4,1,0 V25
4,3,1 4,3,2 4,3,3 4,4,3 4,4,4 N5
3,3,2 3,4,2 3,4,3 4,4,2 P4
1,4,2 1,4,3 1,4,4 2,4,2 2,4,3 P5
1,4,5 2,3,5 2,4,5 3,3,4 3,3,5 S15
1,3,3 1,3,4 1,3,5 2,3,4 2,4,4 T25
3,4,4 3,4,5 4,4,5 5,4,4 5,4,5 U5
2,2,2 2,3,2 3,1,2 3,2,2 S4
2,3,3 3,2,3 3,2,4 3,3,3 4,2,4 V15
2,1,4 2,2,4 3,0,4 3,1,4 4,0,4 W5
2,1,5 2,2,5 3,2,5 4,2,5 4,3,5 Z5
3,0,5 4,0,5 5,0,3 5,0,4 5,0,5 V5
3,1,5 4,1,5 5,1,5 5,2,5 6,1,5 Y5
5,0,2 5,1,2 5,1,3 5,1,4 5,2,2 T5
3,1,3 4,0,3 4,1,2 4,1,3 4,1,4 T15
4,2,2 4,2,3 5,2,3 V3
4,3,4 5,2,4 5,3,4 5,3,5 6,3,5 S25
6,1,4 6,2,4 6,2,5 6,3,4 T4

    L15 L25 L25 L25 L4              L15 L15 L15 L25 L45             P5  P5  P4  P4  L45             P5  P5  P4  N5  L45             P5  T25 U5  N5  U5              S15 S15 U5  U5  U5
I3  J45 J45 L25 L35 L4  N15     O4  J15 J45 L15 N5  L4  Q5      O4  J15 S4  P4  N5  L4  Q5      F5  T25 V15 V15 N5  L45 L45     D   T25 T25 S15 S25 S25 T4      D   T25 S15 S15 Z5  S25 S25
I3  J45 L35 L35 L35 N15 N15     O4  J15 X5  V25 L35 Q5  Q5      O4  J25 S4  S4  V3  T5  Q5      F5  J25 J25 V15 V3  V3  L5      F5  J25 W5  V15 V15 S25 T4      B4  B4  Z5  Z5  Z5  Y5  T4
I3  J45 X5  V25 V25 N15 L5      J15 J15 X5  V25 N25 N15 L5      F5  J25 X5  S4  T15 T5  L5      F5  A4  A4  T15 T15 T5  L5      B4  A5  W5  W5  T15 T5  T4      B4  A5  Z5  Y5  Y5  Y5  Y5
    I5  M   I4  V25 N25             I5  X5  I4  N25 N25             I5  A4  I4  N25 T5              I5  A4  I4  T15 V5              I5  A5  W5  W5  V5              A5  A5  V5  V5  V5

solution 10 (25,813 searches):
1,0,0 1,0,1 1,0,2 1,0,3 1,0,4 I5
2,0,0 M
2,0,1 2,1,0 2,1,1 2,1,2 2,2,1 X5
3,0,0 3,0,1 3,0,2 3,0,3 I4
1,1,3 2,0,2 2,0,3 2,1,3 A4
1,0,5 1,1,4 1,1,5 2,0,4 2,0,5 A5
0,1,4 0,1,5 0,2,5 1,2,5 B4
0,3,4 0,3,5 D
0,1,2 0,1,3 0,2,3 0,2,4 0,3,3 F5
0,1,0 0,2,0 0,3,0 I3
0,1,1 1,1,1 1,2,1 1,3,1 1,3,2 J15
0,2,1 0,2,2 0,3,1 0,3,2 O4
1,1,0 1,2,0 1,3,0 2,3,0 2,3,1 J45
1,1,2 1,2,2 1,2,3 1,2,4 2,2,3 J25
1,4,0 1,4,1 2,4,1 3,3,1 3,4,1 L15
2,4,0 3,3,0 3,4,0 4,4,0 4,4,1 L25
2,2,0 3,2,0 4,2,0 4,2,1 4,3,0 L35
5,3,0 5,3,1 5,3,2 5,4,0 L4
5,3,3 5,4,1 5,4,2 5,4,3 6,3,3 L45
5,1,0 5,1,1 5,2,0 6,2,0 6,3,0 N15
6,1,0 6,1,1 6,1,2 6,1,3 6,2,3 L5
5,2,1 6,2,1 6,2,2 6,3,1 6,3,2 Q5
4,0,1 4,0,2 4,1,1 5,0,0 5,0,1 N25
3,1,0 3,1,1 3,2,1 4,0,0 4,1,0 V25
4,3,1 4,3,2 4,3,3 4,4,3 4,4,4 N5
3,3,2 3,4,2 3,4,3 4,4,2 P4
1,4,2 1,4,3 1,4,4 2,4,2 2,4,3 P5
1,4,5 2,3,5 2,4,5 3,3,4 3,3,5 S15
1,3,3 1,3,4 1,3,5 2,3,4 2,4,4 T25
3,4,4 3,4,5 4,4,5 5,4,4 5,4,5 U5
2,2,2 2,3,2 3,1,2 3,2,2 S4
2,3,3 3,2,3 3,3,3 4,1,3 4,2,3 W5
4,1,2 4,2,2 5,0,2 5,1,2 5,1,3 S25
5,2,2 5,2,3 5,2,4 5,2,5 6,2,4 Y5
5,3,4 5,3,5 6,3,4 V3
4,1,5 5,1,5 6,1,5 6,2,5 6,3,5 V5
2,1,5 2,2,5 3,2,5 4,2,5 4,3,5 Z5
2,2,4 3,2,4 4,1,4 4,2,4 4,3,4 T5
4,0,3 5,0,3 5,0,4 5,1,4 6,1,4 V15
2,1,4 3,0,4 3,1,3 3,1,4 3,1,5 T15
3,0,5 4,0,4 4,0,5 5,0,5 T4

    L15 L25 L25 L25 L4              L15 L15 L15 L25 L45             P5  P5  P4  P4  L45             P5  P5  P4  N5  L45             P5  T25 U5  N5  U5              S15 S15 U5  U5  U5
I3  J45 J45 L25 L35 L4  N15     O4  J15 J45 L15 N5  L4  Q5      O4  J15 S4  P4  N5  L4  Q5      F5  T25 W5  W5  N5  L45 L45     D   T25 T25 S15 T5  V3  V3      D   T25 S15 S15 Z5  V3  V5
I3  J45 L35 L35 L35 N15 N15     O4  J15 X5  V25 L35 Q5  Q5      O4  J25 S4  S4  S25 Y5  Q5      F5  J25 J25 W5  W5  Y5  L5      F5  J25 T5  T5  T5  Y5  Y5      B4  B4  Z5  Z5  Z5  Y5  V5
I3  J45 X5  V25 V25 N15 L5      J15 J15 X5  V25 N25 N15 L5      F5  J25 X5  S4  S25 S25 L5      F5  A4  A4  T15 W5  S25 L5      B4  A5  T15 T15 T5  V15 V15     B4  A5  Z5  T15 V5  V5  V5
    I5  M   I4  V25 N25             I5  X5  I4  N25 N25             I5  A4  I4  N25 S25             I5  A4  I4  V15 V15             I5  A5  T15 T4  V15             A5  A5  T4  T4  T4

User-requested solution limit reached.
10 solutions, 25,813 searches, duration 0:02:56.436060
