solving Polyiamonds12345IrregularHexagon1:

solution 1 (15 searches):
1,0,0 1,0,1 1,1,0 2,0,0 T4
0,0,1 0,1,0 D2
0,1,1 0,2,0 0,2,1 1,2,0 C4
0,3,0 0,3,1 1,3,0 I3
1,1,1 1,2,1 2,1,0 2,1,1 2,2,0 C5
2,0,1 3,0,0 3,0,1 4,0,0 I4
1,3,1 2,2,1 2,3,0 2,3,1 3,2,0 P5
3,2,1 3,3,0 4,1,1 4,2,0 5,1,0 I5
3,1,0 3,1,1 4,0,1 4,1,0 5,0,0 L5
5,0,1 T1

      ____________
     /    \      /\
    /______\    /  \
   /    \   \   \   \
  /   ___\   \___\   \
 /\  /\      /    \   \
/  \/  \____/___   \___\
\  /    \       \   \  /
 \/______\_______\___\/

solution 2 (15 searches):
1,0,0 1,0,1 1,1,0 2,0,0 T4
0,0,1 0,1,0 D2
0,1,1 0,2,0 0,2,1 1,2,0 C4
0,3,0 0,3,1 1,3,0 I3
1,1,1 1,2,1 2,1,0 2,1,1 2,2,0 C5
2,0,1 3,0,0 3,0,1 4,0,0 I4
1,3,1 2,2,1 2,3,0 2,3,1 3,2,0 P5
3,2,1 3,3,0 4,1,1 4,2,0 5,1,0 I5
3,1,0 3,1,1 4,0,1 4,1,0 5,0,0 L5
5,0,1 T1

      ____________
     /    \      /\
    /______\    /  \
   /    \   \   \   \
  /   ___\   \___\   \
 /\  /\      /    \   \
/  \/  \____/___   \___\
\  /    \       \   \  /
 \/______\_______\___\/

solution 3 (16 searches):
1,0,0 1,0,1 1,1,0 2,0,0 T4
0,0,1 0,1,0 D2
0,1,1 0,2,0 0,2,1 1,2,0 C4
0,3,0 0,3,1 1,3,0 I3
1,1,1 1,2,1 2,1,0 2,1,1 2,2,0 C5
2,0,1 3,0,0 3,0,1 4,0,0 I4
1,3,1 2,2,1 2,3,0 2,3,1 3,2,0 P5
3,2,1 3,3,0 4,1,1 4,2,0 5,1,0 I5
3,1,1 4,0,1 4,1,0 5,0,0 5,0,1 L5
3,1,0 T1

      ____________
     /    \      /\
    /______\    /  \
   /    \   \   \   \
  /   ___\   \___\   \
 /\  /\      /\   \   \
/  \/  \____/__\   \___\
\  /    \       \      /
 \/______\_______\____/

solution 4 (18 searches):
1,0,0 1,0,1 1,1,0 2,0,0 T4
0,0,1 0,1,0 D2
0,1,1 0,2,0 0,2,1 1,2,0 C4
0,3,0 0,3,1 1,3,0 I3
1,1,1 1,2,1 2,1,0 2,1,1 2,2,0 C5
2,0,1 3,0,0 3,0,1 4,0,0 I4
1,3,1 2,2,1 2,3,0 2,3,1 3,2,0 P5
3,2,1 4,1,1 4,2,0 5,0,1 5,1,0 I5
3,1,0 3,1,1 4,0,1 4,1,0 5,0,0 L5
3,3,0 T1

      ____________
     /    \      /\
    /______\    /__\
   /    \   \   \   \
  /   ___\   \___\   \
 /\  /\      /    \   \
/  \/  \____/___   \   \
\  /    \       \   \  /
 \/______\_______\___\/

solution 5 (24 searches):
1,0,0 1,0,1 1,1,0 2,0,0 T4
0,0,1 0,1,0 D2
0,1,1 0,2,0 0,2,1 1,2,0 C4
0,3,0 0,3,1 1,3,0 I3
1,1,1 1,2,1 2,1,0 2,1,1 2,2,0 C5
2,0,1 3,0,0 3,0,1 4,0,0 4,0,1 I5
4,1,1 4,2,0 5,0,0 5,0,1 5,1,0 L5
2,2,1 3,1,0 3,1,1 3,2,0 4,1,0 P5
1,3,1 2,3,0 2,3,1 3,3,0 I4
3,2,1 T1

      ____________
     /    \       \
    /______\_______\
   /    \   \   \  /\
  /   ___\   \   \/  \
 /\  /\      /    \   \
/  \/  \____/______\   \
\  /    \          /   /
 \/______\________/___/

solution 6 (24 searches):
1,0,0 1,0,1 1,1,0 2,0,0 T4
0,0,1 0,1,0 D2
0,1,1 0,2,0 0,2,1 1,2,0 C4
0,3,0 0,3,1 1,3,0 I3
1,1,1 1,2,1 2,1,0 2,1,1 2,2,0 C5
2,0,1 3,0,0 3,0,1 4,0,0 4,0,1 I5
4,1,1 4,2,0 5,0,0 5,0,1 5,1,0 L5
2,2,1 3,1,0 3,1,1 3,2,0 4,1,0 P5
1,3,1 2,3,0 2,3,1 3,3,0 I4
3,2,1 T1

      ____________
     /    \       \
    /______\_______\
   /    \   \   \  /\
  /   ___\   \   \/  \
 /\  /\      /    \   \
/  \/  \____/______\   \
\  /    \          /   /
 \/______\________/___/

solution 7 (26 searches):
1,0,0 1,0,1 1,1,0 2,0,0 T4
0,0,1 0,1,0 D2
0,1,1 0,2,0 0,2,1 1,2,0 C4
0,3,0 0,3,1 1,3,0 I3
1,1,1 1,2,1 2,1,0 2,1,1 2,2,0 C5
2,0,1 3,0,0 3,0,1 4,0,0 4,0,1 I5
4,1,1 4,2,0 5,0,0 5,0,1 5,1,0 L5
3,1,0 T1
1,3,1 2,3,0 2,3,1 3,3,0 I4
2,2,1 3,1,1 3,2,0 3,2,1 4,1,0 P5

      ____________
     /    \       \
    /______\_______\
   /    \   \      /\
  /   ___\   \    /  \
 /\  /\      /\   \   \
/  \/  \____/__\___\   \
\  /    \          /   /
 \/______\________/___/

solution 8 (29 searches):
1,0,0 1,0,1 1,1,0 2,0,0 T4
0,0,1 0,1,0 D2
0,1,1 0,2,0 0,2,1 1,2,0 C4
0,3,0 0,3,1 1,3,0 I3
1,1,1 1,2,1 2,1,0 2,1,1 2,2,0 C5
2,0,1 3,0,0 3,0,1 4,0,0 4,0,1 I5
5,0,0 T1
4,1,1 4,2,0 5,0,1 5,1,0 I4
2,2,1 3,1,0 3,1,1 3,2,0 4,1,0 P5
1,3,1 2,3,0 2,3,1 3,2,1 3,3,0 L5

      ____________
     /    \       \
    /______\____   \
   /    \   \   \  /\
  /   ___\   \   \/  \
 /\  /\      /    \   \
/  \/  \____/______\   \
\  /    \          /\  /
 \/______\________/__\/

solution 9 (33 searches):
1,0,0 1,0,1 1,1,0 2,0,0 T4
0,0,1 0,1,0 D2
0,1,1 0,2,0 0,2,1 1,2,0 C4
0,3,0 0,3,1 1,3,0 I3
1,1,1 1,2,1 2,1,0 2,1,1 2,2,0 C5
2,0,1 3,0,0 3,0,1 3,1,0 3,1,1 L5
4,0,0 4,0,1 5,0,0 5,0,1 I4
3,2,1 3,3,0 4,1,1 4,2,0 5,1,0 I5
1,3,1 2,2,1 2,3,0 2,3,1 3,2,0 P5
4,1,0 T1

      ____________
     /    \      /\
    /______\    /  \
   /    \   \   \   \
  /   ___\   \___\   \
 /\  /\      /   /\   \
/  \/  \____/   /__\___\
\  /    \      /       /
 \/______\____/_______/

solution 10 (36 searches):
1,0,0 1,0,1 1,1,0 2,0,0 T4
0,0,1 0,1,0 D2
0,1,1 0,2,0 0,2,1 1,2,0 C4
0,3,0 0,3,1 1,3,0 I3
1,1,1 1,2,1 2,1,0 2,1,1 2,2,0 C5
2,0,1 3,0,0 3,0,1 3,1,0 3,1,1 L5
4,0,0 4,0,1 4,1,0 5,0,0 5,0,1 P5
3,2,1 3,3,0 4,1,1 4,2,0 5,1,0 I5
1,3,1 2,2,1 2,3,0 3,2,0 I4
2,3,1 T1

      ____________
     /    \   \  /\
    /______\   \/  \
   /    \   \   \   \
  /   ___\   \___\   \
 /\  /\      /   /\   \
/  \/  \____/   /  \___\
\  /    \      /       /
 \/______\____/_______/

User-requested solution limit reached.
10 solutions, 36 searches, duration 0:00:01.959405
