solving Polycubes12345X2:

solution 1 (1,754 searches):
05,05,4 05,05,5 D
04,05,3 04,05,4 04,06,3 05,06,3 A4
05,06,4 M
05,04,3 05,04,4 05,05,3 06,05,3 06,05,4 A5
04,00,0 04,01,0 04,02,0 04,03,0 04,04,0 I5
05,00,1 05,01,0 05,01,1 05,01,2 05,02,1 X5
05,00,0 06,00,0 06,00,1 06,01,1 B4
04,00,2 05,00,2 06,00,2 I3
04,00,1 04,01,1 04,02,1 04,03,1 I4
04,01,2 04,02,2 04,03,2 05,03,2 L4
05,02,2 06,01,2 06,02,2 06,03,1 06,03,2 L25
05,02,0 06,01,0 06,02,0 06,02,1 P4
03,04,1 03,04,2 04,04,2 04,04,3 05,04,2 F5
06,04,1 06,04,2 06,04,3 06,05,2 07,04,1 J25
05,03,0 06,03,0 06,04,0 06,05,0 06,05,1 J15
04,05,2 05,03,1 05,04,1 05,05,1 05,05,2 J45
05,04,0 05,05,0 05,06,0 05,06,1 06,06,0 L35
02,05,0 02,05,1 03,05,1 04,04,1 04,05,1 L15
01,04,0 01,04,1 01,05,1 02,04,0 03,04,0 L45
01,05,2 01,06,2 02,04,1 02,04,2 02,05,2 N15
00,04,1 00,04,2 00,05,1 00,05,2 01,04,2 Q5
00,04,0 00,05,0 00,06,0 01,05,0 01,06,0 P5
00,06,1 00,06,2 01,06,1 02,06,1 03,06,1 L5
02,06,0 03,05,0 03,06,0 04,05,0 S4
02,06,2 03,05,2 03,06,2 04,06,2 T4
06,06,2 06,06,3 06,07,2 07,06,1 07,06,2 N25
05,06,2 05,07,2 05,08,2 06,08,2 06,09,2 N5
04,07,0 05,07,0 05,07,1 06,06,1 06,07,1 S15
04,06,0 04,06,1 04,07,1 04,08,0 04,08,1 U5
04,07,2 04,08,2 04,09,2 04,10,2 05,09,2 Y5
05,08,1 05,09,1 06,07,0 06,08,0 06,08,1 V15
04,09,0 04,09,1 05,08,0 05,09,0 05,10,0 T25
04,10,0 04,10,1 05,10,1 05,10,2 06,10,2 W5
06,09,0 06,09,1 06,10,0 06,10,1 O4
07,04,2 08,04,1 08,04,2 08,05,2 09,04,2 T15
07,04,0 07,05,0 07,05,1 07,05,2 07,06,0 T5
08,06,0 08,06,1 08,06,2 09,06,0 10,06,0 V5
10,04,0 10,04,1 10,05,1 10,06,1 10,06,2 Z5
09,05,2 10,04,2 10,05,2 V3
08,04,0 09,04,0 09,04,1 09,05,0 10,05,0 S25
08,05,0 08,05,1 09,05,1 09,06,1 09,06,2 V25

                W5  T25 O4                                      W5  W5  O4                                      Y5  W5  W5
                T25 T25 O4                                      T25 V15 O4                                      Y5  Y5  N5
                U5  T25 V15                                     U5  V15 V15                                     Y5  N5  N5
                S15 S15 V15                                     U5  S15 S15                                     Y5  N5  N25
P5  P5  S4  S4  U5  L35 L35 T5  V5  V5  V5      L5  L5  L5  L5  U5  L35 S15 N25 V5  V25 Z5      L5  N15 T4  T4  T4  N5  N25 N25 V5  V25 Z5                      A4  A4  N25                                         M
P5  P5  L15 S4  S4  L35 J15 T5  V25 S25 S25     Q5  L45 L15 L15 L15 J45 J15 T5  V25 V25 Z5      Q5  N15 N15 T4  J45 J45 J25 T5  T15 V3  V3                      A4  A5  A5                                      A4  D   A5                                          D
P5  L45 L45 L45 I5  L35 J15 T5  S25 S25 Z5      Q5  L45 N15 F5  L15 J45 J25 J25 T15 S25 Z5      Q5  Q5  N15 F5  F5  F5  J25 T15 T15 T15 V3                      F5  A5  J25                                         A5
                I5  J15 J15                                     I4  J45 L25                                     L4  L4  L25
                I5  P4  P4                                      I4  X5  P4                                      L4  L25 L25
                I5  X5  P4                                      I4  X5  B4                                      L4  X5  L25
                I5  B4  B4                                      I4  X5  B4                                      I3  I3  I3

solution 2 (1,878 searches):
05,05,4 05,05,5 D
04,05,3 04,05,4 04,06,3 05,06,3 A4
05,06,4 M
05,04,3 05,04,4 05,05,3 06,05,3 06,05,4 A5
04,00,0 04,01,0 04,02,0 04,03,0 04,04,0 I5
05,00,1 05,01,0 05,01,1 05,01,2 05,02,1 X5
05,00,0 06,00,0 06,00,1 06,01,1 B4
04,00,2 05,00,2 06,00,2 I3
04,00,1 04,01,1 04,02,1 04,03,1 I4
04,01,2 04,02,2 04,03,2 05,03,2 L4
05,02,2 06,01,2 06,02,2 06,03,1 06,03,2 L25
05,02,0 06,01,0 06,02,0 06,02,1 P4
03,04,1 03,04,2 04,04,2 04,04,3 05,04,2 F5
06,04,1 06,04,2 06,04,3 06,05,2 07,04,1 J25
05,03,0 06,03,0 06,04,0 06,05,0 06,05,1 J15
04,05,2 05,03,1 05,04,1 05,05,1 05,05,2 J45
05,04,0 05,05,0 05,06,0 05,06,1 06,06,0 L35
02,05,0 02,05,1 03,05,1 04,04,1 04,05,1 L15
01,04,0 01,04,1 01,05,1 02,04,0 03,04,0 L45
01,05,2 01,06,2 02,04,1 02,04,2 02,05,2 N15
00,04,1 00,04,2 00,05,1 00,05,2 01,04,2 Q5
00,04,0 00,05,0 00,06,0 01,05,0 01,06,0 P5
00,06,1 00,06,2 01,06,1 02,06,1 03,06,1 L5
02,06,0 03,05,0 03,06,0 04,05,0 S4
02,06,2 03,05,2 03,06,2 04,06,2 T4
06,06,2 06,06,3 06,07,2 07,06,1 07,06,2 N25
05,06,2 05,07,2 05,08,2 06,08,2 06,09,2 N5
04,07,0 05,07,0 05,07,1 06,06,1 06,07,1 S15
04,06,0 04,06,1 04,07,1 04,08,0 04,08,1 U5
04,07,2 04,08,2 04,09,2 04,10,2 05,09,2 Y5
05,08,1 05,09,1 06,07,0 06,08,0 06,08,1 V15
04,09,0 04,09,1 05,08,0 05,09,0 05,10,0 T25
04,10,0 04,10,1 05,10,1 05,10,2 06,10,2 W5
06,09,0 06,09,1 06,10,0 06,10,1 O4
07,04,2 08,04,1 08,04,2 08,05,2 09,04,2 T15
07,04,0 07,05,0 07,05,1 07,05,2 07,06,0 T5
08,04,0 09,04,0 10,04,0 10,05,0 10,06,0 V5
08,06,0 09,06,0 09,06,1 09,06,2 10,06,2 Z5
08,05,1 08,06,1 08,06,2 V3
09,05,2 10,04,2 10,05,1 10,05,2 10,06,1 S25
08,05,0 09,04,1 09,05,0 09,05,1 10,04,1 V25

                W5  T25 O4                                      W5  W5  O4                                      Y5  W5  W5
                T25 T25 O4                                      T25 V15 O4                                      Y5  Y5  N5
                U5  T25 V15                                     U5  V15 V15                                     Y5  N5  N5
                S15 S15 V15                                     U5  S15 S15                                     Y5  N5  N25
P5  P5  S4  S4  U5  L35 L35 T5  Z5  Z5  V5      L5  L5  L5  L5  U5  L35 S15 N25 V3  Z5  S25     L5  N15 T4  T4  T4  N5  N25 N25 V3  Z5  Z5                      A4  A4  N25                                         M
P5  P5  L15 S4  S4  L35 J15 T5  V25 V25 V5      Q5  L45 L15 L15 L15 J45 J15 T5  V3  V25 S25     Q5  N15 N15 T4  J45 J45 J25 T5  T15 S25 S25                     A4  A5  A5                                      A4  D   A5                                          D
P5  L45 L45 L45 I5  L35 J15 T5  V5  V5  V5      Q5  L45 N15 F5  L15 J45 J25 J25 T15 V25 V25     Q5  Q5  N15 F5  F5  F5  J25 T15 T15 T15 S25                     F5  A5  J25                                         A5
                I5  J15 J15                                     I4  J45 L25                                     L4  L4  L25
                I5  P4  P4                                      I4  X5  P4                                      L4  L25 L25
                I5  X5  P4                                      I4  X5  B4                                      L4  X5  L25
                I5  B4  B4                                      I4  X5  B4                                      I3  I3  I3

solution 3 (1,887 searches):
05,05,4 05,05,5 D
04,05,3 04,05,4 04,06,3 05,06,3 A4
05,06,4 M
05,04,3 05,04,4 05,05,3 06,05,3 06,05,4 A5
04,00,0 04,01,0 04,02,0 04,03,0 04,04,0 I5
05,00,1 05,01,0 05,01,1 05,01,2 05,02,1 X5
05,00,0 06,00,0 06,00,1 06,01,1 B4
04,00,2 05,00,2 06,00,2 I3
04,00,1 04,01,1 04,02,1 04,03,1 I4
04,01,2 04,02,2 04,03,2 05,03,2 L4
05,02,2 06,01,2 06,02,2 06,03,1 06,03,2 L25
05,02,0 06,01,0 06,02,0 06,02,1 P4
03,04,1 03,04,2 04,04,2 04,04,3 05,04,2 F5
06,04,1 06,04,2 06,04,3 06,05,2 07,04,1 J25
05,03,0 06,03,0 06,04,0 06,05,0 06,05,1 J15
04,05,2 05,03,1 05,04,1 05,05,1 05,05,2 J45
05,04,0 05,05,0 05,06,0 05,06,1 06,06,0 L35
02,05,0 02,05,1 03,05,1 04,04,1 04,05,1 L15
01,04,0 01,04,1 01,05,1 02,04,0 03,04,0 L45
01,05,2 01,06,2 02,04,1 02,04,2 02,05,2 N15
00,04,1 00,04,2 00,05,1 00,05,2 01,04,2 Q5
00,04,0 00,05,0 00,06,0 01,05,0 01,06,0 P5
00,06,1 00,06,2 01,06,1 02,06,1 03,06,1 L5
02,06,0 03,05,0 03,06,0 04,05,0 S4
02,06,2 03,05,2 03,06,2 04,06,2 T4
06,06,2 06,06,3 06,07,2 07,06,1 07,06,2 N25
05,06,2 05,07,2 05,08,2 06,08,2 06,09,2 N5
04,07,0 05,07,0 05,07,1 06,06,1 06,07,1 S15
04,06,0 04,06,1 04,07,1 04,08,0 04,08,1 U5
04,07,2 04,08,2 04,09,2 04,10,2 05,09,2 Y5
05,08,1 05,09,1 06,07,0 06,08,0 06,08,1 V15
04,09,0 04,09,1 05,08,0 05,09,0 05,10,0 T25
04,10,0 04,10,1 05,10,1 05,10,2 06,10,2 W5
06,09,0 06,09,1 06,10,0 06,10,1 O4
07,04,2 08,04,1 08,04,2 08,05,2 09,04,2 T15
07,04,0 07,05,0 07,05,1 07,05,2 07,06,0 T5
10,04,2 10,05,2 10,06,0 10,06,1 10,06,2 V5
08,05,0 08,06,0 09,05,0 10,04,0 10,05,0 Z5
08,04,0 09,04,0 09,04,1 V3
08,05,1 08,06,1 08,06,2 09,06,0 09,06,1 S25
09,05,1 09,05,2 09,06,2 10,04,1 10,05,1 V25

                W5  T25 O4                                      W5  W5  O4                                      Y5  W5  W5
                T25 T25 O4                                      T25 V15 O4                                      Y5  Y5  N5
                U5  T25 V15                                     U5  V15 V15                                     Y5  N5  N5
                S15 S15 V15                                     U5  S15 S15                                     Y5  N5  N25
P5  P5  S4  S4  U5  L35 L35 T5  Z5  S25 V5      L5  L5  L5  L5  U5  L35 S15 N25 S25 S25 V5      L5  N15 T4  T4  T4  N5  N25 N25 S25 V25 V5                      A4  A4  N25                                         M
P5  P5  L15 S4  S4  L35 J15 T5  Z5  Z5  Z5      Q5  L45 L15 L15 L15 J45 J15 T5  S25 V25 V25     Q5  N15 N15 T4  J45 J45 J25 T5  T15 V25 V5                      A4  A5  A5                                      A4  D   A5                                          D
P5  L45 L45 L45 I5  L35 J15 T5  V3  V3  Z5      Q5  L45 N15 F5  L15 J45 J25 J25 T15 V3  V25     Q5  Q5  N15 F5  F5  F5  J25 T15 T15 T15 V5                      F5  A5  J25                                         A5
                I5  J15 J15                                     I4  J45 L25                                     L4  L4  L25
                I5  P4  P4                                      I4  X5  P4                                      L4  L25 L25
                I5  X5  P4                                      I4  X5  B4                                      L4  X5  L25
                I5  B4  B4                                      I4  X5  B4                                      I3  I3  I3

solution 4 (2,113 searches):
05,05,4 05,05,5 D
04,05,3 04,05,4 04,06,3 05,06,3 A4
05,06,4 M
05,04,3 05,04,4 05,05,3 06,05,3 06,05,4 A5
04,00,0 04,01,0 04,02,0 04,03,0 04,04,0 I5
05,00,1 05,01,0 05,01,1 05,01,2 05,02,1 X5
05,00,0 06,00,0 06,00,1 06,01,1 B4
04,00,2 05,00,2 06,00,2 I3
04,00,1 04,01,1 04,02,1 04,03,1 I4
04,01,2 04,02,2 04,03,2 05,03,2 L4
05,02,2 06,01,2 06,02,2 06,03,1 06,03,2 L25
05,02,0 06,01,0 06,02,0 06,02,1 P4
03,04,1 03,04,2 04,04,2 04,04,3 05,04,2 F5
06,04,1 06,04,2 06,04,3 06,05,2 07,04,1 J25
05,03,0 06,03,0 06,04,0 06,05,0 06,05,1 J15
04,05,2 05,03,1 05,04,1 05,05,1 05,05,2 J45
05,04,0 05,05,0 05,06,0 05,06,1 06,06,0 L35
02,05,0 02,05,1 03,05,1 04,04,1 04,05,1 L15
01,04,0 01,04,1 01,05,1 02,04,0 03,04,0 L45
01,05,2 01,06,2 02,04,1 02,04,2 02,05,2 N15
00,04,1 00,04,2 00,05,1 00,05,2 01,04,2 Q5
00,04,0 00,05,0 00,06,0 01,05,0 01,06,0 P5
00,06,1 00,06,2 01,06,1 02,06,1 03,06,1 L5
02,06,0 03,05,0 03,06,0 04,05,0 S4
02,06,2 03,05,2 03,06,2 04,06,2 T4
06,06,2 06,06,3 06,07,2 07,06,1 07,06,2 N25
05,06,2 05,07,2 05,08,2 06,08,2 06,09,2 N5
04,07,0 05,07,0 05,07,1 06,06,1 06,07,1 S15
04,06,0 04,06,1 04,07,1 04,08,0 04,08,1 U5
04,07,2 04,08,2 04,09,2 04,10,2 05,09,2 Y5
05,08,1 05,09,1 06,07,0 06,08,0 06,08,1 V15
04,09,0 04,09,1 05,08,0 05,09,0 05,10,0 T25
04,10,0 04,10,1 05,10,1 05,10,2 06,10,2 W5
06,09,0 06,09,1 06,10,0 06,10,1 O4
07,04,2 08,04,0 08,04,1 08,04,2 09,04,2 T5
07,04,0 07,05,0 07,05,1 07,06,0 08,05,0 T15
07,05,2 08,05,1 08,05,2 08,06,1 09,06,1 V25
08,06,0 09,04,0 09,05,0 09,06,0 10,04,0 Z5
08,06,2 09,06,2 10,06,0 10,06,1 10,06,2 V5
09,04,1 09,05,1 09,05,2 10,05,0 10,05,1 S25
10,04,1 10,04,2 10,05,2 V3

                W5  T25 O4                                      W5  W5  O4                                      Y5  W5  W5
                T25 T25 O4                                      T25 V15 O4                                      Y5  Y5  N5
                U5  T25 V15                                     U5  V15 V15                                     Y5  N5  N5
                S15 S15 V15                                     U5  S15 S15                                     Y5  N5  N25
P5  P5  S4  S4  U5  L35 L35 T15 Z5  Z5  V5      L5  L5  L5  L5  U5  L35 S15 N25 V25 V25 V5      L5  N15 T4  T4  T4  N5  N25 N25 V5  V5  V5                      A4  A4  N25                                         M
P5  P5  L15 S4  S4  L35 J15 T15 T15 Z5  S25     Q5  L45 L15 L15 L15 J45 J15 T15 V25 S25 S25     Q5  N15 N15 T4  J45 J45 J25 V25 V25 S25 V3                      A4  A5  A5                                      A4  D   A5                                          D
P5  L45 L45 L45 I5  L35 J15 T15 T5  Z5  Z5      Q5  L45 N15 F5  L15 J45 J25 J25 T5  S25 V3      Q5  Q5  N15 F5  F5  F5  J25 T5  T5  T5  V3                      F5  A5  J25                                         A5
                I5  J15 J15                                     I4  J45 L25                                     L4  L4  L25
                I5  P4  P4                                      I4  X5  P4                                      L4  L25 L25
                I5  X5  P4                                      I4  X5  B4                                      L4  X5  L25
                I5  B4  B4                                      I4  X5  B4                                      I3  I3  I3

solution 5 (2,277 searches):
05,05,4 05,05,5 D
04,05,3 04,05,4 04,06,3 05,06,3 A4
05,06,4 M
05,04,3 05,04,4 05,05,3 06,05,3 06,05,4 A5
04,00,0 04,01,0 04,02,0 04,03,0 04,04,0 I5
05,00,1 05,01,0 05,01,1 05,01,2 05,02,1 X5
05,00,0 06,00,0 06,00,1 06,01,1 B4
04,00,2 05,00,2 06,00,2 I3
04,00,1 04,01,1 04,02,1 04,03,1 I4
04,01,2 04,02,2 04,03,2 05,03,2 L4
05,02,2 06,01,2 06,02,2 06,03,1 06,03,2 L25
05,02,0 06,01,0 06,02,0 06,02,1 P4
03,04,1 03,04,2 04,04,2 04,04,3 05,04,2 F5
06,04,1 06,04,2 06,04,3 06,05,2 07,04,1 J25
05,03,0 06,03,0 06,04,0 06,05,0 06,05,1 J15
04,05,2 05,03,1 05,04,1 05,05,1 05,05,2 J45
05,04,0 05,05,0 05,06,0 05,06,1 06,06,0 L35
02,05,0 02,05,1 03,05,1 04,04,1 04,05,1 L15
01,04,0 01,04,1 01,05,1 02,04,0 03,04,0 L45
01,05,2 01,06,2 02,04,1 02,04,2 02,05,2 N15
00,04,1 00,04,2 00,05,1 00,05,2 01,04,2 Q5
00,04,0 00,05,0 00,06,0 01,05,0 01,06,0 P5
00,06,1 00,06,2 01,06,1 02,06,1 03,06,1 L5
02,06,0 03,05,0 03,06,0 04,05,0 S4
02,06,2 03,05,2 03,06,2 04,06,2 T4
06,06,2 06,06,3 06,07,2 07,06,1 07,06,2 N25
05,06,2 05,07,2 05,08,2 06,08,2 06,09,2 N5
04,07,0 05,07,0 05,07,1 06,06,1 06,07,1 S15
04,06,0 04,06,1 04,07,1 04,08,0 04,08,1 U5
04,07,2 04,08,2 04,09,2 04,10,2 05,09,2 Y5
05,08,1 05,09,1 06,07,0 06,08,0 06,08,1 V15
04,09,0 04,09,1 05,08,0 05,09,0 05,10,0 T25
04,10,0 04,10,1 05,10,1 05,10,2 06,10,2 W5
06,09,0 06,09,1 06,10,0 06,10,1 O4
07,04,2 07,05,2 08,05,1 08,05,2 08,06,1 V25
07,04,0 07,05,0 07,05,1 07,06,0 08,05,0 T15
08,06,0 09,05,0 09,06,0 09,06,1 10,06,1 S25
08,06,2 09,04,2 09,05,2 09,06,2 10,06,2 T5
10,04,2 10,05,0 10,05,1 10,05,2 10,06,0 Z5
08,04,0 08,04,1 08,04,2 09,04,0 10,04,0 V5
09,04,1 09,05,1 10,04,1 V3

                W5  T25 O4                                      W5  W5  O4                                      Y5  W5  W5
                T25 T25 O4                                      T25 V15 O4                                      Y5  Y5  N5
                U5  T25 V15                                     U5  V15 V15                                     Y5  N5  N5
                S15 S15 V15                                     U5  S15 S15                                     Y5  N5  N25
P5  P5  S4  S4  U5  L35 L35 T15 S25 S25 Z5      L5  L5  L5  L5  U5  L35 S15 N25 V25 S25 S25     L5  N15 T4  T4  T4  N5  N25 N25 T5  T5  T5                      A4  A4  N25                                         M
P5  P5  L15 S4  S4  L35 J15 T15 T15 S25 Z5      Q5  L45 L15 L15 L15 J45 J15 T15 V25 V3  Z5      Q5  N15 N15 T4  J45 J45 J25 V25 V25 T5  Z5                      A4  A5  A5                                      A4  D   A5                                          D
P5  L45 L45 L45 I5  L35 J15 T15 V5  V5  V5      Q5  L45 N15 F5  L15 J45 J25 J25 V5  V3  V3      Q5  Q5  N15 F5  F5  F5  J25 V25 V5  T5  Z5                      F5  A5  J25                                         A5
                I5  J15 J15                                     I4  J45 L25                                     L4  L4  L25
                I5  P4  P4                                      I4  X5  P4                                      L4  L25 L25
                I5  X5  P4                                      I4  X5  B4                                      L4  X5  L25
                I5  B4  B4                                      I4  X5  B4                                      I3  I3  I3

solution 6 (2,356 searches):
05,05,4 05,05,5 D
04,05,3 04,05,4 04,06,3 05,06,3 A4
05,06,4 M
05,04,3 05,04,4 05,05,3 06,05,3 06,05,4 A5
04,00,0 04,01,0 04,02,0 04,03,0 04,04,0 I5
05,00,1 05,01,0 05,01,1 05,01,2 05,02,1 X5
05,00,0 06,00,0 06,00,1 06,01,1 B4
04,00,2 05,00,2 06,00,2 I3
04,00,1 04,01,1 04,02,1 04,03,1 I4
04,01,2 04,02,2 04,03,2 05,03,2 L4
05,02,2 06,01,2 06,02,2 06,03,1 06,03,2 L25
05,02,0 06,01,0 06,02,0 06,02,1 P4
03,04,1 03,04,2 04,04,2 04,04,3 05,04,2 F5
06,04,1 06,04,2 06,04,3 06,05,2 07,04,1 J25
05,03,0 06,03,0 06,04,0 06,05,0 06,05,1 J15
04,05,2 05,03,1 05,04,1 05,05,1 05,05,2 J45
05,04,0 05,05,0 05,06,0 05,06,1 06,06,0 L35
02,05,0 02,05,1 03,05,1 04,04,1 04,05,1 L15
01,04,0 01,04,1 01,05,1 02,04,0 03,04,0 L45
01,05,2 01,06,2 02,04,1 02,04,2 02,05,2 N15
00,04,1 00,04,2 00,05,1 00,05,2 01,04,2 Q5
00,04,0 00,05,0 00,06,0 01,05,0 01,06,0 P5
00,06,1 00,06,2 01,06,1 02,06,1 03,06,1 L5
02,06,0 03,05,0 03,06,0 04,05,0 S4
02,06,2 03,05,2 03,06,2 04,06,2 T4
06,06,2 06,06,3 06,07,2 07,06,1 07,06,2 N25
05,06,2 05,07,2 05,08,2 06,08,2 06,09,2 N5
04,07,0 05,07,0 05,07,1 06,06,1 06,07,1 S15
04,06,0 04,06,1 04,07,1 04,08,0 04,08,1 U5
04,07,2 04,08,2 04,09,2 04,10,2 05,09,2 Y5
05,08,1 05,09,1 06,07,0 06,08,0 06,08,1 V15
04,09,0 04,09,1 05,08,0 05,09,0 05,10,0 T25
04,10,0 04,10,1 05,10,1 05,10,2 06,10,2 W5
06,09,0 06,09,1 06,10,0 06,10,1 O4
07,04,2 07,05,2 08,05,1 08,05,2 08,06,1 V25
07,04,0 07,05,0 07,05,1 07,06,0 08,05,0 T15
08,06,0 09,06,0 10,06,0 10,06,1 10,06,2 V5
08,06,2 09,04,2 09,05,2 09,06,2 10,04,2 Z5
08,04,0 08,04,1 08,04,2 09,04,1 10,04,1 T5
09,05,0 09,05,1 09,06,1 10,05,1 10,05,2 S25
09,04,0 10,04,0 10,05,0 V3

                W5  T25 O4                                      W5  W5  O4                                      Y5  W5  W5
                T25 T25 O4                                      T25 V15 O4                                      Y5  Y5  N5
                U5  T25 V15                                     U5  V15 V15                                     Y5  N5  N5
                S15 S15 V15                                     U5  S15 S15                                     Y5  N5  N25
P5  P5  S4  S4  U5  L35 L35 T15 V5  V5  V5      L5  L5  L5  L5  U5  L35 S15 N25 V25 S25 V5      L5  N15 T4  T4  T4  N5  N25 N25 Z5  Z5  V5                      A4  A4  N25                                         M
P5  P5  L15 S4  S4  L35 J15 T15 T15 S25 V3      Q5  L45 L15 L15 L15 J45 J15 T15 V25 S25 S25     Q5  N15 N15 T4  J45 J45 J25 V25 V25 Z5  S25                     A4  A5  A5                                      A4  D   A5                                          D
P5  L45 L45 L45 I5  L35 J15 T15 T5  V3  V3      Q5  L45 N15 F5  L15 J45 J25 J25 T5  T5  T5      Q5  Q5  N15 F5  F5  F5  J25 V25 T5  Z5  Z5                      F5  A5  J25                                         A5
                I5  J15 J15                                     I4  J45 L25                                     L4  L4  L25
                I5  P4  P4                                      I4  X5  P4                                      L4  L25 L25
                I5  X5  P4                                      I4  X5  B4                                      L4  X5  L25
                I5  B4  B4                                      I4  X5  B4                                      I3  I3  I3

solution 7 (2,374 searches):
05,05,4 05,05,5 D
04,05,3 04,05,4 04,06,3 05,06,3 A4
05,06,4 M
05,04,3 05,04,4 05,05,3 06,05,3 06,05,4 A5
04,00,0 04,01,0 04,02,0 04,03,0 04,04,0 I5
05,00,1 05,01,0 05,01,1 05,01,2 05,02,1 X5
05,00,0 06,00,0 06,00,1 06,01,1 B4
04,00,2 05,00,2 06,00,2 I3
04,00,1 04,01,1 04,02,1 04,03,1 I4
04,01,2 04,02,2 04,03,2 05,03,2 L4
05,02,2 06,01,2 06,02,2 06,03,1 06,03,2 L25
05,02,0 06,01,0 06,02,0 06,02,1 P4
03,04,1 03,04,2 04,04,2 04,04,3 05,04,2 F5
06,04,1 06,04,2 06,04,3 06,05,2 07,04,1 J25
05,03,0 06,03,0 06,04,0 06,05,0 06,05,1 J15
04,05,2 05,03,1 05,04,1 05,05,1 05,05,2 J45
05,04,0 05,05,0 05,06,0 05,06,1 06,06,0 L35
02,05,0 02,05,1 03,05,1 04,04,1 04,05,1 L15
01,04,0 01,04,1 01,05,1 02,04,0 03,04,0 L45
01,05,2 01,06,2 02,04,1 02,04,2 02,05,2 N15
00,04,1 00,04,2 00,05,1 00,05,2 01,04,2 Q5
00,04,0 00,05,0 00,06,0 01,05,0 01,06,0 P5
00,06,1 00,06,2 01,06,1 02,06,1 03,06,1 L5
02,06,0 03,05,0 03,06,0 04,05,0 S4
02,06,2 03,05,2 03,06,2 04,06,2 T4
06,06,2 06,06,3 06,07,2 07,06,1 07,06,2 N25
05,06,2 05,07,2 05,08,2 06,08,2 06,09,2 N5
04,07,0 05,07,0 05,07,1 06,06,1 06,07,1 S15
04,06,0 04,06,1 04,07,1 04,08,0 04,08,1 U5
04,07,2 04,08,2 04,09,2 04,10,2 05,09,2 Y5
05,08,1 05,09,1 06,07,0 06,08,0 06,08,1 V15
04,09,0 04,09,1 05,08,0 05,09,0 05,10,0 T25
04,10,0 04,10,1 05,10,1 05,10,2 06,10,2 W5
06,09,0 06,09,1 06,10,0 06,10,1 O4
07,04,2 07,05,2 08,05,1 08,05,2 08,06,1 V25
07,04,0 07,05,0 07,05,1 07,06,0 08,05,0 T15
08,06,0 09,06,0 10,04,0 10,05,0 10,06,0 V5
08,06,2 09,04,2 09,05,2 09,06,2 10,04,2 Z5
08,04,0 08,04,1 08,04,2 09,04,1 10,04,1 T5
09,04,0 09,05,0 09,05,1 09,06,1 10,05,1 S25
10,05,2 10,06,1 10,06,2 V3

                W5  T25 O4                                      W5  W5  O4                                      Y5  W5  W5
                T25 T25 O4                                      T25 V15 O4                                      Y5  Y5  N5
                U5  T25 V15                                     U5  V15 V15                                     Y5  N5  N5
                S15 S15 V15                                     U5  S15 S15                                     Y5  N5  N25
P5  P5  S4  S4  U5  L35 L35 T15 V5  V5  V5      L5  L5  L5  L5  U5  L35 S15 N25 V25 S25 V3      L5  N15 T4  T4  T4  N5  N25 N25 Z5  Z5  V3                      A4  A4  N25                                         M
P5  P5  L15 S4  S4  L35 J15 T15 T15 S25 V5      Q5  L45 L15 L15 L15 J45 J15 T15 V25 S25 S25     Q5  N15 N15 T4  J45 J45 J25 V25 V25 Z5  V3                      A4  A5  A5                                      A4  D   A5                                          D
P5  L45 L45 L45 I5  L35 J15 T15 T5  S25 V5      Q5  L45 N15 F5  L15 J45 J25 J25 T5  T5  T5      Q5  Q5  N15 F5  F5  F5  J25 V25 T5  Z5  Z5                      F5  A5  J25                                         A5
                I5  J15 J15                                     I4  J45 L25                                     L4  L4  L25
                I5  P4  P4                                      I4  X5  P4                                      L4  L25 L25
                I5  X5  P4                                      I4  X5  B4                                      L4  X5  L25
                I5  B4  B4                                      I4  X5  B4                                      I3  I3  I3

solution 8 (3,917 searches):
05,05,4 05,05,5 D
04,05,3 04,05,4 04,06,3 05,06,3 A4
05,06,4 M
05,04,3 05,04,4 05,05,3 06,05,3 06,05,4 A5
04,00,0 04,01,0 04,02,0 04,03,0 04,04,0 I5
05,00,1 05,01,0 05,01,1 05,01,2 05,02,1 X5
05,00,0 06,00,0 06,00,1 06,01,1 B4
04,00,2 05,00,2 06,00,2 I3
04,00,1 04,01,1 04,02,1 04,03,1 I4
04,01,2 04,02,2 04,03,2 05,03,2 L4
05,02,2 06,01,2 06,02,2 06,03,1 06,03,2 L25
05,02,0 06,01,0 06,02,0 06,02,1 P4
03,04,1 03,04,2 04,04,2 04,04,3 05,04,2 F5
06,04,1 06,04,2 06,04,3 06,05,2 07,04,1 J25
05,03,0 06,03,0 06,04,0 06,05,0 06,05,1 J15
04,05,2 05,03,1 05,04,1 05,05,1 05,05,2 J45
05,04,0 05,05,0 05,06,0 05,06,1 06,06,0 L35
02,05,0 02,05,1 03,05,1 04,04,1 04,05,1 L15
01,04,0 01,04,1 01,05,1 02,04,0 03,04,0 L45
01,05,2 01,06,2 02,04,1 02,04,2 02,05,2 N15
00,04,1 00,04,2 00,05,1 00,05,2 01,04,2 Q5
00,04,0 00,05,0 00,06,0 01,05,0 01,06,0 P5
00,06,1 00,06,2 01,06,1 02,06,1 03,06,1 L5
02,06,0 03,05,0 03,06,0 04,05,0 S4
02,06,2 03,05,2 03,06,2 04,06,2 T4
06,06,2 06,06,3 06,07,2 07,06,1 07,06,2 N25
05,06,2 05,07,2 05,08,2 06,08,2 06,09,2 N5
04,07,0 05,07,0 05,07,1 06,06,1 06,07,1 S15
04,06,0 04,06,1 04,07,1 04,08,0 04,08,1 U5
04,07,2 04,08,2 04,09,2 04,10,2 05,09,2 Y5
05,08,1 05,09,1 06,07,0 06,08,0 06,08,1 V15
04,09,0 04,09,1 05,08,0 05,09,0 05,10,0 T25
04,10,0 04,10,1 05,10,1 05,10,2 06,10,2 W5
06,09,0 06,09,1 06,10,0 06,10,1 O4
07,04,2 08,04,2 08,05,2 V3
07,05,1 07,05,2 08,04,0 08,04,1 08,05,1 V25
07,04,0 07,05,0 07,06,0 08,06,0 09,06,0 V5
08,05,0 09,04,0 09,05,0 09,05,1 10,05,0 T15
09,04,1 10,04,0 10,04,1 10,05,1 10,05,2 S25
08,06,2 09,04,2 09,05,2 09,06,2 10,04,2 Z5
08,06,1 09,06,1 10,06,0 10,06,1 10,06,2 T5

                W5  T25 O4                                      W5  W5  O4                                      Y5  W5  W5
                T25 T25 O4                                      T25 V15 O4                                      Y5  Y5  N5
                U5  T25 V15                                     U5  V15 V15                                     Y5  N5  N5
                S15 S15 V15                                     U5  S15 S15                                     Y5  N5  N25
P5  P5  S4  S4  U5  L35 L35 V5  V5  V5  T5      L5  L5  L5  L5  U5  L35 S15 N25 T5  T5  T5      L5  N15 T4  T4  T4  N5  N25 N25 Z5  Z5  T5                      A4  A4  N25                                         M
P5  P5  L15 S4  S4  L35 J15 V5  T15 T15 T15     Q5  L45 L15 L15 L15 J45 J15 V25 V25 T15 S25     Q5  N15 N15 T4  J45 J45 J25 V25 V3  Z5  S25                     A4  A5  A5                                      A4  D   A5                                          D
P5  L45 L45 L45 I5  L35 J15 V5  V25 T15 S25     Q5  L45 N15 F5  L15 J45 J25 J25 V25 S25 S25     Q5  Q5  N15 F5  F5  F5  J25 V3  V3  Z5  Z5                      F5  A5  J25                                         A5
                I5  J15 J15                                     I4  J45 L25                                     L4  L4  L25
                I5  P4  P4                                      I4  X5  P4                                      L4  L25 L25
                I5  X5  P4                                      I4  X5  B4                                      L4  X5  L25
                I5  B4  B4                                      I4  X5  B4                                      I3  I3  I3

solution 9 (5,380 searches):
05,05,4 05,05,5 D
04,05,3 04,05,4 04,06,3 05,06,3 A4
05,06,4 M
05,04,3 05,04,4 05,05,3 06,05,3 06,05,4 A5
04,00,0 04,01,0 04,02,0 04,03,0 04,04,0 I5
05,00,1 05,01,0 05,01,1 05,01,2 05,02,1 X5
05,00,0 06,00,0 06,00,1 06,01,1 B4
04,00,2 05,00,2 06,00,2 I3
04,00,1 04,01,1 04,02,1 04,03,1 I4
04,01,2 04,02,2 04,03,2 05,03,2 L4
05,02,2 06,01,2 06,02,2 06,03,1 06,03,2 L25
05,02,0 06,01,0 06,02,0 06,02,1 P4
03,04,1 03,04,2 04,04,2 04,04,3 05,04,2 F5
06,04,1 06,04,2 06,04,3 06,05,2 07,04,1 J25
05,03,0 06,03,0 06,04,0 06,05,0 06,05,1 J15
04,05,2 05,03,1 05,04,1 05,05,1 05,05,2 J45
05,04,0 05,05,0 05,06,0 05,06,1 06,06,0 L35
02,05,0 02,05,1 03,05,1 04,04,1 04,05,1 L15
01,04,0 01,04,1 01,05,1 02,04,0 03,04,0 L45
01,05,2 01,06,2 02,04,1 02,04,2 02,05,2 N15
00,04,1 00,04,2 00,05,1 00,05,2 01,04,2 Q5
00,04,0 00,05,0 00,06,0 01,05,0 01,06,0 P5
00,06,1 00,06,2 01,06,1 02,06,1 03,06,1 L5
02,06,0 03,05,0 03,06,0 04,05,0 S4
02,06,2 03,05,2 03,06,2 04,06,2 T4
06,06,2 06,06,3 06,07,2 07,06,1 07,06,2 N25
05,06,2 05,07,2 05,08,2 06,08,2 06,09,2 N5
04,07,0 05,07,0 05,07,1 06,06,1 06,07,1 S15
04,06,0 04,06,1 04,07,1 04,08,0 04,08,1 U5
04,07,2 04,08,2 04,09,2 04,10,2 05,09,2 Y5
05,08,1 05,09,1 06,07,0 06,08,0 06,08,1 V15
04,09,0 04,09,1 05,08,0 05,09,0 05,10,0 T25
04,10,0 04,10,1 05,10,1 05,10,2 06,10,2 W5
06,09,0 06,09,1 06,10,0 06,10,1 O4
07,04,2 07,05,2 08,05,2 09,05,2 09,06,2 Z5
08,06,0 08,06,1 08,06,2 09,06,0 10,06,0 V5
07,04,0 07,05,0 07,05,1 07,06,0 08,05,0 T15
09,06,1 10,05,0 10,05,1 10,06,1 10,06,2 S25
10,04,1 10,04,2 10,05,2 V3
08,04,0 09,04,0 09,04,1 09,04,2 10,04,0 T5
08,04,1 08,04,2 08,05,1 09,05,0 09,05,1 V25

                W5  T25 O4                                      W5  W5  O4                                      Y5  W5  W5
                T25 T25 O4                                      T25 V15 O4                                      Y5  Y5  N5
                U5  T25 V15                                     U5  V15 V15                                     Y5  N5  N5
                S15 S15 V15                                     U5  S15 S15                                     Y5  N5  N25
P5  P5  S4  S4  U5  L35 L35 T15 V5  V5  V5      L5  L5  L5  L5  U5  L35 S15 N25 V5  S25 S25     L5  N15 T4  T4  T4  N5  N25 N25 V5  Z5  S25                     A4  A4  N25                                         M
P5  P5  L15 S4  S4  L35 J15 T15 T15 V25 S25     Q5  L45 L15 L15 L15 J45 J15 T15 V25 V25 S25     Q5  N15 N15 T4  J45 J45 J25 Z5  Z5  Z5  V3                      A4  A5  A5                                      A4  D   A5                                          D
P5  L45 L45 L45 I5  L35 J15 T15 T5  T5  T5      Q5  L45 N15 F5  L15 J45 J25 J25 V25 T5  V3      Q5  Q5  N15 F5  F5  F5  J25 Z5  V25 T5  V3                      F5  A5  J25                                         A5
                I5  J15 J15                                     I4  J45 L25                                     L4  L4  L25
                I5  P4  P4                                      I4  X5  P4                                      L4  L25 L25
                I5  X5  P4                                      I4  X5  B4                                      L4  X5  L25
                I5  B4  B4                                      I4  X5  B4                                      I3  I3  I3

solution 10 (5,894 searches):
05,05,4 05,05,5 D
04,05,3 04,05,4 04,06,3 05,06,3 A4
05,06,4 M
05,04,3 05,04,4 05,05,3 06,05,3 06,05,4 A5
04,00,0 04,01,0 04,02,0 04,03,0 04,04,0 I5
05,00,1 05,01,0 05,01,1 05,01,2 05,02,1 X5
05,00,0 06,00,0 06,00,1 06,01,1 B4
04,00,2 05,00,2 06,00,2 I3
04,00,1 04,01,1 04,02,1 04,03,1 I4
04,01,2 04,02,2 04,03,2 05,03,2 L4
05,02,2 06,01,2 06,02,2 06,03,1 06,03,2 L25
05,02,0 06,01,0 06,02,0 06,02,1 P4
03,04,1 03,04,2 04,04,2 04,04,3 05,04,2 F5
06,04,1 06,04,2 06,04,3 06,05,2 07,04,1 J25
05,03,0 06,03,0 06,04,0 06,05,0 06,05,1 J15
04,05,2 05,03,1 05,04,1 05,05,1 05,05,2 J45
05,04,0 05,05,0 05,06,0 05,06,1 06,06,0 L35
02,05,0 02,05,1 03,05,1 04,04,1 04,05,1 L15
01,04,0 01,04,1 01,05,1 02,04,0 03,04,0 L45
01,05,2 01,06,2 02,04,1 02,04,2 02,05,2 N15
00,04,1 00,04,2 00,05,1 00,05,2 01,04,2 Q5
00,04,0 00,05,0 00,06,0 01,05,0 01,06,0 P5
00,06,1 00,06,2 01,06,1 02,06,1 03,06,1 L5
02,06,0 03,05,0 03,06,0 04,05,0 S4
02,06,2 03,05,2 03,06,2 04,06,2 T4
06,06,2 06,06,3 06,07,2 07,06,1 07,06,2 N25
05,06,2 05,07,2 05,08,2 06,08,2 06,09,2 N5
04,07,0 05,07,0 05,07,1 06,06,1 06,07,1 S15
04,06,0 04,06,1 04,07,1 04,08,0 04,08,1 U5
04,07,2 04,08,2 04,09,2 04,10,2 05,09,2 Y5
05,08,1 05,09,1 06,07,0 06,08,0 06,08,1 V15
04,09,0 04,09,1 05,08,0 05,09,0 05,10,0 T25
04,10,0 04,10,1 05,10,1 05,10,2 06,10,2 W5
06,09,0 06,09,1 06,10,0 06,10,1 O4
07,04,2 08,04,2 08,05,2 08,06,2 09,06,2 Z5
07,05,1 07,05,2 08,04,0 08,04,1 08,05,1 V25
07,04,0 07,05,0 07,06,0 08,06,0 09,06,0 V5
08,06,1 09,06,1 10,06,0 10,06,1 10,06,2 T5
08,05,0 09,04,0 09,05,0 09,05,1 10,05,0 T15
09,04,1 10,04,0 10,04,1 10,05,1 10,05,2 S25
09,04,2 09,05,2 10,04,2 V3

                W5  T25 O4                                      W5  W5  O4                                      Y5  W5  W5
                T25 T25 O4                                      T25 V15 O4                                      Y5  Y5  N5
                U5  T25 V15                                     U5  V15 V15                                     Y5  N5  N5
                S15 S15 V15                                     U5  S15 S15                                     Y5  N5  N25
P5  P5  S4  S4  U5  L35 L35 V5  V5  V5  T5      L5  L5  L5  L5  U5  L35 S15 N25 T5  T5  T5      L5  N15 T4  T4  T4  N5  N25 N25 Z5  Z5  T5                      A4  A4  N25                                         M
P5  P5  L15 S4  S4  L35 J15 V5  T15 T15 T15     Q5  L45 L15 L15 L15 J45 J15 V25 V25 T15 S25     Q5  N15 N15 T4  J45 J45 J25 V25 Z5  V3  S25                     A4  A5  A5                                      A4  D   A5                                          D
P5  L45 L45 L45 I5  L35 J15 V5  V25 T15 S25     Q5  L45 N15 F5  L15 J45 J25 J25 V25 S25 S25     Q5  Q5  N15 F5  F5  F5  J25 Z5  Z5  V3  V3                      F5  A5  J25                                         A5
                I5  J15 J15                                     I4  J45 L25                                     L4  L4  L25
                I5  P4  P4                                      I4  X5  P4                                      L4  L25 L25
                I5  X5  P4                                      I4  X5  B4                                      L4  X5  L25
                I5  B4  B4                                      I4  X5  B4                                      I3  I3  I3

solution 11 (6,150 searches):
05,05,4 05,05,5 D
04,05,3 04,05,4 04,06,3 05,06,3 A4
05,06,4 M
05,04,3 05,04,4 05,05,3 06,05,3 06,05,4 A5
04,00,0 04,01,0 04,02,0 04,03,0 04,04,0 I5
05,00,1 05,01,0 05,01,1 05,01,2 05,02,1 X5
05,00,0 06,00,0 06,00,1 06,01,1 B4
04,00,2 05,00,2 06,00,2 I3
04,00,1 04,01,1 04,02,1 04,03,1 I4
04,01,2 04,02,2 04,03,2 05,03,2 L4
05,02,2 06,01,2 06,02,2 06,03,1 06,03,2 L25
05,02,0 06,01,0 06,02,0 06,02,1 P4
03,04,1 03,04,2 04,04,2 04,04,3 05,04,2 F5
06,04,1 06,04,2 06,04,3 06,05,2 07,04,1 J25
05,03,0 06,03,0 06,04,0 06,05,0 06,05,1 J15
04,05,2 05,03,1 05,04,1 05,05,1 05,05,2 J45
05,04,0 05,05,0 05,06,0 05,06,1 06,06,0 L35
02,05,0 02,05,1 03,05,1 04,04,1 04,05,1 L15
01,04,0 01,04,1 01,05,1 02,04,0 03,04,0 L45
01,05,2 01,06,2 02,04,1 02,04,2 02,05,2 N15
00,04,1 00,04,2 00,05,1 00,05,2 01,04,2 Q5
00,04,0 00,05,0 00,06,0 01,05,0 01,06,0 P5
00,06,1 00,06,2 01,06,1 02,06,1 03,06,1 L5
02,06,0 03,05,0 03,06,0 04,05,0 S4
02,06,2 03,05,2 03,06,2 04,06,2 T4
06,06,2 06,06,3 06,07,2 07,06,1 07,06,2 N25
05,06,2 05,07,2 05,08,2 06,08,2 06,09,2 N5
04,07,0 05,07,0 05,07,1 06,06,1 06,07,1 S15
04,06,0 04,06,1 04,07,1 04,08,0 04,08,1 U5
04,07,2 04,08,2 04,09,2 04,10,2 05,09,2 Y5
05,08,1 05,09,1 06,07,0 06,08,0 06,08,1 V15
04,09,0 04,09,1 05,08,0 05,09,0 05,10,0 T25
04,10,0 04,10,1 05,10,1 05,10,2 06,10,2 W5
06,09,0 06,09,1 06,10,0 06,10,1 O4
07,04,2 07,05,0 07,05,1 07,05,2 07,06,0 Z5
07,04,0 08,04,0 08,04,1 08,05,0 09,04,0 T15
08,06,0 08,06,1 08,06,2 09,06,1 10,06,1 T5
10,04,0 10,04,1 10,04,2 10,05,2 10,06,2 V5
09,04,1 09,04,2 09,05,1 10,05,0 10,05,1 V25
08,04,2 08,05,1 08,05,2 09,05,2 09,06,2 S25
09,05,0 09,06,0 10,06,0 V3

                W5  T25 O4                                      W5  W5  O4                                      Y5  W5  W5
                T25 T25 O4                                      T25 V15 O4                                      Y5  Y5  N5
                U5  T25 V15                                     U5  V15 V15                                     Y5  N5  N5
                S15 S15 V15                                     U5  S15 S15                                     Y5  N5  N25
P5  P5  S4  S4  U5  L35 L35 Z5  T5  V3  V3      L5  L5  L5  L5  U5  L35 S15 N25 T5  T5  T5      L5  N15 T4  T4  T4  N5  N25 N25 T5  S25 V5                      A4  A4  N25                                         M
P5  P5  L15 S4  S4  L35 J15 Z5  T15 V3  V25     Q5  L45 L15 L15 L15 J45 J15 Z5  S25 V25 V25     Q5  N15 N15 T4  J45 J45 J25 Z5  S25 S25 V5                      A4  A5  A5                                      A4  D   A5                                          D
P5  L45 L45 L45 I5  L35 J15 T15 T15 T15 V5      Q5  L45 N15 F5  L15 J45 J25 J25 T15 V25 V5      Q5  Q5  N15 F5  F5  F5  J25 Z5  S25 V25 V5                      F5  A5  J25                                         A5
                I5  J15 J15                                     I4  J45 L25                                     L4  L4  L25
                I5  P4  P4                                      I4  X5  P4                                      L4  L25 L25
                I5  X5  P4                                      I4  X5  B4                                      L4  X5  L25
                I5  B4  B4                                      I4  X5  B4                                      I3  I3  I3

solution 12 (6,180 searches):
05,05,4 05,05,5 D
04,05,3 04,05,4 04,06,3 05,06,3 A4
05,06,4 M
05,04,3 05,04,4 05,05,3 06,05,3 06,05,4 A5
04,00,0 04,01,0 04,02,0 04,03,0 04,04,0 I5
05,00,1 05,01,0 05,01,1 05,01,2 05,02,1 X5
05,00,0 06,00,0 06,00,1 06,01,1 B4
04,00,2 05,00,2 06,00,2 I3
04,00,1 04,01,1 04,02,1 04,03,1 I4
04,01,2 04,02,2 04,03,2 05,03,2 L4
05,02,2 06,01,2 06,02,2 06,03,1 06,03,2 L25
05,02,0 06,01,0 06,02,0 06,02,1 P4
03,04,1 03,04,2 04,04,2 04,04,3 05,04,2 F5
06,04,1 06,04,2 06,04,3 06,05,2 07,04,1 J25
05,03,0 06,03,0 06,04,0 06,05,0 06,05,1 J15
04,05,2 05,03,1 05,04,1 05,05,1 05,05,2 J45
05,04,0 05,05,0 05,06,0 05,06,1 06,06,0 L35
02,05,0 02,05,1 03,05,1 04,04,1 04,05,1 L15
01,04,0 01,04,1 01,05,1 02,04,0 03,04,0 L45
01,05,2 01,06,2 02,04,1 02,04,2 02,05,2 N15
00,04,1 00,04,2 00,05,1 00,05,2 01,04,2 Q5
00,04,0 00,05,0 00,06,0 01,05,0 01,06,0 P5
00,06,1 00,06,2 01,06,1 02,06,1 03,06,1 L5
02,06,0 03,05,0 03,06,0 04,05,0 S4
02,06,2 03,05,2 03,06,2 04,06,2 T4
06,06,2 06,06,3 06,07,2 07,06,1 07,06,2 N25
05,06,2 05,07,2 05,08,2 06,08,2 06,09,2 N5
04,07,0 05,07,0 05,07,1 06,06,1 06,07,1 S15
04,06,0 04,06,1 04,07,1 04,08,0 04,08,1 U5
04,07,2 04,08,2 04,09,2 04,10,2 05,09,2 Y5
05,08,1 05,09,1 06,07,0 06,08,0 06,08,1 V15
04,09,0 04,09,1 05,08,0 05,09,0 05,10,0 T25
04,10,0 04,10,1 05,10,1 05,10,2 06,10,2 W5
06,09,0 06,09,1 06,10,0 06,10,1 O4
07,04,2 07,05,0 07,05,1 07,05,2 07,06,0 Z5
07,04,0 08,04,0 08,04,1 08,05,0 09,04,0 T15
10,04,0 10,05,0 10,05,1 10,05,2 10,06,0 T5
08,04,2 08,05,2 08,06,2 09,06,2 10,06,2 V5
08,05,1 08,06,1 09,04,2 09,05,1 09,05,2 V25
08,06,0 09,05,0 09,06,0 09,06,1 10,06,1 S25
09,04,1 10,04,1 10,04,2 V3

                W5  T25 O4                                      W5  W5  O4                                      Y5  W5  W5
                T25 T25 O4                                      T25 V15 O4                                      Y5  Y5  N5
                U5  T25 V15                                     U5  V15 V15                                     Y5  N5  N5
                S15 S15 V15                                     U5  S15 S15                                     Y5  N5  N25
P5  P5  S4  S4  U5  L35 L35 Z5  S25 S25 T5      L5  L5  L5  L5  U5  L35 S15 N25 V25 S25 S25     L5  N15 T4  T4  T4  N5  N25 N25 V5  V5  V5                      A4  A4  N25                                         M
P5  P5  L15 S4  S4  L35 J15 Z5  T15 S25 T5      Q5  L45 L15 L15 L15 J45 J15 Z5  V25 V25 T5      Q5  N15 N15 T4  J45 J45 J25 Z5  V5  V25 T5                      A4  A5  A5                                      A4  D   A5                                          D
P5  L45 L45 L45 I5  L35 J15 T15 T15 T15 T5      Q5  L45 N15 F5  L15 J45 J25 J25 T15 V3  V3      Q5  Q5  N15 F5  F5  F5  J25 Z5  V5  V25 V3                      F5  A5  J25                                         A5
                I5  J15 J15                                     I4  J45 L25                                     L4  L4  L25
                I5  P4  P4                                      I4  X5  P4                                      L4  L25 L25
                I5  X5  P4                                      I4  X5  B4                                      L4  X5  L25
                I5  B4  B4                                      I4  X5  B4                                      I3  I3  I3

solution 13 (6,237 searches):
05,05,4 05,05,5 D
04,05,3 04,05,4 04,06,3 05,06,3 A4
05,06,4 M
05,04,3 05,04,4 05,05,3 06,05,3 06,05,4 A5
04,00,0 04,01,0 04,02,0 04,03,0 04,04,0 I5
05,00,1 05,01,0 05,01,1 05,01,2 05,02,1 X5
05,00,0 06,00,0 06,00,1 06,01,1 B4
04,00,2 05,00,2 06,00,2 I3
04,00,1 04,01,1 04,02,1 04,03,1 I4
04,01,2 04,02,2 04,03,2 05,03,2 L4
05,02,2 06,01,2 06,02,2 06,03,1 06,03,2 L25
05,02,0 06,01,0 06,02,0 06,02,1 P4
03,04,1 03,04,2 04,04,2 04,04,3 05,04,2 F5
06,04,1 06,04,2 06,04,3 06,05,2 07,04,1 J25
05,03,0 06,03,0 06,04,0 06,05,0 06,05,1 J15
04,05,2 05,03,1 05,04,1 05,05,1 05,05,2 J45
05,04,0 05,05,0 05,06,0 05,06,1 06,06,0 L35
02,05,0 02,05,1 03,05,1 04,04,1 04,05,1 L15
01,04,0 01,04,1 01,05,1 02,04,0 03,04,0 L45
01,05,2 01,06,2 02,04,1 02,04,2 02,05,2 N15
00,04,1 00,04,2 00,05,1 00,05,2 01,04,2 Q5
00,04,0 00,05,0 00,06,0 01,05,0 01,06,0 P5
00,06,1 00,06,2 01,06,1 02,06,1 03,06,1 L5
02,06,0 03,05,0 03,06,0 04,05,0 S4
02,06,2 03,05,2 03,06,2 04,06,2 T4
06,06,2 06,06,3 06,07,2 07,06,1 07,06,2 N25
05,06,2 05,07,2 05,08,2 06,08,2 06,09,2 N5
04,07,0 05,07,0 05,07,1 06,06,1 06,07,1 S15
04,06,0 04,06,1 04,07,1 04,08,0 04,08,1 U5
04,07,2 04,08,2 04,09,2 04,10,2 05,09,2 Y5
05,08,1 05,09,1 06,07,0 06,08,0 06,08,1 V15
04,09,0 04,09,1 05,08,0 05,09,0 05,10,0 T25
04,10,0 04,10,1 05,10,1 05,10,2 06,10,2 W5
06,09,0 06,09,1 06,10,0 06,10,1 O4
07,04,2 07,05,0 07,05,1 07,05,2 07,06,0 Z5
07,04,0 08,04,0 08,04,1 08,05,0 09,04,0 T15
08,04,2 09,04,2 09,05,2 09,06,2 10,04,2 T5
08,06,0 09,06,0 10,06,0 10,06,1 10,06,2 V5
08,06,1 09,05,0 09,05,1 09,06,1 10,05,0 V25
09,04,1 10,04,0 10,04,1 10,05,1 10,05,2 S25
08,05,1 08,05,2 08,06,2 V3

                W5  T25 O4                                      W5  W5  O4                                      Y5  W5  W5
                T25 T25 O4                                      T25 V15 O4                                      Y5  Y5  N5
                U5  T25 V15                                     U5  V15 V15                                     Y5  N5  N5
                S15 S15 V15                                     U5  S15 S15                                     Y5  N5  N25
P5  P5  S4  S4  U5  L35 L35 Z5  V5  V5  V5      L5  L5  L5  L5  U5  L35 S15 N25 V25 V25 V5      L5  N15 T4  T4  T4  N5  N25 N25 V3  T5  V5                      A4  A4  N25                                         M
P5  P5  L15 S4  S4  L35 J15 Z5  T15 V25 V25     Q5  L45 L15 L15 L15 J45 J15 Z5  V3  V25 S25     Q5  N15 N15 T4  J45 J45 J25 Z5  V3  T5  S25                     A4  A5  A5                                      A4  D   A5                                          D
P5  L45 L45 L45 I5  L35 J15 T15 T15 T15 S25     Q5  L45 N15 F5  L15 J45 J25 J25 T15 S25 S25     Q5  Q5  N15 F5  F5  F5  J25 Z5  T5  T5  T5                      F5  A5  J25                                         A5
                I5  J15 J15                                     I4  J45 L25                                     L4  L4  L25
                I5  P4  P4                                      I4  X5  P4                                      L4  L25 L25
                I5  X5  P4                                      I4  X5  B4                                      L4  X5  L25
                I5  B4  B4                                      I4  X5  B4                                      I3  I3  I3

solution 14 (6,612 searches):
05,05,4 05,05,5 D
04,05,3 04,05,4 04,06,3 05,06,3 A4
05,06,4 M
05,04,3 05,04,4 05,05,3 06,05,3 06,05,4 A5
04,00,0 04,01,0 04,02,0 04,03,0 04,04,0 I5
05,00,1 05,01,0 05,01,1 05,01,2 05,02,1 X5
05,00,0 06,00,0 06,00,1 06,01,1 B4
04,00,2 05,00,2 06,00,2 I3
04,00,1 04,01,1 04,02,1 04,03,1 I4
04,01,2 04,02,2 04,03,2 05,03,2 L4
05,02,2 06,01,2 06,02,2 06,03,1 06,03,2 L25
05,02,0 06,01,0 06,02,0 06,02,1 P4
03,04,1 03,04,2 04,04,2 04,04,3 05,04,2 F5
06,04,1 06,04,2 06,04,3 06,05,2 07,04,1 J25
05,03,0 06,03,0 06,04,0 06,05,0 06,05,1 J15
04,05,2 05,03,1 05,04,1 05,05,1 05,05,2 J45
05,04,0 05,05,0 05,06,0 05,06,1 06,06,0 L35
02,05,0 02,05,1 03,05,1 04,04,1 04,05,1 L15
01,04,0 01,04,1 01,05,1 02,04,0 03,04,0 L45
01,05,2 01,06,2 02,04,1 02,04,2 02,05,2 N15
00,04,1 00,04,2 00,05,1 00,05,2 01,04,2 Q5
00,04,0 00,05,0 00,06,0 01,05,0 01,06,0 P5
00,06,1 00,06,2 01,06,1 02,06,1 03,06,1 L5
02,06,0 03,05,0 03,06,0 04,05,0 S4
02,06,2 03,05,2 03,06,2 04,06,2 T4
06,06,2 06,06,3 06,07,2 07,06,1 07,06,2 N25
05,06,2 05,07,2 05,08,2 06,08,2 06,09,2 N5
04,07,0 05,07,0 05,07,1 06,06,1 06,07,1 S15
04,06,0 04,06,1 04,07,1 04,08,0 04,08,1 U5
04,07,2 04,08,2 04,09,2 04,10,2 05,09,2 Y5
05,08,1 05,09,1 06,07,0 06,08,0 06,08,1 V15
04,09,0 04,09,1 05,08,0 05,09,0 05,10,0 T25
04,10,0 04,10,1 05,10,1 05,10,2 06,10,2 W5
06,09,0 06,09,1 06,10,0 06,10,1 O4
07,04,2 07,05,0 07,05,1 07,05,2 07,06,0 Z5
07,04,0 08,04,0 08,04,1 08,04,2 09,04,0 T5
08,06,2 09,06,2 10,04,2 10,05,2 10,06,2 V5
09,05,0 10,04,0 10,05,0 10,05,1 10,06,0 T15
08,05,2 09,04,1 09,04,2 09,05,2 10,04,1 V25
08,06,0 09,05,1 09,06,0 09,06,1 10,06,1 S25
08,05,0 08,05,1 08,06,1 V3

                W5  T25 O4                                      W5  W5  O4                                      Y5  W5  W5
                T25 T25 O4                                      T25 V15 O4                                      Y5  Y5  N5
                U5  T25 V15                                     U5  V15 V15                                     Y5  N5  N5
                S15 S15 V15                                     U5  S15 S15                                     Y5  N5  N25
P5  P5  S4  S4  U5  L35 L35 Z5  S25 S25 T15     L5  L5  L5  L5  U5  L35 S15 N25 V3  S25 S25     L5  N15 T4  T4  T4  N5  N25 N25 V5  V5  V5                      A4  A4  N25                                         M
P5  P5  L15 S4  S4  L35 J15 Z5  V3  T15 T15     Q5  L45 L15 L15 L15 J45 J15 Z5  V3  S25 T15     Q5  N15 N15 T4  J45 J45 J25 Z5  V25 V25 V5                      A4  A5  A5                                      A4  D   A5                                          D
P5  L45 L45 L45 I5  L35 J15 T5  T5  T5  T15     Q5  L45 N15 F5  L15 J45 J25 J25 T5  V25 V25     Q5  Q5  N15 F5  F5  F5  J25 Z5  T5  V25 V5                      F5  A5  J25                                         A5
                I5  J15 J15                                     I4  J45 L25                                     L4  L4  L25
                I5  P4  P4                                      I4  X5  P4                                      L4  L25 L25
                I5  X5  P4                                      I4  X5  B4                                      L4  X5  L25
                I5  B4  B4                                      I4  X5  B4                                      I3  I3  I3

solution 15 (7,552 searches):
05,05,4 05,05,5 D
04,05,3 04,05,4 04,06,3 05,06,3 A4
05,06,4 M
05,04,3 05,04,4 05,05,3 06,05,3 06,05,4 A5
04,00,0 04,01,0 04,02,0 04,03,0 04,04,0 I5
05,00,1 05,01,0 05,01,1 05,01,2 05,02,1 X5
05,00,0 06,00,0 06,00,1 06,01,1 B4
04,00,2 05,00,2 06,00,2 I3
04,00,1 04,01,1 04,02,1 04,03,1 I4
04,01,2 04,02,2 04,03,2 05,03,2 L4
05,02,2 06,01,2 06,02,2 06,03,1 06,03,2 L25
05,02,0 06,01,0 06,02,0 06,02,1 P4
03,04,1 03,04,2 04,04,2 04,04,3 05,04,2 F5
06,04,1 06,04,2 06,04,3 06,05,2 07,04,1 J25
05,03,0 06,03,0 06,04,0 06,05,0 06,05,1 J15
04,05,2 05,03,1 05,04,1 05,05,1 05,05,2 J45
05,04,0 05,05,0 05,06,0 05,06,1 06,06,0 L35
02,05,0 02,05,1 03,05,1 04,04,1 04,05,1 L15
01,04,0 01,04,1 01,05,1 02,04,0 03,04,0 L45
01,05,2 01,06,2 02,04,1 02,04,2 02,05,2 N15
00,04,1 00,04,2 00,05,1 00,05,2 01,04,2 Q5
00,04,0 00,05,0 00,06,0 01,05,0 01,06,0 P5
00,06,1 00,06,2 01,06,1 02,06,1 03,06,1 L5
02,06,0 03,05,0 03,06,0 04,05,0 S4
02,06,2 03,05,2 03,06,2 04,06,2 T4
06,06,2 06,06,3 06,07,2 07,06,1 07,06,2 N25
05,06,2 05,07,2 05,08,2 06,08,2 06,09,2 N5
04,07,0 05,07,0 05,07,1 06,06,1 06,07,1 S15
04,06,0 04,06,1 04,07,1 04,08,0 04,08,1 U5
04,07,2 04,08,2 04,09,2 04,10,2 05,09,2 Y5
05,08,1 05,09,1 06,07,0 06,08,0 06,08,1 V15
04,09,0 04,09,1 05,08,0 05,09,0 05,10,0 T25
04,10,0 04,10,1 05,10,1 05,10,2 06,10,2 W5
06,09,0 06,09,1 06,10,0 06,10,1 O4
07,04,2 08,04,0 08,04,1 08,04,2 09,04,0 Z5
07,04,0 07,05,0 07,05,1 07,06,0 08,05,0 T15
07,05,2 08,05,2 09,04,2 09,05,2 09,06,2 T5
08,05,1 08,06,1 08,06,2 V3
08,06,0 09,05,0 09,06,0 09,06,1 10,06,1 S25
09,04,1 09,05,1 10,05,0 10,05,1 10,06,0 V25
10,04,0 10,04,1 10,04,2 10,05,2 10,06,2 V5

                W5  T25 O4                                      W5  W5  O4                                      Y5  W5  W5
                T25 T25 O4                                      T25 V15 O4                                      Y5  Y5  N5
                U5  T25 V15                                     U5  V15 V15                                     Y5  N5  N5
                S15 S15 V15                                     U5  S15 S15                                     Y5  N5  N25
P5  P5  S4  S4  U5  L35 L35 T15 S25 S25 V25     L5  L5  L5  L5  U5  L35 S15 N25 V3  S25 S25     L5  N15 T4  T4  T4  N5  N25 N25 V3  T5  V5                      A4  A4  N25                                         M
P5  P5  L15 S4  S4  L35 J15 T15 T15 S25 V25     Q5  L45 L15 L15 L15 J45 J15 T15 V3  V25 V25     Q5  N15 N15 T4  J45 J45 J25 T5  T5  T5  V5                      A4  A5  A5                                      A4  D   A5                                          D
P5  L45 L45 L45 I5  L35 J15 T15 Z5  Z5  V5      Q5  L45 N15 F5  L15 J45 J25 J25 Z5  V25 V5      Q5  Q5  N15 F5  F5  F5  J25 Z5  Z5  T5  V5                      F5  A5  J25                                         A5
                I5  J15 J15                                     I4  J45 L25                                     L4  L4  L25
                I5  P4  P4                                      I4  X5  P4                                      L4  L25 L25
                I5  X5  P4                                      I4  X5  B4                                      L4  X5  L25
                I5  B4  B4                                      I4  X5  B4                                      I3  I3  I3

solution 16 (7,576 searches):
05,05,4 05,05,5 D
04,05,3 04,05,4 04,06,3 05,06,3 A4
05,06,4 M
05,04,3 05,04,4 05,05,3 06,05,3 06,05,4 A5
04,00,0 04,01,0 04,02,0 04,03,0 04,04,0 I5
05,00,1 05,01,0 05,01,1 05,01,2 05,02,1 X5
05,00,0 06,00,0 06,00,1 06,01,1 B4
04,00,2 05,00,2 06,00,2 I3
04,00,1 04,01,1 04,02,1 04,03,1 I4
04,01,2 04,02,2 04,03,2 05,03,2 L4
05,02,2 06,01,2 06,02,2 06,03,1 06,03,2 L25
05,02,0 06,01,0 06,02,0 06,02,1 P4
03,04,1 03,04,2 04,04,2 04,04,3 05,04,2 F5
06,04,1 06,04,2 06,04,3 06,05,2 07,04,1 J25
05,03,0 06,03,0 06,04,0 06,05,0 06,05,1 J15
04,05,2 05,03,1 05,04,1 05,05,1 05,05,2 J45
05,04,0 05,05,0 05,06,0 05,06,1 06,06,0 L35
02,05,0 02,05,1 03,05,1 04,04,1 04,05,1 L15
01,04,0 01,04,1 01,05,1 02,04,0 03,04,0 L45
01,05,2 01,06,2 02,04,1 02,04,2 02,05,2 N15
00,04,1 00,04,2 00,05,1 00,05,2 01,04,2 Q5
00,04,0 00,05,0 00,06,0 01,05,0 01,06,0 P5
00,06,1 00,06,2 01,06,1 02,06,1 03,06,1 L5
02,06,0 03,05,0 03,06,0 04,05,0 S4
02,06,2 03,05,2 03,06,2 04,06,2 T4
06,06,2 06,06,3 06,07,2 07,06,1 07,06,2 N25
05,06,2 05,07,2 05,08,2 06,08,2 06,09,2 N5
04,07,0 05,07,0 05,07,1 06,06,1 06,07,1 S15
04,06,0 04,06,1 04,07,1 04,08,0 04,08,1 U5
04,07,2 04,08,2 04,09,2 04,10,2 05,09,2 Y5
05,08,1 05,09,1 06,07,0 06,08,0 06,08,1 V15
04,09,0 04,09,1 05,08,0 05,09,0 05,10,0 T25
04,10,0 04,10,1 05,10,1 05,10,2 06,10,2 W5
06,09,0 06,09,1 06,10,0 06,10,1 O4
07,04,2 08,04,0 08,04,1 08,04,2 09,04,0 Z5
07,04,0 07,05,0 07,05,1 07,06,0 08,05,0 T15
07,05,2 08,05,1 08,05,2 08,06,1 09,06,1 V25
08,06,0 09,06,0 10,04,0 10,05,0 10,06,0 V5
08,06,2 09,04,2 09,05,2 09,06,2 10,06,2 T5
09,05,0 09,05,1 10,05,1 10,05,2 10,06,1 S25
09,04,1 10,04,1 10,04,2 V3

                W5  T25 O4                                      W5  W5  O4                                      Y5  W5  W5
                T25 T25 O4                                      T25 V15 O4                                      Y5  Y5  N5
                U5  T25 V15                                     U5  V15 V15                                     Y5  N5  N5
                S15 S15 V15                                     U5  S15 S15                                     Y5  N5  N25
P5  P5  S4  S4  U5  L35 L35 T15 V5  V5  V5      L5  L5  L5  L5  U5  L35 S15 N25 V25 V25 S25     L5  N15 T4  T4  T4  N5  N25 N25 T5  T5  T5                      A4  A4  N25                                         M
P5  P5  L15 S4  S4  L35 J15 T15 T15 S25 V5      Q5  L45 L15 L15 L15 J45 J15 T15 V25 S25 S25     Q5  N15 N15 T4  J45 J45 J25 V25 V25 T5  S25                     A4  A5  A5                                      A4  D   A5                                          D
P5  L45 L45 L45 I5  L35 J15 T15 Z5  Z5  V5      Q5  L45 N15 F5  L15 J45 J25 J25 Z5  V3  V3      Q5  Q5  N15 F5  F5  F5  J25 Z5  Z5  T5  V3                      F5  A5  J25                                         A5
                I5  J15 J15                                     I4  J45 L25                                     L4  L4  L25
                I5  P4  P4                                      I4  X5  P4                                      L4  L25 L25
                I5  X5  P4                                      I4  X5  B4                                      L4  X5  L25
                I5  B4  B4                                      I4  X5  B4                                      I3  I3  I3

solution 17 (7,578 searches):
05,05,4 05,05,5 D
04,05,3 04,05,4 04,06,3 05,06,3 A4
05,06,4 M
05,04,3 05,04,4 05,05,3 06,05,3 06,05,4 A5
04,00,0 04,01,0 04,02,0 04,03,0 04,04,0 I5
05,00,1 05,01,0 05,01,1 05,01,2 05,02,1 X5
05,00,0 06,00,0 06,00,1 06,01,1 B4
04,00,2 05,00,2 06,00,2 I3
04,00,1 04,01,1 04,02,1 04,03,1 I4
04,01,2 04,02,2 04,03,2 05,03,2 L4
05,02,2 06,01,2 06,02,2 06,03,1 06,03,2 L25
05,02,0 06,01,0 06,02,0 06,02,1 P4
03,04,1 03,04,2 04,04,2 04,04,3 05,04,2 F5
06,04,1 06,04,2 06,04,3 06,05,2 07,04,1 J25
05,03,0 06,03,0 06,04,0 06,05,0 06,05,1 J15
04,05,2 05,03,1 05,04,1 05,05,1 05,05,2 J45
05,04,0 05,05,0 05,06,0 05,06,1 06,06,0 L35
02,05,0 02,05,1 03,05,1 04,04,1 04,05,1 L15
01,04,0 01,04,1 01,05,1 02,04,0 03,04,0 L45
01,05,2 01,06,2 02,04,1 02,04,2 02,05,2 N15
00,04,1 00,04,2 00,05,1 00,05,2 01,04,2 Q5
00,04,0 00,05,0 00,06,0 01,05,0 01,06,0 P5
00,06,1 00,06,2 01,06,1 02,06,1 03,06,1 L5
02,06,0 03,05,0 03,06,0 04,05,0 S4
02,06,2 03,05,2 03,06,2 04,06,2 T4
06,06,2 06,06,3 06,07,2 07,06,1 07,06,2 N25
05,06,2 05,07,2 05,08,2 06,08,2 06,09,2 N5
04,07,0 05,07,0 05,07,1 06,06,1 06,07,1 S15
04,06,0 04,06,1 04,07,1 04,08,0 04,08,1 U5
04,07,2 04,08,2 04,09,2 04,10,2 05,09,2 Y5
05,08,1 05,09,1 06,07,0 06,08,0 06,08,1 V15
04,09,0 04,09,1 05,08,0 05,09,0 05,10,0 T25
04,10,0 04,10,1 05,10,1 05,10,2 06,10,2 W5
06,09,0 06,09,1 06,10,0 06,10,1 O4
07,04,2 08,04,0 08,04,1 08,04,2 09,04,0 Z5
07,04,0 07,05,0 07,05,1 07,06,0 08,05,0 T15
07,05,2 08,05,1 08,05,2 08,06,1 09,06,1 V25
08,06,0 09,06,0 10,04,0 10,05,0 10,06,0 V5
08,06,2 09,04,2 09,05,2 09,06,2 10,06,2 T5
09,04,1 09,05,0 09,05,1 10,05,1 10,06,1 S25
10,04,1 10,04,2 10,05,2 V3

                W5  T25 O4                                      W5  W5  O4                                      Y5  W5  W5
                T25 T25 O4                                      T25 V15 O4                                      Y5  Y5  N5
                U5  T25 V15                                     U5  V15 V15                                     Y5  N5  N5
                S15 S15 V15                                     U5  S15 S15                                     Y5  N5  N25
P5  P5  S4  S4  U5  L35 L35 T15 V5  V5  V5      L5  L5  L5  L5  U5  L35 S15 N25 V25 V25 S25     L5  N15 T4  T4  T4  N5  N25 N25 T5  T5  T5                      A4  A4  N25                                         M
P5  P5  L15 S4  S4  L35 J15 T15 T15 S25 V5      Q5  L45 L15 L15 L15 J45 J15 T15 V25 S25 S25     Q5  N15 N15 T4  J45 J45 J25 V25 V25 T5  V3                      A4  A5  A5                                      A4  D   A5                                          D
P5  L45 L45 L45 I5  L35 J15 T15 Z5  Z5  V5      Q5  L45 N15 F5  L15 J45 J25 J25 Z5  S25 V3      Q5  Q5  N15 F5  F5  F5  J25 Z5  Z5  T5  V3                      F5  A5  J25                                         A5
                I5  J15 J15                                     I4  J45 L25                                     L4  L4  L25
                I5  P4  P4                                      I4  X5  P4                                      L4  L25 L25
                I5  X5  P4                                      I4  X5  B4                                      L4  X5  L25
                I5  B4  B4                                      I4  X5  B4                                      I3  I3  I3

solution 18 (7,931 searches):
05,05,4 05,05,5 D
04,05,3 04,05,4 04,06,3 05,06,3 A4
05,06,4 M
05,04,3 05,04,4 05,05,3 06,05,3 06,05,4 A5
04,00,0 04,01,0 04,02,0 04,03,0 04,04,0 I5
05,00,1 05,01,0 05,01,1 05,01,2 05,02,1 X5
05,00,0 06,00,0 06,00,1 06,01,1 B4
04,00,2 05,00,2 06,00,2 I3
04,00,1 04,01,1 04,02,1 04,03,1 I4
04,01,2 04,02,2 04,03,2 05,03,2 L4
05,02,2 06,01,2 06,02,2 06,03,1 06,03,2 L25
05,02,0 06,01,0 06,02,0 06,02,1 P4
03,04,1 03,04,2 04,04,2 04,04,3 05,04,2 F5
06,04,1 06,04,2 06,04,3 06,05,2 07,04,1 J25
05,03,0 06,03,0 06,04,0 06,05,0 06,05,1 J15
04,05,2 05,03,1 05,04,1 05,05,1 05,05,2 J45
05,04,0 05,05,0 05,06,0 05,06,1 06,06,0 L35
02,05,0 02,05,1 03,05,1 04,04,1 04,05,1 L15
01,04,0 01,04,1 01,05,1 02,04,0 03,04,0 L45
01,05,2 01,06,2 02,04,1 02,04,2 02,05,2 N15
00,04,1 00,04,2 00,05,1 00,05,2 01,04,2 Q5
00,04,0 00,05,0 00,06,0 01,05,0 01,06,0 P5
00,06,1 00,06,2 01,06,1 02,06,1 03,06,1 L5
02,06,0 03,05,0 03,06,0 04,05,0 S4
02,06,2 03,05,2 03,06,2 04,06,2 T4
06,06,2 06,06,3 06,07,2 07,06,1 07,06,2 N25
05,06,2 05,07,2 05,08,2 06,08,2 06,09,2 N5
04,07,0 05,07,0 05,07,1 06,06,1 06,07,1 S15
04,06,0 04,06,1 04,07,1 04,08,0 04,08,1 U5
04,07,2 04,08,2 04,09,2 04,10,2 05,09,2 Y5
05,08,1 05,09,1 06,07,0 06,08,0 06,08,1 V15
04,09,0 04,09,1 05,08,0 05,09,0 05,10,0 T25
04,10,0 04,10,1 05,10,1 05,10,2 06,10,2 W5
06,09,0 06,09,1 06,10,0 06,10,1 O4
07,04,2 08,04,0 08,04,1 08,04,2 09,04,0 Z5
07,04,0 07,05,0 07,05,1 07,05,2 07,06,0 T5
08,06,2 09,06,2 10,04,2 10,05,2 10,06,2 V5
09,05,0 10,04,0 10,05,0 10,05,1 10,06,0 T15
08,05,2 09,04,1 09,04,2 09,05,2 10,04,1 V25
08,06,0 09,05,1 09,06,0 09,06,1 10,06,1 S25
08,05,0 08,05,1 08,06,1 V3

                W5  T25 O4                                      W5  W5  O4                                      Y5  W5  W5
                T25 T25 O4                                      T25 V15 O4                                      Y5  Y5  N5
                U5  T25 V15                                     U5  V15 V15                                     Y5  N5  N5
                S15 S15 V15                                     U5  S15 S15                                     Y5  N5  N25
P5  P5  S4  S4  U5  L35 L35 T5  S25 S25 T15     L5  L5  L5  L5  U5  L35 S15 N25 V3  S25 S25     L5  N15 T4  T4  T4  N5  N25 N25 V5  V5  V5                      A4  A4  N25                                         M
P5  P5  L15 S4  S4  L35 J15 T5  V3  T15 T15     Q5  L45 L15 L15 L15 J45 J15 T5  V3  S25 T15     Q5  N15 N15 T4  J45 J45 J25 T5  V25 V25 V5                      A4  A5  A5                                      A4  D   A5                                          D
P5  L45 L45 L45 I5  L35 J15 T5  Z5  Z5  T15     Q5  L45 N15 F5  L15 J45 J25 J25 Z5  V25 V25     Q5  Q5  N15 F5  F5  F5  J25 Z5  Z5  V25 V5                      F5  A5  J25                                         A5
                I5  J15 J15                                     I4  J45 L25                                     L4  L4  L25
                I5  P4  P4                                      I4  X5  P4                                      L4  L25 L25
                I5  X5  P4                                      I4  X5  B4                                      L4  X5  L25
                I5  B4  B4                                      I4  X5  B4                                      I3  I3  I3

solution 19 (9,739 searches):
05,05,4 05,05,5 D
04,05,3 04,05,4 04,06,3 05,06,3 A4
05,06,4 M
05,04,3 05,04,4 05,05,3 06,05,3 06,05,4 A5
04,00,0 04,01,0 04,02,0 04,03,0 04,04,0 I5
05,00,1 05,01,0 05,01,1 05,01,2 05,02,1 X5
05,00,0 06,00,0 06,00,1 06,01,1 B4
04,00,2 05,00,2 06,00,2 I3
04,00,1 04,01,1 04,02,1 04,03,1 I4
04,01,2 04,02,2 04,03,2 05,03,2 L4
05,02,2 06,01,2 06,02,2 06,03,1 06,03,2 L25
05,02,0 06,01,0 06,02,0 06,02,1 P4
03,04,1 03,04,2 04,04,2 04,04,3 05,04,2 F5
06,04,1 06,04,2 06,04,3 06,05,2 07,04,1 J25
05,03,0 06,03,0 06,04,0 06,05,0 06,05,1 J15
04,05,2 05,03,1 05,04,1 05,05,1 05,05,2 J45
05,04,0 05,05,0 05,06,0 05,06,1 06,06,0 L35
02,05,0 02,05,1 03,05,1 04,04,1 04,05,1 L15
01,04,0 01,04,1 01,05,1 02,04,0 03,04,0 L45
01,05,2 01,06,2 02,04,1 02,04,2 02,05,2 N15
00,04,1 00,04,2 00,05,1 00,05,2 01,04,2 Q5
00,04,0 00,05,0 00,06,0 01,05,0 01,06,0 P5
00,06,1 00,06,2 01,06,1 02,06,1 03,06,1 L5
02,06,0 03,05,0 03,06,0 04,05,0 S4
02,06,2 03,05,2 03,06,2 04,06,2 T4
06,06,2 06,06,3 06,07,2 07,06,1 07,06,2 N25
05,06,2 05,07,2 05,08,2 06,08,2 06,09,2 N5
04,07,0 05,07,0 05,07,1 06,06,1 06,07,1 S15
04,06,0 04,06,1 04,07,1 04,08,0 04,08,1 U5
04,07,2 04,08,2 04,09,2 04,10,2 05,09,2 Y5
05,08,1 05,09,1 06,07,0 06,08,0 06,08,1 V15
04,09,0 04,09,1 04,10,1 05,08,0 05,09,0 V25
04,10,0 05,10,0 05,10,1 05,10,2 06,10,2 Z5
06,09,0 06,09,1 06,10,0 06,10,1 O4
07,04,2 08,04,1 08,04,2 08,05,2 09,04,2 T15
07,04,0 07,05,0 07,05,1 07,05,2 07,06,0 T5
10,04,0 10,05,0 10,06,0 10,06,1 10,06,2 V5
08,04,0 09,04,0 09,04,1 10,04,1 10,04,2 W5
08,06,2 09,05,2 09,06,1 09,06,2 10,05,2 S25
08,05,1 09,05,0 09,05,1 09,06,0 10,05,1 T25
08,05,0 08,06,0 08,06,1 V3

                Z5  Z5  O4                                      V25 Z5  O4                                      Y5  Z5  Z5
                V25 V25 O4                                      V25 V15 O4                                      Y5  Y5  N5
                U5  V25 V15                                     U5  V15 V15                                     Y5  N5  N5
                S15 S15 V15                                     U5  S15 S15                                     Y5  N5  N25
P5  P5  S4  S4  U5  L35 L35 T5  V3  T25 V5      L5  L5  L5  L5  U5  L35 S15 N25 V3  S25 V5      L5  N15 T4  T4  T4  N5  N25 N25 S25 S25 V5                      A4  A4  N25                                         M
P5  P5  L15 S4  S4  L35 J15 T5  V3  T25 V5      Q5  L45 L15 L15 L15 J45 J15 T5  T25 T25 T25     Q5  N15 N15 T4  J45 J45 J25 T5  T15 S25 S25                     A4  A5  A5                                      A4  D   A5                                          D
P5  L45 L45 L45 I5  L35 J15 T5  W5  W5  V5      Q5  L45 N15 F5  L15 J45 J25 J25 T15 W5  W5      Q5  Q5  N15 F5  F5  F5  J25 T15 T15 T15 W5                      F5  A5  J25                                         A5
                I5  J15 J15                                     I4  J45 L25                                     L4  L4  L25
                I5  P4  P4                                      I4  X5  P4                                      L4  L25 L25
                I5  X5  P4                                      I4  X5  B4                                      L4  X5  L25
                I5  B4  B4                                      I4  X5  B4                                      I3  I3  I3

solution 20 (9,867 searches):
05,05,4 05,05,5 D
04,05,3 04,05,4 04,06,3 05,06,3 A4
05,06,4 M
05,04,3 05,04,4 05,05,3 06,05,3 06,05,4 A5
04,00,0 04,01,0 04,02,0 04,03,0 04,04,0 I5
05,00,1 05,01,0 05,01,1 05,01,2 05,02,1 X5
05,00,0 06,00,0 06,00,1 06,01,1 B4
04,00,2 05,00,2 06,00,2 I3
04,00,1 04,01,1 04,02,1 04,03,1 I4
04,01,2 04,02,2 04,03,2 05,03,2 L4
05,02,2 06,01,2 06,02,2 06,03,1 06,03,2 L25
05,02,0 06,01,0 06,02,0 06,02,1 P4
03,04,1 03,04,2 04,04,2 04,04,3 05,04,2 F5
06,04,1 06,04,2 06,04,3 06,05,2 07,04,1 J25
05,03,0 06,03,0 06,04,0 06,05,0 06,05,1 J15
04,05,2 05,03,1 05,04,1 05,05,1 05,05,2 J45
05,04,0 05,05,0 05,06,0 05,06,1 06,06,0 L35
02,05,0 02,05,1 03,05,1 04,04,1 04,05,1 L15
01,04,0 01,04,1 01,05,1 02,04,0 03,04,0 L45
01,05,2 01,06,2 02,04,1 02,04,2 02,05,2 N15
00,04,1 00,04,2 00,05,1 00,05,2 01,04,2 Q5
00,04,0 00,05,0 00,06,0 01,05,0 01,06,0 P5
00,06,1 00,06,2 01,06,1 02,06,1 03,06,1 L5
02,06,0 03,05,0 03,06,0 04,05,0 S4
02,06,2 03,05,2 03,06,2 04,06,2 T4
06,06,2 06,06,3 06,07,2 07,06,1 07,06,2 N25
05,06,2 05,07,2 05,08,2 06,08,2 06,09,2 N5
04,07,0 05,07,0 05,07,1 06,06,1 06,07,1 S15
04,06,0 04,06,1 04,07,1 04,08,0 04,08,1 U5
04,07,2 04,08,2 04,09,2 04,10,2 05,09,2 Y5
05,08,1 05,09,1 06,07,0 06,08,0 06,08,1 V15
04,09,0 04,09,1 04,10,1 05,08,0 05,09,0 V25
04,10,0 05,10,0 05,10,1 05,10,2 06,10,2 Z5
06,09,0 06,09,1 06,10,0 06,10,1 O4
07,04,2 08,04,1 08,04,2 08,05,2 09,04,2 T15
07,04,0 07,05,0 07,05,1 07,05,2 07,06,0 T5
08,06,0 09,06,0 10,06,0 10,06,1 10,06,2 V5
08,06,2 09,05,2 09,06,2 10,04,2 10,05,2 W5
08,04,0 08,05,0 08,05,1 08,06,1 09,05,0 S25
09,04,1 09,05,1 09,06,1 10,05,0 10,05,1 T25
09,04,0 10,04,0 10,04,1 V3

                Z5  Z5  O4                                      V25 Z5  O4                                      Y5  Z5  Z5
                V25 V25 O4                                      V25 V15 O4                                      Y5  Y5  N5
                U5  V25 V15                                     U5  V15 V15                                     Y5  N5  N5
                S15 S15 V15                                     U5  S15 S15                                     Y5  N5  N25
P5  P5  S4  S4  U5  L35 L35 T5  V5  V5  V5      L5  L5  L5  L5  U5  L35 S15 N25 S25 T25 V5      L5  N15 T4  T4  T4  N5  N25 N25 W5  W5  V5                      A4  A4  N25                                         M
P5  P5  L15 S4  S4  L35 J15 T5  S25 S25 T25     Q5  L45 L15 L15 L15 J45 J15 T5  S25 T25 T25     Q5  N15 N15 T4  J45 J45 J25 T5  T15 W5  W5                      A4  A5  A5                                      A4  D   A5                                          D
P5  L45 L45 L45 I5  L35 J15 T5  S25 V3  V3      Q5  L45 N15 F5  L15 J45 J25 J25 T15 T25 V3      Q5  Q5  N15 F5  F5  F5  J25 T15 T15 T15 W5                      F5  A5  J25                                         A5
                I5  J15 J15                                     I4  J45 L25                                     L4  L4  L25
                I5  P4  P4                                      I4  X5  P4                                      L4  L25 L25
                I5  X5  P4                                      I4  X5  B4                                      L4  X5  L25
                I5  B4  B4                                      I4  X5  B4                                      I3  I3  I3

User-requested solution limit reached.
20 solutions, 9,867 searches, duration 0:00:24.970025
