solving Polycubes12345_11x3x6_2:

solution 1 (5,040 searches):
1,00,0 1,00,1 1,00,2 1,00,3 1,00,4 I5
1,01,0 1,01,1 2,00,0 2,01,0 A4
1,01,2 2,00,1 2,01,1 2,01,2 B4
2,00,2 2,00,3 D
0,01,0 0,01,1 0,02,0 1,02,0 1,02,1 A5
2,02,0 2,02,1 2,03,1 2,03,2 2,04,1 F5
2,03,0 2,04,0 2,05,0 I3
2,00,5 2,01,5 2,02,5 2,03,5 I4
0,01,3 1,00,5 1,01,3 1,01,4 1,01,5 J15
1,02,4 2,00,4 2,01,3 2,01,4 2,02,4 J25
0,01,5 0,02,5 0,03,4 0,03,5 1,03,4 J45
0,01,4 0,02,2 0,02,3 0,02,4 1,02,2 L15
0,01,2 M
1,02,3 2,02,2 2,02,3 2,03,3 2,04,3 L35
1,02,5 1,03,5 1,04,5 2,04,5 L4
1,04,4 2,03,4 2,04,4 2,05,3 2,05,4 L25
0,02,1 0,03,1 0,04,1 0,04,2 1,04,2 L45
0,03,2 0,03,3 0,04,3 0,05,3 0,06,3 L5
1,03,3 1,04,3 1,05,3 1,05,4 1,06,4 N5
1,03,0 1,03,1 1,03,2 1,04,0 1,04,1 P5
0,03,0 0,04,0 0,05,0 0,05,1 0,05,2 V5
0,04,4 0,04,5 0,05,4 0,05,5 O4
1,05,0 1,05,1 2,04,2 2,05,1 2,05,2 N15
0,06,4 0,06,5 0,07,5 1,05,5 1,06,5 N25
1,07,4 2,05,5 2,06,4 2,06,5 2,07,4 S15
1,07,5 1,08,4 1,08,5 2,07,5 2,08,5 Q5
1,09,4 1,09,5 1,10,5 2,09,5 P4
0,09,4 0,10,4 0,10,5 1,10,3 1,10,4 S25
0,07,4 0,08,4 0,08,5 0,09,5 S4
1,08,3 1,09,3 2,09,2 2,09,3 2,09,4 T25
2,07,3 2,08,2 2,08,3 2,08,4 T4
0,07,3 0,08,3 1,06,3 1,07,3 2,06,3 W5
0,09,2 0,09,3 0,10,3 1,08,2 1,09,2 V25
0,10,0 0,10,1 0,10,2 1,10,0 1,10,2 U5
0,09,1 1,08,1 1,09,1 1,10,1 2,09,1 X5
1,05,2 1,06,1 1,06,2 2,06,1 2,07,1 V15
0,07,2 0,08,2 1,07,2 2,06,2 2,07,2 Z5
0,06,0 0,06,1 0,06,2 0,07,1 0,08,1 T5
0,08,0 0,09,0 1,09,0 V3
2,06,0 2,07,0 2,08,0 2,08,1 2,09,0 Y5
0,07,0 1,06,0 1,07,0 1,07,1 1,08,0 T15

U5  U5          U5  X5          U5  U5          V25 S25         S25 S25         S25 P4
V3  V3  Y5      X5  X5  X5      V25 V25 T25     V25 T25 T25     S25 P4  T25     S4  P4  P4
V3  T15 Y5      T5  X5  Y5      Z5  V25 T4      W5  T25 T4      S4  Q5  T4      S4  Q5  Q5
T15 T15 Y5      T5  T15 V15     Z5  Z5  Z5      W5  W5  T4      S4  S15 S15     N25 Q5  Q5
T5  T15 Y5      T5  V15 V15     T5  V15 Z5      L5  W5  W5      N25 N5  S15     N25 N25 S15
V5  N15 I3      V5  N15 N15     V5  V15 N15     L5  N5  L25     O4  N5  L25     O4  N25 S15
V5  P5  I3      L45 P5  F5      L45 L45 N15     L5  N5  L35     O4  L25 L25     O4  L4  L4
V5  P5  I3      L45 P5  F5      L5  P5  F5      L5  N5  L35     J45 J45 L25     J45 L4  I4
A5  A5  F5      L45 A5  F5      L15 L15 L35     L15 L35 L35     L15 J25 J25     J45 L4  I4
A5  A4  A4      A5  A4  B4      M   B4  B4      J15 J15 J25     L15 J15 J25     J45 J15 I4
    I5  A4          I5  B4          I5  D           I5  D           I5  J25         J15 I4

solution 2 (5,250 searches):
1,00,0 1,00,1 1,00,2 1,00,3 1,00,4 I5
1,01,0 1,01,1 2,00,0 2,01,0 A4
1,01,2 2,00,1 2,01,1 2,01,2 B4
2,00,2 2,00,3 D
0,01,0 0,01,1 0,02,0 1,02,0 1,02,1 A5
2,02,0 2,02,1 2,03,1 2,03,2 2,04,1 F5
2,03,0 2,04,0 2,05,0 I3
2,00,5 2,01,5 2,02,5 2,03,5 I4
0,01,3 1,00,5 1,01,3 1,01,4 1,01,5 J15
1,02,4 2,00,4 2,01,3 2,01,4 2,02,4 J25
0,01,5 0,02,5 0,03,4 0,03,5 1,03,4 J45
0,01,4 0,02,2 0,02,3 0,02,4 1,02,2 L15
0,01,2 M
1,02,3 2,02,2 2,02,3 2,03,3 2,04,3 L35
1,02,5 1,03,5 1,04,5 2,04,5 L4
1,04,4 2,03,4 2,04,4 2,05,3 2,05,4 L25
0,02,1 0,03,1 0,04,1 0,04,2 1,04,2 L45
0,03,2 0,03,3 0,04,3 0,05,3 0,06,3 L5
1,03,3 1,04,3 1,05,3 1,05,4 1,06,4 N5
1,03,0 1,03,1 1,03,2 1,04,0 1,04,1 P5
0,03,0 0,04,0 0,05,0 0,05,1 0,05,2 V5
0,04,4 0,04,5 0,05,4 0,05,5 O4
1,05,0 1,05,1 2,04,2 2,05,1 2,05,2 N15
0,06,4 0,06,5 0,07,5 1,05,5 1,06,5 N25
1,07,4 2,05,5 2,06,4 2,06,5 2,07,4 S15
1,07,5 1,08,4 1,08,5 2,07,5 2,08,5 Q5
1,09,4 1,09,5 1,10,5 2,09,5 P4
0,09,4 0,10,4 0,10,5 1,10,3 1,10,4 S25
0,07,4 0,08,4 0,08,5 0,09,5 S4
1,08,3 1,09,3 2,09,2 2,09,3 2,09,4 T25
2,07,3 2,08,2 2,08,3 2,08,4 T4
0,07,3 0,08,3 1,06,3 1,07,3 2,06,3 W5
0,09,2 0,09,3 0,10,3 1,08,2 1,09,2 V25
0,10,0 0,10,2 1,10,0 1,10,1 1,10,2 U5
0,06,2 1,05,2 1,06,2 1,07,2 2,06,2 X5
0,08,1 0,09,1 0,10,1 1,09,1 2,09,1 T5
0,06,0 0,07,0 0,07,1 0,07,2 0,08,2 Z5
0,06,1 1,06,0 1,06,1 1,07,1 2,06,1 T15
1,08,0 1,08,1 2,07,1 2,07,2 2,08,1 V15
1,07,0 2,06,0 2,07,0 2,08,0 2,09,0 Y5
0,08,0 0,09,0 1,09,0 V3

U5  U5          T5  U5          U5  U5          V25 S25         S25 S25         S25 P4
V3  V3  Y5      T5  T5  T5      V25 V25 T25     V25 T25 T25     S25 P4  T25     S4  P4  P4
V3  V15 Y5      T5  V15 V15     Z5  V25 T4      W5  T25 T4      S4  Q5  T4      S4  Q5  Q5
Z5  Y5  Y5      Z5  T15 V15     Z5  X5  V15     W5  W5  T4      S4  S15 S15     N25 Q5  Q5
Z5  T15 Y5      T15 T15 T15     X5  X5  X5      L5  W5  W5      N25 N5  S15     N25 N25 S15
V5  N15 I3      V5  N15 N15     V5  X5  N15     L5  N5  L25     O4  N5  L25     O4  N25 S15
V5  P5  I3      L45 P5  F5      L45 L45 N15     L5  N5  L35     O4  L25 L25     O4  L4  L4
V5  P5  I3      L45 P5  F5      L5  P5  F5      L5  N5  L35     J45 J45 L25     J45 L4  I4
A5  A5  F5      L45 A5  F5      L15 L15 L35     L15 L35 L35     L15 J25 J25     J45 L4  I4
A5  A4  A4      A5  A4  B4      M   B4  B4      J15 J15 J25     L15 J15 J25     J45 J15 I4
    I5  A4          I5  B4          I5  D           I5  D           I5  J25         J15 I4

solution 3 (6,239 searches):
1,00,0 1,00,1 1,00,2 1,00,3 1,00,4 I5
1,01,0 1,01,1 2,00,0 2,01,0 A4
1,01,2 2,00,1 2,01,1 2,01,2 B4
2,00,2 2,00,3 D
0,01,0 0,01,1 0,02,0 1,02,0 1,02,1 A5
2,02,0 2,02,1 2,03,1 2,03,2 2,04,1 F5
2,03,0 2,04,0 2,05,0 I3
2,00,5 2,01,5 2,02,5 2,03,5 I4
0,01,3 1,00,5 1,01,3 1,01,4 1,01,5 J15
1,02,4 2,00,4 2,01,3 2,01,4 2,02,4 J25
0,01,5 0,02,5 0,03,4 0,03,5 1,03,4 J45
0,01,4 0,02,2 0,02,3 0,02,4 1,02,2 L15
0,01,2 M
1,02,3 2,02,2 2,02,3 2,03,3 2,04,3 L35
1,02,5 1,03,5 1,04,5 2,04,5 L4
1,04,4 2,03,4 2,04,4 2,05,3 2,05,4 L25
0,02,1 0,03,1 0,04,1 0,04,2 1,04,2 L45
0,03,2 0,03,3 0,04,3 0,05,3 0,06,3 L5
1,03,3 1,04,3 1,05,3 1,05,4 1,06,4 N5
1,03,0 1,03,1 1,03,2 1,04,0 1,04,1 P5
0,03,0 0,04,0 0,05,0 0,05,1 0,05,2 V5
0,04,4 0,04,5 0,05,4 0,05,5 O4
1,05,0 1,05,1 2,04,2 2,05,1 2,05,2 N15
0,06,4 0,06,5 0,07,5 1,05,5 1,06,5 N25
1,07,4 2,05,5 2,06,4 2,06,5 2,07,4 S15
1,07,5 1,08,4 1,08,5 2,07,5 2,08,5 Q5
1,09,4 1,09,5 1,10,5 2,09,5 P4
0,09,4 0,10,4 0,10,5 1,10,3 1,10,4 S25
0,07,4 0,08,4 0,08,5 0,09,5 S4
1,08,3 1,09,3 2,09,2 2,09,3 2,09,4 T25
2,07,3 2,08,2 2,08,3 2,08,4 T4
0,07,3 0,08,3 1,06,3 1,07,3 2,06,3 W5
0,10,2 0,10,3 1,10,2 V3
0,07,2 0,08,2 0,09,1 0,09,2 0,09,3 T5
0,10,0 0,10,1 1,09,1 1,09,2 1,10,1 V15
0,09,0 1,08,0 1,09,0 1,10,0 2,09,0 X5
1,08,1 2,07,1 2,08,0 2,08,1 2,09,1 T15
1,05,2 1,06,2 1,07,2 1,08,2 2,07,2 Y5
1,06,1 1,07,0 1,07,1 2,06,1 2,06,2 V25
0,06,1 0,06,2 0,07,1 0,08,0 0,08,1 Z5
0,06,0 0,07,0 1,06,0 2,06,0 2,07,0 U5

V15 X5          V15 V15         V3  V3          V3  S25         S25 S25         S25 P4
X5  X5  X5      T5  V15 T15     T5  V15 T25     T5  T25 T25     S25 P4  T25     S4  P4  P4
Z5  X5  T15     Z5  T15 T15     T5  Y5  T4      W5  T25 T4      S4  Q5  T4      S4  Q5  Q5
U5  V25 U5      Z5  V25 T15     T5  Y5  Y5      W5  W5  T4      S4  S15 S15     N25 Q5  Q5
U5  U5  U5      Z5  V25 V25     Z5  Y5  V25     L5  W5  W5      N25 N5  S15     N25 N25 S15
V5  N15 I3      V5  N15 N15     V5  Y5  N15     L5  N5  L25     O4  N5  L25     O4  N25 S15
V5  P5  I3      L45 P5  F5      L45 L45 N15     L5  N5  L35     O4  L25 L25     O4  L4  L4
V5  P5  I3      L45 P5  F5      L5  P5  F5      L5  N5  L35     J45 J45 L25     J45 L4  I4
A5  A5  F5      L45 A5  F5      L15 L15 L35     L15 L35 L35     L15 J25 J25     J45 L4  I4
A5  A4  A4      A5  A4  B4      M   B4  B4      J15 J15 J25     L15 J15 J25     J45 J15 I4
    I5  A4          I5  B4          I5  D           I5  D           I5  J25         J15 I4

solution 4 (6,737 searches):
1,00,0 1,00,1 1,00,2 1,00,3 1,00,4 I5
1,01,0 1,01,1 2,00,0 2,01,0 A4
1,01,2 2,00,1 2,01,1 2,01,2 B4
2,00,2 2,00,3 D
0,01,0 0,01,1 0,02,0 1,02,0 1,02,1 A5
2,02,0 2,02,1 2,03,1 2,03,2 2,04,1 F5
2,03,0 2,04,0 2,05,0 I3
2,00,5 2,01,5 2,02,5 2,03,5 I4
0,01,3 1,00,5 1,01,3 1,01,4 1,01,5 J15
1,02,4 2,00,4 2,01,3 2,01,4 2,02,4 J25
0,01,5 0,02,5 0,03,4 0,03,5 1,03,4 J45
0,01,4 0,02,2 0,02,3 0,02,4 1,02,2 L15
0,01,2 M
1,02,3 2,02,2 2,02,3 2,03,3 2,04,3 L35
1,02,5 1,03,5 1,04,5 2,04,5 L4
1,04,4 2,03,4 2,04,4 2,05,3 2,05,4 L25
0,02,1 0,03,1 0,04,1 0,04,2 1,04,2 L45
0,03,2 0,03,3 0,04,3 0,05,3 0,06,3 L5
1,03,3 1,04,3 1,05,3 1,05,4 1,06,4 N5
1,03,0 1,03,1 1,03,2 1,04,0 1,04,1 P5
0,03,0 0,04,0 0,05,0 0,05,1 0,05,2 V5
0,04,4 0,04,5 0,05,4 0,05,5 O4
1,05,0 1,05,1 2,04,2 2,05,1 2,05,2 N15
0,06,4 0,06,5 0,07,5 1,05,5 1,06,5 N25
1,07,4 2,05,5 2,06,4 2,06,5 2,07,4 S15
1,07,5 1,08,4 1,08,5 2,07,5 2,08,5 Q5
1,09,4 1,09,5 1,10,5 2,09,5 P4
0,09,4 0,10,4 0,10,5 1,10,3 1,10,4 S25
0,07,4 0,08,4 0,08,5 0,09,5 S4
1,08,3 1,09,3 2,09,2 2,09,3 2,09,4 T25
2,07,3 2,08,2 2,08,3 2,08,4 T4
0,07,3 0,08,3 1,06,3 1,07,3 2,06,3 W5
0,09,3 0,10,2 0,10,3 V3
0,06,2 1,05,2 1,06,2 1,07,2 2,06,2 X5
2,06,0 2,07,0 2,07,1 2,07,2 2,08,0 T5
0,06,1 1,06,0 1,06,1 1,07,1 2,06,1 T15
0,06,0 0,07,0 0,07,1 0,07,2 0,08,2 Z5
0,09,0 1,07,0 1,08,0 1,09,0 1,10,0 Y5
0,08,0 0,08,1 0,09,1 0,10,0 0,10,1 U5
1,09,1 1,10,1 1,10,2 2,09,0 2,09,1 V15
0,09,2 1,08,1 1,08,2 1,09,2 2,08,1 V25

U5  Y5          U5  V15         V3  V15         V3  S25         S25 S25         S25 P4
Y5  Y5  V15     U5  V15 V15     V25 V25 T25     V3  T25 T25     S25 P4  T25     S4  P4  P4
U5  Y5  T5      U5  V25 V25     Z5  V25 T4      W5  T25 T4      S4  Q5  T4      S4  Q5  Q5
Z5  Y5  T5      Z5  T15 T5      Z5  X5  T5      W5  W5  T4      S4  S15 S15     N25 Q5  Q5
Z5  T15 T5      T15 T15 T15     X5  X5  X5      L5  W5  W5      N25 N5  S15     N25 N25 S15
V5  N15 I3      V5  N15 N15     V5  X5  N15     L5  N5  L25     O4  N5  L25     O4  N25 S15
V5  P5  I3      L45 P5  F5      L45 L45 N15     L5  N5  L35     O4  L25 L25     O4  L4  L4
V5  P5  I3      L45 P5  F5      L5  P5  F5      L5  N5  L35     J45 J45 L25     J45 L4  I4
A5  A5  F5      L45 A5  F5      L15 L15 L35     L15 L35 L35     L15 J25 J25     J45 L4  I4
A5  A4  A4      A5  A4  B4      M   B4  B4      J15 J15 J25     L15 J15 J25     J45 J15 I4
    I5  A4          I5  B4          I5  D           I5  D           I5  J25         J15 I4

solution 5 (7,584 searches):
1,00,0 1,00,1 1,00,2 1,00,3 1,00,4 I5
1,01,0 1,01,1 2,00,0 2,01,0 A4
1,01,2 2,00,1 2,01,1 2,01,2 B4
2,00,2 2,00,3 D
0,01,0 0,01,1 0,02,0 1,02,0 1,02,1 A5
2,02,0 2,02,1 2,03,1 2,03,2 2,04,1 F5
2,03,0 2,04,0 2,05,0 I3
2,00,5 2,01,5 2,02,5 2,03,5 I4
0,01,3 1,00,5 1,01,3 1,01,4 1,01,5 J15
1,02,4 2,00,4 2,01,3 2,01,4 2,02,4 J25
0,01,5 0,02,5 0,03,4 0,03,5 1,03,4 J45
0,01,4 0,02,2 0,02,3 0,02,4 1,02,2 L15
0,01,2 M
1,02,3 2,02,2 2,02,3 2,03,3 2,04,3 L35
1,02,5 1,03,5 1,04,5 2,04,5 L4
1,04,4 2,03,4 2,04,4 2,05,3 2,05,4 L25
0,02,1 0,03,1 0,04,1 0,04,2 1,04,2 L45
0,03,2 0,03,3 0,04,3 0,05,3 0,06,3 L5
1,03,3 1,04,3 1,05,3 1,05,4 1,06,4 N5
1,03,0 1,03,1 1,03,2 1,04,0 1,04,1 P5
0,03,0 0,04,0 0,05,0 0,05,1 0,05,2 V5
0,04,4 0,04,5 0,05,4 0,05,5 O4
1,05,0 1,05,1 2,04,2 2,05,1 2,05,2 N15
0,06,4 0,06,5 0,07,5 1,05,5 1,06,5 N25
1,07,4 2,05,5 2,06,4 2,06,5 2,07,4 S15
1,07,5 1,08,4 1,08,5 2,07,5 2,08,5 Q5
1,09,4 1,09,5 1,10,5 2,09,5 P4
0,09,4 0,10,4 0,10,5 1,10,3 1,10,4 S25
0,07,4 0,08,4 0,08,5 0,09,5 S4
1,08,3 1,09,3 2,09,2 2,09,3 2,09,4 T25
2,07,3 2,08,2 2,08,3 2,08,4 T4
0,07,3 0,08,3 1,06,3 1,07,3 2,06,3 W5
0,10,0 0,10,1 0,10,2 0,10,3 1,10,2 Y5
0,08,2 0,09,2 0,09,3 1,08,1 1,08,2 V15
0,09,0 1,08,0 1,09,0 1,10,0 2,09,0 X5
0,09,1 1,09,1 1,09,2 1,10,1 2,09,1 T15
0,07,2 1,05,2 1,06,2 1,07,2 2,07,2 T5
0,06,1 0,06,2 0,07,1 0,08,0 0,08,1 Z5
1,06,1 1,07,0 1,07,1 2,06,1 2,06,2 V25
0,06,0 0,07,0 1,06,0 2,06,0 2,07,0 U5
2,07,1 2,08,0 2,08,1 V3

Y5  X5          Y5  T15         Y5  Y5          Y5  S25         S25 S25         S25 P4
X5  X5  X5      T15 T15 T15     V15 T15 T25     V15 T25 T25     S25 P4  T25     S4  P4  P4
Z5  X5  V3      Z5  V15 V3      V15 V15 T4      W5  T25 T4      S4  Q5  T4      S4  Q5  Q5
U5  V25 U5      Z5  V25 V3      T5  T5  T5      W5  W5  T4      S4  S15 S15     N25 Q5  Q5
U5  U5  U5      Z5  V25 V25     Z5  T5  V25     L5  W5  W5      N25 N5  S15     N25 N25 S15
V5  N15 I3      V5  N15 N15     V5  T5  N15     L5  N5  L25     O4  N5  L25     O4  N25 S15
V5  P5  I3      L45 P5  F5      L45 L45 N15     L5  N5  L35     O4  L25 L25     O4  L4  L4
V5  P5  I3      L45 P5  F5      L5  P5  F5      L5  N5  L35     J45 J45 L25     J45 L4  I4
A5  A5  F5      L45 A5  F5      L15 L15 L35     L15 L35 L35     L15 J25 J25     J45 L4  I4
A5  A4  A4      A5  A4  B4      M   B4  B4      J15 J15 J25     L15 J15 J25     J45 J15 I4
    I5  A4          I5  B4          I5  D           I5  D           I5  J25         J15 I4

solution 6 (8,029 searches):
1,00,0 1,00,1 1,00,2 1,00,3 1,00,4 I5
1,01,0 1,01,1 2,00,0 2,01,0 A4
1,01,2 2,00,1 2,01,1 2,01,2 B4
2,00,2 2,00,3 D
0,01,0 0,01,1 0,02,0 1,02,0 1,02,1 A5
2,02,0 2,02,1 2,03,1 2,03,2 2,04,1 F5
2,03,0 2,04,0 2,05,0 I3
2,00,5 2,01,5 2,02,5 2,03,5 I4
0,01,3 1,00,5 1,01,3 1,01,4 1,01,5 J15
1,02,4 2,00,4 2,01,3 2,01,4 2,02,4 J25
0,01,5 0,02,5 0,03,4 0,03,5 1,03,4 J45
0,01,4 0,02,2 0,02,3 0,02,4 1,02,2 L15
0,01,2 M
1,02,3 2,02,2 2,02,3 2,03,3 2,04,3 L35
1,02,5 1,03,5 1,04,5 2,04,5 L4
1,04,4 2,03,4 2,04,4 2,05,3 2,05,4 L25
0,02,1 0,03,1 0,04,1 0,04,2 1,04,2 L45
0,03,2 0,03,3 0,04,3 0,05,3 0,06,3 L5
1,03,3 1,04,3 1,05,3 1,05,4 1,06,4 N5
1,03,0 1,03,1 1,03,2 1,04,0 1,04,1 P5
0,03,0 0,04,0 0,05,0 0,05,1 0,05,2 V5
0,04,4 0,04,5 0,05,4 0,05,5 O4
1,05,0 1,05,1 2,04,2 2,05,1 2,05,2 N15
0,06,4 0,06,5 0,07,5 1,05,5 1,06,5 N25
1,07,4 2,05,5 2,06,4 2,06,5 2,07,4 S15
1,07,5 1,08,4 1,08,5 2,07,5 2,08,5 Q5
1,09,4 1,09,5 1,10,5 2,09,5 P4
0,09,4 0,10,4 0,10,5 1,10,3 1,10,4 S25
0,07,4 0,08,4 0,08,5 0,09,5 S4
1,08,3 1,09,3 2,09,2 2,09,3 2,09,4 T25
2,07,3 2,08,2 2,08,3 2,08,4 T4
0,07,3 0,08,3 1,06,3 1,07,3 2,06,3 W5
0,09,1 0,10,0 0,10,1 0,10,2 0,10,3 Y5
0,09,2 0,09,3 1,09,2 1,10,1 1,10,2 V15
0,09,0 1,09,0 1,09,1 1,10,0 2,09,0 T15
2,07,0 2,07,1 2,07,2 2,08,1 2,09,1 T5
0,06,2 1,05,2 1,06,2 1,07,2 2,06,2 X5
0,08,2 1,08,0 1,08,1 1,08,2 2,08,0 Z5
0,06,0 0,06,1 1,06,0 2,06,0 2,06,1 U5
0,07,0 0,08,0 1,06,1 1,07,0 1,07,1 V25
0,07,1 0,07,2 0,08,1 V3

Y5  T15         Y5  V15         Y5  V15         Y5  S25         S25 S25         S25 P4
T15 T15 T15     Y5  T15 T5      V15 V15 T25     V15 T25 T25     S25 P4  T25     S4  P4  P4
V25 Z5  Z5      V3  Z5  T5      Z5  Z5  T4      W5  T25 T4      S4  Q5  T4      S4  Q5  Q5
V25 V25 T5      V3  V25 T5      V3  X5  T5      W5  W5  T4      S4  S15 S15     N25 Q5  Q5
U5  U5  U5      U5  V25 U5      X5  X5  X5      L5  W5  W5      N25 N5  S15     N25 N25 S15
V5  N15 I3      V5  N15 N15     V5  X5  N15     L5  N5  L25     O4  N5  L25     O4  N25 S15
V5  P5  I3      L45 P5  F5      L45 L45 N15     L5  N5  L35     O4  L25 L25     O4  L4  L4
V5  P5  I3      L45 P5  F5      L5  P5  F5      L5  N5  L35     J45 J45 L25     J45 L4  I4
A5  A5  F5      L45 A5  F5      L15 L15 L35     L15 L35 L35     L15 J25 J25     J45 L4  I4
A5  A4  A4      A5  A4  B4      M   B4  B4      J15 J15 J25     L15 J15 J25     J45 J15 I4
    I5  A4          I5  B4          I5  D           I5  D           I5  J25         J15 I4

solution 7 (12,678 searches):
1,00,0 1,00,1 1,00,2 1,00,3 1,00,4 I5
1,01,0 1,01,1 2,00,0 2,01,0 A4
1,01,2 2,00,1 2,01,1 2,01,2 B4
2,00,2 2,00,3 D
0,01,0 0,01,1 0,02,0 1,02,0 1,02,1 A5
2,02,0 2,02,1 2,03,1 2,03,2 2,04,1 F5
2,03,0 2,04,0 2,05,0 I3
2,00,5 2,01,5 2,02,5 2,03,5 I4
0,01,3 1,00,5 1,01,3 1,01,4 1,01,5 J15
1,02,4 2,00,4 2,01,3 2,01,4 2,02,4 J25
0,01,5 0,02,5 0,03,4 0,03,5 1,03,4 J45
0,01,4 0,02,2 0,02,3 0,02,4 1,02,2 L15
0,01,2 M
1,02,3 2,02,2 2,02,3 2,03,3 2,04,3 L35
1,02,5 1,03,5 1,04,5 2,04,5 L4
1,04,4 2,03,4 2,04,4 2,05,3 2,05,4 L25
0,02,1 0,03,1 0,04,1 0,04,2 1,04,2 L45
0,03,2 0,03,3 0,04,3 0,05,3 0,06,3 L5
1,03,3 1,04,3 1,05,3 1,05,4 1,06,4 N5
1,03,0 1,03,1 1,03,2 1,04,0 1,04,1 P5
0,03,0 0,04,0 0,05,0 0,05,1 0,05,2 V5
0,04,4 0,04,5 0,05,4 0,05,5 O4
1,05,0 1,05,1 2,04,2 2,05,1 2,05,2 N15
0,06,4 0,06,5 0,07,5 1,05,5 1,06,5 N25
1,07,4 2,05,5 2,06,4 2,06,5 2,07,4 S15
1,07,5 1,08,4 1,08,5 2,07,5 2,08,5 Q5
1,09,4 1,09,5 1,10,5 2,09,5 P4
0,09,4 0,10,4 0,10,5 1,10,3 1,10,4 S25
0,07,4 0,08,4 0,08,5 0,09,5 S4
1,08,3 1,09,3 2,09,2 2,09,3 2,09,4 T25
2,06,3 2,07,3 2,08,2 2,08,3 2,08,4 T5
0,10,1 0,10,2 0,10,3 1,10,2 T4
0,09,2 0,09,3 1,09,2 V3
0,10,0 1,09,0 1,10,0 2,08,0 2,09,0 W5
0,09,1 1,08,1 1,09,1 1,10,1 2,09,1 X5
0,06,0 0,07,0 0,08,0 0,09,0 1,08,0 Y5
0,06,1 0,07,1 0,07,2 0,07,3 0,08,3 Z5
0,08,1 0,08,2 1,07,2 1,07,3 1,08,2 V15
1,06,0 1,07,0 1,07,1 2,07,1 2,08,1 V25
2,06,0 2,06,1 2,06,2 2,07,0 2,07,2 U5
0,06,2 1,05,2 1,06,1 1,06,2 1,06,3 T15

W5  W5          T4  X5          T4  T4          T4  S25         S25 S25         S25 P4
Y5  W5  W5      X5  X5  X5      V3  V3  T25     V3  T25 T25     S25 P4  T25     S4  P4  P4
Y5  Y5  W5      V15 X5  V25     V15 V15 T5      Z5  T25 T5      S4  Q5  T5      S4  Q5  Q5
Y5  V25 U5      Z5  V25 V25     Z5  V15 U5      Z5  V15 T5      S4  S15 S15     N25 Q5  Q5
Y5  V25 U5      Z5  T15 U5      T15 T15 U5      L5  T15 T5      N25 N5  S15     N25 N25 S15
V5  N15 I3      V5  N15 N15     V5  T15 N15     L5  N5  L25     O4  N5  L25     O4  N25 S15
V5  P5  I3      L45 P5  F5      L45 L45 N15     L5  N5  L35     O4  L25 L25     O4  L4  L4
V5  P5  I3      L45 P5  F5      L5  P5  F5      L5  N5  L35     J45 J45 L25     J45 L4  I4
A5  A5  F5      L45 A5  F5      L15 L15 L35     L15 L35 L35     L15 J25 J25     J45 L4  I4
A5  A4  A4      A5  A4  B4      M   B4  B4      J15 J15 J25     L15 J15 J25     J45 J15 I4
    I5  A4          I5  B4          I5  D           I5  D           I5  J25         J15 I4

solution 8 (16,402 searches):
1,00,0 1,00,1 1,00,2 1,00,3 1,00,4 I5
1,01,0 1,01,1 2,00,0 2,01,0 A4
1,01,2 2,00,1 2,01,1 2,01,2 B4
2,00,2 2,00,3 D
0,01,0 0,01,1 0,02,0 1,02,0 1,02,1 A5
2,02,0 2,02,1 2,03,1 2,03,2 2,04,1 F5
2,03,0 2,04,0 2,05,0 I3
2,00,5 2,01,5 2,02,5 2,03,5 I4
0,01,3 1,00,5 1,01,3 1,01,4 1,01,5 J15
1,02,4 2,00,4 2,01,3 2,01,4 2,02,4 J25
0,01,5 0,02,5 0,03,4 0,03,5 1,03,4 J45
0,01,4 0,02,2 0,02,3 0,02,4 1,02,2 L15
0,01,2 M
1,02,3 2,02,2 2,02,3 2,03,3 2,04,3 L35
1,02,5 1,03,5 1,04,5 2,04,5 L4
1,04,4 2,03,4 2,04,4 2,05,3 2,05,4 L25
0,02,1 0,03,1 0,04,1 0,04,2 1,04,2 L45
0,03,2 0,03,3 0,04,3 0,05,3 0,06,3 L5
1,03,3 1,04,3 1,05,3 1,05,4 1,06,4 N5
1,03,0 1,03,1 1,03,2 1,04,0 1,04,1 P5
0,03,0 0,04,0 0,05,0 0,05,1 0,05,2 V5
0,04,4 0,04,5 0,05,4 0,05,5 O4
1,05,0 1,05,1 2,04,2 2,05,1 2,05,2 N15
0,06,4 0,06,5 0,07,5 1,05,5 1,06,5 N25
1,07,4 2,05,5 2,06,4 2,06,5 2,07,4 S15
1,07,5 1,08,4 1,08,5 2,07,5 2,08,5 Q5
1,09,4 1,09,5 1,10,5 2,09,5 P4
0,09,4 0,10,4 0,10,5 1,10,3 1,10,4 S25
0,07,4 0,08,4 0,08,5 0,09,5 S4
1,08,3 1,09,3 2,09,2 2,09,3 2,09,4 T25
2,06,3 2,07,3 2,08,2 2,08,3 2,08,4 T5
0,08,3 0,09,2 0,09,3 0,10,3 T4
0,10,2 1,09,1 1,09,2 1,10,2 2,09,1 V25
0,10,1 1,09,0 1,10,0 1,10,1 2,09,0 V15
0,07,0 0,08,0 0,09,0 0,09,1 0,10,0 Y5
0,08,1 1,08,0 1,08,1 1,08,2 2,08,1 X5
2,06,2 2,07,0 2,07,1 2,07,2 2,08,0 Z5
1,05,2 1,06,1 1,06,2 1,07,0 1,07,1 W5
0,06,0 0,06,1 1,06,0 2,06,0 2,06,1 U5
0,07,3 1,06,3 1,07,3 V3
0,06,2 0,07,1 0,07,2 0,08,2 1,07,2 T15

Y5  V15         V15 V15         V25 V25         T4  S25         S25 S25         S25 P4
Y5  V15 V15     Y5  V25 V25     T4  V25 T25     T4  T25 T25     S25 P4  T25     S4  P4  P4
Y5  X5  Z5      X5  X5  X5      T15 X5  T5      T4  T25 T5      S4  Q5  T5      S4  Q5  Q5
Y5  W5  Z5      T15 W5  Z5      T15 T15 Z5      V3  V3  T5      S4  S15 S15     N25 Q5  Q5
U5  U5  U5      U5  W5  U5      T15 W5  Z5      L5  V3  T5      N25 N5  S15     N25 N25 S15
V5  N15 I3      V5  N15 N15     V5  W5  N15     L5  N5  L25     O4  N5  L25     O4  N25 S15
V5  P5  I3      L45 P5  F5      L45 L45 N15     L5  N5  L35     O4  L25 L25     O4  L4  L4
V5  P5  I3      L45 P5  F5      L5  P5  F5      L5  N5  L35     J45 J45 L25     J45 L4  I4
A5  A5  F5      L45 A5  F5      L15 L15 L35     L15 L35 L35     L15 J25 J25     J45 L4  I4
A5  A4  A4      A5  A4  B4      M   B4  B4      J15 J15 J25     L15 J15 J25     J45 J15 I4
    I5  A4          I5  B4          I5  D           I5  D           I5  J25         J15 I4

solution 9 (21,261 searches):
1,00,0 1,00,1 1,00,2 1,00,3 1,00,4 I5
1,01,0 1,01,1 2,00,0 2,01,0 A4
1,01,2 2,00,1 2,01,1 2,01,2 B4
2,00,2 2,00,3 D
0,01,0 0,01,1 0,02,0 1,02,0 1,02,1 A5
2,02,0 2,02,1 2,03,1 2,03,2 2,04,1 F5
2,03,0 2,04,0 2,05,0 I3
2,00,5 2,01,5 2,02,5 2,03,5 I4
0,01,3 1,00,5 1,01,3 1,01,4 1,01,5 J15
1,02,4 2,00,4 2,01,3 2,01,4 2,02,4 J25
0,01,5 0,02,5 0,03,4 0,03,5 1,03,4 J45
0,01,4 0,02,2 0,02,3 0,02,4 1,02,2 L15
0,01,2 M
1,02,3 2,02,2 2,02,3 2,03,3 2,04,3 L35
1,02,5 1,03,5 1,04,5 2,04,5 L4
1,04,4 2,03,4 2,04,4 2,05,3 2,05,4 L25
0,02,1 0,03,1 0,04,1 0,04,2 1,04,2 L45
0,03,2 0,03,3 0,04,3 0,05,3 0,06,3 L5
1,03,3 1,04,3 1,05,3 1,05,4 1,06,4 N5
1,03,0 1,03,1 1,03,2 1,04,0 1,04,1 P5
0,03,0 0,04,0 0,05,0 0,05,1 0,05,2 V5
0,04,4 0,04,5 0,05,4 0,05,5 O4
1,05,0 1,05,1 2,04,2 2,05,1 2,05,2 N15
0,06,4 0,06,5 0,07,5 1,05,5 1,06,5 N25
1,07,4 2,05,5 2,06,4 2,06,5 2,07,4 S15
1,07,5 1,08,4 1,08,5 2,07,5 2,08,5 Q5
1,09,4 1,09,5 1,10,5 2,09,5 P4
0,09,4 0,10,4 0,10,5 1,10,3 1,10,4 S25
0,07,4 0,08,4 0,08,5 0,09,5 S4
1,08,3 1,09,3 2,09,2 2,09,3 2,09,4 T25
2,06,3 2,07,3 2,08,2 2,08,3 2,08,4 T5
0,09,2 0,09,3 0,10,3 1,08,2 1,09,2 V25
0,10,0 0,10,1 0,10,2 1,10,0 1,10,2 U5
0,07,2 1,07,1 1,07,2 1,07,3 2,07,2 X5
0,07,3 0,08,1 0,08,2 0,08,3 0,09,1 Z5
0,08,0 0,09,0 1,09,0 1,09,1 1,10,1 V15
0,07,0 1,07,0 1,08,0 2,08,0 2,09,0 W5
1,08,1 2,06,1 2,07,1 2,08,1 2,09,1 Y5
1,06,0 2,06,0 2,07,0 V3
0,06,0 0,06,1 0,06,2 0,07,1 T4
1,05,2 1,06,1 1,06,2 1,06,3 2,06,2 T15

U5  U5          U5  V15         U5  U5          V25 S25         S25 S25         S25 P4
V15 V15 W5      Z5  V15 Y5      V25 V25 T25     V25 T25 T25     S25 P4  T25     S4  P4  P4
V15 W5  W5      Z5  Y5  Y5      Z5  V25 T5      Z5  T25 T5      S4  Q5  T5      S4  Q5  Q5
W5  W5  V3      T4  X5  Y5      X5  X5  X5      Z5  X5  T5      S4  S15 S15     N25 Q5  Q5
T4  V3  V3      T4  T15 Y5      T4  T15 T15     L5  T15 T5      N25 N5  S15     N25 N25 S15
V5  N15 I3      V5  N15 N15     V5  T15 N15     L5  N5  L25     O4  N5  L25     O4  N25 S15
V5  P5  I3      L45 P5  F5      L45 L45 N15     L5  N5  L35     O4  L25 L25     O4  L4  L4
V5  P5  I3      L45 P5  F5      L5  P5  F5      L5  N5  L35     J45 J45 L25     J45 L4  I4
A5  A5  F5      L45 A5  F5      L15 L15 L35     L15 L35 L35     L15 J25 J25     J45 L4  I4
A5  A4  A4      A5  A4  B4      M   B4  B4      J15 J15 J25     L15 J15 J25     J45 J15 I4
    I5  A4          I5  B4          I5  D           I5  D           I5  J25         J15 I4

solution 10 (22,283 searches):
1,00,0 1,00,1 1,00,2 1,00,3 1,00,4 I5
1,01,0 1,01,1 2,00,0 2,01,0 A4
1,01,2 2,00,1 2,01,1 2,01,2 B4
2,00,2 2,00,3 D
0,01,0 0,01,1 0,02,0 1,02,0 1,02,1 A5
2,02,0 2,02,1 2,03,1 2,03,2 2,04,1 F5
2,03,0 2,04,0 2,05,0 I3
2,00,5 2,01,5 2,02,5 2,03,5 I4
0,01,3 1,00,5 1,01,3 1,01,4 1,01,5 J15
1,02,4 2,00,4 2,01,3 2,01,4 2,02,4 J25
0,01,5 0,02,5 0,03,4 0,03,5 1,03,4 J45
0,01,4 0,02,2 0,02,3 0,02,4 1,02,2 L15
0,01,2 M
1,02,3 2,02,2 2,02,3 2,03,3 2,04,3 L35
1,02,5 1,03,5 1,04,5 2,04,5 L4
1,04,4 2,03,4 2,04,4 2,05,3 2,05,4 L25
0,02,1 0,03,1 0,04,1 0,04,2 1,04,2 L45
0,03,2 0,03,3 0,04,3 0,05,3 0,06,3 L5
1,03,3 1,04,3 1,05,3 1,05,4 1,06,4 N5
1,03,0 1,03,1 1,03,2 1,04,0 1,04,1 P5
0,03,0 0,04,0 0,05,0 0,05,1 0,05,2 V5
0,04,4 0,04,5 0,05,4 0,05,5 O4
1,05,0 1,05,1 2,04,2 2,05,1 2,05,2 N15
0,06,4 0,06,5 0,07,5 1,05,5 1,06,5 N25
1,07,4 2,05,5 2,06,4 2,06,5 2,07,4 S15
1,07,5 1,08,4 1,08,5 2,07,5 2,08,5 Q5
1,09,4 1,09,5 1,10,5 2,09,5 P4
0,09,4 0,10,4 0,10,5 1,10,3 1,10,4 S25
0,07,4 0,08,4 0,08,5 0,09,5 S4
1,08,3 1,09,3 2,09,2 2,09,3 2,09,4 T25
2,06,3 2,07,3 2,08,2 2,08,3 2,08,4 T5
0,09,2 0,09,3 0,10,3 1,08,2 1,09,2 V25
0,10,2 1,09,1 1,10,1 1,10,2 2,09,1 V15
0,09,1 0,10,0 0,10,1 V3
0,09,0 1,08,0 1,09,0 1,10,0 2,09,0 X5
0,06,1 0,06,2 0,07,2 0,07,3 0,08,3 W5
0,07,1 0,08,0 0,08,1 0,08,2 1,08,1 T15
2,06,1 2,06,2 2,07,1 2,08,0 2,08,1 Z5
1,07,1 1,07,2 1,07,3 2,07,2 T4
1,05,2 1,06,0 1,06,1 1,06,2 1,06,3 Y5
0,06,0 0,07,0 1,07,0 2,06,0 2,07,0 U5

V3  X5          V3  V15         V15 V15         V25 S25         S25 S25         S25 P4
X5  X5  X5      V3  V15 V15     V25 V25 T25     V25 T25 T25     S25 P4  T25     S4  P4  P4
T15 X5  Z5      T15 T15 Z5      T15 V25 T5      W5  T25 T5      S4  Q5  T5      S4  Q5  Q5
U5  U5  U5      T15 T4  Z5      W5  T4  T4      W5  T4  T5      S4  S15 S15     N25 Q5  Q5
U5  Y5  U5      W5  Y5  Z5      W5  Y5  Z5      L5  Y5  T5      N25 N5  S15     N25 N25 S15
V5  N15 I3      V5  N15 N15     V5  Y5  N15     L5  N5  L25     O4  N5  L25     O4  N25 S15
V5  P5  I3      L45 P5  F5      L45 L45 N15     L5  N5  L35     O4  L25 L25     O4  L4  L4
V5  P5  I3      L45 P5  F5      L5  P5  F5      L5  N5  L35     J45 J45 L25     J45 L4  I4
A5  A5  F5      L45 A5  F5      L15 L15 L35     L15 L35 L35     L15 J25 J25     J45 L4  I4
A5  A4  A4      A5  A4  B4      M   B4  B4      J15 J15 J25     L15 J15 J25     J45 J15 I4
    I5  A4          I5  B4          I5  D           I5  D           I5  J25         J15 I4

User-requested solution limit reached.
10 solutions, 22,283 searches, duration 0:02:08.145859
