solving Polysticks1234TruncatedDiamondLattice6x4:

solution 1 (49,312,392 searches):
2,1,0 3,0,1 3,1,0 3,1,1 X
3,0,0 4,0,0 4,0,1 5,0,1 F
5,0,0 5,1,0 6,0,1 6,1,0 H
7,1,1 I1
4,1,0 4,1,1 4,2,1 5,1,1 J
2,4,0 3,4,0 4,4,0 5,4,0 I
0,3,0 0,3,1 0,4,0 1,3,1 O
0,4,1 0,5,1 0,6,0 1,6,0 V
1,6,1 1,7,0 2,7,0 3,7,0 L
1,2,0 1,2,1 1,3,0 2,3,1 P
2,1,1 2,2,1 2,3,0 L3
2,2,0 3,2,0 3,2,1 3,3,1 T
3,3,0 4,3,0 4,3,1 5,2,1 R
4,2,0 5,2,0 I2
5,3,0 5,3,1 6,1,1 6,2,1 N
6,2,0 6,4,0 7,2,1 7,3,1 U
5,5,0 6,3,0 6,3,1 6,4,1 Z
3,6,0 4,5,0 4,5,1 5,4,1 W
4,6,0 4,6,1 5,5,1 Z3
3,5,0 4,4,1 V2
3,4,1 3,5,1 3,6,1 I3
1,4,0 1,4,1 2,4,1 U3
2,5,1 2,6,0 2,6,1 T3
0,5,0 1,5,0 1,5,1 2,5,0 Y

      -L-- -L-- -L--
     L    T    I    Z
     |    3    3    3
 -V-- -V-- -T3- -W-- -Z3-
V    Y    T    I    W    Z
|    |    3    3    |    3
 -Y-- -Y-- -Y-- -V2- -W-- -Z--
V    U    U    I    V    W    Z
|    3    3    3    2    |    |
 -O-- -U3- -I-- -I-- -I-- -I-- -U--
O    O    P    T    R    N    Z    U
|    |    |    |    |    |    |    |
 -O-- -P-- -L3- -R-- -R-- -N-- -Z--
     P    L    T    J    R    N    U
     |    3    |    |    |    |    |
      -P-- -T-- -T-- -I2- -I2- -U--
          L    X    J    J    N    I
          3    |    |    |    |    1
           -X-- -X-- -J-- -H-- -H--
               X    F    F    H
               |    |    |    |
                -F-- -F-- -H--

solution 2 (49,313,854 searches):
2,1,0 3,0,1 3,1,0 3,1,1 X
3,0,0 4,0,0 4,0,1 5,0,1 F
5,0,0 5,1,0 6,0,1 6,1,0 H
7,1,1 I1
4,1,0 4,1,1 4,2,1 5,1,1 J
2,4,0 3,4,0 4,4,0 5,4,0 I
0,3,0 0,3,1 0,4,0 1,3,1 O
0,4,1 0,5,1 0,6,0 1,6,0 V
1,6,1 1,7,0 2,7,0 3,7,0 L
1,2,0 1,2,1 1,3,0 2,3,1 P
2,1,1 2,2,1 2,3,0 3,3,1 N
2,2,0 3,2,0 I2
3,2,1 3,3,0 4,3,0 4,3,1 R
3,4,1 3,5,1 3,6,1 I3
5,5,0 6,3,0 6,3,1 6,4,1 Z
6,2,0 6,4,0 7,2,1 7,3,1 U
3,6,0 4,5,0 4,5,1 5,4,1 W
3,5,0 4,4,1 V2
4,6,0 4,6,1 5,5,1 Z3
2,5,1 2,6,0 2,6,1 T3
4,2,0 5,2,0 5,2,1 5,3,1 T
5,3,0 6,1,1 6,2,1 L3
0,5,0 1,5,0 1,5,1 2,5,0 Y
1,4,0 1,4,1 2,4,1 U3

      -L-- -L-- -L--
     L    T    I    Z
     |    3    3    3
 -V-- -V-- -T3- -W-- -Z3-
V    Y    T    I    W    Z
|    |    3    3    |    3
 -Y-- -Y-- -Y-- -V2- -W-- -Z--
V    U    U    I    V    W    Z
|    3    3    3    2    |    |
 -O-- -U3- -I-- -I-- -I-- -I-- -U--
O    O    P    N    R    T    Z    U
|    |    |    |    |    |    |    |
 -O-- -P-- -N-- -R-- -R-- -L3- -Z--
     P    N    R    J    T    L    U
     |    |    |    |    |    3    |
      -P-- -I2- -I2- -T-- -T-- -U--
          N    X    J    J    L    I
          |    |    |    |    3    1
           -X-- -X-- -J-- -H-- -H--
               X    F    F    H
               |    |    |    |
                -F-- -F-- -H--

solution 3 (51,157,490 searches):
2,1,0 3,0,1 3,1,0 3,1,1 X
3,0,0 4,0,0 4,0,1 5,0,1 F
5,0,0 5,1,0 6,0,1 6,1,0 H
7,1,1 I1
4,1,0 4,1,1 4,2,1 5,1,1 J
2,4,0 3,4,0 4,4,0 5,4,0 I
1,4,0 1,4,1 1,5,0 2,4,1 O
2,1,1 2,2,1 2,3,1 I3
0,3,0 1,2,0 1,2,1 Z3
0,3,1 0,4,0 1,3,0 1,3,1 P
2,2,0 3,2,0 I2
0,4,1 0,5,1 0,6,0 1,6,1 N
0,5,0 1,5,1 1,6,0 2,6,1 W
1,7,0 2,7,0 3,7,0 4,6,1 L
3,6,0 4,6,0 5,4,1 5,5,1 V
5,5,0 6,3,0 6,3,1 6,4,1 Z
6,2,0 6,4,0 7,2,1 7,3,1 U
5,3,0 6,1,1 6,2,1 L3
4,2,0 5,2,0 5,2,1 5,3,1 T
2,5,0 2,5,1 2,6,0 U3
3,4,1 3,5,0 3,5,1 3,6,1 Y
3,2,1 3,3,0 4,3,0 4,3,1 R
4,4,1 4,5,0 4,5,1 T3
2,3,0 3,3,1 V2

      -L-- -L-- -L--
     N    W    Y    L
     |    |    |    |
 -N-- -W-- -U3- -V-- -V--
N    W    U    Y    T    V
|    |    3    |    3    |
 -W-- -O-- -U3- -Y-- -T3- -Z--
N    O    O    Y    T    V    Z
|    |    |    |    3    |    |
 -P-- -O-- -I-- -I-- -I-- -I-- -U--
P    P    I    V    R    T    Z    U
|    |    3    2    |    |    |    |
 -Z3- -P-- -V2- -R-- -R-- -L3- -Z--
     Z    I    R    J    T    L    U
     3    3    |    |    |    3    |
      -Z3- -I2- -I2- -T-- -T-- -U--
          I    X    J    J    L    I
          3    |    |    |    3    1
           -X-- -X-- -J-- -H-- -H--
               X    F    F    H
               |    |    |    |
                -F-- -F-- -H--

solution 4 (90,179,853 searches):
2,1,0 3,0,1 3,1,0 3,1,1 X
3,0,0 4,0,0 4,0,1 5,0,1 F
5,0,0 5,1,0 6,0,1 6,1,0 H
7,1,1 I1
4,1,0 4,1,1 4,2,1 5,1,1 J
2,1,1 2,2,1 2,3,1 2,4,1 I
1,2,0 1,2,1 1,3,0 U3
2,2,0 3,2,0 3,2,1 T3
0,3,0 0,3,1 0,4,0 1,3,1 O
1,4,0 1,4,1 1,5,0 2,5,1 P
0,4,1 0,5,1 0,6,0 1,6,1 N
0,5,0 1,5,1 1,6,0 2,6,1 W
1,7,0 2,7,0 3,7,0 4,6,1 L
2,3,0 3,3,0 4,3,0 I3
4,2,0 5,2,0 I2
5,3,0 6,1,1 6,2,1 L3
6,2,0 6,4,0 7,2,1 7,3,1 U
4,4,0 5,2,1 5,3,1 5,4,0 T
5,5,0 6,3,0 6,3,1 6,4,1 Z
3,6,0 4,6,0 5,4,1 5,5,1 V
2,6,0 3,5,0 3,5,1 3,6,1 R
4,3,1 4,4,1 4,5,0 4,5,1 Y
2,5,0 3,4,0 3,4,1 Z3
2,4,0 3,3,1 V2

      -L-- -L-- -L--
     N    W    R    L
     |    |    |    |
 -N-- -W-- -R-- -V-- -V--
N    W    P    R    Y    V
|    |    |    |    |    |
 -W-- -P-- -Z3- -R-- -Y-- -Z--
N    P    I    Z    Y    V    Z
|    |    |    3    |    |    |
 -O-- -P-- -V2- -Z3- -T-- -T-- -U--
O    O    I    V    Y    T    Z    U
|    |    |    2    |    |    |    |
 -O-- -U3- -I3- -I3- -I3- -L3- -Z--
     U    I    T    J    T    L    U
     3    |    3    |    |    3    |
      -U3- -T3- -T3- -I2- -I2- -U--
          I    X    J    J    L    I
          |    |    |    |    3    1
           -X-- -X-- -J-- -H-- -H--
               X    F    F    H
               |    |    |    |
                -F-- -F-- -H--

solution 5 (90,182,481 searches):
2,1,0 3,0,1 3,1,0 3,1,1 X
3,0,0 4,0,0 4,0,1 5,0,1 F
5,0,0 5,1,0 6,0,1 6,1,0 H
7,1,1 I1
4,1,0 4,1,1 4,2,1 5,1,1 J
2,1,1 2,2,1 2,3,1 2,4,1 I
1,2,0 1,2,1 1,3,0 U3
2,2,0 3,2,0 3,2,1 T3
0,3,0 0,3,1 0,4,0 1,3,1 O
1,4,0 1,4,1 1,5,0 2,5,1 P
0,4,1 0,5,1 0,6,0 1,6,1 N
0,5,0 1,5,1 1,6,0 2,6,1 W
1,7,0 2,7,0 3,7,0 4,6,1 L
2,3,0 3,3,0 4,3,0 I3
4,2,0 5,2,0 5,2,1 5,3,1 T
5,3,0 6,1,1 6,2,1 L3
6,2,0 6,4,0 7,2,1 7,3,1 U
5,5,0 6,3,0 6,3,1 6,4,1 Z
3,6,0 4,6,0 5,4,1 5,5,1 V
4,4,0 5,4,0 I2
2,6,0 3,5,0 3,5,1 3,6,1 R
4,3,1 4,4,1 4,5,0 4,5,1 Y
2,5,0 3,4,0 3,4,1 Z3
2,4,0 3,3,1 V2

      -L-- -L-- -L--
     N    W    R    L
     |    |    |    |
 -N-- -W-- -R-- -V-- -V--
N    W    P    R    Y    V
|    |    |    |    |    |
 -W-- -P-- -Z3- -R-- -Y-- -Z--
N    P    I    Z    Y    V    Z
|    |    |    3    |    |    |
 -O-- -P-- -V2- -Z3- -I2- -I2- -U--
O    O    I    V    Y    T    Z    U
|    |    |    2    |    |    |    |
 -O-- -U3- -I3- -I3- -I3- -L3- -Z--
     U    I    T    J    T    L    U
     3    |    3    |    |    3    |
      -U3- -T3- -T3- -T-- -T-- -U--
          I    X    J    J    L    I
          |    |    |    |    3    1
           -X-- -X-- -J-- -H-- -H--
               X    F    F    H
               |    |    |    |
                -F-- -F-- -H--

solution 6 (90,856,801 searches):
2,1,0 3,0,1 3,1,0 3,1,1 X
3,0,0 4,0,0 4,0,1 5,0,1 F
5,0,0 5,1,0 6,0,1 6,1,0 H
7,1,1 I1
4,1,0 4,1,1 4,2,1 5,1,1 J
2,1,1 2,2,1 2,3,1 2,4,1 I
1,2,0 1,2,1 1,3,0 U3
2,2,0 3,2,0 3,2,1 T3
0,3,0 0,3,1 0,4,0 1,3,1 O
0,5,0 1,4,0 1,4,1 Z3
0,4,1 0,5,1 0,6,0 1,6,1 N
1,5,0 1,5,1 1,6,0 2,6,1 P
1,7,0 2,7,0 3,7,0 4,6,1 L
2,5,0 2,5,1 3,4,0 3,4,1 W
2,4,0 3,3,1 V2
2,3,0 3,3,0 4,3,0 I3
2,6,0 3,5,0 3,5,1 3,6,1 R
3,6,0 4,6,0 5,4,1 5,5,1 V
4,3,1 4,4,1 4,5,0 4,5,1 Y
5,5,0 6,3,0 6,3,1 6,4,1 Z
5,3,0 6,1,1 6,2,1 L3
6,2,0 6,4,0 7,2,1 7,3,1 U
4,2,0 5,2,0 5,2,1 5,3,1 T
4,4,0 5,4,0 I2

      -L-- -L-- -L--
     N    P    R    L
     |    |    |    |
 -N-- -P-- -R-- -V-- -V--
N    P    W    R    Y    V
|    |    |    |    |    |
 -Z3- -P-- -W-- -R-- -Y-- -Z--
N    Z    I    W    Y    V    Z
|    3    |    |    |    |    |
 -O-- -Z3- -V2- -W-- -I2- -I2- -U--
O    O    I    V    Y    T    Z    U
|    |    |    2    |    |    |    |
 -O-- -U3- -I3- -I3- -I3- -L3- -Z--
     U    I    T    J    T    L    U
     3    |    3    |    |    3    |
      -U3- -T3- -T3- -T-- -T-- -U--
          I    X    J    J    L    I
          |    |    |    |    3    1
           -X-- -X-- -J-- -H-- -H--
               X    F    F    H
               |    |    |    |
                -F-- -F-- -H--

solution 7 (90,856,803 searches):
2,1,0 3,0,1 3,1,0 3,1,1 X
3,0,0 4,0,0 4,0,1 5,0,1 F
5,0,0 5,1,0 6,0,1 6,1,0 H
7,1,1 I1
4,1,0 4,1,1 4,2,1 5,1,1 J
2,1,1 2,2,1 2,3,1 2,4,1 I
1,2,0 1,2,1 1,3,0 U3
2,2,0 3,2,0 3,2,1 T3
0,3,0 0,3,1 0,4,0 1,3,1 O
0,5,0 1,4,0 1,4,1 Z3
0,4,1 0,5,1 0,6,0 1,6,1 N
1,5,0 1,5,1 1,6,0 2,6,1 P
1,7,0 2,7,0 3,7,0 4,6,1 L
2,5,0 2,5,1 3,4,0 3,4,1 W
2,4,0 3,3,1 V2
2,3,0 3,3,0 4,3,0 I3
2,6,0 3,5,0 3,5,1 3,6,1 R
3,6,0 4,6,0 5,4,1 5,5,1 V
4,3,1 4,4,1 4,5,0 4,5,1 Y
5,5,0 6,3,0 6,3,1 6,4,1 Z
5,3,0 6,1,1 6,2,1 L3
6,2,0 6,4,0 7,2,1 7,3,1 U
4,4,0 5,2,1 5,3,1 5,4,0 T
4,2,0 5,2,0 I2

      -L-- -L-- -L--
     N    P    R    L
     |    |    |    |
 -N-- -P-- -R-- -V-- -V--
N    P    W    R    Y    V
|    |    |    |    |    |
 -Z3- -P-- -W-- -R-- -Y-- -Z--
N    Z    I    W    Y    V    Z
|    3    |    |    |    |    |
 -O-- -Z3- -V2- -W-- -T-- -T-- -U--
O    O    I    V    Y    T    Z    U
|    |    |    2    |    |    |    |
 -O-- -U3- -I3- -I3- -I3- -L3- -Z--
     U    I    T    J    T    L    U
     3    |    3    |    |    3    |
      -U3- -T3- -T3- -I2- -I2- -U--
          I    X    J    J    L    I
          |    |    |    |    3    1
           -X-- -X-- -J-- -H-- -H--
               X    F    F    H
               |    |    |    |
                -F-- -F-- -H--

solution 8 (93,430,696 searches):
2,1,0 3,0,1 3,1,0 3,1,1 X
3,0,0 4,0,0 4,0,1 5,0,1 F
5,0,0 5,1,0 6,0,1 6,1,0 H
7,1,1 I1
4,1,0 4,1,1 4,2,1 5,1,1 J
2,1,1 2,2,1 2,3,1 2,4,1 I
0,3,0 0,3,1 1,2,0 1,2,1 W
1,3,0 1,3,1 1,4,0 U3
2,2,0 3,2,0 3,2,1 T3
0,4,0 0,4,1 0,5,0 1,4,1 O
0,5,1 0,6,0 1,6,0 2,6,1 Z
1,5,0 1,5,1 2,5,0 L3
1,6,1 1,7,0 2,7,0 3,7,0 L
2,5,1 2,6,0 3,5,0 3,5,1 P
3,6,0 3,6,1 4,4,1 4,5,1 N
4,6,0 4,6,1 5,5,1 Z3
4,5,0 5,5,0 6,3,1 6,4,1 V
6,2,0 6,4,0 7,2,1 7,3,1 U
2,3,0 3,3,0 4,3,0 I3
2,4,0 3,3,1 V2
3,4,0 3,4,1 4,3,1 4,4,0 R
5,2,1 5,3,1 5,4,0 5,4,1 Y
4,2,0 5,2,0 6,1,1 6,2,1 T
5,3,0 6,3,0 I2

      -L-- -L-- -L--
     L    Z    N    Z
     |    |    |    3
 -Z-- -Z-- -P-- -N-- -Z3-
Z    L    P    P    N    Z
|    3    |    |    |    3
 -O-- -L3- -L3- -P-- -V-- -V--
O    O    I    R    N    Y    V
|    |    |    |    |    |    |
 -O-- -U3- -V2- -R-- -R-- -Y-- -U--
W    U    I    V    R    Y    V    U
|    3    |    2    |    |    |    |
 -W-- -U3- -I3- -I3- -I3- -I2- -I2-
     W    I    T    J    Y    T    U
     |    |    3    |    |    |    |
      -W-- -T3- -T3- -T-- -T-- -U--
          I    X    J    J    T    I
          |    |    |    |    |    1
           -X-- -X-- -J-- -H-- -H--
               X    F    F    H
               |    |    |    |
                -F-- -F-- -H--

solution 9 (93,430,698 searches):
2,1,0 3,0,1 3,1,0 3,1,1 X
3,0,0 4,0,0 4,0,1 5,0,1 F
5,0,0 5,1,0 6,0,1 6,1,0 H
7,1,1 I1
4,1,0 4,1,1 4,2,1 5,1,1 J
2,1,1 2,2,1 2,3,1 2,4,1 I
0,3,0 0,3,1 1,2,0 1,2,1 W
1,3,0 1,3,1 1,4,0 U3
2,2,0 3,2,0 3,2,1 T3
0,4,0 0,4,1 0,5,0 1,4,1 O
0,5,1 0,6,0 1,6,0 2,6,1 Z
1,5,0 1,5,1 2,5,0 L3
1,6,1 1,7,0 2,7,0 3,7,0 L
2,5,1 2,6,0 3,5,0 3,5,1 P
3,6,0 3,6,1 4,4,1 4,5,1 N
4,6,0 4,6,1 5,5,1 Z3
4,5,0 5,5,0 6,3,1 6,4,1 V
6,2,0 6,4,0 7,2,1 7,3,1 U
2,3,0 3,3,0 4,3,0 I3
2,4,0 3,3,1 V2
3,4,0 3,4,1 4,3,1 4,4,0 R
5,2,1 5,3,1 5,4,0 5,4,1 Y
5,3,0 6,1,1 6,2,1 6,3,0 T
4,2,0 5,2,0 I2

      -L-- -L-- -L--
     L    Z    N    Z
     |    |    |    3
 -Z-- -Z-- -P-- -N-- -Z3-
Z    L    P    P    N    Z
|    3    |    |    |    3
 -O-- -L3- -L3- -P-- -V-- -V--
O    O    I    R    N    Y    V
|    |    |    |    |    |    |
 -O-- -U3- -V2- -R-- -R-- -Y-- -U--
W    U    I    V    R    Y    V    U
|    3    |    2    |    |    |    |
 -W-- -U3- -I3- -I3- -I3- -T-- -T--
     W    I    T    J    Y    T    U
     |    |    3    |    |    |    |
      -W-- -T3- -T3- -I2- -I2- -U--
          I    X    J    J    T    I
          |    |    |    |    |    1
           -X-- -X-- -J-- -H-- -H--
               X    F    F    H
               |    |    |    |
                -F-- -F-- -H--

solution 10 (95,060,012 searches):
2,1,0 3,0,1 3,1,0 3,1,1 X
3,0,0 4,0,0 4,0,1 5,0,1 F
5,0,0 5,1,0 6,0,1 6,1,0 H
7,1,1 I1
4,1,0 4,1,1 4,2,1 5,1,1 J
2,1,1 2,2,1 2,3,1 2,4,1 I
0,3,0 1,2,0 1,2,1 Z3
0,3,1 0,4,0 1,3,0 1,3,1 P
1,4,0 1,4,1 1,5,0 U3
0,4,1 0,5,1 0,6,0 1,6,1 N
0,5,0 1,5,1 1,6,0 2,6,1 W
1,7,0 2,7,0 3,7,0 4,6,1 L
2,2,0 3,2,0 3,2,1 T3
2,5,0 2,5,1 2,6,0 3,5,1 O
3,6,0 3,6,1 4,6,0 5,5,1 Z
2,3,0 3,3,0 4,3,0 I3
2,4,0 3,3,1 3,4,1 3,5,0 R
4,5,0 5,5,0 6,3,1 6,4,1 V
6,2,0 6,4,0 7,2,1 7,3,1 U
4,4,0 4,4,1 4,5,1 L3
3,4,0 4,3,1 V2
5,2,1 5,3,1 5,4,0 5,4,1 Y
4,2,0 5,2,0 6,1,1 6,2,1 T
5,3,0 6,3,0 I2

      -L-- -L-- -L--
     N    W    Z    L
     |    |    |    |
 -N-- -W-- -O-- -Z-- -Z--
N    W    O    O    L    Z
|    |    |    |    3    |
 -W-- -U3- -O-- -R-- -V-- -V--
N    U    I    R    L    Y    V
|    3    |    |    3    |    |
 -P-- -U3- -R-- -V2- -L3- -Y-- -U--
P    P    I    R    V    Y    V    U
|    |    |    |    2    |    |    |
 -Z3- -P-- -I3- -I3- -I3- -I2- -I2-
     Z    I    T    J    Y    T    U
     3    |    3    |    |    |    |
      -Z3- -T3- -T3- -T-- -T-- -U--
          I    X    J    J    T    I
          |    |    |    |    |    1
           -X-- -X-- -J-- -H-- -H--
               X    F    F    H
               |    |    |    |
                -F-- -F-- -H--

User-requested solution limit reached.
10 solutions, 95,060,012 searches, duration 0:04:25.740555
