solving Polycubes12345OverlappingBlocks5:

solution 1 (6,110 searches):
0,0,0 0,0,1 0,0,2 0,0,3 0,0,4 I5
0,0,5 0,1,4 0,1,5 1,0,5 A4
0,1,0 0,1,1 1,1,0 1,2,0 1,2,1 A5
1,0,0 1,0,1 1,1,1 2,1,1 B4
0,1,2 0,1,3 D
1,0,2 1,0,3 1,1,3 1,1,4 1,2,3 F5
1,0,4 M
1,1,5 1,2,5 1,3,5 I3
6,6,0 6,6,1 6,6,2 6,6,3 I4
4,5,4 4,5,5 5,5,5 6,5,5 6,6,5 J15
5,5,3 5,6,3 5,6,4 5,6,5 6,6,4 J25
5,4,2 5,4,3 5,4,4 5,5,4 6,5,4 J45
4,4,2 4,5,2 5,5,2 6,5,2 6,5,3 L15
5,4,1 5,5,1 5,6,1 5,6,2 6,5,1 L25
5,4,0 5,5,0 5,6,0 6,5,0 T4
3,1,1 3,2,0 3,2,1 3,2,2 3,3,1 X5
2,1,0 2,2,0 2,3,0 2,3,1 3,3,0 L35
3,1,0 4,1,0 4,1,1 4,1,2 L4
4,2,0 4,2,1 4,2,2 5,1,0 5,2,0 L45
5,1,1 5,1,2 5,1,3 5,1,4 5,2,1 L5
3,4,0 3,4,1 4,3,0 4,4,0 5,3,0 N15
4,3,1 4,3,2 4,4,1 5,3,1 P4
1,4,0 2,4,0 2,5,0 3,5,0 4,5,0 N5
2,5,2 3,4,2 3,5,1 3,5,2 4,5,1 N25
1,3,0 1,3,1 1,3,2 1,4,1 1,4,2 P5
1,5,0 1,5,1 1,5,2 2,4,1 2,5,1 T25
1,1,2 1,2,2 2,1,2 2,2,1 2,2,2 Q5
5,2,2 5,2,3 5,3,2 5,3,3 O4
3,1,2 3,1,3 3,2,3 4,2,3 4,3,3 S15
3,1,4 4,1,3 4,1,4 4,2,4 4,2,5 S25
5,1,5 5,2,4 5,2,5 5,3,4 S4
2,2,4 3,1,5 3,2,4 3,2,5 4,1,5 V25
2,1,3 2,1,4 2,1,5 2,2,3 2,3,3 V5
1,4,3 2,3,2 2,4,2 2,4,3 3,3,2 V15
1,2,4 1,3,3 1,3,4 V3
2,2,5 2,3,4 2,3,5 2,4,5 3,3,5 T15
1,4,4 1,4,5 2,4,4 3,4,3 3,4,4 Z5
3,3,3 3,3,4 4,3,4 4,3,5 5,3,5 W5
3,4,5 4,4,3 4,4,4 4,4,5 5,4,5 T5
1,5,3 2,5,3 2,5,4 3,5,3 4,5,3 Y5
1,5,4 1,5,5 2,5,5 3,5,4 3,5,5 U5

                    T4  I4                          L25 I4                          L25 I4                          J25 I4                          J25 J25                         J25 J15
    T25 N5  N5  N5  T4  T4          T25 T25 N25 N25 L25 L25         T25 N25 N25 L15 L15 L15         Y5  Y5  Y5  Y5  J25 L15         U5  Y5  U5  J15 J45 J45         U5  U5  U5  J15 J15 J15
    N5  N5  N15 N15 T4              P5  T25 N15 P4  L25             P5  V15 N25 L15 J45             V15 V15 Z5  T5  J45             Z5  Z5  Z5  T5  J45             Z5  T15 T5  T5  T5
    P5  L35 L35 N15 N15             P5  L35 X5  P4  P4              P5  V15 V15 P4  O4              V3  V5  W5  S15 O4              V3  T15 W5  W5  S4              I3  T15 T15 W5  W5
    A5  L35 X5  L45 L45             A5  Q5  X5  L45 L5              Q5  Q5  X5  L45 O4              F5  V5  S15 S15 O4              V3  V25 V25 S25 S4              I3  T15 V25 S25 S4
A5  A5  L35 L4  L4  L45         A5  B4  B4  X5  L4  L5          D   Q5  Q5  S15 L4  L5          D   F5  V5  S15 S25 L5          A4  F5  V5  S25 S25 L5          A4  I3  V5  V25 V25 S4
I5  B4                          I5  B4                          I5  F5                          I5  F5                          I5  M                           A4  A4

solution 2 (8,338 searches):
0,0,0 0,0,1 0,0,2 0,0,3 0,0,4 I5
0,0,5 0,1,4 0,1,5 1,0,5 A4
0,1,0 0,1,1 1,1,0 1,2,0 1,2,1 A5
1,0,0 1,0,1 1,1,1 2,1,1 B4
0,1,2 0,1,3 D
1,0,2 1,0,3 1,1,3 1,1,4 1,2,3 F5
1,0,4 M
1,1,5 1,2,5 1,3,5 I3
6,6,0 6,6,1 6,6,2 6,6,3 I4
4,5,4 4,5,5 5,5,5 6,5,5 6,6,5 J15
5,5,3 5,6,3 5,6,4 5,6,5 6,6,4 J25
5,4,2 5,4,3 5,4,4 5,5,4 6,5,4 J45
4,4,2 4,5,2 5,5,2 6,5,2 6,5,3 L15
5,4,1 5,5,1 5,6,1 5,6,2 6,5,1 L25
5,4,0 5,5,0 5,6,0 6,5,0 T4
3,1,1 3,2,0 3,2,1 3,2,2 3,3,1 X5
2,1,0 2,2,0 2,3,0 2,3,1 3,3,0 L35
3,1,0 4,1,0 4,1,1 4,1,2 L4
4,2,0 4,2,1 4,2,2 5,1,0 5,2,0 L45
5,1,1 5,1,2 5,1,3 5,1,4 5,2,1 L5
3,4,0 3,4,1 4,3,0 4,4,0 5,3,0 N15
4,3,1 4,3,2 4,4,1 5,3,1 P4
1,4,0 2,4,0 2,5,0 3,5,0 4,5,0 N5
2,5,2 3,4,2 3,5,1 3,5,2 4,5,1 N25
1,3,0 1,3,1 1,3,2 1,4,1 1,4,2 P5
1,5,0 1,5,1 1,5,2 2,4,1 2,5,1 T25
1,1,2 1,2,2 2,1,2 2,2,1 2,2,2 Q5
5,2,2 5,2,3 5,3,2 5,3,3 O4
3,1,2 3,1,3 3,2,3 4,2,3 4,3,3 S15
3,1,4 4,1,3 4,1,4 4,2,4 4,2,5 S25
5,1,5 5,2,4 5,2,5 5,3,4 S4
2,2,4 3,1,5 3,2,4 3,2,5 4,1,5 V25
2,1,3 2,1,4 2,1,5 2,2,5 2,3,5 V5
3,3,3 3,3,4 4,3,4 4,3,5 5,3,5 W5
2,3,2 2,4,2 3,3,2 V3
3,4,3 4,4,3 4,4,4 4,4,5 5,4,5 Z5
1,4,5 2,4,5 3,3,5 3,4,5 3,5,5 T5
2,4,4 3,4,4 3,5,3 3,5,4 4,5,3 V15
1,5,3 1,5,5 2,5,3 2,5,4 2,5,5 U5
1,2,4 1,3,4 1,4,3 1,4,4 1,5,4 Y5
1,3,3 2,2,3 2,3,3 2,3,4 2,4,3 T15

                    T4  I4                          L25 I4                          L25 I4                          J25 I4                          J25 J25                         J25 J15
    T25 N5  N5  N5  T4  T4          T25 T25 N25 N25 L25 L25         T25 N25 N25 L15 L15 L15         U5  U5  V15 V15 J25 L15         Y5  U5  V15 J15 J45 J45         U5  U5  T5  J15 J15 J15
    N5  N5  N15 N15 T4              P5  T25 N15 P4  L25             P5  V3  N25 L15 J45             Y5  T15 Z5  Z5  J45             Y5  V15 V15 Z5  J45             T5  T5  T5  Z5  Z5
    P5  L35 L35 N15 N15             P5  L35 X5  P4  P4              P5  V3  V3  P4  O4              T15 T15 W5  S15 O4              Y5  T15 W5  W5  S4              I3  V5  T5  W5  W5
    A5  L35 X5  L45 L45             A5  Q5  X5  L45 L5              Q5  Q5  X5  L45 O4              F5  T15 S15 S15 O4              Y5  V25 V25 S25 S4              I3  V5  V25 S25 S4
A5  A5  L35 L4  L4  L45         A5  B4  B4  X5  L4  L5          D   Q5  Q5  S15 L4  L5          D   F5  V5  S15 S25 L5          A4  F5  V5  S25 S25 L5          A4  I3  V5  V25 V25 S4
I5  B4                          I5  B4                          I5  F5                          I5  F5                          I5  M                           A4  A4

solution 3 (11,253 searches):
0,0,0 0,0,1 0,0,2 0,0,3 0,0,4 I5
0,0,5 0,1,4 0,1,5 1,0,5 A4
0,1,0 0,1,1 1,1,0 1,2,0 1,2,1 A5
1,0,0 1,0,1 1,1,1 2,1,1 B4
0,1,2 0,1,3 D
1,0,2 1,0,3 1,1,3 1,1,4 1,2,3 F5
1,0,4 M
1,1,5 1,2,5 1,3,5 I3
6,6,0 6,6,1 6,6,2 6,6,3 I4
4,5,4 4,5,5 5,5,5 6,5,5 6,6,5 J15
5,5,3 5,6,3 5,6,4 5,6,5 6,6,4 J25
5,4,2 5,4,3 5,4,4 5,5,4 6,5,4 J45
4,4,2 4,5,2 5,5,2 6,5,2 6,5,3 L15
5,4,1 5,5,1 5,6,1 5,6,2 6,5,1 L25
5,4,0 5,5,0 5,6,0 6,5,0 T4
3,1,1 3,2,0 3,2,1 3,2,2 3,3,1 X5
2,1,0 2,2,0 2,3,0 2,3,1 3,3,0 L35
3,1,0 4,1,0 4,1,1 4,1,2 L4
4,2,0 4,2,1 4,2,2 5,1,0 5,2,0 L45
5,1,1 5,1,2 5,1,3 5,1,4 5,2,1 L5
3,4,0 3,4,1 4,3,0 4,4,0 5,3,0 N15
4,3,1 4,3,2 4,4,1 5,3,1 P4
1,4,0 2,4,0 2,5,0 3,5,0 4,5,0 N5
2,5,2 3,4,2 3,5,1 3,5,2 4,5,1 N25
1,3,0 1,3,1 1,3,2 1,4,1 1,4,2 P5
1,5,0 1,5,1 1,5,2 2,4,1 2,5,1 T25
1,1,2 1,2,2 2,1,2 2,2,1 2,2,2 Q5
5,2,2 5,2,3 5,3,2 5,3,3 O4
3,1,2 3,1,3 3,2,3 4,2,3 4,3,3 S15
3,1,4 4,1,3 4,1,4 4,2,4 4,2,5 S25
5,1,5 5,2,4 5,2,5 5,3,4 S4
2,1,3 2,1,4 2,1,5 3,1,5 4,1,5 V5
3,3,5 3,4,5 4,3,5 5,3,5 5,4,5 U5
3,3,3 3,3,4 4,3,4 4,4,4 4,4,5 V25
1,3,3 1,3,4 2,3,2 2,3,3 3,3,2 W5
1,4,5 2,2,5 2,3,5 2,4,5 3,2,5 Z5
1,2,4 2,2,3 2,2,4 2,3,4 3,2,4 T15
2,5,3 3,5,3 3,5,4 3,5,5 4,5,3 T5
1,4,3 2,4,2 2,4,3 3,4,3 4,4,3 Y5
1,5,5 2,4,4 2,5,4 2,5,5 3,4,4 V15
1,4,4 1,5,3 1,5,4 V3

                    T4  I4                          L25 I4                          L25 I4                          J25 I4                          J25 J25                         J25 J15
    T25 N5  N5  N5  T4  T4          T25 T25 N25 N25 L25 L25         T25 N25 N25 L15 L15 L15         V3  T5  T5  T5  J25 L15         V3  V15 T5  J15 J45 J45         V15 V15 T5  J15 J15 J15
    N5  N5  N15 N15 T4              P5  T25 N15 P4  L25             P5  Y5  N25 L15 J45             Y5  Y5  Y5  Y5  J45             V3  V15 V15 V25 J45             Z5  Z5  U5  V25 U5
    P5  L35 L35 N15 N15             P5  L35 X5  P4  P4              P5  W5  W5  P4  O4              W5  W5  V25 S15 O4              W5  T15 V25 V25 S4              I3  Z5  U5  U5  U5
    A5  L35 X5  L45 L45             A5  Q5  X5  L45 L5              Q5  Q5  X5  L45 O4              F5  T15 S15 S15 O4              T15 T15 T15 S25 S4              I3  Z5  Z5  S25 S4
A5  A5  L35 L4  L4  L45         A5  B4  B4  X5  L4  L5          D   Q5  Q5  S15 L4  L5          D   F5  V5  S15 S25 L5          A4  F5  V5  S25 S25 L5          A4  I3  V5  V5  V5  S4
I5  B4                          I5  B4                          I5  F5                          I5  F5                          I5  M                           A4  A4

solution 4 (11,261 searches):
0,0,0 0,0,1 0,0,2 0,0,3 0,0,4 I5
0,0,5 0,1,4 0,1,5 1,0,5 A4
0,1,0 0,1,1 1,1,0 1,2,0 1,2,1 A5
1,0,0 1,0,1 1,1,1 2,1,1 B4
0,1,2 0,1,3 D
1,0,2 1,0,3 1,1,3 1,1,4 1,2,3 F5
1,0,4 M
1,1,5 1,2,5 1,3,5 I3
6,6,0 6,6,1 6,6,2 6,6,3 I4
4,5,4 4,5,5 5,5,5 6,5,5 6,6,5 J15
5,5,3 5,6,3 5,6,4 5,6,5 6,6,4 J25
5,4,2 5,4,3 5,4,4 5,5,4 6,5,4 J45
4,4,2 4,5,2 5,5,2 6,5,2 6,5,3 L15
5,4,1 5,5,1 5,6,1 5,6,2 6,5,1 L25
5,4,0 5,5,0 5,6,0 6,5,0 T4
3,1,1 3,2,0 3,2,1 3,2,2 3,3,1 X5
2,1,0 2,2,0 2,3,0 2,3,1 3,3,0 L35
3,1,0 4,1,0 4,1,1 4,1,2 L4
4,2,0 4,2,1 4,2,2 5,1,0 5,2,0 L45
5,1,1 5,1,2 5,1,3 5,1,4 5,2,1 L5
3,4,0 3,4,1 4,3,0 4,4,0 5,3,0 N15
4,3,1 4,3,2 4,4,1 5,3,1 P4
1,4,0 2,4,0 2,5,0 3,5,0 4,5,0 N5
2,5,2 3,4,2 3,5,1 3,5,2 4,5,1 N25
1,3,0 1,3,1 1,3,2 1,4,1 1,4,2 P5
1,5,0 1,5,1 1,5,2 2,4,1 2,5,1 T25
1,1,2 1,2,2 2,1,2 2,2,1 2,2,2 Q5
5,2,2 5,2,3 5,3,2 5,3,3 O4
3,1,2 3,1,3 3,2,3 4,2,3 4,3,3 S15
3,1,4 4,1,3 4,1,4 4,2,4 4,2,5 S25
5,1,5 5,2,4 5,2,5 5,3,4 S4
2,1,3 2,1,4 2,1,5 3,1,5 4,1,5 V5
3,3,5 3,4,5 4,3,5 5,3,5 5,4,5 U5
3,3,3 3,3,4 4,3,4 4,4,4 4,4,5 V25
1,3,3 1,3,4 2,3,2 2,3,3 3,3,2 W5
1,4,5 2,2,5 2,3,5 2,4,5 3,2,5 Z5
1,2,4 2,2,3 2,2,4 2,3,4 3,2,4 T15
1,5,5 2,5,3 2,5,4 2,5,5 3,5,5 T5
2,4,4 3,4,4 3,5,3 3,5,4 4,5,3 V15
1,4,3 2,4,2 2,4,3 3,4,3 4,4,3 Y5
1,4,4 1,5,3 1,5,4 V3

                    T4  I4                          L25 I4                          L25 I4                          J25 I4                          J25 J25                         J25 J15
    T25 N5  N5  N5  T4  T4          T25 T25 N25 N25 L25 L25         T25 N25 N25 L15 L15 L15         V3  T5  V15 V15 J25 L15         V3  T5  V15 J15 J45 J45         T5  T5  T5  J15 J15 J15
    N5  N5  N15 N15 T4              P5  T25 N15 P4  L25             P5  Y5  N25 L15 J45             Y5  Y5  Y5  Y5  J45             V3  V15 V15 V25 J45             Z5  Z5  U5  V25 U5
    P5  L35 L35 N15 N15             P5  L35 X5  P4  P4              P5  W5  W5  P4  O4              W5  W5  V25 S15 O4              W5  T15 V25 V25 S4              I3  Z5  U5  U5  U5
    A5  L35 X5  L45 L45             A5  Q5  X5  L45 L5              Q5  Q5  X5  L45 O4              F5  T15 S15 S15 O4              T15 T15 T15 S25 S4              I3  Z5  Z5  S25 S4
A5  A5  L35 L4  L4  L45         A5  B4  B4  X5  L4  L5          D   Q5  Q5  S15 L4  L5          D   F5  V5  S15 S25 L5          A4  F5  V5  S25 S25 L5          A4  I3  V5  V5  V5  S4
I5  B4                          I5  B4                          I5  F5                          I5  F5                          I5  M                           A4  A4

solution 5 (16,959 searches):
0,0,0 0,0,1 0,0,2 0,0,3 0,0,4 I5
0,0,5 0,1,4 0,1,5 1,0,5 A4
0,1,0 0,1,1 1,1,0 1,2,0 1,2,1 A5
1,0,0 1,0,1 1,1,1 2,1,1 B4
0,1,2 0,1,3 D
1,0,2 1,0,3 1,1,3 1,1,4 1,2,3 F5
1,0,4 M
1,1,5 1,2,5 1,3,5 I3
6,6,0 6,6,1 6,6,2 6,6,3 I4
4,5,4 4,5,5 5,5,5 6,5,5 6,6,5 J15
5,5,3 5,6,3 5,6,4 5,6,5 6,6,4 J25
5,4,2 5,4,3 5,4,4 5,5,4 6,5,4 J45
4,4,2 4,5,2 5,5,2 6,5,2 6,5,3 L15
5,4,1 5,5,1 5,6,1 5,6,2 6,5,1 L25
5,4,0 5,5,0 5,6,0 6,5,0 T4
3,1,1 3,2,0 3,2,1 3,2,2 3,3,1 X5
2,1,0 2,2,0 2,3,0 2,3,1 3,3,0 L35
3,1,0 4,1,0 4,1,1 4,1,2 L4
4,2,0 4,2,1 4,2,2 5,1,0 5,2,0 L45
5,1,1 5,1,2 5,1,3 5,1,4 5,2,1 L5
3,4,0 3,4,1 4,3,0 4,4,0 5,3,0 N15
4,3,1 4,3,2 4,4,1 5,3,1 P4
1,4,0 2,4,0 2,5,0 3,5,0 4,5,0 N5
2,5,2 3,4,2 3,5,1 3,5,2 4,5,1 N25
1,3,0 1,3,1 1,3,2 1,4,1 1,4,2 P5
1,5,0 1,5,1 1,5,2 2,4,1 2,5,1 T25
1,1,2 1,2,2 2,1,2 2,2,1 2,2,2 Q5
5,2,2 5,2,3 5,3,2 5,3,3 O4
3,1,2 3,1,3 3,2,3 4,2,3 4,3,3 S15
3,1,4 4,1,3 4,1,4 4,2,4 4,2,5 S25
5,1,5 5,2,4 5,2,5 5,3,4 S4
2,1,3 2,1,4 2,1,5 3,1,5 4,1,5 V5
2,3,5 3,2,5 3,3,5 4,3,5 5,3,5 Y5
3,4,5 4,4,3 4,4,4 4,4,5 5,4,5 T5
2,5,5 3,5,3 3,5,4 3,5,5 4,5,3 Z5
3,2,4 3,3,3 3,3,4 3,4,4 4,3,4 T15
2,3,2 2,4,2 3,3,2 V3
1,2,4 1,3,3 1,3,4 2,2,4 2,2,5 V25
2,2,3 2,3,3 2,3,4 2,4,4 2,4,5 W5
1,5,4 2,4,3 2,5,3 2,5,4 3,4,3 V15
1,4,3 1,4,4 1,4,5 1,5,3 1,5,5 U5

                    T4  I4                          L25 I4                          L25 I4                          J25 I4                          J25 J25                         J25 J15
    T25 N5  N5  N5  T4  T4          T25 T25 N25 N25 L25 L25         T25 N25 N25 L15 L15 L15         U5  V15 Z5  Z5  J25 L15         V15 V15 Z5  J15 J45 J45         U5  Z5  Z5  J15 J15 J15
    N5  N5  N15 N15 T4              P5  T25 N15 P4  L25             P5  V3  N25 L15 J45             U5  V15 V15 T5  J45             U5  W5  T15 T5  J45             U5  W5  T5  T5  T5
    P5  L35 L35 N15 N15             P5  L35 X5  P4  P4              P5  V3  V3  P4  O4              V25 W5  T15 S15 O4              V25 W5  T15 T15 S4              I3  Y5  Y5  Y5  Y5
    A5  L35 X5  L45 L45             A5  Q5  X5  L45 L5              Q5  Q5  X5  L45 O4              F5  W5  S15 S15 O4              V25 V25 T15 S25 S4              I3  V25 Y5  S25 S4
A5  A5  L35 L4  L4  L45         A5  B4  B4  X5  L4  L5          D   Q5  Q5  S15 L4  L5          D   F5  V5  S15 S25 L5          A4  F5  V5  S25 S25 L5          A4  I3  V5  V5  V5  S4
I5  B4                          I5  B4                          I5  F5                          I5  F5                          I5  M                           A4  A4

solution 6 (25,812 searches):
0,0,0 0,0,1 0,0,2 0,0,3 0,0,4 I5
0,0,5 0,1,4 0,1,5 1,0,5 A4
0,1,0 0,1,1 1,1,0 1,2,0 1,2,1 A5
1,0,0 1,0,1 1,1,1 2,1,1 B4
0,1,2 0,1,3 D
1,0,2 1,0,3 1,1,3 1,1,4 1,2,3 F5
1,0,4 M
1,1,5 1,2,5 1,3,5 I3
6,6,0 6,6,1 6,6,2 6,6,3 I4
4,5,4 4,5,5 5,5,5 6,5,5 6,6,5 J15
5,5,3 5,6,3 5,6,4 5,6,5 6,6,4 J25
5,4,2 5,4,3 5,4,4 5,5,4 6,5,4 J45
4,4,2 4,5,2 5,5,2 6,5,2 6,5,3 L15
5,4,1 5,5,1 5,6,1 5,6,2 6,5,1 L25
5,4,0 5,5,0 5,6,0 6,5,0 T4
3,1,1 3,2,0 3,2,1 3,2,2 3,3,1 X5
2,1,0 2,2,0 2,3,0 2,3,1 3,3,0 L35
3,1,0 4,1,0 4,1,1 4,1,2 L4
4,2,0 4,2,1 4,2,2 5,1,0 5,2,0 L45
5,1,1 5,1,2 5,1,3 5,1,4 5,2,1 L5
3,4,0 3,4,1 4,3,0 4,4,0 5,3,0 N15
4,3,1 4,3,2 4,4,1 5,3,1 P4
1,4,0 2,4,0 2,5,0 3,5,0 4,5,0 N5
2,5,2 3,4,2 3,5,1 3,5,2 4,5,1 N25
1,3,0 1,3,1 1,3,2 1,4,1 1,4,2 P5
1,5,0 1,5,1 1,5,2 2,4,1 2,5,1 T25
1,1,2 1,2,2 2,1,2 2,2,1 2,2,2 Q5
5,2,2 5,2,3 5,3,2 5,3,3 O4
3,1,2 3,1,3 3,2,3 4,2,3 4,3,3 S15
3,1,4 4,1,3 4,1,4 4,2,4 4,2,5 S25
5,1,5 5,2,4 5,2,5 5,3,4 S4
2,1,5 2,2,5 2,3,5 3,1,5 4,1,5 V5
3,4,5 3,5,5 4,4,5 5,3,5 5,4,5 Z5
4,3,4 4,3,5 4,4,3 4,4,4 4,5,3 W5
2,1,3 2,1,4 2,2,4 3,2,4 3,2,5 V15
3,3,2 3,3,3 3,3,4 3,3,5 3,4,3 Y5
1,2,4 1,3,4 1,4,3 1,4,4 1,4,5 T5
1,3,3 2,2,3 2,3,2 2,3,3 2,3,4 T15
2,4,2 2,4,3 2,5,3 V3
1,5,3 1,5,4 2,5,4 3,5,3 3,5,4 U5
1,5,5 2,4,4 2,4,5 2,5,5 3,4,4 V25

                    T4  I4                          L25 I4                          L25 I4                          J25 I4                          J25 J25                         J25 J15
    T25 N5  N5  N5  T4  T4          T25 T25 N25 N25 L25 L25         T25 N25 N25 L15 L15 L15         U5  V3  U5  W5  J25 L15         U5  U5  U5  J15 J45 J45         V25 V25 Z5  J15 J15 J15
    N5  N5  N15 N15 T4              P5  T25 N15 P4  L25             P5  V3  N25 L15 J45             T5  V3  Y5  W5  J45             T5  V25 V25 W5  J45             T5  V25 Z5  Z5  Z5
    P5  L35 L35 N15 N15             P5  L35 X5  P4  P4              P5  T15 Y5  P4  O4              T15 T15 Y5  S15 O4              T5  T15 Y5  W5  S4              I3  V5  Y5  W5  Z5
    A5  L35 X5  L45 L45             A5  Q5  X5  L45 L5              Q5  Q5  X5  L45 O4              F5  T15 S15 S15 O4              T5  V15 V15 S25 S4              I3  V5  V15 S25 S4
A5  A5  L35 L4  L4  L45         A5  B4  B4  X5  L4  L5          D   Q5  Q5  S15 L4  L5          D   F5  V15 S15 S25 L5          A4  F5  V15 S25 S25 L5          A4  I3  V5  V5  V5  S4
I5  B4                          I5  B4                          I5  F5                          I5  F5                          I5  M                           A4  A4

solution 7 (25,835 searches):
0,0,0 0,0,1 0,0,2 0,0,3 0,0,4 I5
0,0,5 0,1,4 0,1,5 1,0,5 A4
0,1,0 0,1,1 1,1,0 1,2,0 1,2,1 A5
1,0,0 1,0,1 1,1,1 2,1,1 B4
0,1,2 0,1,3 D
1,0,2 1,0,3 1,1,3 1,1,4 1,2,3 F5
1,0,4 M
1,1,5 1,2,5 1,3,5 I3
6,6,0 6,6,1 6,6,2 6,6,3 I4
4,5,4 4,5,5 5,5,5 6,5,5 6,6,5 J15
5,5,3 5,6,3 5,6,4 5,6,5 6,6,4 J25
5,4,2 5,4,3 5,4,4 5,5,4 6,5,4 J45
4,4,2 4,5,2 5,5,2 6,5,2 6,5,3 L15
5,4,1 5,5,1 5,6,1 5,6,2 6,5,1 L25
5,4,0 5,5,0 5,6,0 6,5,0 T4
3,1,1 3,2,0 3,2,1 3,2,2 3,3,1 X5
2,1,0 2,2,0 2,3,0 2,3,1 3,3,0 L35
3,1,0 4,1,0 4,1,1 4,1,2 L4
4,2,0 4,2,1 4,2,2 5,1,0 5,2,0 L45
5,1,1 5,1,2 5,1,3 5,1,4 5,2,1 L5
3,4,0 3,4,1 4,3,0 4,4,0 5,3,0 N15
4,3,1 4,3,2 4,4,1 5,3,1 P4
1,4,0 2,4,0 2,5,0 3,5,0 4,5,0 N5
2,5,2 3,4,2 3,5,1 3,5,2 4,5,1 N25
1,3,0 1,3,1 1,3,2 1,4,1 1,4,2 P5
1,5,0 1,5,1 1,5,2 2,4,1 2,5,1 T25
1,1,2 1,2,2 2,1,2 2,2,1 2,2,2 Q5
5,2,2 5,2,3 5,3,2 5,3,3 O4
3,1,2 3,1,3 3,2,3 4,2,3 4,3,3 S15
3,1,4 4,1,3 4,1,4 4,2,4 4,2,5 S25
5,1,5 5,2,4 5,2,5 5,3,4 S4
2,1,5 2,2,5 2,3,5 3,1,5 4,1,5 V5
3,4,5 3,5,5 4,4,5 5,3,5 5,4,5 Z5
4,3,4 4,3,5 4,4,3 4,4,4 4,5,3 W5
2,1,3 2,1,4 2,2,4 3,2,4 3,2,5 V15
3,3,2 3,3,3 3,3,4 3,3,5 3,4,4 Y5
1,2,4 1,3,4 1,4,3 1,4,4 1,4,5 T5
2,4,2 2,4,3 3,4,3 3,5,3 3,5,4 V25
1,3,3 2,2,3 2,3,2 2,3,3 2,3,4 T15
1,5,3 1,5,4 1,5,5 2,5,3 2,5,5 U5
2,4,4 2,4,5 2,5,4 V3

                    T4  I4                          L25 I4                          L25 I4                          J25 I4                          J25 J25                         J25 J15
    T25 N5  N5  N5  T4  T4          T25 T25 N25 N25 L25 L25         T25 N25 N25 L15 L15 L15         U5  U5  V25 W5  J25 L15         U5  V3  V25 J15 J45 J45         U5  U5  Z5  J15 J15 J15
    N5  N5  N15 N15 T4              P5  T25 N15 P4  L25             P5  V25 N25 L15 J45             T5  V25 V25 W5  J45             T5  V3  Y5  W5  J45             T5  V3  Z5  Z5  Z5
    P5  L35 L35 N15 N15             P5  L35 X5  P4  P4              P5  T15 Y5  P4  O4              T15 T15 Y5  S15 O4              T5  T15 Y5  W5  S4              I3  V5  Y5  W5  Z5
    A5  L35 X5  L45 L45             A5  Q5  X5  L45 L5              Q5  Q5  X5  L45 O4              F5  T15 S15 S15 O4              T5  V15 V15 S25 S4              I3  V5  V15 S25 S4
A5  A5  L35 L4  L4  L45         A5  B4  B4  X5  L4  L5          D   Q5  Q5  S15 L4  L5          D   F5  V15 S15 S25 L5          A4  F5  V15 S25 S25 L5          A4  I3  V5  V5  V5  S4
I5  B4                          I5  B4                          I5  F5                          I5  F5                          I5  M                           A4  A4

solution 8 (25,844 searches):
0,0,0 0,0,1 0,0,2 0,0,3 0,0,4 I5
0,0,5 0,1,4 0,1,5 1,0,5 A4
0,1,0 0,1,1 1,1,0 1,2,0 1,2,1 A5
1,0,0 1,0,1 1,1,1 2,1,1 B4
0,1,2 0,1,3 D
1,0,2 1,0,3 1,1,3 1,1,4 1,2,3 F5
1,0,4 M
1,1,5 1,2,5 1,3,5 I3
6,6,0 6,6,1 6,6,2 6,6,3 I4
4,5,4 4,5,5 5,5,5 6,5,5 6,6,5 J15
5,5,3 5,6,3 5,6,4 5,6,5 6,6,4 J25
5,4,2 5,4,3 5,4,4 5,5,4 6,5,4 J45
4,4,2 4,5,2 5,5,2 6,5,2 6,5,3 L15
5,4,1 5,5,1 5,6,1 5,6,2 6,5,1 L25
5,4,0 5,5,0 5,6,0 6,5,0 T4
3,1,1 3,2,0 3,2,1 3,2,2 3,3,1 X5
2,1,0 2,2,0 2,3,0 2,3,1 3,3,0 L35
3,1,0 4,1,0 4,1,1 4,1,2 L4
4,2,0 4,2,1 4,2,2 5,1,0 5,2,0 L45
5,1,1 5,1,2 5,1,3 5,1,4 5,2,1 L5
3,4,0 3,4,1 4,3,0 4,4,0 5,3,0 N15
4,3,1 4,3,2 4,4,1 5,3,1 P4
1,4,0 2,4,0 2,5,0 3,5,0 4,5,0 N5
2,5,2 3,4,2 3,5,1 3,5,2 4,5,1 N25
1,3,0 1,3,1 1,3,2 1,4,1 1,4,2 P5
1,5,0 1,5,1 1,5,2 2,4,1 2,5,1 T25
1,1,2 1,2,2 2,1,2 2,2,1 2,2,2 Q5
5,2,2 5,2,3 5,3,2 5,3,3 O4
3,1,2 3,1,3 3,2,3 4,2,3 4,3,3 S15
3,1,4 4,1,3 4,1,4 4,2,4 4,2,5 S25
5,1,5 5,2,4 5,2,5 5,3,4 S4
2,1,5 2,2,5 2,3,5 3,1,5 4,1,5 V5
3,4,5 3,5,5 4,4,5 5,3,5 5,4,5 Z5
4,3,4 4,3,5 4,4,3 4,4,4 4,5,3 W5
2,1,3 2,1,4 2,2,4 3,2,4 3,2,5 V15
3,3,2 3,3,3 3,3,4 3,3,5 3,4,4 Y5
1,2,4 1,3,4 1,4,3 1,4,4 1,4,5 T5
2,4,4 2,4,5 2,5,4 3,5,3 3,5,4 V25
1,5,3 1,5,4 1,5,5 2,5,3 2,5,5 U5
2,4,2 2,4,3 3,4,3 V3
1,3,3 2,2,3 2,3,2 2,3,3 2,3,4 T15

                    T4  I4                          L25 I4                          L25 I4                          J25 I4                          J25 J25                         J25 J15
    T25 N5  N5  N5  T4  T4          T25 T25 N25 N25 L25 L25         T25 N25 N25 L15 L15 L15         U5  U5  V25 W5  J25 L15         U5  V25 V25 J15 J45 J45         U5  U5  Z5  J15 J15 J15
    N5  N5  N15 N15 T4              P5  T25 N15 P4  L25             P5  V3  N25 L15 J45             T5  V3  V3  W5  J45             T5  V25 Y5  W5  J45             T5  V25 Z5  Z5  Z5
    P5  L35 L35 N15 N15             P5  L35 X5  P4  P4              P5  T15 Y5  P4  O4              T15 T15 Y5  S15 O4              T5  T15 Y5  W5  S4              I3  V5  Y5  W5  Z5
    A5  L35 X5  L45 L45             A5  Q5  X5  L45 L5              Q5  Q5  X5  L45 O4              F5  T15 S15 S15 O4              T5  V15 V15 S25 S4              I3  V5  V15 S25 S4
A5  A5  L35 L4  L4  L45         A5  B4  B4  X5  L4  L5          D   Q5  Q5  S15 L4  L5          D   F5  V15 S15 S25 L5          A4  F5  V15 S25 S25 L5          A4  I3  V5  V5  V5  S4
I5  B4                          I5  B4                          I5  F5                          I5  F5                          I5  M                           A4  A4

solution 9 (29,516 searches):
0,0,0 0,0,1 0,0,2 0,0,3 0,0,4 I5
0,0,5 0,1,4 0,1,5 1,0,5 A4
0,1,0 0,1,1 1,1,0 1,2,0 1,2,1 A5
1,0,0 1,0,1 1,1,1 2,1,1 B4
0,1,2 0,1,3 D
1,0,2 1,0,3 1,1,3 1,1,4 1,2,3 F5
1,0,4 M
1,1,5 1,2,5 1,3,5 I3
6,6,0 6,6,1 6,6,2 6,6,3 I4
4,5,4 4,5,5 5,5,5 6,5,5 6,6,5 J15
5,5,3 5,6,3 5,6,4 5,6,5 6,6,4 J25
5,4,2 5,4,3 5,4,4 5,5,4 6,5,4 J45
4,4,2 4,5,2 5,5,2 6,5,2 6,5,3 L15
5,4,1 5,5,1 5,6,1 5,6,2 6,5,1 L25
5,4,0 5,5,0 5,6,0 6,5,0 T4
3,1,1 3,2,0 3,2,1 3,2,2 3,3,1 X5
2,1,0 2,2,0 2,3,0 2,3,1 3,3,0 L35
3,1,0 4,1,0 4,1,1 4,1,2 L4
4,2,0 4,2,1 4,2,2 5,1,0 5,2,0 L45
5,1,1 5,1,2 5,1,3 5,1,4 5,2,1 L5
3,4,0 3,4,1 4,3,0 4,4,0 5,3,0 N15
4,3,1 4,3,2 4,4,1 5,3,1 P4
1,4,0 2,4,0 2,5,0 3,5,0 4,5,0 N5
2,5,2 3,4,2 3,5,1 3,5,2 4,5,1 N25
1,3,0 1,3,1 1,3,2 1,4,1 1,4,2 P5
1,5,0 1,5,1 1,5,2 2,4,1 2,5,1 T25
1,1,2 1,2,2 2,1,2 2,2,1 2,2,2 Q5
5,2,2 5,2,3 5,3,2 5,3,3 O4
3,1,2 3,1,3 3,2,3 4,2,3 4,3,3 S15
3,1,4 4,1,3 4,1,4 4,2,4 4,2,5 S25
3,1,5 3,2,5 4,1,5 5,1,5 5,2,5 U5
5,2,4 5,3,4 5,3,5 5,4,5 S4
2,1,3 2,1,4 2,1,5 2,2,3 2,3,3 V5
1,4,3 1,5,3 2,3,2 2,4,2 2,4,3 V15
1,2,4 1,3,3 1,3,4 2,2,4 2,2,5 V25
3,3,2 3,3,3 3,4,3 3,5,3 3,5,4 Z5
4,3,4 4,3,5 4,4,3 4,4,4 4,5,3 W5
2,3,4 3,2,4 3,3,4 3,3,5 3,4,4 T15
1,5,5 2,5,3 2,5,4 2,5,5 3,5,5 T5
1,4,5 2,3,5 2,4,5 3,4,5 4,4,5 Y5
1,4,4 1,5,4 2,4,4 V3

                    T4  I4                          L25 I4                          L25 I4                          J25 I4                          J25 J25                         J25 J15
    T25 N5  N5  N5  T4  T4          T25 T25 N25 N25 L25 L25         T25 N25 N25 L15 L15 L15         V15 T5  Z5  W5  J25 L15         V3  T5  Z5  J15 J45 J45         T5  T5  T5  J15 J15 J15
    N5  N5  N15 N15 T4              P5  T25 N15 P4  L25             P5  V15 N25 L15 J45             V15 V15 Z5  W5  J45             V3  V3  T15 W5  J45             Y5  Y5  Y5  Y5  S4
    P5  L35 L35 N15 N15             P5  L35 X5  P4  P4              P5  V15 Z5  P4  O4              V25 V5  Z5  S15 O4              V25 T15 T15 W5  S4              I3  Y5  T15 W5  S4
    A5  L35 X5  L45 L45             A5  Q5  X5  L45 L5              Q5  Q5  X5  L45 O4              F5  V5  S15 S15 O4              V25 V25 T15 S25 S4              I3  V25 U5  S25 U5
A5  A5  L35 L4  L4  L45         A5  B4  B4  X5  L4  L5          D   Q5  Q5  S15 L4  L5          D   F5  V5  S15 S25 L5          A4  F5  V5  S25 S25 L5          A4  I3  V5  U5  U5  U5
I5  B4                          I5  B4                          I5  F5                          I5  F5                          I5  M                           A4  A4

solution 10 (30,393 searches):
0,0,0 0,0,1 0,0,2 0,0,3 0,0,4 I5
0,0,5 0,1,4 0,1,5 1,0,5 A4
0,1,0 0,1,1 1,1,0 1,2,0 1,2,1 A5
1,0,0 1,0,1 1,1,1 2,1,1 B4
0,1,2 0,1,3 D
1,0,2 1,0,3 1,1,3 1,1,4 1,2,3 F5
1,0,4 M
1,1,5 1,2,5 1,3,5 I3
6,6,0 6,6,1 6,6,2 6,6,3 I4
4,5,4 4,5,5 5,5,5 6,5,5 6,6,5 J15
5,5,3 5,6,3 5,6,4 5,6,5 6,6,4 J25
5,4,2 5,4,3 5,4,4 5,5,4 6,5,4 J45
4,4,2 4,5,2 5,5,2 6,5,2 6,5,3 L15
5,4,1 5,5,1 5,6,1 5,6,2 6,5,1 L25
5,4,0 5,5,0 5,6,0 6,5,0 T4
3,1,1 3,2,0 3,2,1 3,2,2 3,3,1 X5
2,1,0 2,2,0 2,3,0 2,3,1 3,3,0 L35
3,1,0 4,1,0 4,1,1 4,1,2 L4
4,2,0 4,2,1 4,2,2 5,1,0 5,2,0 L45
5,1,1 5,1,2 5,1,3 5,1,4 5,2,1 L5
3,4,0 3,4,1 4,3,0 4,4,0 5,3,0 N15
4,3,1 4,3,2 4,4,1 5,3,1 P4
1,4,0 2,4,0 2,5,0 3,5,0 4,5,0 N5
2,5,2 3,4,2 3,5,1 3,5,2 4,5,1 N25
1,3,0 1,3,1 1,3,2 1,4,1 1,4,2 P5
1,5,0 1,5,1 1,5,2 2,4,1 2,5,1 T25
1,1,2 1,2,2 2,1,2 2,2,1 2,2,2 Q5
5,2,2 5,2,3 5,3,2 5,3,3 O4
3,1,2 3,1,3 3,2,3 4,2,3 4,3,3 S15
3,1,4 4,1,3 4,1,4 4,2,4 4,2,5 S25
3,1,5 3,2,5 4,1,5 5,1,5 5,2,5 U5
5,2,4 5,3,4 5,3,5 5,4,5 S4
2,1,3 2,1,4 2,1,5 2,2,3 2,3,3 V5
1,4,3 2,3,2 2,4,2 2,4,3 3,3,2 V15
1,3,3 1,3,4 1,4,4 1,5,4 1,5,5 Z5
1,2,4 2,2,4 2,2,5 2,3,4 3,2,4 T15
1,5,3 2,5,3 2,5,4 3,5,4 3,5,5 W5
2,3,5 3,3,3 3,3,4 3,3,5 4,3,5 T5
2,4,4 3,4,3 3,4,4 3,5,3 4,5,3 V25
1,4,5 2,4,5 2,5,5 3,4,5 4,4,5 Y5
4,3,4 4,4,3 4,4,4 V3

                    T4  I4                          L25 I4                          L25 I4                          J25 I4                          J25 J25                         J25 J15
    T25 N5  N5  N5  T4  T4          T25 T25 N25 N25 L25 L25         T25 N25 N25 L15 L15 L15         W5  W5  V25 V25 J25 L15         Z5  W5  W5  J15 J45 J45         Z5  Y5  W5  J15 J15 J15
    N5  N5  N15 N15 T4              P5  T25 N15 P4  L25             P5  V15 N25 L15 J45             V15 V15 V25 V3  J45             Z5  V25 V25 V3  J45             Y5  Y5  Y5  Y5  S4
    P5  L35 L35 N15 N15             P5  L35 X5  P4  P4              P5  V15 V15 P4  O4              Z5  V5  T5  S15 O4              Z5  T15 T5  V3  S4              I3  T5  T5  T5  S4
    A5  L35 X5  L45 L45             A5  Q5  X5  L45 L5              Q5  Q5  X5  L45 O4              F5  V5  S15 S15 O4              T15 T15 T15 S25 S4              I3  T15 U5  S25 U5
A5  A5  L35 L4  L4  L45         A5  B4  B4  X5  L4  L5          D   Q5  Q5  S15 L4  L5          D   F5  V5  S15 S25 L5          A4  F5  V5  S25 S25 L5          A4  I3  V5  U5  U5  U5
I5  B4                          I5  B4                          I5  F5                          I5  F5                          I5  M                           A4  A4

User-requested solution limit reached.
10 solutions, 30,393 searches, duration 0:00:10.245055
