solving SolidPentominoes5x5x4Steps:

solution 1:
0,0,0 0,0,1 0,0,2 0,0,3 0,0,4 I
1,0,1 1,1,0 1,1,1 1,1,2 1,2,1 X
1,0,0 2,0,0 2,1,0 3,1,0 3,2,0 W
1,0,2 2,0,2 3,0,0 3,0,1 3,0,2 V
1,0,3 1,0,4 2,0,4 3,0,3 3,0,4 U
0,1,3 1,1,3 2,0,3 2,1,3 3,1,3 Y
0,2,2 1,2,2 2,1,2 2,2,2 3,1,2 N
3,1,1 3,2,1 3,2,2 3,3,0 3,3,1 F
1,3,1 2,0,1 2,1,1 2,2,1 2,3,1 L
1,2,0 2,2,0 2,3,0 2,4,0 3,4,0 Z
0,1,0 0,1,1 0,1,2 0,2,1 0,3,1 T
0,2,0 0,3,0 0,4,0 1,3,0 1,4,0 P

P P Z Z
P P Z F     T L L F
P Z Z W     T X L F     N N N F
T X W W     T X L F     T X N N     Y Y Y Y
I W W V     I X L V     I V V V     I U Y U     I U U U

solution 2:
0,0,0 0,0,1 0,0,2 0,0,3 0,0,4 I
2,0,1 2,1,0 2,1,1 2,1,2 2,2,1 X
1,0,0 1,0,1 1,0,2 2,0,0 2,0,2 U
1,0,3 1,0,4 2,0,3 2,0,4 3,0,4 P
0,1,3 1,1,1 1,1,2 1,1,3 2,1,3 T
0,1,1 0,1,2 0,2,0 0,2,1 0,3,1 F
0,1,0 1,1,0 1,2,0 2,2,0 2,3,0 W
0,2,2 1,2,1 1,2,2 2,2,2 3,2,2 Y
0,3,0 1,3,0 1,3,1 2,3,1 3,3,1 N
0,4,0 1,4,0 2,4,0 3,3,0 3,4,0 L
3,0,0 3,0,1 3,0,2 3,1,0 3,2,0 V
3,0,3 3,1,1 3,1,2 3,1,3 3,2,1 Z

L L L L
N N W L     F N N N
F W W V     F Y X Z     Y Y Y Y
W W X V     F T X Z     F T X Z     T T T Z
I U U V     I U X V     I U U V     I P P Z     I P P P

solution 3:
0,0,0 0,0,1 0,0,2 0,0,3 0,0,4 I
2,0,1 2,1,0 2,1,1 2,1,2 2,2,1 X
1,0,0 2,0,0 3,0,0 3,1,0 3,2,0 V
0,4,0 1,4,0 2,4,0 3,3,0 3,4,0 L
0,3,0 1,3,0 1,3,1 2,3,1 3,3,1 N
0,1,0 1,1,0 1,2,0 2,2,0 2,3,0 W
0,1,1 0,1,2 0,2,0 0,2,1 0,3,1 F
0,2,2 1,2,1 1,2,2 2,2,2 3,2,2 Y
0,1,3 1,1,1 1,1,2 1,1,3 2,1,3 T
3,0,3 3,1,1 3,1,2 3,1,3 3,2,1 Z
1,0,1 1,0,2 2,0,2 3,0,1 3,0,2 U
1,0,3 1,0,4 2,0,3 2,0,4 3,0,4 P

L L L L
N N W L     F N N N
F W W V     F Y X Z     Y Y Y Y
W W X V     F T X Z     F T X Z     T T T Z
I V V V     I U X U     I U U U     I P P Z     I P P P

solution 4:
0,0,0 0,0,1 0,0,2 0,0,3 0,0,4 I
2,0,1 2,1,0 2,1,1 2,1,2 2,2,1 X
0,1,0 0,2,0 1,0,0 1,1,0 2,0,0 W
0,1,1 0,2,1 0,2,2 0,3,0 0,3,1 F
0,1,2 1,1,2 1,2,2 2,2,2 3,2,2 N
0,1,3 1,1,3 2,0,3 2,1,3 3,1,3 Y
0,4,0 1,2,0 1,3,0 1,4,0 2,2,0 Z
2,3,0 2,4,0 3,2,0 3,3,0 3,4,0 P
3,1,0 3,1,1 3,1,2 3,2,1 3,3,1 T
1,0,2 2,0,2 3,0,0 3,0,1 3,0,2 V
1,0,1 1,1,1 1,2,1 1,3,1 2,3,1 L
1,0,3 1,0,4 2,0,4 3,0,3 3,0,4 U

Z Z P P
F Z P P     F L L T
W Z Z P     F L X T     F N N N
W W X T     F L X T     N N X T     Y Y Y Y
I W W V     I L X V     I V V V     I U Y U     I U U U

solution 5:
0,0,0 0,0,1 0,0,2 0,0,3 0,0,4 I
3,0,1 3,1,0 3,1,1 3,1,2 3,2,1 X
1,0,0 2,0,0 2,1,0 2,2,0 3,0,0 T
1,4,0 2,4,0 3,2,0 3,3,0 3,4,0 V
0,2,1 0,2,2 0,3,0 0,3,1 0,4,0 W
0,2,0 1,1,0 1,2,0 1,3,0 2,3,0 F
1,2,1 1,3,1 2,2,1 2,3,1 3,3,1 P
0,1,2 1,1,2 1,2,2 2,2,2 3,2,2 N
0,1,0 0,1,1 1,1,1 2,1,1 2,1,2 Z
0,1,3 1,1,3 2,0,3 2,1,3 3,1,3 Y
1,0,1 1,0,2 1,0,3 1,0,4 2,0,1 L
2,0,2 2,0,4 3,0,2 3,0,3 3,0,4 U

W V V V
W F F V     W P P P
F F T V     W P P X     W N N N
Z F T X     Z Z Z X     N N Z X     Y Y Y Y
I T T T     I L L X     I L U U     I L Y U     I L U U

solution 6:
0,0,0 0,0,1 0,0,2 0,0,3 0,0,4 I
0,1,1 0,2,0 0,2,1 0,2,2 0,3,1 X
0,3,0 0,4,0 1,4,0 2,4,0 3,4,0 L
0,1,3 1,1,3 2,0,3 2,1,3 3,0,3 N
1,0,2 1,0,3 1,0,4 2,0,4 3,0,4 V
0,1,0 0,1,2 1,1,0 1,1,1 1,1,2 U
3,0,1 3,1,1 3,1,2 3,1,3 3,2,2 F
1,0,0 1,0,1 2,0,1 2,0,2 3,0,2 W
2,2,0 3,0,0 3,1,0 3,2,0 3,3,0 Y
2,0,0 2,1,0 2,1,1 2,1,2 2,2,2 Z
1,2,0 1,2,1 1,2,2 2,2,1 3,2,1 T
1,3,0 1,3,1 2,3,0 2,3,1 3,3,1 P

L L L L
L P P Y     X P P P
X T Y Y     X T T T     X T Z F
U U Z Y     X U Z F     U U Z F     N N N F
I W Z Y     I W W F     I V W W     I V N N     I V V V

solution 7:
0,0,0 0,0,1 0,0,2 0,0,3 0,0,4 I
0,1,1 0,2,0 0,2,1 0,2,2 0,3,1 X
0,3,0 0,4,0 1,4,0 2,4,0 3,4,0 L
0,1,2 0,1,3 1,1,3 2,1,2 2,1,3 U
1,0,2 1,0,3 1,0,4 1,1,2 1,2,2 V
2,0,3 2,0,4 3,0,2 3,0,3 3,0,4 P
1,0,0 2,0,0 2,0,1 2,0,2 3,0,0 T
2,1,0 2,2,0 2,2,1 2,2,2 2,3,1 F
0,1,0 1,1,0 1,2,0 1,3,0 2,3,0 Z
1,0,1 1,1,1 1,2,1 1,3,1 2,1,1 Y
3,0,1 3,1,0 3,1,1 3,2,0 3,3,0 N
3,1,2 3,1,3 3,2,1 3,2,2 3,3,1 W

L L L L
L Z Z N     X Y F W
X Z F N     X Y F W     X V F W
Z Z F N     X Y Y N     U V U W     U U U W
I T T T     I Y T N     I V T P     I V P P     I V P P

solution 8:
0,0,0 0,0,1 0,0,2 0,0,3 0,0,4 I
0,1,1 0,2,0 0,2,1 0,2,2 0,3,1 X
0,3,0 0,4,0 1,4,0 2,4,0 3,4,0 L
0,1,3 1,1,3 2,0,3 2,1,3 3,1,3 Y
1,0,2 1,0,3 1,0,4 2,0,4 3,0,4 V
3,0,2 3,0,3 3,1,1 3,1,2 3,2,1 W
1,3,1 2,1,1 2,2,1 2,3,1 3,3,1 T
0,1,2 1,1,2 2,1,2 2,2,2 3,2,2 N
1,0,0 1,0,1 1,1,1 1,2,1 1,2,2 Z
2,0,0 2,0,1 2,0,2 3,0,0 3,0,1 P
0,1,0 1,1,0 1,2,0 1,3,0 2,2,0 F
2,1,0 2,3,0 3,1,0 3,2,0 3,3,0 U

L L L L
L F U U     X T T T
X F F U     X Z T W     X Z N N
F F U U     X Z T W     N N N W     Y Y Y Y
I Z P P     I Z P P     I V P W     I V Y W     I V V V

solution 9:
0,0,0 0,0,1 0,0,2 0,0,3 0,0,4 I
0,1,1 0,2,0 0,2,1 0,2,2 0,3,1 X
0,4,0 1,4,0 2,4,0 3,3,0 3,4,0 L
0,3,0 1,3,0 1,3,1 2,3,1 3,3,1 N
0,1,0 1,1,0 1,2,0 2,2,0 2,3,0 W
0,1,3 1,1,3 2,0,3 2,1,3 3,1,3 Y
1,0,2 1,0,3 1,0,4 2,0,4 3,0,4 V
0,1,2 1,1,2 2,0,2 2,1,2 2,2,2 T
1,0,0 1,0,1 1,1,1 1,2,1 1,2,2 Z
3,0,2 3,0,3 3,1,1 3,1,2 3,2,2 F
2,0,0 2,0,1 2,1,0 2,1,1 2,2,1 P
3,0,0 3,0,1 3,1,0 3,2,0 3,2,1 U

L L L L
N N W L     X N N N
X W W U     X Z P U     X Z T F
W W P U     X Z P F     T T T F     Y Y Y Y
I Z P U     I Z P U     I V T F     I V Y F     I V V V

solution 10:
0,0,0 0,0,1 0,0,2 0,0,3 0,0,4 I
0,1,1 0,2,0 0,2,1 0,2,2 0,3,1 X
0,4,0 1,4,0 2,4,0 3,3,0 3,4,0 L
0,3,0 1,3,0 1,3,1 2,3,1 3,3,1 N
0,1,0 1,1,0 1,2,0 2,2,0 2,3,0 W
0,1,3 1,1,3 2,0,3 2,1,3 3,1,3 Y
1,0,2 1,0,3 1,0,4 2,0,4 3,0,4 V
0,1,2 1,1,2 2,0,2 2,1,2 2,2,2 T
1,0,0 1,0,1 1,1,1 1,2,1 1,2,2 Z
3,0,2 3,0,3 3,1,1 3,1,2 3,2,2 F
2,0,0 2,1,0 3,0,0 3,1,0 3,2,0 P
2,0,1 2,1,1 2,2,1 3,0,1 3,2,1 U

L L L L
N N W L     X N N N
X W W P     X Z U U     X Z T F
W W P P     X Z U F     T T T F     Y Y Y Y
I Z P P     I Z U U     I V T F     I V Y F     I V V V

solution 11:
0,0,0 0,0,1 0,0,2 0,0,3 0,0,4 I
0,1,1 0,2,0 0,2,1 0,2,2 0,3,1 X
0,3,0 0,4,0 1,4,0 2,3,0 2,4,0 U
2,1,0 3,1,0 3,2,0 3,3,0 3,4,0 L
0,1,0 1,1,0 1,2,0 1,3,0 2,2,0 F
0,1,3 1,1,3 2,0,3 2,1,3 3,1,3 Y
1,0,2 1,0,3 1,0,4 2,0,4 3,0,4 V
0,1,2 1,1,2 2,1,2 2,2,2 3,2,2 N
1,0,0 1,0,1 1,1,1 1,2,1 1,2,2 Z
3,0,2 3,0,3 3,1,1 3,1,2 3,2,1 W
2,0,0 2,0,1 2,0,2 3,0,0 3,0,1 P
1,3,1 2,1,1 2,2,1 2,3,1 3,3,1 T

U U U L
U F U L     X T T T
X F F L     X Z T W     X Z N N
F F L L     X Z T W     N N N W     Y Y Y Y
I Z P P     I Z P P     I V P W     I V Y W     I V V V

solution 12:
0,0,0 0,0,1 0,0,2 0,0,3 0,0,4 I
1,1,1 1,2,0 1,2,1 1,2,2 1,3,1 X
0,1,1 0,1,2 0,2,1 0,2,2 0,3,1 P
0,1,3 1,1,2 1,1,3 2,1,3 3,1,3 Y
0,4,0 1,4,0 2,4,0 3,3,0 3,4,0 L
0,3,0 1,3,0 2,3,0 2,3,1 3,3,1 N
0,1,0 0,2,0 1,0,0 1,1,0 2,1,0 F
2,0,0 2,2,0 3,0,0 3,1,0 3,2,0 U
1,0,1 2,0,1 2,1,1 3,1,1 3,2,1 W
2,0,2 2,0,3 2,1,2 2,2,1 2,2,2 Z
3,0,1 3,0,2 3,0,3 3,1,2 3,2,2 T
1,0,2 1,0,3 1,0,4 2,0,4 3,0,4 V

L L L L
N N N L     P X N N
F X U U     P X Z W     P X Z T
F F F U     P X W W     P Y Z T     Y Y Y Y
I F U U     I W W T     I V Z T     I V Z T     I V V V

solution 13:
0,0,0 0,0,1 0,0,2 0,0,3 0,0,4 I
2,1,1 2,2,0 2,2,1 2,2,2 2,3,1 X
3,2,0 3,2,1 3,3,0 3,3,1 3,4,0 P
0,3,0 0,4,0 1,4,0 2,3,0 2,4,0 U
0,1,1 0,1,2 0,2,0 0,2,1 0,3,1 F
0,2,2 1,1,2 1,2,2 2,0,2 2,1,2 W
3,0,0 3,1,0 3,1,1 3,1,2 3,2,2 Z
0,1,0 1,1,0 1,2,0 1,3,0 2,1,0 T
2,0,0 2,0,1 3,0,1 3,0,2 3,0,3 N
1,0,2 1,0,3 1,0,4 2,0,4 3,0,4 V
1,0,0 1,0,1 1,1,1 1,2,1 1,3,1 L
0,1,3 1,1,3 2,0,3 2,1,3 3,1,3 Y

U U U P
U T U P     F L X P
F T X P     F L X P     W W X Z
T T T Z     F L X Z     F W W Z     Y Y Y Y
I L N Z     I L N N     I V W N     I V Y N     I V V V

solution 14:
0,0,0 0,0,1 0,0,2 0,0,3 0,0,4 I
2,1,1 2,2,0 2,2,1 2,2,2 2,3,1 X
3,2,1 3,2,2 3,3,0 3,3,1 3,4,0 W
3,0,0 3,1,0 3,1,1 3,1,2 3,2,0 T
0,4,0 1,3,0 1,4,0 2,3,0 2,4,0 P
0,1,2 0,2,0 0,2,1 0,2,2 0,3,0 Z
0,1,1 0,3,1 1,1,1 1,2,1 1,3,1 U
0,1,0 1,1,0 1,2,0 2,0,0 2,1,0 F
0,1,3 1,1,3 2,1,2 2,1,3 3,1,3 Y
1,0,2 1,0,3 1,0,4 1,1,2 1,2,2 V
1,0,0 1,0,1 2,0,1 2,0,2 2,0,3 N
2,0,4 3,0,1 3,0,2 3,0,3 3,0,4 L

P P P W
Z P P W     U U X W
Z F X T     Z U X W     Z V X W
F F F T     U U X T     Z V Y T     Y Y Y Y
I N F T     I N N L     I V N L     I V N L     I V L L

solution 15:
0,0,0 0,0,1 0,0,2 0,0,3 0,0,4 I
2,1,1 2,2,0 2,2,1 2,2,2 2,3,1 X
3,2,1 3,2,2 3,3,0 3,3,1 3,4,0 W
3,0,0 3,1,0 3,1,1 3,1,2 3,2,0 T
0,4,0 1,3,0 1,4,0 2,3,0 2,4,0 P
0,1,2 0,2,0 0,2,1 0,2,2 0,3,0 Z
0,1,1 0,3,1 1,1,1 1,2,1 1,3,1 U
0,1,0 1,1,0 1,2,0 2,0,0 2,1,0 F
0,1,3 1,1,3 2,1,2 2,1,3 3,1,3 Y
1,0,0 1,0,1 1,0,2 1,1,2 1,2,2 V
1,0,3 1,0,4 2,0,1 2,0,2 2,0,3 N
2,0,4 3,0,1 3,0,2 3,0,3 3,0,4 L

P P P W
Z P P W     U U X W
Z F X T     Z U X W     Z V X W
F F F T     U U X T     Z V Y T     Y Y Y Y
I V F T     I V N L     I V N L     I N N L     I N L L

solution 16:
0,0,0 0,0,1 0,0,2 0,0,3 0,0,4 I
3,1,1 3,2,0 3,2,1 3,2,2 3,3,1 X
0,4,0 1,4,0 2,4,0 3,3,0 3,4,0 L
1,0,4 2,0,2 2,0,3 2,0,4 3,0,4 T
1,0,3 1,1,3 2,1,3 3,0,3 3,1,3 U
1,1,2 2,1,2 2,2,2 3,0,2 3,1,2 F
1,0,1 1,0,2 2,0,1 3,0,0 3,0,1 Z
1,2,0 1,2,1 1,2,2 1,3,0 1,3,1 P
0,1,1 1,1,1 2,1,1 2,2,1 2,3,1 V
0,1,0 0,2,0 0,3,0 1,0,0 1,1,0 N
0,1,2 0,1,3 0,2,1 0,2,2 0,3,1 W
2,0,0 2,1,0 2,2,0 2,3,0 3,1,0 Y

L L L L
N P Y L     W P V X
N P Y X     W P V X     W P F X
N N Y Y     V V V X     W F F F     W U U U
I N Y Z     I Z Z Z     I Z T F     I U T U     I T T T

solution 17:
0,0,0 0,0,1 0,0,2 0,0,3 0,0,4 I
3,1,1 3,2,0 3,2,1 3,2,2 3,3,1 X
2,2,0 2,3,0 2,4,0 3,3,0 3,4,0 P
0,2,1 0,2,2 0,3,0 0,3,1 0,4,0 W
0,1,0 0,2,0 1,2,0 1,3,0 1,4,0 N
1,0,0 1,1,0 2,0,0 3,0,0 3,1,0 U
0,1,1 1,0,1 1,1,1 1,2,1 1,3,1 Y
2,1,0 2,1,1 2,1,2 2,2,1 2,3,1 T
0,1,3 1,1,3 2,1,3 3,1,2 3,1,3 L
0,1,2 1,0,2 1,1,2 1,2,2 2,2,2 F
1,0,3 2,0,1 2,0,2 2,0,3 3,0,1 Z
1,0,4 2,0,4 3,0,2 3,0,3 3,0,4 V

W N P P
W N P P     W Y T X
N N P X     W Y T X     W F F X
N U T U     Y Y T X     F F T L     L L L L
I U U U     I Y Z Z     I F Z V     I Z Z V     I V V V

solution 18:
0,0,0 0,0,1 0,0,2 0,0,3 0,0,4 I
3,1,1 3,2,0 3,2,1 3,2,2 3,3,1 X
0,4,0 1,3,0 1,4,0 2,4,0 3,4,0 Y
0,3,1 1,3,1 2,3,0 2,3,1 3,3,0 N
0,1,0 0,1,1 0,1,2 0,2,0 0,3,0 V
0,1,3 1,1,3 2,1,3 3,1,2 3,1,3 L
0,2,1 0,2,2 1,2,1 1,2,2 2,2,2 P
1,0,2 1,1,0 1,1,1 1,1,2 1,2,0 Z
1,0,0 2,0,0 2,1,0 2,2,0 3,1,0 F
1,0,1 2,0,1 3,0,0 3,0,1 3,0,2 T
2,0,2 2,0,3 2,1,1 2,1,2 2,2,1 W
1,0,3 1,0,4 2,0,4 3,0,3 3,0,4 U

Y Y Y Y
V Y N N     N N N X
V Z F X     P P W X     P P P X
V Z F F     V Z W X     V Z W L     L L L L
I F F T     I T T T     I Z W T     I U W U     I U U U

solution 19:
0,0,0 0,0,1 0,0,2 0,0,3 0,0,4 I
1,0,2 1,1,1 1,1,2 1,1,3 1,2,2 X
0,1,1 0,1,2 0,1,3 0,2,1 0,2,2 P
1,0,3 1,0,4 2,0,4 3,0,3 3,0,4 U
0,3,1 1,3,0 1,3,1 2,3,1 3,3,1 Y
0,2,0 0,3,0 0,4,0 1,4,0 2,4,0 V
1,2,0 2,2,0 2,3,0 3,3,0 3,4,0 W
1,2,1 2,2,1 3,2,0 3,2,1 3,2,2 T
1,0,0 1,0,1 2,0,1 3,0,1 3,0,2 Z
2,0,2 2,0,3 2,1,1 2,1,2 2,2,2 F
0,1,0 1,1,0 2,0,0 2,1,0 3,0,0 N
2,1,3 3,1,0 3,1,1 3,1,2 3,1,3 L

V V V W
V Y W W     Y Y Y Y
V W W T     P T T T     P X F T
N N N L     P X F L     P X F L     P X L L
I Z N N     I Z Z Z     I X F Z     I U F U     I U U U

solution 20:
0,0,0 0,0,1 0,0,2 0,0,3 0,0,4 I
1,0,2 1,1,1 1,1,2 1,1,3 1,2,2 X
0,1,1 0,1,2 0,1,3 0,2,1 0,2,2 P
1,0,3 1,0,4 2,0,4 3,0,3 3,0,4 U
0,3,1 1,2,1 1,3,1 2,3,1 3,3,1 Y
1,0,0 1,0,1 2,0,1 3,0,1 3,0,2 Z
2,0,2 2,0,3 2,1,1 2,1,2 2,2,2 F
2,1,3 3,1,0 3,1,1 3,1,2 3,1,3 L
0,1,0 1,1,0 2,0,0 2,1,0 3,0,0 N
1,2,0 2,2,0 2,2,1 3,2,1 3,2,2 W
0,2,0 0,3,0 0,4,0 1,3,0 2,3,0 T
1,4,0 2,4,0 3,2,0 3,3,0 3,4,0 V

T V V V
T T T V     Y Y Y Y
T W W V     P Y W W     P X F W
N N N L     P X F L     P X F L     P X L L
I Z N N     I Z Z Z     I X F Z     I U F U     I U U U

solution 21:
0,0,0 0,0,1 0,0,2 0,0,3 0,0,4 I
1,0,2 1,1,1 1,1,2 1,1,3 1,2,2 X
0,1,1 0,1,2 0,1,3 0,2,1 0,2,2 P
1,0,3 1,0,4 2,0,4 3,0,3 3,0,4 U
0,3,1 1,2,1 1,3,1 2,3,1 3,3,1 Y
1,0,0 1,0,1 2,0,1 3,0,1 3,0,2 Z
2,0,2 2,0,3 2,1,1 2,1,2 2,2,2 F
2,1,3 3,1,0 3,1,1 3,1,2 3,1,3 L
0,1,0 1,1,0 2,0,0 2,1,0 3,0,0 N
1,2,0 2,2,0 2,2,1 3,2,1 3,2,2 W
1,3,0 2,3,0 3,2,0 3,3,0 3,4,0 T
0,2,0 0,3,0 0,4,0 1,4,0 2,4,0 V

V V V T
V T T T     Y Y Y Y
V W W T     P Y W W     P X F W
N N N L     P X F L     P X F L     P X L L
I Z N N     I Z Z Z     I X F Z     I U F U     I U U U

solution 22:
0,0,0 0,0,1 0,0,2 0,0,3 0,0,4 I
1,0,2 1,1,1 1,1,2 1,1,3 1,2,2 X
0,1,0 0,1,1 0,1,2 0,1,3 0,2,2 Y
1,0,3 1,0,4 2,0,4 3,0,3 3,0,4 U
0,2,1 0,3,1 1,3,1 2,3,1 3,3,1 L
3,0,2 3,1,2 3,1,3 3,2,1 3,2,2 F
0,2,0 1,2,0 1,2,1 2,2,1 2,2,2 W
2,1,1 2,1,2 2,1,3 3,1,0 3,1,1 N
1,0,1 2,0,1 2,0,2 2,0,3 3,0,1 T
1,0,0 1,1,0 2,0,0 2,1,0 3,0,0 P
0,3,0 0,4,0 1,3,0 2,2,0 2,3,0 Z
1,4,0 2,4,0 3,2,0 3,3,0 3,4,0 V

Z V V V
Z Z Z V     L L L L
W W Z V     L W W F     Y X W F
Y P P N     Y X N N     Y X N F     Y X N F
I P P P     I T T T     I X T F     I U T U     I U U U

solution 23:
0,0,0 0,0,1 0,0,2 0,0,3 0,0,4 I
3,0,2 3,1,1 3,1,2 3,1,3 3,2,2 X
2,0,2 2,0,3 2,0,4 3,0,3 3,0,4 P
1,0,3 1,0,4 1,1,2 1,1,3 1,2,2 W
1,0,0 1,0,1 1,0,2 2,0,1 3,0,1 T
0,1,1 0,1,2 0,1,3 1,1,1 2,1,1 V
2,1,2 2,1,3 2,2,0 2,2,1 2,2,2 N
0,1,0 0,2,0 0,2,1 0,2,2 0,3,1 F
2,0,0 3,0,0 3,1,0 3,2,0 3,3,0 L
0,3,0 1,1,0 1,2,0 1,3,0 2,1,0 Z
1,2,1 1,3,1 2,3,1 3,2,1 3,3,1 U
0,4,0 1,4,0 2,3,0 2,4,0 3,4,0 Y

Y Y Y Y
Z Z Y L     F U U U
F Z N L     F U N U     F W N X
F Z Z L     V V V X     V W N X     V W N X
I T L L     I T T T     I T P X     I W P P     I W P P

solution 24:
0,0,0 0,0,1 0,0,2 0,0,3 0,0,4 I
3,0,2 3,1,1 3,1,2 3,1,3 3,2,2 X
1,0,3 1,0,4 2,0,4 3,0,3 3,0,4 U
1,0,1 1,0,2 2,0,1 3,0,0 3,0,1 Z
2,0,2 2,0,3 2,1,1 2,1,2 2,2,2 F
1,1,0 1,1,1 1,1,2 1,1,3 2,1,3 L
1,0,0 2,0,0 2,1,0 3,1,0 3,2,0 W
0,1,1 0,1,2 0,1,3 0,2,1 0,3,1 V
0,2,2 1,2,1 1,2,2 2,2,1 3,2,1 N
1,3,1 2,3,0 2,3,1 3,3,0 3,3,1 P
0,4,0 1,3,0 1,4,0 2,4,0 3,4,0 Y
0,1,0 0,2,0 0,3,0 1,2,0 2,2,0 T

Y Y Y Y
T Y P P     V P P P
T T T W     V N N N     N N F X
T L W W     V L F X     V L F X     V L L X
I W W Z     I Z Z Z     I Z F X     I U F U     I U U U

solution 25:
0,0,0 0,0,1 0,0,2 0,0,3 0,0,4 I
3,0,2 3,1,1 3,1,2 3,1,3 3,2,2 X
1,0,3 1,0,4 2,0,4 3,0,3 3,0,4 U
1,0,1 1,0,2 2,0,1 3,0,0 3,0,1 Z
2,0,2 2,0,3 2,1,1 2,1,2 2,2,2 F
0,1,1 0,1,2 0,1,3 1,1,3 2,1,3 V
1,0,0 1,1,0 1,1,1 1,1,2 1,2,0 T
0,1,0 0,2,0 0,2,1 0,3,0 0,4,0 Y
0,2,2 1,2,1 1,2,2 2,2,0 2,2,1 W
2,0,0 2,1,0 3,1,0 3,2,0 3,3,0 N
0,3,1 1,3,1 2,3,1 3,2,1 3,3,1 L
1,3,0 1,4,0 2,3,0 2,4,0 3,4,0 P

Y P P P
Y P P N     L L L L
Y T W N     Y W W L     W W F X
Y T N N     V T F X     V T F X     V V V X
I T N Z     I Z Z Z     I Z F X     I U F U     I U U U

solution 26:
0,0,0 0,0,1 0,0,2 0,0,3 0,0,4 I
3,0,2 3,1,1 3,1,2 3,1,3 3,2,2 X
1,0,2 1,0,3 1,0,4 2,0,4 3,0,4 V
0,1,3 1,1,3 2,0,3 2,1,3 3,0,3 N
1,0,1 2,0,1 2,0,2 3,0,0 3,0,1 F
2,2,0 3,1,0 3,2,0 3,3,0 3,4,0 Y
0,1,0 0,2,0 1,0,0 1,1,0 2,0,0 W
0,1,1 0,1,2 1,1,1 2,1,0 2,1,1 Z
0,2,2 1,1,2 1,2,2 2,1,2 2,2,2 P
0,4,0 1,2,0 1,3,0 1,4,0 2,4,0 T
0,3,0 0,3,1 1,3,1 2,3,0 2,3,1 U
0,2,1 1,2,1 2,2,1 3,2,1 3,3,1 L

T T T Y
U T U Y     U U U L
W T Y Y     L L L L     P P P X
W W Z Y     Z Z Z X     Z P P X     N N N X
I W W F     I F F F     I V F X     I V N N     I V V V

solution 27:
0,0,0 0,0,1 0,0,2 0,0,3 0,0,4 I
3,0,2 3,1,1 3,1,2 3,1,3 3,2,2 X
1,0,2 1,0,3 1,0,4 2,0,4 3,0,4 V
0,1,3 1,1,3 2,0,3 2,1,3 3,0,3 N
1,0,1 2,0,1 2,0,2 3,0,0 3,0,1 F
0,4,0 1,3,0 1,4,0 2,4,0 3,4,0 Y
1,2,0 2,2,0 3,1,0 3,2,0 3,3,0 T
0,1,0 0,2,0 1,0,0 1,1,0 2,0,0 W
0,3,0 0,3,1 1,3,1 2,3,0 2,3,1 U
0,1,1 0,1,2 1,1,1 2,1,0 2,1,1 Z
0,2,1 1,2,1 2,2,1 3,2,1 3,3,1 L
0,2,2 1,1,2 1,2,2 2,1,2 2,2,2 P

Y Y Y Y
U Y U T     U U U L
W T T T     L L L L     P P P X
W W Z T     Z Z Z X     Z P P X     N N N X
I W W F     I F F F     I V F X     I V N N     I V V V

solution 28:
0,0,0 0,0,1 0,0,2 0,0,3 0,0,4 I
3,0,2 3,1,1 3,1,2 3,1,3 3,2,2 X
1,0,2 1,0,3 1,0,4 2,0,4 3,0,4 V
0,1,3 1,1,3 2,0,3 2,1,3 3,0,3 N
1,0,1 2,0,0 2,0,1 3,0,0 3,0,1 P
0,2,2 1,1,2 1,2,2 2,0,2 2,1,2 W
0,1,0 0,1,1 0,1,2 1,1,1 2,1,1 T
0,2,1 1,2,1 2,2,1 2,2,2 3,2,1 Y
1,0,0 1,1,0 2,1,0 3,1,0 3,2,0 Z
0,3,1 1,3,1 2,3,1 3,3,0 3,3,1 L
1,3,0 2,2,0 2,3,0 2,4,0 3,4,0 F
0,2,0 0,3,0 0,4,0 1,2,0 1,4,0 U

U U F F
U F F L     L L L L
U U F Z     Y Y Y Y     W W Y X
T Z Z Z     T T T X     T W W X     N N N X
I Z P P     I P P P     I V W X     I V N N     I V V V

solution 29:
0,0,0 0,0,1 0,0,2 0,0,3 0,0,4 I
3,0,2 3,1,1 3,1,2 3,1,3 3,2,2 X
1,0,2 1,0,3 1,0,4 2,0,4 3,0,4 V
0,1,3 1,1,3 2,0,3 2,1,3 3,0,3 N
3,0,0 3,0,1 3,1,0 3,2,0 3,2,1 U
0,3,0 0,4,0 1,4,0 2,4,0 3,4,0 L
1,3,0 2,1,0 2,2,0 2,3,0 3,3,0 T
0,1,0 0,2,0 1,0,0 1,1,0 2,0,0 W
0,3,1 1,3,1 2,2,1 2,3,1 3,3,1 Y
0,1,2 0,2,2 1,1,2 2,0,2 2,1,2 Z
0,2,1 1,2,0 1,2,1 1,2,2 2,2,2 F
0,1,1 1,0,1 1,1,1 2,0,1 2,1,1 P

L L L L
L T T T     Y Y Y Y
W F T U     F F Y U     Z F F X
W W T U     P P P X     Z Z Z X     N N N X
I W W U     I P P U     I V Z X     I V N N     I V V V

solution 30:
0,0,0 0,0,1 0,0,2 0,0,3 0,0,4 I
3,0,2 3,1,1 3,1,2 3,1,3 3,2,2 X
1,0,2 1,0,3 1,0,4 2,0,4 3,0,4 V
0,1,3 1,1,3 2,0,3 2,1,3 3,0,3 N
1,0,0 1,0,1 2,0,0 3,0,0 3,0,1 U
2,0,1 2,0,2 2,1,0 2,1,1 2,2,1 F
0,3,1 1,3,1 2,3,1 3,2,1 3,3,1 L
2,2,0 2,3,0 3,1,0 3,2,0 3,3,0 P
0,4,0 1,3,0 1,4,0 2,4,0 3,4,0 Y
0,1,0 1,1,0 1,1,1 1,1,2 2,1,2 Z
0,2,2 1,2,0 1,2,1 1,2,2 2,2,2 T
0,1,1 0,1,2 0,2,0 0,2,1 0,3,0 W

Y Y Y Y
W Y P P     L L L L
W T P P     W T F L     T T T X
Z Z F P     W Z F X     W Z Z X     N N N X
I U U U     I U F U     I V F X     I V N N     I V V V

solution 31:
0,0,0 0,0,1 0,0,2 0,0,3 0,0,4 I
3,0,2 3,1,1 3,1,2 3,1,3 3,2,2 X
1,0,2 1,0,3 1,0,4 2,0,4 3,0,4 V
0,1,3 1,1,3 2,0,3 2,1,3 3,0,3 N
1,0,0 1,0,1 2,0,0 3,0,0 3,0,1 U
2,0,1 2,0,2 2,1,0 2,1,1 2,2,1 F
0,3,1 1,3,1 2,3,1 3,2,1 3,3,1 L
2,2,0 3,1,0 3,2,0 3,3,0 3,4,0 Y
0,2,2 1,2,0 1,2,1 1,2,2 2,2,2 T
0,1,0 1,1,0 1,1,1 1,1,2 2,1,2 Z
0,1,1 0,1,2 0,2,0 0,2,1 0,3,0 W
0,4,0 1,3,0 1,4,0 2,3,0 2,4,0 P

P P P Y
W P P Y     L L L L
W T Y Y     W T F L     T T T X
Z Z F Y     W Z F X     W Z Z X     N N N X
I U U U     I U F U     I V F X     I V N N     I V V V

solution 32:
0,0,0 0,0,1 0,0,2 0,0,3 0,0,4 I
3,0,2 3,1,1 3,1,2 3,1,3 3,2,2 X
1,0,2 1,0,3 1,0,4 2,0,4 3,0,4 V
0,1,3 1,1,3 2,0,3 2,1,3 3,0,3 N
1,0,0 1,0,1 2,0,1 3,0,0 3,0,1 U
0,1,2 0,2,2 1,1,2 2,0,2 2,1,2 Z
1,1,0 1,2,0 2,0,0 2,1,0 3,1,0 F
0,1,0 0,2,0 0,3,0 0,4,0 1,3,0 Y
1,4,0 2,2,0 2,3,0 2,4,0 3,4,0 T
0,3,1 1,3,1 2,3,1 3,3,0 3,3,1 L
1,2,2 2,2,1 2,2,2 3,2,0 3,2,1 W
0,1,1 0,2,1 1,1,1 1,2,1 2,1,1 P

Y T T T
Y Y T L     L L L L
Y F T W     P P W W     Z W W X
Y F F F     P P P X     Z Z Z X     N N N X
I U F U     I U U U     I V Z X     I V N N     I V V V

solution 33:
0,0,0 0,0,1 0,0,2 0,0,3 0,0,4 I
1,0,1 2,0,0 2,0,1 2,0,2 3,0,1 X
1,0,4 2,0,3 2,0,4 3,0,3 3,0,4 P
1,0,2 1,0,3 1,1,1 1,1,2 1,2,2 F
3,0,0 3,0,2 3,1,0 3,1,1 3,1,2 U
1,1,3 2,1,1 2,1,2 2,1,3 3,1,3 T
0,1,0 0,1,1 0,1,2 0,1,3 0,2,2 Y
0,2,1 1,2,1 2,2,1 2,2,2 3,2,2 N
0,3,1 1,3,1 2,3,1 3,2,1 3,3,1 L
1,0,0 1,1,0 2,1,0 2,2,0 3,2,0 W
1,2,0 1,3,0 2,3,0 3,3,0 3,4,0 Z
0,2,0 0,3,0 0,4,0 1,4,0 2,4,0 V

V V V Z
V Z Z Z     L L L L
V Z W W     N N N L     Y F N N
Y W W U     Y F T U     Y F T U     Y T T T
I W X U     I X X X     I F X U     I F P P     I P P P

solution 34:
0,0,0 0,0,1 0,0,2 0,0,3 0,0,4 I
1,0,1 2,0,0 2,0,1 2,0,2 3,0,1 X
1,0,4 2,0,3 2,0,4 3,0,3 3,0,4 P
0,1,3 1,0,3 1,1,3 2,1,3 3,1,3 Y
3,0,0 3,0,2 3,1,0 3,1,1 3,1,2 U
1,0,2 1,1,2 2,1,2 2,2,2 3,2,2 W
0,1,1 0,1,2 1,1,1 2,1,0 2,1,1 Z
0,2,2 1,2,1 1,2,2 2,2,1 3,2,1 N
0,2,1 0,3,1 1,3,1 2,3,1 3,3,1 L
0,1,0 1,0,0 1,1,0 1,2,0 2,2,0 F
0,2,0 0,3,0 0,4,0 1,3,0 2,3,0 T
1,4,0 2,4,0 3,2,0 3,3,0 3,4,0 V

T V V V
T T T V     L L L L
T F F V     L N N N     N N W W
F F Z U     Z Z Z U     Z W W U     Y Y Y Y
I F X U     I X X X     I W X U     I Y P P     I P P P

solution 35:
0,0,0 0,0,1 0,0,2 0,0,3 0,0,4 I
1,0,1 2,0,0 2,0,1 2,0,2 3,0,1 X
1,0,4 2,0,3 2,0,4 3,0,3 3,0,4 P
0,1,3 1,0,3 1,1,3 2,1,3 3,1,3 Y
3,0,0 3,0,2 3,1,0 3,1,1 3,1,2 U
1,0,2 1,1,2 2,1,2 2,2,2 3,2,2 W
0,1,1 0,1,2 1,1,1 2,1,0 2,1,1 Z
0,2,2 1,2,1 1,2,2 2,2,1 3,2,1 N
0,2,1 0,3,1 1,3,1 2,3,1 3,3,1 L
0,1,0 1,0,0 1,1,0 1,2,0 2,2,0 F
1,3,0 2,3,0 3,2,0 3,3,0 3,4,0 T
0,2,0 0,3,0 0,4,0 1,4,0 2,4,0 V

V V V T
V T T T     L L L L
V F F T     L N N N     N N W W
F F Z U     Z Z Z U     Z W W U     Y Y Y Y
I F X U     I X X X     I W X U     I Y P P     I P P P

solution 36:
0,0,0 0,0,1 0,0,2 0,0,3 0,0,4 I
0,1,1 1,1,0 1,1,1 1,1,2 2,1,1 X
0,1,2 0,1,3 1,1,3 2,1,2 2,1,3 U
0,1,0 0,2,0 0,3,0 0,4,0 1,4,0 L
0,3,1 1,3,1 2,2,1 2,3,1 3,3,1 Y
0,2,1 0,2,2 1,2,1 1,2,2 2,2,2 P
1,2,0 1,3,0 2,3,0 2,4,0 3,4,0 W
1,0,0 2,0,0 2,1,0 2,2,0 3,0,0 T
3,0,1 3,1,0 3,1,1 3,2,0 3,3,0 N
3,0,2 3,1,2 3,1,3 3,2,1 3,2,2 F
1,0,1 2,0,1 2,0,2 2,0,3 3,0,3 Z
1,0,2 1,0,3 1,0,4 2,0,4 3,0,4 V

L L W W
L W W N     Y Y Y Y
L W T N     P P Y F     P P P F
L X T N     X X X N     U X U F     U U U F
I T T T     I Z Z N     I V Z F     I V Z Z     I V V V

solution 37:
0,0,0 0,0,1 0,0,2 0,0,3 0,0,4 I
0,1,1 1,1,0 1,1,1 1,1,2 2,1,1 X
0,1,2 0,1,3 1,1,3 2,1,2 2,1,3 U
0,1,0 0,2,0 1,2,0 1,3,0 2,3,0 W
0,3,0 0,4,0 1,4,0 2,4,0 3,4,0 L
0,3,1 1,3,1 2,2,1 2,3,1 3,3,1 Y
0,2,1 0,2,2 1,2,1 1,2,2 2,2,2 P
1,0,0 2,0,0 2,1,0 2,2,0 3,0,0 T
3,0,1 3,1,0 3,1,1 3,2,0 3,3,0 N
3,0,2 3,1,2 3,1,3 3,2,1 3,2,2 F
1,0,1 2,0,1 2,0,2 2,0,3 3,0,3 Z
1,0,2 1,0,3 1,0,4 2,0,4 3,0,4 V

L L L L
L W W N     Y Y Y Y
W W T N     P P Y F     P P P F
W X T N     X X X N     U X U F     U U U F
I T T T     I Z Z N     I V Z F     I V Z Z     I V V V

solution 38:
0,0,0 0,0,1 0,0,2 0,0,3 0,0,4 I
1,2,1 2,2,0 2,2,1 2,2,2 3,2,1 X
1,3,0 1,3,1 2,3,0 2,3,1 3,3,1 P
0,3,0 0,4,0 1,4,0 2,4,0 3,4,0 L
3,0,1 3,1,0 3,1,1 3,2,0 3,3,0 N
0,1,0 0,2,0 0,2,1 0,2,2 0,3,1 F
1,0,0 1,1,0 1,2,0 2,0,0 3,0,0 V
3,0,3 3,0,4 3,1,2 3,1,3 3,2,2 W
1,0,1 1,0,2 1,0,3 1,1,2 1,2,2 T
1,0,4 2,0,2 2,0,3 2,0,4 3,0,2 Z
2,0,1 2,1,0 2,1,1 2,1,2 2,1,3 Y
0,1,1 0,1,2 0,1,3 1,1,1 1,1,3 U

L L L L
L P P N     F P P P
F V X N     F X X X     F T X W
F V Y N     U U Y N     U T Y W     U U Y W
I V V V     I T Y N     I T Z Z     I T Z W     I Z Z W

solution 39:
0,0,0 0,0,1 0,0,2 0,0,3 0,0,4 I
1,0,2 2,0,1 2,0,2 2,0,3 3,0,2 X
1,0,3 1,0,4 2,0,4 3,0,3 3,0,4 U
3,0,1 3,1,0 3,1,1 3,1,2 3,2,2 F
1,0,0 2,0,0 2,1,0 2,2,0 3,0,0 T
1,4,0 2,4,0 3,2,0 3,3,0 3,4,0 V
0,1,2 0,1,3 1,1,3 2,1,3 3,1,3 L
0,2,2 1,1,2 1,2,2 2,1,2 2,2,2 P
0,1,0 1,1,0 1,2,0 1,3,0 2,3,0 Z
0,1,1 0,2,0 0,2,1 0,3,0 0,4,0 N
1,0,1 1,1,1 2,1,1 2,2,1 3,2,1 W
0,3,1 1,2,1 1,3,1 2,3,1 3,3,1 Y

N V V V
N Z Z V     Y Y Y Y
N Z T V     N Y W W     P P P F
Z Z T F     N W W F     L P P F     L L L L
I T T T     I W X F     I X X X     I U X U     I U U U

solution 40:
0,0,0 0,0,1 0,0,2 0,0,3 0,0,4 I
1,0,2 2,0,1 2,0,2 2,0,3 3,0,2 X
1,0,3 1,0,4 2,0,4 3,0,3 3,0,4 U
3,0,0 3,0,1 3,1,0 3,1,1 3,1,2 P
1,1,3 2,1,1 2,1,2 2,1,3 3,1,3 T
0,1,0 0,1,1 0,1,2 0,1,3 0,2,2 Y
1,0,0 1,0,1 1,1,1 1,1,2 1,2,2 W
0,2,1 1,2,1 2,2,1 2,2,2 3,2,2 N
0,3,1 1,3,1 2,3,1 3,2,1 3,3,1 L
1,1,0 2,0,0 2,1,0 2,2,0 3,2,0 F
1,2,0 1,3,0 2,3,0 3,3,0 3,4,0 Z
0,2,0 0,3,0 0,4,0 1,4,0 2,4,0 V

V V V Z
V Z Z Z     L L L L
V Z F F     N N N L     Y W N N
Y F F P     Y W T P     Y W T P     Y T T T
I W F P     I W X P     I X X X     I U X U     I U U U

solution 41:
0,0,0 0,0,1 0,0,2 0,0,3 0,0,4 I
0,1,0 1,0,0 1,1,0 1,2,0 2,1,0 X
0,3,0 0,4,0 1,3,0 1,4,0 2,3,0 P
2,2,0 2,4,0 3,2,0 3,3,0 3,4,0 U
0,1,1 0,1,2 0,2,0 0,2,1 0,3,1 F
0,2,2 1,1,2 1,2,2 2,0,2 2,1,2 W
2,0,0 2,0,1 2,1,1 2,2,1 2,2,2 Z
1,0,1 1,1,1 1,2,1 1,3,1 2,3,1 L
1,0,2 1,0,3 1,0,4 2,0,4 3,0,4 V
0,1,3 1,1,3 2,0,3 2,1,3 3,1,3 Y
3,0,0 3,1,0 3,1,1 3,2,1 3,3,1 N
3,0,1 3,0,2 3,0,3 3,1,2 3,2,2 T

P P U U
P P P U     F L L N
F X U U     F L Z N     W W Z T
X X X N     F L Z N     F W W T     Y Y Y Y
I X Z N     I L Z T     I V W T     I V Y T     I V V V

solution 42:
0,0,0 0,0,1 0,0,2 0,0,3 0,0,4 I
0,1,0 1,0,0 1,1,0 1,2,0 2,1,0 X
0,2,0 0,3,0 0,4,0 1,3,0 2,3,0 T
1,4,0 2,4,0 3,2,0 3,3,0 3,4,0 V
0,2,2 1,2,1 1,2,2 2,2,0 2,2,1 W
0,3,1 1,3,1 2,3,1 3,2,1 3,3,1 L
0,1,1 0,2,1 1,0,1 1,1,1 2,1,1 F
1,0,2 2,0,0 2,0,1 2,0,2 3,0,0 Z
0,1,2 1,1,2 2,1,2 2,2,2 3,2,2 N
3,0,1 3,0,2 3,1,0 3,1,1 3,1,2 P
1,0,3 1,0,4 2,0,4 3,0,3 3,0,4 U
0,1,3 1,1,3 2,0,3 2,1,3 3,1,3 Y

T V V V
T T T V     L L L L
T X W V     F W W L     W W N N
X X X P     F F F P     N N N P     Y Y Y Y
I X Z Z     I F Z P     I Z Z P     I U Y U     I U U U

solution 43:
0,0,0 0,0,1 0,0,2 0,0,3 0,0,4 I
0,1,0 1,0,0 1,1,0 1,2,0 2,1,0 X
0,2,0 0,3,0 0,4,0 1,4,0 2,4,0 V
1,3,0 2,3,0 3,2,0 3,3,0 3,4,0 T
0,2,2 1,2,1 1,2,2 2,2,0 2,2,1 W
0,3,1 1,3,1 2,3,1 3,2,1 3,3,1 L
0,1,1 0,2,1 1,0,1 1,1,1 2,1,1 F
1,0,2 2,0,0 2,0,1 2,0,2 3,0,0 Z
0,1,2 1,1,2 2,1,2 2,2,2 3,2,2 N
3,0,1 3,0,2 3,1,0 3,1,1 3,1,2 P
1,0,3 1,0,4 2,0,4 3,0,3 3,0,4 U
0,1,3 1,1,3 2,0,3 2,1,3 3,1,3 Y

V V V T
V T T T     L L L L
V X W T     F W W L     W W N N
X X X P     F F F P     N N N P     Y Y Y Y
I X Z Z     I F Z P     I Z Z P     I U Y U     I U U U

solution 44:
0,0,0 0,0,1 0,0,2 0,0,3 0,0,4 I
1,2,0 2,1,0 2,2,0 2,3,0 3,2,0 X
0,4,0 1,4,0 2,4,0 3,3,0 3,4,0 L
0,3,0 1,3,0 1,3,1 2,3,1 3,3,1 N
0,1,1 0,1,2 0,1,3 0,2,1 0,3,1 V
0,1,0 0,2,0 1,0,0 1,1,0 2,0,0 W
0,2,2 1,1,2 1,2,2 2,2,2 3,2,2 Y
1,1,3 2,1,1 2,1,2 2,1,3 3,1,3 T
1,0,1 1,1,1 1,2,1 2,0,1 2,2,1 U
3,0,0 3,1,0 3,1,1 3,1,2 3,2,1 F
1,0,2 1,0,3 2,0,2 3,0,1 3,0,2 Z
1,0,4 2,0,3 2,0,4 3,0,3 3,0,4 P

L L L L
N N X L     V N N N
W X X X     V U U F     Y Y Y Y
W W X F     V U T F     V Y T F     V T T T
I W W F     I U U Z     I Z Z Z     I Z P P     I P P P

solution 45:
0,0,0 0,0,1 0,0,2 0,0,3 0,0,4 I
1,2,0 2,1,0 2,2,0 2,3,0 3,2,0 X
1,3,0 1,4,0 2,4,0 3,3,0 3,4,0 U
0,1,1 0,2,1 0,3,0 0,3,1 0,4,0 N
0,1,0 0,2,0 1,0,0 1,1,0 2,0,0 W
0,1,2 0,2,2 1,2,2 2,2,2 3,2,2 L
0,1,3 1,1,3 2,1,2 2,1,3 3,1,3 Y
1,0,1 1,0,2 1,1,1 1,1,2 1,2,1 P
3,0,0 3,1,0 3,1,1 3,1,2 3,2,1 F
1,3,1 2,1,1 2,2,1 2,3,1 3,3,1 T
1,0,3 2,0,1 2,0,2 2,0,3 3,0,1 Z
1,0,4 2,0,4 3,0,2 3,0,3 3,0,4 V

N U U U
N U X U     N T T T
W X X X     N P T F     L L L L
W W X F     N P T F     L P Y F     Y Y Y Y
I W W F     I P Z Z     I P Z V     I Z Z V     I V V V

solution 46:
0,0,0 0,0,1 0,0,2 0,0,3 0,0,4 I
1,2,0 2,1,0 2,2,0 2,3,0 3,2,0 X
1,3,0 1,4,0 2,4,0 3,3,0 3,4,0 U
0,1,1 0,2,1 0,3,0 0,3,1 0,4,0 N
0,1,0 0,2,0 1,0,0 1,1,0 2,0,0 W
0,2,2 1,2,2 2,1,2 2,2,2 3,2,2 Y
0,1,2 0,1,3 1,1,3 2,1,3 3,1,3 L
1,0,1 1,0,2 1,1,1 1,1,2 1,2,1 P
3,0,0 3,1,0 3,1,1 3,1,2 3,2,1 F
1,3,1 2,1,1 2,2,1 2,3,1 3,3,1 T
1,0,3 2,0,1 2,0,2 2,0,3 3,0,1 Z
1,0,4 2,0,4 3,0,2 3,0,3 3,0,4 V

N U U U
N U X U     N T T T
W X X X     N P T F     Y Y Y Y
W W X F     N P T F     L P Y F     L L L L
I W W F     I P Z Z     I P Z V     I Z Z V     I V V V

solution 47:
0,0,0 0,0,1 0,0,2 0,0,3 0,0,4 I
1,1,2 2,0,2 2,1,2 2,2,2 3,1,2 X
0,1,2 0,1,3 1,1,3 2,1,3 3,1,3 L
1,0,2 1,0,3 1,0,4 2,0,4 3,0,4 V
2,0,1 2,0,3 3,0,1 3,0,2 3,0,3 U
3,2,0 3,2,1 3,2,2 3,3,0 3,3,1 P
0,4,0 1,3,0 1,4,0 2,4,0 3,4,0 Y
2,1,0 2,2,0 2,3,0 3,0,0 3,1,0 N
0,1,0 0,2,0 1,0,0 1,1,0 2,0,0 W
0,1,1 0,2,1 0,2,2 0,3,0 0,3,1 F
1,3,1 2,1,1 2,2,1 2,3,1 3,1,1 Z
1,0,1 1,1,1 1,2,0 1,2,1 1,2,2 T

Y Y Y Y
F Y N P     F Z Z P
W T N P     F T Z P     F T X P
W W N N     F T Z Z     L X X X     L L L L
I W W N     I T U U     I V X U     I V U U     I V V V

solution 48:
0,0,0 0,0,1 0,0,2 0,0,3 0,0,4 I
1,1,2 2,0,2 2,1,2 2,2,2 3,1,2 X
0,1,2 0,1,3 1,1,3 2,1,3 3,1,3 L
1,0,2 1,0,3 1,0,4 2,0,4 3,0,4 V
2,0,1 2,0,3 3,0,1 3,0,2 3,0,3 U
3,0,0 3,1,0 3,1,1 3,2,1 3,2,2 W
0,1,1 0,2,1 0,2,2 0,3,0 0,3,1 F
1,3,1 2,1,1 2,2,1 2,3,1 3,3,1 T
1,0,0 1,0,1 1,1,1 1,2,1 1,2,2 Z
0,4,0 1,4,0 2,3,0 2,4,0 3,4,0 Y
2,0,0 2,1,0 2,2,0 3,2,0 3,3,0 N
0,1,0 0,2,0 1,1,0 1,2,0 1,3,0 P

Y Y Y Y
F P Y N     F T T T
P P N N     F Z T W     F Z X W
P P N W     F Z T W     L X X X     L L L L
I Z N W     I Z U U     I V X U     I V U U     I V V V

solution 49:
0,0,0 0,0,1 0,0,2 0,0,3 0,0,4 I
1,1,2 2,0,2 2,1,2 2,2,2 3,1,2 X
1,0,3 1,1,3 2,0,3 2,1,3 3,1,3 P
1,0,4 2,0,4 3,0,2 3,0,3 3,0,4 V
0,1,0 0,1,1 0,1,2 0,1,3 0,2,1 Y
0,2,0 0,2,2 1,2,0 1,2,1 1,2,2 U
1,0,0 1,0,1 1,0,2 2,0,1 3,0,1 T
1,1,1 2,1,1 2,2,1 2,3,1 3,3,1 Z
0,3,1 1,3,0 1,3,1 2,3,0 3,3,0 N
0,3,0 0,4,0 1,4,0 2,4,0 3,4,0 L
3,0,0 3,1,0 3,1,1 3,2,1 3,2,2 W
1,1,0 2,0,0 2,1,0 2,2,0 3,2,0 F

L L L L
L N N N     N N Z Z
U U F F     Y U Z W     U U X W
Y F F W     Y Z Z W     Y X X X     Y P P P
I T F W     I T T T     I T X V     I P P V     I V V V

solution 50:
1,0,0 1,0,1 1,0,2 1,0,3 1,0,4 I
0,0,1 0,0,2 0,0,3 0,0,4 0,1,1 L
0,0,0 0,1,0 0,2,0 0,2,1 0,3,1 N
2,0,1 2,0,2 2,0,3 2,0,4 2,1,3 Y
3,0,3 3,0,4 3,1,2 3,1,3 3,2,2 W
3,0,0 3,0,1 3,0,2 3,1,1 3,2,1 T
0,1,3 1,1,1 1,1,2 1,1,3 2,1,1 Z
0,1,2 0,2,2 1,2,2 2,1,2 2,2,2 U
1,1,0 2,0,0 2,1,0 2,2,0 3,1,0 X
1,2,1 1,3,1 2,2,1 2,3,1 3,3,1 P
0,3,0 0,4,0 1,2,0 1,3,0 2,3,0 F
1,4,0 2,4,0 3,2,0 3,3,0 3,4,0 V

F V V V
F F F V     N P P P
N F X V     N P P T     U U U W
N X X X     L Z Z T     U Z U W     Z Z Y W
N I X T     L I Y T     L I Y T     L I Y W     L I Y W

solution 51:
1,0,0 1,0,1 1,0,2 1,0,3 1,0,4 I
0,0,1 0,0,2 0,0,3 0,0,4 0,1,3 Y
2,0,1 2,0,2 2,0,3 2,0,4 2,1,1 L
3,0,3 3,0,4 3,1,2 3,1,3 3,2,2 W
3,0,0 3,0,1 3,0,2 3,1,1 3,2,1 T
0,1,1 1,1,1 1,1,2 1,1,3 2,1,3 Z
0,1,2 0,2,2 1,2,2 2,1,2 2,2,2 U
1,1,0 2,0,0 2,1,0 2,2,0 3,1,0 X
0,0,0 0,1,0 0,2,0 0,2,1 0,3,1 N
1,2,1 1,3,1 2,2,1 2,3,1 3,3,1 P
0,3,0 0,4,0 1,2,0 1,3,0 2,3,0 F
1,4,0 2,4,0 3,2,0 3,3,0 3,4,0 V

F V V V
F F F V     N P P P
N F X V     N P P T     U U U W
N X X X     Z Z L T     U Z U W     Y Z Z W
N I X T     Y I L T     Y I L T     Y I L W     Y I L W

solution 52:
3,0,0 3,0,1 3,0,2 3,0,3 3,0,4 I
0,0,1 0,1,0 0,1,1 0,1,2 0,2,1 X
0,0,0 1,0,0 2,0,0 2,1,0 3,1,0 N
0,1,3 1,1,2 1,1,3 2,1,3 3,1,3 Y
0,2,2 1,2,2 2,0,2 2,1,2 2,2,2 V
1,1,0 1,1,1 2,1,1 3,1,1 3,1,2 Z
0,0,2 0,0,3 1,0,1 1,0,2 2,0,1 W
0,0,4 1,0,3 1,0,4 2,0,3 2,0,4 P
1,2,1 2,2,1 3,2,0 3,2,1 3,2,2 T
0,3,1 1,3,1 2,3,1 3,3,0 3,3,1 L
1,3,0 2,2,0 2,3,0 2,4,0 3,4,0 F
0,2,0 0,3,0 0,4,0 1,2,0 1,4,0 U

U U F F
U F F L     L L L L
U U F T     X T T T     V V V T
X Z N N     X Z Z Z     X Y V Z     Y Y Y Y
N N N I     X W W I     W W V I     W P P I     P P P I

solution 53:
3,0,0 3,0,1 3,0,2 3,0,3 3,0,4 I
0,0,1 0,1,0 0,1,1 0,1,2 0,2,1 X
0,0,0 1,0,0 2,0,0 2,1,0 3,1,0 N
0,1,3 1,0,3 1,1,3 2,1,3 3,1,3 Y
0,0,4 1,0,4 2,0,2 2,0,3 2,0,4 V
0,0,2 0,0,3 1,0,1 1,0,2 2,0,1 W
0,2,2 1,1,2 1,2,2 2,1,2 2,2,2 P
1,1,0 1,1,1 2,1,1 3,1,1 3,1,2 Z
1,2,1 2,2,1 3,2,0 3,2,1 3,2,2 T
0,3,1 1,3,1 2,3,1 3,3,0 3,3,1 L
1,3,0 2,2,0 2,3,0 2,4,0 3,4,0 F
0,2,0 0,3,0 0,4,0 1,2,0 1,4,0 U

U U F F
U F F L     L L L L
U U F T     X T T T     P P P T
X Z N N     X Z Z Z     X P P Z     Y Y Y Y
N N N I     X W W I     W W V I     W Y V I     V V V I

solution 54:
3,0,0 3,0,1 3,0,2 3,0,3 3,0,4 I
0,0,1 0,1,0 0,1,1 0,1,2 0,2,1 X
0,0,0 1,0,0 1,1,0 2,0,0 2,1,0 P
0,1,3 1,0,3 1,1,3 2,1,3 3,1,3 Y
0,0,4 1,0,4 2,0,2 2,0,3 2,0,4 V
0,0,2 0,0,3 1,0,1 1,0,2 2,0,1 W
0,2,2 1,2,2 2,1,2 2,2,2 3,1,2 N
1,1,1 1,1,2 2,1,1 3,1,0 3,1,1 Z
1,2,1 2,2,1 3,2,0 3,2,1 3,2,2 T
0,3,1 1,3,1 2,3,1 3,3,0 3,3,1 L
1,3,0 2,2,0 2,3,0 2,4,0 3,4,0 F
0,2,0 0,3,0 0,4,0 1,2,0 1,4,0 U

U U F F
U F F L     L L L L
U U F T     X T T T     N N N T
X P P Z     X Z Z Z     X Z N N     Y Y Y Y
P P P I     X W W I     W W V I     W Y V I     V V V I

solution 55:
3,0,0 3,0,1 3,0,2 3,0,3 3,0,4 I
0,0,1 0,1,0 0,1,1 0,1,2 0,2,1 X
0,0,0 1,0,0 1,0,1 1,0,2 2,0,0 T
0,0,2 0,0,3 0,0,4 1,0,4 2,0,4 V
0,1,3 1,0,3 1,1,3 2,0,3 2,1,3 P
2,0,1 2,0,2 2,1,0 2,1,1 2,2,0 W
1,1,1 1,1,2 2,1,2 3,1,2 3,1,3 Z
0,2,2 1,2,1 1,2,2 2,2,2 3,2,2 Y
0,3,1 1,3,1 2,2,1 2,3,1 3,2,1 N
3,1,0 3,1,1 3,2,0 3,3,0 3,3,1 U
0,3,0 0,4,0 1,4,0 2,4,0 3,4,0 L
0,2,0 1,1,0 1,2,0 1,3,0 2,3,0 F

L L L L
L F F U     N N N U
F F W U     X Y N N     Y Y Y Y
X F W U     X Z W U     X Z Z Z     P P P Z
T T T I     X T W I     V T W I     V P P I     V V V I

solution 56:
3,0,0 3,0,1 3,0,2 3,0,3 3,0,4 I
2,0,1 2,1,0 2,1,1 2,1,2 2,2,1 X
0,0,0 0,1,0 1,0,0 1,1,0 2,0,0 P
0,0,3 0,0,4 1,0,4 2,0,3 2,0,4 U
0,0,1 1,0,1 1,0,2 1,0,3 2,0,2 F
0,0,2 0,1,1 0,1,2 0,2,0 0,2,1 W
0,1,3 1,1,1 1,1,2 1,1,3 2,1,3 T
0,2,2 1,2,1 1,2,2 2,2,2 3,2,2 Y
3,1,1 3,1,2 3,1,3 3,2,1 3,3,1 V
0,3,1 1,3,1 2,3,0 2,3,1 3,3,0 N
0,3,0 0,4,0 1,4,0 2,4,0 3,4,0 L
1,2,0 1,3,0 2,2,0 3,1,0 3,2,0 Z

L L L L
L Z N N     N N N V
W Z Z Z     W Y X V     Y Y Y Y
P P X Z     W T X V     W T X V     T T T V
P P P I     F F X I     W F F I     U F U I     U U U I

solution 57:
3,0,0 3,0,1 3,0,2 3,0,3 3,0,4 I
0,1,1 0,2,0 0,2,1 0,2,2 0,3,1 X
0,3,0 0,4,0 1,4,0 2,4,0 3,4,0 L
0,0,3 0,0,4 1,0,4 2,0,3 2,0,4 U
0,0,0 0,0,1 0,0,2 0,1,2 0,1,3 N
1,0,0 1,0,1 1,0,2 1,0,3 2,0,1 Y
1,2,2 2,0,2 2,1,2 2,2,2 3,2,2 T
1,1,1 1,1,2 1,1,3 2,1,3 3,1,3 V
0,1,0 1,1,0 1,2,0 2,0,0 2,1,0 F
3,1,1 3,1,2 3,2,1 3,3,0 3,3,1 Z
1,3,0 2,2,0 2,3,0 3,1,0 3,2,0 W
1,2,1 1,3,1 2,1,1 2,2,1 2,3,1 P

L L L L
L W W Z     X P P Z
X F W W     X P P Z     X T T T
F F F W     X V P Z     N V T Z     N V V V
N Y F I     N Y Y I     N Y T I     U Y U I     U U U I

solution 58:
3,0,0 3,0,1 3,0,2 3,0,3 3,0,4 I
0,1,1 0,2,0 0,2,1 0,2,2 0,3,1 X
0,3,0 0,4,0 1,4,0 2,3,0 2,4,0 U
3,1,0 3,2,0 3,2,1 3,3,0 3,4,0 Y
1,3,1 2,1,1 2,2,1 2,3,1 3,3,1 T
1,1,3 2,1,3 3,1,1 3,1,2 3,1,3 V
1,0,2 1,1,2 2,1,2 2,2,2 3,2,2 W
1,0,0 1,0,1 1,1,1 1,2,1 1,2,2 Z
0,1,0 1,1,0 1,2,0 1,3,0 2,2,0 F
2,0,0 2,0,1 2,0,2 2,0,3 2,1,0 L
0,0,0 0,0,1 0,0,2 0,1,2 0,1,3 N
0,0,3 0,0,4 1,0,3 1,0,4 2,0,4 P

U U U Y
U F U Y     X T T T
X F F Y     X Z T Y     X Z W W
F F L Y     X Z T V     N W W V     N V V V
N Z L I     N Z L I     N W L I     P P L I     P P P I

solution 59:
3,0,0 3,0,1 3,0,2 3,0,3 3,0,4 I
1,1,1 1,2,0 1,2,1 1,2,2 1,3,1 X
0,2,0 0,2,1 0,3,0 0,3,1 0,4,0 P
1,3,0 1,4,0 2,4,0 3,3,0 3,4,0 U
3,1,0 3,1,1 3,1,2 3,2,1 3,3,1 T
1,0,2 1,1,2 2,1,2 2,2,2 3,2,2 W
1,1,0 2,1,0 2,2,0 2,3,0 3,2,0 F
2,0,0 2,0,1 2,1,1 2,2,1 2,3,1 L
0,0,1 0,0,2 0,0,3 1,0,0 1,0,1 N
0,0,0 0,1,0 0,1,1 0,1,2 0,2,2 Z
0,0,4 1,0,4 2,0,2 2,0,3 2,0,4 V
0,1,3 1,0,3 1,1,3 2,1,3 3,1,3 Y

P U U U
P U F U     P X L T
P X F F     P X L T     Z X W W
Z F F T     Z X L T     Z W W T     Y Y Y Y
Z N L I     N N L I     N W V I     N Y V I     V V V I

solution 60:
3,0,0 3,0,1 3,0,2 3,0,3 3,0,4 I
1,1,1 1,2,0 1,2,1 1,2,2 1,3,1 X
0,2,0 0,2,1 0,3,0 0,3,1 0,4,0 P
1,3,0 1,4,0 2,4,0 3,3,0 3,4,0 U
3,1,0 3,1,1 3,1,2 3,2,1 3,3,1 T
1,0,2 1,1,2 2,1,2 2,2,2 3,2,2 W
1,1,0 2,0,0 2,1,0 2,2,0 3,2,0 F
2,0,1 2,1,1 2,2,1 2,3,0 2,3,1 L
0,0,1 0,0,2 0,0,3 1,0,0 1,0,1 N
0,0,0 0,1,0 0,1,1 0,1,2 0,2,2 Z
0,0,4 1,0,4 2,0,2 2,0,3 2,0,4 V
0,1,3 1,0,3 1,1,3 2,1,3 3,1,3 Y

P U U U
P U L U     P X L T
P X F F     P X L T     Z X W W
Z F F T     Z X L T     Z W W T     Y Y Y Y
Z N F I     N N L I     N W V I     N Y V I     V V V I

solution 61:
3,0,0 3,0,1 3,0,2 3,0,3 3,0,4 I
3,1,1 3,2,0 3,2,1 3,2,2 3,3,1 X
0,3,0 0,4,0 1,4,0 2,4,0 3,4,0 L
0,3,1 1,3,1 2,3,0 2,3,1 3,3,0 N
0,1,0 1,1,0 1,2,0 1,3,0 2,2,0 F
2,1,0 2,1,1 2,1,2 3,1,0 3,1,2 U
0,1,3 1,1,3 2,0,3 2,1,3 3,1,3 Y
0,0,3 0,0,4 1,0,3 1,0,4 2,0,4 P
0,0,1 1,0,1 1,1,1 1,2,1 2,2,1 Z
0,0,0 1,0,0 2,0,0 2,0,1 2,0,2 V
0,2,2 1,0,2 1,1,2 1,2,2 2,2,2 T
0,0,2 0,1,1 0,1,2 0,2,0 0,2,1 W

L L L L
L F N N     N N N X
W F F X     W Z Z X     T T T X
F F U U     W Z U X     W T U U     Y Y Y Y
V V V I     Z Z V I     W T V I     P P Y I     P P P I

solution 62:
3,0,0 3,0,1 3,0,2 3,0,3 3,0,4 I
3,1,1 3,2,0 3,2,1 3,2,2 3,3,1 X
0,4,0 1,4,0 2,4,0 3,3,0 3,4,0 L
0,1,3 1,1,2 1,1,3 2,1,3 3,1,3 Y
0,2,2 1,2,2 2,1,2 2,2,2 3,1,2 N
1,3,0 2,1,0 2,2,0 2,3,0 3,1,0 Z
0,1,0 0,1,1 0,1,2 0,2,0 0,3,0 V
0,0,0 1,0,0 1,1,0 1,2,0 2,0,0 T
0,2,1 0,3,1 1,2,1 1,3,1 2,3,1 P
0,0,1 1,0,1 1,1,1 2,1,1 2,2,1 W
0,0,2 1,0,2 1,0,3 2,0,1 2,0,2 F
0,0,3 0,0,4 1,0,4 2,0,3 2,0,4 U

L L L L
V Z Z L     P P P X
V T Z X     P P W X     N N N X
V T Z Z     V W W X     V Y N N     Y Y Y Y
T T T I     W W F I     F F F I     U F U I     U U U I

solution 63:
3,0,0 3,0,1 3,0,2 3,0,3 3,0,4 I
3,1,1 3,2,0 3,2,1 3,2,2 3,3,1 X
0,4,0 1,4,0 2,4,0 3,3,0 3,4,0 L
0,1,3 1,1,2 1,1,3 2,1,3 3,1,3 Y
1,1,0 1,1,1 2,1,1 2,1,2 3,1,2 W
1,0,0 2,0,0 2,1,0 2,2,0 3,1,0 F
0,1,0 0,2,0 0,3,0 1,3,0 2,3,0 V
0,2,2 1,2,0 1,2,1 1,2,2 2,2,2 T
0,2,1 0,3,1 1,3,1 2,2,1 2,3,1 U
0,0,2 0,0,3 0,0,4 0,1,1 0,1,2 N
0,0,0 0,0,1 1,0,1 2,0,1 2,0,2 Z
1,0,2 1,0,3 1,0,4 2,0,3 2,0,4 P

L L L L
V V V L     U U U X
V T F X     U T U X     T T T X
V W F F     N W W X     N Y W W     Y Y Y Y
Z F F I     Z Z Z I     N P Z I     N P P I     N P P I

solution 64:
3,0,0 3,0,1 3,0,2 3,0,3 3,0,4 I
3,1,1 3,2,0 3,2,1 3,2,2 3,3,1 X
0,4,0 1,3,0 1,4,0 2,4,0 3,4,0 Y
0,3,1 1,3,1 2,3,0 2,3,1 3,3,0 N
0,1,1 0,1,2 0,2,0 0,2,1 0,3,0 W
0,2,2 1,2,0 1,2,1 1,2,2 2,2,2 T
0,0,0 0,1,0 1,1,0 2,1,0 3,1,0 L
2,0,0 2,0,1 2,1,1 2,2,0 2,2,1 U
0,0,1 1,0,0 1,0,1 1,0,2 2,0,2 F
0,0,2 0,0,3 0,0,4 1,0,4 2,0,4 V
1,1,1 1,1,2 2,1,2 3,1,2 3,1,3 Z
0,1,3 1,0,3 1,1,3 2,0,3 2,1,3 P

Y Y Y Y
W Y N N     N N N X
W T U X     W T U X     T T T X
L L L L     W Z U X     W Z Z Z     P P P Z
L F U I     F F U I     V F F I     V P P I     V V V I

solution 65:
3,0,0 3,0,1 3,0,2 3,0,3 3,0,4 I
3,1,1 3,2,0 3,2,1 3,2,2 3,3,1 X
1,2,0 1,3,0 2,3,0 3,3,0 3,4,0 Z
0,2,0 0,3,0 0,4,0 1,4,0 2,4,0 V
0,0,0 0,1,0 1,1,0 2,1,0 3,1,0 L
2,0,0 2,0,1 2,1,1 2,2,0 2,2,1 U
0,3,1 1,1,1 1,2,1 1,3,1 2,3,1 T
0,0,2 0,0,3 0,1,1 0,1,2 0,2,1 W
0,0,4 1,0,3 1,0,4 2,0,3 2,0,4 P
0,0,1 1,0,0 1,0,1 1,0,2 2,0,2 F
0,2,2 1,2,2 2,1,2 2,2,2 3,1,2 N
0,1,3 1,1,2 1,1,3 2,1,3 3,1,3 Y

V V V Z
V Z Z Z     T T T X
V Z U X     W T U X     N N N X
L L L L     W T U X     W Y N N     Y Y Y Y
L F U I     F F U I     W F F I     W P P I     P P P I

solution 66:
3,0,0 3,0,1 3,0,2 3,0,3 3,0,4 I
0,0,2 0,1,1 0,1,2 0,1,3 0,2,2 X
0,0,3 0,0,4 1,0,4 2,0,3 2,0,4 U
0,0,0 0,0,1 1,0,1 2,0,1 2,0,2 Z
1,0,2 1,0,3 1,1,2 1,1,3 1,2,2 P
3,1,2 3,1,3 3,2,1 3,2,2 3,3,1 W
0,1,0 0,2,0 0,3,0 0,3,1 0,4,0 Y
0,2,1 1,1,1 1,2,1 1,3,1 2,3,1 F
2,1,1 2,1,2 2,1,3 3,1,0 3,1,1 N
1,0,0 1,1,0 1,2,0 1,3,0 2,0,0 L
2,1,0 2,2,0 2,2,1 2,2,2 2,3,0 T
1,4,0 2,4,0 3,2,0 3,3,0 3,4,0 V

Y V V V
Y L T V     Y F F W
Y L T V     F F T W     X P T W
Y L T N     X F N N     X P N W     X P N W
Z L L I     Z Z Z I     X P Z I     U P U I     U U U I

solution 67:
3,0,0 3,0,1 3,0,2 3,0,3 3,0,4 I
0,0,2 0,1,1 0,1,2 0,1,3 0,2,2 X
0,0,4 1,0,4 2,0,2 2,0,3 2,0,4 V
0,0,3 1,0,3 1,1,3 2,1,3 3,1,3 N
0,0,0 0,0,1 1,0,0 1,0,1 2,0,0 P
1,0,2 1,1,2 2,1,2 3,1,2 3,2,2 Z
1,1,1 1,2,1 2,0,1 2,1,1 3,1,1 F
1,2,2 2,2,1 2,2,2 3,2,0 3,2,1 W
0,2,1 0,3,1 1,3,1 2,3,1 3,3,1 L
1,1,0 2,1,0 2,2,0 2,3,0 3,1,0 T
1,3,0 1,4,0 2,4,0 3,3,0 3,4,0 U
0,1,0 0,2,0 0,3,0 0,4,0 1,2,0 Y

Y U U U
Y U T U     L L L L
Y Y T W     L F W W     X W W Z
Y T T T     X F F F     X Z Z Z     X N N N
P P P I     P P F I     X Z V I     N N V I     V V V I

solution 68:
3,0,0 3,0,1 3,0,2 3,0,3 3,0,4 I
0,0,2 0,1,1 0,1,2 0,1,3 0,2,2 X
0,0,4 1,0,4 2,0,2 2,0,3 2,0,4 V
0,0,3 1,0,3 1,1,3 2,1,3 3,1,3 N
0,0,0 0,0,1 0,1,0 0,2,0 0,2,1 U
0,4,0 1,4,0 2,4,0 3,3,0 3,4,0 L
0,3,0 1,1,0 1,2,0 1,3,0 2,3,0 T
0,3,1 1,2,1 1,3,1 2,3,1 3,3,1 Y
1,0,0 2,0,0 2,1,0 2,2,0 3,1,0 F
1,0,2 1,1,2 2,1,2 3,1,2 3,2,2 Z
1,2,2 2,2,1 2,2,2 3,2,0 3,2,1 W
1,0,1 1,1,1 2,0,1 2,1,1 3,1,1 P

L L L L
T T T L     Y Y Y Y
U T F W     U Y W W     X W W Z
U T F F     X P P P     X Z Z Z     X N N N
U F F I     U P P I     X Z V I     N N V I     V V V I

solution 69:
3,0,0 3,0,1 3,0,2 3,0,3 3,0,4 I
0,0,2 0,1,1 0,1,2 0,1,3 0,2,2 X
0,0,4 1,0,4 2,0,2 2,0,3 2,0,4 V
0,0,3 1,0,3 1,1,3 2,1,3 3,1,3 N
0,0,0 0,0,1 1,0,1 2,0,0 2,0,1 U
1,0,2 1,1,2 2,1,2 2,2,2 3,2,2 W
1,1,1 2,1,1 3,1,0 3,1,1 3,1,2 T
0,2,1 1,2,1 1,2,2 2,2,1 3,2,1 Y
0,3,0 0,3,1 1,3,1 2,3,1 3,3,1 L
0,4,0 1,2,0 1,3,0 1,4,0 2,2,0 Z
0,1,0 0,2,0 1,0,0 1,1,0 2,1,0 F
2,3,0 2,4,0 3,2,0 3,3,0 3,4,0 P

Z Z P P
L Z P P     L L L L
F Z Z P     Y Y Y Y     X Y W W
F F F T     X T T T     X W W T     X N N N
U F U I     U U U I     X W V I     N N V I     V V V I

solution 70:
3,0,0 3,0,1 3,0,2 3,0,3 3,0,4 I
1,0,2 1,1,1 1,1,2 1,1,3 1,2,2 X
1,0,3 1,0,4 2,0,2 2,0,3 2,0,4 P
0,0,3 0,0,4 0,1,1 0,1,2 0,1,3 N
0,0,1 0,0,2 1,0,0 1,0,1 2,0,1 F
0,2,0 0,2,1 0,2,2 1,2,1 2,2,1 T
0,0,0 0,1,0 1,1,0 1,2,0 2,2,0 W
2,0,0 2,1,0 2,1,1 2,1,2 2,2,2 Z
2,1,3 3,1,0 3,1,1 3,1,2 3,1,3 L
3,2,0 3,2,1 3,2,2 3,3,0 3,4,0 V
0,3,0 0,4,0 1,4,0 2,3,0 2,4,0 U
0,3,1 1,3,0 1,3,1 2,3,1 3,3,1 Y

U U U V
U Y U V     Y Y Y Y
T W W V     T T T V     T X Z V
W W Z L     N X Z L     N X Z L     N X L L
W F Z I     F F F I     F X P I     N P P I     N P P I

solution 71:
3,0,0 3,0,1 3,0,2 3,0,3 3,0,4 I
1,0,2 1,1,1 1,1,2 1,1,3 1,2,2 X
1,0,3 1,0,4 2,0,2 2,0,3 2,0,4 P
0,0,3 0,0,4 0,1,1 0,1,2 0,1,3 N
0,0,1 0,0,2 1,0,0 1,0,1 2,0,1 F
0,2,0 0,2,1 0,2,2 0,3,0 0,4,0 V
0,0,0 0,1,0 1,1,0 1,2,0 2,2,0 W
2,0,0 2,1,0 2,1,1 2,1,2 2,2,2 Z
2,1,3 3,1,0 3,1,1 3,1,2 3,1,3 L
1,3,0 1,4,0 2,4,0 3,3,0 3,4,0 U
1,2,1 2,2,1 3,2,0 3,2,1 3,2,2 T
0,3,1 1,3,1 2,3,0 2,3,1 3,3,1 Y

V U U U
V U Y U     Y Y Y Y
V W W T     V T T T     V X Z T
W W Z L     N X Z L     N X Z L     N X L L
W F Z I     F F F I     F X P I     N P P I     N P P I

solution 72:
3,0,0 3,0,1 3,0,2 3,0,3 3,0,4 I
2,0,2 2,1,1 2,1,2 2,1,3 2,2,2 X
2,1,0 3,1,0 3,1,1 3,1,2 3,1,3 L
3,2,0 3,2,1 3,2,2 3,3,0 3,4,0 V
0,3,1 1,3,0 1,3,1 2,3,1 3,3,1 Y
0,3,0 0,4,0 1,4,0 2,3,0 2,4,0 U
1,0,2 1,0,3 1,0,4 2,0,3 2,0,4 P
0,0,3 0,0,4 0,1,2 0,1,3 0,2,2 W
0,2,0 1,0,0 1,1,0 1,2,0 2,0,0 Z
0,1,0 0,1,1 1,1,1 1,1,2 1,1,3 N
0,2,1 1,2,1 1,2,2 2,2,0 2,2,1 F
0,0,0 0,0,1 0,0,2 1,0,1 2,0,1 T

U U U V
U Y U V     Y Y Y Y
Z Z F V     F F F V     W F X V
N Z L L     N N X L     W N X L     W N X L
T Z Z I     T T T I     T P X I     W P P I     W P P I

solution 73:
3,0,0 3,0,1 3,0,2 3,0,3 3,0,4 I
0,0,1 1,0,0 1,0,1 1,0,2 2,0,1 X
0,0,3 0,0,4 1,0,3 1,0,4 2,0,4 P
0,1,3 1,1,3 2,0,3 2,1,3 3,1,3 Y
0,0,0 0,0,2 0,1,0 0,1,1 0,1,2 U
1,1,2 2,0,2 2,1,2 2,2,2 3,2,2 F
1,1,1 2,1,1 3,1,0 3,1,1 3,1,2 T
0,2,2 1,2,1 1,2,2 2,2,1 3,2,1 N
0,2,1 0,3,1 1,3,1 2,3,1 3,3,1 L
0,2,0 1,1,0 1,2,0 2,0,0 2,1,0 W
0,3,0 0,4,0 1,3,0 2,2,0 2,3,0 Z
1,4,0 2,4,0 3,2,0 3,3,0 3,4,0 V

Z V V V
Z Z Z V     L L L L
W W Z V     L N N N     N N F F
U W W T     U T T T     U F F T     Y Y Y Y
U X W I     X X X I     U X F I     P P Y I     P P P I

solution 74:
3,0,0 3,0,1 3,0,2 3,0,3 3,0,4 I
0,0,1 1,0,0 1,0,1 1,0,2 2,0,1 X
0,0,3 0,0,4 1,0,3 1,0,4 2,0,4 P
0,1,3 1,1,3 2,0,3 2,1,3 3,1,3 Y
0,0,0 0,0,2 0,1,0 0,1,1 0,1,2 U
0,2,2 1,1,2 1,2,2 2,0,2 2,1,2 W
1,1,1 2,1,1 3,1,0 3,1,1 3,1,2 T
0,2,1 1,2,1 2,2,1 2,2,2 3,2,2 N
0,3,1 1,3,1 2,3,1 3,2,1 3,3,1 L
1,1,0 2,0,0 2,1,0 2,2,0 3,2,0 F
1,2,0 1,3,0 2,3,0 3,3,0 3,4,0 Z
0,2,0 0,3,0 0,4,0 1,4,0 2,4,0 V

V V V Z
V Z Z Z     L L L L
V Z F F     N N N L     W W N N
U F F T     U T T T     U W W T     Y Y Y Y
U X F I     X X X I     U X W I     P P Y I     P P P I

solution 75:
3,0,0 3,0,1 3,0,2 3,0,3 3,0,4 I
0,0,2 1,0,1 1,0,2 1,0,3 2,0,2 X
0,0,3 0,0,4 1,0,4 2,0,3 2,0,4 U
0,0,0 0,0,1 0,1,1 0,2,1 0,2,2 Z
0,1,2 0,1,3 1,1,1 1,1,2 2,1,2 F
1,1,3 2,1,3 3,1,1 3,1,2 3,1,3 V
1,2,1 1,2,2 2,2,1 2,2,2 3,2,2 P
2,0,1 2,1,0 2,1,1 2,2,0 2,3,0 N
0,4,0 1,2,0 1,3,0 1,4,0 2,4,0 T
0,1,0 0,2,0 1,0,0 1,1,0 2,0,0 W
0,3,0 0,3,1 1,3,1 2,3,1 3,3,1 L
3,1,0 3,2,0 3,2,1 3,3,0 3,4,0 Y

T T T Y
L T N Y     L L L L
W T N Y     Z P P Y     Z P P P
W W N Y     Z F N V     F F F V     F V V V
Z W W I     Z X N I     X X X I     U X U I     U U U I

solution 76:
3,0,0 3,0,1 3,0,2 3,0,3 3,0,4 I
0,0,2 1,0,1 1,0,2 1,0,3 2,0,2 X
0,0,3 0,0,4 1,0,4 2,0,3 2,0,4 U
0,0,0 0,0,1 0,1,1 0,2,1 0,2,2 Z
0,1,2 0,1,3 1,1,1 1,1,2 2,1,2 F
1,1,3 2,1,3 3,1,1 3,1,2 3,1,3 V
3,1,0 3,2,0 3,2,1 3,2,2 3,3,0 T
1,2,0 1,2,1 1,2,2 2,2,1 2,2,2 P
2,0,1 2,1,0 2,1,1 2,2,0 2,3,0 N
0,1,0 0,2,0 1,0,0 1,1,0 2,0,0 W
0,3,0 0,3,1 1,3,1 2,3,1 3,3,1 L
0,4,0 1,3,0 1,4,0 2,4,0 3,4,0 Y

Y Y Y Y
L Y N T     L L L L
W P N T     Z P P T     Z P P T
W W N T     Z F N V     F F F V     F V V V
Z W W I     Z X N I     X X X I     U X U I     U U U I

solution 77:
3,0,0 3,0,1 3,0,2 3,0,3 3,0,4 I
0,0,2 1,0,1 1,0,2 1,0,3 2,0,2 X
0,0,3 0,0,4 1,0,4 2,0,3 2,0,4 U
0,0,0 0,0,1 0,1,1 0,2,1 0,2,2 Z
0,1,2 0,1,3 1,1,1 1,1,2 2,1,2 F
1,1,3 2,1,3 3,1,1 3,1,2 3,1,3 V
3,1,0 3,2,0 3,2,1 3,2,2 3,3,0 T
1,2,0 1,2,1 1,2,2 2,2,1 2,2,2 P
2,0,1 2,1,0 2,1,1 2,2,0 2,3,0 N
0,1,0 0,2,0 1,0,0 1,1,0 2,0,0 W
0,3,0 0,4,0 1,4,0 2,4,0 3,4,0 L
0,3,1 1,3,0 1,3,1 2,3,1 3,3,1 Y

L L L L
L Y N T     Y Y Y Y
W P N T     Z P P T     Z P P T
W W N T     Z F N V     F F F V     F V V V
Z W W I     Z X N I     X X X I     U X U I     U U U I

solution 78:
3,0,0 3,0,1 3,0,2 3,0,3 3,0,4 I
0,1,2 1,1,1 1,1,2 1,1,3 2,1,2 X
0,0,0 0,0,1 0,0,2 0,0,3 0,1,3 L
2,1,1 2,1,3 3,1,1 3,1,2 3,1,3 U
0,0,4 1,0,2 1,0,3 1,0,4 2,0,4 T
1,0,0 1,0,1 2,0,1 2,0,2 2,0,3 N
0,1,1 0,2,1 0,3,1 1,3,1 2,3,1 V
0,2,2 1,2,1 1,2,2 2,2,1 2,2,2 P
3,2,1 3,2,2 3,3,0 3,3,1 3,4,0 W
0,1,0 0,2,0 0,3,0 0,4,0 1,3,0 Y
1,4,0 2,2,0 2,3,0 2,4,0 3,2,0 Z
1,1,0 1,2,0 2,0,0 2,1,0 3,1,0 F

Y Z Z W
Y Y Z W     V V V W
Y F Z Z     V P P W     P P P W
Y F F F     V X U U     X X X U     L X U U
L N F I     L N N I     L T N I     L T N I     T T T I

solution 79:
3,0,0 3,0,1 3,0,2 3,0,3 3,0,4 I
1,1,0 2,0,0 2,1,0 2,2,0 3,1,0 X
0,3,0 0,4,0 1,4,0 2,4,0 3,4,0 L
1,3,0 1,3,1 2,3,0 2,3,1 3,3,1 P
3,1,1 3,1,2 3,2,0 3,2,1 3,3,0 W
1,1,3 2,1,1 2,1,2 2,1,3 3,1,3 T
0,2,2 1,1,2 1,2,2 2,2,2 3,2,2 Y
0,0,0 0,1,0 0,2,0 1,0,0 1,2,0 U
0,0,3 0,0,4 0,1,1 0,1,2 0,1,3 N
0,2,1 0,3,1 1,1,1 1,2,1 2,2,1 F
0,0,1 1,0,1 2,0,1 2,0,2 2,0,3 V
0,0,2 1,0,2 1,0,3 1,0,4 2,0,4 Z

L L L L
L P P W     F P P P
U U X W     F F F W     Y Y Y Y
U X X X     N F T W     N Y T W     N T T T
U U X I     V V V I     Z Z V I     N Z V I     N Z Z I

solution 80:
3,0,0 3,0,1 3,0,2 3,0,3 3,0,4 I
1,1,0 2,0,0 2,1,0 2,2,0 3,1,0 X
0,3,0 0,4,0 1,4,0 2,4,0 3,4,0 L
1,3,0 1,3,1 2,3,0 3,3,0 3,3,1 U
3,1,2 3,1,3 3,2,0 3,2,1 3,2,2 N
1,1,1 2,1,1 2,2,1 2,3,1 3,1,1 T
0,2,0 1,2,0 1,2,1 1,2,2 2,2,2 Z
0,0,1 0,1,0 0,1,1 0,2,1 0,3,1 Y
0,0,0 1,0,0 1,0,1 2,0,1 2,0,2 W
0,0,2 0,0,3 0,0,4 1,0,4 2,0,4 V
0,1,2 0,2,2 1,0,2 1,1,2 2,1,2 F
0,1,3 1,0,3 1,1,3 2,0,3 2,1,3 P

L L L L
L U U U     Y U T U
Z Z X N     Y Z T N     F Z Z N
Y X X X     Y T T T     F F F N     P P P N
W W X I     Y W W I     V F W I     V P P I     V V V I

solution 81:
3,0,0 3,0,1 3,0,2 3,0,3 3,0,4 I
1,1,0 2,0,0 2,1,0 2,2,0 3,1,0 X
0,3,0 0,4,0 1,4,0 2,4,0 3,4,0 L
0,1,0 0,2,0 1,2,0 1,3,0 2,3,0 W
3,1,2 3,2,0 3,2,1 3,2,2 3,3,0 Z
0,3,1 1,3,1 2,2,1 2,3,1 3,3,1 Y
0,0,3 1,0,3 1,1,3 2,1,3 3,1,3 N
0,0,4 1,0,4 2,0,2 2,0,3 2,0,4 V
1,1,1 1,2,1 2,0,1 2,1,1 3,1,1 F
0,0,1 0,1,1 0,1,2 0,1,3 0,2,1 T
0,0,0 0,0,2 1,0,0 1,0,1 1,0,2 U
0,2,2 1,1,2 1,2,2 2,1,2 2,2,2 P

L L L L
L W W Z     Y Y Y Y
W W X Z     T F Y Z     P P P Z
W X X X     T F F F     T P P Z     T N N N
U U X I     T U F I     U U V I     N N V I     V V V I

solution 82:
3,0,0 3,0,1 3,0,2 3,0,3 3,0,4 I
1,1,0 2,0,0 2,1,0 2,2,0 3,1,0 X
3,2,0 3,2,1 3,2,2 3,3,0 3,4,0 V
0,4,0 1,2,0 1,3,0 1,4,0 2,4,0 T
0,3,1 1,3,1 2,3,0 2,3,1 3,3,1 Y
0,0,0 0,0,1 0,1,0 0,2,0 0,3,0 L
1,0,0 1,0,1 2,0,1 2,0,2 2,0,3 N
0,0,2 1,0,2 1,0,3 1,0,4 2,0,4 Z
0,0,3 0,0,4 0,1,2 0,1,3 0,2,2 W
0,2,1 1,2,1 1,2,2 2,2,1 2,2,2 P
0,1,1 1,1,1 1,1,2 1,1,3 2,1,2 F
2,1,1 2,1,3 3,1,1 3,1,2 3,1,3 U

T T T V
L T Y V     Y Y Y Y
L T X V     P P P V     W P P V
L X X X     F F U U     W F F U     W F U U
L N X I     L N N I     Z Z N I     W Z N I     W Z Z I

solution 83:
3,0,0 3,0,1 3,0,2 3,0,3 3,0,4 I
1,1,0 2,0,0 2,1,0 2,2,0 3,1,0 X
1,4,0 2,4,0 3,2,0 3,3,0 3,4,0 V
0,3,0 0,4,0 1,2,0 1,3,0 2,3,0 F
0,0,1 0,0,2 0,1,0 0,1,1 0,2,0 W
0,0,0 1,0,0 1,0,1 1,0,2 2,0,2 Z
0,0,3 0,0,4 1,0,3 1,0,4 2,0,4 P
0,1,3 1,1,3 2,0,3 2,1,3 3,1,3 Y
0,3,1 1,1,1 1,2,1 1,3,1 2,3,1 T
2,0,1 2,1,1 3,1,1 3,2,1 3,3,1 N
0,2,1 0,2,2 1,2,2 2,2,1 2,2,2 U
0,1,2 1,1,2 2,1,2 3,1,2 3,2,2 L

F V V V
F F F V     T T T N
W F X V     U T U N     U U U L
W X X X     W T N N     L L L L     Y Y Y Y
Z Z X I     W Z N I     W Z Z I     P P Y I     P P P I

solution 84:
3,0,0 3,0,1 3,0,2 3,0,3 3,0,4 I
1,1,0 2,0,0 2,1,0 2,2,0 3,1,0 X
1,2,0 1,3,0 2,3,0 2,4,0 3,4,0 W
0,1,0 0,2,0 0,3,0 0,4,0 1,4,0 L
3,1,2 3,2,0 3,2,1 3,2,2 3,3,0 Z
0,3,1 1,3,1 2,2,1 2,3,1 3,3,1 Y
0,0,3 1,0,3 1,1,3 2,1,3 3,1,3 N
0,0,4 1,0,4 2,0,2 2,0,3 2,0,4 V
1,1,1 1,2,1 2,0,1 2,1,1 3,1,1 F
0,0,1 0,1,1 0,1,2 0,1,3 0,2,1 T
0,0,0 0,0,2 1,0,0 1,0,1 1,0,2 U
0,2,2 1,1,2 1,2,2 2,1,2 2,2,2 P

L L W W
L W W Z     Y Y Y Y
L W X Z     T F Y Z     P P P Z
L X X X     T F F F     T P P Z     T N N N
U U X I     T U F I     U U V I     N N V I     V V V I

solution 85:
3,0,0 3,0,1 3,0,2 3,0,3 3,0,4 I
0,2,0 1,1,0 1,2,0 1,3,0 2,2,0 X
0,4,0 1,4,0 2,3,0 2,4,0 3,4,0 Y
0,1,2 0,2,1 0,2,2 0,3,0 0,3,1 W
0,0,0 0,0,1 0,0,2 0,1,0 0,1,1 P
2,0,0 2,1,0 3,1,0 3,2,0 3,3,0 N
1,0,0 1,0,1 1,1,1 1,2,1 1,2,2 Z
1,1,2 2,0,2 2,1,2 2,2,2 3,2,2 F
0,0,4 1,0,2 1,0,3 1,0,4 2,0,4 T
0,0,3 0,1,3 1,1,3 2,0,3 2,1,3 U
3,1,1 3,1,2 3,1,3 3,2,1 3,3,1 V
1,3,1 2,0,1 2,1,1 2,2,1 2,3,1 L

Y Y Y Y
W X Y N     W L L V
X X X N     W Z L V     W Z F F
P X N N     P Z L V     W F F V     U U U V
P Z N I     P Z L I     P T F I     U T U I     T T T I

solution 86:
3,0,0 3,0,1 3,0,2 3,0,3 3,0,4 I
0,1,1 1,0,1 1,1,1 1,2,1 2,1,1 X
0,3,1 1,3,1 2,3,0 2,3,1 3,3,0 N
0,4,0 1,3,0 1,4,0 2,4,0 3,4,0 Y
3,1,2 3,1,3 3,2,1 3,2,2 3,3,1 W
0,1,0 1,1,0 2,1,0 3,1,0 3,1,1 L
0,1,2 0,2,0 0,2,1 0,2,2 0,3,0 Z
1,2,0 2,2,0 2,2,1 2,2,2 3,2,0 T
0,0,2 1,0,2 1,1,2 1,2,2 2,1,2 F
0,0,0 0,0,1 1,0,0 2,0,0 2,0,1 U
0,0,4 1,0,4 2,0,2 2,0,3 2,0,4 V
0,0,3 0,1,3 1,0,3 1,1,3 2,1,3 P

Y Y Y Y
Z Y N N     N N N W
Z T T T     Z X T W     Z F T W
L L L L     X X X L     Z F F W     P P P W
U U U I     U X U I     F F V I     P P V I     V V V I

solution 87:
3,0,0 3,0,1 3,0,2 3,0,3 3,0,4 I
0,1,2 1,0,2 1,1,2 1,2,2 2,1,2 X
0,1,3 1,0,3 1,1,3 2,0,3 2,1,3 P
0,0,2 0,0,3 0,0,4 1,0,4 2,0,4 V
0,0,0 1,0,0 1,0,1 2,0,1 2,0,2 W
3,1,0 3,1,1 3,1,2 3,1,3 3,2,1 Y
2,2,0 2,2,1 2,2,2 3,2,0 3,2,2 U
0,1,0 1,1,0 1,2,0 2,0,0 2,1,0 F
0,0,1 0,1,1 0,2,0 0,2,1 0,2,2 T
0,3,1 1,1,1 1,2,1 1,3,1 2,1,1 Z
0,3,0 1,3,0 2,3,0 2,3,1 3,3,1 N
0,4,0 1,4,0 2,4,0 3,3,0 3,4,0 L

L L L L
N N N L     Z Z N N
T F U U     T Z U Y     T X U U
F F F Y     T Z Z Y     X X X Y     P P P Y
W W F I     T W W I     V X W I     V P P I     V V V I

solution 88:
3,0,0 3,0,1 3,0,2 3,0,3 3,0,4 I
0,1,2 1,0,2 1,1,2 1,2,2 2,1,2 X
0,1,3 1,0,3 1,1,3 2,1,3 3,1,3 Y
0,0,2 0,0,3 0,0,4 1,0,4 2,0,4 V
1,0,0 1,0,1 2,0,1 2,0,2 2,0,3 N
2,0,0 2,1,0 2,1,1 2,2,1 2,2,2 W
0,0,0 0,0,1 0,1,1 0,2,1 0,2,2 Z
0,3,1 1,1,1 1,2,1 1,3,1 2,3,1 T
3,1,1 3,1,2 3,2,1 3,2,2 3,3,1 P
1,2,0 2,2,0 2,3,0 3,1,0 3,2,0 F
0,1,0 0,2,0 0,3,0 1,1,0 1,3,0 U
0,4,0 1,4,0 2,4,0 3,3,0 3,4,0 L

L L L L
U U F L     T T T P
U F F F     Z T W P     Z X W P
U U W F     Z T W P     X X X P     Y Y Y Y
Z N W I     Z N N I     V X N I     V Y N I     V V V I

solution 89:
3,0,0 3,0,1 3,0,2 3,0,3 3,0,4 I
0,1,2 1,0,2 1,1,2 1,2,2 2,1,2 X
0,1,3 1,0,3 1,1,3 2,1,3 3,1,3 Y
0,0,2 0,0,3 0,0,4 1,0,4 2,0,4 V
1,0,0 1,0,1 2,0,1 2,0,2 2,0,3 N
2,0,0 2,1,0 2,1,1 2,2,1 2,2,2 W
0,0,0 0,0,1 0,1,1 0,2,1 0,2,2 Z
0,3,1 1,1,1 1,2,1 1,3,1 2,3,1 T
3,1,1 3,1,2 3,2,1 3,2,2 3,3,1 P
1,2,0 2,2,0 2,3,0 3,1,0 3,2,0 F
1,3,0 1,4,0 2,4,0 3,3,0 3,4,0 U
0,1,0 0,2,0 0,3,0 0,4,0 1,1,0 L

L U U U
L U F U     T T T P
L F F F     Z T W P     Z X W P
L L W F     Z T W P     X X X P     Y Y Y Y
Z N W I     Z N N I     V X N I     V Y N I     V V V I

solution 90:
3,0,0 3,0,1 3,0,2 3,0,3 3,0,4 I
0,1,2 1,0,2 1,1,2 1,2,2 2,1,2 X
0,1,3 1,0,3 1,1,3 2,1,3 3,1,3 Y
0,0,4 1,0,4 2,0,2 2,0,3 2,0,4 V
0,0,1 0,0,2 0,0,3 1,0,0 1,0,1 N
0,0,0 0,1,0 1,1,0 2,0,0 2,1,0 U
0,2,1 0,2,2 0,3,0 0,3,1 0,4,0 W
0,2,0 1,2,0 1,3,0 1,4,0 2,3,0 F
2,4,0 3,1,0 3,2,0 3,3,0 3,4,0 L
3,1,1 3,1,2 3,2,1 3,2,2 3,3,1 P
0,1,1 1,1,1 1,2,1 1,3,1 2,3,1 Z
2,0,1 2,1,1 2,2,0 2,2,1 2,2,2 T

W F L L
W F F L     W Z Z P
F F T L     W Z T P     W X T P
U U U L     Z Z T P     X X X P     Y Y Y Y
U N U I     N N T I     N X V I     N Y V I     V V V I

solution 91:
3,0,0 3,0,1 3,0,2 3,0,3 3,0,4 I
1,1,2 2,0,2 2,1,2 2,2,2 3,1,2 X
1,0,3 1,1,3 2,0,3 2,1,3 3,1,3 P
0,0,2 0,0,3 0,0,4 1,0,4 2,0,4 V
0,0,0 1,0,0 1,0,1 1,0,2 2,0,1 F
1,2,1 1,2,2 2,2,1 3,2,1 3,2,2 U
0,3,0 1,3,0 1,3,1 2,3,1 3,3,1 N
0,4,0 1,4,0 2,3,0 2,4,0 3,4,0 Y
0,1,2 0,1,3 0,2,1 0,2,2 0,3,1 W
0,0,1 0,1,1 1,1,1 2,1,1 3,1,1 L
1,2,0 2,2,0 3,1,0 3,2,0 3,3,0 T
0,1,0 0,2,0 1,1,0 2,0,0 2,1,0 Z

Y Y Y Y
N N Y T     W N N N
Z T T T     W U U U     W U X U
Z Z Z T     L L L L     W X X X     W P P P
F F Z I     L F F I     V F X I     V P P I     V V V I

solution 92:
0,0,0 0,1,0 0,2,0 0,3,0 0,4,0 I
1,0,1 1,1,0 1,1,1 1,1,2 1,2,1 X
1,0,0 2,0,0 2,0,1 3,0,1 3,0,2 W
3,0,0 3,1,0 3,1,1 3,1,2 3,2,1 F
0,2,1 0,2,2 1,2,2 2,2,2 3,2,2 L
0,3,1 1,3,1 2,2,1 2,3,1 3,3,1 Y
0,0,3 0,0,4 0,1,1 0,1,2 0,1,3 N
0,0,1 0,0,2 1,0,2 2,0,2 2,0,3 Z
1,0,3 1,0,4 2,0,4 3,0,3 3,0,4 U
1,1,3 2,1,1 2,1,2 2,1,3 3,1,3 T
2,1,0 2,2,0 2,3,0 3,2,0 3,3,0 P
1,2,0 1,3,0 1,4,0 2,4,0 3,4,0 V

I V V V
I V P P     Y Y Y Y
I V P P     L X Y F     L L L L
I X P F     N X T F     N X T F     N T T T
I W W F     Z X W W     Z Z Z W     N U Z U     N U U U

solution 93:
0,0,0 0,1,0 0,2,0 0,3,0 0,4,0 I
1,0,1 1,1,0 1,1,1 1,1,2 1,2,1 X
1,0,0 2,0,0 2,0,1 3,0,1 3,0,2 W
3,0,0 3,1,0 3,1,1 3,1,2 3,2,1 F
0,2,1 0,2,2 1,2,2 2,2,2 3,2,2 L
0,3,1 1,3,1 2,2,1 2,3,1 3,3,1 Y
0,0,3 0,0,4 0,1,1 0,1,2 0,1,3 N
0,0,1 0,0,2 1,0,2 2,0,2 2,0,3 Z
1,0,3 1,0,4 2,0,4 3,0,3 3,0,4 U
1,1,3 2,1,1 2,1,2 2,1,3 3,1,3 T
1,2,0 1,3,0 2,1,0 2,2,0 2,3,0 P
1,4,0 2,4,0 3,2,0 3,3,0 3,4,0 V

I V V V
I P P V     Y Y Y Y
I P P V     L X Y F     L L L L
I X P F     N X T F     N X T F     N T T T
I W W F     Z X W W     Z Z Z W     N U Z U     N U U U

solution 94:
0,0,0 0,1,0 0,2,0 0,3,0 0,4,0 I
1,0,1 1,1,0 1,1,1 1,1,2 1,2,1 X
1,0,0 2,0,0 2,0,1 3,0,1 3,0,2 W
3,0,0 3,1,0 3,1,1 3,1,2 3,2,1 F
0,2,2 1,2,2 2,2,1 2,2,2 3,2,2 Y
0,2,1 0,3,1 1,3,1 2,3,1 3,3,1 L
0,0,3 0,0,4 0,1,1 0,1,2 0,1,3 N
0,0,1 0,0,2 1,0,2 2,0,2 2,0,3 Z
1,0,3 1,0,4 2,0,4 3,0,3 3,0,4 U
1,1,3 2,1,1 2,1,2 2,1,3 3,1,3 T
2,1,0 2,2,0 2,3,0 3,2,0 3,3,0 P
1,2,0 1,3,0 1,4,0 2,4,0 3,4,0 V

I V V V
I V P P     L L L L
I V P P     L X Y F     Y Y Y Y
I X P F     N X T F     N X T F     N T T T
I W W F     Z X W W     Z Z Z W     N U Z U     N U U U

solution 95:
0,0,0 0,1,0 0,2,0 0,3,0 0,4,0 I
1,0,1 1,1,0 1,1,1 1,1,2 1,2,1 X
1,0,0 2,0,0 2,0,1 3,0,1 3,0,2 W
3,0,0 3,1,0 3,1,1 3,1,2 3,2,1 F
0,2,2 1,2,2 2,2,1 2,2,2 3,2,2 Y
0,2,1 0,3,1 1,3,1 2,3,1 3,3,1 L
0,0,3 0,0,4 0,1,1 0,1,2 0,1,3 N
0,0,1 0,0,2 1,0,2 2,0,2 2,0,3 Z
1,0,3 1,0,4 2,0,4 3,0,3 3,0,4 U
1,1,3 2,1,1 2,1,2 2,1,3 3,1,3 T
1,2,0 1,3,0 2,1,0 2,2,0 2,3,0 P
1,4,0 2,4,0 3,2,0 3,3,0 3,4,0 V

I V V V
I P P V     L L L L
I P P V     L X Y F     Y Y Y Y
I X P F     N X T F     N X T F     N T T T
I W W F     Z X W W     Z Z Z W     N U Z U     N U U U

solution 96:
0,0,0 0,1,0 0,2,0 0,3,0 0,4,0 I
1,0,1 1,1,0 1,1,1 1,1,2 1,2,1 X
1,0,0 2,0,0 2,0,1 3,0,1 3,0,2 W
3,0,0 3,1,0 3,1,1 3,1,2 3,2,1 F
0,2,2 1,2,2 2,1,2 2,2,2 3,2,2 Y
1,3,1 2,1,1 2,2,1 2,3,1 3,3,1 T
0,1,1 0,1,2 0,1,3 0,2,1 0,3,1 V
0,0,1 0,0,2 0,0,3 0,0,4 1,0,4 L
2,1,0 2,2,0 3,2,0 3,3,0 3,4,0 N
1,2,0 1,3,0 1,4,0 2,3,0 2,4,0 P
1,0,2 2,0,2 2,0,3 2,0,4 3,0,4 Z
1,0,3 1,1,3 2,1,3 3,0,3 3,1,3 U

I P P N
I P P N     V T T T
I P N N     V X T F     Y Y Y Y
I X N F     V X T F     V X Y F     V U U U
I W W F     L X W W     L Z Z W     L U Z U     L L Z Z

solution 97:
0,0,0 0,1,0 0,2,0 0,3,0 0,4,0 I
1,0,1 1,1,0 1,1,1 1,1,2 1,2,1 X
1,0,0 2,0,0 2,0,1 3,0,1 3,0,2 W
3,0,0 3,1,0 3,1,1 3,1,2 3,2,1 F
0,2,2 1,2,2 2,1,2 2,2,2 3,2,2 Y
1,3,1 2,1,1 2,2,1 2,3,1 3,3,1 T
0,1,1 0,1,2 0,1,3 0,2,1 0,3,1 V
0,0,1 0,0,2 0,0,3 0,0,4 1,0,4 L
1,2,0 1,3,0 1,4,0 2,1,0 2,2,0 N
2,3,0 2,4,0 3,2,0 3,3,0 3,4,0 P
1,0,2 2,0,2 2,0,3 2,0,4 3,0,4 Z
1,0,3 1,1,3 2,1,3 3,0,3 3,1,3 U

I N P P
I N P P     V T T T
I N N P     V X T F     Y Y Y Y
I X N F     V X T F     V X Y F     V U U U
I W W F     L X W W     L Z Z W     L U Z U     L L Z Z

solution 98:
0,0,0 0,1,0 0,2,0 0,3,0 0,4,0 I
1,0,1 1,1,0 1,1,1 1,1,2 1,2,1 X
1,0,0 2,0,0 2,0,1 3,0,1 3,0,2 W
3,0,0 3,1,0 3,1,1 3,1,2 3,2,1 F
0,2,2 1,2,2 2,1,2 2,2,2 3,2,2 Y
1,3,1 2,1,1 2,2,1 2,3,1 3,3,1 T
0,1,1 0,1,2 0,1,3 0,2,1 0,3,1 V
0,0,1 0,0,2 1,0,2 2,0,2 2,0,3 Z
1,0,3 1,1,3 2,1,3 3,0,3 3,1,3 U
0,0,3 0,0,4 1,0,4 2,0,4 3,0,4 L
2,1,0 2,2,0 3,2,0 3,3,0 3,4,0 N
1,2,0 1,3,0 1,4,0 2,3,0 2,4,0 P

I P P N
I P P N     V T T T
I P N N     V X T F     Y Y Y Y
I X N F     V X T F     V X Y F     V U U U
I W W F     Z X W W     Z Z Z W     L U Z U     L L L L

solution 99:
0,0,0 0,1,0 0,2,0 0,3,0 0,4,0 I
1,0,1 1,1,0 1,1,1 1,1,2 1,2,1 X
1,0,0 2,0,0 2,0,1 3,0,1 3,0,2 W
3,0,0 3,1,0 3,1,1 3,1,2 3,2,1 F
0,2,2 1,2,2 2,1,2 2,2,2 3,2,2 Y
1,3,1 2,1,1 2,2,1 2,3,1 3,3,1 T
0,1,1 0,1,2 0,1,3 0,2,1 0,3,1 V
0,0,1 0,0,2 1,0,2 2,0,2 2,0,3 Z
1,0,3 1,1,3 2,1,3 3,0,3 3,1,3 U
0,0,3 0,0,4 1,0,4 2,0,4 3,0,4 L
1,2,0 1,3,0 1,4,0 2,1,0 2,2,0 N
2,3,0 2,4,0 3,2,0 3,3,0 3,4,0 P

I N P P
I N P P     V T T T
I N N P     V X T F     Y Y Y Y
I X N F     V X T F     V X Y F     V U U U
I W W F     Z X W W     Z Z Z W     L U Z U     L L L L

solution 100:
0,0,0 0,1,0 0,2,0 0,3,0 0,4,0 I
2,0,1 2,1,0 2,1,1 2,1,2 2,2,1 X
1,0,0 1,1,0 1,2,0 2,0,0 2,2,0 U
1,3,0 1,4,0 2,3,0 2,4,0 3,4,0 P
0,3,1 1,3,1 2,3,1 3,3,0 3,3,1 L
0,2,1 1,2,1 1,2,2 2,2,2 3,2,2 N
0,1,3 1,1,1 1,1,2 1,1,3 2,1,3 T
0,0,2 0,0,3 0,1,1 0,1,2 0,2,2 F
0,0,1 1,0,1 1,0,2 2,0,2 2,0,3 W
0,0,4 1,0,3 1,0,4 2,0,4 3,0,4 Y
3,0,0 3,0,1 3,0,2 3,1,0 3,2,0 V
3,0,3 3,1,1 3,1,2 3,1,3 3,2,1 Z

I P P P
I P P L     L L L L
I U U V     N N X Z     F N N N
I U X V     F T X Z     F T X Z     T T T Z
I U U V     W W X V     F W W V     F Y W Z     Y Y Y Y

solution 101:
0,0,0 0,1,0 0,2,0 0,3,0 0,4,0 I
2,0,1 2,1,0 2,1,1 2,1,2 2,2,1 X
1,0,0 2,0,0 3,0,0 3,0,1 3,0,2 V
0,3,1 1,3,1 2,3,1 3,3,0 3,3,1 L
1,3,0 1,4,0 2,3,0 2,4,0 3,4,0 P
1,1,0 1,2,0 2,2,0 3,1,0 3,2,0 U
3,0,3 3,1,1 3,1,2 3,1,3 3,2,1 Z
0,1,3 1,1,1 1,1,2 1,1,3 2,1,3 T
0,2,1 1,2,1 1,2,2 2,2,2 3,2,2 N
0,0,2 0,0,3 0,1,1 0,1,2 0,2,2 F
0,0,1 1,0,1 1,0,2 2,0,2 2,0,3 W
0,0,4 1,0,3 1,0,4 2,0,4 3,0,4 Y

I P P P
I P P L     L L L L
I U U U     N N X Z     F N N N
I U X U     F T X Z     F T X Z     T T T Z
I V V V     W W X V     F W W V     F Y W Z     Y Y Y Y

solution 102:
0,0,0 0,1,0 0,2,0 0,3,0 0,4,0 I
3,0,1 3,1,0 3,1,1 3,1,2 3,2,1 X
0,0,1 1,0,0 1,0,1 2,0,0 3,0,0 N
0,3,1 1,3,1 2,3,0 2,3,1 3,3,1 Y
1,2,0 1,3,0 1,4,0 2,4,0 3,4,0 V
1,1,0 2,1,0 2,2,0 3,2,0 3,3,0 W
2,0,2 2,1,2 2,2,2 3,0,2 3,2,2 U
0,1,1 1,1,1 2,0,1 2,1,1 2,2,1 T
0,0,2 0,1,2 0,1,3 0,2,1 0,2,2 F
1,0,2 1,0,3 1,1,2 1,2,1 1,2,2 Z
0,0,3 0,0,4 1,0,4 2,0,4 3,0,4 L
1,1,3 2,0,3 2,1,3 3,0,3 3,1,3 P

I V V V
I V Y W     Y Y Y Y
I V W W     F Z T X     F Z U U
I W W X     T T T X     F Z U X     F P P P
I N N N     N N T X     F Z U U     L Z P P     L L L L

solution 103:
0,0,0 0,1,0 0,2,0 0,3,0 0,4,0 I
2,1,1 2,2,0 2,2,1 2,2,2 2,3,1 X
1,3,0 1,4,0 2,3,0 2,4,0 3,4,0 P
0,1,1 0,1,2 0,1,3 0,2,1 0,3,1 V
0,2,2 1,1,2 1,2,2 2,1,2 3,1,2 N
1,0,3 1,1,3 2,1,3 3,0,3 3,1,3 U
0,0,1 0,0,2 0,0,3 0,0,4 1,0,4 L
1,0,2 2,0,2 2,0,3 2,0,4 3,0,4 Z
1,0,0 2,0,0 2,0,1 3,0,1 3,0,2 W
1,0,1 1,1,1 1,2,0 1,2,1 1,3,1 Y
1,1,0 2,1,0 3,0,0 3,1,0 3,2,0 T
3,1,1 3,2,1 3,2,2 3,3,0 3,3,1 F

I P P P
I P P F     V Y X F
I Y X T     V Y X F     N N X F
I T T T     V Y X F     V N N N     V U U U
I W W T     L Y W W     L Z Z W     L U Z U     L L Z Z

solution 104:
0,0,0 0,1,0 0,2,0 0,3,0 0,4,0 I
2,1,1 2,2,0 2,2,1 2,2,2 2,3,1 X
1,3,0 1,4,0 2,3,0 2,4,0 3,4,0 P
0,1,1 0,1,2 0,1,3 0,2,1 0,3,1 V
0,2,2 1,1,2 1,2,2 2,1,2 3,1,2 N
1,0,3 1,1,3 2,1,3 3,0,3 3,1,3 U
0,0,3 0,0,4 1,0,4 2,0,4 3,0,4 L
1,0,1 1,1,1 1,2,0 1,2,1 1,3,1 Y
0,0,1 0,0,2 1,0,2 2,0,2 2,0,3 Z
1,1,0 2,1,0 3,0,0 3,1,0 3,2,0 T
3,1,1 3,2,1 3,2,2 3,3,0 3,3,1 F
1,0,0 2,0,0 2,0,1 3,0,1 3,0,2 W

I P P P
I P P F     V Y X F
I Y X T     V Y X F     N N X F
I T T T     V Y X F     V N N N     V U U U
I W W T     Z Y W W     Z Z Z W     L U Z U     L L L L

solution 105:
0,0,0 0,1,0 0,2,0 0,3,0 0,4,0 I
3,1,1 3,2,0 3,2,1 3,2,2 3,3,1 X
1,2,0 1,3,0 1,4,0 2,4,0 3,4,0 V
0,3,1 1,3,1 2,3,0 2,3,1 3,3,0 N
3,0,0 3,0,1 3,0,2 3,1,0 3,1,2 U
0,0,4 1,0,4 2,0,4 3,0,3 3,0,4 L
0,1,3 1,0,3 1,1,3 2,1,3 3,1,3 Y
0,0,1 1,0,1 1,0,2 2,0,2 2,0,3 W
0,0,2 0,0,3 0,1,1 0,1,2 0,2,2 F
1,0,0 1,1,0 1,1,1 1,1,2 1,2,2 Z
0,2,1 1,2,1 2,2,0 2,2,1 2,2,2 T
2,0,0 2,0,1 2,1,0 2,1,1 2,1,2 P

I V V V
I V N N     N N N X
I V T X     T T T X     F Z T X
I Z P U     F Z P X     F Z P U     Y Y Y Y
I Z P U     W W P U     F W W U     F Y W L     L L L L

solution 106:
0,0,0 0,1,0 0,2,0 0,3,0 0,4,0 I
3,1,1 3,2,0 3,2,1 3,2,2 3,3,1 X
1,2,0 1,3,0 1,4,0 2,4,0 3,4,0 V
0,3,1 1,3,1 2,3,0 2,3,1 3,3,0 N
3,0,0 3,0,1 3,0,2 3,1,0 3,1,2 U
0,0,4 1,0,3 1,0,4 2,0,4 3,0,4 Y
0,1,3 1,1,3 2,1,3 3,0,3 3,1,3 L
0,0,1 1,0,1 1,0,2 2,0,2 2,0,3 W
0,0,2 0,0,3 0,1,1 0,1,2 0,2,2 F
1,0,0 1,1,0 1,1,1 1,1,2 1,2,2 Z
0,2,1 1,2,1 2,2,0 2,2,1 2,2,2 T
2,0,0 2,0,1 2,1,0 2,1,1 2,1,2 P

I V V V
I V N N     N N N X
I V T X     T T T X     F Z T X
I Z P U     F Z P X     F Z P U     L L L L
I Z P U     W W P U     F W W U     F Y W L     Y Y Y Y

solution 107:
0,0,0 0,1,0 0,2,0 0,3,0 0,4,0 I
3,1,1 3,2,0 3,2,1 3,2,2 3,3,1 X
1,2,0 1,3,0 1,4,0 2,4,0 3,4,0 V
0,3,1 1,3,1 2,3,0 2,3,1 3,3,0 N
2,1,0 2,1,1 2,1,2 3,1,0 3,1,2 U
0,2,1 1,2,1 2,2,0 2,2,1 2,2,2 T
0,0,1 0,1,1 0,1,2 0,1,3 0,2,2 F
1,0,0 1,1,0 1,1,1 1,1,2 1,2,2 Z
1,0,3 1,1,3 2,0,3 2,1,3 3,1,3 P
0,0,3 0,0,4 1,0,4 2,0,4 3,0,4 L
0,0,2 1,0,1 1,0,2 2,0,0 2,0,1 W
2,0,2 3,0,0 3,0,1 3,0,2 3,0,3 Y

I V V V
I V N N     N N N X
I V T X     T T T X     F Z T X
I Z U U     F Z U X     F Z U U     F P P P
I Z W Y     F W W Y     W W Y Y     L P P Y     L L L L

solution 108:
0,0,0 0,1,0 0,2,0 0,3,0 0,4,0 I
3,1,1 3,2,0 3,2,1 3,2,2 3,3,1 X
1,2,0 1,3,0 1,4,0 2,4,0 3,4,0 V
0,3,1 1,3,1 2,3,0 2,3,1 3,3,0 N
2,1,0 2,1,1 2,1,2 3,1,0 3,1,2 U
0,2,1 1,2,1 2,2,0 2,2,1 2,2,2 T
0,0,2 0,0,3 0,1,1 0,1,2 0,2,2 F
1,0,0 1,1,0 1,1,1 1,1,2 1,2,2 Z
0,1,3 1,1,3 2,1,3 3,0,3 3,1,3 L
0,0,4 1,0,3 1,0,4 2,0,4 3,0,4 Y
0,0,1 1,0,1 1,0,2 2,0,2 2,0,3 W
2,0,0 2,0,1 3,0,0 3,0,1 3,0,2 P

I V V V
I V N N     N N N X
I V T X     T T T X     F Z T X
I Z U U     F Z U X     F Z U U     L L L L
I Z P P     W W P P     F W W P     F Y W L     Y Y Y Y

solution 109:
0,0,0 0,1,0 0,2,0 0,3,0 0,4,0 I
3,1,1 3,2,0 3,2,1 3,2,2 3,3,1 X
1,2,0 1,3,0 1,4,0 2,4,0 3,4,0 V
0,3,1 1,3,1 2,3,0 2,3,1 3,3,0 N
2,1,0 2,1,1 2,1,2 3,1,0 3,1,2 U
0,2,1 1,2,1 2,2,0 2,2,1 2,2,2 T
0,0,2 0,0,3 0,1,1 0,1,2 0,2,2 F
1,0,0 1,1,0 1,1,1 1,1,2 1,2,2 Z
0,1,3 1,0,3 1,1,3 2,1,3 3,1,3 Y
0,0,4 1,0,4 2,0,4 3,0,3 3,0,4 L
0,0,1 1,0,1 1,0,2 2,0,2 2,0,3 W
2,0,0 2,0,1 3,0,0 3,0,1 3,0,2 P

I V V V
I V N N     N N N X
I V T X     T T T X     F Z T X
I Z U U     F Z U X     F Z U U     Y Y Y Y
I Z P P     W W P P     F W W P     F Y W L     L L L L

solution 110:
0,0,0 0,1,0 0,2,0 0,3,0 0,4,0 I
0,0,2 0,1,1 0,1,2 0,1,3 0,2,2 X
0,0,4 1,0,4 2,0,4 3,0,3 3,0,4 L
0,0,3 1,0,3 2,0,3 2,1,3 3,1,3 N
0,0,1 1,0,1 1,1,1 2,0,1 3,0,1 Y
1,0,2 1,1,2 1,1,3 1,2,1 1,2,2 F
0,2,1 0,3,1 1,3,1 2,2,1 2,3,1 U
2,0,2 2,1,0 2,1,1 2,1,2 2,2,2 T
1,0,0 1,1,0 1,2,0 2,0,0 3,0,0 V
3,0,2 3,1,0 3,1,1 3,1,2 3,2,0 Z
3,2,1 3,2,2 3,3,0 3,3,1 3,4,0 W
1,3,0 1,4,0 2,2,0 2,3,0 2,4,0 P

I P P W
I P P W     U U U W
I V P Z     U F U W     X F T W
I V T Z     X Y T Z     X F T Z     X F N N
I V V V     Y Y Y Y     X F T Z     N N N L     L L L L

solution 111:
0,0,0 0,1,0 0,2,0 0,3,0 0,4,0 I
0,0,2 0,1,1 0,1,2 0,1,3 0,2,2 X
0,0,3 0,0,4 1,0,3 1,0,4 2,0,4 P
3,0,1 3,0,2 3,0,3 3,0,4 3,1,3 Y
0,0,1 1,0,1 1,1,1 2,1,1 3,1,1 N
1,0,2 1,1,2 1,1,3 1,2,1 1,2,2 F
0,2,1 0,3,1 1,3,1 2,3,1 3,3,1 L
2,0,3 2,1,2 2,1,3 2,2,1 2,2,2 W
1,0,0 2,0,0 2,0,1 2,0,2 3,0,0 T
3,1,0 3,1,2 3,2,0 3,2,1 3,2,2 U
1,1,0 2,1,0 2,2,0 2,3,0 3,3,0 Z
1,2,0 1,3,0 1,4,0 2,4,0 3,4,0 V

I V V V
I V Z Z     L L L L
I V Z U     L F W U     X F W U
I Z Z U     X N N N     X F W U     X F W Y
I T T T     N N T Y     X F T Y     P P W Y     P P P Y

solution 112:
0,0,0 0,1,0 0,2,0 0,3,0 0,4,0 I
0,0,2 0,1,1 0,1,2 0,1,3 0,2,2 X
0,0,4 1,0,4 2,0,3 2,0,4 3,0,4 Y
0,0,1 0,0,3 1,0,1 1,0,2 1,0,3 U
0,3,1 1,3,1 2,3,0 2,3,1 3,3,0 N
1,2,0 1,3,0 1,4,0 2,4,0 3,4,0 V
0,2,1 1,2,1 2,2,0 2,2,1 2,2,2 T
1,0,0 1,1,0 1,1,1 1,1,2 1,2,2 Z
1,1,3 2,1,2 2,1,3 3,1,1 3,1,2 W
3,1,0 3,2,0 3,2,1 3,2,2 3,3,1 F
2,0,0 2,0,1 2,0,2 2,1,0 2,1,1 P
3,0,0 3,0,1 3,0,2 3,0,3 3,1,3 L

I V V V
I V N N     N N N F
I V T F     T T T F     X Z T F
I Z P F     X Z P W     X Z W W     X W W L
I Z P L     U U P L     X U P L     U U Y L     Y Y Y Y

solution 113:
0,0,0 0,1,0 0,2,0 0,3,0 0,4,0 I
1,0,2 1,1,1 1,1,2 1,1,3 1,2,2 X
0,0,1 0,1,1 0,1,2 0,1,3 0,2,2 F
0,0,2 0,0,3 0,0,4 1,0,3 1,0,4 P
2,0,1 2,0,2 3,0,2 3,0,3 3,0,4 N
2,0,3 2,0,4 2,1,2 2,1,3 2,2,2 W
1,0,0 1,0,1 2,0,0 3,0,0 3,0,1 U
2,1,1 3,1,0 3,1,1 3,1,2 3,1,3 Y
0,2,1 0,3,1 1,3,1 2,3,1 3,3,1 L
1,1,0 2,1,0 2,2,0 2,3,0 3,3,0 Z
1,2,1 2,2,1 3,2,0 3,2,1 3,2,2 T
1,2,0 1,3,0 1,4,0 2,4,0 3,4,0 V

I V V V
I V Z Z     L L L L
I V Z T     L T T T     F X W T
I Z Z Y     F X Y Y     F X W Y     F X W Y
I U U U     F U N U     P X N N     P P W N     P P W N

solution 114:
0,0,0 0,1,0 0,2,0 0,3,0 0,4,0 I
1,0,2 1,1,1 1,1,2 1,1,3 1,2,2 X
0,0,1 0,1,1 0,1,2 0,1,3 0,2,2 F
0,0,2 0,0,3 1,0,3 2,0,2 2,0,3 U
0,0,4 1,0,4 2,0,4 3,0,3 3,0,4 L
1,0,0 1,0,1 2,0,1 3,0,1 3,0,2 Z
0,3,1 1,3,1 2,3,0 2,3,1 3,3,1 Y
1,4,0 2,4,0 3,2,0 3,3,0 3,4,0 V
0,2,1 1,2,1 2,2,0 2,2,1 2,2,2 T
1,1,0 1,2,0 1,3,0 2,0,0 2,1,0 N
3,0,0 3,1,0 3,1,1 3,2,1 3,2,2 W
2,1,1 2,1,2 2,1,3 3,1,2 3,1,3 P

I V V V
I N Y V     Y Y Y Y
I N T V     T T T W     F X T W
I N N W     F X P W     F X P P     F X P P
I Z N W     F Z Z Z     U X U Z     U U U L     L L L L

solution 115:
0,0,0 0,1,0 0,2,0 0,3,0 0,4,0 I
3,0,2 3,1,1 3,1,2 3,1,3 3,2,2 X
2,0,2 2,0,3 2,0,4 3,0,3 3,0,4 P
0,0,3 0,0,4 0,1,2 0,1,3 0,2,2 W
0,0,1 0,0,2 1,0,2 1,0,3 1,0,4 N
1,0,0 1,0,1 2,0,0 3,0,0 3,0,1 U
0,1,1 1,1,0 1,1,1 1,1,2 1,1,3 Y
2,0,1 2,1,1 2,1,2 2,1,3 2,2,2 F
0,2,1 0,3,1 1,3,1 2,3,1 3,3,1 L
1,3,0 2,1,0 2,2,0 2,3,0 3,1,0 Z
1,2,0 1,2,1 1,2,2 2,2,1 3,2,1 T
1,4,0 2,4,0 3,2,0 3,3,0 3,4,0 V

I V V V
I Z Z V     L L L L
I T Z V     L T T T     W T F X
I Y Z Z     Y Y F X     W Y F X     W Y F X
I U U U     N U F U     N N P X     W N P P     W N P P

solution 116:
0,0,0 0,1,0 0,2,0 0,3,0 0,4,0 I
0,0,1 1,0,0 1,0,1 1,0,2 2,0,1 X
0,0,2 0,0,3 0,0,4 0,1,1 0,1,2 N
0,1,3 1,0,3 1,1,3 2,1,3 3,1,3 Y
1,0,4 2,0,2 2,0,3 2,0,4 3,0,4 T
3,0,2 3,0,3 3,1,1 3,1,2 3,2,2 F
3,0,0 3,0,1 3,1,0 3,2,0 3,2,1 U
2,0,0 2,1,0 2,1,1 2,1,2 2,2,2 Z
0,2,1 0,3,1 1,3,1 2,3,1 3,3,1 L
0,2,2 1,2,1 1,2,2 2,2,0 2,2,1 W
1,1,0 1,1,1 1,1,2 1,2,0 1,3,0 V
1,4,0 2,3,0 2,4,0 3,3,0 3,4,0 P

I P P P
I V P P     L L L L
I V W U     L W W U     W W Z F
I V Z U     N V Z F     N V Z F     Y Y Y Y
I X Z U     X X X U     N X T F     N Y T F     N T T T

solution 117:
0,0,0 0,1,0 0,2,0 0,3,0 0,4,0 I
0,0,1 1,0,0 1,0,1 1,0,2 2,0,1 X
0,0,4 1,0,3 1,0,4 2,0,3 2,0,4 P
0,0,2 0,0,3 0,1,1 0,1,2 0,2,2 F
3,0,3 3,0,4 3,1,2 3,1,3 3,2,2 W
0,1,3 1,1,1 1,1,2 1,1,3 2,1,3 T
1,2,2 2,0,2 2,1,2 2,2,2 3,0,2 Z
1,2,0 1,3,0 1,4,0 2,4,0 3,4,0 V
1,1,0 2,0,0 2,1,0 2,2,0 2,3,0 Y
0,2,1 1,2,1 2,1,1 2,2,1 3,1,1 N
3,0,0 3,0,1 3,1,0 3,2,0 3,2,1 U
0,3,1 1,3,1 2,3,1 3,3,0 3,3,1 L

I V V V
I V Y L     L L L L
I V Y U     N N N U     F Z Z W
I Y Y U     F T N N     F T Z W     T T T W
I X Y U     X X X U     F X Z Z     F P P W     P P P W

solution 118:
0,0,0 0,1,0 0,2,0 0,3,0 0,4,0 I
0,0,1 1,0,0 1,0,1 1,0,2 2,0,1 X
0,0,4 1,0,3 1,0,4 2,0,4 3,0,4 Y
0,0,2 0,0,3 0,1,1 0,1,2 0,2,2 F
0,1,3 1,1,3 2,0,3 2,1,3 3,0,3 N
3,1,1 3,1,2 3,1,3 3,2,1 3,2,2 P
2,0,0 2,0,2 3,0,0 3,0,1 3,0,2 U
0,2,1 0,3,1 1,3,1 2,3,1 3,3,1 L
1,1,1 1,1,2 2,1,0 2,1,1 3,1,0 W
2,1,2 2,2,0 2,2,1 2,2,2 2,3,0 Z
1,1,0 1,2,0 1,2,1 1,2,2 1,3,0 T
1,4,0 2,4,0 3,2,0 3,3,0 3,4,0 V

I V V V
I T Z V     L L L L
I T Z V     L T Z P     F T Z P
I T W W     F W W P     F W Z P     N N N P
I X U U     X X X U     F X U U     F Y N N     Y Y Y Y

solution 119:
0,0,0 0,1,0 0,2,0 0,3,0 0,4,0 I
0,0,1 1,0,0 1,0,1 1,0,2 2,0,1 X
0,0,4 1,0,3 1,0,4 2,0,4 3,0,4 Y
0,0,2 0,0,3 0,1,1 0,1,2 0,2,2 F
0,1,3 1,1,1 1,1,2 1,1,3 2,1,1 Z
2,0,2 2,0,3 2,1,2 2,1,3 2,2,2 P
1,1,0 1,2,0 1,2,1 1,2,2 1,3,0 T
0,2,1 0,3,1 1,3,1 2,2,1 2,3,1 U
1,4,0 2,4,0 3,2,0 3,3,0 3,4,0 V
2,0,0 2,1,0 2,2,0 2,3,0 3,0,0 L
3,0,1 3,0,2 3,0,3 3,1,0 3,1,1 N
3,1,2 3,1,3 3,2,1 3,2,2 3,3,1 W

I V V V
I T L V     U U U W
I T L V     U T U W     F T P W
I T L N     F Z Z N     F Z P W     Z Z P W
I X L L     X X X N     F X P N     F Y P N     Y Y Y Y

solution 120:
0,0,0 0,1,0 0,2,0 0,3,0 0,4,0 I
0,0,1 1,0,0 1,0,1 1,0,2 2,0,1 X
0,0,4 1,0,3 1,0,4 2,0,4 3,0,4 Y
0,0,2 0,0,3 0,1,2 0,1,3 0,2,2 P
2,0,2 2,0,3 2,1,1 2,1,2 2,2,2 F
0,1,1 1,1,1 1,1,2 1,1,3 2,1,3 Z
1,1,0 1,2,0 1,2,1 1,2,2 1,3,0 T
0,2,1 0,3,1 1,3,1 2,2,1 2,3,1 U
1,4,0 2,4,0 3,2,0 3,3,0 3,4,0 V
2,0,0 2,1,0 2,2,0 2,3,0 3,0,0 L
3,0,1 3,0,2 3,0,3 3,1,0 3,1,1 N
3,1,2 3,1,3 3,2,1 3,2,2 3,3,1 W

I V V V
I T L V     U U U W
I T L V     U T U W     P T F W
I T L N     Z Z F N     P Z F W     P Z Z W
I X L L     X X X N     P X F N     P Y F N     Y Y Y Y

solution 121:
0,0,0 0,1,0 0,2,0 0,3,0 0,4,0 I
0,2,1 1,2,0 1,2,1 1,2,2 2,2,1 X
0,3,1 1,3,0 1,3,1 2,3,1 3,3,1 Y
1,4,0 2,2,0 2,3,0 2,4,0 3,4,0 T
3,1,2 3,2,0 3,2,1 3,2,2 3,3,0 Z
0,0,1 0,1,1 0,1,2 0,1,3 0,2,2 F
2,0,0 2,0,1 2,1,1 2,1,2 2,2,2 W
1,0,0 1,1,0 2,1,0 3,0,0 3,1,0 U
3,0,1 3,0,2 3,0,3 3,0,4 3,1,1 L
1,1,1 1,1,2 1,1,3 2,1,3 3,1,3 V
1,0,1 1,0,2 2,0,2 2,0,3 2,0,4 N
0,0,2 0,0,3 0,0,4 1,0,3 1,0,4 P

I T T T
I Y T Z     Y Y Y Y
I X T Z     X X X Z     F X W Z
I U U U     F V W L     F V W Z     F V V V
I U W U     F N W L     P N N L     P P N L     P P N L

solution 122:
0,0,0 0,1,0 0,2,0 0,3,0 0,4,0 I
0,2,1 1,2,0 1,2,1 1,2,2 2,2,1 X
0,3,1 1,3,0 1,3,1 2,3,1 3,3,1 Y
1,4,0 2,2,0 2,3,0 2,4,0 3,4,0 T
3,1,2 3,2,0 3,2,1 3,2,2 3,3,0 Z
0,0,1 0,1,1 0,1,2 0,1,3 0,2,2 F
2,0,0 2,0,1 2,1,1 2,1,2 2,2,2 W
1,0,0 1,1,0 2,1,0 3,0,0 3,1,0 U
3,0,1 3,0,2 3,0,3 3,0,4 3,1,1 L
1,1,1 1,1,2 1,1,3 2,1,3 3,1,3 V
0,0,2 0,0,3 0,0,4 1,0,1 1,0,2 N
1,0,3 1,0,4 2,0,2 2,0,3 2,0,4 P

I T T T
I Y T Z     Y Y Y Y
I X T Z     X X X Z     F X W Z
I U U U     F V W L     F V W Z     F V V V
I U W U     F N W L     N N P L     N P P L     N P P L

solution 123:
0,0,0 0,1,0 0,2,0 0,3,0 0,4,0 I
1,2,1 2,2,0 2,2,1 2,2,2 3,2,1 X
0,2,1 0,3,1 1,3,1 2,3,1 3,3,1 L
1,2,0 1,3,0 1,4,0 2,4,0 3,4,0 V
2,1,0 2,3,0 3,1,0 3,2,0 3,3,0 U
3,0,0 3,0,1 3,1,1 3,1,2 3,2,2 W
0,0,1 0,1,1 0,1,2 0,1,3 0,2,2 F
1,0,0 1,1,0 1,1,1 1,1,2 1,2,2 Z
1,1,3 2,1,1 2,1,2 2,1,3 3,1,3 T
2,0,0 2,0,1 2,0,2 3,0,2 3,0,3 N
0,0,4 1,0,4 2,0,3 2,0,4 3,0,4 Y
0,0,2 0,0,3 1,0,1 1,0,2 1,0,3 P

I V V V
I V U U     L L L L
I V X U     L X X X     F Z X W
I Z U U     F Z T W     F Z T W     F T T T
I Z N W     F P N W     P P N N     P P Y N     Y Y Y Y

solution 124:
0,0,0 0,1,0 0,2,0 0,3,0 0,4,0 I
1,2,1 2,2,0 2,2,1 2,2,2 3,2,1 X
0,2,1 0,3,1 1,3,1 2,3,1 3,3,1 L
1,4,0 2,4,0 3,2,0 3,3,0 3,4,0 V
1,1,0 1,2,0 1,3,0 2,1,0 2,3,0 U
3,0,0 3,1,0 3,1,1 3,1,2 3,2,2 Z
0,0,1 0,1,1 0,1,2 0,1,3 0,2,2 F
1,0,0 1,0,1 1,1,1 1,1,2 1,2,2 W
1,1,3 2,1,1 2,1,2 2,1,3 3,1,3 T
2,0,0 2,0,1 3,0,1 3,0,2 3,0,3 N
0,0,4 1,0,4 2,0,3 2,0,4 3,0,4 Y
0,0,2 0,0,3 1,0,2 1,0,3 2,0,2 P

I V V V
I U U V     L L L L
I U X V     L X X X     F W X Z
I U U Z     F W T Z     F W T Z     F T T T
I W N Z     F W N N     P P P N     P P Y N     Y Y Y Y

solution 125:
0,0,0 0,1,0 0,2,0 0,3,0 0,4,0 I
1,2,1 2,2,0 2,2,1 2,2,2 3,2,1 X
0,3,1 1,3,1 2,3,1 3,3,0 3,3,1 L
1,3,0 1,4,0 2,3,0 2,4,0 3,4,0 P
1,1,0 1,2,0 2,1,0 3,1,0 3,2,0 U
3,0,1 3,1,1 3,1,2 3,1,3 3,2,2 F
1,0,0 1,0,1 1,0,2 2,0,0 3,0,0 V
1,1,2 1,2,2 2,0,2 2,1,2 3,0,2 W
0,1,1 0,2,1 1,1,1 2,0,1 2,1,1 Z
0,0,1 0,0,2 0,0,3 0,1,2 0,2,2 T
0,1,3 1,1,3 2,0,3 2,1,3 3,0,3 N
0,0,4 1,0,3 1,0,4 2,0,4 3,0,4 Y

I P P P
I P P L     L L L L
I U X U     Z X X X     T W X F
I U U U     Z Z Z F     T W W F     N N N F
I V V V     T V Z F     T V W W     T Y N N     Y Y Y Y

solution 126:
0,0,0 0,1,0 0,2,0 0,3,0 0,4,0 I
0,0,2 1,0,1 1,0,2 1,0,3 2,0,2 X
0,0,3 0,0,4 1,0,4 2,0,4 3,0,4 L
2,0,1 2,0,3 3,0,1 3,0,2 3,0,3 U
0,0,1 0,1,1 0,1,2 0,1,3 0,2,2 F
0,3,1 1,3,1 2,3,0 2,3,1 3,3,1 Y
1,2,0 1,3,0 1,4,0 2,4,0 3,4,0 V
3,1,1 3,1,2 3,2,0 3,2,1 3,3,0 W
1,1,3 2,1,1 2,1,2 2,1,3 3,1,3 T
1,0,0 1,1,0 1,1,1 1,1,2 1,2,2 Z
0,2,1 1,2,1 2,2,1 2,2,2 3,2,2 N
2,0,0 2,1,0 2,2,0 3,0,0 3,1,0 P

I V V V
I V Y W     Y Y Y Y
I V P W     N N N W     F Z N N
I Z P P     F Z T W     F Z T W     F T T T
I Z P P     F X U U     X X X U     L X U U     L L L L

solution 127:
0,0,0 0,1,0 0,2,0 0,3,0 0,4,0 I
0,0,2 1,0,1 1,0,2 1,0,3 2,0,2 X
0,0,3 0,0,4 1,0,4 2,0,3 2,0,4 U
2,0,1 3,0,1 3,0,2 3,0,3 3,0,4 L
0,0,1 0,1,1 0,1,2 0,1,3 0,2,2 F
0,3,1 1,3,1 2,3,0 2,3,1 3,3,1 Y
1,2,0 1,3,0 1,4,0 2,4,0 3,4,0 V
3,1,1 3,1,2 3,2,0 3,2,1 3,3,0 W
1,1,3 2,1,1 2,1,2 2,1,3 3,1,3 T
1,0,0 1,1,0 1,1,1 1,1,2 1,2,2 Z
0,2,1 1,2,1 2,2,1 2,2,2 3,2,2 N
2,0,0 2,1,0 2,2,0 3,0,0 3,1,0 P

I V V V
I V Y W     Y Y Y Y
I V P W     N N N W     F Z N N
I Z P P     F Z T W     F Z T W     F T T T
I Z P P     F X L L     X X X L     U X U L     U U U L

solution 128:
0,0,0 0,1,0 0,2,0 0,3,0 0,4,0 I
0,0,2 1,0,1 1,0,2 1,0,3 2,0,2 X
0,0,3 0,0,4 1,0,4 2,0,3 2,0,4 U
3,0,2 3,0,3 3,0,4 3,1,2 3,1,3 P
0,0,1 0,1,1 0,1,2 0,1,3 0,2,1 T
0,2,2 1,2,1 1,2,2 2,2,0 2,2,1 W
2,0,1 2,1,1 2,1,2 2,1,3 2,2,2 F
1,0,0 1,1,0 1,1,1 1,1,2 1,1,3 L
2,0,0 2,1,0 3,1,0 3,2,0 3,3,0 N
3,0,0 3,0,1 3,1,1 3,2,1 3,2,2 Z
1,2,0 1,3,0 1,4,0 2,4,0 3,4,0 V
0,3,1 1,3,1 2,3,0 2,3,1 3,3,1 Y

I V V V
I V Y N     Y Y Y Y
I V W N     T W W Z     W W F Z
I L N N     T L F Z     T L F P     T L F P
I L N Z     T X F Z     X X X P     U X U P     U U U P

solution 129:
0,0,0 0,1,0 0,2,0 0,3,0 0,4,0 I
1,0,2 2,0,1 2,0,2 2,0,3 3,0,2 X
0,0,4 1,0,4 2,0,4 3,0,3 3,0,4 L
0,0,3 1,0,3 1,1,3 2,1,3 3,1,3 N
0,0,2 0,1,2 0,1,3 0,2,1 0,2,2 F
0,0,1 0,1,1 1,1,1 2,1,1 2,2,1 Z
1,0,0 1,0,1 2,0,0 3,0,0 3,0,1 U
0,3,1 1,2,1 1,3,1 2,3,1 3,3,1 Y
1,1,2 1,2,2 2,1,2 2,2,2 3,2,2 P
3,1,1 3,1,2 3,2,0 3,2,1 3,3,0 W
1,1,0 2,1,0 2,2,0 2,3,0 3,1,0 T
1,2,0 1,3,0 1,4,0 2,4,0 3,4,0 V

I V V V
I V T W     Y Y Y Y
I V T W     F Y Z W     F P P P
I T T T     Z Z Z W     F P P W     F N N N
I U U U     Z U X U     F X X X     N N X L     L L L L

solution 130:
0,0,0 0,1,0 0,2,0 0,3,0 0,4,0 I
1,0,2 2,0,1 2,0,2 2,0,3 3,0,2 X
0,0,4 1,0,4 2,0,4 3,0,3 3,0,4 L
0,0,3 1,0,3 1,1,3 2,1,3 3,1,3 N
0,0,2 0,1,2 0,1,3 0,2,1 0,2,2 F
0,0,1 0,1,1 1,1,1 2,1,1 2,2,1 Z
1,0,0 1,0,1 2,0,0 3,0,0 3,0,1 U
0,3,1 1,2,1 1,3,1 2,3,1 3,3,1 Y
1,1,2 1,2,2 2,1,2 2,2,2 3,2,2 P
3,1,1 3,1,2 3,2,0 3,2,1 3,3,0 W
1,4,0 2,2,0 2,3,0 2,4,0 3,4,0 T
1,1,0 1,2,0 1,3,0 2,1,0 3,1,0 V

I T T T
I V T W     Y Y Y Y
I V T W     F Y Z W     F P P P
I V V V     Z Z Z W     F P P W     F N N N
I U U U     Z U X U     F X X X     N N X L     L L L L

solution 131:
0,0,0 0,1,0 0,2,0 0,3,0 0,4,0 I
1,0,2 2,0,1 2,0,2 2,0,3 3,0,2 X
1,0,3 1,0,4 2,0,4 3,0,3 3,0,4 U
0,0,1 0,0,2 0,0,3 0,0,4 0,1,2 Y
0,1,3 1,1,1 1,1,2 1,1,3 2,1,3 T
1,0,0 1,0,1 1,1,0 1,2,0 1,3,0 L
1,4,0 2,3,0 2,4,0 3,3,0 3,4,0 P
0,1,1 0,2,1 0,3,1 1,3,1 2,3,1 V
2,0,0 2,1,0 2,1,1 2,1,2 2,2,2 Z
0,2,2 1,2,1 1,2,2 2,2,0 2,2,1 W
3,0,0 3,0,1 3,1,1 3,1,2 3,1,3 N
3,1,0 3,2,0 3,2,1 3,2,2 3,3,1 F

I P P P
I L P P     V V V F
I L W F     V W W F     W W Z F
I L Z F     V T Z N     Y T Z N     T T T N
I L Z N     Y L X N     Y X X X     Y U X U     Y U U U

solution 132:
0,0,0 0,1,0 0,2,0 0,3,0 0,4,0 I
1,0,2 2,0,1 2,0,2 2,0,3 3,0,2 X
1,0,3 1,0,4 2,0,4 3,0,3 3,0,4 U
0,0,1 0,0,2 0,0,3 0,0,4 0,1,2 Y
0,1,3 1,1,1 1,1,2 1,1,3 2,1,3 T
1,0,0 1,0,1 1,1,0 1,2,0 1,3,0 L
1,4,0 2,3,0 2,4,0 3,3,0 3,4,0 P
0,1,1 0,2,1 0,3,1 1,3,1 2,3,1 V
2,0,0 2,1,0 2,1,1 2,1,2 2,2,2 Z
0,2,2 1,2,1 1,2,2 2,2,0 2,2,1 W
3,0,0 3,1,0 3,2,0 3,2,1 3,3,1 N
3,0,1 3,1,1 3,1,2 3,1,3 3,2,2 F

I P P P
I L P P     V V V N
I L W N     V W W N     W W Z F
I L Z N     V T Z F     Y T Z F     T T T F
I L Z N     Y L X F     Y X X X     Y U X U     Y U U U

solution 133:
0,0,0 0,1,0 0,2,0 0,3,0 0,4,0 I
1,1,0 2,0,0 2,1,0 2,2,0 3,1,0 X
1,2,0 1,3,0 1,4,0 2,4,0 3,4,0 V
2,1,1 2,2,1 2,2,2 2,3,0 2,3,1 F
3,2,0 3,2,1 3,2,2 3,3,0 3,3,1 P
3,0,2 3,0,3 3,0,4 3,1,1 3,1,2 N
1,0,2 2,0,1 2,0,2 3,0,0 3,0,1 W
1,0,0 1,0,1 1,1,1 1,2,1 1,2,2 Z
0,0,1 0,1,1 0,2,1 0,3,1 1,3,1 L
0,0,2 0,1,2 0,2,2 1,1,2 2,1,2 T
0,0,3 0,0,4 1,0,4 2,0,3 2,0,4 U
0,1,3 1,0,3 1,1,3 2,1,3 3,1,3 Y

I V V V
I V F P     L L F P
I V X P     L Z F P     T Z F P
I X X X     L Z F N     T T T N     Y Y Y Y
I Z X W     L Z W W     T W W N     U Y U N     U U U N

solution 134:
0,0,0 0,1,0 0,2,0 0,3,0 0,4,0 I
1,2,0 2,1,0 2,2,0 2,3,0 3,2,0 X
1,3,0 1,4,0 2,4,0 3,3,0 3,4,0 U
3,0,0 3,1,0 3,1,1 3,1,2 3,2,1 F
1,3,1 2,1,1 2,2,1 2,3,1 3,3,1 T
1,0,2 2,0,2 2,1,2 2,2,2 3,2,2 Z
2,0,0 2,0,1 3,0,1 3,0,2 3,0,3 N
1,0,3 1,0,4 2,0,3 2,0,4 3,0,4 P
1,0,0 1,1,0 1,1,1 1,2,1 1,2,2 W
0,1,3 1,1,2 1,1,3 2,1,3 3,1,3 Y
0,0,2 0,0,3 0,0,4 0,1,2 0,2,2 V
0,0,1 0,1,1 0,2,1 0,3,1 1,0,1 L

I U U U
I U X U     L T T T
I X X X     L W T F     V W Z Z
I W X F     L W T F     V Y Z F     Y Y Y Y
I W N F     L L N N     V Z Z N     V P P N     V P P P

solution 135:
0,0,0 0,1,0 0,2,0 0,3,0 0,4,0 I
1,1,2 2,0,2 2,1,2 2,2,2 3,1,2 X
0,1,2 0,1,3 1,1,3 2,1,3 3,1,3 L
0,0,1 0,1,1 0,2,1 0,2,2 0,3,1 Y
1,0,2 1,0,3 2,0,3 3,0,3 3,0,4 Z
0,0,2 0,0,3 0,0,4 1,0,4 2,0,4 V
2,0,0 2,0,1 3,0,0 3,0,1 3,0,2 P
3,1,1 3,2,1 3,2,2 3,3,0 3,3,1 F
2,2,0 2,3,0 2,4,0 3,2,0 3,4,0 U
1,0,0 1,1,0 1,2,0 2,1,0 3,1,0 T
1,2,1 1,2,2 1,3,0 1,3,1 1,4,0 W
1,0,1 1,1,1 2,1,1 2,2,1 2,3,1 N

I W U U
I W U F     Y W N F
I T U U     Y W N F     Y W X F
I T T T     Y N N F     L X X X     L L L L
I T P P     Y N P P     V Z X P     V Z Z Z     V V V Z

solution 136:
0,0,0 0,1,0 0,2,0 0,3,0 0,4,0 I
1,1,2 2,0,2 2,1,2 2,2,2 3,1,2 X
0,0,3 0,1,3 1,1,3 2,1,3 3,1,3 L
0,0,4 1,0,2 1,0,3 1,0,4 2,0,4 T
2,0,3 3,0,1 3,0,2 3,0,3 3,0,4 Y
0,0,2 0,1,2 0,2,1 0,2,2 0,3,1 N
0,0,1 1,0,0 1,0,1 2,0,0 2,0,1 P
0,1,1 1,1,1 2,1,1 2,2,1 2,3,1 V
1,2,1 1,2,2 1,3,0 1,3,1 1,4,0 W
1,1,0 1,2,0 2,1,0 3,0,0 3,1,0 Z
3,1,1 3,2,1 3,2,2 3,3,0 3,3,1 F
2,2,0 2,3,0 2,4,0 3,2,0 3,4,0 U

I W U U
I W U F     N W V F
I Z U U     N W V F     N W X F
I Z Z Z     V V V F     N X X X     L L L L
I P P Z     P P P Y     N T X Y     L T Y Y     T T T Y

solution 137:
0,0,0 0,1,0 0,2,0 0,3,0 0,4,0 I
1,1,2 2,0,2 2,1,2 2,2,2 3,1,2 X
1,0,3 1,1,3 2,0,3 2,1,3 3,1,3 P
1,0,4 2,0,4 3,0,2 3,0,3 3,0,4 V
0,0,3 0,0,4 0,1,2 0,1,3 0,2,2 W
0,0,2 1,0,0 1,0,1 1,0,2 2,0,0 Z
0,0,1 0,1,1 0,2,1 0,3,1 1,1,1 Y
1,1,0 1,2,0 1,2,1 1,2,2 1,3,1 F
3,0,1 3,1,1 3,2,0 3,2,1 3,2,2 T
2,1,0 2,2,0 2,3,0 3,0,0 3,1,0 N
2,0,1 2,1,1 2,2,1 2,3,1 3,3,1 L
1,3,0 1,4,0 2,4,0 3,3,0 3,4,0 U

I U U U
I U N U     Y F L L
I F N T     Y F L T     W F X T
I F N N     Y Y L T     W X X X     W P P P
I Z Z N     Y Z L T     Z Z X V     W P P V     W V V V

137 solutions, 1466095 searches, duration 0:13:09.396000
