solving HeptiamondsJaggedHexagon3:

solution 1 (1,799,487 searches):
05,02,0 05,02,1 05,03,0 06,02,0 06,02,1 07,02,0 07,02,1 P7
05,01,0 05,01,1 06,00,1 06,01,0 06,01,1 07,01,0 07,01,1 E7
08,00,1 08,01,0 08,01,1 09,01,0 09,01,1 10,00,1 10,01,0 C7
09,02,1 09,03,0 09,03,1 10,01,1 10,02,0 10,02,1 11,01,0 F7
07,03,0 07,03,1 07,04,0 08,02,0 08,02,1 08,03,0 09,02,0 M7
09,04,0 09,04,1 10,03,0 10,03,1 10,04,0 10,04,1 11,03,0 B7
09,05,1 09,06,0 10,05,0 10,05,1 10,06,0 10,06,1 11,05,0 A7
08,06,1 08,07,0 08,07,1 08,08,0 08,08,1 09,06,1 09,07,0 Y7
07,04,1 07,05,0 07,05,1 08,03,1 08,04,0 08,04,1 08,05,0 D7
07,06,0 07,06,1 07,07,0 07,07,1 08,05,1 08,06,0 09,05,0 T7
04,02,1 04,03,0 04,03,1 04,04,0 04,04,1 05,04,0 05,04,1 R7
05,03,1 06,03,0 06,03,1 06,04,0 06,04,1 06,05,0 06,05,1 L7
03,03,0 03,03,1 03,04,0 03,04,1 03,05,0 03,05,1 03,06,0 I7
01,05,0 01,05,1 02,04,1 02,05,0 02,05,1 02,06,0 02,06,1 H7
00,06,1 01,06,0 01,06,1 01,07,0 01,07,1 02,07,0 02,07,1 N7
00,08,1 01,08,0 01,08,1 01,09,0 01,09,1 02,08,0 02,09,0 Z7
00,10,1 01,10,0 01,10,1 01,11,0 02,09,1 02,10,0 02,10,1 X7
04,05,0 04,05,1 04,06,1 04,07,0 05,05,0 05,05,1 05,06,0 V7
02,08,1 03,06,1 03,07,0 03,07,1 03,08,0 03,08,1 04,06,0 Q7
03,09,0 03,09,1 03,10,0 03,10,1 03,11,0 04,09,0 04,09,1 G7
04,10,0 04,10,1 05,09,1 05,10,0 05,10,1 05,11,0 06,09,0 W7
06,08,1 06,09,1 06,10,0 06,10,1 07,08,0 07,08,1 07,09,0 S7
05,07,1 05,08,1 05,09,0 06,06,1 06,07,0 06,07,1 06,08,0 U7
04,07,1 04,08,0 04,08,1 05,06,1 05,07,0 05,08,0 06,06,0 J7

             /\      /\      /\
        ____/  \____/  \____/  \____
        \          /   /       /   /
         \____    /   /___    /   /
         /    \  /       /\   \   \
    ____/   ___\/_______/  \___\   \____
    \       \      /    \   \      /   /
     \_______\    /   ___\   \____/   /
     /       /   /\   \      /   /    \
____/   ____/   /  \   \    /   /      \____
\      /   /\   \   \   \  /    \  /\  /   /
 \____/   /  \___\   \___\/___   \/  \/   /
 /       /   /       /   /    \   \       \
/___    /   /_______/   /      \___\_______\
    \  /   /       /   /\      /       /
     \/   /   ____/   /  \    /___    /
     /   /   /\      /    \  /   /    \
    /___/   /  \____/___   \/   /______\
        \  /           /    \      /
         \/___________/______\    /
         /           /        \   \
        /___    ____/   ____   \___\
            \  /    \  /    \  /
             \/      \/      \/

