solving HeptiamondsHexgridElongatedHexagon5x3:

solution 1 (1,321 searches):
00,06,1 00,07,0 00,07,1 01,06,1 01,07,0 01,07,1 02,06,0 A7
01,08,0 01,08,1 02,07,0 02,07,1 02,08,0 02,08,1 03,07,0 B7
02,09,0 02,09,1 03,09,0 03,09,1 03,10,0 04,09,0 04,09,1 E7
03,10,1 04,10,0 04,10,1 04,11,0 05,09,1 05,10,0 06,09,0 H7
04,11,1 05,10,1 05,11,0 06,09,1 06,10,0 07,08,1 07,09,0 I7
06,10,1 07,09,1 07,10,0 08,09,0 08,09,1 09,08,1 09,09,0 N7
01,04,1 01,05,0 01,05,1 01,06,0 02,04,0 02,04,1 02,05,0 D7
03,07,1 03,08,0 03,08,1 04,08,0 04,08,1 05,07,1 05,08,0 C7
04,05,0 04,05,1 04,06,0 04,06,1 04,07,0 04,07,1 05,07,0 L7
02,05,1 02,06,1 03,04,1 03,05,0 03,05,1 03,06,0 03,06,1 M7
05,08,1 05,09,0 06,07,0 06,07,1 06,08,0 06,08,1 07,08,0 W7
02,02,1 02,03,0 03,02,0 03,02,1 04,01,1 04,02,0 04,02,1 Q7
02,03,1 03,03,0 03,03,1 03,04,0 04,03,0 04,03,1 04,04,0 F7
05,01,0 05,01,1 05,02,0 05,02,1 06,00,1 06,01,0 07,00,0 T7
06,01,1 06,02,0 06,02,1 06,03,0 06,03,1 07,00,1 07,01,0 R7
04,04,1 05,03,0 05,03,1 05,04,0 05,04,1 05,05,0 06,04,0 X7
07,01,1 07,02,0 07,02,1 07,03,0 07,03,1 08,01,0 08,01,1 J7
06,04,1 07,04,0 07,04,1 07,05,0 07,05,1 08,04,1 08,05,0 S7
06,06,1 07,06,0 07,06,1 07,07,0 07,07,1 08,06,0 08,06,1 Y7
08,02,0 08,02,1 08,03,0 08,03,1 08,04,0 09,02,0 09,02,1 G7
08,05,1 09,04,1 09,05,0 09,05,1 09,06,0 09,06,1 09,07,0 P7
09,03,0 09,03,1 09,04,0 10,03,0 10,03,1 10,04,0 10,04,1 U7
08,07,0 08,07,1 08,08,0 08,08,1 09,07,1 09,08,0 10,07,0 V7
10,05,0 10,05,1 10,06,0 10,06,1 11,04,0 11,04,1 11,05,0 Z7

                          ____
                         /\   \
                    ____/  \   \____
                   /\       \   \   \
              ____/  \____   \   \   \____
             /           /\   \   \       \
        ____/___________/  \___\   \____   \
       /       /        \       \  /    \  /
  ____/___    /   ____   \    ___\/      \/
 /       /    \  /    \  /   /   /   /\   \
/       /______\/   ___\/___/   /___/  \___\
\  /\   \      /   /    \          /   /   /
 \/  \___\    /   /      \________/   /   /
 /    \      /   /\      /    \      /    \
/      \    /___/  \____/      \    /___   \
\      /\  /\       \      /\  /\  /   /   /
 \____/  \/  \    ___\____/  \/  \/   /___/
 /\          /   /   /   /   /       /
/  \________/___/   /   /   /_______/
\          /   /   /   /       /
 \____    /   /   /   /_______/
      \  /    \   \      /
       \/___   \   \____/
            \   \  /
             \___\/

solution 2 (30,001 searches):
00,06,1 00,07,0 00,07,1 01,06,1 01,07,0 01,07,1 02,06,0 A7
01,08,0 01,08,1 02,07,0 02,07,1 02,08,0 02,08,1 03,07,0 B7
02,09,0 02,09,1 03,09,0 03,09,1 03,10,0 04,09,0 04,09,1 E7
03,10,1 04,10,0 04,10,1 04,11,0 05,09,1 05,10,0 06,09,0 H7
04,11,1 05,10,1 05,11,0 06,09,1 06,10,0 07,08,1 07,09,0 I7
06,10,1 07,09,1 07,10,0 08,09,0 08,09,1 09,08,1 09,09,0 N7
01,04,1 01,05,0 01,05,1 01,06,0 02,04,0 02,04,1 02,05,0 D7
03,07,1 03,08,0 03,08,1 04,07,1 04,08,0 04,08,1 05,08,0 F7
05,07,0 05,07,1 05,08,1 05,09,0 06,07,0 06,07,1 06,08,0 V7
04,04,1 04,05,0 04,05,1 04,06,0 04,06,1 04,07,0 05,04,0 L7
02,05,1 02,06,1 03,04,1 03,05,0 03,05,1 03,06,0 03,06,1 M7
05,03,1 05,04,1 05,05,0 06,02,1 06,03,0 06,03,1 06,04,0 U7
06,08,1 07,07,1 07,08,0 08,06,1 08,07,0 08,07,1 08,08,0 G7
08,08,1 09,06,0 09,06,1 09,07,0 09,07,1 09,08,0 10,07,0 T7
07,06,1 07,07,0 08,04,0 08,04,1 08,05,0 08,05,1 08,06,0 R7
06,04,1 06,06,1 07,04,0 07,04,1 07,05,0 07,05,1 07,06,0 C7
09,05,1 10,05,0 10,05,1 10,06,0 10,06,1 11,04,1 11,05,0 W7
09,04,0 09,04,1 09,05,0 10,03,1 10,04,0 10,04,1 11,04,0 X7
08,03,0 08,03,1 09,02,0 09,02,1 09,03,0 09,03,1 10,03,0 Y7
07,02,1 07,03,0 07,03,1 08,01,0 08,01,1 08,02,0 08,02,1 Z7
03,02,1 04,01,1 04,02,0 04,02,1 04,03,0 04,03,1 04,04,0 P7
02,02,1 02,03,0 02,03,1 03,02,0 03,03,0 03,03,1 03,04,0 S7
05,02,1 05,03,0 06,01,1 06,02,0 07,01,0 07,01,1 07,02,0 J7
05,01,0 05,01,1 05,02,0 06,00,1 06,01,0 07,00,0 07,00,1 Q7

                          ____
                         /\   \
                    ____/  \   \____
                   /\       \   \   \
              ____/  \____   \   \   \____
             /           /\   \   \       \
        ____/___________/  \___\   \____   \
       /       /        \   \   \  /\   \  /
  ____/___    /       ___\   \   \/  \   \/
 /       /    \  /\  /       /\      /    \
/       /______\/  \/_______/  \    /   ___\
\  /\   \      /   /    \   \   \  /   /   /
 \/  \___\    /   /      \   \   \/___/   /
 /    \      /   /\      /   /   /\       \
/      \    /   /  \____/   /   /  \____   \
\      /\  /\   \   \      /   /        \  /
 \____/  \/  \___\   \____/___/___    ___\/
 /       /   /\      /   /        \  /
/   ____/   /  \    /   /___    ___\/
\   \      /\   \  /\      /   /
 \___\    /  \   \/  \    /___/
      \  /    \      /   /
       \/___   \____/___/
            \      /
             \____/

solution 3 (97,398 searches):
00,06,1 00,07,0 00,07,1 01,06,1 01,07,0 01,07,1 02,06,0 A7
01,08,0 01,08,1 02,07,0 02,07,1 02,08,0 02,08,1 03,07,0 B7
02,09,0 02,09,1 03,09,0 03,09,1 03,10,0 04,09,0 04,09,1 E7
03,10,1 04,10,0 04,10,1 04,11,0 05,09,1 05,10,0 06,09,0 H7
04,11,1 05,10,1 05,11,0 06,09,1 06,10,0 07,08,1 07,09,0 I7
06,10,1 07,09,1 07,10,0 08,09,0 08,09,1 09,08,1 09,09,0 N7
01,04,1 01,05,0 01,05,1 01,06,0 02,04,0 02,04,1 02,05,0 D7
03,08,0 03,08,1 04,08,0 04,08,1 05,07,0 05,07,1 05,08,0 J7
03,07,1 04,05,1 04,06,0 04,06,1 04,07,0 04,07,1 05,05,0 Q7
05,08,1 05,09,0 06,07,0 06,07,1 06,08,0 06,08,1 07,08,0 W7
02,05,1 02,06,1 03,04,1 03,05,0 03,05,1 03,06,0 03,06,1 M7
02,02,1 02,03,0 02,03,1 03,02,0 03,03,0 03,03,1 03,04,0 S7
03,02,1 04,01,1 04,02,0 04,02,1 04,03,0 04,03,1 05,01,0 T7
04,04,0 04,04,1 04,05,0 05,04,0 05,04,1 06,04,0 06,04,1 P7
05,01,1 05,02,0 06,00,1 06,01,0 06,01,1 07,00,0 07,00,1 F7
05,03,0 05,03,1 06,03,0 06,03,1 07,03,0 07,03,1 07,04,0 L7
05,02,1 06,02,0 06,02,1 07,01,0 07,01,1 07,02,0 08,01,0 U7
07,02,1 08,01,1 08,02,0 08,02,1 08,03,0 09,02,0 09,02,1 X7
06,06,1 07,06,0 07,06,1 07,07,0 07,07,1 08,06,0 08,06,1 Y7
08,07,0 08,07,1 08,08,0 08,08,1 09,07,1 09,08,0 10,07,0 V7
10,05,0 10,05,1 10,06,0 10,06,1 11,04,0 11,04,1 11,05,0 Z7
08,05,0 08,05,1 09,05,0 09,05,1 09,06,0 09,06,1 09,07,0 R7
07,04,1 07,05,0 07,05,1 08,03,1 08,04,0 09,03,0 09,03,1 C7
08,04,1 09,04,0 09,04,1 10,03,0 10,03,1 10,04,0 10,04,1 G7

                          ____
                         /\   \
                    ____/  \   \____
                   /\       \   \   \
              ____/  \____   \   \   \____
             /           /\   \   \       \
        ____/___________/  \___\   \____   \
       /       /        \       \  /    \  /
  ____/___    /_______   \    ___\/      \/
 /       /    \      /   /   /   /   /\   \
/       /______\    /___/___/   /___/  \___\
\  /\   \      /   /    \          /   /   /
 \/  \___\    /   /      \________/   /   /
 /    \      /\   \      /   /       /    \
/      \    /  \___\____/   /_______/___   \
\      /\  /           /\   \          /   /
 \____/  \/___________/  \   \____    /___/
 /       /   /           /\      /   /
/   ____/   /___________/  \____/___/
\   \      /\       \          /
 \___\    /  \____   \    ____/
      \   \      /    \  /
       \___\    /______\/
            \      /
             \____/

solution 4 (106,894 searches):
00,06,1 00,07,0 00,07,1 01,06,1 01,07,0 01,07,1 02,06,0 A7
01,08,0 01,08,1 02,07,0 02,07,1 02,08,0 02,08,1 03,07,0 B7
02,09,0 02,09,1 03,09,0 03,09,1 03,10,0 04,09,0 04,09,1 E7
03,10,1 04,10,0 04,10,1 04,11,0 05,09,1 05,10,0 06,09,0 H7
04,11,1 05,10,1 05,11,0 06,09,1 06,10,0 07,08,1 07,09,0 I7
06,10,1 07,09,1 07,10,0 08,09,0 08,09,1 09,08,1 09,09,0 N7
01,04,1 01,05,0 01,05,1 01,06,0 02,04,0 02,04,1 02,05,0 D7
03,08,0 03,08,1 04,08,0 04,08,1 05,08,0 05,08,1 05,09,0 L7
02,06,1 03,06,0 03,06,1 03,07,1 04,06,0 04,06,1 04,07,0 J7
04,07,1 05,07,0 05,07,1 06,07,0 06,07,1 06,08,0 06,08,1 R7
02,02,1 02,03,0 03,02,0 03,02,1 04,01,1 04,02,0 04,02,1 Q7
02,03,1 03,03,0 03,03,1 03,04,0 03,04,1 04,03,0 04,03,1 Y7
02,05,1 03,05,0 03,05,1 04,04,0 04,04,1 04,05,0 04,05,1 G7
05,01,0 05,01,1 05,02,0 05,02,1 05,03,0 06,01,0 06,02,0 M7
06,00,1 06,01,1 07,00,0 07,00,1 07,01,0 07,01,1 07,02,0 F7
07,02,1 08,01,0 08,01,1 08,02,0 08,02,1 08,03,0 09,02,0 X7
05,03,1 05,04,0 06,02,1 06,03,0 06,03,1 07,03,0 07,03,1 T7
05,04,1 05,05,0 06,04,0 06,04,1 07,04,0 07,04,1 07,05,0 C7
08,03,1 08,04,0 08,04,1 08,05,0 09,02,1 09,03,0 09,04,0 U7
09,03,1 09,04,1 10,03,0 10,03,1 10,04,0 10,04,1 11,04,0 Z7
09,05,1 10,05,0 10,05,1 10,06,0 10,06,1 11,04,1 11,05,0 W7
06,06,1 07,05,1 07,06,0 07,06,1 07,07,0 07,07,1 07,08,0 P7
08,05,1 08,06,0 08,06,1 09,05,0 09,06,0 09,06,1 09,07,0 S7
08,07,0 08,07,1 08,08,0 08,08,1 09,07,1 09,08,0 10,07,0 V7

                          ____
                         /\   \
                    ____/  \   \____
                   /\       \   \   \
              ____/  \____   \   \   \____
             /           /\   \   \       \
        ____/___________/  \___\   \____   \
       /       /           /   /\  /    \  /
  ____/___    /___________/   /  \/      \/
 /       /    \   \          /   /   /\   \
/       /______\   \________/   /___/  \___\
\  /\   \          /    \      /       /   /
 \/  \___\________/      \    /   ____/   /
 /    \          /\      /\  /\   \       \
/      \____    /  \____/  \/  \___\____   \
\      /   /   /\          /    \       \  /
 \____/   /___/  \________/   ___\    ___\/
 /\          /\          /\   \      /
/  \________/  \    ____/  \   \____/
\          /    \  /\       \  /
 \____    /   ___\/  \    ___\/
      \  /    \      /   /
       \/______\    /___/
            \      /
             \____/

solution 5 (106,911 searches):
00,06,1 00,07,0 00,07,1 01,06,1 01,07,0 01,07,1 02,06,0 A7
01,08,0 01,08,1 02,07,0 02,07,1 02,08,0 02,08,1 03,07,0 B7
02,09,0 02,09,1 03,09,0 03,09,1 03,10,0 04,09,0 04,09,1 E7
03,10,1 04,10,0 04,10,1 04,11,0 05,09,1 05,10,0 06,09,0 H7
04,11,1 05,10,1 05,11,0 06,09,1 06,10,0 07,08,1 07,09,0 I7
06,10,1 07,09,1 07,10,0 08,09,0 08,09,1 09,08,1 09,09,0 N7
01,04,1 01,05,0 01,05,1 01,06,0 02,04,0 02,04,1 02,05,0 D7
03,08,0 03,08,1 04,08,0 04,08,1 05,08,0 05,08,1 05,09,0 L7
02,06,1 03,06,0 03,06,1 03,07,1 04,06,0 04,06,1 04,07,0 J7
04,07,1 05,07,0 05,07,1 06,07,0 06,07,1 06,08,0 06,08,1 R7
02,02,1 02,03,0 03,02,0 03,02,1 04,01,1 04,02,0 04,02,1 Q7
02,03,1 03,03,0 03,03,1 03,04,0 03,04,1 04,03,0 04,03,1 Y7
02,05,1 03,05,0 03,05,1 04,04,0 04,04,1 04,05,0 04,05,1 G7
05,01,0 05,01,1 05,02,0 05,02,1 05,03,0 06,01,0 06,02,0 M7
06,00,1 06,01,1 07,00,0 07,00,1 07,01,0 07,01,1 08,01,0 Z7
05,04,1 05,05,0 06,04,0 06,04,1 07,04,0 07,04,1 07,05,0 C7
05,03,1 05,04,0 06,02,1 06,03,0 06,03,1 07,03,0 07,03,1 T7
07,02,0 07,02,1 08,01,1 08,02,0 08,02,1 08,03,0 09,02,0 X7
08,03,1 08,04,0 08,04,1 08,05,0 09,02,1 09,03,0 09,03,1 U7
06,06,1 07,05,1 07,06,0 07,06,1 07,07,0 07,07,1 07,08,0 P7
08,05,1 09,04,0 09,04,1 09,05,0 10,03,0 10,03,1 10,04,0 F7
08,06,0 08,06,1 09,05,1 09,06,0 09,06,1 09,07,0 10,05,0 W7
10,04,1 10,05,1 10,06,0 10,06,1 11,04,0 11,04,1 11,05,0 S7
08,07,0 08,07,1 08,08,0 08,08,1 09,07,1 09,08,0 10,07,0 V7

                          ____
                         /\   \
                    ____/  \   \____
                   /\       \   \   \
              ____/  \____   \   \   \____
             /           /\   \   \       \
        ____/___________/  \___\   \____   \
       /       /           /   /\  /    \  /
  ____/___    /___________/   /  \/      \/
 /       /    \   \          /   /   /\   \
/       /______\   \________/   /___/  \___\
\  /\   \          /    \      /       /   /
 \/  \___\________/      \    /___    /   /
 /    \          /\      /\  /\   \   \   \
/      \____    /  \____/  \/  \   \___\   \
\      /   /   /\          /   /    \      /
 \____/   /___/  \________/   /___   \____/
 /\          /\          /\      /   /
/  \________/  \    ____/  \    /___/
\          /    \  /        \  /
 \____    /   ___\/___    ___\/
      \  /    \       \  /
       \/______\    ___\/
            \      /
             \____/

solution 6 (123,180 searches):
00,06,1 00,07,0 00,07,1 01,06,1 01,07,0 01,07,1 02,06,0 A7
01,08,0 01,08,1 02,07,0 02,07,1 02,08,0 02,08,1 03,07,0 B7
02,09,0 02,09,1 03,09,0 03,09,1 03,10,0 04,09,0 04,09,1 E7
03,10,1 04,10,0 04,10,1 04,11,0 05,09,1 05,10,0 06,09,0 H7
04,11,1 05,10,1 05,11,0 06,09,1 06,10,0 07,08,1 07,09,0 I7
06,10,1 07,09,1 07,10,0 08,09,0 08,09,1 09,08,1 09,09,0 N7
01,04,1 01,05,0 01,05,1 01,06,0 02,04,0 02,04,1 02,05,0 D7
03,08,0 03,08,1 04,08,0 04,08,1 05,08,0 05,08,1 05,09,0 L7
03,06,1 03,07,1 04,05,1 04,06,0 04,06,1 04,07,0 04,07,1 M7
02,06,1 03,05,1 03,06,0 04,04,0 04,04,1 04,05,0 05,04,0 P7
02,03,1 02,05,1 03,03,0 03,03,1 03,04,0 03,04,1 03,05,0 C7
02,02,1 02,03,0 03,02,0 03,02,1 04,01,1 04,02,0 04,02,1 Q7
05,07,0 05,07,1 06,06,1 06,07,0 06,07,1 06,08,0 07,06,0 W7
06,08,1 07,06,1 07,07,0 07,07,1 07,08,0 08,06,0 08,06,1 S7
04,03,0 04,03,1 05,03,0 05,03,1 06,02,0 06,02,1 06,03,0 J7
05,01,0 05,01,1 05,02,0 05,02,1 06,00,1 06,01,0 07,00,0 T7
05,04,1 05,05,0 06,03,1 06,04,0 06,04,1 07,03,0 07,03,1 F7
06,01,1 07,00,1 07,01,0 07,01,1 07,02,0 07,02,1 08,01,0 X7
08,01,1 08,02,0 08,02,1 08,03,0 08,03,1 09,02,0 09,02,1 Y7
08,07,0 08,07,1 08,08,0 08,08,1 09,07,1 09,08,0 10,07,0 V7
07,04,0 07,04,1 07,05,0 07,05,1 08,04,0 08,04,1 09,04,0 G7
09,03,0 09,03,1 09,04,1 10,03,0 10,03,1 10,04,0 10,04,1 U7
08,05,0 08,05,1 09,05,0 09,05,1 09,06,0 09,06,1 09,07,0 R7
10,05,0 10,05,1 10,06,0 10,06,1 11,04,0 11,04,1 11,05,0 Z7

                          ____
                         /\   \
                    ____/  \   \____
                   /\       \   \   \
              ____/  \____   \   \   \____
             /           /\   \   \       \
        ____/___________/  \___\   \____   \
       /       /           /\   \  /    \  /
  ____/___    /___________/  \   \/      \/
 /       /    \      /       /   /   /\   \
/       /______\    /___    /   /___/  \___\
\  /\   \   \      /    \   \      /   /   /
 \/  \___\   \    /      \___\____/   /   /
 /    \   \   \  /\      /   /       /    \
/      \   \   \/  \____/   /_______/___   \
\      /   /    \      /        \      /   /
 \____/   /______\    /__________\    /___/
 /\      /        \      /   /       /
/  \____/_______   \____/   /_______/
\          /   /   /   /       /
 \____    /   /___/   /   ____/
      \  /    \       \  /
       \/___   \    ___\/
            \   \  /
             \___\/

solution 7 (123,196 searches):
00,06,1 00,07,0 00,07,1 01,06,1 01,07,0 01,07,1 02,06,0 A7
01,08,0 01,08,1 02,07,0 02,07,1 02,08,0 02,08,1 03,07,0 B7
02,09,0 02,09,1 03,09,0 03,09,1 03,10,0 04,09,0 04,09,1 E7
03,10,1 04,10,0 04,10,1 04,11,0 05,09,1 05,10,0 06,09,0 H7
04,11,1 05,10,1 05,11,0 06,09,1 06,10,0 07,08,1 07,09,0 I7
06,10,1 07,09,1 07,10,0 08,09,0 08,09,1 09,08,1 09,09,0 N7
01,04,1 01,05,0 01,05,1 01,06,0 02,04,0 02,04,1 02,05,0 D7
03,08,0 03,08,1 04,08,0 04,08,1 05,08,0 05,08,1 05,09,0 L7
03,06,1 03,07,1 04,05,1 04,06,0 04,06,1 04,07,0 04,07,1 M7
02,06,1 03,05,1 03,06,0 04,04,0 04,04,1 04,05,0 05,04,0 P7
02,03,1 02,05,1 03,03,0 03,03,1 03,04,0 03,04,1 03,05,0 C7
02,02,1 02,03,0 03,02,0 03,02,1 04,01,1 04,02,0 04,02,1 Q7
05,07,0 05,07,1 06,06,1 06,07,0 06,07,1 06,08,0 07,06,0 W7
06,08,1 07,06,1 07,07,0 07,07,1 07,08,0 08,06,0 08,06,1 S7
04,03,0 04,03,1 05,03,0 05,03,1 06,02,0 06,02,1 06,03,0 J7
05,01,0 05,01,1 05,02,0 05,02,1 06,00,1 06,01,0 07,00,0 T7
05,04,1 05,05,0 06,03,1 06,04,0 06,04,1 07,03,0 07,03,1 F7
06,01,1 07,00,1 07,01,0 07,01,1 07,02,0 08,01,0 08,01,1 X7
07,02,1 08,02,0 08,02,1 08,03,0 08,03,1 09,02,0 09,02,1 Y7
08,07,0 08,07,1 08,08,0 08,08,1 09,07,1 09,08,0 10,07,0 V7
07,04,0 07,04,1 07,05,0 07,05,1 08,04,0 08,04,1 09,04,0 G7
09,03,0 09,03,1 09,04,1 10,03,0 10,03,1 10,04,0 10,04,1 U7
08,05,0 08,05,1 09,05,0 09,05,1 09,06,0 09,06,1 09,07,0 R7
10,05,0 10,05,1 10,06,0 10,06,1 11,04,0 11,04,1 11,05,0 Z7

                          ____
                         /\   \
                    ____/  \   \____
                   /\       \   \   \
              ____/  \____   \   \   \____
             /           /\   \   \       \
        ____/___________/  \___\   \____   \
       /       /           /\   \  /    \  /
  ____/___    /___________/  \   \/      \/
 /       /    \      /       /   /   /\   \
/       /______\    /___    /   /___/  \___\
\  /\   \   \      /    \   \      /   /   /
 \/  \___\   \    /      \___\____/   /   /
 /    \   \   \  /\      /   /       /    \
/      \   \   \/  \____/   /_______/___   \
\      /   /    \      /        \      /   /
 \____/   /______\    /__________\    /___/
 /\      /        \      /   /       /
/  \____/_______   \____/   /_______/
\          /   /   /\          /
 \____    /   /___/  \________/
      \  /    \          /
       \/___   \    ____/
            \   \  /
             \___\/

solution 8 (137,479 searches):
00,06,1 00,07,0 00,07,1 01,06,1 01,07,0 01,07,1 02,06,0 A7
01,08,0 01,08,1 02,07,0 02,07,1 02,08,0 02,08,1 03,07,0 B7
02,09,0 02,09,1 03,09,0 03,09,1 03,10,0 04,09,0 04,09,1 E7
03,10,1 04,10,0 04,10,1 04,11,0 05,09,1 05,10,0 06,09,0 H7
04,11,1 05,10,1 05,11,0 06,09,1 06,10,0 07,08,1 07,09,0 I7
06,10,1 07,09,1 07,10,0 08,09,0 08,09,1 09,08,1 09,09,0 N7
01,04,1 01,05,0 01,05,1 01,06,0 02,04,0 02,04,1 02,05,0 D7
03,08,0 03,08,1 04,08,0 04,08,1 05,08,0 05,08,1 05,09,0 L7
03,06,1 03,07,1 04,05,1 04,06,0 04,06,1 04,07,0 04,07,1 M7
02,05,1 02,06,1 03,04,1 03,05,0 03,05,1 03,06,0 04,04,0 Z7
05,07,0 05,07,1 06,06,1 06,07,0 07,05,0 07,05,1 07,06,0 C7
04,03,0 04,03,1 04,04,1 04,05,0 05,03,0 05,03,1 05,04,0 V7
02,02,1 02,03,0 02,03,1 03,02,0 03,03,0 03,03,1 03,04,0 S7
03,02,1 04,01,1 04,02,0 04,02,1 05,01,0 05,02,0 05,02,1 G7
05,04,1 05,05,0 06,03,0 06,03,1 06,04,0 06,04,1 07,04,0 W7
05,01,1 06,00,1 06,01,0 06,01,1 06,02,0 06,02,1 07,00,0 T7
07,00,1 07,01,0 07,01,1 07,02,0 07,02,1 08,01,0 08,01,1 Y7
07,03,0 07,03,1 07,04,1 08,03,0 08,03,1 08,04,0 08,04,1 U7
08,02,0 08,02,1 09,02,0 09,02,1 09,03,0 09,03,1 09,04,0 R7
09,04,1 10,03,0 10,03,1 10,04,0 10,04,1 10,05,0 11,04,0 X7
09,05,1 09,06,0 09,06,1 10,05,1 10,06,0 11,04,1 11,05,0 J7
08,08,0 08,08,1 09,07,0 09,07,1 09,08,0 10,06,1 10,07,0 F7
06,07,1 07,06,1 07,07,0 08,05,0 08,05,1 08,06,0 09,05,0 P7
06,08,0 06,08,1 07,07,1 07,08,0 08,06,1 08,07,0 08,07,1 Q7

                          ____
                         /\   \
                    ____/  \   \____
                   /\       \   \   \
              ____/  \____   \   \   \____
             /           /\   \   \       \
        ____/___________/  \___\   \____   \
       /       /           /    \  /    \  /
  ____/___    /___________/___   \/___   \/
 /       /    \      /    \   \      /    \
/       /______\    /___   \   \    /___   \
\  /\   \   \      /    \   \   \  /    \  /
 \/  \___\   \    /      \   \   \/      \/
 /    \      /\  /\      /   /    \  /\   \
/      \    /  \/  \____/___/______\/  \   \
\      /\   \   \       \      /\       \  /
 \____/  \___\   \    ___\    /  \    ___\/
 /       /       /   /       /   /   /
/   ____/_______/___/_______/   /___/
\   \          /   /   /       /
 \___\    ____/   /   /_______/
      \   \      /       /
       \___\    /   ____/
            \   \  /
             \___\/

solution 9 (160,713 searches):
00,06,1 00,07,0 00,07,1 01,06,1 01,07,0 01,07,1 02,06,0 A7
01,08,0 01,08,1 02,07,0 02,07,1 02,08,0 02,08,1 03,07,0 B7
02,09,0 02,09,1 03,09,0 03,09,1 03,10,0 04,09,0 04,09,1 E7
03,10,1 04,10,0 04,10,1 04,11,0 05,09,1 05,10,0 06,09,0 H7
04,11,1 05,10,1 05,11,0 06,09,1 06,10,0 07,08,1 07,09,0 I7
06,10,1 07,09,1 07,10,0 08,09,0 08,09,1 09,08,1 09,09,0 N7
01,04,1 01,05,0 01,05,1 01,06,0 02,04,0 02,04,1 02,05,0 D7
03,08,0 03,08,1 04,08,0 04,08,1 05,08,0 05,08,1 05,09,0 L7
03,07,1 04,05,1 04,06,0 04,06,1 04,07,0 04,07,1 05,07,0 T7
02,05,1 02,06,1 03,04,1 03,05,0 03,05,1 03,06,0 03,06,1 M7
05,07,1 06,06,1 06,07,0 06,07,1 07,06,0 07,06,1 08,06,0 U7
06,08,0 06,08,1 07,07,0 07,07,1 07,08,0 08,07,0 08,07,1 Z7
08,08,0 08,08,1 09,07,1 09,08,0 10,06,0 10,06,1 10,07,0 C7
08,06,1 09,05,0 09,05,1 09,06,0 09,06,1 09,07,0 10,05,0 X7
09,04,1 10,04,0 10,04,1 10,05,1 11,04,0 11,04,1 11,05,0 J7
08,04,1 09,02,1 09,03,0 09,03,1 09,04,0 10,03,0 10,03,1 W7
07,04,1 07,05,0 07,05,1 08,03,1 08,04,0 08,05,0 08,05,1 V7
07,02,0 07,02,1 07,03,1 08,02,0 08,02,1 08,03,0 09,02,0 G7
05,02,1 06,01,1 06,02,0 07,01,0 07,01,1 08,01,0 08,01,1 R7
05,01,0 05,01,1 05,02,0 06,00,1 06,01,0 07,00,0 07,00,1 Q7
06,02,1 06,03,0 06,03,1 06,04,0 06,04,1 07,03,0 07,04,0 F7
04,04,1 04,05,0 05,03,0 05,03,1 05,04,0 05,04,1 05,05,0 Y7
03,02,1 04,01,1 04,02,0 04,02,1 04,03,0 04,03,1 04,04,0 P7
02,02,1 02,03,0 02,03,1 03,02,0 03,03,0 03,03,1 03,04,0 S7

                          ____
                         /\   \
                    ____/  \   \____
                   /\       \   \   \
              ____/  \____   \   \   \____
             /           /\   \   \       \
        ____/___________/  \___\   \____   \
       /       /           /    \  /    \  /
  ____/___    /___________/___   \/___   \/
 /       /    \       \      /       /\   \
/       /______\    ___\    /_______/  \   \
\  /\   \      /   /    \       \      /   /
 \/  \___\    /   /      \_______\    /___/
 /    \      /\  /\      /       /    \   \
/      \    /  \/  \____/   ____/______\   \
\      /\  /\      /    \   \   \          /
 \____/  \/  \    /   ___\   \   \________/
 /       /   /   /    \   \  /       /
/   ____/   /___/   ___\   \/   ____/
\   \      /\   \  /        \  /
 \___\    /  \   \/__________\/
      \  /    \          /
       \/___   \________/
            \      /
             \____/

solution 10 (160,729 searches):
00,06,1 00,07,0 00,07,1 01,06,1 01,07,0 01,07,1 02,06,0 A7
01,08,0 01,08,1 02,07,0 02,07,1 02,08,0 02,08,1 03,07,0 B7
02,09,0 02,09,1 03,09,0 03,09,1 03,10,0 04,09,0 04,09,1 E7
03,10,1 04,10,0 04,10,1 04,11,0 05,09,1 05,10,0 06,09,0 H7
04,11,1 05,10,1 05,11,0 06,09,1 06,10,0 07,08,1 07,09,0 I7
06,10,1 07,09,1 07,10,0 08,09,0 08,09,1 09,08,1 09,09,0 N7
01,04,1 01,05,0 01,05,1 01,06,0 02,04,0 02,04,1 02,05,0 D7
03,08,0 03,08,1 04,08,0 04,08,1 05,08,0 05,08,1 05,09,0 L7
03,07,1 04,05,1 04,06,0 04,06,1 04,07,0 04,07,1 05,07,0 T7
02,05,1 02,06,1 03,04,1 03,05,0 03,05,1 03,06,0 03,06,1 M7
05,07,1 06,06,1 06,07,0 06,07,1 07,06,0 07,06,1 08,06,0 U7
06,08,0 06,08,1 07,07,0 07,07,1 07,08,0 08,07,0 08,07,1 Z7
08,08,0 08,08,1 09,07,1 09,08,0 10,06,0 10,06,1 10,07,0 C7
08,06,1 09,05,0 09,05,1 09,06,0 09,06,1 09,07,0 10,05,0 X7
09,04,1 10,04,0 10,04,1 10,05,1 11,04,0 11,04,1 11,05,0 J7
08,04,1 09,02,1 09,03,0 09,03,1 09,04,0 10,03,0 10,03,1 W7
07,04,1 07,05,0 07,05,1 08,03,1 08,04,0 08,05,0 08,05,1 V7
07,02,1 07,03,1 07,04,0 08,02,0 08,02,1 08,03,0 09,02,0 G7
05,02,1 06,01,1 06,02,0 07,01,0 07,01,1 08,01,0 08,01,1 R7
05,01,0 05,01,1 05,02,0 06,00,1 06,01,0 07,00,0 07,00,1 Q7
06,02,1 06,03,0 06,03,1 06,04,0 06,04,1 07,02,0 07,03,0 F7
04,04,1 04,05,0 05,03,0 05,03,1 05,04,0 05,04,1 05,05,0 Y7
03,02,1 04,01,1 04,02,0 04,02,1 04,03,0 04,03,1 04,04,0 P7
02,02,1 02,03,0 02,03,1 03,02,0 03,03,0 03,03,1 03,04,0 S7

                          ____
                         /\   \
                    ____/  \   \____
                   /\       \   \   \
              ____/  \____   \   \   \____
             /           /\   \   \       \
        ____/___________/  \___\   \____   \
       /       /           /    \  /    \  /
  ____/___    /___________/___   \/___   \/
 /       /    \       \      /       /\   \
/       /______\    ___\    /_______/  \   \
\  /\   \      /   /    \       \      /   /
 \/  \___\    /   /      \_______\    /___/
 /    \      /\  /\      /       /    \   \
/      \    /  \/  \____/   ____/______\   \
\      /\  /\      /   /\   \   \          /
 \____/  \/  \    /   /  \   \   \________/
 /       /   /   /    \   \  /       /
/   ____/   /___/   ___\   \/   ____/
\   \      /\   \   \       \  /
 \___\    /  \   \___\_______\/
      \  /    \          /
       \/___   \________/
            \      /
             \____/

User-requested solution limit reached.
10 solutions, 160,729 searches, duration 0:04:03.967977
