solving HeptiamondsHexagon3:

solution 1:
06,03,1 06,04,0 06,04,1 06,05,0 07,03,0 07,03,1 07,04,0 D7
03,08,1 03,09,0 04,07,1 04,08,0 04,08,1 05,06,1 05,07,0 E7
04,09,0 04,09,1 05,07,1 05,08,0 05,08,1 05,09,0 06,08,0 A7
01,08,1 01,09,1 02,08,0 02,08,1 02,09,0 02,09,1 03,08,0 B7
00,09,1 00,10,0 00,10,1 00,11,0 00,11,1 01,09,0 01,11,0 C7
01,10,0 01,10,1 02,10,0 02,10,1 03,09,1 03,10,0 03,10,1 P7
01,11,1 02,11,0 02,11,1 03,11,0 03,11,1 04,11,0 04,11,1 I7
00,07,0 00,07,1 00,08,0 00,08,1 00,09,0 01,07,1 01,08,0 G7
00,05,1 00,06,0 00,06,1 01,05,0 01,06,0 01,06,1 01,07,0 S7
01,04,1 01,05,1 02,03,1 02,04,0 02,04,1 02,05,0 03,03,0 Z7
04,10,0 04,10,1 05,10,0 05,10,1 05,11,0 05,11,1 06,11,0 N7
03,02,1 03,03,1 03,04,0 04,01,1 04,02,0 04,02,1 04,03,0 U7
05,09,1 06,08,1 06,09,0 06,09,1 06,10,0 06,10,1 07,09,0 X7
07,08,0 07,08,1 07,09,1 07,10,0 08,08,0 08,08,1 08,09,0 V7
08,07,1 09,07,0 09,07,1 09,08,0 10,06,1 10,07,0 11,06,0 H7
09,06,1 10,04,1 10,05,0 10,05,1 10,06,0 11,05,0 11,05,1 W7
10,02,1 11,02,0 11,02,1 11,03,0 11,03,1 11,04,0 11,04,1 L7
08,03,1 09,02,1 09,03,0 09,03,1 10,03,0 10,03,1 10,04,0 Q7
09,00,1 10,00,0 10,00,1 11,00,0 11,00,1 11,01,0 11,01,1 R7
08,02,1 08,03,0 09,01,1 09,02,0 10,01,0 10,01,1 10,02,0 J7
04,03,1 05,01,1 05,02,0 05,02,1 05,03,0 06,01,1 06,02,0 Y7
05,00,1 05,01,0 06,00,0 06,00,1 06,01,0 07,00,0 07,00,1 F7
05,03,1 06,02,1 06,03,0 07,01,0 07,01,1 07,02,0 07,02,1 T7
08,00,0 08,00,1 08,01,0 08,01,1 08,02,0 09,00,0 09,01,0 M7

            ________________________
           /    \              /    \
          /   ___\____________/   ___\
         /   /           /       /   /\
        /   /_______    /_______/   /  \
       /\   \      /\  /    \       \   \
      /  \___\    /  \/___   \    ___\   \
     /    \       \      /    \  /       /\
    /      \_______\    /   ___\/_______/  \
   /   /\  /        \   \  /        \       \
  /___/  \/          \   \/          \____   \
 /       /            \  /            \   \   \
/   ____/              \/              \   \___\
\   \   \              /\              /       /
 \___\   \            /  \            /   ____/
  \      /\          /    \          /\  /   /
   \    /  \________/      \________/  \/   /
    \   \   \   \   \      /\          /   /
     \___\   \   \   \____/  \    ____/   /
      \      /    \      /\   \  /\      /
       \    /      \    /  \   \/  \____/
        \  /\  /\  /   /    \      /   /
         \/  \/  \/___/   ___\____/   /
          \          /    \          /
           \________/______\________/


solution 2:
06,03,1 06,04,0 06,04,1 06,05,0 07,03,0 07,03,1 07,04,0 D7
03,08,1 03,09,0 04,07,1 04,08,0 04,08,1 05,06,1 05,07,0 E7
04,09,0 04,09,1 05,07,1 05,08,0 05,08,1 05,09,0 06,08,0 A7
01,08,1 01,09,1 02,08,0 02,08,1 02,09,0 02,09,1 03,08,0 B7
00,09,1 00,10,0 00,10,1 00,11,0 00,11,1 01,09,0 01,11,0 C7
01,10,0 01,10,1 02,10,0 02,10,1 03,09,1 03,10,0 03,10,1 P7
01,11,1 02,11,0 02,11,1 03,11,0 03,11,1 04,11,0 04,11,1 I7
00,07,0 00,07,1 00,08,0 00,08,1 00,09,0 01,07,1 01,08,0 G7
00,06,0 00,06,1 01,05,1 01,06,0 01,06,1 01,07,0 02,05,0 W7
00,05,1 01,04,1 01,05,0 02,03,1 02,04,0 02,04,1 03,04,0 H7
04,10,0 04,10,1 05,10,0 05,10,1 05,11,0 05,11,1 06,11,0 N7
05,09,1 06,08,1 06,09,0 06,09,1 06,10,0 06,10,1 07,10,0 Q7
07,08,0 07,08,1 07,09,0 07,09,1 08,08,1 08,09,0 09,08,0 V7
08,07,1 08,08,0 09,06,1 09,07,0 09,07,1 10,06,1 10,07,0 Z7
10,05,1 10,06,0 11,04,0 11,04,1 11,05,0 11,05,1 11,06,0 Y7
10,03,1 10,04,0 10,04,1 10,05,0 11,02,1 11,03,0 11,03,1 U7
03,03,0 03,03,1 04,02,1 04,03,0 04,03,1 05,02,1 05,03,0 F7
03,02,1 04,01,1 04,02,0 05,00,1 05,01,0 06,00,0 06,00,1 L7
05,01,1 05,02,0 06,01,0 06,01,1 07,00,0 07,00,1 07,01,0 S7
05,03,1 06,02,0 06,02,1 06,03,0 07,01,1 07,02,0 07,02,1 X7
08,00,0 08,00,1 08,01,0 08,01,1 08,02,0 09,00,0 09,01,0 M7
08,02,1 09,00,1 09,01,1 09,02,0 10,00,0 10,00,1 10,01,0 J7
08,03,0 08,03,1 09,02,1 09,03,0 09,03,1 10,01,1 10,02,0 T7
10,02,1 10,03,0 11,00,0 11,00,1 11,01,0 11,01,1 11,02,0 R7

            ________________________
           /    \              /    \
          /   ___\____________/   ___\
         /   /           /       /    \
        /   /_______    /_______/   ___\
       /\   \      /\  /    \      /    \
      /  \___\    /  \/___   \    /      \
     /    \       \      /    \  /   /\   \
    /      \_______\    /   ___\/___/  \___\
   /   /\  /        \   \  /        \       \
  /___/  \/          \   \/          \       \
 /       /            \  /            \  /\  /\
/___    /              \/              \/  \/  \
\   \   \              /\              /\      /
 \   \___\            /  \            /  \    /
  \       \          /    \          /   /   /
   \    ___\________/      \________/   /___/
    \  /        \   \      /       /\      /
     \/___       \   \____/___    /  \    /
      \   \  /\  /       /\   \   \   \  /
       \   \/  \/___    /  \   \   \   \/
        \   \       \  /    \   \  /   /
         \   \____   \/   ___\   \/   /
          \      /   /    \      /   /
           \____/___/______\____/___/


solution 3:
06,03,1 06,04,0 06,04,1 06,05,0 07,03,0 07,03,1 07,04,0 D7
03,08,1 03,09,0 04,07,1 04,08,0 04,08,1 05,06,1 05,07,0 E7
04,09,0 04,09,1 05,07,1 05,08,0 05,08,1 05,09,0 06,08,0 A7
01,08,1 01,09,1 02,08,0 02,08,1 02,09,0 02,09,1 03,08,0 B7
00,09,1 00,10,0 00,10,1 00,11,0 00,11,1 01,09,0 01,11,0 C7
01,10,0 01,10,1 02,10,0 02,10,1 03,09,1 03,10,0 03,10,1 P7
01,11,1 02,11,0 02,11,1 03,11,0 03,11,1 04,11,0 04,11,1 I7
00,07,0 00,07,1 00,08,0 00,08,1 00,09,0 01,07,1 01,08,0 G7
00,06,0 00,06,1 01,05,1 01,06,0 01,06,1 01,07,0 02,05,0 W7
00,05,1 01,04,1 01,05,0 02,03,1 02,04,0 02,04,1 03,04,0 H7
04,10,0 04,10,1 05,10,0 05,10,1 05,11,0 05,11,1 06,11,0 N7
05,09,1 06,08,1 06,09,0 06,09,1 06,10,0 06,10,1 07,10,0 Q7
07,08,0 07,08,1 07,09,0 07,09,1 08,08,1 08,09,0 09,08,0 V7
08,07,1 08,08,0 09,06,1 09,07,0 09,07,1 10,06,1 10,07,0 Z7
10,05,1 10,06,0 11,04,0 11,04,1 11,05,0 11,05,1 11,06,0 Y7
10,03,1 10,04,0 10,04,1 10,05,0 11,02,1 11,03,0 11,03,1 U7
03,03,0 03,03,1 04,02,1 04,03,0 04,03,1 05,02,1 05,03,0 F7
03,02,1 04,01,1 04,02,0 05,00,1 05,01,0 06,00,0 06,00,1 L7
05,01,1 05,02,0 06,01,0 06,01,1 07,00,0 07,00,1 07,01,0 S7
05,03,1 06,02,0 06,02,1 06,03,0 07,01,1 07,02,0 07,02,1 X7
08,00,0 08,00,1 08,01,0 08,01,1 08,02,0 09,00,0 09,01,0 M7
08,02,1 09,00,1 09,01,1 09,02,0 10,00,0 10,00,1 10,01,0 J7
09,02,1 10,01,1 10,02,0 11,00,0 11,00,1 11,01,0 11,01,1 T7
08,03,0 08,03,1 09,03,0 09,03,1 10,02,1 10,03,0 11,02,0 R7

            ________________________
           /    \              /    \
          /   ___\____________/   ___\
         /   /           /       /    \
        /   /_______    /_______/   ___\
       /\   \      /\  /    \      /    \
      /  \___\    /  \/___   \    /      \
     /    \       \      /    \  /   /\   \
    /      \_______\    /   ___\/___/  \___\
   /   /\  /        \   \  /        \       \
  /___/  \/          \   \/          \       \
 /       /            \  /            \  /\  /\
/___    /              \/              \/  \/  \
\   \   \              /\              /\      /
 \   \___\            /  \            /  \    /
  \       \          /    \          /   /   /
   \    ___\________/      \________/   /___/
    \  /        \   \      /        \      /
     \/___       \   \____/_______   \    /
      \   \  /\  /       /\   \   \   \  /
       \   \/  \/___    /  \   \   \___\/
        \   \       \  /    \   \      /
         \   \____   \/   ___\   \    /
          \      /   /    \      /   /
           \____/___/______\____/___/


solution 4:
06,03,1 06,04,0 06,04,1 06,05,0 07,03,0 07,03,1 07,04,0 D7
03,08,1 03,09,0 04,07,1 04,08,0 04,08,1 05,06,1 05,07,0 E7
04,09,0 04,09,1 05,07,1 05,08,0 05,08,1 05,09,0 06,08,0 A7
01,08,1 01,09,1 02,08,0 02,08,1 02,09,0 02,09,1 03,08,0 B7
00,09,1 00,10,0 00,10,1 00,11,0 00,11,1 01,09,0 01,11,0 C7
01,10,0 01,10,1 02,10,0 02,10,1 03,09,1 03,10,0 03,10,1 P7
01,11,1 02,11,0 02,11,1 03,11,0 03,11,1 04,11,0 04,11,1 I7
00,07,0 00,07,1 00,08,0 00,08,1 00,09,0 01,07,1 01,08,0 G7
00,06,0 00,06,1 01,05,1 01,06,0 01,06,1 01,07,0 02,05,0 W7
00,05,1 01,04,1 01,05,0 02,03,1 02,04,0 02,04,1 03,04,0 H7
04,10,0 04,10,1 05,10,0 05,10,1 05,11,0 05,11,1 06,11,0 N7
05,09,1 06,08,1 06,09,0 06,09,1 06,10,0 06,10,1 07,10,0 Q7
07,08,0 07,08,1 07,09,0 07,09,1 08,08,1 08,09,0 09,08,0 V7
08,07,1 08,08,0 09,06,1 09,07,0 09,07,1 10,06,1 10,07,0 Z7
10,05,1 10,06,0 11,04,0 11,04,1 11,05,0 11,05,1 11,06,0 Y7
10,03,1 10,04,0 10,04,1 10,05,0 11,02,1 11,03,0 11,03,1 U7
03,03,0 03,03,1 04,02,1 04,03,0 04,03,1 05,02,1 05,03,0 F7
03,02,1 04,01,1 04,02,0 05,00,1 05,01,0 06,00,0 06,00,1 L7
05,01,1 05,02,0 06,01,0 06,01,1 07,00,0 07,00,1 07,01,0 S7
05,03,1 06,02,0 06,02,1 06,03,0 07,01,1 07,02,0 07,02,1 X7
08,00,0 08,00,1 08,01,0 09,00,0 09,00,1 09,01,0 10,00,0 M7
08,01,1 08,02,0 08,02,1 09,01,1 09,02,0 10,00,1 10,01,0 J7
08,03,0 08,03,1 09,02,1 09,03,0 09,03,1 10,01,1 10,02,0 T7
10,02,1 10,03,0 11,00,0 11,00,1 11,01,0 11,01,1 11,02,0 R7

            ________________________
           /    \              /    \
          /   ___\____________/   ___\
         /   /           /       /    \
        /   /_______    /_______/   ___\
       /\   \      /\  /    \      /    \
      /  \___\    /  \/___   \    /      \
     /    \       \      /    \  /   /\   \
    /      \_______\    /   ___\/___/  \___\
   /   /\  /        \   \  /        \       \
  /___/  \/          \   \/          \       \
 /       /            \  /            \  /\  /\
/___    /              \/              \/  \/  \
\   \   \              /\              /\      /
 \   \___\            /  \            /  \    /
  \       \          /    \          /   /   /
   \    ___\________/      \________/   /___/
    \  /        \   \      /       /\      /
     \/___       \   \____/___    /  \    /
      \   \  /\  /       /    \   \   \  /
       \   \/  \/___    /      \   \   \/
        \   \       \  /\  /\   \  /   /
         \   \____   \/  \/  \   \/   /
          \      /   /        \  /   /
           \____/___/__________\/___/


solution 5:
06,03,1 06,04,0 06,04,1 06,05,0 07,03,0 07,03,1 07,04,0 D7
03,08,1 03,09,0 04,07,1 04,08,0 04,08,1 05,06,1 05,07,0 E7
04,09,0 04,09,1 05,07,1 05,08,0 05,08,1 05,09,0 06,08,0 A7
01,08,1 01,09,1 02,08,0 02,08,1 02,09,0 02,09,1 03,08,0 B7
00,09,1 00,10,0 00,10,1 00,11,0 00,11,1 01,09,0 01,11,0 C7
01,10,0 01,10,1 02,10,0 02,10,1 03,09,1 03,10,0 03,10,1 P7
01,11,1 02,11,0 02,11,1 03,11,0 03,11,1 04,11,0 04,11,1 I7
00,07,0 00,07,1 00,08,0 00,08,1 00,09,0 01,07,1 01,08,0 G7
00,06,0 00,06,1 01,05,1 01,06,0 01,06,1 01,07,0 02,05,0 W7
00,05,1 01,04,1 01,05,0 02,03,1 02,04,0 02,04,1 03,04,0 H7
04,10,0 04,10,1 05,10,0 05,10,1 05,11,0 05,11,1 06,11,0 N7
05,09,1 06,08,1 06,09,0 06,09,1 06,10,0 06,10,1 07,10,0 Q7
07,08,0 07,08,1 07,09,0 07,09,1 08,08,1 08,09,0 09,08,0 V7
08,07,1 08,08,0 09,06,1 09,07,0 09,07,1 10,06,1 10,07,0 Z7
10,05,1 10,06,0 11,04,0 11,04,1 11,05,0 11,05,1 11,06,0 Y7
10,03,1 10,04,0 10,04,1 10,05,0 11,02,1 11,03,0 11,03,1 U7
03,03,0 03,03,1 04,02,1 04,03,0 04,03,1 05,02,1 05,03,0 F7
03,02,1 04,01,1 04,02,0 05,00,1 05,01,0 06,00,0 06,00,1 L7
05,01,1 05,02,0 06,01,0 06,01,1 07,00,0 07,00,1 07,01,0 S7
05,03,1 06,02,0 06,02,1 06,03,0 07,01,1 07,02,0 07,02,1 X7
08,00,0 08,00,1 08,01,0 09,00,0 09,00,1 09,01,0 10,00,0 M7
08,01,1 08,02,0 08,02,1 09,01,1 09,02,0 10,00,1 10,01,0 J7
09,02,1 10,01,1 10,02,0 11,00,0 11,00,1 11,01,0 11,01,1 T7
08,03,0 08,03,1 09,03,0 09,03,1 10,02,1 10,03,0 11,02,0 R7

            ________________________
           /    \              /    \
          /   ___\____________/   ___\
         /   /           /       /    \
        /   /_______    /_______/   ___\
       /\   \      /\  /    \      /    \
      /  \___\    /  \/___   \    /      \
     /    \       \      /    \  /   /\   \
    /      \_______\    /   ___\/___/  \___\
   /   /\  /        \   \  /        \       \
  /___/  \/          \   \/          \       \
 /       /            \  /            \  /\  /\
/___    /              \/              \/  \/  \
\   \   \              /\              /\      /
 \   \___\            /  \            /  \    /
  \       \          /    \          /   /   /
   \    ___\________/      \________/   /___/
    \  /        \   \      /        \      /
     \/___       \   \____/_______   \    /
      \   \  /\  /       /    \   \   \  /
       \   \/  \/___    /      \   \___\/
        \   \       \  /\  /\   \      /
         \   \____   \/  \/  \   \    /
          \      /   /        \  /   /
           \____/___/__________\/___/


solution 6:
06,03,1 06,04,0 06,04,1 06,05,0 07,03,0 07,03,1 07,04,0 D7
03,08,1 03,09,0 04,07,1 04,08,0 04,08,1 05,06,1 05,07,0 E7
04,09,0 04,09,1 05,07,1 05,08,0 05,08,1 05,09,0 06,08,0 A7
01,08,1 01,09,1 02,08,0 02,08,1 02,09,0 02,09,1 03,08,0 B7
00,09,1 00,10,0 00,10,1 00,11,0 00,11,1 01,09,0 01,11,0 C7
01,10,0 01,10,1 02,10,0 02,10,1 03,09,1 03,10,0 03,10,1 P7
01,11,1 02,11,0 02,11,1 03,11,0 03,11,1 04,11,0 04,11,1 I7
00,07,0 00,07,1 00,08,0 00,08,1 00,09,0 01,07,1 01,08,0 G7
00,06,0 00,06,1 01,05,1 01,06,0 01,06,1 01,07,0 02,05,0 W7
00,05,1 01,04,1 01,05,0 02,03,1 02,04,0 02,04,1 03,04,0 H7
04,10,0 04,10,1 05,10,0 05,10,1 05,11,0 05,11,1 06,11,0 N7
05,09,1 06,08,1 06,09,0 06,09,1 06,10,0 06,10,1 07,10,0 Q7
07,08,0 07,08,1 07,09,0 07,09,1 08,08,1 08,09,0 09,08,0 V7
08,07,1 08,08,0 09,06,1 09,07,0 09,07,1 10,06,1 10,07,0 Z7
10,05,1 10,06,0 11,04,0 11,04,1 11,05,0 11,05,1 11,06,0 Y7
10,03,1 10,04,0 10,04,1 10,05,0 11,02,1 11,03,0 11,03,1 U7
03,02,1 03,03,0 03,03,1 04,02,1 04,03,0 05,02,0 05,02,1 S7
04,03,1 05,03,0 05,03,1 06,02,1 06,03,0 07,01,1 07,02,0 R7
04,01,1 04,02,0 05,00,1 05,01,0 05,01,1 06,00,0 06,00,1 F7
06,01,0 06,01,1 06,02,0 07,00,0 07,00,1 07,01,0 08,00,0 M7
08,00,1 08,01,0 09,00,0 09,00,1 10,00,0 10,00,1 11,00,0 L7
07,02,1 08,01,1 08,02,0 08,02,1 08,03,0 08,03,1 09,02,0 X7
09,01,0 09,01,1 10,01,0 10,01,1 10,02,0 11,00,1 11,01,0 T7
09,02,1 09,03,0 09,03,1 10,02,1 10,03,0 11,01,1 11,02,0 J7

            ________________________
           /    \              /    \
          /   ___\____________/   ___\
         /   /           /       /    \
        /   /_______    /_______/   ___\
       /\   \      /\  /    \      /    \
      /  \___\    /  \/___   \    /      \
     /    \       \      /    \  /   /\   \
    /      \_______\    /   ___\/___/  \___\
   /   /\  /        \   \  /        \       \
  /___/  \/          \   \/          \       \
 /       /            \  /            \  /\  /\
/___    /              \/              \/  \/  \
\   \   \              /\              /\      /
 \   \___\            /  \            /  \    /
  \       \          /    \          /   /   /
   \    ___\________/      \________/   /___/
    \  /    \       \      /   /    \      /
     \/      \____   \____/   /      \    /
      \  /\      /\   \       \  /\   \  /
       \/  \____/  \   \    ___\/  \   \/
        \      /    \  /\  /        \  /
         \    /___   \/  \/_______   \/
          \      /    \           \  /
           \____/______\___________\/


solution 7:
06,03,1 06,04,0 06,04,1 06,05,0 07,03,0 07,03,1 07,04,0 D7
03,08,1 03,09,0 04,07,1 04,08,0 04,08,1 05,06,1 05,07,0 E7
04,09,0 04,09,1 05,07,1 05,08,0 05,08,1 05,09,0 06,08,0 A7
01,08,1 01,09,1 02,08,0 02,08,1 02,09,0 02,09,1 03,08,0 B7
00,09,1 00,10,0 00,10,1 00,11,0 00,11,1 01,09,0 01,11,0 C7
01,10,0 01,10,1 02,10,0 02,10,1 03,09,1 03,10,0 03,10,1 P7
01,11,1 02,11,0 02,11,1 03,11,0 03,11,1 04,11,0 04,11,1 I7
00,07,0 00,07,1 00,08,0 00,08,1 00,09,0 01,07,1 01,08,0 G7
00,06,0 00,06,1 01,05,1 01,06,0 01,06,1 01,07,0 02,05,0 W7
00,05,1 01,04,1 01,05,0 02,03,1 02,04,0 02,04,1 03,04,0 H7
04,10,0 04,10,1 05,10,0 05,10,1 05,11,0 05,11,1 06,11,0 N7
05,09,1 06,08,1 06,09,0 06,09,1 06,10,0 06,10,1 07,10,0 Q7
07,08,0 07,08,1 07,09,0 07,09,1 08,08,1 08,09,0 09,08,0 V7
08,07,1 08,08,0 09,06,1 09,07,0 09,07,1 10,06,1 10,07,0 Z7
10,05,1 10,06,0 11,04,0 11,04,1 11,05,0 11,05,1 11,06,0 Y7
10,03,1 10,04,0 10,04,1 10,05,0 11,02,1 11,03,0 11,03,1 U7
03,03,0 03,03,1 04,02,1 04,03,0 04,03,1 05,01,1 05,02,0 T7
03,02,1 04,01,1 04,02,0 05,00,1 05,01,0 06,00,0 06,00,1 L7
06,01,0 06,01,1 06,02,0 07,00,0 07,00,1 07,01,0 08,00,0 M7
05,02,1 05,03,0 05,03,1 06,02,1 06,03,0 07,01,1 07,02,0 J7
07,02,1 08,01,1 08,02,0 08,02,1 08,03,0 08,03,1 09,02,0 X7
08,00,1 08,01,0 09,00,0 09,00,1 09,01,0 10,00,0 10,00,1 F7
10,02,1 10,03,0 11,00,0 11,00,1 11,01,0 11,01,1 11,02,0 R7
09,01,1 09,02,1 09,03,0 09,03,1 10,01,0 10,01,1 10,02,0 S7

            ________________________
           /    \              /    \
          /   ___\____________/   ___\
         /   /           /       /    \
        /   /_______    /_______/   ___\
       /\   \      /\  /    \      /    \
      /  \___\    /  \/___   \    /      \
     /    \       \      /    \  /   /\   \
    /      \_______\    /   ___\/___/  \___\
   /   /\  /        \   \  /        \       \
  /___/  \/          \   \/          \       \
 /       /            \  /            \  /\  /\
/___    /              \/              \/  \/  \
\   \   \              /\              /\      /
 \   \___\            /  \            /  \    /
  \       \          /    \          /   /   /
   \    ___\________/      \________/   /___/
    \  /       /    \      /   /   /\      /
     \/___    /      \____/   /   /  \    /
      \   \   \  /\   \       \   \   \  /
       \   \   \/  \   \    ___\   \   \/
        \   \  /    \  /\  /\      /   /
         \   \/___   \/  \/  \____/   /
          \      /    \          /   /
           \____/______\________/___/


solution 8:
06,03,1 06,04,0 06,04,1 06,05,0 07,03,0 07,03,1 07,04,0 D7
03,08,1 03,09,0 04,07,1 04,08,0 04,08,1 05,06,1 05,07,0 E7
04,09,0 04,09,1 05,07,1 05,08,0 05,08,1 05,09,0 06,08,0 A7
01,08,1 01,09,1 02,08,0 02,08,1 02,09,0 02,09,1 03,08,0 B7
00,09,1 00,10,0 00,10,1 00,11,0 00,11,1 01,09,0 01,11,0 C7
01,10,0 01,10,1 02,10,0 02,10,1 03,09,1 03,10,0 03,10,1 P7
01,11,1 02,11,0 02,11,1 03,11,0 03,11,1 04,11,0 04,11,1 I7
00,08,0 00,08,1 00,09,0 01,06,1 01,07,0 01,07,1 01,08,0 U7
00,05,1 00,06,0 00,06,1 00,07,0 00,07,1 01,05,0 01,06,0 F7
01,04,1 01,05,1 02,04,0 02,04,1 02,05,0 03,03,1 03,04,0 Y7
02,03,1 03,02,1 03,03,0 04,02,0 04,02,1 04,03,0 04,03,1 V7
04,10,0 04,10,1 05,10,0 05,10,1 05,11,0 05,11,1 06,11,0 N7
05,09,1 06,09,0 06,09,1 06,10,0 06,10,1 07,09,0 07,10,0 Z7
06,08,1 07,08,0 07,08,1 07,09,1 08,08,0 08,08,1 08,09,0 J7
08,07,1 09,07,0 09,07,1 09,08,0 10,06,1 10,07,0 11,06,0 H7
09,06,1 10,05,0 10,05,1 10,06,0 11,04,1 11,05,0 11,05,1 X7
10,04,1 11,01,1 11,02,0 11,02,1 11,03,0 11,03,1 11,04,0 L7
08,03,1 09,02,1 09,03,0 09,03,1 10,03,0 10,03,1 10,04,0 Q7
10,00,1 10,01,1 10,02,0 10,02,1 11,00,0 11,00,1 11,01,0 S7
04,01,1 05,01,0 05,01,1 05,02,0 05,02,1 05,03,0 06,01,0 T7
05,00,1 06,00,0 06,00,1 07,00,0 07,00,1 07,01,0 07,01,1 R7
05,03,1 06,01,1 06,02,0 06,02,1 06,03,0 07,02,0 07,02,1 W7
08,00,0 08,00,1 08,01,0 08,01,1 09,00,0 09,00,1 10,00,0 G7
08,02,0 08,02,1 08,03,0 09,01,0 09,01,1 09,02,0 10,01,0 M7

            ________________________
           /    \              /    \
          /   ___\____________/   ___\
         /   /           /       /    \
        /   /_______    /_______/   ___\
       /\   \      /\  /    \       \   \
      /  \___\    /  \/___   \_______\   \
     /    \       \      /    \          /\
    /___   \_______\    /   ___\________/  \
   /   /   /        \   \  /        \       \
  /   /   /          \   \/          \____   \
 /    \  /            \  /            \   \   \
/   ___\/              \/              \   \___\
\   \   \              /\              /       /
 \___\   \            /  \            /___    /
  \       \          /    \          /\   \  /
   \____   \________/      \________/  \   \/
    \   \  /   /\   \      /\          /   /
     \   \/   /  \   \____/  \    ____/   /
      \      /   /       /    \  /   /   /
       \____/   /   ____/___   \/   /   /
        \       \  /   /   /    \   \  /
         \_______\/   /   /______\   \/
          \          /        \      /
           \________/__________\____/


solution 9:
06,03,1 06,04,0 06,04,1 06,05,0 07,03,0 07,03,1 07,04,0 D7
03,08,1 03,09,0 04,07,1 04,08,0 04,08,1 05,06,1 05,07,0 E7
04,09,0 04,09,1 05,07,1 05,08,0 05,08,1 05,09,0 06,08,0 A7
01,08,1 01,09,1 02,08,0 02,08,1 02,09,0 02,09,1 03,08,0 B7
00,09,1 00,10,0 00,10,1 00,11,0 00,11,1 01,09,0 01,11,0 C7
01,10,0 01,10,1 02,10,0 02,10,1 03,09,1 03,10,0 03,10,1 P7
01,11,1 02,11,0 02,11,1 03,11,0 03,11,1 04,11,0 04,11,1 I7
00,08,0 00,08,1 00,09,0 01,06,1 01,07,0 01,07,1 01,08,0 U7
00,05,1 00,06,0 00,06,1 00,07,0 00,07,1 01,05,0 01,06,0 F7
01,04,1 01,05,1 02,04,0 02,04,1 02,05,0 03,03,1 03,04,0 Y7
02,03,1 03,02,1 03,03,0 04,02,0 04,02,1 04,03,0 04,03,1 V7
04,10,0 04,10,1 05,10,0 05,10,1 05,11,0 05,11,1 06,11,0 N7
05,09,1 06,09,0 06,09,1 06,10,0 06,10,1 07,09,0 07,10,0 Z7
06,08,1 07,08,0 07,08,1 07,09,1 08,08,0 08,08,1 08,09,0 J7
08,07,1 09,07,0 09,07,1 09,08,0 10,06,1 10,07,0 11,06,0 H7
09,06,1 10,05,0 10,05,1 10,06,0 11,04,1 11,05,0 11,05,1 X7
10,04,1 11,01,1 11,02,0 11,02,1 11,03,0 11,03,1 11,04,0 L7
08,03,1 09,02,1 09,03,0 09,03,1 10,03,0 10,03,1 10,04,0 Q7
10,00,1 10,01,1 10,02,0 10,02,1 11,00,0 11,00,1 11,01,0 S7
04,01,1 05,01,0 05,01,1 05,02,0 05,02,1 05,03,0 06,01,0 T7
05,00,1 06,00,0 06,00,1 07,00,0 07,00,1 07,01,0 07,01,1 R7
05,03,1 06,01,1 06,02,0 06,02,1 06,03,0 07,02,0 07,02,1 W7
08,00,0 08,00,1 08,01,0 09,00,0 09,00,1 09,01,0 10,00,0 M7
08,01,1 08,02,0 08,02,1 08,03,0 09,01,1 09,02,0 10,01,0 G7

            ________________________
           /    \              /    \
          /   ___\____________/   ___\
         /   /           /       /    \
        /   /_______    /_______/   ___\
       /\   \      /\  /    \       \   \
      /  \___\    /  \/___   \_______\   \
     /    \       \      /    \          /\
    /___   \_______\    /   ___\________/  \
   /   /   /        \   \  /        \       \
  /   /   /          \   \/          \____   \
 /    \  /            \  /            \   \   \
/   ___\/              \/              \   \___\
\   \   \              /\              /       /
 \___\   \            /  \            /___    /
  \       \          /    \          /\   \  /
   \____   \________/      \________/  \   \/
    \   \  /   /\   \      /\          /   /
     \   \/   /  \   \____/  \    ____/   /
      \      /   /       /    \  /   /   /
       \____/   /   ____/      \/   /   /
        \       \  /   /\  /\   \   \  /
         \_______\/   /  \/  \___\   \/
          \          /        \      /
           \________/__________\____/


solution 10:
06,03,1 06,04,0 06,04,1 06,05,0 07,03,0 07,03,1 07,04,0 D7
03,08,1 03,09,0 04,07,1 04,08,0 04,08,1 05,06,1 05,07,0 E7
04,09,0 04,09,1 05,07,1 05,08,0 05,08,1 05,09,0 06,08,0 A7
01,08,1 01,09,1 02,08,0 02,08,1 02,09,0 02,09,1 03,08,0 B7
00,09,1 00,10,0 00,10,1 00,11,0 00,11,1 01,09,0 01,11,0 C7
01,10,0 01,10,1 02,10,0 02,10,1 03,09,1 03,10,0 03,10,1 P7
01,11,1 02,11,0 02,11,1 03,11,0 03,11,1 04,11,0 04,11,1 I7
00,08,0 00,08,1 00,09,0 01,06,1 01,07,0 01,07,1 01,08,0 U7
00,05,1 00,06,0 00,06,1 00,07,0 00,07,1 01,04,1 01,05,0 R7
01,05,1 01,06,0 02,03,1 02,04,0 02,04,1 02,05,0 03,03,0 N7
04,10,0 04,10,1 05,09,1 05,10,0 05,10,1 05,11,0 06,09,0 W7
05,11,1 06,09,1 06,10,0 06,10,1 06,11,0 07,09,1 07,10,0 Y7
06,08,1 07,08,0 07,08,1 07,09,0 08,08,0 08,08,1 08,09,0 F7
08,07,1 09,07,0 09,07,1 09,08,0 10,06,1 10,07,0 11,06,0 H7
09,06,1 10,05,0 10,05,1 10,06,0 11,04,1 11,05,0 11,05,1 X7
03,03,1 03,04,0 04,03,0 04,03,1 05,03,0 05,03,1 06,03,0 L7
03,02,1 04,01,1 04,02,0 04,02,1 05,01,1 05,02,0 05,02,1 M7
05,00,1 05,01,0 06,00,0 06,00,1 06,01,0 06,01,1 06,02,0 J7
06,02,1 07,00,0 07,00,1 07,01,0 07,01,1 07,02,0 08,01,0 T7
08,00,0 08,00,1 08,01,1 09,00,0 09,00,1 09,01,0 10,00,0 G7
07,02,1 08,02,0 08,02,1 08,03,0 08,03,1 09,02,0 09,03,0 Z7
09,01,1 10,00,1 10,01,0 11,00,0 11,00,1 11,01,0 11,01,1 V7
09,02,1 10,01,1 10,02,0 10,02,1 11,02,0 11,02,1 11,03,0 Q7
09,03,1 10,03,0 10,03,1 10,04,0 10,04,1 11,03,1 11,04,0 S7

            ________________________
           /    \              /\   \
          /   ___\____________/  \   \
         /   /           /       /    \
        /   /_______    /___    /      \
       /\   \      /\  /    \   \  /\  /\
      /  \___\    /  \/___   \___\/  \/  \
     /    \       \      /    \          /\
    /___   \_______\    /   ___\________/  \
   /   /   /        \   \  /        \       \
  /   /   /          \   \/          \____   \
 /   /\  /            \  /            \   \   \
/   /  \/              \/              \   \___\
\   \   \              /\              /       /
 \   \   \            /  \            /___    /
  \  /   /\          /    \          /    \  /
   \/   /  \________/      \________/      \/
    \   \           \      /    \      /\  /
     \___\___________\____/   ___\____/  \/
      \          /\   \       \          /
       \        /  \   \_______\    ____/
        \  /\  /   /    \   \   \  /   /
         \/  \/   /   ___\   \   \/   /
          \      /   /        \      /
           \____/___/__________\____/


solution 11:
06,03,1 06,04,0 06,04,1 06,05,0 07,03,0 07,03,1 07,04,0 D7
03,08,1 03,09,0 04,07,1 04,08,0 04,08,1 05,06,1 05,07,0 E7
04,09,0 04,09,1 05,07,1 05,08,0 05,08,1 05,09,0 06,08,0 A7
01,08,1 01,09,1 02,08,0 02,08,1 02,09,0 02,09,1 03,08,0 B7
00,09,1 00,10,0 00,10,1 00,11,0 00,11,1 01,09,0 01,11,0 C7
01,10,0 01,10,1 02,10,0 02,10,1 03,09,1 03,10,0 03,10,1 P7
01,11,1 02,11,0 02,11,1 03,11,0 03,11,1 04,11,0 04,11,1 I7
00,08,0 00,08,1 00,09,0 01,06,1 01,07,0 01,07,1 01,08,0 U7
00,05,1 00,06,0 00,06,1 00,07,0 00,07,1 01,04,1 01,05,0 R7
01,05,1 01,06,0 02,03,1 02,04,0 02,04,1 02,05,0 03,03,0 N7
04,10,0 04,10,1 05,09,1 05,10,0 05,10,1 05,11,0 06,09,0 W7
05,11,1 06,09,1 06,10,0 06,10,1 06,11,0 07,09,1 07,10,0 Y7
06,08,1 07,08,0 07,08,1 07,09,0 08,08,0 08,08,1 08,09,0 F7
08,07,1 09,07,0 09,07,1 09,08,0 10,06,1 10,07,0 11,06,0 H7
09,06,1 10,05,0 10,05,1 10,06,0 11,04,1 11,05,0 11,05,1 X7
03,03,1 03,04,0 04,03,0 04,03,1 05,03,0 05,03,1 06,03,0 L7
03,02,1 04,01,1 04,02,0 04,02,1 05,00,1 05,01,0 05,01,1 M7
05,02,0 05,02,1 06,00,0 06,00,1 06,01,0 06,01,1 06,02,0 J7
06,02,1 07,00,0 07,00,1 07,01,0 07,01,1 07,02,0 08,01,0 T7
08,00,0 08,00,1 08,01,1 09,00,0 09,00,1 09,01,0 10,00,0 G7
07,02,1 08,02,0 08,02,1 08,03,0 08,03,1 09,02,0 09,03,0 Z7
09,01,1 10,00,1 10,01,0 11,00,0 11,00,1 11,01,0 11,01,1 V7
09,02,1 10,01,1 10,02,0 10,02,1 11,02,0 11,02,1 11,03,0 Q7
09,03,1 10,03,0 10,03,1 10,04,0 10,04,1 11,03,1 11,04,0 S7

            ________________________
           /    \              /\   \
          /   ___\____________/  \   \
         /   /           /       /    \
        /   /_______    /___    /      \
       /\   \      /\  /    \   \  /\  /\
      /  \___\    /  \/___   \___\/  \/  \
     /    \       \      /    \          /\
    /___   \_______\    /   ___\________/  \
   /   /   /        \   \  /        \       \
  /   /   /          \   \/          \____   \
 /   /\  /            \  /            \   \   \
/   /  \/              \/              \   \___\
\   \   \              /\              /       /
 \   \   \            /  \            /___    /
  \  /   /\          /    \          /    \  /
   \/   /  \________/      \________/      \/
    \   \           \      /    \      /\  /
     \___\___________\____/   ___\____/  \/
      \      /    \   \       \          /
       \    /___   \   \_______\    ____/
        \      /   /    \   \   \  /   /
         \    /   /   ___\   \   \/   /
          \  /   /   /        \      /
           \/___/___/__________\____/


solution 12:
06,03,1 06,04,0 06,04,1 06,05,0 07,03,0 07,03,1 07,04,0 D7
03,08,1 03,09,0 04,07,1 04,08,0 04,08,1 05,06,1 05,07,0 E7
04,09,0 04,09,1 05,07,1 05,08,0 05,08,1 05,09,0 06,08,0 A7
01,08,1 01,09,1 02,08,0 02,08,1 02,09,0 02,09,1 03,08,0 B7
00,09,1 00,10,0 00,10,1 00,11,0 00,11,1 01,09,0 01,11,0 C7
01,10,0 01,10,1 02,10,0 02,10,1 03,09,1 03,10,0 03,10,1 P7
01,11,1 02,11,0 02,11,1 03,11,0 03,11,1 04,11,0 04,11,1 I7
00,08,0 00,08,1 00,09,0 01,06,1 01,07,0 01,07,1 01,08,0 U7
00,06,0 00,06,1 00,07,0 00,07,1 01,05,1 01,06,0 02,05,0 T7
00,05,1 01,04,1 01,05,0 02,04,0 02,04,1 03,03,1 03,04,0 N7
02,03,1 03,02,1 03,03,0 04,01,1 04,02,0 04,02,1 04,03,0 G7
04,10,0 04,10,1 05,09,1 05,10,0 05,10,1 05,11,0 06,09,0 W7
05,11,1 06,09,1 06,10,0 06,10,1 06,11,0 07,09,1 07,10,0 Y7
06,08,1 07,08,0 07,08,1 07,09,0 08,08,0 08,08,1 08,09,0 F7
08,07,1 09,07,0 09,07,1 09,08,0 10,06,1 10,07,0 11,06,0 H7
09,06,1 10,05,0 10,05,1 10,06,0 11,04,1 11,05,0 11,05,1 X7
04,03,1 05,03,0 05,03,1 06,02,1 06,03,0 07,01,1 07,02,0 R7
10,04,1 11,01,1 11,02,0 11,02,1 11,03,0 11,03,1 11,04,0 L7
09,02,1 09,03,0 09,03,1 10,02,1 10,03,0 10,03,1 10,04,0 Z7
08,02,1 08,03,0 08,03,1 09,01,0 09,01,1 09,02,0 10,01,0 Q7
07,02,1 08,00,1 08,01,0 08,01,1 08,02,0 09,00,0 09,00,1 S7
10,00,0 10,00,1 10,01,1 10,02,0 11,00,0 11,00,1 11,01,0 V7
06,00,0 06,00,1 06,01,0 07,00,0 07,00,1 07,01,0 08,00,0 M7
05,00,1 05,01,0 05,01,1 05,02,0 05,02,1 06,01,1 06,02,0 J7

            ________________________
           /    \              /\   \
          /   ___\____________/  \   \
         /   /           /       /    \
        /   /_______    /___    /      \
       /\   \      /\  /    \   \  /\  /\
      /  \___\    /  \/___   \___\/  \/  \
     /    \       \      /    \          /\
    /___   \_______\    /   ___\________/  \
   /   /   /        \   \  /        \       \
  /   /   /          \   \/          \____   \
 /    \  /            \  /            \   \   \
/___   \/              \/              \   \___\
\   \   \              /\              /       /
 \   \___\            /  \            /___    /
  \       \          /    \          /\   \  /
   \____   \________/      \________/  \   \/
    \   \  /\       \      /   /       /   /
     \   \/  \____   \____/   /       /   /
      \      /    \   \   \   \  /\  /   /
       \    /      \   \   \   \/  \/   /
        \  /   /\  /\  /   /    \   \  /
         \/   /  \/  \/   /______\   \/
          \  /        \      /       /
           \/__________\____/_______/


solution 13:
06,03,1 06,04,0 06,04,1 06,05,0 07,03,0 07,03,1 07,04,0 D7
03,08,1 03,09,0 04,07,1 04,08,0 04,08,1 05,06,1 05,07,0 E7
04,09,0 04,09,1 05,07,1 05,08,0 05,08,1 05,09,0 06,08,0 A7
01,08,1 01,09,1 02,08,0 02,08,1 02,09,0 02,09,1 03,08,0 B7
00,09,1 00,10,0 00,10,1 00,11,0 00,11,1 01,09,0 01,11,0 C7
01,10,0 01,10,1 02,10,0 02,10,1 03,09,1 03,10,0 03,10,1 P7
01,11,1 02,11,0 02,11,1 03,11,0 03,11,1 04,11,0 04,11,1 I7
00,08,0 00,08,1 00,09,0 01,06,1 01,07,0 01,07,1 01,08,0 U7
00,06,0 00,06,1 00,07,0 00,07,1 01,05,1 01,06,0 02,05,0 T7
00,05,1 01,04,1 01,05,0 02,04,0 02,04,1 03,03,1 03,04,0 N7
02,03,1 03,02,1 03,03,0 04,01,1 04,02,0 04,02,1 04,03,0 G7
04,10,0 04,10,1 05,09,1 05,10,0 05,10,1 05,11,0 06,09,0 W7
05,11,1 06,09,1 06,10,0 06,10,1 06,11,0 07,09,1 07,10,0 Y7
06,08,1 07,08,0 07,08,1 07,09,0 08,08,0 08,08,1 08,09,0 F7
08,07,1 09,07,0 09,07,1 09,08,0 10,06,1 10,07,0 11,06,0 H7
09,06,1 10,05,0 10,05,1 10,06,0 11,04,1 11,05,0 11,05,1 X7
04,03,1 05,03,0 05,03,1 06,02,1 06,03,0 07,01,1 07,02,0 R7
10,04,1 11,01,1 11,02,0 11,02,1 11,03,0 11,03,1 11,04,0 L7
09,02,1 09,03,0 09,03,1 10,02,1 10,03,0 10,03,1 10,04,0 Z7
08,02,1 08,03,0 08,03,1 09,01,0 09,01,1 09,02,0 10,01,0 Q7
07,02,1 08,00,1 08,01,0 08,01,1 08,02,0 09,00,0 09,00,1 S7
10,00,0 10,00,1 10,01,1 10,02,0 11,00,0 11,00,1 11,01,0 V7
06,01,0 06,01,1 06,02,0 07,00,0 07,00,1 07,01,0 08,00,0 M7
05,00,1 05,01,0 05,01,1 05,02,0 05,02,1 06,00,0 06,00,1 J7

            ________________________
           /    \              /\   \
          /   ___\____________/  \   \
         /   /           /       /    \
        /   /_______    /___    /      \
       /\   \      /\  /    \   \  /\  /\
      /  \___\    /  \/___   \___\/  \/  \
     /    \       \      /    \          /\
    /___   \_______\    /   ___\________/  \
   /   /   /        \   \  /        \       \
  /   /   /          \   \/          \____   \
 /    \  /            \  /            \   \   \
/___   \/              \/              \   \___\
\   \   \              /\              /       /
 \   \___\            /  \            /___    /
  \       \          /    \          /\   \  /
   \____   \________/      \________/  \   \/
    \   \  /\       \      /   /       /   /
     \   \/  \____   \____/   /       /   /
      \      /   /\   \   \   \  /\  /   /
       \    /   /  \   \   \   \/  \/   /
        \  /   /    \  /   /    \   \  /
         \/   /___   \/   /______\   \/
          \      /    \      /       /
           \____/______\____/_______/


solution 14:
06,03,1 06,04,0 06,04,1 06,05,0 07,03,0 07,03,1 07,04,0 D7
03,08,1 03,09,0 04,07,1 04,08,0 04,08,1 05,06,1 05,07,0 E7
04,09,0 04,09,1 05,07,1 05,08,0 05,08,1 05,09,0 06,08,0 A7
01,08,1 01,09,1 02,08,0 02,08,1 02,09,0 02,09,1 03,08,0 B7
00,09,1 00,10,0 00,10,1 00,11,0 00,11,1 01,09,0 01,11,0 C7
01,10,0 01,10,1 02,10,0 02,10,1 03,09,1 03,10,0 03,10,1 P7
01,11,1 02,11,0 02,11,1 03,11,0 03,11,1 04,11,0 04,11,1 I7
00,08,0 00,08,1 00,09,0 01,06,1 01,07,0 01,07,1 01,08,0 U7
00,06,0 00,06,1 00,07,0 00,07,1 01,05,1 01,06,0 02,05,0 T7
00,05,1 01,04,1 01,05,0 02,04,0 02,04,1 03,03,1 03,04,0 N7
02,03,1 03,02,1 03,03,0 04,02,0 04,02,1 04,03,0 04,03,1 V7
04,10,0 04,10,1 05,09,1 05,10,0 05,10,1 05,11,0 06,09,0 W7
05,11,1 06,09,1 06,10,0 06,10,1 06,11,0 07,09,1 07,10,0 Y7
06,08,1 07,08,0 07,08,1 07,09,0 08,08,0 08,08,1 08,09,0 F7
08,07,1 09,07,0 09,07,1 09,08,0 10,06,1 10,07,0 11,06,0 H7
09,06,1 10,05,0 10,05,1 10,06,0 11,04,1 11,05,0 11,05,1 X7
04,01,1 05,00,1 05,01,0 06,00,0 06,00,1 07,00,0 07,00,1 R7
10,04,1 11,01,1 11,02,0 11,02,1 11,03,0 11,03,1 11,04,0 L7
08,03,1 09,02,1 09,03,0 09,03,1 10,03,0 10,03,1 10,04,0 Q7
10,00,1 10,01,1 10,02,0 10,02,1 11,00,0 11,00,1 11,01,0 S7
08,01,1 08,02,0 08,02,1 08,03,0 09,01,1 09,02,0 10,01,0 G7
08,00,0 08,00,1 08,01,0 09,00,0 09,00,1 09,01,0 10,00,0 M7
05,03,0 05,03,1 06,02,0 06,02,1 06,03,0 07,02,0 07,02,1 Z7
05,01,1 05,02,0 05,02,1 06,01,0 06,01,1 07,01,0 07,01,1 J7

            ________________________
           /    \              /\   \
          /   ___\____________/  \   \
         /   /           /       /    \
        /   /_______    /___    /      \
       /\   \      /\  /    \   \  /\  /\
      /  \___\    /  \/___   \___\/  \/  \
     /    \       \      /    \          /\
    /___   \_______\    /   ___\________/  \
   /   /   /        \   \  /        \       \
  /   /   /          \   \/          \____   \
 /    \  /            \  /            \   \   \
/___   \/              \/              \   \___\
\   \   \              /\              /       /
 \   \___\            /  \            /___    /
  \       \          /    \          /\   \  /
   \____   \________/      \________/  \   \/
    \   \  /   /    \      /\          /   /
     \   \/   /___   \____/  \    ____/   /
      \      /   /       /    \  /   /   /
       \____/   /_______/      \/   /   /
        \   \          /\  /\   \   \  /
         \   \________/  \/  \___\   \/
          \          /        \      /
           \________/__________\____/


solution 15:
06,03,1 06,04,0 06,04,1 06,05,0 07,03,0 07,03,1 07,04,0 D7
03,08,1 03,09,0 04,07,1 04,08,0 04,08,1 05,06,1 05,07,0 E7
04,09,0 04,09,1 05,07,1 05,08,0 05,08,1 05,09,0 06,08,0 A7
01,08,1 01,09,1 02,08,0 02,08,1 02,09,0 02,09,1 03,08,0 B7
00,09,1 00,10,0 00,10,1 00,11,0 00,11,1 01,09,0 01,11,0 C7
01,10,0 01,10,1 02,10,0 02,10,1 03,09,1 03,10,0 03,10,1 P7
01,11,1 02,11,0 02,11,1 03,11,0 03,11,1 04,11,0 04,11,1 I7
00,08,0 00,08,1 00,09,0 01,06,1 01,07,0 01,07,1 01,08,0 U7
00,06,0 00,06,1 00,07,0 00,07,1 01,05,1 01,06,0 02,05,0 T7
00,05,1 01,04,1 01,05,0 02,04,0 02,04,1 03,03,1 03,04,0 N7
02,03,1 03,02,1 03,03,0 04,02,0 04,02,1 04,03,0 04,03,1 V7
04,10,0 04,10,1 05,09,1 05,10,0 05,10,1 05,11,0 06,09,0 W7
05,11,1 06,09,1 06,10,0 06,10,1 06,11,0 07,09,1 07,10,0 Y7
06,08,1 07,08,0 07,08,1 07,09,0 08,08,0 08,08,1 08,09,0 F7
08,07,1 09,07,0 09,07,1 09,08,0 10,06,1 10,07,0 11,06,0 H7
09,06,1 10,05,0 10,05,1 10,06,0 11,04,1 11,05,0 11,05,1 X7
04,01,1 05,00,1 05,01,0 06,00,0 06,00,1 07,00,0 07,00,1 R7
10,04,1 11,01,1 11,02,0 11,02,1 11,03,0 11,03,1 11,04,0 L7
08,03,1 09,02,1 09,03,0 09,03,1 10,03,0 10,03,1 10,04,0 Q7
10,00,1 10,01,1 10,02,0 10,02,1 11,00,0 11,00,1 11,01,0 S7
08,02,0 08,02,1 08,03,0 09,01,0 09,01,1 09,02,0 10,01,0 M7
08,00,0 08,00,1 08,01,0 08,01,1 09,00,0 09,00,1 10,00,0 G7
05,03,0 05,03,1 06,02,0 06,02,1 06,03,0 07,02,0 07,02,1 Z7
05,01,1 05,02,0 05,02,1 06,01,0 06,01,1 07,01,0 07,01,1 J7

            ________________________
           /    \              /\   \
          /   ___\____________/  \   \
         /   /           /       /    \
        /   /_______    /___    /      \
       /\   \      /\  /    \   \  /\  /\
      /  \___\    /  \/___   \___\/  \/  \
     /    \       \      /    \          /\
    /___   \_______\    /   ___\________/  \
   /   /   /        \   \  /        \       \
  /   /   /          \   \/          \____   \
 /    \  /            \  /            \   \   \
/___   \/              \/              \   \___\
\   \   \              /\              /       /
 \   \___\            /  \            /___    /
  \       \          /    \          /\   \  /
   \____   \________/      \________/  \   \/
    \   \  /   /    \      /\          /   /
     \   \/   /___   \____/  \    ____/   /
      \      /   /       /    \  /   /   /
       \____/   /_______/___   \/   /   /
        \   \          /   /    \   \  /
         \   \________/   /______\   \/
          \          /        \      /
           \________/__________\____/


solution 16:
06,03,1 06,04,0 06,04,1 06,05,0 07,03,0 07,03,1 07,04,0 D7
03,08,1 03,09,0 04,07,1 04,08,0 04,08,1 05,06,1 05,07,0 E7
04,09,0 04,09,1 05,07,1 05,08,0 05,08,1 05,09,0 06,08,0 A7
01,08,1 01,09,1 02,08,0 02,08,1 02,09,0 02,09,1 03,08,0 B7
00,09,1 00,10,0 00,10,1 00,11,0 00,11,1 01,09,0 01,11,0 C7
01,10,0 01,10,1 02,10,0 02,10,1 03,09,1 03,10,0 03,10,1 P7
01,11,1 02,11,0 02,11,1 03,11,0 03,11,1 04,11,0 04,11,1 I7
00,08,0 00,08,1 00,09,0 01,06,1 01,07,0 01,07,1 01,08,0 U7
00,05,1 00,06,0 00,06,1 00,07,0 00,07,1 01,05,1 01,06,0 Y7
01,04,1 01,05,0 02,04,0 02,04,1 02,05,0 03,03,1 03,04,0 Z7
02,03,1 03,02,1 03,03,0 04,01,1 04,02,0 05,01,0 05,01,1 L7
05,00,1 06,00,0 06,00,1 06,01,0 07,00,0 07,00,1 07,01,0 F7
04,02,1 04,03,0 04,03,1 05,02,0 05,02,1 06,01,1 06,02,0 S7
05,03,0 05,03,1 06,02,1 06,03,0 07,01,1 07,02,0 07,02,1 Q7
04,10,0 04,10,1 05,10,0 05,10,1 05,11,0 05,11,1 06,11,0 N7
08,00,0 08,00,1 08,01,0 08,01,1 08,02,0 09,00,0 09,01,0 M7
08,02,1 09,00,1 09,01,1 09,02,0 10,00,0 10,00,1 10,01,0 J7
10,02,1 10,03,0 11,00,0 11,00,1 11,01,0 11,01,1 11,02,0 R7
08,03,0 08,03,1 09,02,1 09,03,0 09,03,1 10,01,1 10,02,0 T7
10,03,1 10,04,0 11,02,1 11,03,0 11,03,1 11,04,0 11,04,1 G7
09,06,1 10,04,1 10,05,0 10,05,1 10,06,0 11,05,0 11,05,1 W7
08,07,1 09,07,0 09,07,1 09,08,0 10,06,1 10,07,0 11,06,0 H7
07,08,0 07,08,1 07,09,1 07,10,0 08,08,0 08,08,1 08,09,0 V7
05,09,1 06,08,1 06,09,0 06,09,1 06,10,0 06,10,1 07,09,0 X7

            ________________________
           /    \              /    \
          /   ___\____________/   ___\
         /   /           /       /   /\
        /   /_______    /_______/   /  \
       /\   \      /\  /    \       \   \
      /  \___\    /  \/___   \    ___\   \
     /    \       \      /    \  /       /\
    /___   \_______\    /   ___\/_______/  \
   /   /   /        \   \  /        \       \
  /   /   /          \   \/          \____   \
 /    \  /            \  /            \   \   \
/      \/              \/              \   \___\
\  /\  /\              /\              /       /
 \/  \/  \            /  \            /   ____/
  \       \          /    \          /\  /   /
   \____   \________/      \________/  \/   /
    \   \  /   /    \      /       /\      /
     \   \/   /___   \____/___    /  \    /
      \   \       \      /\   \   \   \  /
       \   \____   \    /  \   \   \   \/
        \      /\  /\  /    \   \  /   /
         \____/  \/  \/   ___\   \/   /
          \          /    \      /   /
           \________/______\____/___/


solution 17:
06,03,1 06,04,0 06,04,1 06,05,0 07,03,0 07,03,1 07,04,0 D7
03,08,1 03,09,0 04,07,1 04,08,0 04,08,1 05,06,1 05,07,0 E7
04,09,0 04,09,1 05,07,1 05,08,0 05,08,1 05,09,0 06,08,0 A7
01,08,1 01,09,1 02,08,0 02,08,1 02,09,0 02,09,1 03,08,0 B7
00,09,1 00,10,0 00,10,1 00,11,0 00,11,1 01,09,0 01,11,0 C7
01,10,0 01,10,1 02,10,0 02,10,1 03,09,1 03,10,0 03,10,1 P7
01,11,1 02,11,0 02,11,1 03,11,0 03,11,1 04,11,0 04,11,1 I7
00,08,0 00,08,1 00,09,0 01,06,1 01,07,0 01,07,1 01,08,0 U7
00,05,1 00,06,0 00,06,1 00,07,0 00,07,1 01,05,1 01,06,0 Y7
01,04,1 01,05,0 02,04,0 02,04,1 02,05,0 03,03,1 03,04,0 Z7
02,03,1 03,02,1 03,03,0 04,01,1 04,02,0 05,01,0 05,01,1 L7
05,00,1 06,00,0 06,00,1 06,01,0 07,00,0 07,00,1 07,01,0 F7
04,02,1 04,03,0 04,03,1 05,02,0 05,02,1 06,01,1 06,02,0 S7
05,03,0 05,03,1 06,02,1 06,03,0 07,01,1 07,02,0 07,02,1 Q7
04,10,0 04,10,1 05,10,0 05,10,1 05,11,0 05,11,1 06,11,0 N7
08,00,0 08,00,1 08,01,0 08,01,1 08,02,0 09,00,0 09,01,0 M7
08,02,1 09,00,1 09,01,1 09,02,0 10,00,0 10,00,1 10,01,0 J7
09,02,1 10,01,1 10,02,0 11,00,0 11,00,1 11,01,0 11,01,1 T7
08,03,0 08,03,1 09,03,0 09,03,1 10,02,1 10,03,0 11,02,0 R7
10,03,1 10,04,0 11,02,1 11,03,0 11,03,1 11,04,0 11,04,1 G7
09,06,1 10,04,1 10,05,0 10,05,1 10,06,0 11,05,0 11,05,1 W7
08,07,1 09,07,0 09,07,1 09,08,0 10,06,1 10,07,0 11,06,0 H7
07,08,0 07,08,1 07,09,1 07,10,0 08,08,0 08,08,1 08,09,0 V7
05,09,1 06,08,1 06,09,0 06,09,1 06,10,0 06,10,1 07,09,0 X7

            ________________________
           /    \              /    \
          /   ___\____________/   ___\
         /   /           /       /   /\
        /   /_______    /_______/   /  \
       /\   \      /\  /    \       \   \
      /  \___\    /  \/___   \    ___\   \
     /    \       \      /    \  /       /\
    /___   \_______\    /   ___\/_______/  \
   /   /   /        \   \  /        \       \
  /   /   /          \   \/          \____   \
 /    \  /            \  /            \   \   \
/      \/              \/              \   \___\
\  /\  /\              /\              /       /
 \/  \/  \            /  \            /   ____/
  \       \          /    \          /\  /   /
   \____   \________/      \________/  \/   /
    \   \  /   /    \      /        \      /
     \   \/   /___   \____/_______   \    /
      \   \       \      /\   \   \   \  /
       \   \____   \    /  \   \   \___\/
        \      /\  /\  /    \   \      /
         \____/  \/  \/   ___\   \    /
          \          /    \      /   /
           \________/______\____/___/


solution 18:
06,03,1 06,04,0 06,04,1 06,05,0 07,03,0 07,03,1 07,04,0 D7
03,08,1 03,09,0 04,07,1 04,08,0 04,08,1 05,06,1 05,07,0 E7
04,09,0 04,09,1 05,07,1 05,08,0 05,08,1 05,09,0 06,08,0 A7
01,08,1 01,09,1 02,08,0 02,08,1 02,09,0 02,09,1 03,08,0 B7
00,09,1 00,10,0 00,10,1 00,11,0 00,11,1 01,09,0 01,11,0 C7
01,10,0 01,10,1 02,10,0 02,10,1 03,09,1 03,10,0 03,10,1 P7
01,11,1 02,11,0 02,11,1 03,11,0 03,11,1 04,11,0 04,11,1 I7
00,08,0 00,08,1 00,09,0 01,06,1 01,07,0 01,07,1 01,08,0 U7
00,05,1 00,06,0 00,06,1 00,07,0 00,07,1 01,05,1 01,06,0 Y7
01,04,1 01,05,0 02,04,0 02,04,1 02,05,0 03,03,1 03,04,0 Z7
02,03,1 03,02,1 03,03,0 04,01,1 04,02,0 05,01,0 05,01,1 L7
05,00,1 06,00,0 06,00,1 06,01,0 07,00,0 07,00,1 07,01,0 F7
04,02,1 04,03,0 04,03,1 05,02,0 05,02,1 06,01,1 06,02,0 S7
05,03,0 05,03,1 06,02,1 06,03,0 07,01,1 07,02,0 07,02,1 Q7
04,10,0 04,10,1 05,10,0 05,10,1 05,11,0 05,11,1 06,11,0 N7
08,00,0 08,00,1 08,01,0 09,00,0 09,00,1 09,01,0 10,00,0 M7
08,01,1 08,02,0 08,02,1 09,01,1 09,02,0 10,00,1 10,01,0 J7
10,02,1 10,03,0 11,00,0 11,00,1 11,01,0 11,01,1 11,02,0 R7
08,03,0 08,03,1 09,02,1 09,03,0 09,03,1 10,01,1 10,02,0 T7
10,03,1 10,04,0 11,02,1 11,03,0 11,03,1 11,04,0 11,04,1 G7
09,06,1 10,04,1 10,05,0 10,05,1 10,06,0 11,05,0 11,05,1 W7
08,07,1 09,07,0 09,07,1 09,08,0 10,06,1 10,07,0 11,06,0 H7
07,08,0 07,08,1 07,09,1 07,10,0 08,08,0 08,08,1 08,09,0 V7
05,09,1 06,08,1 06,09,0 06,09,1 06,10,0 06,10,1 07,09,0 X7

            ________________________
           /    \              /    \
          /   ___\____________/   ___\
         /   /           /       /   /\
        /   /_______    /_______/   /  \
       /\   \      /\  /    \       \   \
      /  \___\    /  \/___   \    ___\   \
     /    \       \      /    \  /       /\
    /___   \_______\    /   ___\/_______/  \
   /   /   /        \   \  /        \       \
  /   /   /          \   \/          \____   \
 /    \  /            \  /            \   \   \
/      \/              \/              \   \___\
\  /\  /\              /\              /       /
 \/  \/  \            /  \            /   ____/
  \       \          /    \          /\  /   /
   \____   \________/      \________/  \/   /
    \   \  /   /    \      /       /\      /
     \   \/   /___   \____/___    /  \    /
      \   \       \      /    \   \   \  /
       \   \____   \    /      \   \   \/
        \      /\  /\  /\  /\   \  /   /
         \____/  \/  \/  \/  \   \/   /
          \          /        \  /   /
           \________/__________\/___/


solution 19:
06,03,1 06,04,0 06,04,1 06,05,0 07,03,0 07,03,1 07,04,0 D7
03,08,1 03,09,0 04,07,1 04,08,0 04,08,1 05,06,1 05,07,0 E7
04,09,0 04,09,1 05,07,1 05,08,0 05,08,1 05,09,0 06,08,0 A7
01,08,1 01,09,1 02,08,0 02,08,1 02,09,0 02,09,1 03,08,0 B7
00,09,1 00,10,0 00,10,1 00,11,0 00,11,1 01,09,0 01,11,0 C7
01,10,0 01,10,1 02,10,0 02,10,1 03,09,1 03,10,0 03,10,1 P7
01,11,1 02,11,0 02,11,1 03,11,0 03,11,1 04,11,0 04,11,1 I7
00,08,0 00,08,1 00,09,0 01,06,1 01,07,0 01,07,1 01,08,0 U7
00,05,1 00,06,0 00,06,1 00,07,0 00,07,1 01,05,1 01,06,0 Y7
01,04,1 01,05,0 02,04,0 02,04,1 02,05,0 03,03,1 03,04,0 Z7
02,03,1 03,02,1 03,03,0 04,01,1 04,02,0 05,01,0 05,01,1 L7
05,00,1 06,00,0 06,00,1 06,01,0 07,00,0 07,00,1 07,01,0 F7
04,02,1 04,03,0 04,03,1 05,02,0 05,02,1 06,01,1 06,02,0 S7
05,03,0 05,03,1 06,02,1 06,03,0 07,01,1 07,02,0 07,02,1 Q7
04,10,0 04,10,1 05,10,0 05,10,1 05,11,0 05,11,1 06,11,0 N7
08,00,0 08,00,1 08,01,0 09,00,0 09,00,1 09,01,0 10,00,0 M7
08,01,1 08,02,0 08,02,1 09,01,1 09,02,0 10,00,1 10,01,0 J7
09,02,1 10,01,1 10,02,0 11,00,0 11,00,1 11,01,0 11,01,1 T7
08,03,0 08,03,1 09,03,0 09,03,1 10,02,1 10,03,0 11,02,0 R7
10,03,1 10,04,0 11,02,1 11,03,0 11,03,1 11,04,0 11,04,1 G7
09,06,1 10,04,1 10,05,0 10,05,1 10,06,0 11,05,0 11,05,1 W7
08,07,1 09,07,0 09,07,1 09,08,0 10,06,1 10,07,0 11,06,0 H7
07,08,0 07,08,1 07,09,1 07,10,0 08,08,0 08,08,1 08,09,0 V7
05,09,1 06,08,1 06,09,0 06,09,1 06,10,0 06,10,1 07,09,0 X7

            ________________________
           /    \              /    \
          /   ___\____________/   ___\
         /   /           /       /   /\
        /   /_______    /_______/   /  \
       /\   \      /\  /    \       \   \
      /  \___\    /  \/___   \    ___\   \
     /    \       \      /    \  /       /\
    /___   \_______\    /   ___\/_______/  \
   /   /   /        \   \  /        \       \
  /   /   /          \   \/          \____   \
 /    \  /            \  /            \   \   \
/      \/              \/              \   \___\
\  /\  /\              /\              /       /
 \/  \/  \            /  \            /   ____/
  \       \          /    \          /\  /   /
   \____   \________/      \________/  \/   /
    \   \  /   /    \      /        \      /
     \   \/   /___   \____/_______   \    /
      \   \       \      /    \   \   \  /
       \   \____   \    /      \   \___\/
        \      /\  /\  /\  /\   \      /
         \____/  \/  \/  \/  \   \    /
          \          /        \  /   /
           \________/__________\/___/


