solving Heptiamonds4x24Stack:

solution 1:
00,22,1 00,23,0 00,23,1 01,22,1 01,23,0 01,23,1 02,22,0 A7
02,22,1 02,23,0 02,23,1 03,21,1 03,22,0 03,22,1 03,23,0 D7
04,18,1 04,19,0 04,19,1 04,20,0 04,20,1 04,21,0 05,19,0 E7
04,17,1 04,18,0 05,16,1 05,17,0 05,17,1 05,18,0 05,18,1 G7
06,15,0 06,15,1 06,16,0 06,16,1 06,17,0 07,14,1 07,15,0 H7
01,21,0 01,21,1 01,22,0 02,21,0 02,21,1 03,20,1 03,21,0 Q7
01,20,1 02,18,1 02,19,0 02,19,1 02,20,0 02,20,1 03,20,0 T7
03,16,1 03,17,0 03,17,1 03,18,0 03,18,1 03,19,0 03,19,1 I7
04,16,0 04,16,1 04,17,0 05,14,1 05,15,0 05,15,1 05,16,0 U7
04,14,1 04,15,0 04,15,1 05,13,1 05,14,0 06,13,0 06,13,1 C7
06,14,0 06,14,1 07,13,0 07,13,1 07,14,0 08,12,1 08,13,0 F7
05,12,1 05,13,0 06,10,1 06,11,0 06,11,1 06,12,0 07,10,0 N7
06,12,1 07,12,0 07,12,1 08,11,1 08,12,0 09,10,1 09,11,0 R7
07,11,1 08,10,1 08,11,0 09,09,0 09,09,1 09,10,0 10,09,0 P7
07,09,0 07,09,1 07,10,1 07,11,0 08,09,0 08,09,1 08,10,0 V7
10,07,0 10,07,1 10,08,0 10,08,1 11,06,0 11,06,1 11,07,0 Z7
07,08,1 08,07,1 08,08,0 08,08,1 09,07,1 09,08,0 09,08,1 M7
08,06,1 08,07,0 09,05,0 09,05,1 09,06,0 09,06,1 09,07,0 Y7
10,04,1 10,05,0 10,05,1 10,06,0 10,06,1 11,04,0 11,04,1 J7
11,05,0 11,05,1 12,03,1 12,04,0 12,04,1 12,05,0 13,03,0 S7
09,04,1 10,03,0 10,03,1 10,04,0 11,02,1 11,03,0 11,03,1 X7
10,02,1 11,00,1 11,01,0 11,01,1 11,02,0 12,01,0 12,01,1 W7
12,00,0 12,00,1 13,00,0 13,00,1 14,00,0 14,00,1 14,01,0 L7
12,02,0 12,02,1 12,03,0 13,01,0 13,01,1 13,02,0 13,02,1 B7

  ____________
 /       /    \
/       /      \
\  /\   \      /
 \/  \___\    /
 /        \  /\
/_______   \/  \
\       \  /   /
 \    ___\/   /
 /   /   /    \
/   /   /   ___\
\  /   /\  /   /
 \/   /  \/   /
 /   /\      /\
/   /  \    /  \
\  /    \  /   /
 \/___   \/   /
 /   /   /    \
/   /   /___   \
\   \  /    \  /
 \   \/___   \/
 /\      /    \
/  \____/___   \
\   \       \  /
 \   \____   \/
 /   /\   \   \
/   /  \   \   \
\   \   \   \  /
 \___\   \   \/
 /       /    \
/_______/______\
\          /   /
 \        /   /
 /\  /\  /    \
/  \/  \/___   \
\      /   /   /
 \    /   /___/
 /   /   /    \
/___/   /___   \
\   \      /   /
 \   \____/   /
 /       /\   \
/___    /  \___\
\   \  /       /
 \   \/___    /
 /       /   /\
/   ____/___/  \
\  /           /
 \/___________/


solution 2:
00,22,1 00,23,0 00,23,1 01,22,1 01,23,0 01,23,1 02,22,0 A7
02,22,1 02,23,0 02,23,1 03,21,1 03,22,0 03,22,1 03,23,0 D7
04,18,1 04,19,0 04,19,1 04,20,0 04,20,1 04,21,0 05,19,0 E7
04,17,1 04,18,0 05,16,1 05,17,0 05,17,1 05,18,0 05,18,1 G7
06,15,0 06,15,1 06,16,0 06,16,1 06,17,0 07,14,1 07,15,0 H7
01,21,0 01,21,1 01,22,0 02,21,0 02,21,1 03,20,1 03,21,0 Q7
01,20,1 02,18,1 02,19,0 02,19,1 02,20,0 02,20,1 03,20,0 T7
03,17,0 03,17,1 03,18,0 03,18,1 03,19,0 03,19,1 04,17,0 P7
03,16,1 04,16,0 04,16,1 05,14,1 05,15,0 05,15,1 05,16,0 V7
04,14,1 04,15,0 04,15,1 05,13,1 05,14,0 06,13,0 06,13,1 C7
06,14,0 06,14,1 07,13,0 07,13,1 07,14,0 08,12,1 08,13,0 F7
05,12,1 05,13,0 06,12,0 06,12,1 07,12,0 07,12,1 08,12,0 L7
06,11,0 06,11,1 07,11,0 07,11,1 08,11,0 08,11,1 09,11,0 I7
08,10,0 08,10,1 09,09,0 09,09,1 09,10,0 09,10,1 10,09,0 B7
06,10,1 07,09,1 07,10,0 07,10,1 08,08,1 08,09,0 08,09,1 M7
07,08,1 07,09,0 08,06,1 08,07,0 08,07,1 08,08,0 09,06,0 N7
09,06,1 09,07,0 09,07,1 09,08,0 09,08,1 10,08,0 10,08,1 R7
10,05,1 10,06,0 10,06,1 10,07,0 10,07,1 11,06,1 11,07,0 J7
11,05,0 11,05,1 11,06,0 12,03,1 12,04,0 12,04,1 12,05,0 U7
12,02,0 12,02,1 13,01,1 13,02,0 13,02,1 13,03,0 14,01,0 W7
12,00,1 12,01,1 13,00,0 13,00,1 13,01,0 14,00,0 14,00,1 Y7
10,02,1 11,00,1 11,01,0 11,01,1 11,02,0 12,00,0 12,01,0 Z7
09,04,1 09,05,0 09,05,1 10,04,1 10,05,0 11,04,0 11,04,1 S7
10,03,0 10,03,1 10,04,0 11,02,1 11,03,0 11,03,1 12,03,0 X7

  ____________
 /       /    \
/       /      \
\  /\   \      /
 \/  \___\    /
 /        \  /\
/_______   \/  \
\       \  /   /
 \    ___\/   /
 /   /   /    \
/   /   /   ___\
\  /   /\  /   /
 \/   /  \/   /
 /    \      /\
/______\    /  \
\       \  /   /
 \____   \/   /
 /   /   /    \
/   /   /___   \
\   \  /    \  /
 \   \/___   \/
 /\      /    \
/  \____/___   \
\           \  /
 \___________\/
 /            \
/______________\
\      /       /
 \    /___    /
 /\      /    \
/  \    /______\
\   \  /       /
 \   \/   ____/
 /   /   /    \
/   /   /      \
\   \  /   /\  /
 \___\/   /  \/
 /    \  /    \
/      \/___   \
\  /\      /   /
 \/  \____/   /
 /        \  /\
/___    ___\/  \
\   \  /       /
 \   \/___    /
 /    \   \   \
/   ___\   \___\
\   \          /
 \___\________/


solution 3:
00,22,1 00,23,0 00,23,1 01,22,1 01,23,0 01,23,1 02,22,0 A7
02,22,1 02,23,0 02,23,1 03,21,1 03,22,0 03,22,1 03,23,0 D7
04,18,1 04,19,0 04,19,1 04,20,0 04,20,1 04,21,0 05,19,0 E7
04,17,1 04,18,0 05,16,1 05,17,0 05,17,1 05,18,0 05,18,1 G7
06,15,0 06,15,1 06,16,0 06,16,1 06,17,0 07,14,1 07,15,0 H7
01,21,0 01,21,1 01,22,0 02,21,0 02,21,1 03,20,1 03,21,0 Q7
01,20,1 02,18,1 02,19,0 02,19,1 02,20,0 02,20,1 03,20,0 T7
03,17,0 03,17,1 03,18,0 03,18,1 03,19,0 03,19,1 04,17,0 P7
03,16,1 04,16,0 04,16,1 05,14,1 05,15,0 05,15,1 05,16,0 V7
04,14,1 04,15,0 04,15,1 05,13,1 05,14,0 06,13,0 06,13,1 C7
06,14,0 06,14,1 07,13,0 07,13,1 07,14,0 08,12,1 08,13,0 F7
05,12,1 05,13,0 06,12,0 06,12,1 07,12,0 07,12,1 08,12,0 L7
06,11,0 06,11,1 07,11,0 07,11,1 08,11,0 08,11,1 09,11,0 I7
08,10,0 08,10,1 09,09,0 09,09,1 09,10,0 09,10,1 10,09,0 B7
06,10,1 07,09,1 07,10,0 07,10,1 08,08,1 08,09,0 08,09,1 M7
07,08,1 07,09,0 08,06,1 08,07,0 08,07,1 08,08,0 09,06,0 N7
09,06,1 09,07,0 09,07,1 09,08,0 09,08,1 10,08,0 10,08,1 R7
10,05,1 10,06,0 10,06,1 10,07,0 10,07,1 11,06,1 11,07,0 J7
11,05,0 11,05,1 11,06,0 12,03,1 12,04,0 12,04,1 12,05,0 U7
12,02,0 12,02,1 13,01,1 13,02,0 13,02,1 13,03,0 14,01,0 W7
12,00,1 12,01,1 13,00,0 13,00,1 13,01,0 14,00,0 14,00,1 Y7
10,02,1 11,00,1 11,01,0 11,01,1 11,02,0 12,00,0 12,01,0 Z7
09,04,1 09,05,0 09,05,1 10,03,0 10,03,1 10,04,0 10,05,0 S7
10,04,1 11,02,1 11,03,0 11,03,1 11,04,0 11,04,1 12,03,0 X7

  ____________
 /       /    \
/       /      \
\  /\   \      /
 \/  \___\    /
 /        \  /\
/_______   \/  \
\       \  /   /
 \    ___\/   /
 /   /   /    \
/   /   /   ___\
\  /   /\  /   /
 \/   /  \/   /
 /    \      /\
/______\    /  \
\       \  /   /
 \____   \/   /
 /   /   /    \
/   /   /___   \
\   \  /    \  /
 \   \/___   \/
 /\      /    \
/  \____/___   \
\           \  /
 \___________\/
 /            \
/______________\
\      /       /
 \    /___    /
 /\      /    \
/  \    /______\
\   \  /       /
 \   \/   ____/
 /   /   /    \
/   /   /      \
\   \  /   /\  /
 \___\/   /  \/
 /    \  /    \
/   ___\/___   \
\   \      /   /
 \   \    /   /
 /   /    \  /\
/___/   ___\/  \
\   \  /       /
 \   \/___    /
 /    \   \   \
/   ___\   \___\
\   \          /
 \___\________/


solution 4:
00,22,1 00,23,0 00,23,1 01,22,1 01,23,0 01,23,1 02,22,0 A7
02,22,1 02,23,0 02,23,1 03,21,1 03,22,0 03,22,1 03,23,0 D7
04,18,1 04,19,0 04,19,1 04,20,0 04,20,1 04,21,0 05,19,0 E7
04,17,1 04,18,0 05,16,1 05,17,0 05,17,1 05,18,0 05,18,1 G7
06,15,0 06,15,1 06,16,0 06,16,1 06,17,0 07,14,1 07,15,0 H7
01,21,0 01,21,1 01,22,0 02,21,0 02,21,1 03,20,1 03,21,0 Q7
01,20,1 02,18,1 02,19,0 02,19,1 02,20,0 02,20,1 03,20,0 T7
03,17,0 03,17,1 03,18,0 03,18,1 03,19,0 03,19,1 04,17,0 P7
03,16,1 04,16,0 04,16,1 05,14,1 05,15,0 05,15,1 05,16,0 V7
04,14,1 04,15,0 04,15,1 05,13,1 05,14,0 06,13,0 06,13,1 C7
06,14,0 06,14,1 07,13,0 07,13,1 07,14,0 08,12,1 08,13,0 F7
05,12,1 05,13,0 06,12,0 06,12,1 07,12,0 07,12,1 08,12,0 L7
06,11,0 06,11,1 07,10,1 07,11,0 07,11,1 08,10,0 08,11,0 Y7
08,10,1 08,11,1 09,09,1 09,10,0 09,10,1 09,11,0 10,09,0 Z7
06,10,1 07,08,1 07,09,0 07,09,1 07,10,0 08,09,0 08,09,1 W7
11,00,1 12,00,0 12,00,1 13,00,0 13,00,1 14,00,0 14,00,1 I7
10,02,1 11,01,0 11,01,1 11,02,0 11,02,1 12,01,0 12,01,1 B7
12,02,0 12,02,1 12,03,0 13,01,0 13,01,1 13,02,0 14,01,0 M7
11,05,1 12,03,1 12,04,0 12,04,1 12,05,0 13,02,1 13,03,0 N7
10,03,0 10,03,1 11,03,0 11,03,1 11,04,0 11,04,1 11,05,0 R7
09,04,1 09,05,0 10,04,0 10,04,1 10,05,0 10,05,1 10,06,0 J7
08,06,1 08,07,0 08,07,1 08,08,0 09,05,1 09,06,0 09,06,1 U7
10,06,1 10,07,1 10,08,0 10,08,1 11,06,0 11,06,1 11,07,0 S7
08,08,1 09,07,0 09,07,1 09,08,0 09,08,1 09,09,0 10,07,0 X7

  ____________
 /       /    \
/       /      \
\  /\   \      /
 \/  \___\    /
 /        \  /\
/_______   \/  \
\       \  /   /
 \    ___\/   /
 /   /   /    \
/   /   /   ___\
\  /   /\  /   /
 \/   /  \/   /
 /    \      /\
/______\    /  \
\       \  /   /
 \____   \/   /
 /   /   /    \
/   /   /___   \
\   \  /    \  /
 \   \/___   \/
 /\      /    \
/  \____/___   \
\           \  /
 \___________\/
 /        \   \
/___    ___\   \
\   \   \      /
 \   \___\    /
 /       /\   \
/   ____/  \___\
\  /\      /   /
 \/  \    /   /
 /   /    \   \
/   /______\   \
\      /\      /
 \    /  \____/
 /\  /   /\   \
/  \/   /  \   \
\      /   /   /
 \____/   /   /
 /       /\   \
/_______/  \   \
\      /    \  /
 \    /___   \/
 /       /    \
/_______/______\
\              /
 \____________/


solution 5:
00,22,1 00,23,0 00,23,1 01,22,1 01,23,0 01,23,1 02,22,0 A7
02,22,1 02,23,0 02,23,1 03,21,1 03,22,0 03,22,1 03,23,0 D7
04,18,1 04,19,0 04,19,1 04,20,0 04,20,1 04,21,0 05,19,0 E7
04,17,1 04,18,0 05,16,1 05,17,0 05,17,1 05,18,0 05,18,1 G7
06,15,0 06,15,1 06,16,0 06,16,1 06,17,0 07,14,1 07,15,0 H7
01,21,0 01,21,1 01,22,0 02,21,0 02,21,1 03,20,1 03,21,0 Q7
01,20,1 02,18,1 02,19,0 02,19,1 02,20,0 02,20,1 03,20,0 T7
03,17,0 03,17,1 03,18,0 03,18,1 03,19,0 03,19,1 04,17,0 P7
03,16,1 04,16,0 04,16,1 05,14,1 05,15,0 05,15,1 05,16,0 V7
04,14,1 04,15,0 04,15,1 05,13,1 05,14,0 06,13,0 06,13,1 C7
06,14,0 06,14,1 07,13,0 07,13,1 07,14,0 08,12,1 08,13,0 F7
05,12,1 05,13,0 06,12,0 06,12,1 07,12,0 07,12,1 08,12,0 L7
06,11,0 06,11,1 07,10,1 07,11,0 07,11,1 08,10,0 08,11,0 Y7
08,10,1 08,11,1 09,09,1 09,10,0 09,10,1 09,11,0 10,09,0 Z7
06,10,1 07,08,1 07,09,0 07,09,1 07,10,0 08,09,0 08,09,1 W7
11,00,1 12,00,0 12,00,1 13,00,0 13,00,1 14,00,0 14,00,1 I7
10,02,1 11,01,0 11,01,1 11,02,0 11,02,1 12,01,0 12,01,1 B7
12,02,0 12,02,1 12,03,0 13,01,0 13,01,1 13,02,0 14,01,0 M7
11,05,1 12,03,1 12,04,0 12,04,1 12,05,0 13,02,1 13,03,0 N7
10,03,0 10,03,1 11,03,0 11,03,1 11,04,0 11,04,1 11,05,0 R7
09,04,1 09,05,0 10,04,0 10,04,1 10,05,0 10,05,1 10,06,0 J7
08,06,1 08,07,0 08,07,1 08,08,0 09,05,1 09,06,0 09,06,1 U7
09,07,0 09,07,1 10,06,1 10,07,0 11,06,0 11,06,1 11,07,0 S7
08,08,1 09,08,0 09,08,1 09,09,0 10,07,1 10,08,0 10,08,1 X7

  ____________
 /       /    \
/       /      \
\  /\   \      /
 \/  \___\    /
 /        \  /\
/_______   \/  \
\       \  /   /
 \    ___\/   /
 /   /   /    \
/   /   /   ___\
\  /   /\  /   /
 \/   /  \/   /
 /    \      /\
/______\    /  \
\       \  /   /
 \____   \/   /
 /   /   /    \
/   /   /___   \
\   \  /    \  /
 \   \/___   \/
 /\      /    \
/  \____/___   \
\           \  /
 \___________\/
 /        \   \
/___    ___\   \
\   \   \      /
 \   \___\    /
 /       /\   \
/   ____/  \___\
\  /\          /
 \/  \____    /
 /   /    \  /\
/   /___   \/  \
\      /\      /
 \    /  \____/
 /\  /   /\   \
/  \/   /  \   \
\      /   /   /
 \____/   /   /
 /       /\   \
/_______/  \   \
\      /    \  /
 \    /___   \/
 /       /    \
/_______/______\
\              /
 \____________/


solution 6:
00,22,1 00,23,0 00,23,1 01,22,1 01,23,0 01,23,1 02,22,0 A7
02,22,1 02,23,0 02,23,1 03,21,1 03,22,0 03,22,1 03,23,0 D7
04,18,1 04,19,0 04,19,1 04,20,0 04,20,1 04,21,0 05,19,0 E7
04,17,1 04,18,0 05,16,1 05,17,0 05,17,1 05,18,0 05,18,1 G7
06,15,0 06,15,1 06,16,0 06,16,1 06,17,0 07,14,1 07,15,0 H7
01,21,0 01,21,1 01,22,0 02,21,0 02,21,1 03,20,1 03,21,0 Q7
01,20,1 02,18,1 02,19,0 02,19,1 02,20,0 02,20,1 03,20,0 T7
03,17,0 03,17,1 03,18,0 03,18,1 03,19,0 03,19,1 04,17,0 P7
03,16,1 04,16,0 04,16,1 05,14,1 05,15,0 05,15,1 05,16,0 V7
04,14,1 04,15,0 04,15,1 05,13,1 05,14,0 06,13,0 06,13,1 C7
06,14,0 06,14,1 07,13,0 07,13,1 07,14,0 08,12,1 08,13,0 F7
05,12,1 05,13,0 06,10,1 06,11,0 06,11,1 06,12,0 07,10,0 N7
06,12,1 07,11,0 07,11,1 07,12,0 07,12,1 08,11,0 08,12,0 B7
08,11,1 09,08,1 09,09,0 09,09,1 09,10,0 09,10,1 09,11,0 L7
09,07,1 09,08,0 10,07,0 10,07,1 10,08,0 10,08,1 10,09,0 J7
07,09,0 07,09,1 07,10,1 08,09,0 08,09,1 08,10,0 08,10,1 U7
07,08,1 08,06,1 08,07,0 08,07,1 08,08,0 08,08,1 09,07,0 X7
10,06,0 10,06,1 11,05,1 11,06,0 11,06,1 11,07,0 12,05,0 W7
09,04,1 09,05,0 09,05,1 09,06,0 09,06,1 10,03,1 10,04,0 R7
10,02,1 10,03,0 11,01,0 11,01,1 11,02,0 11,02,1 11,03,0 Y7
11,00,1 12,00,0 12,00,1 13,00,0 13,00,1 14,00,0 14,00,1 I7
12,01,0 12,01,1 12,02,0 13,01,0 13,01,1 13,02,0 14,01,0 M7
11,03,1 11,04,0 12,02,1 12,03,0 12,03,1 13,02,1 13,03,0 Z7
10,04,1 10,05,0 10,05,1 11,04,1 11,05,0 12,04,0 12,04,1 S7

  ____________
 /       /    \
/       /      \
\  /\   \      /
 \/  \___\    /
 /        \  /\
/_______   \/  \
\       \  /   /
 \    ___\/   /
 /   /   /    \
/   /   /   ___\
\  /   /\  /   /
 \/   /  \/   /
 /    \      /\
/______\    /  \
\       \  /   /
 \____   \/   /
 /   /   /    \
/   /   /___   \
\   \  /    \  /
 \   \/___   \/
 /\      /    \
/  \____/___   \
\   \       \  /
 \   \    ___\/
 /   /    \   \
/   /______\   \
\   \      /   /
 \___\    /   /
 /       /   /\
/_______/   /  \
\      /\  /   /
 \    /  \/   /
 /    \      /\
/   ___\____/  \
\  /   /       /
 \/   /___    /
 /   /    \   \
/   /      \___\
\   \  /\      /
 \   \/  \____/
 /\  /\       \
/  \/  \       \
\      /\  /\  /
 \    /  \/  \/
 /   /        \
/___/__________\
\              /
 \____________/


solution 7:
00,22,1 00,23,0 00,23,1 01,22,1 01,23,0 01,23,1 02,22,0 A7
02,22,1 02,23,0 02,23,1 03,21,1 03,22,0 03,22,1 03,23,0 D7
04,18,1 04,19,0 04,19,1 04,20,0 04,20,1 04,21,0 05,19,0 E7
04,17,1 04,18,0 05,16,1 05,17,0 05,17,1 05,18,0 05,18,1 G7
06,15,0 06,15,1 06,16,0 06,16,1 06,17,0 07,14,1 07,15,0 H7
01,21,0 01,21,1 01,22,0 02,21,0 02,21,1 03,20,1 03,21,0 Q7
01,20,1 02,18,1 02,19,0 02,19,1 02,20,0 02,20,1 03,20,0 T7
03,17,0 03,17,1 03,18,0 03,18,1 03,19,0 03,19,1 04,17,0 P7
03,16,1 04,16,0 04,16,1 05,14,1 05,15,0 05,15,1 05,16,0 V7
04,14,1 04,15,0 04,15,1 05,13,1 05,14,0 06,13,0 06,13,1 C7
06,14,0 06,14,1 07,13,0 07,13,1 07,14,0 08,12,1 08,13,0 F7
05,12,1 05,13,0 06,11,0 06,11,1 06,12,0 06,12,1 07,11,0 X7
07,11,1 07,12,0 07,12,1 08,11,1 08,12,0 09,10,1 09,11,0 J7
08,10,1 08,11,0 09,09,1 09,10,0 10,08,0 10,08,1 10,09,0 L7
06,10,1 07,10,0 07,10,1 08,09,0 08,09,1 08,10,0 09,09,0 U7
07,08,1 07,09,0 07,09,1 08,06,1 08,07,0 08,07,1 08,08,0 N7
08,08,1 09,07,0 09,07,1 09,08,0 09,08,1 10,07,0 10,07,1 B7
10,06,0 10,06,1 11,05,1 11,06,0 11,06,1 11,07,0 12,05,0 W7
09,04,1 09,05,0 09,05,1 09,06,0 09,06,1 10,03,1 10,04,0 R7
10,02,1 10,03,0 11,01,0 11,01,1 11,02,0 11,02,1 11,03,0 Y7
11,00,1 12,00,0 12,00,1 13,00,0 13,00,1 14,00,0 14,00,1 I7
12,01,0 12,01,1 12,02,0 13,01,0 13,01,1 13,02,0 14,01,0 M7
11,03,1 11,04,0 12,02,1 12,03,0 12,03,1 13,02,1 13,03,0 Z7
10,04,1 10,05,0 10,05,1 11,04,1 11,05,0 12,04,0 12,04,1 S7

  ____________
 /       /    \
/       /      \
\  /\   \      /
 \/  \___\    /
 /        \  /\
/_______   \/  \
\       \  /   /
 \    ___\/   /
 /   /   /    \
/   /   /   ___\
\  /   /\  /   /
 \/   /  \/   /
 /    \      /\
/______\    /  \
\       \  /   /
 \____   \/   /
 /   /   /    \
/   /   /___   \
\   \  /    \  /
 \   \/___   \/
 /\      /    \
/  \____/___   \
\      /    \  /
 \    /      \/
 /    \  /\   \
/______\/  \   \
\       \   \  /
 \____   \   \/
 /   /    \   \
/   /______\   \
\   \      /   /
 \   \    /___/
 /   /       /\
/   /_______/  \
\  /   /       /
 \/   /___    /
 /   /    \   \
/   /      \___\
\   \  /\      /
 \   \/  \____/
 /\  /\       \
/  \/  \       \
\      /\  /\  /
 \    /  \/  \/
 /   /        \
/___/__________\
\              /
 \____________/


solution 8:
00,22,1 00,23,0 00,23,1 01,22,1 01,23,0 01,23,1 02,22,0 A7
02,22,1 02,23,0 02,23,1 03,21,1 03,22,0 03,22,1 03,23,0 D7
04,18,1 04,19,0 04,19,1 04,20,0 04,20,1 04,21,0 05,19,0 E7
04,17,1 04,18,0 05,16,1 05,17,0 05,17,1 05,18,0 05,18,1 G7
06,15,0 06,15,1 06,16,0 06,16,1 06,17,0 07,14,1 07,15,0 H7
01,21,0 01,21,1 01,22,0 02,21,0 02,21,1 03,20,1 03,21,0 Q7
01,20,1 02,18,1 02,19,0 02,19,1 02,20,0 02,20,1 03,20,0 T7
03,17,0 03,17,1 03,18,0 03,18,1 03,19,0 03,19,1 04,17,0 P7
03,16,1 04,16,0 04,16,1 05,14,1 05,15,0 05,15,1 05,16,0 V7
04,14,1 04,15,0 04,15,1 05,13,1 05,14,0 06,13,0 06,13,1 C7
06,14,0 06,14,1 07,13,0 07,13,1 07,14,0 08,12,1 08,13,0 F7
05,12,1 05,13,0 06,11,0 06,11,1 06,12,0 06,12,1 07,11,0 X7
07,10,1 07,11,1 07,12,0 07,12,1 08,10,0 08,10,1 08,11,0 S7
08,11,1 08,12,0 09,09,0 09,09,1 09,10,0 09,10,1 09,11,0 R7
06,10,1 07,08,1 07,09,0 07,09,1 07,10,0 08,09,0 08,09,1 W7
08,08,0 08,08,1 09,08,0 09,08,1 10,08,0 10,08,1 10,09,0 L7
08,07,0 08,07,1 09,07,0 09,07,1 10,07,0 10,07,1 11,07,0 I7
08,06,1 09,05,1 09,06,0 09,06,1 10,05,1 10,06,0 10,06,1 M7
11,05,0 11,05,1 11,06,0 11,06,1 12,04,0 12,04,1 12,05,0 Z7
09,04,1 09,05,0 10,03,0 10,03,1 10,04,0 10,04,1 10,05,0 Y7
11,03,0 11,03,1 11,04,0 11,04,1 12,02,1 12,03,0 12,03,1 B7
13,01,1 13,02,0 13,02,1 13,03,0 14,00,0 14,00,1 14,01,0 N7
10,02,1 11,02,0 11,02,1 12,01,0 12,01,1 12,02,0 13,01,0 U7
11,00,1 11,01,0 11,01,1 12,00,0 12,00,1 13,00,0 13,00,1 J7

  ____________
 /       /    \
/       /      \
\  /\   \      /
 \/  \___\    /
 /        \  /\
/_______   \/  \
\       \  /   /
 \    ___\/   /
 /   /   /    \
/   /   /   ___\
\  /   /\  /   /
 \/   /  \/   /
 /    \      /\
/______\    /  \
\       \  /   /
 \____   \/   /
 /   /   /    \
/   /   /___   \
\   \  /    \  /
 \   \/___   \/
 /\      /    \
/  \____/___   \
\      /   /\  /
 \    /   /  \/
 /    \   \   \
/______\   \   \
\   \      /   /
 \   \____/   /
 /       /   /\
/   ____/___/  \
\  /           /
 \/___________/
 /            \
/______________\
\          /   /
 \        /   /
 /\  /\  /    \
/  \/  \/___   \
\      /   /   /
 \    /   /___/
 /   /       /\
/___/___    /  \
\       \  /   /
 \____   \/   /
 /   /    \   \
/   /______\   \
\          /   /
 \________/___/


solution 9:
00,22,1 00,23,0 00,23,1 01,22,1 01,23,0 01,23,1 02,22,0 A7
02,22,1 02,23,0 02,23,1 03,21,1 03,22,0 03,22,1 03,23,0 D7
04,18,1 04,19,0 04,19,1 04,20,0 04,20,1 04,21,0 05,19,0 E7
04,17,1 04,18,0 05,16,1 05,17,0 05,17,1 05,18,0 05,18,1 G7
06,15,0 06,15,1 06,16,0 06,16,1 06,17,0 07,14,1 07,15,0 H7
01,21,0 01,21,1 01,22,0 02,21,0 02,21,1 03,20,1 03,21,0 Q7
01,20,1 02,18,1 02,19,0 02,19,1 02,20,0 02,20,1 03,20,0 T7
03,17,0 03,17,1 03,18,0 03,18,1 03,19,0 03,19,1 04,17,0 P7
03,16,1 04,16,0 04,16,1 05,14,1 05,15,0 05,15,1 05,16,0 V7
04,14,1 04,15,0 04,15,1 05,13,1 05,14,0 06,13,0 06,13,1 C7
06,14,0 06,14,1 07,13,0 07,13,1 07,14,0 08,12,1 08,13,0 F7
05,12,1 05,13,0 06,11,0 06,11,1 06,12,0 06,12,1 07,11,0 X7
07,10,1 07,11,1 07,12,0 07,12,1 08,10,0 08,10,1 08,11,0 S7
08,11,1 08,12,0 09,09,0 09,09,1 09,10,0 09,10,1 09,11,0 R7
06,10,1 07,08,1 07,09,0 07,09,1 07,10,0 08,09,0 08,09,1 W7
08,08,0 08,08,1 09,08,0 09,08,1 10,08,0 10,08,1 10,09,0 L7
08,07,0 08,07,1 09,07,0 09,07,1 10,07,0 10,07,1 11,07,0 I7
08,06,1 09,04,1 09,05,0 09,05,1 09,06,0 10,04,0 10,05,0 Z7
09,06,1 10,05,1 10,06,0 10,06,1 11,05,1 11,06,0 11,06,1 M7
11,04,1 11,05,0 12,03,1 12,04,0 12,04,1 12,05,0 13,03,0 Y7
10,03,1 10,04,1 11,02,1 11,03,0 11,03,1 11,04,0 12,03,0 B7
10,02,1 10,03,0 11,00,1 11,01,0 11,01,1 11,02,0 12,00,0 N7
12,01,0 12,01,1 12,02,0 12,02,1 13,01,0 13,02,0 13,02,1 U7
12,00,1 13,00,0 13,00,1 13,01,1 14,00,0 14,00,1 14,01,0 J7

  ____________
 /       /    \
/       /      \
\  /\   \      /
 \/  \___\    /
 /        \  /\
/_______   \/  \
\       \  /   /
 \    ___\/   /
 /   /   /    \
/   /   /   ___\
\  /   /\  /   /
 \/   /  \/   /
 /    \      /\
/______\    /  \
\       \  /   /
 \____   \/   /
 /   /   /    \
/   /   /___   \
\   \  /    \  /
 \   \/___   \/
 /\      /    \
/  \____/___   \
\      /   /\  /
 \    /   /  \/
 /    \   \   \
/______\   \   \
\   \      /   /
 \   \____/   /
 /       /   /\
/   ____/___/  \
\  /           /
 \/___________/
 /            \
/______________\
\   \          /
 \   \        /
 /    \  /\  /\
/   ___\/  \/  \
\   \   \      /
 \___\   \    /
 /\       \   \
/  \    ___\___\
\   \  /       /
 \   \/   ____/
 /   /    \   \
/   /______\   \
\   \          /
 \___\________/


solution 10:
00,22,1 00,23,0 00,23,1 01,22,1 01,23,0 01,23,1 02,22,0 A7
02,22,1 02,23,0 02,23,1 03,21,1 03,22,0 03,22,1 03,23,0 D7
04,18,1 04,19,0 04,19,1 04,20,0 04,20,1 04,21,0 05,19,0 E7
04,17,1 04,18,0 05,16,1 05,17,0 05,17,1 05,18,0 05,18,1 G7
06,15,0 06,15,1 06,16,0 06,16,1 06,17,0 07,14,1 07,15,0 H7
01,21,0 01,21,1 01,22,0 02,21,0 02,21,1 03,20,1 03,21,0 Q7
01,20,1 02,18,1 02,19,0 02,19,1 02,20,0 02,20,1 03,20,0 T7
03,17,0 03,17,1 03,18,0 03,18,1 03,19,0 03,19,1 04,17,0 P7
03,16,1 04,16,0 04,16,1 05,14,1 05,15,0 05,15,1 05,16,0 V7
04,14,1 04,15,0 04,15,1 05,13,1 05,14,0 06,13,0 06,13,1 C7
06,14,0 06,14,1 07,13,0 07,13,1 07,14,0 08,12,1 08,13,0 F7
05,12,1 05,13,0 06,11,0 06,11,1 06,12,0 06,12,1 07,11,0 X7
07,10,1 07,11,1 07,12,0 07,12,1 08,10,0 08,10,1 08,11,0 S7
08,11,1 08,12,0 09,09,0 09,09,1 09,10,0 09,10,1 09,11,0 R7
06,10,1 07,08,1 07,09,0 07,09,1 07,10,0 08,09,0 08,09,1 W7
08,08,0 08,08,1 09,08,0 09,08,1 10,08,0 10,08,1 10,09,0 L7
08,06,1 08,07,0 08,07,1 09,06,0 09,07,0 09,07,1 10,07,0 J7
10,07,1 11,05,1 11,06,0 11,06,1 11,07,0 12,04,1 12,05,0 N7
09,05,0 09,05,1 09,06,1 10,05,0 10,05,1 10,06,0 10,06,1 U7
10,04,1 11,03,1 11,04,0 11,04,1 11,05,0 12,03,0 12,04,0 B7
12,02,1 12,03,1 13,01,1 13,02,0 13,02,1 13,03,0 14,01,0 Z7
11,00,1 12,00,0 12,00,1 13,00,0 13,00,1 14,00,0 14,00,1 I7
09,04,1 10,02,1 10,03,0 10,03,1 10,04,0 11,02,1 11,03,0 Y7
11,01,0 11,01,1 11,02,0 12,01,0 12,01,1 12,02,0 13,01,0 M7

  ____________
 /       /    \
/       /      \
\  /\   \      /
 \/  \___\    /
 /        \  /\
/_______   \/  \
\       \  /   /
 \    ___\/   /
 /   /   /    \
/   /   /   ___\
\  /   /\  /   /
 \/   /  \/   /
 /    \      /\
/______\    /  \
\       \  /   /
 \____   \/   /
 /   /   /    \
/   /   /___   \
\   \  /    \  /
 \   \/___   \/
 /\      /    \
/  \____/___   \
\      /   /\  /
 \    /   /  \/
 /    \   \   \
/______\   \   \
\   \      /   /
 \   \____/   /
 /       /   /\
/   ____/___/  \
\  /           /
 \/___________/
 /        \   \
/   _______\   \
\   \      /   /
 \___\    /   /
 /       /\   \
/_______/  \   \
\   \       \  /
 \   \    ___\/
 /    \   \   \
/      \___\   \
\  /\  /\      /
 \/  \/  \    /
 /        \   \
/__________\___\
\              /
 \____________/


solution 11:
00,22,1 00,23,0 00,23,1 01,22,1 01,23,0 01,23,1 02,22,0 A7
02,22,1 02,23,0 02,23,1 03,21,1 03,22,0 03,22,1 03,23,0 D7
04,18,1 04,19,0 04,19,1 04,20,0 04,20,1 04,21,0 05,19,0 E7
04,17,1 04,18,0 05,16,1 05,17,0 05,17,1 05,18,0 05,18,1 G7
06,15,0 06,15,1 06,16,0 06,16,1 06,17,0 07,14,1 07,15,0 H7
01,21,0 01,21,1 01,22,0 02,21,0 02,21,1 03,20,1 03,21,0 Q7
01,20,1 02,18,1 02,19,0 02,19,1 02,20,0 02,20,1 03,20,0 T7
03,17,0 03,17,1 03,18,0 03,18,1 03,19,0 03,19,1 04,17,0 P7
03,16,1 04,16,0 04,16,1 05,14,1 05,15,0 05,15,1 05,16,0 V7
04,14,1 04,15,0 04,15,1 05,13,1 05,14,0 06,13,0 06,13,1 C7
06,14,0 06,14,1 07,13,0 07,13,1 07,14,0 08,12,1 08,13,0 F7
05,12,1 05,13,0 06,11,0 06,11,1 06,12,0 06,12,1 07,11,0 X7
07,10,1 07,11,1 07,12,0 07,12,1 08,10,0 08,10,1 08,11,0 S7
08,11,1 08,12,0 09,09,0 09,09,1 09,10,0 09,10,1 09,11,0 R7
06,10,1 07,08,1 07,09,0 07,09,1 07,10,0 08,09,0 08,09,1 W7
08,08,0 08,08,1 09,08,0 09,08,1 10,08,0 10,08,1 10,09,0 L7
08,06,1 08,07,0 08,07,1 09,04,1 09,05,0 09,05,1 09,06,0 N7
09,07,0 09,07,1 10,07,0 10,07,1 11,06,0 11,06,1 11,07,0 J7
09,06,1 10,05,1 10,06,0 10,06,1 11,05,0 11,05,1 12,05,0 U7
10,04,0 10,04,1 10,05,0 11,03,0 11,03,1 11,04,0 11,04,1 B7
10,02,1 10,03,0 10,03,1 11,01,0 11,01,1 11,02,0 11,02,1 Z7
11,00,1 12,00,0 12,00,1 13,00,0 13,00,1 14,00,0 14,00,1 I7
12,02,1 12,03,0 12,03,1 12,04,0 12,04,1 13,02,1 13,03,0 Y7
12,01,0 12,01,1 12,02,0 13,01,0 13,01,1 13,02,0 14,01,0 M7

  ____________
 /       /    \
/       /      \
\  /\   \      /
 \/  \___\    /
 /        \  /\
/_______   \/  \
\       \  /   /
 \    ___\/   /
 /   /   /    \
/   /   /   ___\
\  /   /\  /   /
 \/   /  \/   /
 /    \      /\
/______\    /  \
\       \  /   /
 \____   \/   /
 /   /   /    \
/   /   /___   \
\   \  /    \  /
 \   \/___   \/
 /\      /    \
/  \____/___   \
\      /   /\  /
 \    /   /  \/
 /    \   \   \
/______\   \   \
\   \      /   /
 \   \____/   /
 /       /   /\
/   ____/___/  \
\  /           /
 \/___________/
 /   /        \
/   /_______   \
\   \      /   /
 \   \    /___/
 /   /\       \
/   /  \_______\
\  /       /   /
 \/___    /   /
 /   /   /    \
/   /___/      \
\      /\  /\  /
 \    /  \/  \/
 /   /        \
/___/__________\
\              /
 \____________/


solution 12:
00,22,1 00,23,0 00,23,1 01,22,1 01,23,0 01,23,1 02,22,0 A7
02,22,1 02,23,0 02,23,1 03,21,1 03,22,0 03,22,1 03,23,0 D7
04,18,1 04,19,0 04,19,1 04,20,0 04,20,1 04,21,0 05,19,0 E7
04,17,1 04,18,0 05,16,1 05,17,0 05,17,1 05,18,0 05,18,1 G7
06,15,0 06,15,1 06,16,0 06,16,1 06,17,0 07,14,1 07,15,0 H7
01,21,0 01,21,1 01,22,0 02,21,0 02,21,1 03,20,1 03,21,0 Q7
01,20,1 02,20,0 02,20,1 03,18,1 03,19,0 03,19,1 03,20,0 V7
02,18,1 02,19,0 02,19,1 03,17,1 03,18,0 04,16,1 04,17,0 L7
03,16,1 03,17,0 04,15,1 04,16,0 05,15,0 05,15,1 05,16,0 J7
04,14,1 04,15,0 05,13,1 05,14,0 06,12,1 06,13,0 06,13,1 P7
05,14,1 06,14,0 06,14,1 07,13,1 07,14,0 08,12,1 08,13,0 R7
05,12,1 05,13,0 06,11,0 06,11,1 06,12,0 07,11,0 07,11,1 T7
07,12,0 07,12,1 07,13,0 08,11,0 08,11,1 08,12,0 09,11,0 M7
06,10,1 07,10,0 07,10,1 08,10,0 08,10,1 09,10,0 09,10,1 I7
12,02,0 12,02,1 13,01,1 13,02,0 13,02,1 13,03,0 14,01,0 W7
12,00,1 12,01,1 13,00,0 13,00,1 13,01,0 14,00,0 14,00,1 Y7
10,02,1 11,00,1 11,01,0 11,01,1 11,02,0 12,00,0 12,01,0 Z7
09,04,1 09,05,0 09,05,1 10,03,0 10,03,1 10,04,0 10,05,0 S7
10,04,1 11,02,1 11,03,0 11,03,1 11,04,0 11,04,1 12,03,0 X7
11,05,0 11,05,1 11,06,0 12,03,1 12,04,0 12,04,1 12,05,0 U7
09,06,0 09,06,1 09,07,0 09,07,1 10,05,1 10,06,0 10,06,1 B7
07,08,1 07,09,0 07,09,1 08,06,1 08,07,0 08,07,1 08,08,0 N7
09,08,0 09,08,1 10,07,0 10,07,1 10,08,0 11,06,1 11,07,0 F7
08,08,1 08,09,0 08,09,1 09,09,0 09,09,1 10,08,1 10,09,0 C7

  ____________
 /       /    \
/       /      \
\  /\   \      /
 \/  \___\    /
 /        \  /\
/_______   \/  \
\       \  /   /
 \____   \/   /
 /   /   /    \
/   /   /   ___\
\   \  /\  /   /
 \   \/  \/   /
 /\   \      /\
/  \   \    /  \
\   \  /\  /   /
 \   \/  \/   /
 /\      /    \
/  \____/___   \
\   \       \  /
 \   \____   \/
 /\      /\   \
/  \    /  \   \
\   \  /    \  /
 \   \/___   \/
 /       /    \
/_______/______\
\              /
 \____________/
 /   /        \
/   /   ____   \
\   \  /    \  /
 \   \/___   \/
 /   /   /    \
/   /   /___   \
\  /       /\  /
 \/___    /  \/
 /    \  /    \
/   ___\/___   \
\   \      /   /
 \   \    /   /
 /   /    \  /\
/___/   ___\/  \
\   \  /       /
 \   \/___    /
 /    \   \   \
/   ___\   \___\
\   \          /
 \___\________/


solution 13:
00,22,1 00,23,0 00,23,1 01,22,1 01,23,0 01,23,1 02,22,0 A7
02,22,1 02,23,0 02,23,1 03,21,1 03,22,0 03,22,1 03,23,0 D7
04,18,1 04,19,0 04,19,1 04,20,0 04,20,1 04,21,0 05,19,0 E7
04,17,1 04,18,0 05,16,1 05,17,0 05,17,1 05,18,0 05,18,1 G7
06,15,0 06,15,1 06,16,0 06,16,1 06,17,0 07,14,1 07,15,0 H7
01,21,0 01,21,1 01,22,0 02,21,0 02,21,1 03,20,1 03,21,0 Q7
01,20,1 02,20,0 02,20,1 03,18,1 03,19,0 03,19,1 03,20,0 V7
02,18,1 02,19,0 02,19,1 03,17,1 03,18,0 04,16,1 04,17,0 L7
03,16,1 03,17,0 04,15,1 04,16,0 05,15,0 05,15,1 05,16,0 J7
04,14,1 04,15,0 05,13,1 05,14,0 06,12,1 06,13,0 06,13,1 P7
05,14,1 06,14,0 06,14,1 07,13,1 07,14,0 08,12,1 08,13,0 R7
05,12,1 05,13,0 06,11,0 06,11,1 06,12,0 07,11,0 07,11,1 T7
07,12,0 07,12,1 07,13,0 08,11,0 08,11,1 08,12,0 09,11,0 M7
06,10,1 07,10,0 07,10,1 08,10,0 08,10,1 09,10,0 09,10,1 I7
12,02,0 12,02,1 13,01,1 13,02,0 13,02,1 13,03,0 14,01,0 W7
12,00,1 12,01,1 13,00,0 13,00,1 13,01,0 14,00,0 14,00,1 Y7
10,02,1 11,00,1 11,01,0 11,01,1 11,02,0 12,00,0 12,01,0 Z7
10,03,0 10,03,1 10,04,0 11,02,1 11,03,0 11,03,1 12,03,0 X7
09,04,1 09,05,0 09,05,1 10,04,1 10,05,0 11,04,0 11,04,1 S7
11,05,0 11,05,1 11,06,0 12,03,1 12,04,0 12,04,1 12,05,0 U7
09,06,0 09,06,1 09,07,0 09,07,1 10,05,1 10,06,0 10,06,1 B7
07,08,1 07,09,0 07,09,1 08,06,1 08,07,0 08,07,1 08,08,0 N7
09,08,0 09,08,1 10,07,0 10,07,1 10,08,0 11,06,1 11,07,0 F7
08,08,1 08,09,0 08,09,1 09,09,0 09,09,1 10,08,1 10,09,0 C7

  ____________
 /       /    \
/       /      \
\  /\   \      /
 \/  \___\    /
 /        \  /\
/_______   \/  \
\       \  /   /
 \____   \/   /
 /   /   /    \
/   /   /   ___\
\   \  /\  /   /
 \   \/  \/   /
 /\   \      /\
/  \   \    /  \
\   \  /\  /   /
 \   \/  \/   /
 /\      /    \
/  \____/___   \
\   \       \  /
 \   \____   \/
 /\      /\   \
/  \    /  \   \
\   \  /    \  /
 \   \/___   \/
 /       /    \
/_______/______\
\              /
 \____________/
 /   /        \
/   /   ____   \
\   \  /    \  /
 \   \/___   \/
 /   /   /    \
/   /   /___   \
\  /       /\  /
 \/___    /  \/
 /    \  /    \
/      \/___   \
\  /\      /   /
 \/  \____/   /
 /        \  /\
/___    ___\/  \
\   \  /       /
 \   \/___    /
 /    \   \   \
/   ___\   \___\
\   \          /
 \___\________/


solution 14:
00,22,1 00,23,0 00,23,1 01,22,1 01,23,0 01,23,1 02,22,0 A7
02,22,1 02,23,0 02,23,1 03,21,1 03,22,0 03,22,1 03,23,0 D7
04,18,1 04,19,0 04,19,1 04,20,0 04,20,1 04,21,0 05,19,0 E7
04,17,1 04,18,0 05,16,1 05,17,0 05,17,1 05,18,0 05,18,1 G7
06,15,0 06,15,1 06,16,0 06,16,1 06,17,0 07,14,1 07,15,0 H7
01,21,0 01,21,1 01,22,0 02,21,0 02,21,1 03,20,1 03,21,0 Q7
01,20,1 02,20,0 02,20,1 03,18,1 03,19,0 03,19,1 03,20,0 V7
02,18,1 02,19,0 02,19,1 03,17,1 03,18,0 04,16,1 04,17,0 L7
03,16,1 03,17,0 04,15,1 04,16,0 05,15,0 05,15,1 05,16,0 J7
04,14,1 04,15,0 05,13,1 05,14,0 06,12,1 06,13,0 06,13,1 P7
05,14,1 06,14,0 06,14,1 07,13,1 07,14,0 08,12,1 08,13,0 R7
05,12,1 05,13,0 06,11,0 06,11,1 06,12,0 07,11,0 07,11,1 T7
07,12,0 07,12,1 07,13,0 08,11,0 08,11,1 08,12,0 09,11,0 M7
06,10,1 07,10,0 07,10,1 08,10,0 08,10,1 09,10,0 09,10,1 I7
07,08,1 08,06,1 08,07,0 08,07,1 08,08,0 09,07,0 09,07,1 W7
07,09,0 07,09,1 08,08,1 08,09,0 08,09,1 09,08,0 09,09,0 Y7
09,08,1 09,09,1 10,07,1 10,08,0 10,08,1 10,09,0 11,07,0 Z7
09,06,1 10,05,0 10,05,1 10,06,0 10,06,1 10,07,0 11,05,0 X7
09,04,1 09,05,0 09,05,1 09,06,0 10,03,1 10,04,0 10,04,1 U7
11,04,1 11,05,1 11,06,0 11,06,1 12,04,0 12,04,1 12,05,0 S7
11,03,0 11,03,1 11,04,0 12,02,0 12,02,1 12,03,0 12,03,1 B7
13,01,1 13,02,0 13,02,1 13,03,0 14,00,0 14,00,1 14,01,0 N7
10,02,1 10,03,0 11,01,1 11,02,0 11,02,1 12,01,0 12,01,1 F7
11,00,1 11,01,0 12,00,0 12,00,1 13,00,0 13,00,1 13,01,0 C7

  ____________
 /       /    \
/       /      \
\  /\   \      /
 \/  \___\    /
 /        \  /\
/_______   \/  \
\       \  /   /
 \____   \/   /
 /   /   /    \
/   /   /   ___\
\   \  /\  /   /
 \   \/  \/   /
 /\   \      /\
/  \   \    /  \
\   \  /\  /   /
 \   \/  \/   /
 /\      /    \
/  \____/___   \
\   \       \  /
 \   \____   \/
 /\      /\   \
/  \    /  \   \
\   \  /    \  /
 \   \/___   \/
 /       /    \
/_______/______\
\              /
 \____________/
 /        \   \
/___    ___\   \
\   \   \      /
 \   \___\    /
 /       /\   \
/   ____/  \___\
\  /\      /   /
 \/  \    /   /
 /   /    \   \
/   /______\   \
\      /\      /
 \    /  \____/
 /\  /       /\
/  \/___    /  \
\      /   /   /
 \    /___/   /
 /\      /\   \
/  \____/  \   \
\          /   /
 \________/___/


solution 15:
00,22,1 00,23,0 00,23,1 01,22,1 01,23,0 01,23,1 02,22,0 A7
02,22,1 02,23,0 02,23,1 03,21,1 03,22,0 03,22,1 03,23,0 D7
04,18,1 04,19,0 04,19,1 04,20,0 04,20,1 04,21,0 05,19,0 E7
04,17,1 04,18,0 05,16,1 05,17,0 05,17,1 05,18,0 05,18,1 G7
06,15,0 06,15,1 06,16,0 06,16,1 06,17,0 07,14,1 07,15,0 H7
01,21,0 01,21,1 01,22,0 02,21,0 02,21,1 03,20,1 03,21,0 Q7
01,20,1 02,20,0 02,20,1 03,18,1 03,19,0 03,19,1 03,20,0 V7
02,18,1 02,19,0 02,19,1 03,17,1 03,18,0 04,16,1 04,17,0 L7
03,16,1 03,17,0 04,15,1 04,16,0 05,15,0 05,15,1 05,16,0 J7
04,14,1 04,15,0 05,13,1 05,14,0 06,12,1 06,13,0 06,13,1 P7
05,14,1 06,14,0 06,14,1 07,13,1 07,14,0 08,12,1 08,13,0 R7
05,12,1 05,13,0 06,11,0 06,11,1 06,12,0 07,11,0 07,11,1 T7
07,12,0 07,12,1 07,13,0 08,11,0 08,11,1 08,12,0 09,11,0 M7
06,10,1 07,10,0 07,10,1 08,10,0 08,10,1 09,10,0 09,10,1 I7
07,08,1 08,06,1 08,07,0 08,07,1 08,08,0 09,07,0 09,07,1 W7
07,09,0 07,09,1 08,08,1 08,09,0 08,09,1 09,08,0 09,09,0 Y7
09,08,1 09,09,1 10,07,1 10,08,0 10,08,1 10,09,0 11,07,0 Z7
09,06,1 10,06,0 10,06,1 10,07,0 11,05,1 11,06,0 11,06,1 X7
10,05,0 10,05,1 11,04,1 11,05,0 12,04,0 12,04,1 12,05,0 S7
09,04,1 09,05,0 09,05,1 09,06,0 10,03,1 10,04,0 10,04,1 U7
11,03,0 11,03,1 11,04,0 12,02,0 12,02,1 12,03,0 12,03,1 B7
13,01,1 13,02,0 13,02,1 13,03,0 14,00,0 14,00,1 14,01,0 N7
10,02,1 10,03,0 11,01,1 11,02,0 11,02,1 12,01,0 12,01,1 F7
11,00,1 11,01,0 12,00,0 12,00,1 13,00,0 13,00,1 13,01,0 C7

  ____________
 /       /    \
/       /      \
\  /\   \      /
 \/  \___\    /
 /        \  /\
/_______   \/  \
\       \  /   /
 \____   \/   /
 /   /   /    \
/   /   /   ___\
\   \  /\  /   /
 \   \/  \/   /
 /\   \      /\
/  \   \    /  \
\   \  /\  /   /
 \   \/  \/   /
 /\      /    \
/  \____/___   \
\   \       \  /
 \   \____   \/
 /\      /\   \
/  \    /  \   \
\   \  /    \  /
 \   \/___   \/
 /       /    \
/_______/______\
\              /
 \____________/
 /        \   \
/___    ___\   \
\   \   \      /
 \   \___\    /
 /       /\   \
/   ____/  \___\
\  /\          /
 \/  \____    /
 /   /    \  /\
/   /___   \/  \
\      /\      /
 \    /  \____/
 /\  /       /\
/  \/___    /  \
\      /   /   /
 \    /___/   /
 /\      /\   \
/  \____/  \   \
\          /   /
 \________/___/


solution 16:
00,22,1 00,23,0 00,23,1 01,22,1 01,23,0 01,23,1 02,22,0 A7
02,22,1 02,23,0 02,23,1 03,21,1 03,22,0 03,22,1 03,23,0 D7
04,18,1 04,19,0 04,19,1 04,20,0 04,20,1 04,21,0 05,19,0 E7
04,17,1 04,18,0 05,16,1 05,17,0 05,17,1 05,18,0 05,18,1 G7
06,15,0 06,15,1 06,16,0 06,16,1 06,17,0 07,14,1 07,15,0 H7
01,21,0 01,21,1 01,22,0 02,21,0 02,21,1 03,20,1 03,21,0 Q7
01,20,1 02,20,0 02,20,1 03,18,1 03,19,0 03,19,1 03,20,0 V7
02,18,1 02,19,0 02,19,1 03,16,1 03,17,0 03,17,1 03,18,0 N7
04,14,1 04,15,0 04,15,1 04,16,0 04,16,1 04,17,0 05,16,0 P7
05,12,1 05,13,0 05,13,1 05,14,0 05,14,1 05,15,0 05,15,1 I7
06,12,1 06,13,0 06,13,1 06,14,0 06,14,1 07,13,0 07,14,0 F7
07,13,1 08,10,1 08,11,0 08,11,1 08,12,0 08,12,1 08,13,0 L7
08,09,1 09,09,0 09,09,1 09,10,0 09,10,1 09,11,0 10,09,0 T7
06,11,0 06,11,1 06,12,0 07,11,0 07,11,1 07,12,0 07,12,1 U7
06,10,1 07,09,0 07,09,1 07,10,0 07,10,1 08,09,0 08,10,0 B7
10,06,1 10,07,0 10,07,1 10,08,0 10,08,1 11,06,1 11,07,0 Y7
07,08,1 08,07,1 08,08,0 08,08,1 09,07,1 09,08,0 09,08,1 M7
08,06,1 08,07,0 09,06,0 09,06,1 09,07,0 10,05,1 10,06,0 Z7
11,05,1 11,06,0 12,03,0 12,03,1 12,04,0 12,04,1 12,05,0 R7
09,05,0 09,05,1 10,04,1 10,05,0 11,04,0 11,04,1 11,05,0 S7
09,04,1 10,02,1 10,03,0 10,03,1 10,04,0 11,03,0 11,03,1 W7
12,02,1 13,01,0 13,01,1 13,02,0 13,02,1 13,03,0 14,01,0 X7
12,00,1 12,01,0 12,01,1 13,00,0 13,00,1 14,00,0 14,00,1 J7
11,00,1 11,01,0 11,01,1 11,02,0 11,02,1 12,00,0 12,02,0 C7

  ____________
 /       /    \
/       /      \
\  /\   \      /
 \/  \___\    /
 /        \  /\
/_______   \/  \
\       \  /   /
 \____   \/   /
 /   /   /    \
/   /   /   ___\
\   \  /\  /   /
 \   \/  \/   /
 /   /\      /\
/   /  \    /  \
\  /    \  /   /
 \/   ___\/   /
 /   /   /    \
/   /   /___   \
\  /   /    \  /
 \/   /   ___\/
 /   /    \   \
/   /   ___\   \
\  /\  /   /   /
 \/  \/   /   /
 /       /   /\
/_______/   /  \
\       \  /   /
 \    ___\/   /
 /    \       \
/______\_______\
\          /   /
 \        /   /
 /\  /\  /    \
/  \/  \/      \
\       \  /\  /
 \____   \/  \/
 /    \  /\   \
/___   \/  \   \
\   \      /   /
 \   \____/   /
 /       /   /\
/   ____/___/  \
\  /    \      /
 \/   ___\    /
 /   /   /    \
/   /   /______\
\   \          /
 \___\________/


Session interrupted by user.
16 solutions, 2221121 searches, duration 0:59:48.498000
