solving Heptiamonds28x3Chevron:

solution 1:
14,00,1 14,01,0 14,01,1 15,00,0 15,00,1 15,01,0 16,00,0 D7
13,00,1 13,01,0 13,01,1 13,02,0 13,02,1 14,00,0 14,02,0 C7
00,27,0 00,27,1 01,26,1 01,27,0 01,27,1 02,27,0 02,27,1 E7
01,25,1 01,26,0 02,24,1 02,25,0 02,25,1 02,26,0 02,26,1 G7
00,24,1 00,25,0 00,25,1 00,26,0 00,26,1 01,24,0 01,25,0 F7
01,23,0 01,23,1 01,24,1 02,22,1 02,23,0 02,23,1 02,24,0 A7
00,22,1 00,23,0 00,23,1 00,24,0 01,21,1 01,22,0 01,22,1 U7
01,20,1 01,21,0 02,20,0 02,20,1 02,21,0 02,21,1 02,22,0 J7
00,19,0 00,19,1 00,20,0 00,20,1 00,21,0 00,21,1 00,22,0 I7
01,19,1 01,20,0 02,17,1 02,18,0 02,18,1 02,19,0 02,19,1 H7
00,18,0 00,18,1 01,17,1 01,18,0 01,18,1 01,19,0 02,17,0 W7
12,01,1 12,02,0 12,02,1 12,03,0 12,03,1 12,04,0 13,03,0 P7
09,04,1 10,03,1 10,04,0 10,04,1 11,02,1 11,03,0 11,03,1 M7
09,06,1 09,07,0 10,05,1 10,06,0 11,04,0 11,04,1 11,05,0 L7
07,06,1 07,07,0 08,05,1 08,06,0 09,05,0 09,05,1 10,05,0 R7
07,08,1 07,09,0 08,06,1 08,07,0 08,07,1 08,08,0 09,06,0 N7
06,07,1 06,08,0 06,08,1 06,09,0 06,09,1 07,07,1 07,08,0 Y7
04,09,1 05,08,1 05,09,0 05,09,1 05,10,0 05,10,1 06,10,0 Q7
03,10,1 03,11,0 04,10,0 04,10,1 04,11,0 04,11,1 05,11,0 S7
02,13,0 02,13,1 02,14,0 02,14,1 03,12,1 03,13,0 04,12,0 T7
01,12,1 01,13,0 02,11,1 02,12,0 02,12,1 03,11,1 03,12,0 Z7
00,13,1 00,14,0 00,14,1 00,15,0 01,13,1 01,14,0 01,14,1 B7
00,15,1 00,16,0 00,16,1 00,17,0 01,15,0 01,15,1 02,15,0 V7
00,17,1 01,16,0 01,16,1 01,17,0 02,15,1 02,16,0 02,16,1 X7

                            ____________
                           /           /
                          /___    ____/
                         /   /\  /   /
                        /   /  \/   /
                       /    \      /
                      /   ___\    /
                     /\   \   \  /
                    /  \___\   \/
                   /   /       /
                  /   /___    /
                 /\      /\  /
                /  \    /  \/
               /   /\  /   /
              /   /  \/   /
             /   /\      /
            /   /  \____/
           /   /\      /
          /___/  \    /
         /       /   /
        /___    /   /
       /\   \   \  /
      /  \   \___\/
     /   /       /
    /   /___    /
   /\       \  /
  /  \_______\/
 /       /   /
/       /   /
\  /\  /    \
 \/  \/___   \
  \       \   \
   \       \___\
    \  /\  /    \
     \/  \/   ___\
      \      /    \
       \____/   ___\
        \      /   /\
         \    /   /  \
          \  /    \   \
           \/      \   \
            \  /\  /   /\
             \/  \/   /  \
              \   \   \   \
               \   \___\   \
                \       \   \
                 \_______\   \
                  \      /   /\
                   \    /___/  \
                    \      /    \
                     \    /   ___\
                      \  /   /    \
                       \/   /   ___\
                        \  /   /    \
                         \/   /      \
                          \   \       \
                           \___\_______\


solution 2:
14,00,1 14,01,0 14,01,1 15,00,0 15,00,1 15,01,0 16,00,0 D7
13,00,1 13,01,0 13,01,1 13,02,0 13,02,1 14,00,0 14,02,0 C7
00,27,0 00,27,1 01,26,1 01,27,0 01,27,1 02,27,0 02,27,1 E7
01,25,1 01,26,0 02,24,1 02,25,0 02,25,1 02,26,0 02,26,1 G7
00,24,1 00,25,0 00,25,1 00,26,0 00,26,1 01,24,0 01,25,0 F7
01,23,0 01,23,1 01,24,1 02,22,1 02,23,0 02,23,1 02,24,0 A7
00,22,1 00,23,0 00,23,1 00,24,0 01,21,1 01,22,0 01,22,1 U7
01,20,1 01,21,0 02,20,0 02,20,1 02,21,0 02,21,1 02,22,0 J7
00,19,0 00,19,1 00,20,0 00,20,1 00,21,0 00,21,1 00,22,0 I7
01,19,1 01,20,0 02,17,1 02,18,0 02,18,1 02,19,0 02,19,1 H7
00,18,0 00,18,1 01,17,1 01,18,0 01,18,1 01,19,0 02,17,0 W7
12,01,1 12,02,0 12,02,1 12,03,0 12,03,1 12,04,0 13,03,0 P7
09,04,1 10,03,1 10,04,0 10,04,1 11,02,1 11,03,0 11,03,1 M7
09,06,1 09,07,0 10,05,1 10,06,0 11,04,0 11,04,1 11,05,0 L7
07,06,1 07,07,0 08,05,1 08,06,0 09,05,0 09,05,1 10,05,0 R7
07,08,1 07,09,0 08,06,1 08,07,0 08,07,1 08,08,0 09,06,0 N7
06,07,1 06,08,0 06,08,1 06,09,0 06,09,1 07,07,1 07,08,0 Y7
04,09,1 05,08,1 05,09,0 05,09,1 05,10,0 05,10,1 06,10,0 Q7
03,11,1 04,10,0 04,10,1 04,11,0 04,11,1 04,12,0 05,11,0 X7
02,11,1 02,12,0 02,12,1 03,10,1 03,11,0 03,12,0 03,12,1 V7
00,16,1 00,17,0 00,17,1 01,16,1 01,17,0 02,16,0 02,16,1 S7
01,14,1 02,13,1 02,14,0 02,14,1 02,15,0 02,15,1 03,13,0 T7
00,14,1 00,15,0 00,15,1 00,16,0 01,15,0 01,15,1 01,16,0 Z7
00,13,1 00,14,0 01,12,1 01,13,0 01,13,1 01,14,0 02,13,0 B7

                            ____________
                           /           /
                          /___    ____/
                         /   /\  /   /
                        /   /  \/   /
                       /    \      /
                      /   ___\    /
                     /\   \   \  /
                    /  \___\   \/
                   /   /       /
                  /   /___    /
                 /\      /\  /
                /  \    /  \/
               /   /\  /   /
              /   /  \/   /
             /   /\      /
            /   /  \____/
           /   /\      /
          /___/  \    /
         /       /   /
        /___    /   /
       /    \   \  /
      /      \___\/
     /\  /\      /
    /  \/  \____/
   /       /   /
  /   ____/   /
 /\  /\      /
/  \/  \    /
\       \   \
 \    ___\___\
  \  /       /\
   \/   ____/  \
    \   \       \
     \   \    ___\
      \  /   /    \
       \/___/   ___\
        \      /   /\
         \    /   /  \
          \  /    \   \
           \/      \   \
            \  /\  /   /\
             \/  \/   /  \
              \   \   \   \
               \   \___\   \
                \       \   \
                 \_______\   \
                  \      /   /\
                   \    /___/  \
                    \      /    \
                     \    /   ___\
                      \  /   /    \
                       \/   /   ___\
                        \  /   /    \
                         \/   /      \
                          \   \       \
                           \___\_______\


solution 3:
14,00,1 14,01,0 14,01,1 15,00,0 15,00,1 15,01,0 16,00,0 D7
13,00,1 13,01,0 13,01,1 13,02,0 13,02,1 14,00,0 14,02,0 C7
00,27,0 00,27,1 01,26,1 01,27,0 01,27,1 02,27,0 02,27,1 E7
01,25,1 01,26,0 02,24,1 02,25,0 02,25,1 02,26,0 02,26,1 G7
00,24,1 00,25,0 00,25,1 00,26,0 00,26,1 01,24,0 01,25,0 F7
01,23,0 01,23,1 01,24,1 02,22,1 02,23,0 02,23,1 02,24,0 A7
00,22,1 00,23,0 00,23,1 00,24,0 01,21,1 01,22,0 01,22,1 U7
01,20,1 01,21,0 02,20,0 02,20,1 02,21,0 02,21,1 02,22,0 J7
00,19,0 00,19,1 00,20,0 00,20,1 00,21,0 00,21,1 00,22,0 I7
01,19,1 01,20,0 02,17,1 02,18,0 02,18,1 02,19,0 02,19,1 H7
00,18,0 00,18,1 01,17,1 01,18,0 01,18,1 01,19,0 02,17,0 W7
11,02,1 12,01,1 12,02,0 12,02,1 12,03,0 12,03,1 13,03,0 Q7
10,04,1 11,03,0 11,03,1 11,04,0 11,04,1 11,05,0 12,04,0 X7
09,04,1 09,05,0 09,05,1 10,03,1 10,04,0 10,05,0 10,05,1 V7
07,06,1 08,05,1 08,06,0 08,06,1 09,06,0 09,06,1 10,06,0 P7
07,08,0 07,08,1 07,09,0 08,07,0 08,07,1 08,08,0 09,07,0 M7
04,09,1 05,08,1 05,09,0 06,07,1 06,08,0 07,07,0 07,07,1 L7
04,11,1 05,10,1 05,11,0 06,08,1 06,09,0 06,09,1 06,10,0 R7
02,11,1 03,10,1 03,11,0 04,10,0 04,10,1 05,09,1 05,10,0 N7
02,12,0 02,12,1 03,11,1 03,12,0 03,12,1 04,11,0 04,12,0 Y7
00,16,1 00,17,0 00,17,1 01,16,1 01,17,0 02,16,0 02,16,1 S7
01,14,1 02,13,1 02,14,0 02,14,1 02,15,0 02,15,1 03,13,0 T7
00,14,1 00,15,0 00,15,1 00,16,0 01,15,0 01,15,1 01,16,0 Z7
00,13,1 00,14,0 01,12,1 01,13,0 01,13,1 01,14,0 02,13,0 B7

                            ____________
                           /           /
                          /___    ____/
                         /   /\  /   /
                        /   /  \/   /
                       /    \      /
                      /   ___\    /
                     /\   \   \  /
                    /  \___\   \/
                   /   /       /
                  /   /___    /
                 /\      /\  /
                /  \    /  \/
               /   /\  /   /
              /   /  \/   /
             /   /\      /
            /   /  \____/
           /   /\      /
          /___/  \    /
         /       /   /
        /___    /   /
       /    \   \  /
      /      \___\/
     /\  /\      /
    /  \/  \____/
   /       /   /
  /   ____/   /
 /\  /\      /
/  \/  \    /
\       \   \
 \    ___\___\
  \  /        \
   \/___    ___\
    \   \   \   \
     \   \___\   \
      \       \   \
       \____   \   \
        \   \  /   /\
         \   \/   /  \
          \   \  /    \
           \   \/___   \
            \      /    \
             \____/______\
              \           \
               \    _______\
                \  /       /\
                 \/   ____/  \
                  \   \       \
                   \   \    ___\
                    \  /   /    \
                     \/___/   ___\
                      \      /    \
                       \    /   ___\
                        \  /   /    \
                         \/   /      \
                          \   \       \
                           \___\_______\


Session interrupted by user.
3 solutions, 379708 searches, duration 0:14:05.287000
