solving HeptiamondsHexagon6:

solution 1:
07,01,1 07,02,0 07,02,1 07,03,0 08,01,0 08,02,0 08,02,1 A7
08,00,1 08,01,1 09,00,0 09,00,1 09,01,0 09,01,1 10,00,0 B7
06,00,1 06,01,0 06,01,1 07,00,0 07,00,1 07,01,0 08,00,0 D7
03,02,1 04,01,1 04,02,0 05,00,1 05,01,0 05,01,1 06,00,0 E7
04,03,1 04,04,0 04,04,1 05,02,1 05,03,0 06,02,0 06,02,1 C7
02,03,1 02,04,0 03,03,0 03,03,1 04,02,1 04,03,0 05,02,0 N7
11,00,0 11,00,1 11,01,0 11,01,1 11,02,0 11,02,1 11,03,0 I7
09,02,0 09,02,1 09,03,0 10,00,1 10,01,0 10,01,1 10,02,0 U7
08,04,1 09,03,1 09,04,0 09,04,1 10,02,1 10,03,0 10,03,1 M7
10,06,1 11,03,1 11,04,0 11,04,1 11,05,0 11,05,1 11,06,0 L7
09,05,0 09,05,1 10,04,0 10,04,1 10,05,0 10,05,1 10,06,0 Y7
08,06,1 09,06,0 09,06,1 09,07,0 09,07,1 09,08,0 10,07,0 Q7
07,07,0 07,07,1 08,07,0 08,07,1 08,08,0 08,08,1 08,09,0 R7
01,04,1 01,05,0 01,05,1 02,04,1 02,05,0 03,04,0 03,04,1 S7
00,05,1 00,06,0 00,06,1 00,07,0 00,07,1 00,08,0 01,07,0 P7
01,06,0 01,06,1 02,05,1 02,06,0 02,06,1 02,07,0 03,05,0 W7
01,08,1 02,07,1 02,08,0 02,08,1 02,09,0 02,09,1 03,07,0 T7
00,08,1 00,09,0 00,09,1 01,07,1 01,08,0 01,09,0 01,09,1 V7
00,10,0 00,10,1 00,11,0 00,11,1 01,10,0 01,10,1 02,10,0 G7
01,11,0 01,11,1 02,10,1 02,11,0 02,11,1 03,10,1 03,11,0 F7
03,09,0 03,09,1 03,10,0 04,08,1 04,09,0 04,09,1 05,09,0 X7
03,11,1 04,10,0 04,10,1 04,11,0 04,11,1 05,11,0 05,11,1 H7
05,09,1 05,10,0 05,10,1 06,09,1 06,10,0 06,10,1 06,11,0 Z7
06,08,1 06,09,0 07,08,0 07,08,1 07,09,0 07,09,1 07,10,0 J7

            ________________________
           /   /        \          /\
          /   /___       \    ____/  \
         /        \  /\  /   /       /\
        /__________\/  \/___/       /  \
       /       /   /        \  /\  /   /\
      /   ____/   /___    ___\/  \/   /  \
     /\   \      /    \  /    \      /   /\
    /  \   \    /      \/      \____/   /  \
   /    \  /\   \              /       /    \
  /   ___\/  \___\            /_______/   ___\
 /   /       /                    \      /\   \
/   /___    /                      \____/  \   \
\  /    \   \                      /       /   /
 \/      \___\____            ____/___    /   /
  \  /\      /   /            \      /   /   /
   \/  \____/   /              \    /___/   /
    \       \   \      /\      /\      /\  /
     \____   \   \____/  \____/  \    /  \/
      \   \   \      /       /    \  /   /
       \   \___\____/   ____/___   \/   /
        \      /    \   \      /   /   /
         \    /      \___\    /   /   /
          \   \       \       \  /   /
           \___\_______\_______\/___/


