solving HeptiamondsSnowflake3:

solution 1 (68,179 searches):
06,02,0 06,02,1 06,03,0 07,02,0 07,02,1 08,02,0 08,02,1 P7
05,00,1 06,00,0 06,00,1 06,01,0 06,01,1 07,01,0 07,01,1 N7
04,02,1 05,01,0 05,01,1 05,02,0 05,02,1 05,03,0 05,03,1 E7
08,01,1 08,03,1 09,01,0 09,01,1 09,02,0 09,02,1 09,03,0 C7
10,00,1 10,01,0 10,01,1 10,02,0 11,00,0 11,00,1 11,01,0 D7
08,04,1 09,03,1 09,04,0 09,04,1 10,02,1 10,03,0 10,04,0 G7
02,04,1 03,04,0 03,04,1 03,05,0 04,03,0 04,03,1 04,04,0 A7
00,05,1 00,06,0 00,06,1 01,05,0 01,05,1 02,05,0 02,05,1 J7
01,06,0 01,06,1 02,06,0 02,06,1 03,05,1 03,06,0 04,05,0 R7
01,07,0 01,07,1 02,07,0 02,07,1 02,08,0 03,06,1 03,07,0 T7
00,10,1 01,08,1 01,09,0 01,09,1 01,10,0 02,08,1 02,09,0 Y7
00,11,0 00,11,1 01,10,1 01,11,0 02,09,1 02,10,0 03,09,0 L7
02,10,1 03,09,1 03,10,0 04,09,0 04,09,1 04,10,0 04,10,1 V7
04,04,1 05,04,0 05,04,1 05,05,0 05,05,1 06,03,1 06,04,0 W7
04,05,1 04,06,0 04,06,1 04,07,0 05,06,0 05,06,1 05,07,0 Z7
03,07,1 03,08,0 03,08,1 04,07,1 04,08,0 04,08,1 05,08,0 F7
05,08,1 05,09,0 05,09,1 05,10,0 05,10,1 05,11,0 05,11,1 I7
06,09,0 06,09,1 06,10,0 06,10,1 06,11,0 07,08,1 07,09,0 H7
06,04,1 07,03,0 07,03,1 07,04,0 07,04,1 08,03,0 08,04,0 B7
06,05,0 06,05,1 06,06,0 07,05,0 07,05,1 07,06,0 08,05,0 M7
05,07,1 06,06,1 06,07,0 06,07,1 07,06,1 07,07,0 08,06,0 U7
06,08,0 06,08,1 07,07,1 07,08,0 08,06,1 08,07,0 08,07,1 Q7
08,05,1 09,05,0 09,05,1 09,06,0 10,04,1 10,05,0 10,05,1 X7
09,06,1 09,07,0 10,06,0 10,06,1 11,05,0 11,05,1 11,06,0 S7

            ____                ____
           /    \              /   /\
          /___   \____    ____/   /  \
          \   \   \   \  /   /   /   /
           \   \   \   \/   /   /   /
           /    \   \      /   /    \
          /      \___\____/   /___   \
          \  /\  /        \  /    \  /
        ___\/  \/       ___\/___   \/___
       /        \  /\  /\       \      /\
  ____/_______   \/  \/  \       \    /  \____
 /   /        \  /       /\  /\   \  /\       \
/   /_______   \/   ____/  \/  \___\/  \____   \
\          /\   \  /   /        \          /   /
 \________/  \___\/   /__________\____    /___/
      \       \       \       \       \  /
       \____   \____   \    ___\    ___\/
           /   /   /\  /    \   \   \
          /___/   /  \/______\   \   \
          \      /           /   /\  /
           \    /___________/   /  \/
           /   /       /\      /    \
          /___/   ____/  \____/      \
          \      /            \      /
           \____/              \____/

solution 2 (226,276 searches):
06,02,0 06,02,1 06,03,0 07,02,0 07,02,1 08,02,0 08,02,1 P7
05,00,1 06,00,0 06,00,1 06,01,0 06,01,1 07,01,0 07,01,1 N7
04,02,1 05,01,0 05,01,1 05,02,0 05,02,1 05,03,0 05,03,1 E7
08,01,1 08,03,1 09,01,0 09,01,1 09,02,0 09,02,1 09,03,0 C7
10,00,1 10,01,0 10,01,1 10,02,0 11,00,0 11,00,1 11,01,0 D7
08,04,1 09,03,1 09,04,0 09,04,1 10,02,1 10,03,0 10,04,0 G7
03,04,1 03,05,1 04,03,0 04,03,1 04,04,0 04,04,1 04,05,0 F7
01,05,0 01,05,1 02,04,1 02,05,0 02,05,1 03,04,0 03,05,0 Y7
00,05,1 00,06,0 00,06,1 01,06,0 01,06,1 02,06,0 02,06,1 L7
01,07,0 01,07,1 01,08,1 01,09,0 02,07,0 02,07,1 02,08,0 V7
00,11,0 00,11,1 01,10,1 01,11,0 02,09,1 02,10,0 02,10,1 Q7
00,10,1 01,09,1 01,10,0 02,08,1 02,09,0 03,07,1 03,08,0 I7
03,06,0 03,06,1 03,07,0 04,06,0 04,06,1 04,07,0 05,06,0 M7
04,05,1 05,04,0 05,04,1 05,05,0 05,05,1 06,04,0 06,04,1 B7
06,03,1 07,03,0 07,03,1 07,04,0 07,04,1 08,03,0 08,04,0 Z7
10,04,1 10,05,0 10,05,1 10,06,1 11,05,0 11,05,1 11,06,0 S7
05,11,0 05,11,1 06,09,0 06,09,1 06,10,0 06,10,1 06,11,0 J7
04,09,0 04,09,1 04,10,0 04,10,1 05,09,1 05,10,0 05,10,1 U7
03,08,1 03,09,0 03,09,1 03,10,0 04,07,1 04,08,0 05,07,0 R7
06,08,0 06,08,1 07,07,1 07,08,0 07,08,1 07,09,0 08,07,0 W7
04,08,1 05,07,1 05,08,0 05,08,1 05,09,0 06,07,0 06,07,1 A7
08,07,1 09,05,0 09,05,1 09,06,0 09,06,1 09,07,0 10,06,0 T7
06,06,1 07,06,0 07,06,1 07,07,0 08,05,1 08,06,0 08,06,1 X7
05,06,1 06,05,0 06,05,1 06,06,0 07,05,0 07,05,1 08,05,0 H7

            ____                ____
           /    \              /    \
          /___   \____    ____/___   \
          \   \      /\  /       /   /
           \   \    /  \/       /   /
           /\   \  /   /   /\  /   /\
          /  \   \/   /___/  \/___/  \
          \   \   \   \      /       /
        ___\   \   \   \    /___    /___
       /       /\  /\   \      /\   \   \
  ____/_______/  \/  \___\____/  \___\   \____
 /           /        \   \          /    \   \
/   ________/__________\   \____    /   ___\   \
\  /        \   \      /        \  /   /       /
 \/___    ___\   \    /__________\/___/   ____/
      \   \      /       /    \       \  /
       \___\    /_______/   ___\    ___\/
           /   /   /\       \   \   \
          /___/   /  \_______\   \   \
          \      /           /   /\  /
           \    /___________/   /  \/
           /   /       /\      /    \
          /___/   ____/  \____/      \
          \      /            \      /
           \____/              \____/

solution 3 (843,307 searches):
06,02,0 06,02,1 06,03,0 07,02,0 07,02,1 08,02,0 08,02,1 P7
05,00,1 06,00,0 06,00,1 06,01,0 06,01,1 07,01,0 07,01,1 N7
04,02,1 05,01,0 05,01,1 05,02,0 05,02,1 05,03,0 05,03,1 E7
08,01,1 08,03,1 09,01,0 09,01,1 09,02,0 09,02,1 09,03,0 C7
10,00,1 10,01,0 10,01,1 10,02,0 11,00,0 11,00,1 11,01,0 D7
08,04,1 09,03,1 09,04,0 09,04,1 10,02,1 10,03,0 10,04,0 G7
03,04,1 03,05,0 03,05,1 04,03,0 04,03,1 04,04,0 04,05,0 S7
00,05,1 01,05,0 01,05,1 02,04,1 02,05,0 02,05,1 03,04,0 H7
00,06,0 00,06,1 01,06,0 01,06,1 02,06,0 02,06,1 03,06,0 I7
01,07,0 01,07,1 01,08,1 01,09,0 02,07,0 02,07,1 02,08,0 V7
04,04,1 05,04,0 05,04,1 06,03,1 06,04,0 06,04,1 06,05,0 T7
07,03,0 07,03,1 07,04,0 07,04,1 07,05,0 08,03,0 08,04,0 M7
00,10,1 00,11,0 00,11,1 01,09,1 01,10,0 02,08,1 02,09,0 L7
01,10,1 01,11,0 02,09,1 02,10,0 02,10,1 03,09,0 03,10,0 Y7
05,09,1 05,10,0 05,10,1 05,11,0 05,11,1 06,10,1 06,11,0 J7
03,09,1 04,09,0 04,09,1 04,10,0 04,10,1 05,08,1 05,09,0 W7
06,09,0 06,09,1 06,10,0 07,07,1 07,08,0 07,08,1 07,09,0 U7
05,07,1 05,08,0 06,07,0 06,07,1 06,08,0 06,08,1 07,07,0 A7
03,08,1 04,06,1 04,07,0 04,07,1 04,08,0 04,08,1 05,07,0 X7
03,06,1 03,07,0 03,07,1 03,08,0 04,05,1 04,06,0 05,05,0 R7
05,05,1 05,06,0 05,06,1 06,05,1 06,06,0 06,06,1 07,06,0 F7
07,05,1 07,06,1 08,05,0 08,05,1 08,06,0 08,06,1 09,05,0 B7
08,07,0 08,07,1 09,06,0 09,06,1 09,07,0 10,06,0 10,06,1 Z7
09,05,1 10,04,1 10,05,0 10,05,1 11,05,0 11,05,1 11,06,0 Q7

            ____                ____
           /   /\              /    \
          /   /  \____    ____/      \
          \   \       \  /   /   /\  /
           \   \    ___\/   /   /  \/
           /\   \   \       \  /    \
          /  \   \___\____   \/___   \
          \   \  /\      /\  /   /   /
        ___\   \/  \    /  \/   /   /___
       /       /   /    \       \  /    \
  ____/_______/   /   ___\_______\/___   \____
 /            \   \  /        \      /       /\
/______________\   \/       ___\    /_______/  \
\          /    \   \  /\  /\       \          /
 \____    /   ___\___\/  \/  \_______\    ____/
      \   \   \          /    \       \  /
       \___\   \____    /   ___\    ___\/
           /   /   /\  /    \   \   \
          /___/   /  \/______\   \   \
          \      /           /   /\  /
           \    /___________/   /  \/
           /   /       /\      /    \
          /___/   ____/  \____/      \
          \      /            \      /
           \____/              \____/

solution 4 (843,315 searches):
06,02,0 06,02,1 06,03,0 07,02,0 07,02,1 08,02,0 08,02,1 P7
05,00,1 06,00,0 06,00,1 06,01,0 06,01,1 07,01,0 07,01,1 N7
04,02,1 05,01,0 05,01,1 05,02,0 05,02,1 05,03,0 05,03,1 E7
08,01,1 08,03,1 09,01,0 09,01,1 09,02,0 09,02,1 09,03,0 C7
10,00,1 10,01,0 10,01,1 10,02,0 11,00,0 11,00,1 11,01,0 D7
08,04,1 09,03,1 09,04,0 09,04,1 10,02,1 10,03,0 10,04,0 G7
03,04,1 03,05,0 03,05,1 04,03,0 04,03,1 04,04,0 04,05,0 S7
00,05,1 01,05,0 01,05,1 02,04,1 02,05,0 02,05,1 03,04,0 H7
00,06,0 00,06,1 01,06,0 01,06,1 02,06,0 02,06,1 03,06,0 I7
01,07,0 01,07,1 01,08,1 01,09,0 02,07,0 02,07,1 02,08,0 V7
04,04,1 05,04,0 05,04,1 06,03,1 06,04,0 06,04,1 06,05,0 T7
07,03,0 07,03,1 07,04,0 07,04,1 07,05,0 08,03,0 08,04,0 M7
00,10,1 00,11,0 00,11,1 01,09,1 01,10,0 02,08,1 02,09,0 L7
01,10,1 01,11,0 02,09,1 02,10,0 02,10,1 03,09,0 03,10,0 Y7
05,09,1 05,10,0 05,10,1 05,11,0 05,11,1 06,10,1 06,11,0 J7
03,09,1 04,09,0 04,09,1 04,10,0 04,10,1 05,08,1 05,09,0 W7
06,09,0 06,09,1 06,10,0 07,07,1 07,08,0 07,08,1 07,09,0 U7
06,06,1 06,07,0 06,07,1 06,08,0 06,08,1 07,06,0 07,07,0 F7
07,05,1 07,06,1 08,05,0 08,05,1 08,06,0 08,06,1 09,05,0 B7
08,07,0 08,07,1 09,06,0 09,06,1 09,07,0 10,06,0 10,06,1 Z7
09,05,1 10,04,1 10,05,0 10,05,1 11,05,0 11,05,1 11,06,0 Q7
04,07,1 05,06,0 05,06,1 05,07,0 05,07,1 06,05,1 06,06,0 X7
03,06,1 04,05,1 04,06,0 04,06,1 04,07,0 05,05,0 05,05,1 A7
03,07,0 03,07,1 03,08,0 03,08,1 04,08,0 04,08,1 05,08,0 R7

            ____                ____
           /   /\              /    \
          /   /  \____    ____/      \
          \   \       \  /   /   /\  /
           \   \    ___\/   /   /  \/
           /\   \   \       \  /    \
          /  \   \___\____   \/___   \
          \   \  /        \  /   /   /
        ___\   \/   _______\/   /   /___
       /       /   /\      /    \  /    \
  ____/_______/___/  \    /   ___\/___   \____
 /            \      /    \   \      /       /\
/______________\    /___   \___\    /_______/  \
\          /    \      /\  /\       \          /
 \____    /   ___\____/  \/  \_______\    ____/
      \   \   \          /    \       \  /
       \___\   \____    /   ___\    ___\/
           /   /   /\  /    \   \   \
          /___/   /  \/______\   \   \
          \      /           /   /\  /
           \    /___________/   /  \/
           /   /       /\      /    \
          /___/   ____/  \____/      \
          \      /            \      /
           \____/              \____/

