solving HeptiamondsHexagon11:

solution 1:
07,01,0 07,01,1 08,00,1 08,01,0 08,01,1 08,02,0 09,00,0 W7
06,00,0 06,00,1 06,01,0 06,01,1 07,00,0 07,00,1 08,00,0 G7
04,01,1 04,02,0 04,02,1 05,00,1 05,01,0 05,01,1 05,02,0 D7
02,03,1 02,04,0 02,04,1 03,02,1 03,03,0 03,03,1 04,03,0 A7
02,05,0 02,05,1 02,06,0 03,04,0 03,04,1 03,05,0 03,05,1 B7
00,05,1 01,04,1 01,05,0 01,05,1 01,06,0 01,06,1 01,07,0 P7
00,06,0 00,06,1 00,07,0 00,07,1 00,08,0 00,08,1 00,09,0 I7
01,07,1 01,08,0 01,08,1 02,06,1 02,07,0 03,06,0 03,06,1 C7
04,05,0 04,05,1 04,06,0 05,05,0 05,05,1 06,04,1 06,05,0 Q7
04,06,1 05,06,0 05,06,1 05,07,0 06,06,0 06,06,1 06,07,0 F7
06,05,1 07,03,1 07,04,0 07,04,1 07,05,0 08,02,1 08,03,0 N7
08,03,1 08,04,0 09,02,1 09,03,0 09,03,1 10,03,0 10,03,1 T7
00,09,1 00,10,0 01,09,0 01,09,1 01,10,0 01,10,1 02,10,0 S7
00,10,1 00,11,0 00,11,1 01,11,0 01,11,1 02,11,0 02,11,1 L7
02,10,1 03,10,0 03,10,1 03,11,0 03,11,1 04,10,0 04,11,0 Z7
04,09,1 05,07,1 05,08,0 05,08,1 05,09,0 06,07,1 06,08,0 Y7
09,00,1 10,00,0 10,00,1 11,00,0 11,00,1 11,01,0 11,01,1 R7
09,01,0 09,01,1 09,02,0 10,01,0 10,01,1 10,02,0 10,02,1 U7
10,04,0 10,04,1 11,02,0 11,02,1 11,03,0 11,03,1 11,04,0 J7
09,06,1 10,05,0 10,05,1 10,06,0 11,04,1 11,05,0 11,05,1 X7
08,07,1 09,07,0 09,07,1 09,08,0 10,06,1 10,07,0 11,06,0 H7
06,10,1 06,11,0 07,09,0 07,09,1 07,10,0 08,08,1 08,09,0 E7
04,10,1 04,11,1 05,09,1 05,10,0 05,10,1 05,11,0 05,11,1 M7
06,08,1 06,09,0 06,09,1 06,10,0 07,08,0 07,08,1 08,08,0 V7

            ________________________
           /           /    \      /\
          /   ________/   ___\    /  \
         /\  /    \       \      /\   \
        /  \/   ___\_______\    /  \   \
       /\      /        \   \  /   /    \
      /  \____/          \   \/   /___   \
     /   /   /           /    \       \  /\
    /   /   /           /      \_______\/  \
   /   /\   \          /\  /\  /    \       \
  /   /  \   \________/  \/  \/      \____   \
 /   /   /\      /\          /        \   \   \
/___/   /  \____/  \________/          \   \___\
\      /       /        \   \          /       /
 \    /___    /_______   \   \        /___    /
  \  /   /   /        \  /   /\      /    \  /
   \/   /___/          \/   /  \____/___   \/
    \       \           \   \          /   /
     \    ___\           \   \    ____/   /
      \  /    \          /\  /\  /   /   /
       \/      \________/  \/  \/   /___/
        \      /   /       /       /   /
         \    /   /___    /_______/   /
          \  /        \   \          /
           \/__________\___\________/


solution 2:
07,01,0 07,01,1 08,00,1 08,01,0 08,01,1 08,02,0 09,00,0 W7
06,00,0 06,00,1 06,01,0 06,01,1 07,00,0 07,00,1 08,00,0 G7
04,01,1 04,02,0 04,02,1 05,00,1 05,01,0 05,01,1 05,02,0 D7
02,03,1 02,04,0 02,04,1 03,02,1 03,03,0 03,03,1 04,03,0 A7
02,05,0 02,05,1 02,06,0 03,04,0 03,04,1 03,05,0 03,05,1 B7
00,05,1 01,04,1 01,05,0 01,05,1 01,06,0 01,06,1 01,07,0 P7
00,06,0 00,06,1 00,07,0 00,07,1 00,08,0 00,08,1 00,09,0 I7
01,07,1 01,08,0 01,08,1 02,06,1 02,07,0 03,06,0 03,06,1 C7
04,05,0 04,05,1 04,06,0 05,05,0 05,05,1 06,04,1 06,05,0 Q7
04,06,1 05,06,0 05,06,1 05,07,0 06,06,0 06,06,1 06,07,0 F7
06,05,1 07,03,1 07,04,0 07,04,1 07,05,0 08,02,1 08,03,0 N7
08,03,1 08,04,0 09,02,1 09,03,0 09,03,1 10,03,0 10,03,1 T7
00,09,1 00,10,0 01,09,0 01,09,1 01,10,0 01,10,1 02,10,0 S7
00,10,1 00,11,0 00,11,1 01,11,0 01,11,1 02,11,0 02,11,1 L7
02,10,1 03,10,0 03,10,1 03,11,0 03,11,1 04,10,0 04,11,0 Z7
04,09,1 05,07,1 05,08,0 05,08,1 05,09,0 06,07,1 06,08,0 Y7
09,00,1 10,00,0 10,00,1 11,00,0 11,00,1 11,01,0 11,01,1 R7
09,01,0 09,01,1 09,02,0 10,01,0 10,01,1 10,02,0 10,02,1 U7
10,04,0 10,04,1 11,02,0 11,02,1 11,03,0 11,03,1 11,04,0 J7
09,06,1 10,05,0 10,05,1 10,06,0 11,04,1 11,05,0 11,05,1 X7
08,07,1 09,07,0 09,07,1 09,08,0 10,06,1 10,07,0 11,06,0 H7
07,08,0 07,08,1 07,09,1 07,10,0 08,08,0 08,08,1 08,09,0 V7
04,10,1 04,11,1 05,09,1 05,10,0 05,10,1 05,11,0 05,11,1 M7
06,08,1 06,09,0 06,09,1 06,10,0 06,10,1 06,11,0 07,09,0 E7

            ________________________
           /           /    \      /\
          /   ________/   ___\    /  \
         /\  /    \       \      /   /\
        /  \/   ___\_______\    /   /  \
       /\      /        \   \  /    \   \
      /  \____/          \   \/   ___\   \
     /   /   /           /    \  /       /\
    /   /   /           /      \/_______/  \
   /   /\   \          /\  /\  /    \       \
  /   /  \   \________/  \/  \/      \____   \
 /   /   /\      /\          /        \   \   \
/___/   /  \____/  \________/          \   \___\
\      /       /        \   \          /       /
 \    /___    /_______   \   \        /___    /
  \  /   /   /        \  /   /\      /    \  /
   \/   /___/          \/   /  \____/___   \/
    \       \           \   \          /   /
     \    ___\           \   \    ____/   /
      \  /    \          /\  /\  /   /   /
       \/      \________/  \/  \/   /___/
        \      /   /       /       /   /
         \    /   /___    /_______/   /
          \  /        \   \          /
           \/__________\___\________/


solution 3:
07,01,0 07,01,1 08,00,1 08,01,0 08,01,1 08,02,0 09,00,0 W7
06,00,0 06,00,1 06,01,0 06,01,1 07,00,0 07,00,1 08,00,0 G7
04,01,1 04,02,0 04,02,1 05,00,1 05,01,0 05,01,1 05,02,0 D7
02,03,1 02,04,0 02,04,1 03,02,1 03,03,0 03,03,1 04,03,0 A7
02,05,0 02,05,1 02,06,0 03,04,0 03,04,1 03,05,0 03,05,1 B7
00,05,1 01,04,1 01,05,0 01,05,1 01,06,0 01,06,1 01,07,0 P7
00,06,0 00,06,1 00,07,0 00,07,1 00,08,0 00,08,1 00,09,0 I7
01,07,1 01,08,0 01,08,1 02,06,1 02,07,0 03,06,0 03,06,1 C7
04,05,0 04,05,1 04,06,0 05,05,0 05,05,1 06,04,1 06,05,0 Q7
04,06,1 05,06,0 05,06,1 05,07,0 05,07,1 06,06,0 06,06,1 Y7
06,05,1 07,03,1 07,04,0 07,04,1 07,05,0 08,02,1 08,03,0 N7
08,03,1 08,04,0 09,02,1 09,03,0 09,03,1 10,03,0 10,03,1 T7
04,09,1 05,08,0 05,08,1 05,09,0 06,07,0 06,07,1 06,08,0 F7
09,01,0 09,01,1 09,02,0 10,01,0 10,01,1 10,02,0 10,02,1 U7
09,00,1 10,00,0 10,00,1 11,00,0 11,00,1 11,01,0 11,01,1 R7
10,04,0 10,04,1 11,02,0 11,02,1 11,03,0 11,03,1 11,04,0 J7
00,09,1 00,10,0 01,09,0 01,09,1 01,10,0 01,10,1 02,10,0 S7
00,10,1 00,11,0 00,11,1 01,11,0 01,11,1 02,11,0 02,11,1 L7
02,10,1 03,10,0 03,10,1 03,11,0 03,11,1 04,10,0 04,11,0 Z7
09,06,1 10,05,0 10,05,1 10,06,0 11,04,1 11,05,0 11,05,1 X7
08,07,1 09,07,0 09,07,1 09,08,0 10,06,1 10,07,0 11,06,0 H7
06,10,1 06,11,0 07,09,0 07,09,1 07,10,0 08,08,1 08,09,0 E7
04,10,1 04,11,1 05,09,1 05,10,0 05,10,1 05,11,0 05,11,1 M7
06,08,1 06,09,0 06,09,1 06,10,0 07,08,0 07,08,1 08,08,0 V7

            ________________________
           /           /    \      /\
          /   ________/   ___\    /  \
         /\  /    \       \      /\   \
        /  \/   ___\_______\    /  \   \
       /\      /        \   \  /   /    \
      /  \____/          \   \/   /___   \
     /   /   /           /    \       \  /\
    /   /   /           /___   \_______\/  \
   /   /\   \          /   /   /    \       \
  /   /  \   \________/   /___/      \____   \
 /   /   /\      /\          /        \   \   \
/___/   /  \____/  \________/          \   \___\
\      /       /        \   \          /       /
 \    /___    /_______   \   \        /___    /
  \  /   /   /        \  /   /\      /    \  /
   \/   /___/          \/   /  \____/___   \/
    \       \           \   \          /   /
     \    ___\           \   \    ____/   /
      \  /    \          /\  /\  /   /   /
       \/      \________/  \/  \/   /___/
        \      /   /       /       /   /
         \    /   /___    /_______/   /
          \  /        \   \          /
           \/__________\___\________/


solution 4:
07,01,0 07,01,1 08,00,1 08,01,0 08,01,1 08,02,0 09,00,0 W7
06,00,0 06,00,1 06,01,0 06,01,1 07,00,0 07,00,1 08,00,0 G7
04,01,1 04,02,0 04,02,1 05,00,1 05,01,0 05,01,1 05,02,0 D7
02,03,1 02,04,0 02,04,1 03,02,1 03,03,0 03,03,1 04,03,0 A7
02,05,0 02,05,1 02,06,0 03,04,0 03,04,1 03,05,0 03,05,1 B7
00,05,1 01,04,1 01,05,0 01,05,1 01,06,0 01,06,1 01,07,0 P7
00,06,0 00,06,1 00,07,0 00,07,1 00,08,0 00,08,1 00,09,0 I7
01,07,1 01,08,0 01,08,1 02,06,1 02,07,0 03,06,0 03,06,1 C7
04,05,0 04,05,1 04,06,0 05,05,0 05,05,1 06,04,1 06,05,0 Q7
04,06,1 05,06,0 05,06,1 05,07,0 05,07,1 06,06,0 06,06,1 Y7
06,05,1 07,03,1 07,04,0 07,04,1 07,05,0 08,02,1 08,03,0 N7
08,03,1 08,04,0 09,02,1 09,03,0 09,03,1 10,03,0 10,03,1 T7
04,09,1 05,08,0 05,08,1 05,09,0 06,07,0 06,07,1 06,08,0 F7
09,01,0 09,01,1 09,02,0 10,01,0 10,01,1 10,02,0 10,02,1 U7
09,00,1 10,00,0 10,00,1 11,00,0 11,00,1 11,01,0 11,01,1 R7
10,04,0 10,04,1 11,02,0 11,02,1 11,03,0 11,03,1 11,04,0 J7
00,09,1 00,10,0 01,09,0 01,09,1 01,10,0 01,10,1 02,10,0 S7
00,10,1 00,11,0 00,11,1 01,11,0 01,11,1 02,11,0 02,11,1 L7
02,10,1 03,10,0 03,10,1 03,11,0 03,11,1 04,10,0 04,11,0 Z7
09,06,1 10,05,0 10,05,1 10,06,0 11,04,1 11,05,0 11,05,1 X7
08,07,1 09,07,0 09,07,1 09,08,0 10,06,1 10,07,0 11,06,0 H7
07,08,0 07,08,1 07,09,1 07,10,0 08,08,0 08,08,1 08,09,0 V7
04,10,1 04,11,1 05,09,1 05,10,0 05,10,1 05,11,0 05,11,1 M7
06,08,1 06,09,0 06,09,1 06,10,0 06,10,1 06,11,0 07,09,0 E7

            ________________________
           /           /    \      /\
          /   ________/   ___\    /  \
         /\  /    \       \      /   /\
        /  \/   ___\_______\    /   /  \
       /\      /        \   \  /    \   \
      /  \____/          \   \/   ___\   \
     /   /   /           /    \  /       /\
    /   /   /           /___   \/_______/  \
   /   /\   \          /   /   /    \       \
  /   /  \   \________/   /___/      \____   \
 /   /   /\      /\          /        \   \   \
/___/   /  \____/  \________/          \   \___\
\      /       /        \   \          /       /
 \    /___    /_______   \   \        /___    /
  \  /   /   /        \  /   /\      /    \  /
   \/   /___/          \/   /  \____/___   \/
    \       \           \   \          /   /
     \    ___\           \   \    ____/   /
      \  /    \          /\  /\  /   /   /
       \/      \________/  \/  \/   /___/
        \      /   /       /       /   /
         \    /   /___    /_______/   /
          \  /        \   \          /
           \/__________\___\________/


solution 5:
07,01,0 07,01,1 08,00,1 08,01,0 08,01,1 08,02,0 09,00,0 W7
06,00,0 06,00,1 06,01,0 06,01,1 07,00,0 07,00,1 08,00,0 G7
04,01,1 04,02,0 04,02,1 05,00,1 05,01,0 05,01,1 05,02,0 D7
02,03,1 02,04,0 02,04,1 03,02,1 03,03,0 03,03,1 04,03,0 A7
02,05,0 02,05,1 02,06,0 03,04,0 03,04,1 03,05,0 03,05,1 B7
00,05,1 00,06,0 00,06,1 00,07,0 01,04,1 01,05,0 01,05,1 U7
01,06,0 01,06,1 01,07,0 01,07,1 02,06,1 02,07,0 03,06,0 V7
00,07,1 00,08,0 00,08,1 00,09,0 00,09,1 00,10,0 01,08,0 E7
00,10,1 01,08,1 01,09,0 01,09,1 01,10,0 01,10,1 02,10,0 T7
00,11,0 00,11,1 01,11,0 01,11,1 02,10,1 02,11,0 03,10,0 R7
03,06,1 04,05,0 04,05,1 04,06,0 05,05,0 05,05,1 06,05,0 H7
04,06,1 05,06,0 05,06,1 05,07,0 05,07,1 05,08,0 06,07,0 Q7
06,04,1 06,05,1 06,06,0 06,06,1 07,04,0 07,04,1 07,05,0 S7
02,11,1 03,10,1 03,11,0 03,11,1 04,09,1 04,10,0 04,10,1 M7
04,11,0 04,11,1 05,10,0 05,10,1 05,11,0 05,11,1 06,11,0 Y7
07,03,1 08,02,1 08,03,0 08,03,1 08,04,0 09,03,0 09,03,1 X7
06,07,1 06,08,0 06,08,1 07,08,0 07,08,1 08,07,1 08,08,0 C7
05,08,1 05,09,0 05,09,1 06,09,0 06,09,1 06,10,0 06,10,1 N7
07,09,0 07,09,1 07,10,0 08,08,1 08,09,0 09,07,1 09,08,0 P7
09,06,1 09,07,0 10,06,0 10,06,1 10,07,0 11,05,1 11,06,0 Z7
10,05,0 10,05,1 11,03,0 11,03,1 11,04,0 11,04,1 11,05,0 J7
10,01,1 10,02,0 10,02,1 10,03,0 10,03,1 10,04,0 10,04,1 I7
09,00,1 09,01,0 09,01,1 09,02,0 09,02,1 10,00,0 10,01,0 F7
10,00,1 11,00,0 11,00,1 11,01,0 11,01,1 11,02,0 11,02,1 L7

            ________________________
           /        \      /        \
          /_______   \    /___    ___\
         /\       \   \      /   /   /\
        /  \    ___\___\    /___/   /  \
       /   /   /        \  /       /    \
      /   /   /          \/   ____/___   \
     /    \  /           /\  /        \   \
    /   ___\/           /  \/   ____   \   \
   /\  /    \          /    \  /    \  /\  /\
  /  \/      \________/   ___\/      \/  \/  \
 /   /   /\   \   \      /   /        \       \
/   /___/  \___\   \____/   /          \____   \
\      /       /        \   \          /    \  /
 \    /___    /__________\   \        /___   \/
  \  /   /   /        \      /\      /   /   /
   \/   /___/          \____/  \____/   /   /
    \       \           \          /   /   /
     \    ___\           \    ____/   /___/
      \  /    \          /\  /   /   /   /
       \/      \________/  \/   /   /   /
        \      /   /       /    \  /   /
         \    /   /___    /   ___\/   /
          \  /        \   \   \      /
           \/__________\___\___\____/


solution 6:
07,01,0 07,01,1 08,00,1 08,01,0 08,01,1 08,02,0 09,00,0 W7
06,00,0 06,00,1 06,01,0 06,01,1 07,00,0 07,00,1 08,00,0 G7
04,01,1 04,02,0 04,02,1 05,00,1 05,01,0 05,01,1 05,02,0 D7
02,03,1 02,04,0 02,04,1 03,02,1 03,03,0 03,03,1 04,03,0 A7
02,05,0 02,05,1 02,06,0 03,04,0 03,04,1 03,05,0 03,05,1 B7
00,05,1 00,06,0 00,06,1 00,07,0 01,04,1 01,05,0 01,05,1 U7
01,06,0 01,06,1 01,07,0 01,07,1 02,06,1 02,07,0 03,06,0 V7
00,07,1 00,08,0 00,08,1 00,09,0 01,08,0 01,08,1 01,09,0 Z7
00,09,1 00,10,0 00,10,1 01,09,1 01,10,0 01,10,1 02,10,0 F7
00,11,0 00,11,1 01,11,0 01,11,1 02,10,1 02,11,0 02,11,1 P7
03,06,1 04,05,0 04,05,1 04,06,0 04,06,1 05,06,0 05,06,1 H7
05,05,0 05,05,1 06,04,1 06,05,0 06,05,1 07,03,1 07,04,0 T7
07,04,1 07,05,0 08,03,1 08,04,0 09,03,0 09,03,1 10,03,0 R7
05,07,0 05,07,1 06,06,0 06,06,1 06,07,0 06,07,1 06,08,0 Y7
08,02,1 08,03,0 09,02,0 09,02,1 10,01,0 10,01,1 10,02,0 S7
09,00,1 09,01,0 09,01,1 10,00,0 10,00,1 11,00,0 11,00,1 J7
10,02,1 11,01,0 11,01,1 11,02,0 11,02,1 11,03,0 11,03,1 E7
10,03,1 10,04,0 10,04,1 11,04,0 11,04,1 11,05,0 11,05,1 N7
09,06,1 10,05,0 10,05,1 10,06,0 10,06,1 10,07,0 11,06,0 X7
03,10,0 03,10,1 04,09,1 04,10,0 05,08,0 05,08,1 05,09,0 C7
03,11,0 03,11,1 04,11,0 04,11,1 05,11,0 05,11,1 06,11,0 I7
04,10,1 05,09,1 05,10,0 05,10,1 06,08,1 06,09,0 06,09,1 M7
06,10,0 06,10,1 07,09,1 07,10,0 08,08,1 08,09,0 09,08,0 L7
07,08,0 07,08,1 07,09,0 08,07,1 08,08,0 09,07,0 09,07,1 Q7

            ________________________
           /           /            \
          /_______    /______________\
         /        \  /    \      /    \
        /       ___\/___   \    /___   \
       /\  /\  /        \   \      /\   \
      /  \/  \/          \   \    /  \   \
     /       /           /   /\  /    \   \
    /   ____/           /___/  \/___   \___\
   /\  /    \          /       /    \      /\
  /  \/      \________/___    /      \____/  \
 /   /   /\   \          /   /        \       \
/   /___/  \___\    ____/___/          \    ___\
\      /       /   /       /\          /   /   /
 \    /___    /___/___    /  \        /___/   /
  \  /   /   /        \   \   \      /       /
   \/   /___/          \   \   \____/   ____/
    \       \           \  /\       \  /   /
     \    ___\           \/  \_______\/   /
      \  /    \          /\       \      /
       \/      \________/  \____   \    /
        \      /   /       /   /   /   /
         \    /   /___    /   /___/___/
          \  /        \   \          /
           \/__________\___\________/


solution 7:
07,01,0 07,01,1 08,00,1 08,01,0 08,01,1 08,02,0 09,00,0 W7
06,00,0 06,00,1 06,01,0 06,01,1 07,00,0 07,00,1 08,00,0 G7
04,01,1 04,02,0 04,02,1 05,00,1 05,01,0 05,01,1 05,02,0 D7
02,03,1 02,04,0 02,04,1 03,02,1 03,03,0 03,03,1 04,03,0 A7
03,04,0 03,04,1 03,05,0 03,05,1 03,06,0 03,06,1 04,05,0 E7
00,05,1 00,06,0 01,04,1 01,05,0 01,05,1 01,06,0 02,05,0 B7
00,06,1 00,07,0 00,07,1 01,06,1 01,07,0 02,05,1 02,06,0 J7
00,08,0 00,08,1 00,09,0 01,07,1 01,08,0 02,06,1 02,07,0 P7
00,09,1 01,08,1 01,09,0 01,09,1 01,10,0 01,10,1 02,10,0 Q7
00,10,0 00,10,1 00,11,0 00,11,1 01,11,0 01,11,1 02,11,0 R7
02,10,1 02,11,1 03,10,0 03,10,1 03,11,0 03,11,1 04,11,0 Z7
04,05,1 04,06,0 04,06,1 05,06,0 05,06,1 05,07,0 05,07,1 N7
05,05,0 05,05,1 06,04,1 06,05,0 06,05,1 06,06,0 06,06,1 H7
07,03,1 07,04,0 07,04,1 07,05,0 08,02,1 08,03,0 08,04,0 U7
04,09,1 05,08,0 05,08,1 05,09,0 06,07,0 06,07,1 06,08,0 F7
04,10,0 04,10,1 05,09,1 05,10,0 05,10,1 06,08,1 06,09,0 T7
04,11,1 05,11,0 05,11,1 06,09,1 06,10,0 06,10,1 06,11,0 V7
07,08,0 07,08,1 07,09,0 07,09,1 07,10,0 08,08,0 08,09,0 M7
08,07,1 08,08,1 09,07,0 09,07,1 09,08,0 10,06,1 10,07,0 Y7
11,03,0 11,03,1 11,04,0 11,04,1 11,05,0 11,05,1 11,06,0 I7
09,06,1 10,03,1 10,04,0 10,04,1 10,05,0 10,05,1 10,06,0 L7
08,03,1 09,01,1 09,02,0 09,02,1 09,03,0 10,01,0 10,01,1 S7
09,00,1 09,01,0 10,00,0 10,00,1 11,00,0 11,00,1 11,01,0 C7
09,03,1 10,02,0 10,02,1 10,03,0 11,01,1 11,02,0 11,02,1 X7

            ________________________
           /        \       \       \
          /   _______\    ___\____   \
         /   /    \      /       /   /\
        /___/   ___\____/___    /   /  \
       /\      /        \   \   \  /    \
      /  \    /          \   \   \/   ___\
     /    \  /           /    \  /    \   \
    /___   \/           /___   \/______\   \
   /    \   \          /   /   /    \       \
  /      \   \________/   /___/      \____   \
 /\  /\   \  /   /       /   /        \   \  /\
/  \/  \   \/   /   ____/   /          \   \/  \
\       \  /    \  /       /\          /   /   /
 \    ___\/   ___\/___    /  \        /   /   /
  \  /   /   /        \  /    \      /   /   /
   \/   /___/          \/   ___\____/   /   /
    \       \           \   \   \   \  /   /
     \    ___\           \   \   \   \/___/
      \  /    \          /\  /   /       /
       \/      \________/  \/   /___    /
        \      /   /       /\      /\  /
         \    /   /___    /  \____/  \/
          \  /        \   \          /
           \/__________\___\________/


solution 8:
07,01,0 07,01,1 08,00,1 08,01,0 08,01,1 08,02,0 09,00,0 W7
06,00,0 06,00,1 06,01,0 06,01,1 07,00,0 07,00,1 08,00,0 G7
04,01,1 04,02,0 04,02,1 05,00,1 05,01,0 05,01,1 05,02,0 D7
02,03,1 02,04,0 02,04,1 03,02,1 03,03,0 03,03,1 04,03,0 A7
03,04,0 03,04,1 03,05,0 03,05,1 03,06,0 03,06,1 04,05,0 E7
00,05,1 00,06,0 01,04,1 01,05,0 01,05,1 01,06,0 02,05,0 B7
00,06,1 00,07,0 00,07,1 01,06,1 01,07,0 02,05,1 02,06,0 J7
00,08,0 00,08,1 00,09,0 01,07,1 01,08,0 02,06,1 02,07,0 P7
00,09,1 00,10,0 00,10,1 00,11,0 00,11,1 01,08,1 01,09,0 R7
01,09,1 01,10,0 01,10,1 01,11,0 01,11,1 02,10,0 02,11,0 F7
02,10,1 02,11,1 03,10,0 03,10,1 03,11,0 03,11,1 04,11,0 Z7
04,05,1 04,06,0 05,05,0 05,05,1 06,04,1 06,05,0 06,05,1 Q7
04,06,1 05,06,0 05,06,1 05,07,0 05,07,1 05,08,0 06,06,0 T7
05,08,1 05,09,0 06,06,1 06,07,0 06,07,1 06,08,0 06,08,1 H7
04,09,1 04,10,0 04,10,1 04,11,1 05,10,0 05,10,1 05,11,0 S7
05,09,1 05,11,1 06,09,0 06,09,1 06,10,0 06,10,1 06,11,0 C7
07,03,1 07,04,0 07,04,1 07,05,0 08,02,1 08,03,0 08,04,0 U7
07,08,0 07,08,1 07,09,0 07,09,1 07,10,0 08,08,0 08,09,0 M7
08,07,1 08,08,1 09,07,0 09,07,1 09,08,0 10,06,1 10,07,0 Y7
11,03,0 11,03,1 11,04,0 11,04,1 11,05,0 11,05,1 11,06,0 I7
09,06,1 10,03,1 10,04,0 10,04,1 10,05,0 10,05,1 10,06,0 L7
09,00,1 09,01,0 09,01,1 09,02,0 10,00,0 10,00,1 11,00,0 V7
08,03,1 09,03,0 09,03,1 10,02,1 10,03,0 11,02,0 11,02,1 N7
09,02,1 10,01,0 10,01,1 10,02,0 11,00,1 11,01,0 11,01,1 X7

            ________________________
           /   /    \       \   \   \
          /   /   ___\    ___\   \   \
         /   /    \      /       /   /\
        /   /   ___\____/   ____/   /  \
       /\   \  /        \  /\      /    \
      /  \   \/          \/  \____/   ___\
     /    \  /           /\      /    \   \
    /___   \/           /  \    /______\   \
   /    \   \          /   /   /    \       \
  /      \   \________/   /   /      \____   \
 /\  /\   \  /   /\       \  /        \   \  /\
/  \/  \   \/   /  \_______\/          \   \/  \
\       \  /    \          /\          /   /   /
 \    ___\/   ___\____    /  \        /   /   /
  \  /   /   /        \  /    \      /   /   /
   \/   /___/          \/   ___\____/   /   /
    \       \           \   \       \  /   /
     \    ___\           \   \____   \/___/
      \  /    \          /\  /\   \      /
       \/      \________/  \/  \   \____/
        \      /   /       /   /       /
         \    /   /___    /   /___    /
          \  /        \   \       \  /
           \/__________\___\_______\/


solution 9:
07,01,0 07,01,1 08,00,1 08,01,0 08,01,1 08,02,0 09,00,0 W7
06,00,0 06,00,1 06,01,0 06,01,1 07,00,0 07,00,1 08,00,0 G7
04,01,1 04,02,0 04,02,1 05,00,1 05,01,0 05,01,1 05,02,0 D7
02,03,1 02,04,0 02,04,1 03,02,1 03,03,0 03,03,1 04,03,0 A7
03,04,0 03,04,1 03,05,0 03,05,1 03,06,0 03,06,1 04,05,0 E7
00,05,1 00,06,0 01,04,1 01,05,0 01,05,1 01,06,0 02,05,0 B7
00,06,1 00,07,0 00,07,1 01,06,1 01,07,0 02,05,1 02,06,0 J7
00,08,0 00,08,1 00,09,0 01,07,1 01,08,0 02,06,1 02,07,0 P7
00,09,1 00,10,0 00,10,1 00,11,0 00,11,1 01,08,1 01,09,0 R7
01,09,1 01,10,0 01,10,1 01,11,0 02,10,0 02,10,1 03,10,0 T7
01,11,1 02,11,0 02,11,1 03,10,1 03,11,0 03,11,1 04,10,0 H7
04,05,1 04,06,0 05,05,0 05,05,1 06,04,1 06,05,0 06,05,1 Q7
04,06,1 05,06,0 05,06,1 05,07,0 06,06,0 06,06,1 06,07,0 F7
07,03,1 07,04,0 07,04,1 07,05,0 08,02,1 08,03,0 08,04,0 U7
05,07,1 05,08,0 05,08,1 06,07,1 06,08,0 06,08,1 06,09,0 Z7
04,09,1 05,09,0 05,09,1 05,10,0 05,10,1 06,09,1 06,10,0 S7
04,10,1 04,11,0 04,11,1 05,11,0 05,11,1 06,10,1 06,11,0 C7
07,08,0 07,08,1 07,09,0 07,09,1 07,10,0 08,08,0 08,09,0 M7
08,07,1 08,08,1 09,07,0 09,07,1 09,08,0 10,06,1 10,07,0 Y7
11,03,0 11,03,1 11,04,0 11,04,1 11,05,0 11,05,1 11,06,0 I7
09,06,1 10,03,1 10,04,0 10,04,1 10,05,0 10,05,1 10,06,0 L7
09,00,1 09,01,0 09,01,1 09,02,0 10,00,0 10,00,1 11,00,0 V7
08,03,1 09,03,0 09,03,1 10,02,1 10,03,0 11,02,0 11,02,1 N7
09,02,1 10,01,0 10,01,1 10,02,0 11,00,1 11,01,0 11,01,1 X7

            ________________________
           /   /\          /        \
          /   /  \____    /   ____   \
         /   /        \   \  /    \  /\
        /   /   _______\___\/      \/  \
       /\   \  /        \      /\  /    \
      /  \   \/          \____/  \/   ___\
     /    \  /           /       /    \   \
    /___   \/           /       /______\   \
   /    \   \          /\  /\  /    \       \
  /      \   \________/  \/  \/      \____   \
 /\  /\   \  /   /\          /        \   \  /\
/  \/  \   \/   /  \________/          \   \/  \
\       \  /    \          /\          /   /   /
 \    ___\/   ___\____    /  \        /   /   /
  \  /   /   /        \  /    \      /   /   /
   \/   /___/          \/   ___\____/   /   /
    \       \           \   \       \  /   /
     \    ___\           \   \____   \/___/
      \  /    \          /\  /\   \      /
       \/      \________/  \/  \   \____/
        \      /   /       /   /       /
         \    /   /___    /   /___    /
          \  /        \   \       \  /
           \/__________\___\_______\/


solution 10:
07,01,0 07,01,1 08,00,1 08,01,0 08,01,1 08,02,0 09,00,0 W7
06,00,0 06,00,1 06,01,0 06,01,1 07,00,0 07,00,1 08,00,0 G7
04,01,1 04,02,0 04,02,1 05,00,1 05,01,0 05,01,1 05,02,0 D7
02,03,1 02,04,0 02,04,1 03,02,1 03,03,0 03,03,1 04,03,0 A7
03,04,0 03,04,1 03,05,0 03,05,1 03,06,0 03,06,1 04,05,0 E7
00,05,1 00,06,0 01,04,1 01,05,0 01,05,1 01,06,0 02,05,0 B7
00,06,1 00,07,0 00,07,1 01,06,1 01,07,0 02,05,1 02,06,0 J7
00,08,0 00,08,1 01,07,1 01,08,0 01,08,1 02,06,1 02,07,0 T7
00,09,0 00,09,1 00,10,0 00,10,1 00,11,0 00,11,1 01,09,0 P7
01,09,1 01,10,0 01,10,1 01,11,0 01,11,1 02,10,0 02,11,0 F7
02,10,1 02,11,1 03,10,0 03,10,1 03,11,0 03,11,1 04,11,0 Z7
04,05,1 04,06,0 05,05,0 05,05,1 06,04,1 06,05,0 06,05,1 Q7
04,06,1 05,06,0 05,06,1 06,06,0 06,06,1 06,07,0 06,07,1 R7
05,07,0 05,07,1 05,08,0 05,08,1 05,09,0 06,08,0 06,08,1 H7
04,09,1 04,10,0 04,10,1 04,11,1 05,10,0 05,10,1 05,11,0 S7
05,09,1 05,11,1 06,09,0 06,09,1 06,10,0 06,10,1 06,11,0 C7
07,03,1 07,04,0 07,04,1 07,05,0 08,02,1 08,03,0 08,04,0 U7
07,08,0 07,08,1 07,09,0 07,09,1 07,10,0 08,08,0 08,09,0 M7
08,07,1 08,08,1 09,07,0 09,07,1 09,08,0 10,06,1 10,07,0 Y7
11,03,0 11,03,1 11,04,0 11,04,1 11,05,0 11,05,1 11,06,0 I7
09,06,1 10,03,1 10,04,0 10,04,1 10,05,0 10,05,1 10,06,0 L7
09,00,1 09,01,0 09,01,1 09,02,0 10,00,0 10,00,1 11,00,0 V7
08,03,1 09,03,0 09,03,1 10,02,1 10,03,0 11,02,0 11,02,1 N7
09,02,1 10,01,0 10,01,1 10,02,0 11,00,1 11,01,0 11,01,1 X7

            ________________________
           /   /    \       \   \   \
          /   /   ___\    ___\   \   \
         /   /    \      /       /   /\
        /   /   ___\____/   ____/   /  \
       /    \  /        \  /\      /    \
      /______\/          \/  \____/   ___\
     /       /           /       /    \   \
    /___    /           /   ____/______\   \
   /    \   \          /   /   /    \       \
  /      \   \________/___/   /      \____   \
 /\  /\   \  /   /\          /        \   \  /\
/  \/  \   \/   /  \________/          \   \/  \
\       \  /    \          /\          /   /   /
 \    ___\/   ___\____    /  \        /   /   /
  \  /   /   /        \  /    \      /   /   /
   \/   /___/          \/   ___\____/   /   /
    \       \           \   \       \  /   /
     \    ___\           \   \____   \/___/
      \  /    \          /\  /\   \      /
       \/      \________/  \/  \   \____/
        \      /   /       /   /       /
         \    /   /___    /   /___    /
          \  /        \   \       \  /
           \/__________\___\_______\/


solution 11:
07,01,0 07,01,1 08,00,1 08,01,0 08,01,1 08,02,0 09,00,0 W7
06,00,0 06,00,1 06,01,0 06,01,1 07,00,0 07,00,1 08,00,0 G7
04,01,1 04,02,0 04,02,1 05,00,1 05,01,0 05,01,1 05,02,0 D7
02,03,1 02,04,0 02,04,1 03,02,1 03,03,0 03,03,1 04,03,0 A7
03,04,0 03,04,1 03,05,0 03,05,1 03,06,0 03,06,1 04,05,0 E7
00,05,1 00,06,0 01,04,1 01,05,0 01,05,1 01,06,0 02,05,0 B7
00,06,1 00,07,0 00,07,1 01,06,1 01,07,0 02,05,1 02,06,0 J7
00,08,0 00,08,1 01,07,1 01,08,0 01,08,1 02,06,1 02,07,0 T7
00,09,0 00,09,1 00,10,0 00,10,1 00,11,0 00,11,1 01,09,0 P7
01,09,1 01,10,0 01,10,1 01,11,0 01,11,1 02,10,0 02,11,0 F7
02,10,1 02,11,1 03,10,0 03,10,1 03,11,0 03,11,1 04,11,0 Z7
04,05,1 04,06,0 04,06,1 05,05,0 05,05,1 06,04,1 06,05,0 S7
05,06,0 05,06,1 05,07,0 05,07,1 06,06,1 06,07,0 06,07,1 U7
06,05,1 06,06,0 07,03,1 07,04,0 07,04,1 07,05,0 08,04,0 H7
04,09,1 04,10,0 04,10,1 05,08,0 05,08,1 05,09,0 06,08,0 Q7
04,11,1 05,09,1 05,10,0 05,10,1 05,11,0 06,08,1 06,09,0 N7
05,11,1 06,09,1 06,10,0 06,10,1 06,11,0 07,09,1 07,10,0 Y7
07,08,0 07,08,1 07,09,0 08,08,0 08,08,1 08,09,0 09,08,0 M7
08,07,1 09,07,0 09,07,1 10,06,1 10,07,0 11,05,1 11,06,0 R7
09,06,1 10,03,1 10,04,0 10,04,1 10,05,0 10,05,1 10,06,0 L7
11,02,0 11,02,1 11,03,0 11,03,1 11,04,0 11,04,1 11,05,0 I7
09,02,1 10,01,0 10,01,1 10,02,0 11,00,1 11,01,0 11,01,1 X7
09,00,1 09,01,0 09,01,1 09,02,0 10,00,0 10,00,1 11,00,0 V7
08,02,1 08,03,0 08,03,1 09,03,0 09,03,1 10,02,1 10,03,0 C7

            ________________________
           /   /    \       \   \   \
          /   /   ___\    ___\   \   \
         /   /    \      /   /   /    \
        /   /   ___\____/   /   /      \
       /    \  /        \   \   \  /\  /\
      /______\/          \   \   \/  \/  \
     /       /           /    \  /        \
    /___    /           /______\/__________\
   /    \   \          /       /    \       \
  /      \   \________/       /      \____   \
 /\  /\   \  /   /   /   /\  /        \   \   \
/  \/  \   \/   /   /___/  \/          \   \   \
\       \  /    \       \   \          /   /\  /
 \    ___\/   ___\____   \   \        /   /  \/
  \  /   /   /        \  /    \      /   /   /
   \/   /___/          \/   ___\____/   /   /
    \       \           \  /        \  /   /
     \    ___\           \/   ____   \/   /
      \  /    \          /\  /\   \  /   /
       \/      \________/  \/  \   \/___/
        \      /   /       /   /       /
         \    /   /___    /   /___    /
          \  /        \   \       \  /
           \/__________\___\_______\/


solution 12:
07,01,0 07,01,1 08,00,1 08,01,0 08,01,1 08,02,0 09,00,0 W7
06,00,0 06,00,1 06,01,0 06,01,1 07,00,0 07,00,1 08,00,0 G7
04,01,1 04,02,0 04,02,1 05,00,1 05,01,0 05,01,1 05,02,0 D7
02,03,1 02,04,0 02,04,1 03,02,1 03,03,0 03,03,1 04,03,0 A7
03,04,0 03,04,1 03,05,0 03,05,1 03,06,0 03,06,1 04,05,0 E7
00,05,1 00,06,0 01,04,1 01,05,0 01,05,1 01,06,0 02,05,0 B7
00,06,1 00,07,0 00,07,1 01,06,1 01,07,0 02,05,1 02,06,0 J7
00,08,0 00,08,1 01,07,1 01,08,0 01,08,1 02,06,1 02,07,0 T7
00,09,0 00,09,1 00,10,0 00,10,1 00,11,0 00,11,1 01,09,0 P7
01,09,1 01,10,0 01,10,1 02,10,0 02,10,1 03,10,0 03,10,1 L7
01,11,0 01,11,1 02,11,0 02,11,1 03,11,0 03,11,1 04,11,0 I7
04,05,1 04,06,0 04,06,1 05,05,0 05,05,1 06,04,1 06,05,0 S7
05,06,0 05,06,1 05,07,0 05,07,1 06,06,1 06,07,0 06,07,1 U7
06,05,1 06,06,0 07,03,1 07,04,0 07,04,1 07,05,0 08,04,0 H7
04,09,1 04,10,0 04,10,1 05,08,0 05,08,1 05,09,0 06,08,0 Q7
04,11,1 05,09,1 05,10,0 05,10,1 05,11,0 06,08,1 06,09,0 N7
05,11,1 06,09,1 06,10,0 06,10,1 06,11,0 07,09,1 07,10,0 Y7
07,08,0 07,08,1 07,09,0 08,08,0 08,08,1 08,09,0 09,08,0 M7
08,07,1 09,07,0 09,07,1 10,06,1 10,07,0 11,05,1 11,06,0 R7
09,06,1 10,05,0 10,05,1 10,06,0 11,04,0 11,04,1 11,05,0 F7
10,03,1 10,04,0 10,04,1 11,02,0 11,02,1 11,03,0 11,03,1 Z7
09,02,1 10,01,0 10,01,1 10,02,0 11,00,1 11,01,0 11,01,1 X7
09,00,1 09,01,0 09,01,1 09,02,0 10,00,0 10,00,1 11,00,0 V7
08,02,1 08,03,0 08,03,1 09,03,0 09,03,1 10,02,1 10,03,0 C7

            ________________________
           /   /            \   \   \
          /   /______________\   \   \
         /   /           /   /   /    \
        /   /   ________/   /   /      \
       /    \  /        \   \   \  /\  /\
      /______\/          \   \   \/  \/  \
     /       /           /    \  /        \
    /___    /           /______\/__________\
   /    \   \          /       /    \       \
  /      \   \________/       /      \____   \
 /\  /\   \  /   /   /   /\  /        \   \   \
/  \/  \   \/   /   /___/  \/          \   \   \
\       \  /    \       \   \          /    \  /
 \    ___\/   ___\____   \   \        /___   \/
  \  /   /   /        \  /    \      /   /   /
   \/   /___/          \/   ___\____/   /___/
    \       \           \  /        \      /
     \    ___\           \/   ____   \    /
      \  /    \          /\  /\   \  /   /
       \/      \________/  \/  \   \/___/
        \      /   /       /   /       /
         \    /   /___    /   /___    /
          \  /        \   \       \  /
           \/__________\___\_______\/


solution 13:
07,01,0 07,01,1 08,00,1 08,01,0 08,01,1 08,02,0 09,00,0 W7
06,00,0 06,00,1 06,01,0 06,01,1 07,00,0 07,00,1 08,00,0 G7
04,01,1 04,02,0 04,02,1 05,00,1 05,01,0 05,01,1 05,02,0 D7
02,03,1 02,04,0 02,04,1 03,02,1 03,03,0 03,03,1 04,03,0 A7
03,04,0 03,04,1 03,05,0 03,05,1 03,06,0 03,06,1 04,05,0 E7
00,05,1 00,06,0 01,04,1 01,05,0 01,05,1 01,06,0 02,05,0 B7
00,06,1 00,07,0 00,07,1 01,06,1 01,07,0 02,05,1 02,06,0 J7
00,08,0 00,08,1 01,07,1 01,08,0 01,08,1 02,06,1 02,07,0 T7
00,09,0 00,09,1 00,10,0 00,10,1 00,11,0 00,11,1 01,09,0 P7
01,09,1 01,10,0 01,10,1 01,11,0 01,11,1 02,11,0 02,11,1 R7
02,10,0 02,10,1 03,10,0 03,10,1 03,11,0 03,11,1 04,10,0 H7
04,05,1 04,06,0 05,05,0 05,05,1 06,04,1 06,05,0 06,05,1 Q7
04,06,1 05,06,0 05,06,1 05,07,0 06,06,0 06,06,1 06,07,0 F7
07,03,1 07,04,0 07,04,1 07,05,0 08,02,1 08,03,0 08,04,0 U7
05,07,1 05,08,0 05,08,1 06,07,1 06,08,0 06,08,1 06,09,0 Z7
04,09,1 05,09,0 05,09,1 05,10,0 05,10,1 06,09,1 06,10,0 S7
04,10,1 04,11,0 04,11,1 05,11,0 05,11,1 06,10,1 06,11,0 C7
07,08,0 07,08,1 07,09,0 07,09,1 07,10,0 08,08,0 08,09,0 M7
08,07,1 08,08,1 09,07,0 09,07,1 09,08,0 10,06,1 10,07,0 Y7
11,03,0 11,03,1 11,04,0 11,04,1 11,05,0 11,05,1 11,06,0 I7
09,06,1 10,03,1 10,04,0 10,04,1 10,05,0 10,05,1 10,06,0 L7
09,00,1 09,01,0 09,01,1 09,02,0 10,00,0 10,00,1 11,00,0 V7
08,03,1 09,03,0 09,03,1 10,02,1 10,03,0 11,02,0 11,02,1 N7
09,02,1 10,01,0 10,01,1 10,02,0 11,00,1 11,01,0 11,01,1 X7

            ________________________
           /   /       /   /        \
          /   /   ____/   /   ____   \
         /   /   /        \  /    \  /\
        /   /   /__________\/      \/  \
       /    \  /        \      /\  /    \
      /______\/          \____/  \/   ___\
     /       /           /       /    \   \
    /___    /           /       /______\   \
   /    \   \          /\  /\  /    \       \
  /      \   \________/  \/  \/      \____   \
 /\  /\   \  /   /\          /        \   \  /\
/  \/  \   \/   /  \________/          \   \/  \
\       \  /    \          /\          /   /   /
 \    ___\/   ___\____    /  \        /   /   /
  \  /   /   /        \  /    \      /   /   /
   \/   /___/          \/   ___\____/   /   /
    \       \           \   \       \  /   /
     \    ___\           \   \____   \/___/
      \  /    \          /\  /\   \      /
       \/      \________/  \/  \   \____/
        \      /   /       /   /       /
         \    /   /___    /   /___    /
          \  /        \   \       \  /
           \/__________\___\_______\/


Session interrupted by user.
13 solutions, 803492 searches, duration 0:05:24.468000
