solving HeptiamondsTrapezoidTriangle:

solution 1 (8,450 searches):
00,11,1 00,12,0 00,12,1 00,13,0 01,11,0 01,11,1 01,12,0 D7
05,05,1 05,06,0 05,06,1 05,07,0 05,07,1 05,08,0 06,06,0 E7
06,05,1 06,06,1 06,07,0 07,05,0 07,05,1 07,06,0 08,05,0 G7
05,04,1 05,05,0 06,03,1 06,04,0 06,04,1 06,05,0 07,04,0 B7
05,01,1 06,00,0 06,00,1 06,01,0 07,00,0 07,00,1 08,00,0 H7
04,03,0 04,03,1 05,02,1 05,03,0 06,01,1 06,02,0 07,01,0 L7
11,00,0 11,00,1 11,01,0 12,00,0 12,00,1 12,01,0 13,00,0 M7
00,00,0 00,00,1 00,01,0 01,00,0 01,00,1 02,00,0 02,00,1 P7
00,05,0 00,05,1 01,05,0 01,05,1 01,06,0 01,06,1 01,07,0 R7
00,06,0 00,06,1 00,07,0 00,07,1 00,08,0 00,08,1 00,09,0 I7
02,05,0 02,05,1 02,06,0 03,05,0 03,05,1 03,06,0 03,06,1 U7
09,02,1 09,03,0 09,03,1 10,02,1 10,03,0 11,01,1 11,02,0 J7
07,03,1 07,04,1 08,03,0 08,03,1 08,04,0 08,04,1 09,04,0 Z7
07,02,1 07,03,0 08,01,1 08,02,0 08,02,1 09,01,0 09,02,0 Y7
09,00,1 09,01,1 10,00,0 10,00,1 10,01,0 10,01,1 10,02,0 F7
04,01,1 04,02,0 04,02,1 05,00,0 05,00,1 05,01,0 05,02,0 S7
02,03,1 03,01,1 03,02,0 03,02,1 03,03,0 03,03,1 04,01,0 Q7
02,01,1 02,02,0 03,00,0 03,00,1 03,01,0 04,00,0 04,00,1 T7
00,02,1 00,03,0 00,03,1 01,03,0 01,03,1 02,02,1 02,03,0 C7
00,01,1 00,02,0 01,01,0 01,01,1 01,02,0 01,02,1 02,01,0 A7
02,09,0 02,09,1 02,10,1 02,11,0 03,09,0 03,09,1 03,10,0 V7
00,10,0 00,10,1 00,11,0 01,09,1 01,10,0 01,10,1 02,10,0 X7
00,09,1 01,07,1 01,08,0 01,08,1 01,09,0 02,08,0 02,08,1 W7
02,06,1 02,07,0 02,07,1 03,07,0 03,07,1 03,08,0 03,08,1 N7

                           /\
                          /  \
                         /    \
                        /      \
                       /\      /\
                      /  \____/  \
                     /        \   \
                    /___    ___\   \
                   /\   \  /       /
                  /  \   \/_______/
                 /   /       /   /   /\
                /   /   ____/   /   /  \
               /   /\  /       /   /   /\
              /   /  \/   ____/   /   /  \
             /   /   /\  /   /   /    \   \
            /___/   /  \/   /   /   ___\   \
           /       /       /   /\  /\       \
          /_______/_______/   /  \/  \_______\
                              \       \       \
        ____________________   \    ___\    ___\
       /        \      /    \   \  /\      /    \
      /   ____   \    /___   \   \/  \____/      \
     /\  /   /\  /   /    \   \   \       \  /\   \
    /  \/   /  \/   /   ___\   \   \    ___\/  \   \
   /\       \   \   \   \   \   \   \   \      /\  /\
  /  \_______\   \___\   \   \___\   \___\    /  \/  \
 /           /       /   /        \   \      /        \
/___________/_______/___/__________\   \____/__________\

solution 2 (1,209,128 searches):
00,11,1 00,12,0 00,12,1 00,13,0 01,11,0 01,11,1 01,12,0 D7
05,05,1 05,06,0 05,06,1 05,07,0 05,07,1 05,08,0 06,06,0 E7
06,06,1 06,07,0 07,04,1 07,05,0 07,05,1 07,06,0 08,05,0 H7
05,04,1 05,05,0 06,04,0 06,04,1 06,05,0 06,05,1 07,04,0 A7
06,00,0 06,00,1 06,01,1 07,00,0 07,00,1 07,01,0 08,00,0 G7
10,02,1 10,03,0 11,01,1 11,02,0 12,00,1 12,01,0 13,00,0 I7
09,01,1 10,00,1 10,01,0 11,00,0 11,00,1 11,01,0 12,00,0 U7
08,01,1 08,02,0 08,02,1 09,00,1 09,01,0 09,02,0 10,00,0 J7
06,03,1 07,02,1 07,03,0 07,03,1 08,03,0 08,03,1 08,04,0 Q7
08,04,1 09,02,1 09,03,0 09,03,1 09,04,0 10,01,1 10,02,0 N7
00,00,0 00,00,1 00,01,0 01,00,0 01,00,1 01,01,0 02,00,0 M7
00,05,0 00,05,1 00,06,0 01,05,0 01,05,1 02,05,0 02,05,1 P7
00,01,1 00,02,0 00,02,1 00,03,0 00,03,1 01,03,0 01,03,1 R7
01,06,1 01,07,0 02,06,0 02,06,1 03,05,0 03,05,1 03,06,0 S7
00,06,1 00,07,0 00,07,1 00,08,0 00,08,1 00,09,0 01,06,0 L7
01,07,1 02,07,0 02,07,1 03,06,1 03,07,0 03,07,1 03,08,0 T7
00,09,1 00,10,0 01,08,0 01,08,1 01,09,0 01,09,1 02,08,0 X7
00,10,1 00,11,0 01,10,0 01,10,1 02,10,0 02,10,1 02,11,0 C7
02,08,1 02,09,0 02,09,1 03,08,1 03,09,0 03,09,1 03,10,0 Z7
04,02,1 05,01,1 05,02,0 05,02,1 05,03,0 06,01,0 06,02,0 B7
03,02,1 03,03,0 03,03,1 04,01,1 04,02,0 04,03,0 04,03,1 V7
03,00,1 04,00,0 04,00,1 04,01,0 05,00,0 05,00,1 05,01,0 F7
01,02,1 02,02,0 02,02,1 02,03,0 02,03,1 03,01,1 03,02,0 W7
01,01,1 01,02,0 02,00,1 02,01,0 02,01,1 03,00,0 03,01,0 Y7

                           /\
                          /  \
                         /    \
                        /      \
                       /\      /\
                      /  \____/  \
                     /\          /\
                    /  \________/  \
                   /\      /       /
                  /  \    /       /
                 /   /    \  /\  /   /\
                /   /______\/  \/   /  \
               /   /\          /   /   /\
              /   /  \____    /   /   /  \
             /\   \       \  /   /    \   \
            /  \___\____   \/   /   ___\   \
           /           /   /   /\  /   /    \
          /___________/___/   /  \/   /   ___\
                              \       \  /\   \
        ____________________   \_______\/  \   \
       /       /   /       /\   \          /   /\
      /   ____/   /   ____/  \   \    ____/   /  \
     /   /\       \   \       \   \  /    \   \   \
    /   /  \____   \   \    ___\   \/   ___\   \   \
   /\  /\       \  /\  /\   \   \   \   \   \  /\   \
  /  \/  \    ___\/  \/  \___\   \   \   \   \/  \   \
 /        \   \          /        \   \   \       \   \
/__________\___\________/__________\   \___\_______\___\

solution 3 (1,332,124 searches):
00,11,1 00,12,0 00,12,1 00,13,0 01,11,0 01,11,1 01,12,0 D7
05,05,1 05,06,0 05,06,1 05,07,0 05,07,1 05,08,0 06,06,0 E7
06,06,1 06,07,0 07,04,1 07,05,0 07,05,1 07,06,0 08,05,0 H7
05,04,1 05,05,0 06,04,0 06,04,1 06,05,0 06,05,1 07,04,0 A7
06,00,0 06,00,1 06,01,1 07,00,0 07,00,1 07,01,0 08,00,0 G7
11,01,0 11,01,1 11,02,0 12,00,0 12,00,1 12,01,0 13,00,0 M7
00,00,0 00,00,1 00,01,0 01,00,0 01,00,1 02,00,0 02,00,1 P7
00,05,0 00,05,1 01,05,0 01,05,1 01,06,0 01,06,1 01,07,0 R7
00,06,0 00,06,1 00,07,0 00,07,1 00,08,0 00,08,1 00,09,0 I7
02,05,0 02,05,1 02,06,0 03,05,0 03,05,1 03,06,0 03,06,1 U7
06,03,1 07,02,1 07,03,0 08,01,1 08,02,0 09,01,0 09,01,1 L7
09,00,1 10,00,0 10,00,1 10,01,0 10,01,1 11,00,0 11,00,1 Y7
07,03,1 08,02,1 08,03,0 08,03,1 08,04,0 09,02,0 09,03,0 B7
08,04,1 09,02,1 09,03,1 09,04,0 10,02,0 10,02,1 10,03,0 J7
02,06,1 02,07,0 02,07,1 03,07,0 03,07,1 03,08,0 03,08,1 N7
00,09,1 01,07,1 01,08,0 01,08,1 01,09,0 02,08,0 02,08,1 W7
00,10,0 00,10,1 00,11,0 01,09,1 01,10,0 01,10,1 02,10,0 X7
02,09,0 02,09,1 02,10,1 02,11,0 03,09,0 03,09,1 03,10,0 V7
05,00,1 05,01,0 05,01,1 05,02,0 05,02,1 06,01,0 06,02,0 F7
03,03,1 04,01,1 04,02,0 04,02,1 04,03,0 04,03,1 05,03,0 T7
03,01,1 03,02,0 03,02,1 04,00,0 04,00,1 04,01,0 05,00,0 Q7
01,02,1 01,03,1 02,02,0 02,02,1 02,03,0 02,03,1 03,03,0 Z7
01,01,1 01,02,0 02,01,0 02,01,1 03,00,0 03,00,1 03,01,0 S7
00,01,1 00,02,0 00,02,1 00,03,0 00,03,1 01,01,0 01,03,0 C7

                           /\
                          /  \
                         /    \
                        /      \
                       /\      /\
                      /  \____/  \
                     /        \   \
                    /___    ___\   \
                   /\   \  /       /
                  /  \   \/_______/
                 /   /       /   /   /\
                /   /   ____/   /   /  \
               /   /\  /       /   /   /\
              /   /  \/   ____/   /   /  \
             /   /   /\  /   /   /    \   \
            /___/   /  \/   /   /   ___\   \
           /       /       /   /\  /   /    \
          /_______/_______/   /  \/   /   ___\
                              \       \  /\   \
        ____________________   \_______\/  \   \
       /    \       \       \   \   \       \   \
      /   ___\    ___\    ___\   \   \    ___\   \
     /   /\      /   /   /    \   \   \   \      /\
    /   /  \____/   /   /   ___\   \   \___\____/  \
   /\   \       \   \  /    \   \   \      /   /    \
  /  \___\____   \   \/   ___\   \   \____/   /___   \
 /           /   /    \  /        \   \          /    \
/___________/___/______\/__________\   \________/______\

solution 4 (1,365,174 searches):
00,11,1 00,12,0 00,12,1 00,13,0 01,11,0 01,11,1 01,12,0 D7
05,05,1 05,06,0 05,06,1 05,07,0 05,07,1 05,08,0 06,06,0 E7
06,06,1 06,07,0 07,04,1 07,05,0 07,05,1 07,06,0 08,05,0 H7
05,04,1 05,05,0 06,04,0 06,04,1 06,05,0 06,05,1 07,04,0 A7
06,00,0 06,00,1 06,01,1 07,00,0 07,00,1 07,01,0 08,00,0 G7
10,01,1 10,02,0 11,00,1 11,01,0 12,00,0 12,00,1 13,00,0 R7
09,03,1 09,04,0 10,02,1 10,03,0 11,01,1 11,02,0 12,01,0 I7
08,01,1 09,00,1 09,01,0 10,00,0 10,00,1 10,01,0 11,00,0 U7
06,03,1 07,02,1 07,03,0 08,02,0 08,02,1 09,01,1 09,02,0 N7
07,03,1 08,03,0 08,03,1 08,04,0 08,04,1 09,02,1 09,03,0 W7
00,00,0 00,00,1 00,01,0 01,00,0 01,00,1 01,01,0 02,00,0 M7
00,05,0 00,05,1 00,06,0 01,05,0 01,05,1 02,05,0 02,05,1 P7
00,01,1 00,02,0 00,02,1 00,03,0 00,03,1 01,02,1 01,03,0 J7
01,01,1 01,02,0 02,00,1 02,01,0 02,01,1 02,02,0 03,00,0 Y7
01,03,1 02,02,1 02,03,0 02,03,1 03,01,0 03,01,1 03,02,0 Q7
03,00,1 04,00,0 04,00,1 04,01,0 05,00,0 05,00,1 05,01,0 F7
04,02,1 05,01,1 05,02,0 05,02,1 05,03,0 06,01,0 06,02,0 B7
03,02,1 03,03,0 03,03,1 04,01,1 04,02,0 04,03,0 04,03,1 V7
01,06,1 01,07,0 02,06,0 02,06,1 03,05,0 03,05,1 03,06,0 S7
00,06,1 00,07,0 00,07,1 00,08,0 00,08,1 00,09,0 01,06,0 L7
01,07,1 02,07,0 02,07,1 03,06,1 03,07,0 03,07,1 03,08,0 T7
00,09,1 00,10,0 01,08,0 01,08,1 01,09,0 01,09,1 02,08,0 X7
00,10,1 00,11,0 01,10,0 01,10,1 02,10,0 02,10,1 02,11,0 C7
02,08,1 02,09,0 02,09,1 03,08,1 03,09,0 03,09,1 03,10,0 Z7

                           /\
                          /  \
                         /    \
                        /      \
                       /\      /\
                      /  \____/  \
                     /\          /\
                    /  \________/  \
                   /\      /       /
                  /  \    /       /
                 /   /    \  /\  /   /\
                /   /______\/  \/   /  \
               /   /\          /   /   /\
              /   /  \____    /   /   /  \
             /\   \       \  /   /    \   \
            /  \___\____   \/   /   ___\   \
           /           /   /   /\  /   /    \
          /___________/___/   /  \/   /   ___\
                              \       \  /   /\
        ____________________   \_______\/   /  \
       /    \      /       /\   \   \       \   \
      /      \    /   ____/  \   \   \____   \   \
     /   /\  /\   \   \       \   \       \  /\   \
    /   /  \/  \   \   \    ___\   \____   \/  \   \
   /\  /\      /   /\  /\   \   \   \   \  /\   \   \
  /  \/  \    /___/  \/  \___\   \   \   \/  \   \___\
 /        \   \          /        \   \       \       \
/__________\___\________/__________\   \_______\_______\

solution 5 (1,368,539 searches):
00,11,1 00,12,0 00,12,1 00,13,0 01,11,0 01,11,1 01,12,0 D7
05,05,1 05,06,0 05,06,1 05,07,0 05,07,1 05,08,0 06,06,0 E7
06,06,1 06,07,0 07,04,1 07,05,0 07,05,1 07,06,0 08,05,0 H7
05,04,1 05,05,0 06,04,0 06,04,1 06,05,0 06,05,1 07,04,0 A7
06,00,0 06,00,1 06,01,1 07,00,0 07,00,1 07,01,0 08,00,0 G7
10,01,1 10,02,0 11,00,1 11,01,0 12,00,0 12,00,1 13,00,0 R7
09,03,1 09,04,0 10,02,1 10,03,0 11,01,1 11,02,0 12,01,0 I7
08,01,1 09,00,1 09,01,0 10,00,0 10,00,1 10,01,0 11,00,0 U7
06,03,1 07,02,1 07,03,0 08,02,0 08,02,1 09,01,1 09,02,0 N7
07,03,1 08,03,0 08,03,1 08,04,0 08,04,1 09,02,1 09,03,0 W7
00,00,0 00,00,1 00,01,0 01,00,0 01,00,1 02,00,0 02,00,1 P7
00,05,0 00,05,1 00,06,0 00,06,1 00,07,0 01,05,0 01,06,0 M7
01,05,1 01,06,1 02,05,0 02,05,1 02,06,0 03,05,0 03,05,1 Y7
02,09,0 02,09,1 02,10,1 02,11,0 03,09,0 03,09,1 03,10,0 V7
00,10,0 00,10,1 00,11,0 01,09,1 01,10,0 01,10,1 02,10,0 X7
02,06,1 03,06,0 03,06,1 03,07,0 03,07,1 03,08,0 03,08,1 L7
01,08,0 01,08,1 01,09,0 02,07,0 02,07,1 02,08,0 02,08,1 B7
00,07,1 00,08,0 00,08,1 00,09,0 00,09,1 01,07,0 01,07,1 J7
05,00,1 05,01,0 05,01,1 05,02,0 05,02,1 06,01,0 06,02,0 F7
03,03,1 04,01,1 04,02,0 04,02,1 04,03,0 04,03,1 05,03,0 T7
03,01,1 03,02,0 03,02,1 04,00,0 04,00,1 04,01,0 05,00,0 Q7
01,02,1 01,03,1 02,02,0 02,02,1 02,03,0 02,03,1 03,03,0 Z7
01,01,1 01,02,0 02,01,0 02,01,1 03,00,0 03,00,1 03,01,0 S7
00,01,1 00,02,0 00,02,1 00,03,0 00,03,1 01,01,0 01,03,0 C7

                           /\
                          /  \
                         /    \
                        /      \
                       /\      /\
                      /  \____/  \
                     /        \   \
                    /___    ___\   \
                   /   /\  /       /
                  /   /  \/_______/
                 /   /       /   /   /\
                /   /___    /   /   /  \
               /\      /   /   /   /   /\
              /  \____/___/   /   /   /  \
             /    \   \      /   /    \   \
            /   ___\   \____/   /   ___\   \
           /    \          /   /\  /   /    \
          /______\________/   /  \/   /   ___\
                              \       \  /   /\
        ____________________   \_______\/   /  \
       /    \       \       \   \   \       \   \
      /   ___\    ___\    ___\   \   \____   \   \
     /   /\      /   /   /    \   \       \  /\   \
    /   /  \____/   /   /   ___\   \____   \/  \   \
   /\   \       \   \  /    \   \   \   \  /\   \   \
  /  \___\____   \   \/   ___\   \   \   \/  \   \___\
 /           /   /    \  /        \   \       \       \
/___________/___/______\/__________\   \_______\_______\

solution 6 (1,453,941 searches):
00,11,1 00,12,0 00,12,1 00,13,0 01,11,0 01,11,1 01,12,0 D7
05,05,1 05,06,0 05,06,1 05,07,0 05,07,1 05,08,0 06,06,0 E7
06,06,1 06,07,0 07,04,1 07,05,0 07,05,1 07,06,0 08,05,0 H7
05,04,1 05,05,0 06,04,0 06,04,1 06,05,0 06,05,1 07,04,0 A7
06,00,1 06,01,1 06,02,0 07,00,0 07,00,1 07,01,0 08,00,0 G7
11,00,0 11,00,1 11,01,0 12,00,0 12,00,1 12,01,0 13,00,0 M7
00,00,0 00,00,1 00,01,0 01,00,0 01,00,1 02,00,0 02,00,1 P7
00,05,0 00,05,1 01,05,0 01,05,1 01,06,0 01,06,1 01,07,0 R7
00,06,0 00,06,1 00,07,0 00,07,1 00,08,0 00,08,1 00,09,0 I7
02,05,0 02,05,1 02,06,0 03,05,0 03,05,1 03,06,0 03,06,1 U7
06,03,1 07,02,1 07,03,0 07,03,1 08,03,0 08,03,1 08,04,0 Q7
08,04,1 09,02,0 09,02,1 09,03,0 09,03,1 09,04,0 10,03,0 T7
10,00,1 10,01,0 10,01,1 10,02,0 10,02,1 11,01,1 11,02,0 J7
08,01,1 08,02,0 08,02,1 09,00,1 09,01,0 09,01,1 10,00,0 F7
02,06,1 02,07,0 02,07,1 03,07,0 03,07,1 03,08,0 03,08,1 N7
00,09,1 01,07,1 01,08,0 01,08,1 01,09,0 02,08,0 02,08,1 W7
00,10,0 00,10,1 00,11,0 01,09,1 01,10,0 01,10,1 02,10,0 X7
02,09,0 02,09,1 02,10,1 02,11,0 03,09,0 03,09,1 03,10,0 V7
04,00,1 05,00,0 05,00,1 05,01,0 05,01,1 06,00,0 06,01,0 Z7
02,01,0 02,01,1 03,00,0 03,00,1 03,01,0 03,01,1 04,00,0 B7
03,02,0 03,02,1 04,01,0 04,01,1 04,02,0 04,02,1 05,02,0 Y7
02,03,1 03,03,0 03,03,1 04,03,0 04,03,1 05,02,1 05,03,0 L7
00,01,1 00,02,0 00,02,1 00,03,0 00,03,1 01,01,0 01,03,0 C7
01,01,1 01,02,0 01,02,1 01,03,1 02,02,0 02,02,1 02,03,0 S7

                           /\
                          /  \
                         /    \
                        /      \
                       /\      /\
                      /  \____/  \
                     /        \   \
                    /___    ___\   \
                   /\   \  /       /
                  /  \   \/_______/
                 /   /       /   /   /\
                /   /   ____/   /   /  \
               /   /\  /       /   /   /\
              /   /  \/   ____/   /   /  \
             /   /   /\  /   /   /    \   \
            /___/   /  \/   /   /   ___\   \
           /       /       /   /\  /   /    \
          /_______/_______/   /  \/   /   ___\
                              \       \  /\   \
        ____________________   \_______\/  \   \
       /    \   \           \   \          /    \
      /   ___\   \________   \   \    ____/   ___\
     /   /       /        \  /\   \  /   /   /    \
    /   /   ____/___    ___\/  \   \/   /___/      \
   /\   \  /       /   /    \   \   \      /   /\  /\
  /  \___\/___    /___/   ___\   \   \    /   /  \/  \
 /           /    \       \       \   \   \  /        \
/___________/______\_______\_______\   \___\/__________\

solution 7 (1,453,943 searches):
00,11,1 00,12,0 00,12,1 00,13,0 01,11,0 01,11,1 01,12,0 D7
05,05,1 05,06,0 05,06,1 05,07,0 05,07,1 05,08,0 06,06,0 E7
06,06,1 06,07,0 07,04,1 07,05,0 07,05,1 07,06,0 08,05,0 H7
05,04,1 05,05,0 06,04,0 06,04,1 06,05,0 06,05,1 07,04,0 A7
06,00,1 06,01,1 06,02,0 07,00,0 07,00,1 07,01,0 08,00,0 G7
11,00,0 11,00,1 11,01,0 12,00,0 12,00,1 12,01,0 13,00,0 M7
00,00,0 00,00,1 00,01,0 01,00,0 01,00,1 02,00,0 02,00,1 P7
00,05,0 00,05,1 01,05,0 01,05,1 01,06,0 01,06,1 01,07,0 R7
00,06,0 00,06,1 00,07,0 00,07,1 00,08,0 00,08,1 00,09,0 I7
02,05,0 02,05,1 02,06,0 03,05,0 03,05,1 03,06,0 03,06,1 U7
06,03,1 07,02,1 07,03,0 07,03,1 08,03,0 08,03,1 08,04,0 Q7
08,04,1 09,02,0 09,02,1 09,03,0 09,03,1 09,04,0 10,03,0 T7
10,00,1 10,01,0 10,01,1 10,02,0 10,02,1 11,01,1 11,02,0 J7
08,01,1 08,02,0 08,02,1 09,00,1 09,01,0 09,01,1 10,00,0 F7
02,06,1 02,07,0 02,07,1 03,07,0 03,07,1 03,08,0 03,08,1 N7
00,09,1 01,07,1 01,08,0 01,08,1 01,09,0 02,08,0 02,08,1 W7
00,10,0 00,10,1 00,11,0 01,09,1 01,10,0 01,10,1 02,10,0 X7
02,09,0 02,09,1 02,10,1 02,11,0 03,09,0 03,09,1 03,10,0 V7
04,00,1 05,00,0 05,00,1 05,01,0 05,01,1 06,00,0 06,01,0 Z7
02,01,0 02,01,1 03,00,0 03,00,1 03,01,0 03,01,1 04,00,0 B7
03,02,0 03,02,1 04,01,0 04,01,1 04,02,0 04,02,1 05,02,0 Y7
02,03,1 03,03,0 03,03,1 04,03,0 04,03,1 05,02,1 05,03,0 L7
00,02,1 00,03,0 00,03,1 01,03,0 01,03,1 02,02,1 02,03,0 C7
00,01,1 00,02,0 01,01,0 01,01,1 01,02,0 01,02,1 02,02,0 S7

                           /\
                          /  \
                         /    \
                        /      \
                       /\      /\
                      /  \____/  \
                     /        \   \
                    /___    ___\   \
                   /\   \  /       /
                  /  \   \/_______/
                 /   /       /   /   /\
                /   /   ____/   /   /  \
               /   /\  /       /   /   /\
              /   /  \/   ____/   /   /  \
             /   /   /\  /   /   /    \   \
            /___/   /  \/   /   /   ___\   \
           /       /       /   /\  /   /    \
          /_______/_______/   /  \/   /   ___\
                              \       \  /\   \
        ____________________   \_______\/  \   \
       /        \           \   \          /    \
      /   ____   \________   \   \    ____/   ___\
     /\  /    \  /        \  /\   \  /   /   /    \
    /  \/   ___\/___    ___\/  \   \/   /___/      \
   /\      /       /   /    \   \   \      /   /\  /\
  /  \____/___    /___/   ___\   \   \    /   /  \/  \
 /           /    \       \       \   \   \  /        \
/___________/______\_______\_______\   \___\/__________\

solution 8 (1,515,696 searches):
00,11,1 00,12,0 00,12,1 00,13,0 01,11,0 01,11,1 01,12,0 D7
05,05,1 05,06,0 05,06,1 05,07,0 05,07,1 05,08,0 06,06,0 E7
06,06,1 06,07,0 07,04,1 07,05,0 07,05,1 07,06,0 08,05,0 H7
05,04,1 05,05,0 06,04,0 06,04,1 06,05,0 06,05,1 07,04,0 A7
06,00,1 06,01,1 06,02,0 07,00,0 07,00,1 07,01,0 08,00,0 G7
11,01,0 11,01,1 11,02,0 12,00,0 12,00,1 12,01,0 13,00,0 M7
00,00,0 00,00,1 00,01,0 01,00,0 01,00,1 02,00,0 02,00,1 P7
00,05,0 00,05,1 01,05,0 01,05,1 01,06,0 01,06,1 01,07,0 R7
00,06,0 00,06,1 00,07,0 00,07,1 00,08,0 00,08,1 00,09,0 I7
02,05,0 02,05,1 02,06,0 03,05,0 03,05,1 03,06,0 03,06,1 U7
06,03,1 07,02,1 07,03,0 08,01,1 08,02,0 09,01,0 09,01,1 L7
09,00,1 10,00,0 10,00,1 10,01,0 10,01,1 11,00,0 11,00,1 Y7
07,03,1 08,02,1 08,03,0 08,03,1 08,04,0 09,02,0 09,03,0 B7
08,04,1 09,02,1 09,03,1 09,04,0 10,02,0 10,02,1 10,03,0 J7
02,06,1 02,07,0 02,07,1 03,07,0 03,07,1 03,08,0 03,08,1 N7
00,09,1 01,07,1 01,08,0 01,08,1 01,09,0 02,08,0 02,08,1 W7
00,10,0 00,10,1 00,11,0 01,09,1 01,10,0 01,10,1 02,10,0 X7
02,09,0 02,09,1 02,10,1 02,11,0 03,09,0 03,09,1 03,10,0 V7
05,00,1 05,01,0 05,01,1 05,02,0 05,02,1 06,00,0 06,01,0 F7
03,03,1 04,01,1 04,02,0 04,02,1 04,03,0 04,03,1 05,03,0 T7
03,01,1 03,02,0 03,02,1 04,00,0 04,00,1 04,01,0 05,00,0 Q7
01,02,1 01,03,1 02,02,0 02,02,1 02,03,0 02,03,1 03,03,0 Z7
01,01,1 01,02,0 02,01,0 02,01,1 03,00,0 03,00,1 03,01,0 S7
00,01,1 00,02,0 00,02,1 00,03,0 00,03,1 01,01,0 01,03,0 C7

                           /\
                          /  \
                         /    \
                        /      \
                       /\      /\
                      /  \____/  \
                     /        \   \
                    /___    ___\   \
                   /\   \  /       /
                  /  \   \/_______/
                 /   /       /   /   /\
                /   /   ____/   /   /  \
               /   /\  /       /   /   /\
              /   /  \/   ____/   /   /  \
             /   /   /\  /   /   /    \   \
            /___/   /  \/   /   /   ___\   \
           /       /       /   /\  /   /    \
          /_______/_______/   /  \/   /   ___\
                              \       \  /\   \
        ____________________   \_______\/  \   \
       /    \       \       \   \   \       \   \
      /   ___\    ___\    ___\   \   \    ___\   \
     /   /\      /   /   /   /\   \   \   \      /\
    /   /  \____/   /   /   /  \   \   \___\____/  \
   /\   \       \   \  /    \   \   \      /   /    \
  /  \___\____   \   \/   ___\   \   \____/   /___   \
 /           /   /    \   \       \   \          /    \
/___________/___/______\___\_______\   \________/______\

solution 9 (1,516,856 searches):
00,11,1 00,12,0 00,12,1 00,13,0 01,11,0 01,11,1 01,12,0 D7
05,05,1 05,06,0 05,06,1 05,07,0 05,07,1 05,08,0 06,06,0 E7
06,06,1 06,07,0 07,04,1 07,05,0 07,05,1 07,06,0 08,05,0 H7
05,04,1 05,05,0 06,04,0 06,04,1 06,05,0 06,05,1 07,04,0 A7
06,00,1 06,01,1 06,02,0 07,00,0 07,00,1 07,01,0 08,00,0 G7
11,01,0 11,01,1 11,02,0 12,00,0 12,00,1 12,01,0 13,00,0 M7
00,00,0 00,00,1 00,01,0 01,00,0 01,00,1 02,00,0 02,00,1 P7
00,05,0 00,05,1 01,05,0 01,05,1 01,06,0 01,06,1 01,07,0 R7
00,06,0 00,06,1 00,07,0 00,07,1 00,08,0 00,08,1 00,09,0 I7
02,05,0 02,05,1 02,06,0 03,05,0 03,05,1 03,06,0 03,06,1 U7
06,03,1 07,02,1 07,03,0 07,03,1 08,03,0 08,03,1 08,04,0 Q7
08,04,1 09,02,0 09,02,1 09,03,0 09,03,1 09,04,0 10,03,0 T7
10,00,1 10,01,0 10,01,1 10,02,0 10,02,1 11,00,0 11,00,1 J7
08,01,1 08,02,0 08,02,1 09,00,1 09,01,0 09,01,1 10,00,0 F7
02,06,1 02,07,0 02,07,1 03,07,0 03,07,1 03,08,0 03,08,1 N7
00,09,1 01,07,1 01,08,0 01,08,1 01,09,0 02,08,0 02,08,1 W7
00,10,0 00,10,1 00,11,0 01,09,1 01,10,0 01,10,1 02,10,0 X7
02,09,0 02,09,1 02,10,1 02,11,0 03,09,0 03,09,1 03,10,0 V7
04,00,1 05,00,0 05,00,1 05,01,0 05,01,1 06,00,0 06,01,0 Z7
02,01,0 02,01,1 03,00,0 03,00,1 03,01,0 03,01,1 04,00,0 B7
03,02,0 03,02,1 04,01,0 04,01,1 04,02,0 04,02,1 05,02,0 Y7
02,03,1 03,03,0 03,03,1 04,03,0 04,03,1 05,02,1 05,03,0 L7
00,01,1 00,02,0 00,02,1 00,03,0 00,03,1 01,01,0 01,03,0 C7
01,01,1 01,02,0 01,02,1 01,03,1 02,02,0 02,02,1 02,03,0 S7

                           /\
                          /  \
                         /    \
                        /      \
                       /\      /\
                      /  \____/  \
                     /        \   \
                    /___    ___\   \
                   /\   \  /       /
                  /  \   \/_______/
                 /   /       /   /   /\
                /   /   ____/   /   /  \
               /   /\  /       /   /   /\
              /   /  \/   ____/   /   /  \
             /   /   /\  /   /   /    \   \
            /___/   /  \/   /   /   ___\   \
           /       /       /   /\  /   /    \
          /_______/_______/   /  \/   /   ___\
                              \       \  /\   \
        ____________________   \_______\/  \   \
       /    \   \           \   \          /    \
      /   ___\   \________   \   \    ____/   ___\
     /   /       /        \  /\   \  /   /   /   /\
    /   /   ____/___    ___\/  \   \/   /___/   /  \
   /\   \  /       /   /    \   \   \      /   /    \
  /  \___\/___    /___/   ___\   \   \    /   /___   \
 /           /    \       \       \   \   \      /    \
/___________/______\_______\_______\   \___\____/______\

solution 10 (1,516,858 searches):
00,11,1 00,12,0 00,12,1 00,13,0 01,11,0 01,11,1 01,12,0 D7
05,05,1 05,06,0 05,06,1 05,07,0 05,07,1 05,08,0 06,06,0 E7
06,06,1 06,07,0 07,04,1 07,05,0 07,05,1 07,06,0 08,05,0 H7
05,04,1 05,05,0 06,04,0 06,04,1 06,05,0 06,05,1 07,04,0 A7
06,00,1 06,01,1 06,02,0 07,00,0 07,00,1 07,01,0 08,00,0 G7
11,01,0 11,01,1 11,02,0 12,00,0 12,00,1 12,01,0 13,00,0 M7
00,00,0 00,00,1 00,01,0 01,00,0 01,00,1 02,00,0 02,00,1 P7
00,05,0 00,05,1 01,05,0 01,05,1 01,06,0 01,06,1 01,07,0 R7
00,06,0 00,06,1 00,07,0 00,07,1 00,08,0 00,08,1 00,09,0 I7
02,05,0 02,05,1 02,06,0 03,05,0 03,05,1 03,06,0 03,06,1 U7
06,03,1 07,02,1 07,03,0 07,03,1 08,03,0 08,03,1 08,04,0 Q7
08,04,1 09,02,0 09,02,1 09,03,0 09,03,1 09,04,0 10,03,0 T7
10,00,1 10,01,0 10,01,1 10,02,0 10,02,1 11,00,0 11,00,1 J7
08,01,1 08,02,0 08,02,1 09,00,1 09,01,0 09,01,1 10,00,0 F7
02,06,1 02,07,0 02,07,1 03,07,0 03,07,1 03,08,0 03,08,1 N7
00,09,1 01,07,1 01,08,0 01,08,1 01,09,0 02,08,0 02,08,1 W7
00,10,0 00,10,1 00,11,0 01,09,1 01,10,0 01,10,1 02,10,0 X7
02,09,0 02,09,1 02,10,1 02,11,0 03,09,0 03,09,1 03,10,0 V7
04,00,1 05,00,0 05,00,1 05,01,0 05,01,1 06,00,0 06,01,0 Z7
02,01,0 02,01,1 03,00,0 03,00,1 03,01,0 03,01,1 04,00,0 B7
03,02,0 03,02,1 04,01,0 04,01,1 04,02,0 04,02,1 05,02,0 Y7
02,03,1 03,03,0 03,03,1 04,03,0 04,03,1 05,02,1 05,03,0 L7
00,02,1 00,03,0 00,03,1 01,03,0 01,03,1 02,02,1 02,03,0 C7
00,01,1 00,02,0 01,01,0 01,01,1 01,02,0 01,02,1 02,02,0 S7

                           /\
                          /  \
                         /    \
                        /      \
                       /\      /\
                      /  \____/  \
                     /        \   \
                    /___    ___\   \
                   /\   \  /       /
                  /  \   \/_______/
                 /   /       /   /   /\
                /   /   ____/   /   /  \
               /   /\  /       /   /   /\
              /   /  \/   ____/   /   /  \
             /   /   /\  /   /   /    \   \
            /___/   /  \/   /   /   ___\   \
           /       /       /   /\  /   /    \
          /_______/_______/   /  \/   /   ___\
                              \       \  /\   \
        ____________________   \_______\/  \   \
       /        \           \   \          /    \
      /   ____   \________   \   \    ____/   ___\
     /\  /    \  /        \  /\   \  /   /   /   /\
    /  \/   ___\/___    ___\/  \   \/   /___/   /  \
   /\      /       /   /    \   \   \      /   /    \
  /  \____/___    /___/   ___\   \   \    /   /___   \
 /           /    \       \       \   \   \      /    \
/___________/______\_______\_______\   \___\____/______\

User-requested solution limit reached.
10 solutions, 1,516,858 searches, duration 0:00:49.532908
