solving Heptiamonds7x12:

solution 1:
00,0,0 00,0,1 00,1,0 00,1,1 01,0,0 01,0,1 01,1,0 D7
09,6,0 09,6,1 10,5,1 10,6,0 10,6,1 11,6,0 11,6,1 E7
10,4,1 10,5,0 11,3,1 11,4,0 11,4,1 11,5,0 11,5,1 G7
01,1,1 02,0,0 02,0,1 02,1,0 03,0,0 03,0,1 03,1,0 A7
00,2,0 00,2,1 00,3,0 00,3,1 00,4,0 01,3,0 01,3,1 H7
01,2,0 01,2,1 02,1,1 02,2,0 02,2,1 03,1,1 03,2,0 F7
04,0,0 04,0,1 04,1,0 04,1,1 04,2,0 04,2,1 04,3,0 I7
05,0,0 05,0,1 05,1,0 05,1,1 05,2,0 05,2,1 06,2,0 L7
06,0,0 06,0,1 06,1,0 06,1,1 07,1,0 07,1,1 07,2,0 N7
07,0,0 07,0,1 08,0,0 08,0,1 08,1,0 08,1,1 08,2,0 R7
09,0,0 09,0,1 09,1,0 09,1,1 09,2,0 10,0,0 10,1,0 M7
09,2,1 10,0,1 10,1,1 10,2,0 11,0,0 11,0,1 11,1,0 J7
10,2,1 10,3,1 10,4,0 11,1,1 11,2,0 11,2,1 11,3,0 U7
02,3,0 02,3,1 02,4,0 02,4,1 03,2,1 03,3,0 03,3,1 B7
00,4,1 00,5,0 00,5,1 00,6,0 00,6,1 01,4,0 01,6,0 C7
01,4,1 01,5,0 01,5,1 01,6,1 02,5,0 02,5,1 02,6,0 S7
02,6,1 03,4,0 03,4,1 03,5,0 03,5,1 03,6,0 04,4,0 Q7
04,3,1 05,3,0 05,3,1 05,4,0 05,4,1 06,2,1 06,3,0 W7
03,6,1 04,4,1 04,5,0 04,5,1 04,6,0 04,6,1 05,5,0 X7
08,3,1 08,4,0 08,4,1 08,5,0 09,3,0 09,3,1 10,3,0 V7
08,5,1 08,6,0 08,6,1 09,4,0 09,4,1 09,5,0 09,5,1 Z7
05,6,0 05,6,1 06,6,0 06,6,1 07,5,1 07,6,0 07,6,1 P7
07,2,1 07,3,0 07,3,1 07,4,0 07,4,1 08,2,1 08,3,0 Y7
05,5,1 06,3,1 06,4,0 06,4,1 06,5,0 06,5,1 07,5,0 T7

              ________________________________________________
             /    \   \   \      /           /   /           /
            /   ___\   \   \    /_______    /   /___    ____/
           /   /       /   /    \       \  /\      /\  /   /
          /   /   ____/   /   ___\    ___\/  \    /  \/   /
         /\   \  /   /    \  /   /   /   /   /   /\      /
        /  \___\/   /______\/   /   /   /   /___/  \    /
       /       /       /\       \  /    \       \   \  /
      /   ____/___    /  \____   \/      \_______\   \/
     /   /        \  /   /    \  /\  /\  /\   \      /
    /___/___       \/   /   ___\/  \/  \/  \   \    /
   /    \   \  /\  /   /   /       /   /    \   \  /
  /      \   \/  \/   /   /   ____/   /   ___\   \/
 /       /       /   /   /   /       /    \      /
/_______/_______/___/___/___/_______/______\____/


solution 2:
00,0,0 00,0,1 00,1,0 00,1,1 01,0,0 01,0,1 01,1,0 D7
09,6,0 09,6,1 10,5,1 10,6,0 10,6,1 11,6,0 11,6,1 E7
10,4,1 10,5,0 11,3,1 11,4,0 11,4,1 11,5,0 11,5,1 G7
01,1,1 02,0,0 02,0,1 02,1,0 03,0,0 03,0,1 03,1,0 A7
00,2,0 00,2,1 00,3,0 00,3,1 00,4,0 01,3,0 01,3,1 H7
01,2,0 01,2,1 02,1,1 02,2,0 02,2,1 03,1,1 03,2,0 F7
04,0,0 04,0,1 04,1,0 04,1,1 04,2,0 04,2,1 04,3,0 I7
05,0,0 05,0,1 05,1,0 05,1,1 05,2,0 05,2,1 06,2,0 L7
06,0,0 06,0,1 06,1,0 06,1,1 07,1,0 07,1,1 07,2,0 N7
07,0,0 07,0,1 08,0,0 08,0,1 08,1,0 08,1,1 08,2,0 R7
09,0,0 09,0,1 09,1,0 09,1,1 09,2,0 10,0,0 10,1,0 M7
09,2,1 10,0,1 10,1,1 10,2,0 11,0,0 11,0,1 11,1,0 J7
10,2,1 10,3,1 10,4,0 11,1,1 11,2,0 11,2,1 11,3,0 U7
02,3,0 02,3,1 02,4,0 02,4,1 03,2,1 03,3,0 03,3,1 B7
00,4,1 00,5,0 01,4,0 01,4,1 01,5,0 01,5,1 02,5,0 S7
00,5,1 00,6,0 00,6,1 01,6,0 01,6,1 02,5,1 02,6,0 C7
02,6,1 03,4,0 03,4,1 03,5,0 03,5,1 03,6,0 04,4,0 Q7
04,3,1 05,3,0 05,3,1 05,4,0 05,4,1 06,2,1 06,3,0 W7
03,6,1 04,4,1 04,5,0 04,5,1 04,6,0 04,6,1 05,5,0 X7
08,3,1 08,4,0 08,4,1 08,5,0 09,3,0 09,3,1 10,3,0 V7
08,5,1 08,6,0 08,6,1 09,4,0 09,4,1 09,5,0 09,5,1 Z7
05,6,0 05,6,1 06,6,0 06,6,1 07,5,1 07,6,0 07,6,1 P7
07,2,1 07,3,0 07,3,1 07,4,0 07,4,1 08,2,1 08,3,0 Y7
05,5,1 06,3,1 06,4,0 06,4,1 06,5,0 06,5,1 07,5,0 T7

              ________________________________________________
             /        \   \      /           /   /           /
            /   ____   \   \    /_______    /   /___    ____/
           /\  /    \  /   /    \       \  /\      /\  /   /
          /  \/   ___\/   /   ___\    ___\/  \    /  \/   /
         /\      /   /    \  /   /   /   /   /   /\      /
        /  \____/   /______\/   /   /   /   /___/  \    /
       /       /       /\       \  /    \       \   \  /
      /   ____/___    /  \____   \/      \_______\   \/
     /   /        \  /   /    \  /\  /\  /\   \      /
    /___/___       \/   /   ___\/  \/  \/  \   \    /
   /    \   \  /\  /   /   /       /   /    \   \  /
  /      \   \/  \/   /   /   ____/   /   ___\   \/
 /       /       /   /   /   /       /    \      /
/_______/_______/___/___/___/_______/______\____/


solution 3:
00,0,0 00,0,1 00,1,0 00,1,1 01,0,0 01,0,1 01,1,0 D7
09,6,0 09,6,1 10,5,1 10,6,0 10,6,1 11,6,0 11,6,1 E7
10,4,1 10,5,0 11,3,1 11,4,0 11,4,1 11,5,0 11,5,1 G7
01,1,1 02,0,0 02,0,1 02,1,0 03,0,0 03,0,1 03,1,0 A7
00,2,0 00,2,1 00,3,0 00,3,1 00,4,0 01,3,0 01,3,1 H7
01,2,0 01,2,1 02,1,1 02,2,0 02,2,1 03,1,1 03,2,0 F7
04,0,0 04,0,1 04,1,0 04,1,1 04,2,0 04,2,1 04,3,0 I7
05,0,0 05,0,1 05,1,0 05,1,1 05,2,0 05,2,1 06,2,0 L7
06,0,0 06,0,1 06,1,0 06,1,1 07,1,0 07,1,1 07,2,0 N7
07,0,0 07,0,1 08,0,0 08,0,1 08,1,0 08,1,1 08,2,0 R7
09,0,0 09,0,1 09,1,0 10,0,0 10,0,1 10,1,0 11,0,0 M7
09,1,1 09,2,0 09,2,1 10,1,1 10,2,0 11,0,1 11,1,0 J7
10,2,1 10,3,1 10,4,0 11,1,1 11,2,0 11,2,1 11,3,0 U7
02,3,0 02,3,1 02,4,0 02,4,1 03,2,1 03,3,0 03,3,1 B7
00,4,1 00,5,0 00,5,1 00,6,0 00,6,1 01,4,0 01,6,0 C7
01,4,1 01,5,0 01,5,1 01,6,1 02,5,0 02,5,1 02,6,0 S7
02,6,1 03,4,0 03,4,1 03,5,0 03,5,1 03,6,0 04,4,0 Q7
04,3,1 05,3,0 05,3,1 05,4,0 05,4,1 06,2,1 06,3,0 W7
03,6,1 04,4,1 04,5,0 04,5,1 04,6,0 04,6,1 05,5,0 X7
08,3,1 08,4,0 08,4,1 08,5,0 09,3,0 09,3,1 10,3,0 V7
08,5,1 08,6,0 08,6,1 09,4,0 09,4,1 09,5,0 09,5,1 Z7
05,6,0 05,6,1 06,6,0 06,6,1 07,5,1 07,6,0 07,6,1 P7
07,2,1 07,3,0 07,3,1 07,4,0 07,4,1 08,2,1 08,3,0 Y7
05,5,1 06,3,1 06,4,0 06,4,1 06,5,0 06,5,1 07,5,0 T7

              ________________________________________________
             /    \   \   \      /           /   /           /
            /   ___\   \   \    /_______    /   /___    ____/
           /   /       /   /    \       \  /\      /\  /   /
          /   /   ____/   /   ___\    ___\/  \    /  \/   /
         /\   \  /   /    \  /   /   /   /   /   /\      /
        /  \___\/   /______\/   /   /   /   /___/  \    /
       /       /       /\       \  /    \       \   \  /
      /   ____/___    /  \____   \/      \_______\   \/
     /   /        \  /   /    \  /\  /\  /    \      /
    /___/___       \/   /   ___\/  \/  \/      \    /
   /    \   \  /\  /   /   /       /   /\  /\   \  /
  /      \   \/  \/   /   /   ____/   /  \/  \   \/
 /       /       /   /   /   /       /        \  /
/_______/_______/___/___/___/_______/__________\/


solution 4:
00,0,0 00,0,1 00,1,0 00,1,1 01,0,0 01,0,1 01,1,0 D7
09,6,0 09,6,1 10,5,1 10,6,0 10,6,1 11,6,0 11,6,1 E7
10,4,1 10,5,0 11,3,1 11,4,0 11,4,1 11,5,0 11,5,1 G7
01,1,1 02,0,0 02,0,1 02,1,0 03,0,0 03,0,1 03,1,0 A7
00,2,0 00,2,1 00,3,0 00,3,1 00,4,0 01,3,0 01,3,1 H7
01,2,0 01,2,1 02,1,1 02,2,0 02,2,1 03,1,1 03,2,0 F7
04,0,0 04,0,1 04,1,0 04,1,1 04,2,0 04,2,1 04,3,0 I7
05,0,0 05,0,1 05,1,0 05,1,1 05,2,0 05,2,1 06,2,0 L7
06,0,0 06,0,1 06,1,0 06,1,1 07,1,0 07,1,1 07,2,0 N7
07,0,0 07,0,1 08,0,0 08,0,1 08,1,0 08,1,1 08,2,0 R7
09,0,0 09,0,1 09,1,0 10,0,0 10,0,1 10,1,0 11,0,0 M7
09,1,1 09,2,0 09,2,1 10,1,1 10,2,0 11,0,1 11,1,0 J7
10,2,1 10,3,1 10,4,0 11,1,1 11,2,0 11,2,1 11,3,0 U7
02,3,0 02,3,1 02,4,0 02,4,1 03,2,1 03,3,0 03,3,1 B7
00,4,1 00,5,0 01,4,0 01,4,1 01,5,0 01,5,1 02,5,0 S7
00,5,1 00,6,0 00,6,1 01,6,0 01,6,1 02,5,1 02,6,0 C7
02,6,1 03,4,0 03,4,1 03,5,0 03,5,1 03,6,0 04,4,0 Q7
04,3,1 05,3,0 05,3,1 05,4,0 05,4,1 06,2,1 06,3,0 W7
03,6,1 04,4,1 04,5,0 04,5,1 04,6,0 04,6,1 05,5,0 X7
08,3,1 08,4,0 08,4,1 08,5,0 09,3,0 09,3,1 10,3,0 V7
08,5,1 08,6,0 08,6,1 09,4,0 09,4,1 09,5,0 09,5,1 Z7
05,6,0 05,6,1 06,6,0 06,6,1 07,5,1 07,6,0 07,6,1 P7
07,2,1 07,3,0 07,3,1 07,4,0 07,4,1 08,2,1 08,3,0 Y7
05,5,1 06,3,1 06,4,0 06,4,1 06,5,0 06,5,1 07,5,0 T7

              ________________________________________________
             /        \   \      /           /   /           /
            /   ____   \   \    /_______    /   /___    ____/
           /\  /    \  /   /    \       \  /\      /\  /   /
          /  \/   ___\/   /   ___\    ___\/  \    /  \/   /
         /\      /   /    \  /   /   /   /   /   /\      /
        /  \____/   /______\/   /   /   /   /___/  \    /
       /       /       /\       \  /    \       \   \  /
      /   ____/___    /  \____   \/      \_______\   \/
     /   /        \  /   /    \  /\  /\  /    \      /
    /___/___       \/   /   ___\/  \/  \/      \    /
   /    \   \  /\  /   /   /       /   /\  /\   \  /
  /      \   \/  \/   /   /   ____/   /  \/  \   \/
 /       /       /   /   /   /       /        \  /
/_______/_______/___/___/___/_______/__________\/


solution 5:
00,0,0 00,0,1 00,1,0 00,1,1 01,0,0 01,0,1 01,1,0 D7
09,6,0 09,6,1 10,5,1 10,6,0 10,6,1 11,6,0 11,6,1 E7
10,4,1 10,5,0 11,3,1 11,4,0 11,4,1 11,5,0 11,5,1 G7
01,1,1 02,0,0 02,0,1 02,1,0 03,0,0 03,0,1 03,1,0 A7
00,2,0 00,2,1 00,3,0 00,3,1 00,4,0 01,3,0 01,3,1 H7
01,2,0 01,2,1 02,1,1 02,2,0 02,2,1 03,1,1 03,2,0 F7
04,0,0 04,0,1 04,1,0 04,1,1 04,2,0 04,2,1 04,3,0 I7
05,0,0 05,0,1 05,1,0 05,1,1 05,2,0 05,2,1 06,2,0 L7
06,0,0 06,0,1 06,1,0 07,0,0 07,0,1 08,0,0 08,0,1 P7
06,1,1 06,2,1 07,1,0 07,1,1 07,2,0 07,2,1 08,1,0 B7
01,4,1 02,3,0 02,3,1 02,4,0 03,2,1 03,3,0 03,3,1 X7
00,4,1 00,5,0 00,5,1 00,6,0 00,6,1 01,4,0 01,6,0 C7
01,5,0 01,5,1 01,6,1 02,5,0 02,5,1 02,6,0 02,6,1 U7
02,4,1 03,4,0 03,4,1 04,3,1 04,4,0 05,3,0 05,3,1 N7
03,5,0 03,5,1 03,6,0 03,6,1 04,5,1 04,6,0 05,5,0 V7
04,4,1 04,5,0 05,4,0 05,4,1 06,3,0 06,3,1 06,4,0 S7
04,6,1 05,5,1 05,6,0 05,6,1 06,5,1 06,6,0 06,6,1 M7
08,1,1 08,2,0 09,0,0 09,0,1 09,1,0 09,1,1 10,1,0 W7
10,0,0 10,0,1 11,0,0 11,0,1 11,1,0 11,1,1 11,2,0 R7
09,3,1 09,4,0 09,4,1 10,3,1 10,4,0 11,2,1 11,3,0 J7
08,2,1 09,2,0 09,2,1 10,1,1 10,2,0 10,2,1 10,3,0 T7
06,4,1 06,5,0 07,3,0 07,3,1 07,4,0 07,4,1 07,5,0 Y7
07,5,1 08,3,0 08,3,1 08,4,0 08,4,1 08,5,0 09,3,0 Q7
07,6,0 07,6,1 08,5,1 08,6,0 08,6,1 09,5,0 09,5,1 Z7

              ________________________________________________
             /    \      /    \          /       /           /
            /   ___\    /      \        /___    /___    ____/
           /   /       /   /\   \  /\  /\   \      /\  /   /
          /   /_______/___/  \___\/  \/  \   \____/  \/   /
         /\   \   \       \       \      /   /    \      /
        /  \___\   \____   \____   \    /   /      \    /
       /       /       /\      /   /   /    \  /\   \  /
      /   ____/___    /  \____/___/___/______\/  \   \/
     /   /        \  /   /    \      /\          /\  /
    /___/___       \/   /   ___\    /  \____    /  \/
   /    \   \  /\  /   /   /\       \       \  /   /
  /      \   \/  \/   /   /  \_______\    ___\/   /
 /       /       /   /   /           /   /       /
/_______/_______/___/___/___________/___/_______/


solution 6:
00,0,0 00,0,1 00,1,0 00,1,1 01,0,0 01,0,1 01,1,0 D7
09,6,0 09,6,1 10,5,1 10,6,0 10,6,1 11,6,0 11,6,1 E7
10,4,1 10,5,0 11,3,1 11,4,0 11,4,1 11,5,0 11,5,1 G7
01,1,1 02,0,0 02,0,1 02,1,0 03,0,0 03,0,1 03,1,0 A7
00,2,0 00,2,1 00,3,0 00,3,1 00,4,0 01,3,0 01,3,1 H7
01,2,0 01,2,1 02,1,1 02,2,0 02,2,1 03,1,1 03,2,0 F7
04,0,0 04,0,1 04,1,0 04,1,1 04,2,0 04,2,1 04,3,0 I7
05,0,0 05,0,1 05,1,0 05,1,1 05,2,0 05,2,1 06,2,0 L7
06,0,0 06,0,1 06,1,0 07,0,0 07,0,1 08,0,0 08,0,1 P7
06,1,1 06,3,1 07,1,0 07,1,1 07,2,0 07,2,1 07,3,0 C7
03,4,1 04,3,1 04,4,0 05,3,0 05,3,1 06,2,1 06,3,0 N7
01,5,1 02,4,1 02,5,0 03,2,1 03,3,0 03,3,1 03,4,0 R7
00,4,1 00,5,0 01,4,0 01,4,1 02,3,0 02,3,1 02,4,0 S7
00,5,1 00,6,0 00,6,1 01,5,0 01,6,0 01,6,1 02,6,0 J7
02,5,1 02,6,1 03,5,0 03,5,1 03,6,0 04,4,1 04,5,0 Y7
03,6,1 04,5,1 04,6,0 04,6,1 05,5,1 05,6,0 05,6,1 M7
05,4,0 05,4,1 05,5,0 06,4,0 06,4,1 07,3,1 07,4,0 Q7
06,5,0 06,5,1 06,6,0 06,6,1 07,5,1 07,6,0 07,6,1 U7
08,5,0 08,5,1 08,6,0 08,6,1 09,4,1 09,5,0 09,5,1 B7
07,4,1 07,5,0 08,3,0 08,3,1 08,4,0 08,4,1 09,4,0 W7
09,3,0 09,3,1 10,3,0 10,3,1 10,4,0 11,2,1 11,3,0 T7
09,2,1 10,2,0 10,2,1 11,0,1 11,1,0 11,1,1 11,2,0 V7
09,1,1 09,2,0 10,0,0 10,0,1 10,1,0 10,1,1 11,0,0 X7
08,1,0 08,1,1 08,2,0 08,2,1 09,0,0 09,0,1 09,1,0 Z7

              ________________________________________________
             /        \   \          /       /   /           /
            /   _______\   \        /       /   /___    ____/
           /\   \   \       \  /\  /   /\  /       /\  /   /
          /  \___\   \____   \/  \/___/  \/___    /  \/   /
         /\       \   \   \  /        \       \  /\      /
        /  \____   \   \   \/_______   \    ___\/  \    /
       /       /   /   /\       \   \  /   /        \  /
      /   ____/___/   /  \____   \   \/___/_______   \/
     /   /        \  /   /    \  /   /   /\       \  /
    /___/___       \/   /   ___\/   /   /  \____   \/
   /    \   \  /\  /   /   /\      /    \      /   /
  /      \   \/  \/   /   /  \____/___   \    /   /
 /       /       /   /   /           /   /    \  /
/_______/_______/___/___/___________/___/______\/


solution 7:
00,0,0 00,0,1 00,1,0 00,1,1 01,0,0 01,0,1 01,1,0 D7
09,6,0 09,6,1 10,5,1 10,6,0 10,6,1 11,6,0 11,6,1 E7
10,4,1 10,5,0 11,3,1 11,4,0 11,4,1 11,5,0 11,5,1 G7
01,1,1 02,0,0 02,0,1 02,1,0 03,0,0 03,0,1 03,1,0 A7
00,2,0 00,2,1 00,3,0 00,3,1 00,4,0 01,3,0 01,3,1 H7
01,2,0 01,2,1 02,1,1 02,2,0 02,2,1 03,1,1 03,2,0 F7
04,0,0 04,0,1 04,1,0 04,1,1 04,2,0 04,2,1 04,3,0 I7
05,0,0 05,0,1 05,1,0 05,1,1 05,2,0 05,2,1 06,2,0 L7
06,0,0 06,0,1 06,1,0 07,0,0 07,0,1 08,0,0 08,0,1 P7
06,1,1 06,3,1 07,1,0 07,1,1 07,2,0 07,2,1 07,3,0 C7
03,4,1 04,3,1 04,4,0 05,3,0 05,3,1 06,2,1 06,3,0 N7
01,5,1 02,4,1 02,5,0 03,2,1 03,3,0 03,3,1 03,4,0 R7
00,4,1 00,5,0 01,4,0 01,4,1 02,3,0 02,3,1 02,4,0 S7
00,5,1 00,6,0 00,6,1 01,5,0 01,6,0 01,6,1 02,6,0 J7
02,5,1 02,6,1 03,5,0 03,5,1 03,6,0 04,4,1 04,5,0 Y7
03,6,1 04,5,1 04,6,0 04,6,1 05,5,1 05,6,0 05,6,1 M7
05,4,0 05,4,1 05,5,0 06,4,0 06,4,1 07,3,1 07,4,0 Q7
06,5,0 06,5,1 06,6,0 06,6,1 07,5,1 07,6,0 07,6,1 U7
08,5,0 08,5,1 08,6,0 08,6,1 09,4,1 09,5,0 09,5,1 B7
07,4,1 07,5,0 08,3,0 08,3,1 08,4,0 08,4,1 09,4,0 W7
09,3,0 09,3,1 10,2,1 10,3,0 10,3,1 10,4,0 11,3,0 X7
09,2,1 10,1,1 10,2,0 11,1,0 11,1,1 11,2,0 11,2,1 V7
09,1,1 09,2,0 10,0,0 10,0,1 10,1,0 11,0,0 11,0,1 T7
08,1,0 08,1,1 08,2,0 08,2,1 09,0,0 09,0,1 09,1,0 Z7

              ________________________________________________
             /        \   \          /       /   /           /
            /   _______\   \        /       /   /___    ____/
           /\   \   \       \  /\  /   /\  /       /\  /   /
          /  \___\   \____   \/  \/___/  \/___    /  \/   /
         /\       \   \   \  /        \       \  /\      /
        /  \____   \   \   \/_______   \    ___\/  \    /
       /       /   /   /\       \   \  /   /        \  /
      /   ____/___/   /  \____   \   \/___/___    ___\/
     /   /        \  /   /    \  /   /   /\   \  /   /
    /___/___       \/   /   ___\/   /   /  \   \/   /
   /    \   \  /\  /   /   /\      /    \   \      /
  /      \   \/  \/   /   /  \____/___   \   \____/
 /       /       /   /   /           /   /       /
/_______/_______/___/___/___________/___/_______/


solution 8:
00,0,0 00,0,1 00,1,0 00,1,1 01,0,0 01,0,1 01,1,0 D7
09,6,0 09,6,1 10,5,1 10,6,0 10,6,1 11,6,0 11,6,1 E7
10,4,1 10,5,0 11,3,1 11,4,0 11,4,1 11,5,0 11,5,1 G7
01,1,1 02,0,0 02,0,1 02,1,0 03,0,0 03,0,1 03,1,0 A7
00,2,0 00,2,1 00,3,0 00,3,1 00,4,0 01,3,0 01,3,1 H7
01,2,0 01,2,1 02,1,1 02,2,0 02,2,1 03,1,1 03,2,0 F7
04,0,0 04,0,1 04,1,0 04,1,1 04,2,0 04,2,1 04,3,0 I7
05,0,0 05,0,1 05,1,0 05,1,1 05,2,0 05,2,1 06,2,0 L7
06,0,0 06,0,1 06,1,0 07,0,0 07,0,1 08,0,0 08,0,1 P7
06,1,1 06,3,1 07,1,0 07,1,1 07,2,0 07,2,1 07,3,0 C7
03,4,1 04,3,1 04,4,0 05,3,0 05,3,1 06,2,1 06,3,0 N7
01,5,1 02,4,1 02,5,0 03,2,1 03,3,0 03,3,1 03,4,0 R7
00,4,1 00,5,0 01,4,0 01,4,1 02,3,0 02,3,1 02,4,0 S7
00,5,1 00,6,0 00,6,1 01,5,0 01,6,0 01,6,1 02,6,0 J7
02,5,1 02,6,1 03,5,0 03,5,1 03,6,0 04,4,1 04,5,0 Y7
03,6,1 04,5,1 04,6,0 04,6,1 05,5,1 05,6,0 06,5,0 U7
05,4,0 05,4,1 05,5,0 06,4,0 06,4,1 07,3,1 07,4,0 Q7
05,6,1 06,5,1 06,6,0 06,6,1 07,5,1 07,6,0 07,6,1 M7
08,5,0 08,5,1 08,6,0 08,6,1 09,4,1 09,5,0 09,5,1 B7
07,4,1 07,5,0 08,3,0 08,3,1 08,4,0 08,4,1 09,4,0 W7
09,3,0 09,3,1 10,3,0 10,3,1 10,4,0 11,2,1 11,3,0 T7
09,2,1 10,2,0 10,2,1 11,0,1 11,1,0 11,1,1 11,2,0 V7
09,1,1 09,2,0 10,0,0 10,0,1 10,1,0 10,1,1 11,0,0 X7
08,1,0 08,1,1 08,2,0 08,2,1 09,0,0 09,0,1 09,1,0 Z7

              ________________________________________________
             /        \   \       \          /   /           /
            /   _______\   \       \        /   /___    ____/
           /\   \   \       \  /\   \  /\  /       /\  /   /
          /  \___\   \____   \/  \___\/  \/___    /  \/   /
         /\       \   \   \  /        \       \  /\      /
        /  \____   \   \   \/_______   \    ___\/  \    /
       /       /   /   /\       \   \  /   /        \  /
      /   ____/___/   /  \____   \   \/___/_______   \/
     /   /        \  /   /    \  /   /   /\       \  /
    /___/___       \/   /   ___\/   /   /  \____   \/
   /    \   \  /\  /   /   /\      /    \      /   /
  /      \   \/  \/   /   /  \____/___   \    /   /
 /       /       /   /   /           /   /    \  /
/_______/_______/___/___/___________/___/______\/


solution 9:
00,0,0 00,0,1 00,1,0 00,1,1 01,0,0 01,0,1 01,1,0 D7
09,6,0 09,6,1 10,5,1 10,6,0 10,6,1 11,6,0 11,6,1 E7
10,4,1 10,5,0 11,3,1 11,4,0 11,4,1 11,5,0 11,5,1 G7
01,1,1 02,0,0 02,0,1 02,1,0 03,0,0 03,0,1 03,1,0 A7
00,2,0 00,2,1 00,3,0 00,3,1 00,4,0 01,3,0 01,3,1 H7
01,2,0 01,2,1 02,1,1 02,2,0 02,2,1 03,1,1 03,2,0 F7
04,0,0 04,0,1 04,1,0 04,1,1 04,2,0 04,2,1 04,3,0 I7
05,0,0 05,0,1 05,1,0 05,1,1 05,2,0 05,2,1 06,2,0 L7
06,0,0 06,0,1 06,1,0 07,0,0 07,0,1 08,0,0 08,0,1 P7
06,1,1 06,3,1 07,1,0 07,1,1 07,2,0 07,2,1 07,3,0 C7
03,4,1 04,3,1 04,4,0 05,3,0 05,3,1 06,2,1 06,3,0 N7
01,5,1 02,4,1 02,5,0 03,2,1 03,3,0 03,3,1 03,4,0 R7
00,4,1 00,5,0 01,4,0 01,4,1 02,3,0 02,3,1 02,4,0 S7
00,5,1 00,6,0 00,6,1 01,5,0 01,6,0 01,6,1 02,6,0 J7
02,5,1 02,6,1 03,5,0 03,5,1 03,6,0 04,4,1 04,5,0 Y7
03,6,1 04,5,1 04,6,0 04,6,1 05,5,1 05,6,0 06,5,0 U7
05,4,0 05,4,1 05,5,0 06,4,0 06,4,1 07,3,1 07,4,0 Q7
05,6,1 06,5,1 06,6,0 06,6,1 07,5,1 07,6,0 07,6,1 M7
08,5,0 08,5,1 08,6,0 08,6,1 09,4,1 09,5,0 09,5,1 B7
07,4,1 07,5,0 08,3,0 08,3,1 08,4,0 08,4,1 09,4,0 W7
09,3,0 09,3,1 10,2,1 10,3,0 10,3,1 10,4,0 11,3,0 X7
09,2,1 10,1,1 10,2,0 11,1,0 11,1,1 11,2,0 11,2,1 V7
09,1,1 09,2,0 10,0,0 10,0,1 10,1,0 11,0,0 11,0,1 T7
08,1,0 08,1,1 08,2,0 08,2,1 09,0,0 09,0,1 09,1,0 Z7

              ________________________________________________
             /        \   \       \          /   /           /
            /   _______\   \       \        /   /___    ____/
           /\   \   \       \  /\   \  /\  /       /\  /   /
          /  \___\   \____   \/  \___\/  \/___    /  \/   /
         /\       \   \   \  /        \       \  /\      /
        /  \____   \   \   \/_______   \    ___\/  \    /
       /       /   /   /\       \   \  /   /        \  /
      /   ____/___/   /  \____   \   \/___/___    ___\/
     /   /        \  /   /    \  /   /   /\   \  /   /
    /___/___       \/   /   ___\/   /   /  \   \/   /
   /    \   \  /\  /   /   /\      /    \   \      /
  /      \   \/  \/   /   /  \____/___   \   \____/
 /       /       /   /   /           /   /       /
/_______/_______/___/___/___________/___/_______/


solution 10:
00,0,0 00,0,1 00,1,0 00,1,1 01,0,0 01,0,1 01,1,0 D7
09,6,0 09,6,1 10,5,1 10,6,0 10,6,1 11,6,0 11,6,1 E7
10,4,1 10,5,0 11,3,1 11,4,0 11,4,1 11,5,0 11,5,1 G7
01,1,1 02,0,0 02,0,1 02,1,0 03,0,0 03,0,1 03,1,0 A7
00,2,0 00,2,1 00,3,0 00,3,1 00,4,0 01,3,0 01,3,1 H7
01,2,0 01,2,1 02,1,1 02,2,0 02,2,1 03,1,1 03,2,0 F7
04,0,0 04,0,1 04,1,0 04,1,1 04,2,0 04,2,1 04,3,0 I7
05,0,0 05,0,1 05,1,0 05,1,1 05,2,0 05,2,1 06,2,0 L7
06,0,0 06,0,1 06,1,0 07,0,0 07,0,1 08,0,0 08,0,1 P7
06,1,1 06,3,1 07,1,0 07,1,1 07,2,0 07,2,1 07,3,0 C7
04,3,1 05,3,0 05,3,1 05,4,0 05,4,1 06,2,1 06,3,0 W7
02,4,1 02,5,0 02,5,1 03,2,1 03,3,0 03,3,1 03,4,0 N7
01,4,0 01,4,1 01,5,0 01,5,1 02,3,0 02,3,1 02,4,0 Z7
00,4,1 00,5,0 00,5,1 00,6,0 00,6,1 01,6,0 01,6,1 R7
02,6,0 02,6,1 03,4,1 03,5,0 03,5,1 03,6,0 04,4,0 S7
03,6,1 04,4,1 04,5,0 04,5,1 04,6,0 04,6,1 05,6,0 T7
05,5,0 05,5,1 06,4,0 06,4,1 06,5,0 06,5,1 07,4,0 B7
05,6,1 06,6,0 06,6,1 07,4,1 07,5,0 07,5,1 07,6,0 V7
07,6,1 08,5,1 08,6,0 08,6,1 09,4,1 09,5,0 09,5,1 M7
08,4,1 08,5,0 09,3,1 09,4,0 10,3,0 10,3,1 10,4,0 J7
09,2,1 10,1,1 10,2,0 10,2,1 11,2,0 11,2,1 11,3,0 Q7
10,0,0 10,0,1 10,1,0 11,0,0 11,0,1 11,1,0 11,1,1 U7
08,1,0 08,1,1 09,0,0 09,0,1 09,1,0 09,1,1 09,2,0 Y7
07,3,1 08,2,0 08,2,1 08,3,0 08,3,1 08,4,0 09,3,0 X7

              ________________________________________________
             /       /    \       \       \      /           /
            /   ____/___   \    ___\____   \    /___    ____/
           /   /   /   /   /   /       /   /\      /\  /   /
          /   /   /   /   /   /___    /   /  \    /  \/   /
         /\  /    \   \   \  /   /    \  /\   \  /\      /
        /  \/___   \   \___\/   /______\/  \   \/  \    /
       /       /   /   /\       \   \       \      /\  /
      /   ____/___/   /  \____   \   \    ___\____/  \/
     /   /        \  /   /    \  /   /   /\          /
    /___/___       \/   /   ___\/   /___/  \    ____/
   /    \   \  /\  /   /   /\      /       /\  /   /
  /      \   \/  \/   /   /  \____/___    /  \/   /
 /       /       /   /   /           /   /       /
/_______/_______/___/___/___________/___/_______/


