solving HexatwigsTrefoil12:

solution 1 (48,522,612 searches):
02,00,0 02,00,1 02,01,0 02,01,2 03,00,1 03,00,2 O06
03,00,0 03,01,0 04,00,1 04,00,2 04,01,1 04,01,2 F06
04,00,0 05,00,0 05,00,2 05,01,0 06,00,1 06,00,2 J06
04,01,0 04,02,0 04,02,1 05,00,1 05,01,1 05,01,2 C06
02,01,1 02,02,0 02,02,1 02,02,2 02,03,1 02,03,2 H16
03,01,1 03,01,2 03,02,0 03,02,1 03,02,2 04,02,2 H06
02,03,0 02,04,0 02,04,2 03,03,1 03,03,2 03,04,2 Q26
03,03,0 04,03,0 04,03,2 05,03,0 05,03,2 06,03,2 I06
09,03,0 09,03,2 10,02,0 10,02,1 11,02,1 11,02,2 S06
09,04,0 09,04,1 09,04,2 10,03,0 10,03,1 10,03,2 U06
07,04,0 08,03,0 08,03,1 09,02,0 09,02,1 10,02,2 L06
08,04,0 08,04,1 08,04,2 08,05,0 08,05,2 09,03,1 R06
07,05,0 07,05,1 07,05,2 07,06,0 07,06,2 08,05,1 Q16
07,02,0 08,02,0 08,02,1 08,02,2 08,03,2 09,02,2 Y16
06,04,0 06,04,2 07,03,0 07,03,1 07,04,1 07,04,2 Y06
05,04,0 05,04,1 06,03,0 06,03,1 07,02,1 07,03,2 L16
04,05,0 04,05,1 04,05,2 05,05,0 05,05,2 06,04,1 S26
03,05,0 04,04,0 04,04,1 04,04,2 05,03,1 05,04,2 X06
03,04,0 03,04,1 03,05,1 03,05,2 03,06,2 04,03,1 W06
03,08,0 04,06,0 04,06,1 04,07,1 04,07,2 05,05,1 S16
02,07,0 02,07,2 03,06,0 03,06,1 03,07,2 04,06,2 R16
02,08,0 02,08,1 02,08,2 02,09,2 03,07,0 03,07,1 L26
01,10,0 01,10,2 02,09,0 02,09,1 03,08,1 03,08,2 M06
00,10,0 00,10,1 00,11,0 00,11,2 01,09,1 01,10,1 Q06
00,09,0 00,09,1 00,09,2 00,10,2 01,09,0 01,09,2 Y26
00,07,0 00,07,1 00,08,1 00,08,2 01,07,0 01,07,2 V06
00,08,0 01,07,1 01,08,0 01,08,1 01,08,2 02,07,1 X16

  _Q06
 Q06  Q06
/      \_M06
Q06    M06  M06
 \_Q06/      \_M06
 Y26  Q06    L26  M06
/      \_Y26/      \_S16                    _Q16
Y26    Y26  L26    M06  S16                Q16  Q16
 \_Y26/      \_L26/      \                /      \_R06
 Y26  X16    L26  L26    S16              Q16    R06  U06
/      \_X16/      \_L26/                  \_Q16/      \_U06
V06    X16  X16    R16  S16                Q16  R06    U06  U06
 \_X16/      \_R16/      \_S16            /      \_R06/      \_U06
 V06  X16    R16  R16    R16  S16         Y06    R06  R06    U06  S06
/      \_V06/      \_R16/      \_S26       \_L06/      \_S06/      \
V06    V06         W06  S26    S26  S26    Y06  L06    S06  S06    S06
 \_V06/           /      \_S26/      \_Y06/      \_L06/      \_S06/
                  W06    S26  L16    Y06  Y06    Y16  L06    L06
                   \_X06/      \_L16/      \_Y06/      \_L06/
                   W06  X06    X06  L16    L16  Y16    Y16
                  /      \_X06/      \_L16/      \_Y16/
                  W06    X06  X06    I06  L16    Y16
                   \_W06/      \_I06/      \_Y16/
                   Q26  W06    I06
              _Q26/      \_I06/
             Q26  Q26    I06
            /      \_I06/
            H16    Q26  C06
             \_Q26/      \_C06
             H16  H06    H06  C06
            /      \_H06/      \_J06
            H16    H06  F06    C06  J06
             \_H16/      \_C06/      \
             H16  H06    F06  C06    J06
            /      \_F06/      \_J06/
            H16    H06  F06    J06
             \_O06/      \_J06/
             O06  O06    F06
            /      \_F06/
            O06    O06
             \_O06/

solution 2 (73,463,276 searches):
02,00,0 02,00,1 02,01,0 02,01,2 03,00,1 03,00,2 O06
03,00,0 03,01,0 04,00,1 04,00,2 04,01,1 04,01,2 F06
04,00,0 05,00,0 05,00,2 05,01,0 06,00,1 06,00,2 J06
04,01,0 04,02,0 04,02,1 05,00,1 05,01,1 05,01,2 C06
02,01,1 02,02,0 02,02,1 02,02,2 02,03,1 02,03,2 H16
03,01,1 03,01,2 03,02,0 03,02,1 03,02,2 04,02,2 H06
02,03,0 02,04,0 02,04,2 03,03,1 03,03,2 03,04,2 Q26
03,03,0 03,04,0 03,04,1 03,05,2 04,03,1 04,03,2 S06
04,03,0 05,03,0 05,03,2 06,03,1 06,03,2 06,04,2 W06
10,02,0 10,02,2 10,03,0 10,03,1 11,02,1 11,02,2 V06
00,07,0 00,07,1 00,08,2 01,07,0 01,07,1 01,07,2 Q16
07,05,0 07,05,1 07,06,0 07,06,2 08,04,1 08,05,1 Q06
08,05,0 08,05,2 09,03,1 09,04,0 09,04,1 09,04,2 R06
08,03,0 09,02,1 09,03,0 09,03,2 10,02,1 10,03,2 U06
07,02,0 07,02,1 08,02,0 08,02,2 09,02,0 09,02,2 L06
07,04,0 07,04,1 07,04,2 07,05,2 08,04,0 08,04,2 Y26
06,03,0 07,03,0 07,03,2 08,02,1 08,03,1 08,03,2 L26
04,06,0 05,05,0 05,05,1 06,04,0 06,04,1 07,03,1 I06
00,11,0 00,11,2 01,10,0 01,10,1 02,09,1 02,09,2 M06
02,08,0 02,09,0 03,08,0 03,08,1 03,08,2 04,07,1 Y16
00,08,1 00,09,1 00,09,2 00,10,0 00,10,1 00,10,2 L16
01,09,0 01,09,1 01,10,2 02,07,1 02,08,1 02,08,2 S16
00,08,0 00,09,0 01,08,0 01,08,1 01,08,2 01,09,2 X16
03,07,0 04,05,0 04,05,1 04,06,1 04,06,2 04,07,2 S26
02,07,0 02,07,2 03,06,0 03,06,1 03,07,1 03,07,2 Y06
03,05,0 03,05,1 03,06,2 04,04,1 04,04,2 04,05,2 R16
04,04,0 05,03,1 05,04,0 05,04,1 05,04,2 05,05,2 X06

  _M06
 M06  M06
/      \_M06
L16    S16  M06
 \_L16/      \_Y16
 L16  S16    M06  Y16
/      \_S16/      \_Y16                    _Q06
L16    X16  S16    Y16  Y16                Q06  Q06
 \_X16/      \_Y16/      \                /      \_R06
 L16  X16    S16  Y06    S26              Q06    R06  R06
/      \_X16/      \_S26/                  \_Q06/      \_R06
L16    X16  S16    Y06  S26                Y26  Q06    R06  V06
 \_X16/      \_Y06/      \_I06            /      \_Y26/      \_V06
 Q16  Q16    Y06  Y06    S26  I06         Y26    Y26  R06    U06  V06
/      \_Q16/      \_Y06/      \_I06       \_Y26/      \_U06/      \
Q16    Q16         R16  S26    X06  I06    Y26  L26    U06  U06    V06
 \_Q16/           /      \_S26/      \_I06/      \_U06/      \_V06/
                  R16    R16  X06    W06  I06    L26  U06    V06
                   \_R16/      \_X06/      \_L26/      \_L06/
                   S06  R16    X06  W06    L26  L26    L06
                  /      \_X06/      \_L26/      \_L06/
                  S06    R16  X06    W06  L06    L06
                   \_S06/      \_W06/      \_L06/
                   Q26  S06    W06
              _Q26/      \_W06/
             Q26  Q26    S06
            /      \_S06/
            H16    Q26  C06
             \_Q26/      \_C06
             H16  H06    H06  C06
            /      \_H06/      \_J06
            H16    H06  F06    C06  J06
             \_H16/      \_C06/      \
             H16  H06    F06  C06    J06
            /      \_F06/      \_J06/
            H16    H06  F06    J06
             \_O06/      \_J06/
             O06  O06    F06
            /      \_F06/
            O06    O06
             \_O06/

solution 3 (107,738,654 searches):
02,00,0 02,00,1 02,01,0 02,01,2 03,00,1 03,00,2 O06
03,00,0 03,01,0 04,00,1 04,00,2 04,01,1 04,01,2 F06
04,00,0 05,00,0 05,00,2 05,01,0 06,00,1 06,00,2 J06
04,01,0 04,02,0 04,02,1 05,00,1 05,01,1 05,01,2 C06
02,01,1 02,02,0 02,02,1 02,02,2 02,03,1 02,03,2 H16
03,01,1 03,01,2 03,02,0 03,02,1 03,02,2 04,02,2 H06
02,03,0 03,03,0 03,03,2 04,03,1 04,03,2 04,04,2 W06
02,04,0 02,04,2 03,03,1 03,04,0 03,04,1 03,04,2 X06
04,03,0 04,04,0 04,04,1 05,03,0 05,03,1 05,03,2 Y26
03,05,0 03,05,1 03,05,2 03,06,2 04,05,1 04,05,2 Q26
04,05,0 05,04,1 05,04,2 05,05,0 05,05,2 06,04,1 R06
02,07,0 03,06,0 03,06,1 04,06,0 04,06,2 05,05,1 S16
03,07,0 03,07,1 03,07,2 04,06,1 04,07,1 04,07,2 X16
05,04,0 06,03,1 06,04,0 06,04,2 07,03,1 07,04,2 U06
06,03,0 06,03,2 07,02,0 07,02,1 08,02,1 08,02,2 S06
07,03,0 07,03,2 08,03,0 08,03,1 08,03,2 09,02,1 L26
08,02,0 09,02,0 09,02,2 10,02,0 10,02,2 11,02,2 I06
09,04,0 10,02,1 10,03,0 10,03,1 10,03,2 11,02,1 Y16
08,05,0 09,03,0 09,03,1 09,03,2 09,04,1 09,04,2 S26
07,04,0 07,04,1 07,05,1 07,05,2 08,04,0 08,04,2 V06
07,05,0 07,06,0 07,06,2 08,04,1 08,05,1 08,05,2 Q16
01,10,0 01,10,2 02,09,0 02,09,1 03,08,0 03,08,1 L06
00,10,0 00,10,1 00,11,0 00,11,2 01,09,1 01,10,1 Q06
00,08,0 00,08,1 00,08,2 00,09,1 00,09,2 00,10,2 L16
00,07,0 00,07,1 01,07,0 01,07,2 02,07,1 02,07,2 M06
00,09,0 01,07,1 01,08,0 01,08,1 01,08,2 02,08,2 Y06
01,09,0 01,09,2 02,08,0 02,08,1 02,09,2 03,08,2 R16

  _Q06
 Q06  Q06
/      \_L06
Q06    L06  L06
 \_Q06/      \_L06
 L16  Q06    R16  L06
/      \_R16/      \_L06                    _Q16
L16    R16  R16    R16  X16                Q16  Q16
 \_Y06/      \_R16/      \                /      \_S26
 L16  Y06    Y06  X16    X16              V06    Q16  S26
/      \_Y06/      \_X16/                  \_Q16/      \_Y16
L16    Y06  M06    X16  X16                V06  Q16    S26  Y16
 \_L16/      \_S16/      \_S16            /      \_V06/      \_Y16
 L16  Y06    M06  S16    S16  S16         V06    V06  S26    Y16  Y16
/      \_M06/      \_S16/      \_R06       \_V06/      \_S26/      \
M06    M06         Q26  Q26    R06  R06    U06  L26    S26  Y16    I06
 \_M06/           /      \_R06/      \_U06/      \_L26/      \_I06/
                  Q26    Q26  R06    U06  U06    L26  L26    I06
                   \_Q26/      \_U06/      \_L26/      \_I06/
                   Q26  Y26    R06  U06    L26  S06    I06
                  /      \_Y26/      \_S06/      \_I06/
                  X06    W06  Y26    S06  S06    S06
                   \_X06/      \_Y26/      \_S06/
                   X06  W06    Y26
              _X06/      \_Y26/
             X06  X06    W06
            /      \_W06/
            H16    W06  C06
             \_W06/      \_C06
             H16  H06    H06  C06
            /      \_H06/      \_J06
            H16    H06  F06    C06  J06
             \_H16/      \_C06/      \
             H16  H06    F06  C06    J06
            /      \_F06/      \_J06/
            H16    H06  F06    J06
             \_O06/      \_J06/
             O06  O06    F06
            /      \_F06/
            O06    O06
             \_O06/

solution 4 (221,598,609 searches):
02,00,0 02,00,1 02,01,0 02,01,2 03,00,1 03,00,2 O06
03,00,0 03,01,0 04,00,1 04,00,2 04,01,1 04,01,2 F06
04,00,0 05,00,0 05,00,2 05,01,0 06,00,1 06,00,2 J06
04,01,0 04,02,0 04,02,1 05,00,1 05,01,1 05,01,2 C06
02,01,1 02,02,1 02,02,2 02,03,1 02,03,2 02,04,2 I06
02,02,0 03,01,1 03,01,2 03,02,0 03,02,2 04,02,2 H06
02,03,0 02,04,0 03,02,1 03,03,1 03,03,2 03,04,2 U06
03,03,0 03,04,0 03,04,1 03,05,2 04,03,1 04,03,2 S06
04,03,0 05,03,0 05,03,1 05,03,2 05,04,2 06,03,2 Y16
03,05,0 03,05,1 03,06,2 04,04,0 04,04,1 04,04,2 S26
09,03,0 09,03,2 10,02,0 10,02,1 10,03,2 11,02,2 R16
09,04,0 09,04,1 09,04,2 10,03,0 10,03,1 11,02,1 L16
07,03,0 08,02,0 08,02,1 09,02,0 09,02,2 10,02,2 W06
06,03,0 06,03,1 06,04,2 07,02,0 07,02,1 08,02,2 M06
07,04,0 07,04,1 08,03,0 08,03,1 08,03,2 09,02,1 H16
05,05,0 06,04,0 06,04,1 07,03,1 07,03,2 07,04,2 L26
04,05,0 04,05,2 05,04,0 05,04,1 05,05,1 05,05,2 Y06
07,05,0 08,04,0 08,04,1 08,04,2 08,05,2 09,03,1 X06
07,05,1 07,05,2 07,06,0 07,06,2 08,05,0 08,05,1 V06
03,07,0 03,07,2 04,05,1 04,06,0 04,06,1 04,06,2 R06
01,07,0 01,07,1 02,07,0 02,07,2 03,06,0 03,06,1 S16
00,07,0 00,07,1 00,08,0 00,08,2 01,07,2 01,08,2 Q06
00,08,1 00,09,0 00,09,1 00,09,2 01,08,0 01,08,1 Y26
02,07,1 02,08,0 02,08,1 02,08,2 03,07,1 03,08,2 X16
02,09,0 02,09,1 03,08,0 03,08,1 04,07,1 04,07,2 L06
01,09,0 01,09,1 01,09,2 01,10,0 01,10,2 02,09,2 Q26
00,10,0 00,10,1 00,10,2 00,11,0 00,11,2 01,10,1 Q16

  _Q16
 Q16  Q16
/      \_Q26
Q16    Q26  L06
 \_Q16/      \_L06
 Q16  Q26    Q26  L06
/      \_Q26/      \_L06                    _V06
Y26    Q26  X16    X16  L06                V06  V06
 \_Y26/      \_X16/      \                /      \_V06
 Y26  Y26    X16  X16    L06              V06    X06  L16
/      \_Y26/      \_R06/                  \_X06/      \_L16
Y26    Q06  X16    R06  R06                V06  X06    L16  L16
 \_Q06/      \_S16/      \_R06            /      \_X06/      \_L16
 Q06  S16    S16  S16    R06  Y06         H16    X06  X06    R16  L16
/      \_S16/      \_S16/      \_L26       \_H16/      \_R16/      \
Q06    Q06         S26  R06    Y06  L26    L26  H16    R16  R16    R16
 \_Q06/           /      \_Y06/      \_L26/      \_H16/      \_R16/
                  S26    Y06  Y06    M06  L26    H16  H16    W06
                   \_S26/      \_Y06/      \_W06/      \_W06/
                   S06  S26    Y16  M06    L26  W06    W06
                  /      \_S26/      \_M06/      \_W06/
                  S06    S26  Y16    Y16  M06    M06
                   \_S06/      \_Y16/      \_M06/
                   U06  S06    Y16
              _U06/      \_Y16/
             I06  U06    S06
            /      \_S06/
            I06    U06  C06
             \_U06/      \_C06
             I06  U06    H06  C06
            /      \_H06/      \_J06
            I06    H06  F06    C06  J06
             \_H06/      \_C06/      \
             I06  H06    F06  C06    J06
            /      \_F06/      \_J06/
            I06    H06  F06    J06
             \_O06/      \_J06/
             O06  O06    F06
            /      \_F06/
            O06    O06
             \_O06/

solution 5 (277,498,895 searches):
02,00,0 02,00,1 02,01,0 02,01,2 03,00,1 03,00,2 O06
03,00,0 03,01,0 04,00,1 04,00,2 04,01,1 04,01,2 F06
04,00,0 05,00,0 05,00,2 05,01,0 06,00,1 06,00,2 J06
04,01,0 04,02,0 04,02,1 05,00,1 05,01,1 05,01,2 C06
02,01,1 02,02,1 02,02,2 02,03,1 02,03,2 02,04,2 I06
02,02,0 03,01,1 03,01,2 03,02,0 03,02,2 04,02,2 H06
02,03,0 03,02,1 03,03,0 03,03,1 03,03,2 04,03,2 X06
02,04,0 03,04,0 03,04,2 04,04,0 04,04,1 04,04,2 L16
04,03,0 04,03,1 05,03,1 05,03,2 05,04,0 05,04,2 S06
03,04,1 03,05,0 03,05,2 04,05,0 04,05,1 04,05,2 S26
04,06,0 05,04,1 05,05,0 05,05,1 05,05,2 06,04,1 Y16
05,03,0 06,03,0 06,03,2 07,02,0 07,02,1 08,02,2 S16
06,03,1 06,04,0 06,04,2 07,03,1 07,04,1 07,04,2 R16
07,03,0 07,03,2 08,02,0 08,02,1 08,03,1 08,03,2 Y06
02,07,0 03,05,1 03,06,1 03,06,2 03,07,0 03,07,2 L26
03,06,0 03,08,0 04,06,1 04,06,2 04,07,1 04,07,2 M06
07,04,0 07,05,0 08,04,0 08,04,1 08,04,2 08,05,2 X16
07,05,1 07,05,2 07,06,0 07,06,2 08,05,0 08,05,1 V06
08,03,0 09,02,1 09,03,0 09,03,2 10,02,1 10,03,2 U06
09,02,0 09,02,2 10,02,0 10,02,2 11,02,1 11,02,2 L06
09,03,1 09,04,0 09,04,1 09,04,2 10,03,0 10,03,1 Y26
01,10,0 02,09,0 02,09,1 03,07,1 03,08,1 03,08,2 W06
00,10,0 00,11,0 00,11,2 01,09,1 01,10,1 01,10,2 Q16
00,08,1 00,09,0 00,09,1 00,09,2 00,10,1 00,10,2 H16
01,08,1 01,09,0 01,09,2 02,08,0 02,08,1 02,09,2 R06
01,07,1 01,08,0 01,08,2 02,07,1 02,07,2 02,08,2 Q26
00,07,0 00,07,1 00,08,0 00,08,2 01,07,0 01,07,2 Q06

  _Q16
 Q16  Q16
/      \_W06
H16    Q16  W06
 \_Q16/      \_W06
 H16  Q16    R06  W06
/      \_R06/      \_M06                    _V06
H16    R06  R06    W06  M06                V06  V06
 \_H16/      \_R06/      \                /      \_V06
 H16  R06    Q26  W06    M06              V06    X16  Y26
/      \_Q26/      \_L26/                  \_X16/      \_Y26
H16    Q26  Q26    L26  M06                V06  X16    Y26  Y26
 \_Q06/      \_L26/      \_Y16            /      \_X16/      \_Y26
 Q06  Q26    Q26  L26    M06  Y16         R16    X16  Y26    U06  L06
/      \_Q06/      \_M06/      \_Y16       \_X16/      \_U06/      \
Q06    Q06         L26  S26    Y16  Y16    R16  Y06    U06  U06    L06
 \_Q06/           /      \_S26/      \_R16/      \_U06/      \_L06/
                  L26    S26  Y16    R16  R16    Y06  U06    L06
                   \_S26/      \_S06/      \_Y06/      \_L06/
                   S26  L16    S06  R16    Y06  Y06    L06
                  /      \_L16/      \_S16/      \_Y06/
                  S26    L16  S06    S16  S16    S16
                   \_L16/      \_S16/      \_S16/
                   L16  S06    S06
              _L16/      \_S06/
             I06  X06    X06
            /      \_X06/
            I06    X06  C06
             \_X06/      \_C06
             I06  X06    H06  C06
            /      \_H06/      \_J06
            I06    H06  F06    C06  J06
             \_H06/      \_C06/      \
             I06  H06    F06  C06    J06
            /      \_F06/      \_J06/
            I06    H06  F06    J06
             \_O06/      \_J06/
             O06  O06    F06
            /      \_F06/
            O06    O06
             \_O06/

solution 6 (306,993,097 searches):
02,00,0 02,00,1 02,01,0 02,01,2 03,00,1 03,00,2 O06
03,00,0 03,01,0 04,00,1 04,00,2 04,01,1 04,01,2 F06
04,00,0 05,00,0 05,00,2 05,01,0 06,00,1 06,00,2 J06
04,01,0 04,02,0 04,02,1 05,00,1 05,01,1 05,01,2 C06
02,01,1 02,02,1 02,02,2 02,03,1 02,03,2 02,04,2 I06
02,02,0 03,01,1 03,01,2 03,02,0 03,02,2 04,02,2 H06
02,03,0 03,02,1 03,03,0 03,03,1 03,03,2 04,03,2 X06
02,04,0 03,04,0 03,04,2 04,03,0 04,03,1 05,03,2 S16
03,04,1 03,05,0 03,05,2 04,04,1 04,04,2 04,05,2 Q26
03,05,1 03,06,0 03,06,2 04,05,0 04,05,1 04,06,2 R06
04,04,0 05,03,0 05,03,1 05,04,0 05,04,2 06,04,2 Y26
03,07,0 04,06,0 04,06,1 05,04,1 05,05,1 05,05,2 W06
02,09,0 02,09,1 03,08,0 03,08,1 04,07,1 04,07,2 L06
05,05,0 06,04,0 06,04,1 07,03,0 07,03,1 07,03,2 L16
06,03,0 06,03,1 06,03,2 07,02,0 07,02,1 08,02,2 S26
01,07,0 02,07,0 02,07,1 02,07,2 02,08,2 03,06,1 Y06
02,08,0 02,08,1 02,09,2 03,07,1 03,07,2 03,08,2 R16
00,07,0 00,07,1 00,08,1 00,08,2 01,07,1 01,07,2 Q06
00,08,0 00,09,0 01,08,0 01,08,1 01,08,2 01,09,2 X16
00,09,1 00,09,2 00,10,0 00,10,2 01,09,0 01,09,1 V06
00,10,1 00,11,0 00,11,2 01,10,0 01,10,1 01,10,2 Q16
07,06,0 08,04,1 08,04,2 08,05,0 08,05,1 08,05,2 L26
07,04,1 07,04,2 07,05,0 07,05,1 07,05,2 07,06,2 H16
07,04,0 08,02,0 08,02,1 08,03,1 08,03,2 09,02,2 S06
09,04,0 09,04,1 09,04,2 10,03,0 10,03,1 10,03,2 U06
09,02,0 09,02,1 10,02,0 10,02,2 11,02,1 11,02,2 M06
08,03,0 08,04,0 09,03,0 09,03,1 09,03,2 10,02,1 Y16

  _Q16
 Q16  Q16
/      \_Q16
Q16    Q16  L06
 \_V06/      \_L06
 V06  V06    R16  L06
/      \_V06/      \_L06                    _L26
V06    X16  R16    R16  L06                H16  L26
 \_X16/      \_R16/      \                /      \_L26
 V06  X16    Y06  R16    L06              H16    L26  U06
/      \_X16/      \_W06/                  \_H16/      \_U06
Q06    X16  Y06    R16  W06                H16  L26    U06  U06
 \_X16/      \_Y06/      \_W06            /      \_Y16/      \_U06
 Q06  Q06    Y06  Y06    R06  W06         H16    L26  Y16    U06  M06
/      \_Y06/      \_R06/      \_L16       \_S06/      \_Y16/      \
Q06    Q06         R06  R06    W06  L16    H16  S06    Y16  Y16    M06
 \_Q06/           /      \_R06/      \_L16/      \_Y16/      \_M06/
                  R06    Q26  W06    Y26  L16    S06  M06    M06
                   \_Q26/      \_Y26/      \_L16/      \_M06/
                   Q26  Q26    Y26  S26    L16  S06    S06
                  /      \_Y26/      \_S26/      \_S06/
                  Q26    Q26  Y26    S26  S26    S26
                   \_S16/      \_Y26/      \_S26/
                   S16  S16    S16
              _S16/      \_S16/
             I06  X06    X06
            /      \_X06/
            I06    X06  C06
             \_X06/      \_C06
             I06  X06    H06  C06
            /      \_H06/      \_J06
            I06    H06  F06    C06  J06
             \_H06/      \_C06/      \
             I06  H06    F06  C06    J06
            /      \_F06/      \_J06/
            I06    H06  F06    J06
             \_O06/      \_J06/
             O06  O06    F06
            /      \_F06/
            O06    O06
             \_O06/

solution 7 (306,994,631 searches):
02,00,0 02,00,1 02,01,0 02,01,2 03,00,1 03,00,2 O06
03,00,0 03,01,0 04,00,1 04,00,2 04,01,1 04,01,2 F06
04,00,0 05,00,0 05,00,2 05,01,0 06,00,1 06,00,2 J06
04,01,0 04,02,0 04,02,1 05,00,1 05,01,1 05,01,2 C06
02,01,1 02,02,1 02,02,2 02,03,1 02,03,2 02,04,2 I06
02,02,0 03,01,1 03,01,2 03,02,0 03,02,2 04,02,2 H06
02,03,0 03,02,1 03,03,0 03,03,1 03,03,2 04,03,2 X06
02,04,0 03,04,0 03,04,2 04,03,0 04,03,1 05,03,2 S16
03,04,1 03,05,0 03,05,2 04,04,1 04,04,2 04,05,2 Q26
03,05,1 03,06,0 03,06,2 04,05,0 04,05,1 04,06,2 R06
04,04,0 05,03,0 05,03,1 05,04,0 05,04,2 06,04,2 Y26
03,07,0 04,06,0 04,06,1 05,04,1 05,05,1 05,05,2 W06
02,09,0 02,09,1 03,08,0 03,08,1 04,07,1 04,07,2 L06
05,05,0 06,04,0 06,04,1 07,03,1 07,03,2 07,04,2 L26
06,03,0 06,03,1 06,03,2 07,02,0 07,02,1 08,02,2 S26
01,07,0 02,07,0 02,07,1 02,07,2 02,08,2 03,06,1 Y06
02,08,0 02,08,1 02,09,2 03,07,1 03,07,2 03,08,2 R16
00,07,0 00,07,1 00,08,1 00,08,2 01,07,1 01,07,2 Q06
00,08,0 00,09,0 01,08,0 01,08,1 01,08,2 01,09,2 X16
00,09,1 00,09,2 00,10,0 00,10,2 01,09,0 01,09,1 V06
00,10,1 00,11,0 00,11,2 01,10,0 01,10,1 01,10,2 Q16
07,04,0 07,04,1 07,05,1 07,05,2 07,06,0 07,06,2 M06
07,05,0 08,03,1 08,04,1 08,04,2 08,05,1 08,05,2 H16
07,03,0 08,02,1 08,03,0 08,03,2 09,02,1 09,03,2 U06
08,02,0 09,02,0 09,02,2 10,02,0 10,02,1 10,02,2 L16
08,04,0 08,05,0 09,04,0 09,04,1 09,04,2 10,03,1 Y16
09,03,0 09,03,1 10,03,0 10,03,2 11,02,1 11,02,2 S06

  _Q16
 Q16  Q16
/      \_Q16
Q16    Q16  L06
 \_V06/      \_L06
 V06  V06    R16  L06
/      \_V06/      \_L06                    _M06
V06    X16  R16    R16  L06                M06  H16
 \_X16/      \_R16/      \                /      \_Y16
 V06  X16    Y06  R16    L06              M06    H16  Y16
/      \_X16/      \_W06/                  \_H16/      \_Y16
Q06    X16  Y06    R16  W06                M06  H16    Y16  Y16
 \_X16/      \_Y06/      \_W06            /      \_Y16/      \_S06
 Q06  Q06    Y06  Y06    R06  W06         M06    H16  S06    S06  S06
/      \_Y06/      \_R06/      \_L26       \_M06/      \_S06/      \
Q06    Q06         R06  R06    W06  L26    L26  H16    U06  L16    S06
 \_Q06/           /      \_R06/      \_L26/      \_U06/      \_L16/
                  R06    Q26  W06    Y26  L26    U06  U06    L16
                   \_Q26/      \_Y26/      \_U06/      \_L16/
                   Q26  Q26    Y26  S26    L26  U06    L16
                  /      \_Y26/      \_S26/      \_L16/
                  Q26    Q26  Y26    S26  S26    S26
                   \_S16/      \_Y26/      \_S26/
                   S16  S16    S16
              _S16/      \_S16/
             I06  X06    X06
            /      \_X06/
            I06    X06  C06
             \_X06/      \_C06
             I06  X06    H06  C06
            /      \_H06/      \_J06
            I06    H06  F06    C06  J06
             \_H06/      \_C06/      \
             I06  H06    F06  C06    J06
            /      \_F06/      \_J06/
            I06    H06  F06    J06
             \_O06/      \_J06/
             O06  O06    F06
            /      \_F06/
            O06    O06
             \_O06/

solution 8 (306,995,442 searches):
02,00,0 02,00,1 02,01,0 02,01,2 03,00,1 03,00,2 O06
03,00,0 03,01,0 04,00,1 04,00,2 04,01,1 04,01,2 F06
04,00,0 05,00,0 05,00,2 05,01,0 06,00,1 06,00,2 J06
04,01,0 04,02,0 04,02,1 05,00,1 05,01,1 05,01,2 C06
02,01,1 02,02,1 02,02,2 02,03,1 02,03,2 02,04,2 I06
02,02,0 03,01,1 03,01,2 03,02,0 03,02,2 04,02,2 H06
02,03,0 03,02,1 03,03,0 03,03,1 03,03,2 04,03,2 X06
02,04,0 03,04,0 03,04,2 04,03,0 04,03,1 05,03,2 S16
03,04,1 03,05,0 03,05,2 04,04,1 04,04,2 04,05,2 Q26
03,05,1 03,06,0 03,06,2 04,05,0 04,05,1 04,06,2 R06
04,04,0 05,03,0 05,03,1 05,04,0 05,04,2 06,04,2 Y26
03,07,0 04,06,0 04,06,1 05,04,1 05,05,1 05,05,2 W06
02,09,0 02,09,1 03,08,0 03,08,1 04,07,1 04,07,2 L06
05,05,0 06,04,0 06,04,1 07,04,1 07,04,2 07,05,2 V06
06,03,0 06,03,1 06,03,2 07,03,0 07,03,1 07,03,2 U06
07,02,0 07,02,1 08,02,0 08,02,2 09,02,1 09,02,2 M06
07,04,0 08,02,1 08,03,0 08,03,1 08,03,2 09,03,2 Y06
09,02,0 09,03,0 09,03,1 09,04,2 10,02,1 10,02,2 S06
10,02,0 10,03,0 10,03,1 10,03,2 11,02,1 11,02,2 Q16
07,06,0 08,05,0 08,05,1 08,05,2 09,04,0 09,04,1 H16
07,05,0 07,05,1 07,06,2 08,04,0 08,04,1 08,04,2 S26
00,10,0 00,11,0 01,09,1 01,10,0 01,10,1 01,10,2 X16
00,09,0 00,09,1 00,09,2 00,10,1 00,10,2 00,11,2 L16
01,07,0 02,07,0 02,07,2 03,06,1 03,07,1 03,07,2 L26
00,07,0 00,07,1 00,08,1 00,08,2 01,07,1 01,07,2 Q06
02,07,1 02,08,0 02,08,1 02,08,2 02,09,2 03,08,2 Y16
00,08,0 01,08,0 01,08,1 01,08,2 01,09,0 01,09,2 R16

  _X16
 L16  X16
/      \_X16
L16    X16  L06
 \_X16/      \_L06
 L16  X16    Y16  L06
/      \_R16/      \_L06                    _H16
L16    R16  Y16    Y16  L06                S26  H16
 \_L16/      \_Y16/      \                /      \_H16
 L16  R16    Y16  L26    L06              S26    H16  H16
/      \_R16/      \_W06/                  \_S26/      \_H16
Q06    R16  Y16    L26  W06                V06  S26    S06  Q16
 \_R16/      \_L26/      \_W06            /      \_S26/      \_Q16
 Q06  Q06    L26  L26    R06  W06         V06    S26  S06    Q16  Q16
/      \_L26/      \_R06/      \_V06       \_Y06/      \_S06/      \
Q06    Q06         R06  R06    W06  V06    V06  Y06    Y06  S06    Q16
 \_Q06/           /      \_R06/      \_V06/      \_Y06/      \_Q16/
                  R06    Q26  W06    Y26  U06    Y06  M06    S06
                   \_Q26/      \_Y26/      \_U06/      \_S06/
                   Q26  Q26    Y26  U06    U06  Y06    M06
                  /      \_Y26/      \_U06/      \_M06/
                  Q26    Q26  Y26    U06  M06    M06
                   \_S16/      \_Y26/      \_M06/
                   S16  S16    S16
              _S16/      \_S16/
             I06  X06    X06
            /      \_X06/
            I06    X06  C06
             \_X06/      \_C06
             I06  X06    H06  C06
            /      \_H06/      \_J06
            I06    H06  F06    C06  J06
             \_H06/      \_C06/      \
             I06  H06    F06  C06    J06
            /      \_F06/      \_J06/
            I06    H06  F06    J06
             \_O06/      \_J06/
             O06  O06    F06
            /      \_F06/
            O06    O06
             \_O06/

solution 9 (306,997,685 searches):
02,00,0 02,00,1 02,01,0 02,01,2 03,00,1 03,00,2 O06
03,00,0 03,01,0 04,00,1 04,00,2 04,01,1 04,01,2 F06
04,00,0 05,00,0 05,00,2 05,01,0 06,00,1 06,00,2 J06
04,01,0 04,02,0 04,02,1 05,00,1 05,01,1 05,01,2 C06
02,01,1 02,02,1 02,02,2 02,03,1 02,03,2 02,04,2 I06
02,02,0 03,01,1 03,01,2 03,02,0 03,02,2 04,02,2 H06
02,03,0 03,02,1 03,03,0 03,03,1 03,03,2 04,03,2 X06
02,04,0 03,04,0 03,04,2 04,03,0 04,03,1 05,03,2 S16
03,04,1 03,05,0 03,05,2 04,04,1 04,04,2 04,05,2 Q26
03,05,1 03,06,0 03,06,2 04,05,0 04,05,1 04,06,2 R06
04,04,0 05,03,0 05,03,1 05,04,0 05,04,2 06,04,2 Y26
03,07,0 04,06,0 04,06,1 05,04,1 05,05,1 05,05,2 W06
02,09,0 02,09,2 03,08,0 03,08,1 04,07,1 04,07,2 M06
05,05,0 06,04,0 06,04,1 07,04,1 07,04,2 07,05,2 V06
00,09,0 01,09,1 01,09,2 01,10,0 01,10,2 02,09,1 S06
00,10,0 00,10,1 00,10,2 00,11,0 00,11,2 01,10,1 Q16
00,07,1 00,08,0 00,08,1 00,08,2 00,09,1 00,09,2 H16
00,07,0 01,07,1 01,07,2 01,08,0 01,08,1 01,08,2 S26
01,07,0 02,07,0 02,07,2 03,06,1 03,07,1 03,07,2 L26
01,09,0 02,07,1 02,08,0 02,08,1 02,08,2 03,08,2 Y06
06,03,0 06,03,1 06,03,2 07,03,0 07,03,1 07,03,2 U06
07,02,0 07,02,1 08,02,0 08,02,2 09,02,0 09,02,2 L06
07,05,0 07,05,1 07,06,0 07,06,2 08,05,0 08,05,1 Q06
09,03,0 10,02,0 10,02,1 10,02,2 10,03,2 11,02,2 X16
09,04,0 09,04,1 09,04,2 10,03,0 10,03,1 11,02,1 L16
07,04,0 08,02,1 08,03,0 08,03,1 08,03,2 09,02,1 Y16
08,04,0 08,04,1 08,04,2 08,05,2 09,03,1 09,03,2 R16

  _Q16
 Q16  Q16
/      \_S06
Q16    S06  S06
 \_Q16/      \_M06
 Q16  S06    M06  M06
/      \_Y06/      \_M06                    _Q06
H16    S06  Y06    Y06  M06                Q06  Q06
 \_S06/      \_Y06/      \                /      \_Q06
 H16  S26    Y06  L26    M06              Q06    R16  L16
/      \_S26/      \_W06/                  \_Q06/      \_L16
H16    S26  Y06    L26  W06                V06  R16    L16  L16
 \_H16/      \_L26/      \_W06            /      \_R16/      \_L16
 H16  S26    L26  L26    R06  W06         V06    R16  R16    X16  L16
/      \_L26/      \_R06/      \_V06       \_Y16/      \_X16/      \
H16    S26         R06  R06    W06  V06    V06  Y16    R16  X16    X16
 \_S26/           /      \_R06/      \_V06/      \_Y16/      \_X16/
                  R06    Q26  W06    Y26  U06    Y16  Y16    X16
                   \_Q26/      \_Y26/      \_U06/      \_L06/
                   Q26  Q26    Y26  U06    U06  Y16    L06
                  /      \_Y26/      \_U06/      \_L06/
                  Q26    Q26  Y26    U06  L06    L06
                   \_S16/      \_Y26/      \_L06/
                   S16  S16    S16
              _S16/      \_S16/
             I06  X06    X06
            /      \_X06/
            I06    X06  C06
             \_X06/      \_C06
             I06  X06    H06  C06
            /      \_H06/      \_J06
            I06    H06  F06    C06  J06
             \_H06/      \_C06/      \
             I06  H06    F06  C06    J06
            /      \_F06/      \_J06/
            I06    H06  F06    J06
             \_O06/      \_J06/
             O06  O06    F06
            /      \_F06/
            O06    O06
             \_O06/

solution 10 (306,997,763 searches):
02,00,0 02,00,1 02,01,0 02,01,2 03,00,1 03,00,2 O06
03,00,0 03,01,0 04,00,1 04,00,2 04,01,1 04,01,2 F06
04,00,0 05,00,0 05,00,2 05,01,0 06,00,1 06,00,2 J06
04,01,0 04,02,0 04,02,1 05,00,1 05,01,1 05,01,2 C06
02,01,1 02,02,1 02,02,2 02,03,1 02,03,2 02,04,2 I06
02,02,0 03,01,1 03,01,2 03,02,0 03,02,2 04,02,2 H06
02,03,0 03,02,1 03,03,0 03,03,1 03,03,2 04,03,2 X06
02,04,0 03,04,0 03,04,2 04,03,0 04,03,1 05,03,2 S16
03,04,1 03,05,0 03,05,2 04,04,1 04,04,2 04,05,2 Q26
03,05,1 03,06,0 03,06,2 04,05,0 04,05,1 04,06,2 R06
04,04,0 05,03,0 05,03,1 05,04,0 05,04,2 06,04,2 Y26
03,07,0 04,06,0 04,06,1 05,04,1 05,05,1 05,05,2 W06
02,09,0 02,09,2 03,08,0 03,08,1 04,07,1 04,07,2 M06
05,05,0 06,04,0 06,04,1 07,04,1 07,04,2 07,05,2 V06
00,09,0 01,09,1 01,09,2 01,10,0 01,10,2 02,09,1 S06
00,10,0 00,10,1 00,10,2 00,11,0 00,11,2 01,10,1 Q16
00,07,1 00,08,0 00,08,1 00,08,2 00,09,1 00,09,2 H16
00,07,0 01,07,1 01,07,2 01,08,0 01,08,1 01,08,2 S26
01,07,0 02,07,0 02,07,1 02,07,2 02,08,2 03,06,1 Y06
01,09,0 02,08,0 02,08,1 03,07,1 03,07,2 03,08,2 L26
06,03,0 06,03,1 06,03,2 07,03,0 07,03,1 07,03,2 U06
07,02,0 07,02,1 08,02,0 08,02,2 09,02,0 09,02,2 L06
07,05,0 07,05,1 07,06,0 07,06,2 08,05,0 08,05,1 Q06
09,03,0 10,02,0 10,02,1 10,02,2 10,03,2 11,02,2 X16
09,04,0 09,04,1 09,04,2 10,03,0 10,03,1 11,02,1 L16
07,04,0 08,02,1 08,03,0 08,03,1 08,03,2 09,02,1 Y16
08,04,0 08,04,1 08,04,2 08,05,2 09,03,1 09,03,2 R16

  _Q16
 Q16  Q16
/      \_S06
Q16    S06  S06
 \_Q16/      \_M06
 Q16  S06    M06  M06
/      \_L26/      \_M06                    _Q06
H16    S06  L26    L26  M06                Q06  Q06
 \_S06/      \_L26/      \                /      \_Q06
 H16  S26    Y06  L26    M06              Q06    R16  L16
/      \_S26/      \_W06/                  \_Q06/      \_L16
H16    S26  Y06    L26  W06                V06  R16    L16  L16
 \_H16/      \_Y06/      \_W06            /      \_R16/      \_L16
 H16  S26    Y06  Y06    R06  W06         V06    R16  R16    X16  L16
/      \_Y06/      \_R06/      \_V06       \_Y16/      \_X16/      \
H16    S26         R06  R06    W06  V06    V06  Y16    R16  X16    X16
 \_S26/           /      \_R06/      \_V06/      \_Y16/      \_X16/
                  R06    Q26  W06    Y26  U06    Y16  Y16    X16
                   \_Q26/      \_Y26/      \_U06/      \_L06/
                   Q26  Q26    Y26  U06    U06  Y16    L06
                  /      \_Y26/      \_U06/      \_L06/
                  Q26    Q26  Y26    U06  L06    L06
                   \_S16/      \_Y26/      \_L06/
                   S16  S16    S16
              _S16/      \_S16/
             I06  X06    X06
            /      \_X06/
            I06    X06  C06
             \_X06/      \_C06
             I06  X06    H06  C06
            /      \_H06/      \_J06
            I06    H06  F06    C06  J06
             \_H06/      \_C06/      \
             I06  H06    F06  C06    J06
            /      \_F06/      \_J06/
            I06    H06  F06    J06
             \_O06/      \_J06/
             O06  O06    F06
            /      \_F06/
            O06    O06
             \_O06/

User-requested solution limit reached.
10 solutions, 306,997,763 searches, duration 3:41:43.320413
