solving Hexiamonds4x9Matrix:

solution 1:
0,0,0 0,0,1 0,1,0 0,1,1 1,1,0 1,1,1 C6
1,0,0 1,0,1 2,0,0 2,0,1 2,1,0 3,0,0 P6
0,2,0 0,2,1 0,3,0 0,3,1 1,2,0 1,2,1 V6
7,2,1 7,3,0 7,3,1 8,2,1 8,3,0 8,3,1 F6
7,1,1 8,0,0 8,0,1 8,1,0 8,1,1 8,2,0 E6
1,3,0 1,3,1 2,3,0 2,3,1 3,3,0 3,3,1 I6
5,3,1 6,2,0 6,2,1 6,3,0 6,3,1 7,2,0 X6
2,1,1 2,2,0 2,2,1 3,1,0 3,1,1 3,2,0 O6
3,0,1 4,0,0 4,0,1 4,1,0 4,1,1 5,0,0 H6
3,2,1 4,2,0 4,2,1 4,3,0 4,3,1 5,3,0 S6
5,1,1 5,2,0 5,2,1 6,1,0 6,1,1 7,1,0 G6
5,0,1 5,1,0 6,0,0 6,0,1 7,0,0 7,0,1 J6

        ____________________________________
       /   /           /    \      /       /
      /   /___________/   ___\    /       /
     /       /    \      /   /    \  /\  /
    /_______/      \____/   /______\/  \/
   /       /\      /   /\       \      /
  /   ____/  \____/   /  \_______\    /
 /   /        \       \          /   /
/___/__________\_______\________/___/


solution 2:
0,0,0 0,0,1 0,1,0 0,1,1 1,1,0 1,1,1 C6
1,0,0 1,0,1 2,0,0 2,0,1 2,1,0 3,0,0 P6
0,2,0 0,2,1 0,3,0 0,3,1 1,2,0 1,2,1 V6
7,2,1 7,3,0 7,3,1 8,2,1 8,3,0 8,3,1 F6
7,1,1 8,0,0 8,0,1 8,1,0 8,1,1 8,2,0 E6
1,3,0 1,3,1 2,3,0 2,3,1 3,2,1 3,3,0 J6
5,3,1 6,2,0 6,2,1 6,3,0 6,3,1 7,2,0 X6
2,1,1 2,2,0 2,2,1 3,1,0 3,1,1 3,2,0 O6
3,0,1 4,0,0 4,0,1 4,1,0 4,1,1 5,1,0 S6
5,0,0 5,0,1 6,0,0 6,0,1 7,0,0 7,0,1 I6
5,1,1 5,2,0 5,2,1 6,1,0 6,1,1 7,1,0 G6
3,3,1 4,2,0 4,2,1 4,3,0 4,3,1 5,3,0 H6

        ____________________________________
       /   /        \       \      /       /
      /   /_______   \    ___\    /       /
     /       /    \  /   /   /    \  /\  /
    /_______/      \/___/   /______\/  \/
   /       /\      /    \       \      /
  /   ____/  \____/   ___\_______\    /
 /   /        \      /           /   /
/___/__________\____/___________/___/


solution 3:
0,0,0 0,0,1 1,0,0 1,0,1 1,1,0 1,1,1 C6
0,1,0 0,1,1 0,2,0 0,2,1 0,3,0 0,3,1 I6
7,2,1 7,3,0 7,3,1 8,2,1 8,3,0 8,3,1 F6
7,1,1 8,0,0 8,0,1 8,1,0 8,1,1 8,2,0 E6
2,0,0 2,0,1 2,1,0 3,0,0 3,0,1 4,0,0 P6
5,3,1 6,2,0 6,2,1 6,3,0 6,3,1 7,2,0 X6
1,2,0 1,2,1 1,3,0 1,3,1 2,1,1 2,2,0 H6
2,2,1 2,3,0 2,3,1 3,1,0 3,1,1 3,2,0 S6
6,0,1 6,1,0 6,1,1 7,0,0 7,0,1 7,1,0 O6
4,0,1 4,1,0 4,1,1 5,0,0 5,0,1 6,0,0 G6
4,2,0 4,2,1 5,1,0 5,1,1 5,2,0 5,2,1 V6
3,2,1 3,3,0 3,3,1 4,3,0 4,3,1 5,3,0 J6

        ____________________________________
       /   /   /   /        \      /       /
      /   /   /   /   _______\    /       /
     /   /    \   \  /       /    \  /\  /
    /   /___   \   \/___    /______\/  \/
   /   /   /\  /   /   /   /    \      /
  /___/   /  \/___/   /___/      \    /
 /       /        \       \      /   /
/_______/__________\_______\____/___/


solution 4:
0,0,0 0,0,1 1,0,0 1,0,1 1,1,0 1,1,1 C6
0,1,0 0,1,1 0,2,0 0,2,1 0,3,0 0,3,1 I6
7,2,1 7,3,0 7,3,1 8,2,1 8,3,0 8,3,1 F6
7,1,1 8,0,0 8,0,1 8,1,0 8,1,1 8,2,0 E6
2,0,0 2,0,1 2,1,0 3,0,0 3,0,1 4,0,0 P6
5,3,1 6,2,0 6,2,1 6,3,0 6,3,1 7,2,0 X6
1,2,0 1,2,1 2,1,1 2,2,0 3,1,0 3,1,1 S6
1,3,0 1,3,1 2,2,1 2,3,0 2,3,1 3,2,0 H6
6,0,1 6,1,0 6,1,1 7,0,0 7,0,1 7,1,0 O6
4,0,1 4,1,0 4,1,1 5,0,0 5,0,1 6,0,0 G6
4,2,0 4,2,1 5,1,0 5,1,1 5,2,0 5,2,1 V6
3,2,1 3,3,0 3,3,1 4,3,0 4,3,1 5,3,0 J6

        ____________________________________
       /   /       /        \      /       /
      /   /___    /   _______\    /       /
     /   /    \   \  /       /    \  /\  /
    /   /___   \___\/___    /______\/  \/
   /   /   /\      /   /   /    \      /
  /___/   /  \____/   /___/      \    /
 /       /        \       \      /   /
/_______/__________\_______\____/___/


solution 5:
0,0,0 0,0,1 1,0,0 1,0,1 1,1,0 1,1,1 C6
0,1,0 0,1,1 0,2,0 0,2,1 0,3,0 0,3,1 I6
6,3,1 7,3,0 7,3,1 8,2,1 8,3,0 8,3,1 P6
2,0,0 2,0,1 2,1,0 2,1,1 3,0,0 3,1,0 F6
1,2,0 1,2,1 1,3,0 1,3,1 2,2,0 2,2,1 V6
2,3,0 2,3,1 3,2,1 3,3,0 3,3,1 4,3,0 E6
3,0,1 3,1,1 3,2,0 4,0,0 4,0,1 4,1,0 G6
4,1,1 4,2,0 4,2,1 5,0,0 5,0,1 5,1,0 S6
5,1,1 6,0,0 6,0,1 6,1,0 6,1,1 7,0,0 X6
4,3,1 5,2,0 5,2,1 5,3,0 5,3,1 6,3,0 H6
7,0,1 7,1,0 7,1,1 8,0,0 8,0,1 8,1,0 O6
6,2,0 6,2,1 7,2,0 7,2,1 8,1,1 8,2,0 J6

        ____________________________________
       /   /   /        \       \          /
      /   /   /___    ___\    ___\____    /
     /   /       /\  /   /   /        \  /
    /   /_______/  \/   /___/_______   \/
   /   /   /    \   \   \      /    \  /
  /___/   /   ___\   \   \    /      \/
 /       /    \      /   /    \      /
/_______/______\____/___/______\____/


solution 6:
0,0,0 0,0,1 1,0,0 1,0,1 1,1,0 1,1,1 C6
0,1,0 0,1,1 0,2,0 0,2,1 0,3,0 0,3,1 I6
6,3,1 7,3,0 7,3,1 8,2,1 8,3,0 8,3,1 P6
2,0,0 2,0,1 2,1,0 2,1,1 3,0,0 3,1,0 F6
1,2,0 1,2,1 1,3,0 1,3,1 2,2,0 2,2,1 V6
2,3,0 2,3,1 3,1,1 3,2,0 3,2,1 3,3,0 G6
3,0,1 4,0,0 4,0,1 4,1,0 5,0,0 5,0,1 E6
3,3,1 4,1,1 4,2,0 4,2,1 4,3,0 5,1,0 S6
5,1,1 6,0,0 6,0,1 6,1,0 6,1,1 7,0,0 X6
4,3,1 5,2,0 5,2,1 5,3,0 5,3,1 6,3,0 H6
7,0,1 7,1,0 7,1,1 8,0,0 8,0,1 8,1,0 O6
6,2,0 6,2,1 7,2,0 7,2,1 8,1,1 8,2,0 J6

        ____________________________________
       /   /   /    \   \       \          /
      /   /   /___   \   \    ___\____    /
     /   /       /   /   /   /        \  /
    /   /_______/   /   /___/_______   \/
   /   /   /    \  /\   \      /    \  /
  /___/   /   ___\/  \___\    /      \/
 /       /    \          /    \      /
/_______/______\________/______\____/


solution 7:
0,0,0 0,0,1 1,0,0 1,0,1 1,1,0 1,1,1 C6
0,1,0 0,1,1 0,2,0 0,2,1 0,3,0 0,3,1 I6
6,3,1 7,3,0 7,3,1 8,2,1 8,3,0 8,3,1 P6
2,0,0 2,0,1 2,1,0 2,1,1 3,0,0 3,1,0 F6
1,2,0 1,2,1 1,3,0 1,3,1 2,2,0 2,2,1 V6
2,3,0 2,3,1 3,1,1 3,2,0 3,2,1 3,3,0 G6
3,0,1 4,0,0 4,0,1 4,1,0 4,1,1 5,0,0 H6
3,3,1 4,2,0 4,2,1 4,3,0 4,3,1 5,2,0 X6
5,0,1 5,1,0 5,1,1 6,0,0 6,0,1 6,1,0 O6
5,2,1 6,1,1 6,2,0 7,0,0 7,0,1 7,1,0 J6
5,3,0 5,3,1 6,2,1 6,3,0 7,2,0 7,2,1 S6
7,1,1 8,0,0 8,0,1 8,1,0 8,1,1 8,2,0 E6

        ____________________________________
       /   /   /    \      /    \          /
      /   /   /___   \    /___   \____    /
     /   /       /   /    \   \      /\  /
    /   /_______/   /______\   \____/  \/
   /   /   /    \  /   /    \   \      /
  /___/   /   ___\/   /      \   \    /
 /       /    \       \      /   /   /
/_______/______\_______\____/___/___/


solution 8:
0,0,0 0,0,1 1,0,0 1,0,1 1,1,0 1,1,1 C6
0,1,0 0,1,1 0,2,0 0,2,1 0,3,0 0,3,1 I6
7,3,1 8,1,1 8,2,0 8,2,1 8,3,0 8,3,1 P6
2,0,0 2,0,1 2,1,0 2,1,1 3,0,0 3,1,0 F6
1,2,0 1,2,1 1,3,0 1,3,1 2,2,0 2,2,1 V6
2,3,0 2,3,1 3,1,1 3,2,0 3,2,1 3,3,0 G6
3,0,1 4,0,0 4,0,1 4,1,0 4,1,1 5,0,0 H6
3,3,1 4,2,0 4,2,1 4,3,0 4,3,1 5,2,0 X6
5,0,1 5,1,0 5,1,1 6,0,0 6,0,1 6,1,0 O6
5,2,1 6,1,1 6,2,0 7,0,0 7,0,1 7,1,0 J6
7,1,1 7,2,0 7,2,1 8,0,0 8,0,1 8,1,0 S6
5,3,0 5,3,1 6,2,1 6,3,0 6,3,1 7,3,0 E6

        ____________________________________
       /   /   /    \      /        \      /
      /   /   /___   \    /___    ___\    /
     /   /       /   /    \   \  /   /   /
    /   /_______/   /______\   \/   /   /
   /   /   /    \  /   /    \   \   \  /
  /___/   /   ___\/   /      \   \   \/
 /       /    \       \      /   /   /
/_______/______\_______\____/___/___/


solution 9:
0,0,0 0,0,1 1,0,0 1,0,1 1,1,0 1,1,1 C6
0,1,0 0,1,1 0,2,0 0,2,1 0,3,0 0,3,1 I6
7,3,1 8,1,1 8,2,0 8,2,1 8,3,0 8,3,1 P6
2,0,0 2,0,1 2,1,0 2,1,1 3,0,0 3,1,0 F6
1,2,0 1,2,1 1,3,0 1,3,1 2,2,0 2,2,1 V6
2,3,0 2,3,1 3,2,1 3,3,0 3,3,1 4,2,0 H6
3,0,1 3,1,1 3,2,0 4,0,0 4,0,1 4,1,0 G6
4,1,1 5,0,0 5,0,1 5,1,0 5,1,1 6,0,0 X6
4,2,1 4,3,0 4,3,1 5,2,0 5,2,1 5,3,0 O6
5,3,1 6,1,0 6,1,1 6,2,0 6,2,1 6,3,0 J6
6,3,1 7,1,1 7,2,0 7,2,1 7,3,0 8,1,0 S6
6,0,1 7,0,0 7,0,1 7,1,0 8,0,0 8,0,1 E6

        ____________________________________
       /   /   /       /    \   \   \      /
      /   /   /___    /      \   \   \    /
     /   /       /\   \      /   /   /   /
    /   /_______/  \___\____/   /   /   /
   /   /   /    \   \      /   /\   \  /
  /___/   /   ___\   \    /___/  \___\/
 /       /    \      /    \          /
/_______/______\____/______\________/


solution 10:
0,0,0 0,0,1 0,1,0 0,1,1 1,0,0 1,1,0 F6
1,0,1 1,1,1 1,2,0 2,0,0 2,0,1 2,1,0 G6
0,2,0 0,2,1 0,3,0 0,3,1 1,3,0 1,3,1 C6
6,3,1 7,3,0 7,3,1 8,2,1 8,3,0 8,3,1 P6
1,2,1 2,1,1 2,2,0 3,0,0 3,0,1 3,1,0 J6
3,1,1 4,0,0 4,0,1 4,1,0 4,1,1 5,1,0 H6
5,0,0 5,0,1 6,0,0 6,0,1 7,0,0 7,0,1 I6
7,1,1 8,0,0 8,0,1 8,1,0 8,1,1 8,2,0 E6
5,3,0 5,3,1 6,2,1 6,3,0 7,2,0 7,2,1 S6
5,1,1 5,2,1 6,1,0 6,1,1 6,2,0 7,1,0 V6
3,3,1 4,2,0 4,2,1 4,3,0 4,3,1 5,2,0 X6
2,2,1 2,3,0 2,3,1 3,2,0 3,2,1 3,3,0 O6

        ____________________________________
       /       /    \      /    \          /
      /   ____/      \    /___   \____    /
     /   /\   \      /    \   \      /\  /
    /___/  \   \____/______\   \____/  \/
   /    \   \   \       \       \      /
  /   ___\   \   \    ___\_______\    /
 /    \      /   /   /           /   /
/______\____/___/___/___________/___/


solution 11:
0,0,0 0,0,1 0,1,0 0,1,1 1,0,0 1,1,0 F6
1,0,1 1,1,1 1,2,0 2,0,0 2,0,1 2,1,0 G6
0,2,0 0,2,1 0,3,0 0,3,1 1,3,0 1,3,1 C6
7,3,1 8,1,1 8,2,0 8,2,1 8,3,0 8,3,1 P6
1,2,1 2,1,1 2,2,0 3,0,0 3,0,1 3,1,0 J6
3,1,1 4,0,0 4,0,1 4,1,0 4,1,1 5,1,0 H6
5,0,0 5,0,1 6,0,0 6,0,1 7,0,0 7,0,1 I6
7,1,1 7,2,0 7,2,1 8,0,0 8,0,1 8,1,0 S6
5,3,0 5,3,1 6,2,1 6,3,0 6,3,1 7,3,0 E6
5,1,1 5,2,1 6,1,0 6,1,1 6,2,0 7,1,0 V6
3,3,1 4,2,0 4,2,1 4,3,0 4,3,1 5,2,0 X6
2,2,1 2,3,0 2,3,1 3,2,0 3,2,1 3,3,0 O6

        ____________________________________
       /       /    \      /        \      /
      /   ____/      \    /___    ___\    /
     /   /\   \      /    \   \  /   /   /
    /___/  \   \____/______\   \/   /   /
   /    \   \   \       \       \   \  /
  /   ___\   \   \    ___\_______\   \/
 /    \      /   /   /           /   /
/______\____/___/___/___________/___/


solution 12:
0,0,0 0,0,1 0,1,0 0,1,1 1,0,0 1,1,0 F6
1,0,1 2,0,0 2,0,1 2,1,0 2,1,1 3,0,0 H6
0,2,0 0,2,1 0,3,0 0,3,1 1,3,0 1,3,1 C6
1,1,1 1,2,0 1,2,1 2,2,0 2,2,1 3,2,0 J6
2,3,0 2,3,1 3,2,1 3,3,0 4,2,0 4,2,1 S6
3,3,1 4,3,0 4,3,1 5,3,0 5,3,1 6,3,0 I6
3,0,1 3,1,0 3,1,1 4,0,0 4,0,1 4,1,0 O6
6,3,1 7,2,1 7,3,0 7,3,1 8,3,0 8,3,1 P6
7,1,1 7,2,0 8,1,0 8,1,1 8,2,0 8,2,1 G6
6,0,1 7,0,0 7,0,1 7,1,0 8,0,0 8,0,1 E6
4,1,1 5,0,0 5,0,1 5,1,0 5,1,1 6,0,0 X6
5,2,0 5,2,1 6,1,0 6,1,1 6,2,0 6,2,1 V6

        ____________________________________
       /       /    \           \          /
      /   ____/___   \___________\    ____/
     /   /        \      /       /\  /   /
    /___/   _______\____/___    /  \/   /
   /    \  /   /    \      /   /\      /
  /   ___\/   /      \    /___/  \____/
 /    \       \      /    \          /
/______\_______\____/______\________/


solution 13:
0,0,0 0,0,1 0,1,0 0,1,1 1,0,0 1,1,0 F6
1,0,1 2,0,0 2,0,1 2,1,0 2,1,1 3,0,0 H6
0,2,0 0,2,1 0,3,0 0,3,1 1,3,0 1,3,1 C6
1,1,1 1,2,0 1,2,1 2,2,0 2,2,1 2,3,0 S6
6,3,1 7,2,1 7,3,0 7,3,1 8,3,0 8,3,1 P6
8,0,0 8,0,1 8,1,0 8,1,1 8,2,0 8,2,1 I6
2,3,1 3,2,0 3,2,1 3,3,0 3,3,1 4,2,0 X6
3,0,1 3,1,0 3,1,1 4,0,0 4,0,1 4,1,0 O6
4,1,1 5,0,0 5,0,1 5,1,0 5,1,1 5,2,0 E6
4,2,1 4,3,0 4,3,1 5,2,1 5,3,0 6,2,0 G6
6,0,0 6,0,1 6,1,0 6,1,1 7,0,0 7,0,1 V6
5,3,1 6,2,1 6,3,0 7,1,0 7,1,1 7,2,0 J6

        ____________________________________
       /       /\      /    \   \          /
      /   ____/  \    /      \   \    ____/
     /   /       /    \  /\   \   \  /   /
    /___/   ____/______\/  \___\   \/   /
   /    \  /   /    \      /   /   /   /
  /   ___\/   /      \    /   /___/   /
 /    \       \      /   /       /   /
/______\_______\____/___/_______/___/


solution 14:
0,0,0 0,0,1 0,1,0 0,1,1 1,0,0 1,1,0 F6
1,0,1 2,0,0 2,0,1 2,1,0 2,1,1 3,0,0 H6
0,2,0 0,2,1 0,3,0 0,3,1 1,3,0 1,3,1 C6
1,1,1 1,2,0 1,2,1 2,2,0 2,2,1 2,3,0 S6
6,3,1 7,2,1 7,3,0 7,3,1 8,3,0 8,3,1 P6
8,0,0 8,0,1 8,1,0 8,1,1 8,2,0 8,2,1 I6
2,3,1 3,2,0 3,2,1 3,3,0 3,3,1 4,2,0 X6
3,0,1 3,1,0 3,1,1 4,0,0 4,0,1 4,1,0 O6
4,1,1 5,0,0 5,0,1 5,1,0 5,1,1 5,2,0 E6
4,2,1 4,3,0 4,3,1 5,3,0 5,3,1 6,3,0 J6
6,0,0 6,0,1 6,1,0 6,1,1 7,0,0 7,0,1 V6
5,2,1 6,2,0 6,2,1 7,1,0 7,1,1 7,2,0 G6

        ____________________________________
       /       /\      /        \          /
      /   ____/  \    /   _______\    ____/
     /   /       /    \  /\       \  /   /
    /___/   ____/______\/  \____   \/   /
   /    \  /   /    \      /   /   /   /
  /   ___\/   /      \    /   /___/   /
 /    \       \      /   /       /   /
/______\_______\____/___/_______/___/


solution 15:
0,0,0 0,0,1 0,1,0 0,1,1 1,0,0 1,1,0 F6
1,0,1 2,0,0 2,0,1 2,1,0 2,1,1 3,0,0 H6
0,2,0 0,2,1 0,3,0 0,3,1 1,3,0 1,3,1 C6
1,1,1 1,2,0 1,2,1 2,2,0 2,2,1 2,3,0 S6
6,3,1 7,3,0 7,3,1 8,2,1 8,3,0 8,3,1 P6
2,3,1 3,2,0 3,2,1 3,3,0 3,3,1 4,2,0 X6
3,0,1 3,1,0 3,1,1 4,0,0 4,0,1 4,1,0 O6
5,0,0 5,0,1 6,0,0 6,0,1 7,0,0 7,0,1 I6
6,1,1 7,1,0 7,1,1 8,0,0 8,0,1 8,1,0 G6
6,2,0 6,2,1 7,2,0 7,2,1 8,1,1 8,2,0 J6
4,3,0 4,3,1 5,2,1 5,3,0 5,3,1 6,3,0 E6
4,1,1 4,2,1 5,1,0 5,1,1 5,2,0 6,1,0 V6

        ____________________________________
       /       /\      /        \          /
      /   ____/  \    /___    ___\____    /
     /   /       /    \   \  /        \  /
    /___/   ____/______\   \/_______   \/
   /    \  /   /    \       \       \  /
  /   ___\/   /      \_______\____   \/
 /    \       \      /           /   /
/______\_______\____/___________/___/


solution 16:
0,0,0 0,0,1 0,1,0 0,1,1 1,0,0 1,1,0 F6
1,0,1 2,0,0 2,0,1 3,0,0 3,0,1 3,1,0 J6
8,1,0 8,1,1 8,2,0 8,2,1 8,3,0 8,3,1 I6
7,0,0 7,0,1 7,1,0 7,1,1 8,0,0 8,0,1 V6
6,2,0 6,2,1 7,2,0 7,2,1 7,3,0 7,3,1 C6
4,3,1 5,2,1 5,3,0 5,3,1 6,3,0 6,3,1 P6
3,1,1 4,0,0 4,0,1 4,1,0 4,1,1 5,0,0 X6
2,2,1 2,3,0 2,3,1 3,2,0 3,2,1 3,3,0 O6
3,3,1 4,2,0 4,2,1 4,3,0 5,1,1 5,2,0 E6
5,0,1 5,1,0 6,0,0 6,0,1 6,1,0 6,1,1 G6
0,2,0 0,2,1 1,1,1 1,2,0 2,1,0 2,1,1 S6
0,3,0 0,3,1 1,2,1 1,3,0 1,3,1 2,2,0 H6

        ____________________________________
       /       /    \   \          /   /   /
      /___    /      \   \    ____/   /   /
     /    \   \      /    \  /       /   /
    /___   \___\____/___   \/_______/   /
   /    \      /\      /\  /   /   /   /
  /   ___\____/  \    /  \/   /   /___/
 /    \          /    \      /       /
/______\________/______\____/_______/


solution 17:
0,0,0 0,0,1 0,1,0 0,1,1 1,0,0 1,1,0 F6
1,0,1 2,0,0 2,0,1 3,0,0 3,0,1 3,1,0 J6
8,1,0 8,1,1 8,2,0 8,2,1 8,3,0 8,3,1 I6
7,0,0 7,0,1 7,1,0 7,1,1 8,0,0 8,0,1 V6
6,2,0 6,2,1 7,2,0 7,2,1 7,3,0 7,3,1 C6
4,3,1 5,2,1 5,3,0 5,3,1 6,3,0 6,3,1 P6
3,1,1 4,0,0 4,0,1 4,1,0 4,1,1 5,0,0 X6
2,2,1 2,3,0 2,3,1 3,2,0 3,2,1 3,3,0 O6
3,3,1 4,2,0 4,2,1 4,3,0 5,1,1 5,2,0 E6
5,0,1 5,1,0 6,0,0 6,0,1 6,1,0 6,1,1 G6
1,2,1 1,3,0 1,3,1 2,1,0 2,1,1 2,2,0 S6
0,2,0 0,2,1 0,3,0 0,3,1 1,1,1 1,2,0 H6

        ____________________________________
       /   /   /    \   \          /   /   /
      /   /   /      \   \    ____/   /   /
     /    \   \      /    \  /       /   /
    /___   \   \____/___   \/_______/   /
   /    \  /   /\      /\  /   /   /   /
  /   ___\/___/  \    /  \/   /   /___/
 /    \          /    \      /       /
/______\________/______\____/_______/


solution 18:
0,0,0 0,0,1 0,1,0 0,1,1 1,0,0 1,1,0 F6
1,0,1 2,0,0 2,0,1 3,0,0 3,0,1 3,1,0 J6
8,1,0 8,1,1 8,2,0 8,2,1 8,3,0 8,3,1 I6
7,0,0 7,0,1 7,1,0 7,1,1 8,0,0 8,0,1 V6
5,3,1 6,3,0 6,3,1 7,2,1 7,3,0 7,3,1 P6
4,3,1 5,2,1 5,3,0 6,2,0 6,2,1 7,2,0 C6
3,1,1 4,0,0 4,0,1 4,1,0 4,1,1 5,0,0 X6
2,2,1 2,3,0 2,3,1 3,2,0 3,2,1 3,3,0 O6
3,3,1 4,2,0 4,2,1 4,3,0 5,1,1 5,2,0 E6
5,0,1 5,1,0 6,0,0 6,0,1 6,1,0 6,1,1 G6
0,2,0 0,2,1 1,1,1 1,2,0 2,1,0 2,1,1 S6
0,3,0 0,3,1 1,2,1 1,3,0 1,3,1 2,2,0 H6

        ____________________________________
       /       /    \   \   \          /   /
      /___    /      \   \   \____    /   /
     /    \   \      /    \       \  /   /
    /___   \___\____/___   \_______\/   /
   /    \      /\      /\  /   /   /   /
  /   ___\____/  \    /  \/   /   /___/
 /    \          /    \      /       /
/______\________/______\____/_______/


solution 19:
0,0,0 0,0,1 0,1,0 0,1,1 1,0,0 1,1,0 F6
1,0,1 2,0,0 2,0,1 3,0,0 3,0,1 3,1,0 J6
8,1,0 8,1,1 8,2,0 8,2,1 8,3,0 8,3,1 I6
7,0,0 7,0,1 7,1,0 7,1,1 8,0,0 8,0,1 V6
5,3,1 6,3,0 6,3,1 7,2,1 7,3,0 7,3,1 P6
4,3,1 5,2,1 5,3,0 6,2,0 6,2,1 7,2,0 C6
3,1,1 4,0,0 4,0,1 4,1,0 4,1,1 5,0,0 X6
2,2,1 2,3,0 2,3,1 3,2,0 3,2,1 3,3,0 O6
3,3,1 4,2,0 4,2,1 4,3,0 5,1,1 5,2,0 E6
5,0,1 5,1,0 6,0,0 6,0,1 6,1,0 6,1,1 G6
1,2,1 1,3,0 1,3,1 2,1,0 2,1,1 2,2,0 S6
0,2,0 0,2,1 0,3,0 0,3,1 1,1,1 1,2,0 H6

        ____________________________________
       /   /   /    \   \   \          /   /
      /   /   /      \   \   \____    /   /
     /    \   \      /    \       \  /   /
    /___   \   \____/___   \_______\/   /
   /    \  /   /\      /\  /   /   /   /
  /   ___\/___/  \    /  \/   /   /___/
 /    \          /    \      /       /
/______\________/______\____/_______/


solution 20:
0,0,0 0,0,1 0,1,0 0,1,1 1,0,0 1,1,0 F6
1,0,1 1,1,1 2,0,0 2,0,1 2,1,0 3,0,0 V6
0,2,0 0,2,1 0,3,0 0,3,1 1,3,0 1,3,1 C6
1,2,0 1,2,1 2,1,1 2,2,0 2,2,1 3,2,0 E6
2,3,0 2,3,1 3,3,0 3,3,1 4,3,0 4,3,1 I6
6,3,1 7,3,0 7,3,1 8,2,1 8,3,0 8,3,1 P6
7,0,1 7,1,0 7,1,1 8,0,0 8,0,1 8,1,0 O6
6,2,1 6,3,0 7,2,0 7,2,1 8,1,1 8,2,0 S6
4,2,1 5,2,0 5,2,1 5,3,0 5,3,1 6,2,0 H6
5,1,1 6,0,0 6,0,1 6,1,0 6,1,1 7,0,0 X6
3,1,0 3,1,1 3,2,1 4,1,0 4,1,1 4,2,0 G6
3,0,1 4,0,0 4,0,1 5,0,0 5,0,1 5,1,0 J6

        ____________________________________
       /       /           /   /\          /
      /   ____/___________/   /  \____    /
     /   /        \   \       \       \  /
    /___/___    ___\   \_______\____   \/
   /    \   \  /       /\      /    \  /
  /   ___\   \/_______/  \    /      \/
 /    \       \          /    \      /
/______\_______\________/______\____/


solution 21:
0,0,0 0,0,1 0,1,0 0,1,1 1,0,0 1,1,0 F6
1,0,1 1,1,1 2,0,0 2,0,1 2,1,0 3,0,0 V6
0,2,0 0,2,1 0,3,0 0,3,1 1,3,0 1,3,1 C6
1,2,0 1,2,1 2,1,1 2,2,0 2,2,1 3,2,0 E6
2,3,0 2,3,1 3,3,0 3,3,1 4,2,1 4,3,0 J6
3,1,0 3,1,1 3,2,1 4,1,0 4,1,1 4,2,0 G6
3,0,1 4,0,0 4,0,1 5,0,0 5,0,1 6,0,0 I6
6,3,1 7,3,0 7,3,1 8,2,1 8,3,0 8,3,1 P6
5,1,0 5,1,1 6,0,1 6,1,0 6,1,1 7,0,0 H6
4,3,1 5,2,0 5,2,1 5,3,0 5,3,1 6,2,0 X6
6,2,1 6,3,0 7,2,0 7,2,1 8,1,1 8,2,0 S6
7,0,1 7,1,0 7,1,1 8,0,0 8,0,1 8,1,0 O6

        ____________________________________
       /       /        \      /\          /
      /   ____/_______   \    /  \____    /
     /   /        \   \  /    \       \  /
    /___/___    ___\   \/______\____   \/
   /    \   \  /       /       /    \  /
  /   ___\   \/_______/___    /      \/
 /    \       \           \   \      /
/______\_______\___________\___\____/


solution 22:
0,0,0 0,0,1 0,1,0 0,1,1 1,0,0 1,1,0 F6
1,0,1 1,1,1 2,0,0 2,0,1 2,1,0 3,0,0 V6
0,2,0 0,2,1 0,3,0 0,3,1 1,3,0 1,3,1 C6
1,2,0 1,2,1 2,1,1 2,2,0 2,2,1 3,2,0 E6
2,3,0 2,3,1 3,2,1 3,3,0 4,2,0 4,2,1 S6
3,3,1 4,3,0 4,3,1 5,3,0 5,3,1 6,3,0 I6
6,3,1 7,2,1 7,3,0 7,3,1 8,3,0 8,3,1 P6
7,1,1 7,2,0 8,1,0 8,1,1 8,2,0 8,2,1 G6
6,0,1 6,1,0 7,0,0 7,0,1 8,0,0 8,0,1 J6
5,2,0 5,2,1 6,1,1 6,2,0 6,2,1 7,1,0 H6
4,1,1 5,0,0 5,0,1 5,1,0 5,1,1 6,0,0 X6
3,0,1 3,1,0 3,1,1 4,0,0 4,0,1 4,1,0 O6

        ____________________________________
       /       /    \           \          /
      /   ____/___   \___________\    ____/
     /   /        \      /       /\  /   /
    /___/___    ___\____/___    /  \/   /
   /    \   \  /    \      /\   \      /
  /   ___\   \/      \    /  \___\____/
 /    \       \      /    \          /
/______\_______\____/______\________/


solution 23:
0,0,0 0,0,1 0,1,0 0,1,1 1,0,0 1,1,0 F6
1,0,1 1,1,1 2,0,0 2,0,1 2,1,0 3,0,0 V6
0,2,0 0,2,1 0,3,0 0,3,1 1,3,0 1,3,1 C6
1,2,0 1,2,1 2,1,1 2,2,0 2,2,1 2,3,0 H6
6,3,1 7,2,1 7,3,0 7,3,1 8,3,0 8,3,1 P6
8,0,0 8,0,1 8,1,0 8,1,1 8,2,0 8,2,1 I6
2,3,1 3,1,0 3,1,1 3,2,0 3,2,1 3,3,0 J6
3,0,1 4,0,0 4,0,1 4,1,0 4,1,1 5,1,0 S6
5,0,0 5,0,1 5,1,1 6,0,0 6,0,1 6,1,0 G6
6,1,1 7,0,0 7,0,1 7,1,0 7,1,1 7,2,0 E6
3,3,1 4,2,0 4,2,1 4,3,0 4,3,1 5,2,0 X6
5,2,1 5,3,0 5,3,1 6,2,0 6,2,1 6,3,0 O6

        ____________________________________
       /       /\   \      /    \          /
      /   ____/  \   \    /      \    ____/
     /   /       /   /    \      /\  /   /
    /___/___    /   /______\____/  \/   /
   /    \   \  /   /    \   \      /   /
  /   ___\   \/___/   ___\   \    /   /
 /    \       \      /       /   /   /
/______\_______\____/_______/___/___/


solution 24:
0,0,0 0,0,1 0,1,0 0,1,1 1,0,0 1,1,0 F6
1,0,1 1,1,1 2,0,0 2,0,1 2,1,0 3,0,0 V6
0,2,0 0,2,1 0,3,0 0,3,1 1,3,0 1,3,1 C6
1,2,0 1,2,1 2,1,1 2,2,0 2,2,1 2,3,0 H6
6,3,1 7,2,1 7,3,0 7,3,1 8,3,0 8,3,1 P6
8,0,0 8,0,1 8,1,0 8,1,1 8,2,0 8,2,1 I6
2,3,1 3,1,1 3,2,0 3,2,1 3,3,0 4,1,0 S6
3,0,1 3,1,0 4,0,0 4,0,1 5,0,0 5,0,1 J6
3,3,1 4,2,0 4,2,1 4,3,0 4,3,1 5,2,0 X6
4,1,1 5,1,0 5,1,1 6,0,0 6,0,1 6,1,0 G6
6,1,1 7,0,0 7,0,1 7,1,0 7,1,1 7,2,0 E6
5,2,1 5,3,0 5,3,1 6,2,0 6,2,1 6,3,0 O6

        ____________________________________
       /       /\   \      /    \          /
      /   ____/  \   \    /      \    ____/
     /   /       /   /    \      /\  /   /
    /___/___    /   /______\____/  \/   /
   /    \   \  /\   \       \      /   /
  /   ___\   \/  \___\____   \    /   /
 /    \       \          /   /   /   /
/______\_______\________/___/___/___/


solution 25:
0,0,0 0,0,1 0,1,0 0,1,1 1,0,0 1,1,0 F6
1,0,1 1,1,1 2,0,0 2,0,1 2,1,0 3,0,0 V6
0,2,0 0,2,1 0,3,0 0,3,1 1,3,0 1,3,1 C6
1,2,0 1,2,1 2,1,1 2,2,0 2,2,1 2,3,0 H6
6,3,1 7,2,1 7,3,0 7,3,1 8,3,0 8,3,1 P6
8,0,0 8,0,1 8,1,0 8,1,1 8,2,0 8,2,1 I6
2,3,1 3,2,0 3,2,1 3,3,0 3,3,1 4,2,0 X6
5,2,1 5,3,0 5,3,1 6,2,0 6,2,1 6,3,0 O6
4,2,1 4,3,0 4,3,1 5,1,1 5,2,0 6,1,0 J6
6,1,1 7,0,0 7,0,1 7,1,0 7,1,1 7,2,0 E6
4,1,0 4,1,1 5,0,1 5,1,0 6,0,0 6,0,1 S6
3,0,1 3,1,0 3,1,1 4,0,0 4,0,1 5,0,0 G6

        ____________________________________
       /       /\      /   /    \          /
      /   ____/  \    /   /      \    ____/
     /   /       /    \   \      /\  /   /
    /___/___    /______\   \____/  \/   /
   /    \   \  /   /    \   \      /   /
  /   ___\   \/   /___   \___\    /   /
 /    \       \       \      /   /   /
/______\_______\_______\____/___/___/


solution 26:
0,0,0 0,0,1 0,1,0 0,1,1 1,0,0 1,1,0 F6
1,0,1 1,1,1 2,0,0 2,0,1 2,1,0 3,0,0 V6
0,2,0 0,2,1 0,3,0 0,3,1 1,3,0 1,3,1 C6
1,2,0 1,2,1 2,1,1 2,2,0 2,2,1 2,3,0 H6
6,3,1 7,2,1 7,3,0 7,3,1 8,3,0 8,3,1 P6
8,0,0 8,0,1 8,1,0 8,1,1 8,2,0 8,2,1 I6
2,3,1 3,2,0 3,2,1 3,3,0 3,3,1 4,2,0 X6
5,2,1 5,3,0 5,3,1 6,2,0 6,2,1 6,3,0 O6
4,2,1 4,3,0 4,3,1 5,1,0 5,1,1 5,2,0 S6
6,1,1 7,0,0 7,0,1 7,1,0 7,1,1 7,2,0 E6
4,0,1 5,0,0 5,0,1 6,0,0 6,0,1 6,1,0 J6
3,0,1 3,1,0 3,1,1 4,0,0 4,1,0 4,1,1 G6

        ____________________________________
       /       /\      /   /    \          /
      /   ____/  \    /   /      \    ____/
     /   /       /    \   \      /\  /   /
    /___/___    /______\   \____/  \/   /
   /    \   \  /       /   /\      /   /
  /   ___\   \/   ____/___/  \    /   /
 /    \       \   \          /   /   /
/______\_______\___\________/___/___/


solution 27:
0,0,0 0,0,1 0,1,0 0,1,1 1,0,0 1,1,0 F6
1,0,1 1,1,1 2,0,0 2,0,1 2,1,0 3,0,0 V6
0,2,0 0,2,1 0,3,0 0,3,1 1,3,0 1,3,1 C6
1,2,0 1,2,1 2,1,1 2,2,0 2,2,1 3,1,0 H6
2,3,0 2,3,1 3,3,0 3,3,1 4,3,0 4,3,1 I6
3,0,1 4,0,0 4,0,1 4,1,0 5,0,0 5,0,1 E6
3,1,1 3,2,0 3,2,1 4,1,1 4,2,0 5,1,0 G6
6,3,1 7,3,0 7,3,1 8,2,1 8,3,0 8,3,1 P6
5,1,1 6,0,0 6,0,1 6,1,0 6,1,1 7,0,0 X6
4,2,1 5,2,0 5,2,1 5,3,0 5,3,1 6,3,0 S6
7,0,1 7,1,0 7,1,1 8,0,0 8,0,1 8,1,0 O6
6,2,0 6,2,1 7,2,0 7,2,1 8,1,1 8,2,0 J6

        ____________________________________
       /       /           /    \          /
      /   ____/___________/   ___\____    /
     /   /       /    \      /        \  /
    /___/___    /      \____/_______   \/
   /    \   \   \  /\   \      /    \  /
  /   ___\   \___\/  \___\    /      \/
 /    \       \          /    \      /
/______\_______\________/______\____/


solution 28:
0,0,0 0,0,1 0,1,0 0,1,1 1,0,0 1,1,0 F6
1,0,1 1,1,1 2,0,0 2,0,1 2,1,0 3,0,0 V6
0,2,0 0,2,1 0,3,0 0,3,1 1,3,0 1,3,1 C6
1,2,0 1,2,1 2,1,1 2,2,0 2,2,1 3,1,0 H6
2,3,0 2,3,1 3,3,0 3,3,1 4,3,0 4,3,1 I6
3,0,1 4,0,0 4,0,1 5,0,0 5,0,1 5,1,0 J6
3,1,1 3,2,0 3,2,1 4,1,0 4,1,1 4,2,0 O6
6,3,1 7,3,0 7,3,1 8,2,1 8,3,0 8,3,1 P6
5,1,1 6,0,0 6,0,1 6,1,0 6,1,1 7,0,0 X6
4,2,1 5,2,0 5,2,1 5,3,0 5,3,1 6,3,0 S6
6,2,0 6,2,1 7,1,1 7,2,0 7,2,1 8,2,0 E6
7,0,1 7,1,0 8,0,0 8,0,1 8,1,0 8,1,1 G6

        ____________________________________
       /       /           /    \          /
      /   ____/___________/   ___\____    /
     /   /       /    \      /        \  /
    /___/___    /      \____/___    ___\/
   /    \   \   \      /\      /\  /   /
  /   ___\   \___\____/  \    /  \/   /
 /    \       \          /    \      /
/______\_______\________/______\____/


solution 29:
0,0,0 0,0,1 0,1,0 0,1,1 1,0,0 1,1,0 F6
1,0,1 1,1,1 2,0,0 2,0,1 2,1,0 3,0,0 V6
0,2,0 0,2,1 0,3,0 0,3,1 1,3,0 1,3,1 C6
1,2,0 1,2,1 2,1,1 2,2,0 2,2,1 3,1,0 H6
2,3,0 2,3,1 3,3,0 3,3,1 4,2,1 4,3,0 J6
3,0,1 4,0,0 4,0,1 5,0,0 5,0,1 6,0,0 I6
3,1,1 3,2,0 3,2,1 4,1,0 4,1,1 4,2,0 O6
6,3,1 7,3,0 7,3,1 8,2,1 8,3,0 8,3,1 P6
5,1,0 5,1,1 6,0,1 6,1,0 6,1,1 7,1,0 E6
7,0,0 7,0,1 7,1,1 8,0,0 8,0,1 8,1,0 G6
4,3,1 5,2,0 5,2,1 5,3,0 5,3,1 6,2,0 X6
6,2,1 6,3,0 7,2,0 7,2,1 8,1,1 8,2,0 S6

        ____________________________________
       /       /        \      /\          /
      /   ____/_______   \    /  \____    /
     /   /       /    \  /    \       \  /
    /___/___    /      \/______\____   \/
   /    \   \   \      /        \   \  /
  /   ___\   \___\____/___    ___\   \/
 /    \       \           \  /       /
/______\_______\___________\/_______/


solution 30:
0,0,0 0,0,1 0,1,0 0,1,1 1,0,0 1,1,0 F6
1,0,1 1,1,1 2,0,0 2,0,1 2,1,0 3,0,0 V6
0,2,0 0,2,1 0,3,0 0,3,1 1,3,0 1,3,1 C6
1,2,0 1,2,1 2,1,1 2,2,0 3,0,1 3,1,0 J6
6,3,1 7,2,1 7,3,0 7,3,1 8,3,0 8,3,1 P6
7,1,1 7,2,0 8,1,0 8,1,1 8,2,0 8,2,1 G6
6,0,0 6,0,1 7,0,0 7,0,1 8,0,0 8,0,1 I6
3,1,1 4,0,0 4,0,1 4,1,0 4,1,1 5,0,0 X6
2,2,1 2,3,0 2,3,1 3,2,0 3,2,1 3,3,0 O6
3,3,1 4,2,0 4,2,1 4,3,0 4,3,1 5,3,0 H6
5,3,1 6,1,1 6,2,0 6,2,1 6,3,0 7,1,0 S6
5,0,1 5,1,0 5,1,1 5,2,0 5,2,1 6,1,0 E6

        ____________________________________
       /       /    \       \   \          /
      /   ____/      \    ___\   \    ____/
     /   /    \      /   /   /   /\  /   /
    /___/___   \____/___/   /   /  \/   /
   /    \   \   \      /    \   \      /
  /   ___\   \   \    /   ___\___\____/
 /    \       \  /    \  /           /
/______\_______\/______\/___________/


solution 31:
0,0,0 0,0,1 0,1,0 0,1,1 1,0,0 1,1,0 F6
1,0,1 1,1,1 2,0,0 2,0,1 2,1,0 3,0,0 V6
0,2,0 0,2,1 0,3,0 0,3,1 1,3,0 1,3,1 C6
1,2,0 1,2,1 2,1,1 2,2,0 3,1,0 3,1,1 S6
3,0,1 4,0,0 4,0,1 4,1,0 4,1,1 5,0,0 H6
7,2,1 8,1,1 8,2,0 8,2,1 8,3,0 8,3,1 P6
5,3,0 5,3,1 6,3,0 6,3,1 7,3,0 7,3,1 I6
3,3,1 4,2,0 4,2,1 4,3,0 4,3,1 5,2,0 X6
2,2,1 2,3,0 2,3,1 3,2,0 3,2,1 3,3,0 O6
5,2,1 6,1,0 6,1,1 6,2,0 7,0,1 7,1,0 E6
5,0,1 5,1,0 5,1,1 6,0,0 6,0,1 7,0,0 G6
6,2,1 7,1,1 7,2,0 8,0,0 8,0,1 8,1,0 J6

        ____________________________________
       /       /    \      /           /   /
      /   ____/      \    /___________/   /
     /   /    \      /    \   \   \      /
    /___/___   \____/______\   \   \    /
   /    \   \      /   /   /    \   \  /
  /   ___\   \____/   /   /___   \   \/
 /    \       \       \       \  /   /
/______\_______\_______\_______\/___/


solution 32:
0,0,0 0,0,1 0,1,0 0,1,1 1,0,0 1,1,0 F6
1,0,1 1,1,1 2,0,0 2,0,1 2,1,0 3,0,0 V6
0,2,0 0,2,1 0,3,0 0,3,1 1,3,0 1,3,1 C6
1,2,0 1,2,1 2,1,1 2,2,0 3,1,0 3,1,1 S6
3,0,1 4,0,0 4,0,1 4,1,0 4,1,1 5,0,0 H6
6,3,1 7,2,1 7,3,0 7,3,1 8,3,0 8,3,1 P6
8,0,0 8,0,1 8,1,0 8,1,1 8,2,0 8,2,1 I6
2,2,1 2,3,0 2,3,1 3,2,0 3,2,1 3,3,0 O6
3,3,1 4,2,0 4,2,1 4,3,0 4,3,1 5,2,0 X6
5,0,1 5,1,0 5,1,1 6,0,0 6,0,1 7,0,0 G6
5,2,1 6,1,0 6,1,1 6,2,0 7,0,1 7,1,0 E6
5,3,0 5,3,1 6,2,1 6,3,0 7,1,1 7,2,0 J6

        ____________________________________
       /       /    \      /    \          /
      /   ____/      \    /___   \    ____/
     /   /    \      /    \   \   \  /   /
    /___/___   \____/______\   \   \/   /
   /    \   \      /   /   /    \  /   /
  /   ___\   \____/   /   /___   \/   /
 /    \       \       \       \  /   /
/______\_______\_______\_______\/___/


solution 33:
0,0,0 0,0,1 0,1,0 0,1,1 1,0,0 1,1,0 F6
1,0,1 1,1,1 2,0,0 2,0,1 2,1,0 3,0,0 V6
0,2,0 0,2,1 0,3,0 0,3,1 1,3,0 1,3,1 C6
1,2,0 1,2,1 2,1,1 2,2,0 3,1,0 3,1,1 S6
3,0,1 4,0,0 4,0,1 4,1,0 4,1,1 5,0,0 H6
6,3,1 7,2,1 7,3,0 7,3,1 8,3,0 8,3,1 P6
8,0,0 8,0,1 8,1,0 8,1,1 8,2,0 8,2,1 I6
2,2,1 2,3,0 2,3,1 3,2,0 3,2,1 3,3,0 O6
3,3,1 4,2,0 4,2,1 4,3,0 4,3,1 5,2,0 X6
5,0,1 5,1,0 6,0,0 6,0,1 7,0,0 7,0,1 J6
5,1,1 6,1,0 6,1,1 6,2,0 7,1,0 7,1,1 E6
5,2,1 5,3,0 5,3,1 6,2,1 6,3,0 7,2,0 G6

        ____________________________________
       /       /    \      /    \          /
      /   ____/      \    /      \    ____/
     /   /    \      /    \  /\   \  /   /
    /___/___   \____/______\/  \___\/   /
   /    \   \      /   /\          /   /
  /   ___\   \____/   /  \________/   /
 /    \       \       \          /   /
/______\_______\_______\________/___/


solution 34:
0,0,0 0,0,1 0,1,0 0,1,1 1,0,0 1,1,0 F6
1,0,1 1,1,1 2,0,0 2,0,1 2,1,0 3,0,0 V6
0,2,0 0,2,1 0,3,0 0,3,1 1,3,0 1,3,1 C6
1,2,0 1,2,1 2,1,1 2,2,0 3,1,0 3,1,1 S6
3,0,1 4,0,0 4,0,1 4,1,0 4,1,1 5,0,0 H6
7,3,1 8,1,1 8,2,0 8,2,1 8,3,0 8,3,1 P6
2,2,1 2,3,0 2,3,1 3,2,0 3,2,1 3,3,0 O6
3,3,1 4,2,0 4,2,1 4,3,0 4,3,1 5,2,0 X6
5,1,0 5,1,1 5,2,1 6,1,0 6,1,1 6,2,0 G6
5,0,1 6,0,0 6,0,1 7,0,0 7,0,1 8,0,0 I6
6,2,1 7,1,0 7,1,1 7,2,0 8,0,1 8,1,0 E6
5,3,0 5,3,1 6,3,0 6,3,1 7,2,1 7,3,0 J6

        ____________________________________
       /       /    \      /        \      /
      /   ____/      \    /_______   \    /
     /   /    \      /    \   \   \  /   /
    /___/___   \____/______\   \   \/   /
   /    \   \      /   /       /    \  /
  /   ___\   \____/   /_______/___   \/
 /    \       \       \           \  /
/______\_______\_______\___________\/


solution 35:
0,0,0 0,0,1 0,1,0 0,1,1 1,0,0 1,1,0 F6
1,0,1 1,1,1 2,0,0 2,0,1 2,1,0 3,0,0 V6
0,2,0 0,2,1 1,2,0 1,2,1 2,1,1 2,2,0 J6
0,3,0 0,3,1 1,3,0 1,3,1 2,3,0 2,3,1 I6
6,3,1 7,3,0 7,3,1 8,2,1 8,3,0 8,3,1 P6
3,2,1 3,3,0 3,3,1 4,2,0 4,2,1 4,3,0 O6
2,2,1 3,0,1 3,1,0 3,1,1 3,2,0 4,0,0 S6
4,0,1 4,1,0 4,1,1 5,0,0 5,0,1 6,0,0 G6
6,2,1 6,3,0 7,1,1 7,2,0 7,2,1 8,2,0 H6
7,0,0 7,0,1 8,0,0 8,0,1 8,1,0 8,1,1 C6
5,1,0 5,1,1 6,0,1 6,1,0 6,1,1 7,1,0 E6
4,3,1 5,2,0 5,2,1 5,3,0 5,3,1 6,2,0 X6

        ____________________________________
       /           /    \      /\          /
      /___________/      \    /  \____    /
     /        \   \      /    \       \  /
    /_______   \   \____/______\    ___\/
   /    \   \  /   /   /        \  /   /
  /   ___\   \/   /   /___    ___\/   /
 /    \       \   \       \  /       /
/______\_______\___\_______\/_______/


solution 36:
0,0,0 0,0,1 0,1,0 1,0,0 1,0,1 1,1,0 F6
0,1,1 0,2,0 0,2,1 0,3,0 0,3,1 1,2,0 E6
6,3,1 7,2,1 7,3,0 7,3,1 8,3,0 8,3,1 P6
7,1,0 7,1,1 8,1,0 8,1,1 8,2,0 8,2,1 C6
6,0,0 6,0,1 7,0,0 7,0,1 8,0,0 8,0,1 I6
1,1,1 2,0,0 2,0,1 2,1,0 2,1,1 3,0,0 X6
5,3,1 6,1,1 6,2,0 6,2,1 6,3,0 7,2,0 H6
4,3,1 5,1,1 5,2,0 5,2,1 5,3,0 6,1,0 S6
1,2,1 1,3,0 1,3,1 2,2,0 2,2,1 2,3,0 O6
2,3,1 3,3,0 3,3,1 4,2,0 4,2,1 4,3,0 G6
3,1,0 3,1,1 3,2,0 3,2,1 4,1,0 4,1,1 V6
3,0,1 4,0,0 4,0,1 5,0,0 5,0,1 5,1,0 J6

        ____________________________________
       /   /    \       \   \   \          /
      /   /      \____   \   \   \    ____/
     /    \      /   /   /   /    \  /   /
    /   ___\____/   /___/   /   ___\/   /
   /\  /\      /       /\   \  /       /
  /  \/  \    /_______/  \___\/_______/
 /       /    \          /           /
/_______/______\________/___________/


solution 37:
0,0,0 0,0,1 0,1,0 1,0,0 1,0,1 1,1,0 F6
0,1,1 0,2,0 0,2,1 0,3,0 0,3,1 1,2,0 E6
6,3,1 7,2,1 7,3,0 7,3,1 8,3,0 8,3,1 P6
7,1,0 7,1,1 8,1,0 8,1,1 8,2,0 8,2,1 C6
6,0,0 6,0,1 7,0,0 7,0,1 8,0,0 8,0,1 I6
1,1,1 2,0,0 2,0,1 2,1,0 2,1,1 3,0,0 X6
5,1,1 6,1,0 6,1,1 6,2,0 6,2,1 7,2,0 S6
4,3,1 5,2,0 5,2,1 5,3,0 5,3,1 6,3,0 H6
1,2,1 1,3,0 1,3,1 2,2,0 2,2,1 2,3,0 O6
2,3,1 3,3,0 3,3,1 4,2,0 4,2,1 4,3,0 G6
3,1,0 3,1,1 3,2,0 3,2,1 4,1,0 4,1,1 V6
3,0,1 4,0,0 4,0,1 5,0,0 5,0,1 5,1,0 J6

        ____________________________________
       /   /    \       \       \          /
      /   /      \____   \    ___\    ____/
     /    \      /   /   /   /    \  /   /
    /   ___\____/   /___/___/   ___\/   /
   /\  /\      /       /\      /       /
  /  \/  \    /_______/  \____/_______/
 /       /    \          /           /
/_______/______\________/___________/


solution 38:
0,0,0 0,0,1 0,1,0 1,0,0 1,0,1 1,1,0 F6
0,1,1 0,2,0 0,2,1 0,3,0 0,3,1 1,2,0 E6
6,3,1 7,2,1 7,3,0 7,3,1 8,3,0 8,3,1 P6
8,0,0 8,0,1 8,1,0 8,1,1 8,2,0 8,2,1 I6
1,1,1 2,0,0 2,0,1 2,1,0 2,1,1 3,0,0 X6
1,2,1 1,3,0 1,3,1 2,2,0 2,2,1 2,3,0 O6
2,3,1 3,3,0 3,3,1 4,2,0 4,2,1 4,3,0 G6
3,1,0 3,1,1 3,2,0 3,2,1 4,1,0 4,1,1 V6
3,0,1 4,0,0 4,0,1 5,0,0 5,0,1 5,1,0 J6
6,0,0 6,0,1 7,0,0 7,0,1 7,1,0 7,1,1 C6
5,1,1 6,1,0 6,1,1 6,2,0 6,2,1 7,2,0 S6
4,3,1 5,2,0 5,2,1 5,3,0 5,3,1 6,3,0 H6

        ____________________________________
       /   /    \       \       \          /
      /   /      \____   \    ___\    ____/
     /    \      /   /   /   /    \  /   /
    /   ___\____/   /___/___/   ___\/   /
   /\  /\      /       /\      /   /   /
  /  \/  \    /_______/  \____/   /   /
 /       /    \          /       /   /
/_______/______\________/_______/___/


solution 39:
0,0,0 0,0,1 0,1,0 1,0,0 1,0,1 1,1,0 F6
0,1,1 0,2,0 0,2,1 0,3,0 0,3,1 1,2,0 E6
6,3,1 7,2,1 7,3,0 7,3,1 8,3,0 8,3,1 P6
8,0,0 8,0,1 8,1,0 8,1,1 8,2,0 8,2,1 I6
1,1,1 2,0,0 2,0,1 2,1,0 2,1,1 3,0,0 X6
1,2,1 1,3,0 1,3,1 2,2,0 2,2,1 2,3,0 O6
2,3,1 3,3,0 3,3,1 4,2,0 4,2,1 4,3,0 G6
3,1,0 3,1,1 3,2,0 3,2,1 4,1,0 4,1,1 V6
3,0,1 4,0,0 4,0,1 5,0,0 5,0,1 5,1,0 J6
6,0,0 6,0,1 7,0,0 7,0,1 7,1,0 7,1,1 C6
4,3,1 5,1,1 5,2,0 5,2,1 5,3,0 6,1,0 S6
5,3,1 6,1,1 6,2,0 6,2,1 6,3,0 7,2,0 H6

        ____________________________________
       /   /    \       \   \   \          /
      /   /      \____   \   \   \    ____/
     /    \      /   /   /   /    \  /   /
    /   ___\____/   /___/   /   ___\/   /
   /\  /\      /       /\   \  /   /   /
  /  \/  \    /_______/  \___\/   /   /
 /       /    \          /       /   /
/_______/______\________/_______/___/


solution 40:
0,0,0 0,0,1 0,1,0 1,0,0 1,0,1 1,1,0 F6
0,1,1 0,2,0 0,2,1 0,3,0 0,3,1 1,2,0 E6
6,3,1 7,2,1 7,3,0 7,3,1 8,3,0 8,3,1 P6
8,0,0 8,0,1 8,1,0 8,1,1 8,2,0 8,2,1 I6
1,1,1 2,0,0 2,0,1 2,1,0 2,1,1 3,0,0 X6
1,2,1 1,3,0 1,3,1 2,2,0 2,2,1 2,3,0 O6
2,3,1 3,3,0 3,3,1 4,2,0 4,2,1 4,3,0 G6
3,1,0 3,1,1 3,2,0 3,2,1 4,1,0 4,1,1 V6
3,0,1 4,0,0 4,0,1 5,0,0 5,0,1 5,1,0 J6
5,1,1 6,0,0 6,0,1 6,1,0 7,0,0 7,0,1 H6
5,2,0 5,2,1 6,1,1 6,2,0 7,1,0 7,1,1 S6
4,3,1 5,3,0 5,3,1 6,2,1 6,3,0 7,2,0 C6

        ____________________________________
       /   /    \       \       \          /
      /   /      \____   \____   \    ____/
     /    \      /   /   /    \   \  /   /
    /   ___\____/   /___/___   \___\/   /
   /\  /\      /       /\   \      /   /
  /  \/  \    /_______/  \   \____/   /
 /       /    \          /       /   /
/_______/______\________/_______/___/


solution 41:
0,0,0 0,0,1 0,1,0 1,0,0 1,0,1 1,1,0 F6
0,1,1 0,2,0 0,2,1 0,3,0 0,3,1 1,2,0 E6
6,3,1 7,2,1 7,3,0 7,3,1 8,3,0 8,3,1 P6
8,0,0 8,0,1 8,1,0 8,1,1 8,2,0 8,2,1 I6
1,1,1 2,0,0 2,0,1 2,1,0 2,1,1 3,0,0 X6
1,2,1 1,3,0 1,3,1 2,2,0 2,2,1 2,3,0 O6
2,3,1 3,3,0 3,3,1 4,2,0 4,2,1 4,3,0 G6
3,1,0 3,1,1 3,2,0 3,2,1 4,1,0 4,1,1 V6
3,0,1 4,0,0 4,0,1 5,0,0 5,0,1 5,1,0 J6
5,1,1 5,2,0 5,2,1 6,0,0 6,0,1 6,1,0 S6
6,1,1 6,2,0 7,0,0 7,0,1 7,1,0 7,1,1 H6
4,3,1 5,3,0 5,3,1 6,2,1 6,3,0 7,2,0 C6

        ____________________________________
       /   /    \       \       \          /
      /   /      \____   \____   \    ____/
     /    \      /   /   /   /\   \  /   /
    /   ___\____/   /___/   /  \___\/   /
   /\  /\      /       /\   \      /   /
  /  \/  \    /_______/  \   \    /   /
 /       /    \          /   /   /   /
/_______/______\________/___/___/___/


solution 42:
0,0,0 0,0,1 0,1,0 1,0,0 1,0,1 1,1,0 F6
0,1,1 0,2,0 0,2,1 0,3,0 0,3,1 1,2,0 E6
6,3,1 7,3,0 7,3,1 8,2,1 8,3,0 8,3,1 P6
1,1,1 2,0,0 2,0,1 2,1,0 2,1,1 3,0,0 X6
1,2,1 1,3,0 1,3,1 2,2,0 2,3,0 2,3,1 G6
3,2,1 3,3,0 3,3,1 4,2,0 4,2,1 4,3,0 O6
2,2,1 3,0,1 3,1,0 3,1,1 3,2,0 4,1,0 H6
4,0,0 4,0,1 5,0,0 5,0,1 6,0,0 6,0,1 I6
4,1,1 5,1,0 5,1,1 5,2,0 5,2,1 6,2,0 S6
4,3,1 5,3,0 5,3,1 6,2,1 6,3,0 7,2,0 C6
7,2,1 8,0,0 8,0,1 8,1,0 8,1,1 8,2,0 J6
6,1,0 6,1,1 7,0,0 7,0,1 7,1,0 7,1,1 V6

        ____________________________________
       /   /       /    \       \          /
      /   /   ____/      \____   \____    /
     /    \   \   \      /    \   \   \  /
    /   ___\___\   \____/   ___\___\   \/
   /\  /\      /    \      /       /   /
  /  \/  \    /   ___\____/___    /   /
 /       /    \  /           /   /   /
/_______/______\/___________/___/___/


solution 43:
0,0,0 0,0,1 0,1,0 1,0,0 1,0,1 1,1,0 F6
0,1,1 0,2,0 0,2,1 0,3,0 0,3,1 1,2,0 E6
6,3,1 7,3,0 7,3,1 8,2,1 8,3,0 8,3,1 P6
1,1,1 2,0,0 2,0,1 2,1,0 2,1,1 3,0,0 X6
1,3,0 1,3,1 2,3,0 2,3,1 3,3,0 3,3,1 I6
1,2,1 2,2,0 2,2,1 3,1,0 3,1,1 3,2,0 G6
3,0,1 4,0,0 4,0,1 4,1,0 4,1,1 5,0,0 H6
3,2,1 4,2,0 4,2,1 4,3,0 4,3,1 5,3,0 S6
5,3,1 6,2,1 6,3,0 7,2,0 7,2,1 8,2,0 C6
7,1,0 7,1,1 8,0,0 8,0,1 8,1,0 8,1,1 V6
5,1,1 5,2,0 5,2,1 6,1,0 6,1,1 6,2,0 O6
5,0,1 5,1,0 6,0,0 6,0,1 7,0,0 7,0,1 J6

        ____________________________________
       /   /           /    \   \          /
      /   /___________/   ___\   \____    /
     /    \       \      /    \       \  /
    /   ___\____   \____/      \_______\/
   /\  /\      /   /   /\      /       /
  /  \/  \    /___/   /  \____/___    /
 /       /    \       \          /   /
/_______/______\_______\________/___/


solution 44:
0,0,0 0,0,1 0,1,0 1,0,0 1,0,1 1,1,0 F6
0,1,1 0,2,0 0,2,1 0,3,0 0,3,1 1,2,0 E6
6,3,1 7,3,0 7,3,1 8,2,1 8,3,0 8,3,1 P6
1,1,1 2,0,0 2,0,1 2,1,0 2,1,1 3,0,0 X6
1,3,0 1,3,1 2,3,0 2,3,1 3,2,1 3,3,0 J6
1,2,1 2,2,0 2,2,1 3,1,0 3,1,1 3,2,0 G6
3,0,1 4,0,0 4,0,1 4,1,0 4,1,1 5,1,0 S6
5,0,0 5,0,1 6,0,0 6,0,1 7,0,0 7,0,1 I6
7,1,0 7,1,1 8,0,0 8,0,1 8,1,0 8,1,1 V6
5,3,1 6,2,1 6,3,0 7,2,0 7,2,1 8,2,0 C6
5,1,1 5,2,0 5,2,1 6,1,0 6,1,1 6,2,0 O6
3,3,1 4,2,0 4,2,1 4,3,0 4,3,1 5,3,0 H6

        ____________________________________
       /   /        \       \   \          /
      /   /_______   \    ___\   \____    /
     /    \       \  /   /    \       \  /
    /   ___\____   \/___/      \_______\/
   /\  /\      /   /    \      /       /
  /  \/  \    /___/   ___\____/___    /
 /       /    \      /           /   /
/_______/______\____/___________/___/


solution 45:
0,0,0 0,0,1 0,1,0 1,0,0 1,0,1 1,1,0 F6
0,1,1 0,2,0 0,2,1 0,3,0 0,3,1 1,2,0 E6
7,3,1 8,1,1 8,2,0 8,2,1 8,3,0 8,3,1 P6
2,0,0 2,0,1 3,0,0 3,0,1 4,0,0 4,0,1 I6
1,1,1 1,2,1 2,1,0 2,1,1 2,2,0 3,1,0 V6
1,3,0 1,3,1 2,3,0 2,3,1 3,2,1 3,3,0 J6
2,2,1 3,1,1 3,2,0 4,1,0 4,1,1 5,1,0 C6
5,0,0 5,0,1 5,1,1 6,0,0 6,0,1 6,1,0 G6
3,3,1 4,2,0 4,2,1 4,3,0 4,3,1 5,2,0 X6
5,2,1 5,3,0 5,3,1 6,2,0 6,2,1 6,3,0 O6
6,3,1 7,1,1 7,2,0 7,2,1 7,3,0 8,1,0 S6
6,1,1 7,0,0 7,0,1 7,1,0 8,0,0 8,0,1 H6

        ____________________________________
       /   /        \      /    \   \      /
      /   /_______   \    /      \   \    /
     /    \   \   \  /    \      /   /   /
    /   ___\   \   \/______\____/   /   /
   /\  /\       \       \   \   \   \  /
  /  \/  \_______\_______\   \   \___\/
 /       /           /       /       /
/_______/___________/_______/_______/


solution 46:
0,0,0 0,0,1 0,1,0 0,1,1 0,2,0 1,0,0 P6
7,3,0 7,3,1 8,2,0 8,2,1 8,3,0 8,3,1 V6
7,0,0 7,0,1 8,0,0 8,0,1 8,1,0 8,1,1 C6
6,2,1 6,3,0 6,3,1 7,1,1 7,2,0 7,2,1 F6
5,1,0 5,1,1 6,0,1 6,1,0 6,1,1 7,1,0 E6
3,0,1 4,0,0 4,0,1 5,0,0 5,0,1 6,0,0 I6
4,3,1 5,2,0 5,2,1 5,3,0 5,3,1 6,2,0 X6
2,2,1 2,3,0 2,3,1 3,2,0 3,2,1 3,3,0 O6
3,3,1 4,1,0 4,1,1 4,2,0 4,2,1 4,3,0 J6
2,0,1 2,1,0 2,1,1 3,0,0 3,1,0 3,1,1 G6
0,2,1 1,0,1 1,1,0 1,1,1 1,2,0 2,0,0 S6
0,3,0 0,3,1 1,2,1 1,3,0 1,3,1 2,2,0 H6

        ____________________________________
       /       /    \   \      /   /       /
      /___    /      \   \    /   /___    /
     /\   \   \      /   /    \      /   /
    /  \   \___\____/   /______\    /___/
   /   /   /       /   /        \  /   /
  /   /   /   ____/___/___    ___\/   /
 /    \   \   \           \  /       /
/______\___\___\___________\/_______/


solution 47:
0,0,0 0,0,1 0,1,0 0,1,1 0,2,0 1,0,0 P6
7,3,0 7,3,1 8,2,0 8,2,1 8,3,0 8,3,1 V6
7,0,0 7,0,1 8,0,0 8,0,1 8,1,0 8,1,1 C6
5,3,1 6,2,1 6,3,0 6,3,1 7,2,0 7,2,1 F6
5,2,0 5,2,1 6,1,1 6,2,0 7,1,0 7,1,1 S6
3,3,1 4,2,0 4,2,1 4,3,0 4,3,1 5,3,0 H6
5,0,1 5,1,0 5,1,1 6,0,0 6,0,1 6,1,0 O6
3,1,1 4,0,0 4,0,1 4,1,0 4,1,1 5,0,0 X6
0,3,1 1,3,0 1,3,1 2,3,0 2,3,1 3,3,0 I6
2,1,1 2,2,0 2,2,1 3,1,0 3,2,0 3,2,1 G6
0,2,1 0,3,0 1,1,1 1,2,0 1,2,1 2,1,0 E6
1,0,1 1,1,0 2,0,0 2,0,1 3,0,0 3,0,1 J6

        ____________________________________
       /\           \       \      /       /
      /  \___________\    ___\    /___    /
     /\      /       /   /    \      /   /
    /  \    /   ____/___/___   \____/___/
   /   /\   \   \      /    \      /   /
  /   /  \___\___\    /      \____/   /
 /    \          /    \      /       /
/______\________/______\____/_______/


solution 48:
0,0,0 0,0,1 0,1,0 0,1,1 0,2,0 1,1,0 P6
1,0,0 1,0,1 2,0,0 2,0,1 3,0,0 3,0,1 I6
7,3,0 7,3,1 8,2,0 8,2,1 8,3,0 8,3,1 V6
5,0,1 5,1,0 5,1,1 6,0,0 6,0,1 6,1,0 O6
3,1,1 4,0,0 4,0,1 4,1,0 4,1,1 5,0,0 X6
7,0,0 7,0,1 8,0,0 8,0,1 8,1,0 8,1,1 C6
5,3,1 6,2,1 6,3,0 6,3,1 7,2,0 7,2,1 F6
5,2,0 5,2,1 6,1,1 6,2,0 7,1,0 7,1,1 S6
3,3,1 4,2,0 4,2,1 4,3,0 4,3,1 5,3,0 H6
1,2,1 1,3,0 2,1,1 2,2,0 2,2,1 3,1,0 E6
1,3,1 2,3,0 2,3,1 3,2,0 3,2,1 3,3,0 G6
0,2,1 0,3,0 0,3,1 1,1,1 1,2,0 2,1,0 J6

        ____________________________________
       /   /\       \       \      /       /
      /   /  \____   \    ___\    /___    /
     /\   \      /   /   /    \      /   /
    /  \   \    /___/___/___   \____/___/
   /    \   \   \      /    \      /   /
  /   ___\___\___\    /      \____/   /
 /   /           /    \      /       /
/___/___________/______\____/_______/


solution 49:
0,0,0 0,0,1 0,1,0 1,0,0 1,0,1 2,0,0 P6
7,3,0 7,3,1 8,2,0 8,2,1 8,3,0 8,3,1 V6
7,0,0 7,0,1 8,0,0 8,0,1 8,1,0 8,1,1 C6
6,2,1 6,3,0 6,3,1 7,1,1 7,2,0 7,2,1 F6
5,1,0 5,1,1 6,0,1 6,1,0 6,1,1 7,1,0 E6
4,0,1 4,1,0 4,1,1 5,0,0 5,0,1 6,0,0 G6
4,3,1 5,2,0 5,2,1 5,3,0 5,3,1 6,2,0 X6
2,2,1 3,0,1 3,1,0 3,1,1 3,2,0 4,0,0 S6
3,2,1 3,3,0 3,3,1 4,2,0 4,2,1 4,3,0 O6
0,3,0 0,3,1 1,3,0 1,3,1 2,3,0 2,3,1 I6
1,1,0 1,1,1 2,0,1 2,1,0 2,1,1 3,0,0 H6
0,1,1 0,2,0 0,2,1 1,2,0 1,2,1 2,2,0 J6

        ____________________________________
       /           /    \      /   /       /
      /___________/      \    /   /___    /
     /        \   \      /    \      /   /
    /   _______\   \____/______\    /___/
   /\  /       /   /   /        \  /   /
  /  \/___    /   /   /___    ___\/   /
 /        \   \   \       \  /       /
/__________\___\___\_______\/_______/


solution 50:
0,0,0 0,0,1 0,1,0 1,0,0 1,0,1 2,0,0 P6
7,3,0 7,3,1 8,2,0 8,2,1 8,3,0 8,3,1 V6
7,0,0 7,0,1 8,0,0 8,0,1 8,1,0 8,1,1 C6
6,2,1 6,3,0 6,3,1 7,1,1 7,2,0 7,2,1 F6
5,1,1 6,0,0 6,0,1 6,1,0 6,1,1 7,1,0 H6
4,3,1 5,2,0 5,2,1 5,3,0 5,3,1 6,2,0 X6
0,1,1 0,2,0 0,2,1 1,1,0 1,1,1 1,2,0 O6
0,3,0 0,3,1 1,2,1 1,3,0 1,3,1 2,3,0 E6
2,2,0 2,2,1 2,3,1 3,2,0 3,2,1 3,3,0 G6
3,3,1 4,1,1 4,2,0 4,2,1 4,3,0 5,1,0 S6
3,0,0 3,0,1 4,0,0 4,0,1 5,0,0 5,0,1 I6
2,0,1 2,1,0 2,1,1 3,1,0 3,1,1 4,1,0 J6

        ____________________________________
       /        \   \   \      /   /       /
      /___    ___\   \   \    /   /___    /
     /    \  /       /   /    \      /   /
    /      \/_______/   /______\    /___/
   /\      /        \   \       \  /   /
  /  \____/   _______\___\    ___\/   /
 /        \  /           /   /       /
/__________\/___________/___/_______/


solution 51:
0,0,0 0,0,1 0,1,0 1,0,0 1,0,1 2,0,0 P6
7,3,0 7,3,1 8,2,0 8,2,1 8,3,0 8,3,1 V6
7,0,0 7,0,1 8,0,0 8,0,1 8,1,0 8,1,1 C6
6,2,1 6,3,0 6,3,1 7,1,1 7,2,0 7,2,1 F6
5,1,1 6,0,0 6,0,1 6,1,0 6,1,1 7,1,0 H6
4,3,1 5,2,0 5,2,1 5,3,0 5,3,1 6,2,0 X6
0,1,1 0,2,0 0,2,1 1,1,0 1,1,1 1,2,0 O6
0,3,0 0,3,1 1,3,0 1,3,1 2,3,0 2,3,1 I6
1,2,1 2,2,0 2,2,1 3,2,0 3,2,1 3,3,0 J6
3,3,1 4,1,1 4,2,0 4,2,1 4,3,0 5,1,0 S6
3,0,1 4,0,0 4,0,1 4,1,0 5,0,0 5,0,1 E6
2,0,1 2,1,0 2,1,1 3,0,0 3,1,0 3,1,1 G6

        ____________________________________
       /           /\   \      /   /       /
      /___________/  \   \    /   /___    /
     /    \          /   /    \      /   /
    /      \________/   /______\    /___/
   /\      /       /\   \       \  /   /
  /  \____/   ____/  \___\    ___\/   /
 /        \   \          /   /       /
/__________\___\________/___/_______/


solution 52:
0,0,0 0,0,1 0,1,0 1,0,0 1,0,1 2,0,0 P6
7,3,0 7,3,1 8,2,0 8,2,1 8,3,0 8,3,1 V6
7,0,0 7,0,1 8,0,0 8,0,1 8,1,0 8,1,1 C6
6,2,1 6,3,0 6,3,1 7,1,1 7,2,0 7,2,1 F6
5,2,1 6,0,1 6,1,0 6,1,1 6,2,0 7,1,0 H6
3,3,0 3,3,1 4,3,0 4,3,1 5,3,0 5,3,1 I6
4,2,1 5,0,1 5,1,0 5,1,1 5,2,0 6,0,0 S6
3,1,1 4,0,0 4,0,1 4,1,0 4,1,1 5,0,0 X6
2,2,1 2,3,0 2,3,1 3,2,0 3,2,1 4,2,0 G6
1,1,1 1,2,0 1,2,1 1,3,0 1,3,1 2,2,0 E6
0,1,1 0,2,0 0,2,1 0,3,0 0,3,1 1,1,0 J6
2,0,1 2,1,0 2,1,1 3,0,0 3,0,1 3,1,0 O6

        ____________________________________
       /   /   /   /           /   /       /
      /   /   /   /___________/   /___    /
     /   /    \       \   \   \      /   /
    /   /   ___\_______\   \   \    /___/
   /\   \  /    \      /   /    \  /   /
  /  \___\/      \    /   /   ___\/   /
 /        \      /    \   \  /       /
/__________\____/______\___\/_______/


solution 53:
0,0,0 0,0,1 0,1,0 1,0,0 1,0,1 2,0,0 P6
7,3,0 7,3,1 8,2,0 8,2,1 8,3,0 8,3,1 V6
7,0,0 7,0,1 8,0,0 8,0,1 8,1,0 8,1,1 C6
6,2,1 6,3,0 6,3,1 7,1,1 7,2,0 7,2,1 F6
4,1,1 5,1,0 5,1,1 6,1,0 6,1,1 7,1,0 I6
4,0,1 4,1,0 5,0,0 5,0,1 6,0,0 6,0,1 J6
4,3,1 5,2,0 5,2,1 5,3,0 5,3,1 6,2,0 X6
2,2,1 3,0,1 3,1,0 3,1,1 3,2,0 4,0,0 S6
1,1,0 1,1,1 2,0,1 2,1,0 2,1,1 3,0,0 H6
0,1,1 0,2,0 0,2,1 0,3,0 0,3,1 1,2,0 E6
3,2,1 3,3,0 3,3,1 4,2,0 4,2,1 4,3,0 O6
1,2,1 1,3,0 1,3,1 2,2,0 2,3,0 2,3,1 G6

        ____________________________________
       /   /       /    \      /   /       /
      /   /   ____/      \    /   /___    /
     /    \   \   \      /    \      /   /
    /   ___\___\   \____/______\    /___/
   /\  /       /   /\           \  /   /
  /  \/___    /   /  \___________\/   /
 /        \   \   \          /       /
/__________\___\___\________/_______/


solution 54:
0,0,0 0,0,1 0,1,0 1,0,0 1,0,1 2,0,0 P6
7,3,0 7,3,1 8,2,0 8,2,1 8,3,0 8,3,1 V6
7,0,0 7,0,1 8,0,0 8,0,1 8,1,0 8,1,1 C6
6,2,1 6,3,0 6,3,1 7,1,1 7,2,0 7,2,1 F6
5,0,1 6,0,0 6,0,1 6,1,0 6,1,1 7,1,0 S6
3,3,0 3,3,1 4,3,0 4,3,1 5,3,0 5,3,1 I6
4,2,1 5,1,0 5,1,1 5,2,0 5,2,1 6,2,0 H6
3,1,1 4,0,0 4,0,1 4,1,0 4,1,1 5,0,0 X6
2,2,1 2,3,0 2,3,1 3,2,0 3,2,1 4,2,0 G6
1,1,1 1,2,0 1,2,1 1,3,0 1,3,1 2,2,0 E6
0,1,1 0,2,0 0,2,1 0,3,0 0,3,1 1,1,0 J6
2,0,1 2,1,0 2,1,1 3,0,0 3,0,1 3,1,0 O6

        ____________________________________
       /   /   /   /           /   /       /
      /   /   /   /___________/   /___    /
     /   /    \       \       \      /   /
    /   /   ___\_______\    ___\    /___/
   /\   \  /    \      /   /    \  /   /
  /  \___\/      \    /___/   ___\/   /
 /        \      /    \      /       /
/__________\____/______\____/_______/


solution 55:
0,0,0 0,0,1 0,1,0 1,0,0 1,0,1 2,0,0 P6
7,3,0 7,3,1 8,2,0 8,2,1 8,3,0 8,3,1 V6
7,0,0 7,0,1 8,0,0 8,0,1 8,1,0 8,1,1 C6
5,3,1 6,2,1 6,3,0 6,3,1 7,2,0 7,2,1 F6
5,1,1 6,1,0 6,1,1 6,2,0 7,1,0 7,1,1 E6
4,0,0 4,0,1 5,0,0 5,0,1 6,0,0 6,0,1 I6
0,2,1 0,3,0 0,3,1 1,2,0 1,2,1 1,3,0 O6
0,1,1 0,2,0 1,1,0 1,1,1 2,0,1 2,1,0 S6
2,1,1 3,0,0 3,0,1 3,1,0 3,1,1 4,1,0 H6
4,1,1 4,2,0 4,2,1 5,1,0 5,2,0 5,2,1 G6
1,3,1 2,2,0 2,2,1 2,3,0 2,3,1 3,2,0 X6
3,2,1 3,3,0 3,3,1 4,3,0 4,3,1 5,3,0 J6

        ____________________________________
       /    \      /        \      /       /
      /      \    /   _______\    /___    /
     /\      /    \  /       /\      /   /
    /  \____/______\/   ____/  \____/___/
   /\       \       \   \          /   /
  /  \____   \    ___\___\________/   /
 /        \  /   /           /       /
/__________\/___/___________/_______/


solution 56:
0,0,0 0,0,1 0,1,0 1,0,0 1,0,1 2,0,0 P6
7,3,0 7,3,1 8,2,0 8,2,1 8,3,0 8,3,1 V6
7,0,0 7,0,1 8,0,0 8,0,1 8,1,0 8,1,1 C6
5,3,1 6,2,1 6,3,0 6,3,1 7,2,0 7,2,1 F6
5,1,1 6,1,0 6,1,1 6,2,0 7,1,0 7,1,1 E6
4,0,1 4,1,0 5,0,0 5,0,1 6,0,0 6,0,1 J6
4,1,1 4,2,0 4,2,1 5,1,0 5,2,0 5,2,1 G6
2,3,1 3,3,0 3,3,1 4,3,0 4,3,1 5,3,0 I6
2,1,1 3,0,0 3,0,1 3,1,0 3,1,1 4,0,0 X6
1,3,1 2,2,0 2,2,1 2,3,0 3,2,0 3,2,1 H6
0,1,1 0,2,0 1,1,0 1,1,1 2,0,1 2,1,0 S6
0,2,1 0,3,0 0,3,1 1,2,0 1,2,1 1,3,0 O6

        ____________________________________
       /    \   \           \      /       /
      /      \   \___________\    /___    /
     /\      /       /       /\      /   /
    /  \____/_______/   ____/  \____/___/
   /\       \      /\   \          /   /
  /  \____   \    /  \___\________/   /
 /        \  /    \          /       /
/__________\/______\________/_______/


solution 57:
0,0,0 0,0,1 0,1,0 1,0,0 1,0,1 2,0,0 P6
7,3,0 7,3,1 8,2,0 8,2,1 8,3,0 8,3,1 V6
7,0,0 7,0,1 8,0,0 8,0,1 8,1,0 8,1,1 C6
5,3,1 6,2,1 6,3,0 6,3,1 7,2,0 7,2,1 F6
5,2,1 6,1,0 6,1,1 6,2,0 7,1,0 7,1,1 H6
3,3,0 3,3,1 4,2,1 4,3,0 4,3,1 5,3,0 E6
3,2,1 4,1,1 4,2,0 5,1,0 5,1,1 5,2,0 G6
4,0,0 4,0,1 5,0,0 5,0,1 6,0,0 6,0,1 I6
2,0,1 3,0,0 3,0,1 3,1,0 3,1,1 4,1,0 S6
1,3,1 2,2,0 2,2,1 2,3,0 2,3,1 3,2,0 X6
0,2,1 0,3,0 0,3,1 1,2,0 1,2,1 1,3,0 O6
0,1,1 0,2,0 1,1,0 1,1,1 2,1,0 2,1,1 J6

        ____________________________________
       /    \      /        \      /       /
      /      \    /___    ___\    /___    /
     /\      /    \   \  /\   \      /   /
    /  \____/______\   \/  \   \____/___/
   /\          /    \      /       /   /
  /  \________/   ___\____/_______/   /
 /        \      /           /       /
/__________\____/___________/_______/


solution 58:
0,0,0 0,0,1 0,1,0 1,0,0 1,0,1 2,0,0 P6
7,3,0 7,3,1 8,2,0 8,2,1 8,3,0 8,3,1 V6
7,0,0 7,0,1 8,0,0 8,0,1 8,1,0 8,1,1 C6
5,3,1 6,2,1 6,3,0 6,3,1 7,2,0 7,2,1 F6
5,2,1 6,1,0 6,1,1 6,2,0 7,1,0 7,1,1 H6
2,3,1 3,3,0 3,3,1 4,3,0 4,3,1 5,3,0 I6
4,0,1 4,1,0 5,0,0 5,0,1 6,0,0 6,0,1 J6
4,1,1 4,2,0 4,2,1 5,1,0 5,1,1 5,2,0 O6
2,1,1 3,0,0 3,0,1 3,1,0 3,1,1 4,0,0 X6
1,2,1 2,2,0 2,2,1 2,3,0 3,2,0 3,2,1 E6
0,1,1 0,2,0 1,1,0 1,1,1 2,0,1 2,1,0 S6
0,2,1 0,3,0 0,3,1 1,2,0 1,3,0 1,3,1 G6

        ____________________________________
       /       /\           \      /       /
      /   ____/  \___________\    /___    /
     /\   \          /    \   \      /   /
    /  \___\________/      \   \____/___/
   /\       \      /\      /       /   /
  /  \____   \    /  \____/_______/   /
 /        \  /    \          /       /
/__________\/______\________/_______/


solution 59:
0,0,0 0,0,1 0,1,0 1,0,0 1,0,1 2,0,0 P6
7,3,0 7,3,1 8,2,0 8,2,1 8,3,0 8,3,1 V6
7,0,0 7,0,1 8,0,0 8,0,1 8,1,0 8,1,1 C6
5,3,1 6,2,1 6,3,0 6,3,1 7,2,0 7,2,1 F6
5,2,1 6,1,0 6,1,1 6,2,0 7,1,0 7,1,1 H6
3,2,1 3,3,0 3,3,1 4,3,0 4,3,1 5,3,0 J6
4,0,0 4,0,1 5,0,0 5,0,1 6,0,0 6,0,1 I6
4,1,1 4,2,0 4,2,1 5,1,0 5,1,1 5,2,0 O6
2,0,1 3,0,0 3,0,1 3,1,0 3,1,1 4,1,0 S6
1,3,1 2,2,0 2,2,1 2,3,0 2,3,1 3,2,0 X6
0,1,1 1,1,0 1,1,1 1,2,0 2,1,0 2,1,1 E6
0,2,0 0,2,1 0,3,0 0,3,1 1,2,1 1,3,0 G6

        ____________________________________
       /    \      /        \      /       /
      /      \    /   _______\    /___    /
     /   /\  /    \  /    \   \      /   /
    /___/  \/______\/      \   \____/___/
   /\          /    \      /       /   /
  /  \________/   ___\____/_______/   /
 /        \      /           /       /
/__________\____/___________/_______/


solution 60:
0,0,0 0,0,1 0,1,0 1,0,0 1,0,1 2,0,0 P6
7,3,0 7,3,1 8,2,0 8,2,1 8,3,0 8,3,1 V6
6,2,1 7,1,1 7,2,0 7,2,1 8,1,0 8,1,1 F6
4,3,0 4,3,1 5,3,0 5,3,1 6,3,0 6,3,1 I6
6,0,1 7,0,0 7,0,1 7,1,0 8,0,0 8,0,1 E6
2,0,1 2,1,0 2,1,1 3,0,0 3,0,1 3,1,0 O6
2,2,1 3,1,1 3,2,0 4,0,0 4,0,1 4,1,0 J6
2,3,0 2,3,1 3,2,1 3,3,0 3,3,1 4,2,0 H6
4,1,1 5,0,0 5,0,1 5,1,0 5,1,1 6,0,0 X6
4,2,1 5,2,0 5,2,1 6,1,0 6,1,1 6,2,0 G6
0,1,1 1,1,0 1,1,1 1,2,0 1,2,1 2,2,0 S6
0,2,0 0,2,1 0,3,0 0,3,1 1,3,0 1,3,1 C6

        ____________________________________
       /       /       /           /       /
      /   ____/___    /___________/___    /
     /   /    \   \   \       \      /   /
    /___/   ___\   \___\____   \    /___/
   /\      /    \   \      /   /\      /
  /  \____/      \   \    /___/  \____/
 /        \      /   /    \          /
/__________\____/___/______\________/


solution 61:
0,0,0 0,0,1 0,1,0 1,0,0 1,0,1 2,0,0 P6
7,3,0 7,3,1 8,2,0 8,2,1 8,3,0 8,3,1 V6
6,1,1 6,2,0 7,1,0 7,1,1 8,1,0 8,1,1 J6
6,0,0 6,0,1 7,0,0 7,0,1 8,0,0 8,0,1 I6
5,3,1 6,2,1 6,3,0 6,3,1 7,2,0 7,2,1 F6
4,0,1 4,1,0 4,1,1 5,0,0 5,0,1 5,1,0 O6
4,3,1 5,1,1 5,2,0 5,2,1 5,3,0 6,1,0 S6
2,3,1 3,3,0 3,3,1 4,2,0 4,2,1 4,3,0 G6
0,1,1 1,1,0 1,1,1 1,2,0 2,0,1 2,1,0 H6
0,2,0 0,2,1 0,3,0 0,3,1 1,3,0 1,3,1 C6
2,1,1 3,0,0 3,0,1 3,1,0 3,1,1 4,0,0 X6
1,2,1 2,2,0 2,2,1 2,3,0 3,2,0 3,2,1 E6

        ____________________________________
       /       /\       \   \      /       /
      /   ____/  \____   \   \    /___    /
     /   /\          /   /   /\      /   /
    /___/  \________/___/   /  \____/___/
   /\       \      /    \   \          /
  /  \____   \    /      \___\________/
 /        \  /    \      /           /
/__________\/______\____/___________/


solution 62:
0,0,0 0,0,1 1,0,0 1,0,1 1,1,0 2,0,0 P6
0,1,0 0,1,1 0,2,0 0,2,1 1,1,1 1,2,0 G6
0,3,0 0,3,1 1,3,0 1,3,1 2,3,0 2,3,1 I6
7,3,0 7,3,1 8,2,0 8,2,1 8,3,0 8,3,1 V6
1,2,1 2,0,1 2,1,0 2,1,1 2,2,0 3,0,0 S6
5,0,1 5,1,0 5,1,1 6,0,0 6,0,1 6,1,0 O6
3,0,1 4,0,0 4,0,1 4,1,0 4,1,1 5,0,0 H6
2,2,1 3,1,0 3,1,1 3,2,0 3,2,1 3,3,0 E6
3,3,1 4,2,0 4,2,1 4,3,0 4,3,1 5,2,0 X6
7,0,0 7,0,1 8,0,0 8,0,1 8,1,0 8,1,1 C6
6,2,1 6,3,0 6,3,1 7,1,1 7,2,0 7,2,1 F6
5,2,1 5,3,0 5,3,1 6,1,1 6,2,0 7,1,0 J6

        ____________________________________
       /           /\      /   /   /       /
      /___________/  \    /   /   /___    /
     /    \   \      /    \   \      /   /
    /      \   \    /______\   \    /___/
   /   /\  /   /   /   /    \   \  /   /
  /___/  \/   /___/   /      \___\/   /
 /        \   \       \      /       /
/__________\___\_______\____/_______/


solution 63:
0,0,0 0,0,1 1,0,0 1,0,1 1,1,0 2,0,0 P6
0,1,0 0,1,1 0,2,0 0,2,1 1,1,1 1,2,0 G6
0,3,0 0,3,1 1,3,0 1,3,1 2,3,0 2,3,1 I6
7,3,0 7,3,1 8,2,0 8,2,1 8,3,0 8,3,1 V6
1,2,1 2,0,1 2,1,0 2,1,1 2,2,0 3,0,0 S6
5,0,1 5,1,0 5,1,1 6,0,0 6,0,1 6,1,0 O6
3,0,1 4,0,0 4,0,1 4,1,0 4,1,1 5,0,0 H6
2,2,1 3,1,0 3,1,1 3,2,0 3,2,1 3,3,0 E6
3,3,1 4,2,0 4,2,1 4,3,0 4,3,1 5,2,0 X6
7,0,0 7,0,1 8,0,0 8,0,1 8,1,0 8,1,1 C6
5,3,1 6,2,1 6,3,0 6,3,1 7,2,0 7,2,1 F6
5,2,1 5,3,0 6,1,1 6,2,0 7,1,0 7,1,1 J6

        ____________________________________
       /           /\      /\      /       /
      /___________/  \    /  \    /___    /
     /    \   \      /    \   \      /   /
    /      \   \    /______\   \____/___/
   /   /\  /   /   /   /    \      /   /
  /___/  \/   /___/   /      \____/   /
 /        \   \       \      /       /
/__________\___\_______\____/_______/


solution 64:
0,0,0 0,0,1 1,0,0 1,0,1 1,1,0 2,0,0 P6
0,1,0 0,1,1 0,2,0 0,2,1 1,1,1 1,2,0 G6
0,3,0 0,3,1 1,3,0 1,3,1 2,2,1 2,3,0 J6
1,2,1 2,1,0 2,1,1 2,2,0 3,1,0 3,1,1 H6
2,0,1 3,0,0 3,0,1 4,0,0 4,0,1 5,0,0 I6
7,3,0 7,3,1 8,2,0 8,2,1 8,3,0 8,3,1 V6
2,3,1 3,2,0 3,2,1 3,3,0 3,3,1 4,2,0 X6
4,1,0 4,1,1 5,0,1 5,1,0 6,0,0 6,0,1 S6
4,2,1 4,3,0 4,3,1 5,2,0 5,2,1 5,3,0 O6
5,1,1 6,1,0 6,1,1 6,2,0 7,1,0 7,1,1 E6
7,0,0 7,0,1 8,0,0 8,0,1 8,1,0 8,1,1 C6
5,3,1 6,2,1 6,3,0 6,3,1 7,2,0 7,2,1 F6

        ____________________________________
       /        \      /    \      /       /
      /_______   \    /      \    /___    /
     /    \   \  /    \      /\      /   /
    /      \   \/______\____/  \____/___/
   /   /\  /       /    \          /   /
  /___/  \/_______/___   \________/   /
 /        \           \      /       /
/__________\___________\____/_______/


solution 65:
0,0,0 0,0,1 1,0,0 1,0,1 1,1,0 2,0,0 P6
0,1,0 0,1,1 0,2,0 0,2,1 0,3,0 0,3,1 I6
7,3,0 7,3,1 8,2,0 8,2,1 8,3,0 8,3,1 V6
7,0,0 7,0,1 8,0,0 8,0,1 8,1,0 8,1,1 C6
6,2,1 6,3,0 6,3,1 7,1,1 7,2,0 7,2,1 F6
5,1,1 6,0,0 6,0,1 6,1,0 6,1,1 7,1,0 H6
4,3,1 5,2,0 5,2,1 5,3,0 5,3,1 6,2,0 X6
4,0,1 4,1,0 4,1,1 5,0,0 5,0,1 5,1,0 O6
2,1,1 2,2,0 3,0,1 3,1,0 3,1,1 4,0,0 E6
1,1,1 1,2,0 1,2,1 2,0,1 2,1,0 3,0,0 J6
1,3,0 1,3,1 2,2,1 2,3,0 3,2,0 3,2,1 S6
2,3,1 3,3,0 3,3,1 4,2,0 4,2,1 4,3,0 G6

        ____________________________________
       /   /    \       \      /   /       /
      /   /___   \____   \    /   /___    /
     /   /   /\      /   /    \      /   /
    /   /   /  \____/___/______\    /___/
   /   /\   \      /    \       \  /   /
  /___/  \   \    /      \    ___\/   /
 /        \   \   \      /   /       /
/__________\___\___\____/___/_______/


solution 66:
0,0,0 0,0,1 1,0,0 1,0,1 1,1,0 2,0,0 P6
0,1,0 0,1,1 0,2,0 0,2,1 0,3,0 0,3,1 I6
7,3,0 7,3,1 8,2,0 8,2,1 8,3,0 8,3,1 V6
7,0,0 7,0,1 8,0,0 8,0,1 8,1,0 8,1,1 C6
6,2,1 6,3,0 6,3,1 7,1,1 7,2,0 7,2,1 F6
5,1,1 6,0,0 6,0,1 6,1,0 6,1,1 7,1,0 H6
4,3,1 5,2,0 5,2,1 5,3,0 5,3,1 6,2,0 X6
3,2,1 3,3,0 3,3,1 4,2,0 4,2,1 4,3,0 O6
2,1,1 2,2,0 2,2,1 2,3,0 2,3,1 3,2,0 E6
1,1,1 1,2,0 1,2,1 1,3,0 1,3,1 2,1,0 J6
2,0,1 3,0,0 3,0,1 3,1,0 3,1,1 4,1,0 S6
4,0,0 4,0,1 4,1,1 5,0,0 5,0,1 5,1,0 G6

        ____________________________________
       /   /   /   /    \      /   /       /
      /   /   /   /      \    /   /___    /
     /   /   /    \      /    \      /   /
    /   /   /   ___\____/______\    /___/
   /   /\   \  /    \   \       \  /   /
  /___/  \___\/   ___\   \    ___\/   /
 /        \      /       /   /       /
/__________\____/_______/___/_______/


solution 67:
0,0,0 0,0,1 1,0,0 1,0,1 1,1,0 2,0,0 P6
0,1,0 0,1,1 0,2,0 0,2,1 0,3,0 0,3,1 I6
7,3,0 7,3,1 8,2,0 8,2,1 8,3,0 8,3,1 V6
7,0,0 7,0,1 8,0,0 8,0,1 8,1,0 8,1,1 C6
6,2,1 6,3,0 6,3,1 7,1,1 7,2,0 7,2,1 F6
5,0,1 6,0,0 6,0,1 6,1,0 6,1,1 7,1,0 S6
4,3,1 5,2,0 5,2,1 5,3,0 5,3,1 6,2,0 X6
4,0,1 4,1,0 4,1,1 5,0,0 5,1,0 5,1,1 G6
3,2,1 3,3,0 3,3,1 4,2,0 4,2,1 4,3,0 O6
2,1,1 2,2,0 3,0,1 3,1,0 3,1,1 4,0,0 E6
1,3,0 1,3,1 2,2,1 2,3,0 2,3,1 3,2,0 H6
1,1,1 1,2,0 1,2,1 2,0,1 2,1,0 3,0,0 J6

        ____________________________________
       /   /       /    \      /   /       /
      /   /___    /      \    /   /___    /
     /   /   /\   \      /    \      /   /
    /   /   /  \___\____/______\    /___/
   /   /\   \      /       /    \  /   /
  /___/  \   \    /   ____/   ___\/   /
 /        \   \   \   \      /       /
/__________\___\___\___\____/_______/


solution 68:
0,0,0 0,0,1 1,0,0 1,0,1 1,1,0 2,0,0 P6
0,1,0 0,1,1 0,2,0 0,2,1 0,3,0 0,3,1 I6
7,3,0 7,3,1 8,2,0 8,2,1 8,3,0 8,3,1 V6
7,0,0 7,0,1 8,0,0 8,0,1 8,1,0 8,1,1 C6
6,2,1 6,3,0 6,3,1 7,1,1 7,2,0 7,2,1 F6
5,0,1 6,0,0 6,0,1 6,1,0 6,1,1 7,1,0 S6
4,3,1 5,2,0 5,2,1 5,3,0 5,3,1 6,2,0 X6
4,0,1 4,1,0 4,1,1 5,0,0 5,1,0 5,1,1 G6
3,2,1 3,3,0 3,3,1 4,2,0 4,2,1 4,3,0 O6
2,0,1 3,0,0 3,0,1 3,1,0 3,1,1 4,0,0 H6
2,1,1 2,2,0 2,2,1 2,3,0 2,3,1 3,2,0 E6
1,1,1 1,2,0 1,2,1 1,3,0 1,3,1 2,1,0 J6

        ____________________________________
       /   /   /   /    \      /   /       /
      /   /   /   /      \    /   /___    /
     /   /   /    \      /    \      /   /
    /   /   /   ___\____/______\    /___/
   /   /\   \  /   /       /    \  /   /
  /___/  \___\/   /   ____/   ___\/   /
 /        \       \   \      /       /
/__________\_______\___\____/_______/


solution 69:
0,0,0 0,0,1 1,0,0 1,0,1 1,1,0 2,0,0 P6
0,1,0 0,1,1 0,2,0 0,2,1 0,3,0 0,3,1 I6
7,3,0 7,3,1 8,2,0 8,2,1 8,3,0 8,3,1 V6
7,0,0 7,0,1 8,0,0 8,0,1 8,1,0 8,1,1 C6
5,3,1 6,2,1 6,3,0 6,3,1 7,2,0 7,2,1 F6
6,0,1 6,1,0 6,1,1 6,2,0 7,1,0 7,1,1 H6
5,0,1 5,1,0 5,1,1 5,2,0 5,2,1 6,0,0 J6
3,2,1 4,2,0 4,2,1 4,3,0 4,3,1 5,3,0 S6
2,2,1 2,3,0 2,3,1 3,2,0 3,3,0 3,3,1 G6
3,1,1 4,0,0 4,0,1 4,1,0 4,1,1 5,0,0 X6
1,1,1 1,2,0 1,2,1 1,3,0 1,3,1 2,2,0 E6
2,0,1 2,1,0 2,1,1 3,0,0 3,0,1 3,1,0 O6

        ____________________________________
       /   /   /       /    \      /       /
      /   /   /   ____/   ___\    /___    /
     /   /    \   \      /   /\      /   /
    /   /   ___\___\____/   /  \____/___/
   /   /\  /    \      /   /       /   /
  /___/  \/      \    /   /   ____/   /
 /        \      /    \   \  /       /
/__________\____/______\___\/_______/


solution 70:
0,0,0 0,0,1 1,0,0 1,0,1 1,1,0 2,0,0 P6
0,1,0 0,1,1 0,2,0 0,2,1 0,3,0 0,3,1 I6
7,3,0 7,3,1 8,2,0 8,2,1 8,3,0 8,3,1 V6
7,0,0 7,0,1 8,0,0 8,0,1 8,1,0 8,1,1 C6
5,3,1 6,2,1 6,3,0 6,3,1 7,2,0 7,2,1 F6
6,0,1 6,1,0 6,1,1 6,2,0 7,1,0 7,1,1 H6
4,2,1 5,0,1 5,1,0 5,1,1 5,2,0 6,0,0 S6
3,3,0 3,3,1 4,3,0 4,3,1 5,2,1 5,3,0 J6
3,1,1 4,0,0 4,0,1 4,1,0 4,1,1 5,0,0 X6
2,2,1 2,3,0 2,3,1 3,2,0 3,2,1 4,2,0 G6
1,1,1 1,2,0 1,2,1 1,3,0 1,3,1 2,2,0 E6
2,0,1 2,1,0 2,1,1 3,0,0 3,0,1 3,1,0 O6

        ____________________________________
       /   /   /   /        \      /       /
      /   /   /   /_______   \    /___    /
     /   /    \       \   \  /\      /   /
    /   /   ___\_______\   \/  \____/___/
   /   /\  /    \      /   /       /   /
  /___/  \/      \    /   /   ____/   /
 /        \      /    \   \  /       /
/__________\____/______\___\/_______/


solution 71:
0,0,0 0,0,1 1,0,0 1,0,1 1,1,0 2,0,0 P6
0,1,0 0,1,1 0,2,0 0,2,1 0,3,0 0,3,1 I6
7,3,0 7,3,1 8,2,0 8,2,1 8,3,0 8,3,1 V6
7,0,0 7,0,1 8,0,0 8,0,1 8,1,0 8,1,1 C6
5,3,1 6,2,1 6,3,0 6,3,1 7,2,0 7,2,1 F6
6,0,1 6,1,0 6,1,1 6,2,0 7,1,0 7,1,1 H6
4,1,1 5,0,0 5,0,1 5,1,0 5,1,1 6,0,0 X6
2,0,1 2,1,0 2,1,1 3,0,0 3,0,1 3,1,0 O6
2,2,1 3,1,1 3,2,0 4,0,0 4,0,1 4,1,0 J6
1,1,1 1,2,0 1,2,1 1,3,0 1,3,1 2,2,0 E6
2,3,0 2,3,1 3,2,1 3,3,0 4,2,0 4,2,1 S6
3,3,1 4,3,0 4,3,1 5,2,0 5,2,1 5,3,0 G6

        ____________________________________
       /   /   /    \       \      /       /
      /   /   /___   \____   \    /___    /
     /   /    \   \      /   /\      /   /
    /   /   ___\   \____/___/  \____/___/
   /   /\  /    \   \      /       /   /
  /___/  \/      \   \    /   ____/   /
 /        \      /   /    \  /       /
/__________\____/___/______\/_______/


solution 72:
0,0,0 0,0,1 1,0,0 1,0,1 1,1,0 2,0,0 P6
0,1,0 0,1,1 0,2,0 0,2,1 0,3,0 0,3,1 I6
7,3,0 7,3,1 8,2,0 8,2,1 8,3,0 8,3,1 V6
7,0,0 7,0,1 8,0,0 8,0,1 8,1,0 8,1,1 C6
5,3,1 6,2,1 6,3,0 6,3,1 7,2,0 7,2,1 F6
6,0,1 6,1,0 6,1,1 6,2,0 7,1,0 7,1,1 H6
4,1,1 5,0,0 5,0,1 5,1,0 5,1,1 6,0,0 X6
2,0,1 2,1,0 2,1,1 3,0,0 3,0,1 3,1,0 O6
3,1,1 3,2,0 3,2,1 4,0,0 4,0,1 4,1,0 S6
1,1,1 1,2,0 1,2,1 1,3,0 1,3,1 2,2,0 E6
2,2,1 2,3,0 2,3,1 3,3,0 3,3,1 4,3,0 J6
4,2,0 4,2,1 4,3,1 5,2,0 5,2,1 5,3,0 G6

        ____________________________________
       /   /   /        \   \      /       /
      /   /   /   _______\   \    /___    /
     /   /    \  /   /       /\      /   /
    /   /   ___\/   /_______/  \____/___/
   /   /\  /    \   \      /       /   /
  /___/  \/      \   \    /   ____/   /
 /        \      /   /    \  /       /
/__________\____/___/______\/_______/


solution 73:
0,0,0 0,0,1 1,0,0 1,0,1 1,1,0 2,0,0 P6
0,1,0 0,1,1 0,2,0 0,2,1 0,3,0 0,3,1 I6
7,3,0 7,3,1 8,2,0 8,2,1 8,3,0 8,3,1 V6
7,0,0 7,0,1 8,0,0 8,0,1 8,1,0 8,1,1 C6
5,3,1 6,2,1 6,3,0 6,3,1 7,2,0 7,2,1 F6
5,2,0 5,2,1 6,1,1 6,2,0 7,1,0 7,1,1 S6
3,3,1 4,2,0 4,2,1 4,3,0 4,3,1 5,3,0 H6
5,0,1 5,1,0 5,1,1 6,0,0 6,0,1 6,1,0 O6
3,1,1 4,0,0 4,0,1 4,1,0 4,1,1 5,0,0 X6
1,1,1 2,0,1 2,1,0 3,0,0 3,0,1 3,1,0 G6
1,2,0 1,2,1 2,1,1 2,2,0 2,2,1 3,2,0 E6
1,3,0 1,3,1 2,3,0 2,3,1 3,2,1 3,3,0 J6

        ____________________________________
       /   /        \       \      /       /
      /   /_______   \    ___\    /___    /
     /   /        \  /   /    \      /   /
    /   /___    ___\/___/___   \____/___/
   /   /\   \  /\      /    \      /   /
  /___/  \   \/  \    /      \____/   /
 /        \      /    \      /       /
/__________\____/______\____/_______/


solution 74:
0,0,0 0,0,1 1,0,0 1,0,1 1,1,0 2,0,0 P6
0,1,0 0,1,1 0,2,0 0,2,1 0,3,0 0,3,1 I6
7,3,0 7,3,1 8,2,0 8,2,1 8,3,0 8,3,1 V6
7,0,0 7,0,1 8,0,0 8,0,1 8,1,0 8,1,1 C6
5,3,1 6,2,1 6,3,0 6,3,1 7,2,0 7,2,1 F6
5,2,0 5,2,1 6,1,1 6,2,0 7,1,0 7,1,1 S6
3,3,1 4,2,0 4,2,1 4,3,0 4,3,1 5,3,0 H6
5,0,1 5,1,0 5,1,1 6,0,0 6,0,1 6,1,0 O6
3,1,1 4,0,0 4,0,1 4,1,0 4,1,1 5,0,0 X6
1,1,1 1,2,0 2,0,1 2,1,0 3,0,0 3,0,1 J6
1,2,1 1,3,0 2,1,1 2,2,0 2,2,1 3,1,0 E6
1,3,1 2,3,0 2,3,1 3,2,0 3,2,1 3,3,0 G6

        ____________________________________
       /   /\       \       \      /       /
      /   /  \____   \    ___\    /___    /
     /   /\      /   /   /    \      /   /
    /   /  \    /___/___/___   \____/___/
   /   /\   \   \      /    \      /   /
  /___/  \   \___\    /      \____/   /
 /        \      /    \      /       /
/__________\____/______\____/_______/


74 solutions, 140628 searches, duration 0:01:27.446000
