solving Hexiamonds5x8StackedLongHexagons:

solution 1:
3,0,1 3,1,0 3,1,1 4,0,0 4,0,1 4,1,0 O6
4,1,1 5,0,0 5,0,1 5,1,0 5,1,1 5,2,0 E6
6,0,0 6,0,1 6,1,0 7,0,0 7,0,1 7,1,0 F6
5,3,1 5,4,0 6,1,1 6,2,0 6,2,1 6,3,0 C6
3,4,1 4,3,1 4,4,0 4,4,1 5,2,1 5,3,0 P6
3,5,1 4,5,0 4,5,1 4,6,0 5,4,1 5,5,0 H6
3,6,0 3,6,1 3,7,0 3,7,1 4,6,1 4,7,0 G6
0,7,0 0,7,1 1,7,0 1,7,1 2,7,0 2,7,1 I6
1,6,1 2,5,0 2,5,1 2,6,0 2,6,1 3,5,0 X6
0,6,1 1,4,1 1,5,0 1,5,1 1,6,0 2,4,0 S6
2,3,1 2,4,1 3,3,0 3,3,1 3,4,0 4,3,0 V6
2,2,1 2,3,0 3,2,0 3,2,1 4,2,0 4,2,1 J6

  ________________
 /           /    \
/___________/      \
\   \      /   /\  /
 \   \    /___/  \/
 /   /    \       \
/   /______\____   \
\   \   \      /\  /
 \___\   \    /  \/
 /\       \   \   \
/  \_______\   \   \
\          /\  /   /
 \________/  \/   /
 /    \      /\  /\
/      \    /  \/  \
\      /   /       /
 \____/___/_______/


solution 2:
3,0,1 3,1,0 3,1,1 4,0,0 4,0,1 4,1,0 O6
4,1,1 5,0,0 5,0,1 5,1,0 5,1,1 5,2,0 E6
6,0,0 6,0,1 6,1,0 7,0,0 7,0,1 7,1,0 F6
4,3,0 4,3,1 5,2,1 5,3,0 6,1,1 6,2,0 J6
5,3,1 5,4,0 5,4,1 5,5,0 6,2,1 6,3,0 C6
3,2,0 3,2,1 3,3,0 3,3,1 4,2,0 4,2,1 V6
1,4,1 2,2,1 2,3,0 2,3,1 2,4,0 2,4,1 P6
0,6,1 0,7,0 0,7,1 1,5,0 1,5,1 1,6,0 S6
3,4,0 3,4,1 3,5,1 4,4,0 4,4,1 4,5,0 G6
1,6,1 2,5,0 2,5,1 2,6,0 2,6,1 3,5,0 X6
1,7,0 1,7,1 2,7,0 2,7,1 3,7,0 3,7,1 I6
3,6,0 3,6,1 4,5,1 4,6,0 4,6,1 4,7,0 H6

  ________________
 /   /           /\
/   /___________/  \
\   \      /       /
 \   \    /___    /
 /   /    \   \  /\
/___/______\   \/  \
\      /       /   /
 \    /_______/   /
 /   /   /    \   \
/   /   /___   \   \
\  /       /\   \  /
 \/_______/  \   \/
 /    \      /\  /\
/      \    /  \/  \
\      /   /       /
 \____/___/_______/


solution 3:
3,0,1 3,1,0 3,1,1 4,0,0 4,0,1 4,1,0 O6
4,1,1 5,0,0 5,0,1 5,1,0 5,1,1 5,2,0 E6
6,0,0 6,0,1 6,1,0 7,0,0 7,0,1 7,1,0 F6
4,3,1 5,2,1 5,3,0 6,1,1 6,2,0 6,2,1 P6
3,4,1 4,4,0 4,4,1 5,3,1 5,4,0 6,3,0 C6
3,5,1 4,5,0 4,5,1 4,6,0 5,4,1 5,5,0 H6
3,6,0 3,6,1 3,7,0 3,7,1 4,6,1 4,7,0 G6
0,7,0 0,7,1 1,7,0 1,7,1 2,7,0 2,7,1 I6
1,6,1 2,5,0 2,5,1 2,6,0 2,6,1 3,5,0 X6
0,6,1 1,4,1 1,5,0 1,5,1 1,6,0 2,4,0 S6
2,3,1 2,4,1 3,3,0 3,3,1 3,4,0 4,3,0 V6
2,2,1 2,3,0 3,2,0 3,2,1 4,2,0 4,2,1 J6

  ________________
 /           /    \
/___________/      \
\   \      /   /\  /
 \   \    /___/  \/
 /   /    \       \
/   /______\____   \
\   \   \       \  /
 \___\   \____   \/
 /\       \   \   \
/  \_______\   \___\
\          /\      /
 \________/  \    /
 /    \      /\  /\
/      \    /  \/  \
\      /   /       /
 \____/___/_______/


solution 4:
3,0,1 3,1,0 3,1,1 4,0,0 4,0,1 4,1,0 O6
4,1,1 5,0,0 5,0,1 5,1,0 5,1,1 5,2,0 E6
6,0,0 6,0,1 6,1,0 7,0,0 7,0,1 7,1,0 F6
4,3,1 5,2,1 5,3,0 6,1,1 6,2,0 6,2,1 P6
3,5,1 4,4,1 4,5,0 5,3,1 5,4,0 6,3,0 I6
4,5,1 4,6,0 4,6,1 4,7,0 5,4,1 5,5,0 C6
2,7,0 2,7,1 3,6,0 3,6,1 3,7,0 3,7,1 V6
0,6,1 0,7,0 0,7,1 1,6,0 1,7,0 1,7,1 G6
1,6,1 2,5,0 2,5,1 2,6,0 2,6,1 3,5,0 X6
1,4,1 1,5,0 1,5,1 2,3,0 2,3,1 2,4,0 S6
2,4,1 3,3,0 3,3,1 3,4,0 3,4,1 4,4,0 H6
2,2,1 3,2,0 3,2,1 4,2,0 4,2,1 4,3,0 J6

  ________________
 /       /       /\
/   ____/___    /  \
\   \      /   /   /
 \___\    /___/   /
 /   /    \   \   \
/   /______\   \   \
\   \       \   \  /
 \   \    ___\   \/
 /   /   /\   \   \
/___/___/  \   \___\
\          /\      /
 \________/  \    /
 /    \      /\  /\
/      \    /  \/  \
\      /   /       /
 \____/___/_______/


solution 5:
3,0,1 3,1,0 3,1,1 4,0,0 4,0,1 4,1,0 O6
4,1,1 5,0,0 5,0,1 5,1,0 5,1,1 5,2,0 E6
6,0,0 6,0,1 6,1,0 7,0,0 7,0,1 7,1,0 F6
5,2,1 5,3,0 6,1,1 6,2,0 6,2,1 6,3,0 V6
4,4,0 4,4,1 4,5,0 5,3,1 5,4,0 5,4,1 X6
3,7,1 4,5,1 4,6,0 4,6,1 4,7,0 5,5,0 S6
3,2,0 3,2,1 4,2,0 4,2,1 4,3,0 4,3,1 C6
1,4,1 2,2,1 2,3,0 2,3,1 2,4,0 3,3,0 H6
1,5,0 1,5,1 2,4,1 2,5,0 3,3,1 3,4,0 J6
3,4,1 3,5,0 3,5,1 3,6,0 3,6,1 3,7,0 I6
0,6,1 0,7,0 0,7,1 1,6,0 1,7,0 1,7,1 G6
1,6,1 2,5,1 2,6,0 2,6,1 2,7,0 2,7,1 P6

  ________________
 /       /   /\   \
/   ____/   /  \   \
\   \      /   /   /
 \___\    /   /   /
 /    \  /   /\   \
/___   \/   /  \___\
\   \   \  /       /
 \   \   \/___    /
 /    \  /   /\  /\
/   ___\/   /  \/  \
\  /       /\      /
 \/_______/  \    /
 /    \      /\  /\
/      \    /  \/  \
\      /   /       /
 \____/___/_______/


solution 6:
3,0,1 3,1,0 3,1,1 4,0,0 4,0,1 4,1,0 O6
5,0,0 5,0,1 5,1,0 5,1,1 6,0,0 6,1,0 F6
6,0,1 6,1,1 6,2,0 7,0,0 7,0,1 7,1,0 G6
5,2,1 5,3,0 5,3,1 5,4,0 6,2,1 6,3,0 V6
4,5,0 4,5,1 4,6,0 4,6,1 5,4,1 5,5,0 H6
3,5,1 3,6,0 3,6,1 3,7,0 3,7,1 4,7,0 J6
0,7,0 0,7,1 1,7,0 1,7,1 2,7,0 2,7,1 I6
1,4,1 2,2,1 2,3,0 2,3,1 2,4,0 2,4,1 P6
0,6,1 1,5,0 1,5,1 1,6,0 1,6,1 2,5,0 X6
2,5,1 2,6,0 2,6,1 3,4,0 3,4,1 3,5,0 S6
3,3,0 3,3,1 4,3,0 4,3,1 4,4,0 4,4,1 C6
3,2,0 3,2,1 4,1,1 4,2,0 4,2,1 5,2,0 E6

  ________________
 /           /    \
/___________/   ___\
\      /   /   /   /
 \    /   /   /   /
 /    \   \  /    \
/______\   \/___   \
\      /   /   /\  /
 \    /___/   /  \/
 /   /       /    \
/   /_______/      \
\  /        \  /\  /
 \/___    ___\/  \/
 /    \  /    \   \
/      \/   ___\   \
\      /    \      /
 \____/______\____/


solution 7:
3,0,1 3,1,0 3,1,1 4,0,0 4,0,1 4,1,0 O6
5,0,0 5,0,1 5,1,0 5,1,1 6,0,0 6,1,0 F6
6,0,1 6,1,1 6,2,0 7,0,0 7,0,1 7,1,0 G6
5,2,1 5,3,0 5,3,1 5,4,0 6,2,1 6,3,0 V6
4,5,0 4,5,1 4,6,0 4,6,1 5,4,1 5,5,0 H6
2,6,1 3,6,0 3,6,1 3,7,0 3,7,1 4,7,0 S6
0,7,0 0,7,1 1,7,0 1,7,1 2,7,0 2,7,1 I6
0,6,1 1,4,1 1,5,0 1,5,1 1,6,0 1,6,1 P6
2,5,0 2,5,1 2,6,0 3,4,1 3,5,0 3,5,1 X6
3,3,0 3,3,1 4,3,0 4,3,1 4,4,0 4,4,1 C6
2,2,1 2,3,0 2,3,1 2,4,0 2,4,1 3,4,0 J6
3,2,0 3,2,1 4,1,1 4,2,0 4,2,1 5,2,0 E6

  ________________
 /           /    \
/___________/   ___\
\      /\      /   /
 \    /  \____/   /
 /   /       /    \
/   /___    /___   \
\  /    \  /   /\  /
 \/   ___\/   /  \/
 /   /       /    \
/   /_______/      \
\  /        \  /\  /
 \/___    ___\/  \/
 /    \  /    \   \
/      \/   ___\   \
\      /    \      /
 \____/______\____/


solution 8:
3,0,1 3,1,0 3,1,1 4,0,0 4,0,1 4,1,0 O6
5,0,0 5,0,1 5,1,0 6,0,0 6,0,1 6,1,0 F6
6,1,1 6,2,0 6,2,1 7,0,0 7,0,1 7,1,0 S6
4,3,0 4,3,1 5,1,1 5,2,0 5,2,1 5,3,0 G6
4,4,1 5,3,1 5,4,0 5,4,1 5,5,0 6,3,0 H6
3,2,0 3,2,1 3,3,0 4,1,1 4,2,0 4,2,1 X6
2,2,1 2,3,0 2,3,1 2,4,0 2,4,1 2,5,0 I6
0,6,1 0,7,0 1,4,1 1,5,0 1,5,1 1,6,0 C6
3,3,1 3,4,0 3,4,1 3,5,0 3,5,1 4,4,0 E6
3,6,0 3,6,1 4,5,0 4,5,1 4,6,0 4,6,1 V6
2,6,1 2,7,0 2,7,1 3,7,0 3,7,1 4,7,0 J6
0,7,1 1,6,1 1,7,0 1,7,1 2,5,1 2,6,0 P6

  ________________
 /\      /        \
/  \    /   _______\
\   \   \  /       /
 \   \   \/___    /
 /   /\  /   /   /\
/   /  \/   /___/  \
\  /   /    \      /
 \/   /   ___\    /
 /   /\  /    \   \
/   /  \/___   \___\
\  /       /   /   /
 \/___    /   /   /
 /    \  /\  /\   \
/      \/  \/  \   \
\      /       /   /
 \____/_______/___/


solution 9:
3,0,1 3,1,0 3,1,1 4,0,0 4,0,1 4,1,0 O6
5,0,0 5,0,1 5,1,0 6,0,0 6,0,1 6,1,0 F6
6,1,1 6,2,0 6,2,1 7,0,0 7,0,1 7,1,0 S6
5,1,1 5,2,0 5,2,1 5,3,0 5,3,1 6,3,0 J6
0,6,1 0,7,0 0,7,1 1,6,0 1,7,0 1,7,1 G6
2,7,0 2,7,1 3,6,1 3,7,0 3,7,1 4,7,0 E6
3,5,1 4,5,0 4,5,1 4,6,0 4,6,1 5,5,0 H6
1,6,1 2,5,1 2,6,0 2,6,1 3,5,0 3,6,0 V6
1,4,1 1,5,0 2,2,1 2,3,0 2,3,1 2,4,0 C6
1,5,1 2,4,1 2,5,0 3,3,1 3,4,0 4,3,0 I6
3,2,0 3,2,1 3,3,0 4,1,1 4,2,0 4,2,1 X6
3,4,1 4,3,1 4,4,0 4,4,1 5,4,0 5,4,1 P6

  ________________
 /       /        \
/   ____/___    ___\
\   \       \  /   /
 \___\    ___\/   /
 /\   \   \       \
/  \   \___\_______\
\   \   \          /
 \   \   \    ____/
 /   /\   \  /    \
/   /  \___\/   ___\
\  /       /   /   /
 \/___    /   /   /
 /    \  /\  /\   \
/      \/  \/  \   \
\      /       /   /
 \____/_______/___/


solution 10:
3,0,1 3,1,0 3,1,1 4,0,0 4,0,1 4,1,0 O6
5,0,0 5,0,1 5,1,0 6,0,0 6,0,1 6,1,0 F6
6,1,1 6,2,0 6,2,1 7,0,0 7,0,1 7,1,0 S6
4,1,1 4,2,0 4,2,1 4,3,0 5,1,1 5,2,0 V6
2,2,1 2,3,0 2,3,1 2,4,0 3,2,0 3,2,1 G6
3,3,0 3,3,1 3,4,0 3,4,1 4,4,0 4,4,1 C6
4,3,1 5,2,1 5,3,0 5,3,1 5,4,0 6,3,0 X6
4,5,0 4,5,1 4,6,0 4,6,1 5,4,1 5,5,0 H6
3,5,1 3,6,0 3,6,1 3,7,0 3,7,1 4,7,0 J6
0,6,1 1,4,1 1,5,0 1,5,1 1,6,0 1,6,1 P6
0,7,0 0,7,1 1,7,0 1,7,1 2,7,0 2,7,1 I6
2,4,1 2,5,0 2,5,1 2,6,0 2,6,1 3,5,0 E6

  ________________
 /           /    \
/___________/   ___\
\      /   /   /   /
 \    /   /   /   /
 /   /    \  /    \
/   /   ___\/___   \
\  /\  /       /\  /
 \/  \/   ____/  \/
 /   /   /\       \
/   /___/  \    ___\
\      /    \  /   /
 \____/      \/   /
 /    \  /\  /\   \
/      \/  \/  \   \
\      /       /   /
 \____/_______/___/

...

solution 378:
3,3,1 3,4,0 3,4,1 4,3,0 4,3,1 4,4,0 O6
0,7,0 0,7,1 1,7,0 1,7,1 2,7,0 2,7,1 I6
0,6,1 1,4,1 1,5,0 1,5,1 1,6,0 1,6,1 P6
2,4,1 2,5,0 2,5,1 2,6,0 2,6,1 3,5,0 E6
2,2,1 2,3,0 2,3,1 2,4,0 3,2,0 3,3,0 F6
3,0,1 3,1,0 3,1,1 4,0,0 4,0,1 5,0,0 G6
3,2,1 4,1,0 4,1,1 4,2,0 4,2,1 5,1,0 X6
5,0,1 5,1,1 6,0,0 6,0,1 6,1,0 7,0,0 V6
5,2,0 5,2,1 6,1,1 6,2,0 7,0,1 7,1,0 J6
5,3,0 5,3,1 5,4,0 5,4,1 6,2,1 6,3,0 H6
3,7,1 4,5,1 4,6,0 4,6,1 4,7,0 5,5,0 S6
3,5,1 3,6,0 3,6,1 3,7,0 4,4,1 4,5,0 C6

  ________________
 /           /\   \
/___________/  \   \
\      /   /   /   /
 \    /   /   /   /
 /   /    \   \   \
/   /   ___\   \___\
\  /\  /    \  /   /
 \/  \/      \/   /
 /    \      /    \
/   ___\____/___   \
\   \      /    \  /
 \___\    /___   \/
 /   /    \   \   \
/   /______\   \   \
\       \       \  /
 \_______\_______\/


378 solutions, 497588 searches, duration 0:02:13.104690
