solving HexiamondsCrescentMatrix:

solution 1:
2,7,1 3,7,0 3,7,1 4,6,1 4,7,0 5,6,0 C6
2,6,0 2,6,1 3,5,1 3,6,0 3,6,1 4,6,0 E6
0,7,1 1,6,0 1,6,1 1,7,0 1,7,1 2,7,0 H6
0,5,1 0,6,0 0,6,1 0,7,0 1,5,0 1,5,1 G6
6,1,0 6,1,1 7,0,0 7,0,1 7,1,0 7,1,1 V6
4,0,0 4,0,1 5,0,0 5,0,1 6,0,0 6,0,1 I6
0,4,0 0,4,1 0,5,0 1,3,1 1,4,0 1,4,1 X6
0,3,1 1,2,1 1,3,0 2,1,1 2,2,0 2,2,1 P6
3,0,1 3,1,0 3,1,1 4,1,0 4,1,1 4,2,0 S6
3,3,1 4,2,1 4,3,0 5,1,0 5,1,1 5,2,0 J6
2,4,1 2,5,0 2,5,1 3,4,0 3,4,1 3,5,0 O6
2,3,0 2,3,1 2,4,0 3,2,0 3,2,1 3,3,0 F6

        ________________
       /\       \       \
      /  \    ___\____   \
     /   /   /        \   \
    /   /___/___    ___\___\
   /\      /    \  /
  /  \____/      \/
 /       /\      /
/___    /  \____/
\   \  /    \   \
 \   \/___   \   \
  \      /   /\   \
   \    /___/  \   \________
    \  /       /   /       /
     \/   ____/___/___    /
      \  /           /   /
       \/___________/___/


solution 2:
2,7,1 3,7,0 3,7,1 4,6,1 4,7,0 5,6,0 C6
2,6,0 2,6,1 3,5,1 3,6,0 3,6,1 4,6,0 E6
0,7,1 1,6,0 1,6,1 1,7,0 1,7,1 2,7,0 H6
0,5,0 0,5,1 0,6,0 0,6,1 0,7,0 1,5,0 P6
6,1,0 6,1,1 7,0,0 7,0,1 7,1,0 7,1,1 V6
4,0,0 4,0,1 5,0,0 5,0,1 6,0,0 6,0,1 I6
2,1,1 3,0,1 3,1,0 3,1,1 3,2,0 4,1,0 X6
4,1,1 4,2,0 4,2,1 5,1,0 5,1,1 5,2,0 O6
2,5,1 3,3,1 3,4,0 3,4,1 3,5,0 4,3,0 S6
1,4,0 1,4,1 1,5,1 2,4,0 2,4,1 2,5,0 G6
1,3,1 2,2,1 2,3,0 2,3,1 3,2,1 3,3,0 F6
0,3,1 0,4,0 0,4,1 1,2,1 1,3,0 2,2,0 J6

        ________________
       /\       \       \
      /  \    ___\____   \
     /   /   /        \   \
    /   /___/___    ___\___\
   /    \   \   \  /
  /______\   \   \/
 /   /       /   /
/   /_______/   /
\   \       \   \
 \   \       \___\
  \   \  /\  /    \
   \___\/  \/      \________
    \       \      /       /
     \    ___\____/___    /
      \  /           /   /
       \/___________/___/


solution 3:
2,7,1 3,7,0 3,7,1 4,6,1 4,7,0 5,6,0 C6
2,6,1 2,7,0 3,5,1 3,6,0 3,6,1 4,6,0 H6
6,0,1 6,1,1 7,0,0 7,0,1 7,1,0 7,1,1 F6
0,7,1 1,6,0 1,6,1 1,7,0 1,7,1 2,6,0 X6
0,4,1 0,5,0 0,5,1 0,6,0 0,6,1 0,7,0 I6
0,3,1 0,4,0 1,2,1 1,3,0 1,3,1 1,4,0 V6
1,4,1 1,5,0 1,5,1 2,4,0 2,4,1 2,5,0 O6
2,5,1 3,3,1 3,4,0 3,4,1 3,5,0 4,3,0 S6
4,1,1 4,2,0 4,2,1 5,1,1 5,2,0 6,1,0 G6
4,0,0 4,0,1 5,0,0 5,0,1 5,1,0 6,0,0 P6
3,0,1 3,1,0 3,1,1 3,2,0 3,2,1 4,1,0 E6
2,1,1 2,2,0 2,2,1 2,3,0 2,3,1 3,3,0 J6

        ________________
       /\      /\       \
      /  \    /  \____   \
     /   /    \       \   \
    /   /______\    ___\___\
   /   /    \   \  /
  /   /      \   \/
 /\  /\      /   /
/  \/  \____/   /
\      /    \   \
 \    /   ___\___\
  \  /   /   /    \
   \/   /   /      \________
    \  /    \  /\   \      /
     \/   ___\/  \___\    /
      \  /        \      /
       \/__________\____/


solution 4:
2,7,1 3,7,0 3,7,1 4,6,1 4,7,0 5,6,0 C6
2,6,1 2,7,0 3,5,1 3,6,0 3,6,1 4,6,0 H6
6,0,1 6,1,1 7,0,0 7,0,1 7,1,0 7,1,1 F6
0,7,1 1,6,0 1,6,1 1,7,0 1,7,1 2,6,0 X6
0,4,1 0,5,0 0,5,1 0,6,0 0,6,1 0,7,0 I6
0,3,1 0,4,0 1,2,1 1,3,0 1,3,1 1,4,0 V6
2,4,1 2,5,0 2,5,1 3,4,0 3,4,1 3,5,0 O6
1,4,1 1,5,0 1,5,1 2,3,0 2,3,1 2,4,0 S6
4,0,1 4,1,0 4,1,1 5,0,0 5,0,1 6,0,0 G6
4,2,1 4,3,0 5,1,0 5,1,1 5,2,0 6,1,0 P6
3,1,1 3,2,0 3,2,1 3,3,0 3,3,1 4,2,0 E6
2,1,1 2,2,0 2,2,1 3,0,1 3,1,0 4,0,0 J6

        ________________
       /\      /\       \
      /  \    /  \____   \
     /   /    \       \   \
    /   /______\    ___\___\
   /   /   /    \  /
  /   /   /      \/
 /\  /\   \      /
/  \/  \   \____/
\      /   /   /\
 \    /___/   /  \
  \  /   /    \   \
   \/   /   ___\   \________
    \   \  /   /    \      /
     \   \/   /______\    /
      \   \       \      /
       \___\_______\____/


solution 5:
2,7,1 3,7,0 3,7,1 4,6,1 4,7,0 5,6,0 C6
2,6,1 2,7,0 3,5,1 3,6,0 3,6,1 4,6,0 H6
6,1,0 6,1,1 7,0,0 7,0,1 7,1,0 7,1,1 V6
4,0,0 4,0,1 5,0,0 5,0,1 6,0,0 6,0,1 I6
1,5,1 1,6,0 1,6,1 1,7,0 1,7,1 2,6,0 E6
0,5,1 0,6,0 0,6,1 0,7,0 0,7,1 1,5,0 J6
0,4,0 0,4,1 0,5,0 1,3,1 1,4,0 1,4,1 X6
0,3,1 1,2,1 1,3,0 2,2,0 2,2,1 2,3,0 G6
2,1,1 3,0,1 3,1,0 3,1,1 3,2,0 3,2,1 P6
4,1,0 4,1,1 4,2,0 5,1,0 5,1,1 5,2,0 F6
2,3,1 2,4,0 3,3,0 3,3,1 4,2,1 4,3,0 S6
2,4,1 2,5,0 2,5,1 3,4,0 3,4,1 3,5,0 O6

        ________________
       /   /   /\       \
      /   /   /  \____   \
     /   /    \       \   \
    /   /   ___\    ___\___\
   /\   \  /    \  /
  /  \___\/      \/
 /       /\      /
/___    /  \____/
\   \  /\       \
 \   \/  \____   \
  \      /   /\  /\
   \____/   /  \/  \________
    \      /       /       /
     \    /_______/___    /
      \  /           /   /
       \/___________/___/


solution 6:
2,7,1 3,7,0 3,7,1 4,6,1 4,7,0 5,6,0 C6
2,6,1 2,7,0 3,5,1 3,6,0 3,6,1 4,6,0 H6
6,1,0 6,1,1 7,0,0 7,0,1 7,1,0 7,1,1 V6
4,0,0 4,0,1 5,0,0 5,0,1 6,0,0 6,0,1 I6
0,6,1 0,7,0 0,7,1 1,6,0 1,7,0 1,7,1 G6
1,6,1 2,5,0 2,5,1 2,6,0 3,4,1 3,5,0 E6
0,5,0 0,5,1 0,6,0 1,4,1 1,5,0 1,5,1 X6
0,3,1 0,4,0 0,4,1 1,3,0 1,3,1 1,4,0 O6
2,1,1 3,0,1 3,1,0 3,1,1 3,2,0 3,2,1 P6
1,2,1 2,2,0 2,2,1 2,3,0 2,3,1 3,3,0 S6
2,4,0 2,4,1 3,3,1 3,4,0 4,2,1 4,3,0 J6
4,1,0 4,1,1 4,2,0 5,1,0 5,1,1 5,2,0 F6

        ________________
       /       /\       \
      /   ____/  \____   \
     /\   \   \       \   \
    /  \___\   \    ___\___\
   /       /    \  /
  /___    /___   \/
 /    \  /    \  /
/      \/___   \/
\      /    \   \
 \____/   ___\   \
  \      /   /\  /\
   \____/   /  \/  \________
    \      /       /       /
     \    /_______/___    /
      \  /           /   /
       \/___________/___/


solution 7:
2,7,1 3,7,0 3,7,1 4,6,1 4,7,0 5,6,0 C6
2,6,1 2,7,0 3,5,1 3,6,0 3,6,1 4,6,0 H6
6,1,0 6,1,1 7,0,0 7,0,1 7,1,0 7,1,1 V6
4,0,0 4,0,1 5,0,0 5,0,1 6,0,0 6,0,1 I6
0,6,1 0,7,0 0,7,1 1,6,0 1,7,0 1,7,1 G6
1,6,1 2,5,0 2,5,1 2,6,0 3,4,1 3,5,0 E6
0,5,0 0,5,1 0,6,0 1,4,1 1,5,0 1,5,1 X6
0,3,1 0,4,0 0,4,1 1,3,0 1,3,1 1,4,0 O6
3,0,1 3,1,0 3,1,1 4,1,0 4,1,1 4,2,0 S6
3,3,1 4,2,1 4,3,0 5,1,0 5,1,1 5,2,0 J6
2,3,0 2,3,1 2,4,0 2,4,1 3,3,0 3,4,0 F6
1,2,1 2,1,1 2,2,0 2,2,1 3,2,0 3,2,1 P6

        ________________
       /       /\       \
      /   ____/  \____   \
     /\   \   \       \   \
    /  \___\   \    ___\___\
   /       /    \  /
  /___    /___   \/
 /    \  /    \  /
/      \/   ___\/
\      /    \   \
 \____/______\   \
  \          /\   \
   \    ____/  \   \________
    \  /       /   /       /
     \/   ____/___/___    /
      \  /           /   /
       \/___________/___/


solution 8:
2,7,1 3,7,0 3,7,1 4,6,1 4,7,0 5,6,0 C6
2,6,1 2,7,0 3,5,1 3,6,0 3,6,1 4,6,0 H6
6,1,0 6,1,1 7,0,0 7,0,1 7,1,0 7,1,1 V6
4,0,0 4,0,1 5,0,0 5,0,1 6,0,0 6,0,1 I6
0,6,1 0,7,0 0,7,1 1,6,0 1,7,0 1,7,1 G6
1,6,1 2,5,1 2,6,0 3,4,0 3,4,1 3,5,0 J6
4,1,1 4,2,0 4,2,1 5,1,0 5,1,1 5,2,0 O6
2,3,0 2,3,1 3,2,1 3,3,0 3,3,1 4,3,0 E6
2,1,1 3,0,1 3,1,0 3,1,1 3,2,0 4,1,0 X6
0,3,1 1,2,1 1,3,0 1,3,1 2,2,0 2,2,1 F6
0,5,1 0,6,0 1,5,0 1,5,1 2,4,1 2,5,0 S6
0,4,0 0,4,1 0,5,0 1,4,0 1,4,1 2,4,0 P6

        ________________
       /       /\       \
      /   ____/  \____   \
     /\   \   \       \   \
    /  \___\   \    ___\___\
   /\       \   \  /
  /  \____   \   \/
 /        \  /   /
/__________\/___/
\      /        \
 \    /___    ___\
  \      /\  /    \
   \____/  \/      \________
    \       \      /       /
     \    ___\____/___    /
      \  /           /   /
       \/___________/___/


solution 9:
2,7,1 3,7,0 3,7,1 4,6,1 4,7,0 5,6,0 C6
2,6,1 2,7,0 3,5,1 3,6,0 3,6,1 4,6,0 H6
6,1,0 6,1,1 7,0,0 7,0,1 7,1,0 7,1,1 V6
4,0,0 4,0,1 5,0,0 5,0,1 6,0,0 6,0,1 I6
1,6,1 1,7,0 1,7,1 2,5,1 2,6,0 3,5,0 J6
0,6,1 0,7,0 0,7,1 1,5,0 1,5,1 1,6,0 S6
0,4,1 0,5,0 0,5,1 0,6,0 1,4,0 1,4,1 G6
0,3,1 0,4,0 1,2,1 1,3,0 1,3,1 2,2,0 E6
2,2,1 2,3,0 2,3,1 3,2,0 3,2,1 3,3,0 O6
2,4,0 2,4,1 2,5,0 3,3,1 3,4,0 3,4,1 X6
2,1,1 3,0,1 3,1,0 3,1,1 4,1,0 4,1,1 P6
4,2,0 4,2,1 4,3,0 5,1,0 5,1,1 5,2,0 F6

        ________________
       /   /   /\       \
      /   /   /  \____   \
     /\   \   \       \   \
    /  \   \   \    ___\___\
   /   /   /\   \  /
  /   /___/  \___\/
 /\      /       /
/  \____/___    /
\      /    \  /\
 \    /      \/  \
  \   \      /    \
   \___\____/___   \________
    \          /   /       /
     \    ____/___/___    /
      \  /           /   /
       \/___________/___/


solution 10:
2,7,1 3,7,0 3,7,1 4,6,1 4,7,0 5,6,0 C6
2,6,1 2,7,0 3,5,1 3,6,0 3,6,1 4,6,0 H6
6,1,0 6,1,1 7,0,0 7,0,1 7,1,0 7,1,1 V6
4,0,0 4,0,1 5,0,0 5,0,1 6,0,0 6,0,1 I6
0,7,1 1,6,0 1,6,1 1,7,0 1,7,1 2,6,0 X6
0,5,1 0,6,0 0,6,1 0,7,0 1,5,0 1,5,1 G6
0,4,1 0,5,0 1,3,1 1,4,0 1,4,1 2,3,0 E6
0,3,1 0,4,0 1,2,1 1,3,0 2,2,0 2,2,1 J6
2,1,1 3,0,1 3,1,0 3,1,1 3,2,0 3,2,1 P6
4,1,0 4,1,1 4,2,0 5,1,0 5,1,1 5,2,0 F6
2,3,1 2,4,0 3,3,0 3,3,1 4,2,1 4,3,0 S6
2,4,1 2,5,0 2,5,1 3,4,0 3,4,1 3,5,0 O6

        ________________
       /\      /\       \
      /  \    /  \____   \
     /   /    \       \   \
    /   /______\    ___\___\
   /\      /    \  /
  /  \____/      \/
 /\      /\      /
/  \    /  \____/
\   \   \       \
 \   \___\____   \
  \      /   /\  /\
   \____/   /  \/  \________
    \      /       /       /
     \    /_______/___    /
      \  /           /   /
       \/___________/___/


solution 11:
2,7,1 3,7,0 3,7,1 4,6,1 4,7,0 5,6,0 C6
2,6,1 2,7,0 3,5,1 3,6,0 3,6,1 4,6,0 H6
6,1,0 6,1,1 7,0,0 7,0,1 7,1,0 7,1,1 V6
4,0,0 4,0,1 5,0,0 5,0,1 6,0,0 6,0,1 I6
0,7,1 1,6,0 1,6,1 1,7,0 1,7,1 2,6,0 X6
0,5,1 0,6,0 0,6,1 0,7,0 1,5,0 1,5,1 G6
0,4,1 0,5,0 1,4,0 1,4,1 2,3,1 2,4,0 S6
0,3,1 0,4,0 1,2,1 1,3,0 1,3,1 2,2,0 E6
2,4,1 2,5,0 2,5,1 3,4,0 3,4,1 3,5,0 O6
2,2,1 2,3,0 3,2,0 3,2,1 3,3,0 4,2,0 F6
2,1,1 3,0,1 3,1,0 3,1,1 4,1,0 4,1,1 P6
3,3,1 4,2,1 4,3,0 5,1,0 5,1,1 5,2,0 J6

        ________________
       /\      /\       \
      /  \    /  \____   \
     /   /    \       \   \
    /   /______\    ___\___\
   /\      /    \  /
  /  \____/      \/
 /\       \      /
/  \____   \____/
\      /\  /\   \
 \    /  \/  \   \
  \   \       \   \
   \___\_______\   \________
    \          /   /       /
     \    ____/___/___    /
      \  /           /   /
       \/___________/___/


solution 12:
2,7,1 3,7,0 3,7,1 4,6,1 4,7,0 5,6,0 C6
2,6,1 2,7,0 3,5,1 3,6,0 3,6,1 4,6,0 H6
6,1,0 6,1,1 7,0,0 7,0,1 7,1,0 7,1,1 V6
4,0,0 4,0,1 5,0,0 5,0,1 6,0,0 6,0,1 I6
0,7,1 1,6,0 1,6,1 1,7,0 1,7,1 2,6,0 X6
0,5,0 0,5,1 0,6,0 0,6,1 0,7,0 1,5,0 P6
3,0,1 3,1,0 3,1,1 3,2,0 3,2,1 4,1,0 E6
2,1,1 2,2,0 2,2,1 2,3,0 2,3,1 3,3,0 J6
4,1,1 4,2,0 4,2,1 5,1,0 5,1,1 5,2,0 O6
2,5,1 3,3,1 3,4,0 3,4,1 3,5,0 4,3,0 S6
1,4,0 1,4,1 1,5,1 2,4,0 2,4,1 2,5,0 G6
0,3,1 0,4,0 0,4,1 1,2,1 1,3,0 1,3,1 F6

        ________________
       /\      /\       \
      /  \    /  \____   \
     /   /    \       \   \
    /   /______\    ___\___\
   /    \   \   \  /
  /______\   \   \/
 /   /       /   /
/   /_______/   /
\      /    \   \
 \    /   ___\___\
  \  /   /   /    \
   \/   /   /      \________
    \  /    \      /       /
     \/   ___\____/___    /
      \  /           /   /
       \/___________/___/


solution 13:
2,7,1 3,7,0 3,7,1 4,6,1 4,7,0 5,6,0 C6
2,6,1 2,7,0 3,5,1 3,6,0 3,6,1 4,6,0 H6
6,1,0 6,1,1 7,0,0 7,0,1 7,1,0 7,1,1 V6
4,0,1 4,1,0 5,0,0 5,0,1 6,0,0 6,0,1 J6
1,2,1 2,1,1 2,2,0 3,0,1 3,1,0 4,0,0 I6
0,7,1 1,6,0 1,6,1 1,7,0 1,7,1 2,6,0 X6
0,5,1 0,6,0 0,6,1 0,7,0 1,5,0 1,5,1 G6
4,1,1 4,2,0 4,2,1 5,1,0 5,1,1 5,2,0 O6
1,3,1 2,2,1 2,3,0 2,3,1 3,1,1 3,2,0 P6
0,3,1 0,4,0 0,4,1 0,5,0 1,3,0 1,4,0 F6
3,2,1 3,3,0 3,3,1 3,4,0 3,4,1 4,3,0 E6
1,4,1 2,4,0 2,4,1 2,5,0 2,5,1 3,5,0 S6

        ________________
       /\      /\       \
      /  \    /  \____   \
     /   /    \       \   \
    /   /______\    ___\___\
   /\      /    \  /
  /  \____/   ___\/
 /    \      /   /
/   ___\____/   /
\   \      /    \
 \___\    /   ___\
  \   \   \  /    \
   \   \   \/      \________
    \   \  /\      /       /
     \   \/  \____/___    /
      \   \          /   /
       \___\________/___/


solution 14:
2,7,1 3,7,0 3,7,1 4,6,1 4,7,0 5,6,0 C6
2,6,1 2,7,0 3,5,1 3,6,0 3,6,1 4,6,0 H6
6,1,0 6,1,1 7,0,0 7,0,1 7,1,0 7,1,1 V6
4,1,0 4,1,1 5,0,1 5,1,0 6,0,0 6,0,1 S6
3,0,1 3,1,0 3,1,1 4,0,0 4,0,1 5,0,0 G6
3,3,1 4,2,0 4,2,1 4,3,0 5,1,1 5,2,0 E6
0,7,1 1,6,0 1,6,1 1,7,0 1,7,1 2,6,0 X6
0,4,1 0,5,0 0,5,1 0,6,0 0,6,1 0,7,0 I6
0,3,1 0,4,0 1,3,0 1,3,1 1,4,0 2,3,0 F6
1,2,1 2,1,1 2,2,0 2,2,1 3,2,0 3,2,1 P6
2,4,1 2,5,0 2,5,1 3,4,0 3,4,1 3,5,0 O6
1,4,1 1,5,0 1,5,1 2,3,1 2,4,0 3,3,0 J6

        ________________
       /\      /\       \
      /  \    /  \____   \
     /   /    \       \   \
    /   /______\    ___\___\
   /   /   /    \  /
  /   /   /      \/
 /\  /\   \      /
/  \/  \   \____/
\       \   \   \
 \_______\___\   \
  \          /    \
   \    ____/___   \________
    \  /   /    \  /       /
     \/   /___   \/___    /
      \       \      /   /
       \_______\____/___/


solution 15:
2,7,1 3,7,0 3,7,1 4,6,1 4,7,0 5,6,0 C6
2,6,1 3,5,0 3,5,1 3,6,0 3,6,1 4,6,0 H6
0,7,0 0,7,1 1,6,1 1,7,0 1,7,1 2,7,0 E6
2,4,1 2,5,0 2,5,1 2,6,0 3,4,0 3,4,1 G6
6,1,0 6,1,1 7,0,0 7,0,1 7,1,0 7,1,1 V6
4,0,0 4,0,1 5,0,0 5,0,1 6,0,0 6,0,1 I6
0,5,1 0,6,0 0,6,1 1,5,0 1,5,1 1,6,0 O6
0,4,0 0,4,1 0,5,0 1,3,1 1,4,0 1,4,1 X6
0,3,1 1,2,1 1,3,0 2,1,1 2,2,0 2,2,1 P6
2,3,0 2,3,1 2,4,0 3,2,0 3,2,1 3,3,0 F6
3,0,1 3,1,0 3,1,1 4,1,0 4,1,1 4,2,0 S6
3,3,1 4,2,1 4,3,0 5,1,0 5,1,1 5,2,0 J6

        ________________
       /        \       \
      /___    ___\____   \
     /    \  /\       \   \
    /      \/  \    ___\___\
   /\      /   /   /
  /  \____/   /___/
 /       /\      /
/___    /  \____/
\   \  /    \   \
 \   \/___   \   \
  \      /   /\   \
   \    /___/  \   \________
    \  /       /   /       /
     \/   ____/___/___    /
      \  /           /   /
       \/___________/___/


solution 16:
2,7,1 3,7,0 3,7,1 4,6,1 4,7,0 5,6,0 C6
2,6,1 3,5,0 3,5,1 3,6,0 3,6,1 4,6,0 H6
0,7,0 0,7,1 1,6,1 1,7,0 1,7,1 2,7,0 E6
0,6,1 1,5,1 1,6,0 2,5,0 2,5,1 2,6,0 G6
6,1,0 6,1,1 7,0,0 7,0,1 7,1,0 7,1,1 V6
4,0,1 4,1,0 5,0,0 5,0,1 6,0,0 6,0,1 J6
1,2,1 2,1,1 2,2,0 3,0,1 3,1,0 4,0,0 I6
0,4,0 0,4,1 0,5,0 0,5,1 0,6,0 1,5,0 P6
0,3,1 1,3,0 1,3,1 1,4,0 1,4,1 2,4,0 S6
2,4,1 3,3,0 3,3,1 3,4,0 3,4,1 4,3,0 X6
4,1,1 4,2,0 4,2,1 5,1,0 5,1,1 5,2,0 O6
2,2,1 2,3,0 2,3,1 3,1,1 3,2,0 3,2,1 F6

        ________________
       /        \       \
      /___    ___\____   \
     /\   \  /\       \   \
    /  \   \/  \    ___\___\
   /    \      /   /
  /   ___\____/___/
 /   /    \      /
/___/   ___\    /
\      /   /    \
 \____/   /______\
  \   \      /    \
   \   \    /      \________
    \   \  /\      /       /
     \   \/  \____/___    /
      \   \          /   /
       \___\________/___/


solution 17:
2,7,1 3,7,0 3,7,1 4,6,1 4,7,0 5,6,0 C6
2,6,1 3,5,0 3,5,1 3,6,0 3,6,1 4,6,0 H6
0,6,1 0,7,0 0,7,1 1,7,0 1,7,1 2,7,0 J6
6,1,0 6,1,1 7,0,0 7,0,1 7,1,0 7,1,1 V6
4,0,1 5,0,0 5,0,1 5,1,0 6,0,0 6,0,1 E6
4,1,0 4,1,1 4,2,0 4,2,1 5,1,1 5,2,0 G6
1,2,1 2,1,1 2,2,0 3,0,1 3,1,0 4,0,0 I6
2,2,1 2,3,0 2,3,1 3,1,1 3,2,0 3,2,1 F6
2,4,1 3,3,0 3,3,1 3,4,0 3,4,1 4,3,0 X6
1,5,1 1,6,0 1,6,1 2,5,0 2,5,1 2,6,0 O6
0,3,1 1,3,0 1,3,1 1,4,0 1,4,1 2,4,0 S6
0,4,0 0,4,1 0,5,0 0,5,1 0,6,0 1,5,0 P6

        ________________
       /        \       \
      /   _______\____   \
     /\  /    \       \   \
    /  \/      \    ___\___\
   /    \      /   /
  /   ___\____/___/
 /   /    \      /
/___/   ___\    /
\      /   /    \
 \____/   /______\
  \   \      /    \
   \   \    /      \________
    \   \  /   /\  /       /
     \   \/___/  \/___    /
      \   \          /   /
       \___\________/___/


solution 18:
2,7,1 3,7,0 3,7,1 4,6,1 4,7,0 5,6,0 C6
2,6,1 3,5,0 3,5,1 3,6,0 3,6,1 4,6,0 H6
0,6,1 0,7,0 0,7,1 1,7,0 1,7,1 2,7,0 J6
6,1,0 6,1,1 7,0,0 7,0,1 7,1,0 7,1,1 V6
4,0,0 4,0,1 5,0,0 5,0,1 6,0,0 6,0,1 I6
4,1,1 4,2,0 4,2,1 5,1,0 5,1,1 5,2,0 O6
2,1,1 3,0,1 3,1,0 3,1,1 3,2,0 4,1,0 X6
3,2,1 3,3,0 3,3,1 3,4,0 3,4,1 4,3,0 E6
1,6,0 1,6,1 2,4,1 2,5,0 2,5,1 2,6,0 G6
0,3,1 1,2,1 1,3,0 1,3,1 2,2,0 2,2,1 F6
1,4,1 1,5,0 1,5,1 2,3,0 2,3,1 2,4,0 S6
0,4,0 0,4,1 0,5,0 0,5,1 0,6,0 1,4,0 P6

        ________________
       /        \       \
      /   _______\____   \
     /\  /    \       \   \
    /  \/___   \    ___\___\
   /   /   /   /   /
  /   /   /   /___/
 /    \   \  /   /
/______\   \/   /
\      /   /    \
 \    /___/   ___\
  \      /\  /    \
   \____/  \/      \________
    \       \      /       /
     \    ___\____/___    /
      \  /           /   /
       \/___________/___/


solution 19:
2,7,1 3,7,0 3,7,1 4,6,1 4,7,0 5,6,0 C6
2,6,1 3,5,0 3,5,1 3,6,0 3,6,1 4,6,0 H6
0,6,1 0,7,0 0,7,1 1,7,0 1,7,1 2,7,0 J6
6,1,0 6,1,1 7,0,0 7,0,1 7,1,0 7,1,1 V6
4,0,0 4,0,1 5,0,0 5,0,1 6,0,0 6,0,1 I6
1,5,1 1,6,0 1,6,1 2,5,0 2,5,1 2,6,0 O6
0,4,1 0,5,0 0,5,1 0,6,0 1,4,0 1,5,0 F6
0,3,1 0,4,0 1,2,1 1,3,0 1,3,1 2,2,0 E6
2,1,1 3,0,1 3,1,0 3,1,1 4,1,0 4,1,1 P6
3,2,1 4,2,0 4,2,1 5,1,0 5,1,1 5,2,0 G6
1,4,1 2,2,1 2,3,0 2,3,1 2,4,0 3,2,0 S6
2,4,1 3,3,0 3,3,1 3,4,0 3,4,1 4,3,0 X6

        ________________
       /        \       \
      /   _______\____   \
     /\  /    \       \   \
    /  \/      \    ___\___\
   /    \      /   /
  /   ___\____/___/
 /\   \   \      /
/  \___\   \    /
\      /   /    \
 \    /   /______\
  \   \   \       \
   \___\___\____   \________
    \          /   /       /
     \    ____/___/___    /
      \  /           /   /
       \/___________/___/


solution 20:
2,7,1 3,7,0 3,7,1 4,6,1 4,7,0 5,6,0 C6
3,4,1 3,5,0 3,5,1 3,6,0 3,6,1 4,6,0 J6
6,0,1 6,1,1 7,0,0 7,0,1 7,1,0 7,1,1 F6
4,0,1 4,1,0 4,1,1 5,0,0 5,0,1 6,0,0 G6
4,2,1 4,3,0 5,1,0 5,1,1 5,2,0 6,1,0 P6
2,1,1 2,2,0 3,0,1 3,1,0 3,1,1 4,0,0 E6
2,3,1 3,2,0 3,2,1 3,3,0 3,3,1 4,2,0 X6
1,2,1 1,3,0 1,3,1 1,4,0 2,2,1 2,3,0 V6
0,3,1 0,4,0 0,4,1 0,5,0 0,5,1 0,6,0 I6
1,6,1 1,7,0 1,7,1 2,6,0 2,6,1 2,7,0 O6
0,6,1 0,7,0 0,7,1 1,5,0 1,5,1 1,6,0 S6
1,4,1 2,4,0 2,4,1 2,5,0 2,5,1 3,4,0 H6

        ________________
       /   /    \       \
      /   /      \____   \
     /\   \      /    \   \
    /  \   \____/   ___\___\
   /   /   /   /   /
  /   /___/   /   /
 /   /\       \  /
/   /  \_______\/
\  /    \      /\
 \/      \    /  \
  \  /\  /    \   \
   \/  \/______\   \________
    \      /   /    \      /
     \    /   /______\    /
      \   \       \      /
       \___\_______\____/


solution 21:
2,7,1 3,7,0 3,7,1 4,6,1 4,7,0 5,6,0 C6
3,4,1 3,5,0 3,5,1 3,6,0 3,6,1 4,6,0 J6
6,1,0 6,1,1 7,0,0 7,0,1 7,1,0 7,1,1 V6
5,0,1 5,1,0 5,1,1 5,2,0 6,0,0 6,0,1 G6
3,0,1 4,0,0 4,0,1 4,1,0 4,1,1 5,0,0 H6
1,6,1 1,7,0 1,7,1 2,6,0 2,6,1 2,7,0 O6
0,5,1 0,6,0 0,6,1 0,7,0 0,7,1 1,6,0 E6
1,5,1 2,4,1 2,5,0 2,5,1 3,3,1 3,4,0 P6
3,1,1 3,2,0 3,2,1 4,2,0 4,2,1 4,3,0 S6
0,3,1 1,2,1 1,3,0 2,1,1 2,2,0 3,1,0 I6
0,4,0 0,4,1 0,5,0 1,4,0 1,4,1 1,5,0 F6
1,3,1 2,2,1 2,3,0 2,3,1 2,4,0 3,3,0 X6

        ________________
       /   /    \       \
      /   /      \____   \
     /    \      /    \   \
    /   ___\____/   ___\___\
   /\  /\      /   /
  /  \/  \    /   /
 /       /\   \  /
/_______/  \   \/
\   \       \  /\
 \   \    ___\/  \
  \   \  /       /\
   \   \/   ____/  \________
    \   \  /   /   /       /
     \___\/   /   /___    /
      \       \      /   /
       \_______\____/___/


solution 22:
2,7,1 3,7,0 3,7,1 4,6,1 4,7,0 5,6,0 C6
3,4,1 3,5,0 3,5,1 3,6,0 3,6,1 4,6,0 J6
6,1,0 6,1,1 7,0,0 7,0,1 7,1,0 7,1,1 V6
5,0,1 5,1,0 5,1,1 5,2,0 6,0,0 6,0,1 G6
3,0,1 4,0,0 4,0,1 4,1,0 4,1,1 5,0,0 H6
1,6,1 1,7,0 1,7,1 2,6,0 2,6,1 2,7,0 O6
0,5,1 0,6,0 0,6,1 0,7,0 0,7,1 1,6,0 E6
1,5,1 2,4,0 2,4,1 2,5,0 2,5,1 3,4,0 X6
0,4,0 0,4,1 0,5,0 1,4,0 1,4,1 1,5,0 F6
3,1,1 3,2,0 3,2,1 4,2,0 4,2,1 4,3,0 S6
0,3,1 1,2,1 1,3,0 2,1,1 2,2,0 3,1,0 I6
1,3,1 2,2,1 2,3,0 2,3,1 3,3,0 3,3,1 P6

        ________________
       /   /    \       \
      /   /      \____   \
     /    \      /    \   \
    /   ___\____/   ___\___\
   /\  /\      /   /
  /  \/  \    /   /
 /       /    \  /
/_______/______\/
\   \          /\
 \   \    ____/  \
  \   \  /       /\
   \   \/   ____/  \________
    \   \  /   /   /       /
     \___\/   /   /___    /
      \       \      /   /
       \_______\____/___/


solution 23:
2,7,1 3,7,0 3,7,1 4,6,1 4,7,0 5,6,0 C6
3,4,1 3,5,0 3,5,1 3,6,0 3,6,1 4,6,0 J6
6,1,0 6,1,1 7,0,0 7,0,1 7,1,0 7,1,1 V6
4,0,0 4,0,1 5,0,0 5,0,1 6,0,0 6,0,1 I6
4,1,1 4,2,0 4,2,1 5,1,0 5,1,1 5,2,0 O6
2,1,1 2,2,0 3,0,1 3,1,0 3,1,1 4,1,0 H6
2,3,1 3,2,1 3,3,0 3,3,1 3,4,0 4,3,0 X6
1,2,1 1,3,0 1,3,1 2,2,1 2,3,0 3,2,0 G6
0,3,1 0,4,0 0,4,1 1,4,0 1,4,1 1,5,0 S6
1,5,1 2,4,0 2,4,1 2,5,0 2,5,1 2,6,0 E6
0,5,0 0,5,1 0,6,0 0,6,1 0,7,0 1,6,0 P6
0,7,1 1,6,1 1,7,0 1,7,1 2,6,1 2,7,0 F6

        ________________
       /\       \       \
      /  \       \____   \
     /    \  /\  /    \   \
    /   ___\/  \/   ___\___\
   /   /\      /   /
  /___/  \    /   /
 /       /   /\  /
/   ____/___/  \/
\  /    \       \
 \/      \    ___\
  \  /\   \  /    \
   \/  \___\/      \________
    \       \      /       /
     \    ___\____/___    /
      \  /           /   /
       \/___________/___/


solution 24:
2,7,1 3,7,0 3,7,1 4,6,1 4,7,0 5,6,0 C6
3,4,1 3,5,0 3,5,1 3,6,0 3,6,1 4,6,0 J6
6,1,0 6,1,1 7,0,0 7,0,1 7,1,0 7,1,1 V6
4,0,0 4,0,1 5,0,0 5,0,1 6,0,0 6,0,1 I6
4,1,1 4,2,0 4,2,1 5,1,0 5,1,1 5,2,0 O6
2,2,1 3,0,1 3,1,0 3,1,1 3,2,0 4,1,0 H6
1,2,1 1,3,0 1,3,1 2,1,1 2,2,0 2,3,0 G6
0,3,1 0,4,0 0,4,1 1,4,0 1,4,1 1,5,0 S6
0,5,0 0,5,1 0,6,0 0,6,1 0,7,0 1,6,0 P6
2,3,1 3,2,1 3,3,0 3,3,1 3,4,0 4,3,0 X6
1,5,1 2,4,0 2,4,1 2,5,0 2,5,1 2,6,0 E6
0,7,1 1,6,1 1,7,0 1,7,1 2,6,1 2,7,0 F6

        ________________
       /\       \       \
      /  \       \____   \
     /    \  /\  /    \   \
    /   ___\/  \/   ___\___\
   /   /\      /   /
  /___/  \    /   /
 /       /   /\  /
/   ____/___/  \/
\  /    \       \
 \/   ___\    ___\
  \   \   \  /    \
   \   \   \/      \________
    \  /    \      /       /
     \/   ___\____/___    /
      \  /           /   /
       \/___________/___/


solution 25:
2,7,1 3,7,0 3,7,1 4,6,1 4,7,0 5,6,0 C6
3,4,1 3,5,0 3,5,1 3,6,0 3,6,1 4,6,0 J6
6,1,0 6,1,1 7,0,0 7,0,1 7,1,0 7,1,1 V6
4,0,0 4,0,1 5,0,0 5,0,1 6,0,0 6,0,1 I6
4,1,1 4,2,0 4,2,1 5,1,0 5,1,1 5,2,0 O6
2,1,1 3,0,1 3,1,0 3,1,1 3,2,0 4,1,0 X6
2,4,1 3,2,1 3,3,0 3,3,1 3,4,0 4,3,0 H6
1,3,1 2,2,0 2,2,1 2,3,0 2,3,1 2,4,0 E6
0,3,1 0,4,0 0,4,1 1,2,1 1,3,0 1,4,0 G6
0,5,0 0,5,1 0,6,0 0,6,1 0,7,0 1,6,0 P6
1,4,1 1,5,0 1,5,1 2,5,0 2,5,1 2,6,0 S6
0,7,1 1,6,1 1,7,0 1,7,1 2,6,1 2,7,0 F6

        ________________
       /\       \       \
      /  \       \____   \
     /    \  /\  /    \   \
    /   ___\/  \/   ___\___\
   /   /       /   /
  /___/   ____/   /
 /    \  /\   \  /
/   ___\/  \   \/
\   \      /    \
 \   \    /   ___\
  \  /   /\  /    \
   \/___/  \/      \________
    \       \      /       /
     \    ___\____/___    /
      \  /           /   /
       \/___________/___/


solution 26:
2,7,1 3,7,0 3,7,1 4,6,1 4,7,0 5,6,0 C6
3,4,1 3,5,0 3,5,1 3,6,0 3,6,1 4,6,0 J6
6,1,0 6,1,1 7,0,0 7,0,1 7,1,0 7,1,1 V6
4,0,0 4,0,1 5,0,0 5,0,1 6,0,0 6,0,1 I6
4,1,1 4,2,0 4,2,1 5,1,0 5,1,1 5,2,0 O6
2,1,1 3,0,1 3,1,0 3,1,1 3,2,0 4,1,0 X6
2,4,1 3,2,1 3,3,0 3,3,1 3,4,0 4,3,0 H6
0,3,1 1,2,1 1,3,0 1,3,1 2,2,0 2,2,1 F6
1,4,1 1,5,0 1,5,1 2,3,0 2,3,1 2,4,0 S6
0,4,0 0,4,1 0,5,0 0,5,1 0,6,0 1,4,0 P6
1,6,1 2,5,0 2,5,1 2,6,0 2,6,1 2,7,0 E6
0,6,1 0,7,0 0,7,1 1,6,0 1,7,0 1,7,1 G6

        ________________
       /       /\       \
      /   ____/  \____   \
     /\   \      /    \   \
    /  \___\    /   ___\___\
   /   /   /   /   /
  /   /   /___/   /
 /    \   \   \  /
/______\   \   \/
\      /   /    \
 \    /___/   ___\
  \      /\  /    \
   \____/  \/      \________
    \       \      /       /
     \    ___\____/___    /
      \  /           /   /
       \/___________/___/


solution 27:
2,7,1 3,7,0 3,7,1 4,6,1 4,7,0 5,6,0 C6
3,4,1 3,5,0 3,5,1 3,6,0 3,6,1 4,6,0 J6
6,1,0 6,1,1 7,0,0 7,0,1 7,1,0 7,1,1 V6
4,0,0 4,0,1 5,0,0 5,0,1 6,0,0 6,0,1 I6
1,2,1 1,3,0 1,3,1 2,2,0 2,2,1 2,3,0 O6
0,3,1 0,4,0 0,4,1 1,4,0 1,4,1 1,5,0 S6
0,5,0 0,5,1 0,6,0 0,6,1 0,7,0 1,6,0 P6
2,1,1 3,0,1 3,1,0 3,1,1 3,2,0 4,1,0 X6
0,7,1 1,6,1 1,7,0 1,7,1 2,6,1 2,7,0 F6
1,5,1 2,4,0 2,4,1 2,5,0 2,5,1 2,6,0 E6
2,3,1 3,2,1 3,3,0 3,3,1 3,4,0 4,2,0 H6
4,1,1 4,2,1 4,3,0 5,1,0 5,1,1 5,2,0 G6

        ________________
       /\       \       \
      /  \       \____   \
     /    \  /\  /    \   \
    /   ___\/  \/   ___\___\
   /   /\      /   /
  /___/  \    /   /
 /       /   /\  /
/   ____/___/  \/
\  /    \      /\
 \/      \    /  \
  \      /\   \   \
   \____/  \___\   \________
    \       \      /       /
     \    ___\____/___    /
      \  /           /   /
       \/___________/___/


solution 28:
2,7,1 3,7,0 3,7,1 4,6,1 4,7,0 5,6,0 C6
3,4,1 3,5,0 3,5,1 3,6,0 3,6,1 4,6,0 J6
6,1,0 6,1,1 7,0,0 7,0,1 7,1,0 7,1,1 V6
4,0,0 4,0,1 5,0,0 5,0,1 6,0,0 6,0,1 I6
1,2,1 1,3,0 1,3,1 2,2,0 2,2,1 2,3,0 O6
0,3,1 0,4,0 0,4,1 1,4,0 1,4,1 1,5,0 S6
0,5,0 0,5,1 0,6,0 0,6,1 0,7,0 1,6,0 P6
2,1,1 3,0,1 3,1,0 3,1,1 3,2,0 4,1,0 X6
0,7,1 1,6,1 1,7,0 1,7,1 2,6,1 2,7,0 F6
1,5,1 2,4,0 2,4,1 2,5,0 2,5,1 2,6,0 E6
2,3,1 3,3,0 3,3,1 3,4,0 4,2,1 4,3,0 H6
3,2,1 4,1,1 4,2,0 5,1,0 5,1,1 5,2,0 G6

        ________________
       /\       \       \
      /  \       \____   \
     /    \  /\  /    \   \
    /   ___\/  \/   ___\___\
   /   /\      /   /
  /___/  \    /   /
 /       /   /\  /
/   ____/___/  \/
\  /    \       \
 \/      \____   \
  \      /\   \  /\
   \____/  \   \/  \________
    \       \      /       /
     \    ___\____/___    /
      \  /           /   /
       \/___________/___/


solution 29:
2,7,1 3,7,0 3,7,1 4,6,1 4,7,0 5,6,0 C6
3,4,1 3,5,0 3,5,1 3,6,0 3,6,1 4,6,0 J6
6,1,0 6,1,1 7,0,0 7,0,1 7,1,0 7,1,1 V6
4,0,0 4,0,1 5,0,0 5,0,1 6,0,0 6,0,1 I6
1,2,1 1,3,0 1,3,1 2,2,0 2,2,1 2,3,0 O6
0,3,1 0,4,0 0,4,1 1,4,0 1,4,1 1,5,0 S6
0,5,0 0,5,1 0,6,0 0,6,1 0,7,0 1,6,0 P6
2,1,1 3,0,1 3,1,0 3,1,1 3,2,0 4,1,0 X6
0,7,1 1,6,1 1,7,0 1,7,1 2,6,1 2,7,0 F6
1,5,1 2,4,1 2,5,0 2,5,1 2,6,0 3,4,0 H6
2,3,1 2,4,0 3,2,1 3,3,0 3,3,1 4,2,0 E6
4,1,1 4,2,1 4,3,0 5,1,0 5,1,1 5,2,0 G6

        ________________
       /\       \       \
      /  \       \____   \
     /    \  /\  /    \   \
    /   ___\/  \/   ___\___\
   /   /\      /   /
  /___/  \    /   /
 /       /\   \  /
/   ____/  \___\/
\  /    \      /\
 \/      \    /  \
  \      /\   \   \
   \____/  \___\   \________
    \       \      /       /
     \    ___\____/___    /
      \  /           /   /
       \/___________/___/


solution 30:
2,7,1 3,7,0 3,7,1 4,6,1 4,7,0 5,6,0 C6
3,4,1 3,5,0 3,5,1 3,6,0 3,6,1 4,6,0 J6
6,1,0 6,1,1 7,0,0 7,0,1 7,1,0 7,1,1 V6
4,0,0 4,0,1 5,0,0 5,0,1 6,0,0 6,0,1 I6
1,6,1 1,7,0 1,7,1 2,6,0 2,6,1 2,7,0 O6
0,5,1 0,6,0 0,6,1 0,7,0 0,7,1 1,6,0 E6
1,5,0 1,5,1 2,4,1 2,5,0 2,5,1 3,4,0 H6
0,4,0 0,4,1 0,5,0 1,3,1 1,4,0 1,4,1 X6
0,3,1 1,2,1 1,3,0 2,2,0 2,2,1 2,3,0 G6
2,3,1 2,4,0 3,3,0 3,3,1 4,2,1 4,3,0 S6
4,1,0 4,1,1 4,2,0 5,1,0 5,1,1 5,2,0 F6
2,1,1 3,0,1 3,1,0 3,1,1 3,2,0 3,2,1 P6

        ________________
       /   /    \       \
      /   /      \____   \
     /    \      /    \   \
    /   ___\____/   ___\___\
   /\  /       /   /
  /  \/___    /   /
 /       /\   \  /
/___    /  \___\/
\   \  /\       \
 \   \/  \____   \
  \      /   /\  /\
   \____/   /  \/  \________
    \      /       /       /
     \    /_______/___    /
      \  /           /   /
       \/___________/___/


solution 31:
2,7,1 3,7,0 3,7,1 4,6,1 4,7,0 5,6,0 C6
2,6,0 2,6,1 2,7,0 3,6,0 3,6,1 4,6,0 P6
0,6,1 0,7,0 0,7,1 1,6,1 1,7,0 1,7,1 F6
6,1,0 6,1,1 7,0,0 7,0,1 7,1,0 7,1,1 V6
3,3,1 3,4,0 3,4,1 3,5,0 3,5,1 4,3,0 J6
4,0,1 5,0,0 5,0,1 5,1,0 6,0,0 6,0,1 E6
3,2,1 3,3,0 4,2,0 4,2,1 5,1,1 5,2,0 S6
3,0,1 3,1,0 3,1,1 4,0,0 4,1,0 4,1,1 G6
1,2,1 1,3,0 2,1,1 2,2,0 2,2,1 3,2,0 H6
1,3,1 1,4,0 1,4,1 2,3,0 2,3,1 2,4,0 O6
1,5,0 1,5,1 1,6,0 2,4,1 2,5,0 2,5,1 X6
0,3,1 0,4,0 0,4,1 0,5,0 0,5,1 0,6,0 I6

        ________________
       /       /\       \
      /       /  \____   \
     /\  /\  /        \   \
    /  \/  \/__________\___\
   /   /       /   /
  /   /___    /   /
 /   /    \  /   /
/   /      \/   /
\  /\      /\   \
 \/  \____/  \___\
  \       \       \
   \    ___\____   \________
    \  /       /\  /       /
     \/   ____/  \/___    /
      \   \          /   /
       \___\________/___/


solution 32:
2,7,1 3,7,0 3,7,1 4,6,1 4,7,0 5,6,0 C6
2,6,0 2,6,1 2,7,0 3,6,0 3,6,1 4,6,0 P6
0,6,1 0,7,0 0,7,1 1,6,1 1,7,0 1,7,1 F6
6,1,0 6,1,1 7,0,0 7,0,1 7,1,0 7,1,1 V6
3,3,1 3,4,0 3,4,1 3,5,0 3,5,1 4,3,0 J6
4,1,1 5,0,0 5,0,1 5,1,0 6,0,0 6,0,1 H6
3,2,1 3,3,0 4,2,0 4,2,1 5,1,1 5,2,0 S6
0,3,1 0,4,0 0,4,1 0,5,0 0,5,1 0,6,0 I6
1,5,0 1,5,1 1,6,0 2,4,1 2,5,0 2,5,1 X6
1,3,1 1,4,0 1,4,1 2,3,0 2,3,1 2,4,0 O6
1,2,1 1,3,0 2,1,1 2,2,0 2,2,1 3,1,0 E6
3,0,1 3,1,1 3,2,0 4,0,0 4,0,1 4,1,0 G6

        ________________
       /       /\       \
      /       /  \____   \
     /\  /\  /        \   \
    /  \/  \/__________\___\
   /   /       /   /
  /   /___    /   /
 /   /    \  /   /
/   /      \/   /
\  /\      /\   \
 \/  \____/  \___\
  \      /\       \
   \    /  \____   \________
    \   \   \   \  /       /
     \___\   \   \/___    /
      \      /       /   /
       \____/_______/___/


solution 33:
2,7,1 3,7,0 3,7,1 4,6,1 4,7,0 5,6,0 C6
2,5,1 3,5,0 3,5,1 3,6,0 3,6,1 4,6,0 S6
6,0,1 6,1,1 7,0,0 7,0,1 7,1,0 7,1,1 F6
0,7,1 1,7,0 1,7,1 2,6,0 2,6,1 2,7,0 G6
0,6,0 0,6,1 0,7,0 1,5,1 1,6,0 1,6,1 X6
0,3,1 0,4,0 0,4,1 1,3,0 1,3,1 1,4,0 O6
0,5,0 0,5,1 1,4,1 1,5,0 2,3,1 2,4,0 J6
2,4,1 2,5,0 3,3,0 3,3,1 3,4,0 3,4,1 H6
1,2,1 2,1,1 2,2,0 3,0,1 3,1,0 4,0,0 I6
2,2,1 2,3,0 3,1,1 3,2,0 3,2,1 4,1,0 E6
4,0,1 4,1,1 5,0,0 5,0,1 5,1,0 6,0,0 V6
4,2,0 4,2,1 4,3,0 5,1,1 5,2,0 6,1,0 P6

        ________________
       /\       \       \
      /  \____   \____   \
     /       /   /    \   \
    /___    /___/   ___\___\
   /    \  /\      /
  /___   \/  \____/
 /    \   \      /
/      \   \    /
\      /\  /   /\
 \____/  \/___/  \
  \   \      /    \
   \   \    /___   \________
    \   \   \   \   \      /
     \   \___\   \___\    /
      \   \       \      /
       \___\_______\____/


solution 34:
2,7,1 3,7,0 3,7,1 4,6,1 4,7,0 5,6,0 C6
2,5,1 3,5,0 3,5,1 3,6,0 3,6,1 4,6,0 S6
6,0,1 6,1,1 7,0,0 7,0,1 7,1,0 7,1,1 F6
1,6,1 1,7,0 1,7,1 2,6,0 2,6,1 2,7,0 O6
0,5,1 0,6,0 0,6,1 0,7,0 0,7,1 1,6,0 E6
0,4,1 0,5,0 1,4,0 1,4,1 1,5,0 1,5,1 G6
0,3,1 0,4,0 1,3,0 1,3,1 2,3,0 2,3,1 J6
2,4,0 2,4,1 2,5,0 3,3,1 3,4,0 3,4,1 X6
1,2,1 2,1,1 2,2,0 3,0,1 3,1,0 4,0,0 I6
2,2,1 3,1,1 3,2,0 3,2,1 3,3,0 4,1,0 H6
4,0,1 4,1,1 5,0,0 5,0,1 5,1,0 6,0,0 V6
4,2,0 4,2,1 4,3,0 5,1,1 5,2,0 6,1,0 P6

        ________________
       /   /    \       \
      /   /      \____   \
     /    \      /    \   \
    /   ___\____/   ___\___\
   /\  /   /\      /
  /  \/   /  \____/
 /\      /       /
/  \____/___    /
\          /\  /\
 \________/  \/  \
  \   \      /    \
   \   \    /___   \________
    \   \   \   \   \      /
     \   \___\   \___\    /
      \   \       \      /
       \___\_______\____/


solution 35:
2,7,1 3,7,0 3,7,1 4,6,1 4,7,0 5,6,0 C6
2,5,1 3,5,0 3,5,1 3,6,0 3,6,1 4,6,0 S6
5,1,1 5,2,0 6,1,0 6,1,1 7,1,0 7,1,1 J6
5,0,0 5,0,1 6,0,0 6,0,1 7,0,0 7,0,1 I6
0,7,1 1,7,0 1,7,1 2,6,0 2,6,1 2,7,0 G6
0,6,0 0,6,1 0,7,0 1,5,1 1,6,0 1,6,1 X6
3,0,1 3,1,0 3,1,1 4,0,0 4,0,1 4,1,0 O6
3,2,0 3,2,1 4,1,1 4,2,0 4,2,1 5,1,0 H6
0,3,1 1,2,1 1,3,0 2,1,1 2,2,0 2,2,1 P6
2,4,1 2,5,0 3,3,1 3,4,0 3,4,1 4,3,0 E6
1,3,1 1,4,1 2,3,0 2,3,1 2,4,0 3,3,0 V6
0,4,0 0,4,1 0,5,0 0,5,1 1,4,0 1,5,0 F6

        ________________
       /\       \       \
      /  \____   \____   \
     /       /   /    \   \
    /___    /___/   ___\___\
   /    \  /\      /
  /   ___\/  \____/
 /    \   \      /
/______\   \    /
\   \       \   \
 \   \_______\___\
  \      /       /\
   \    /___    /  \________
    \  /    \   \          /
     \/      \___\________/
      \      /           /
       \____/___________/


solution 36:
2,7,1 3,7,0 3,7,1 4,6,1 4,7,0 5,6,0 C6
2,5,1 3,5,0 3,5,1 3,6,0 3,6,1 4,6,0 S6
5,1,1 5,2,0 6,1,0 6,1,1 7,1,0 7,1,1 J6
5,0,0 5,0,1 6,0,0 6,0,1 7,0,0 7,0,1 I6
1,6,1 1,7,0 1,7,1 2,6,0 2,6,1 2,7,0 O6
0,6,0 0,6,1 0,7,0 0,7,1 1,5,1 1,6,0 H6
3,0,1 3,1,0 3,1,1 3,2,0 4,0,0 4,0,1 G6
3,2,1 4,1,0 4,1,1 4,2,0 4,2,1 5,1,0 X6
0,3,1 1,2,1 1,3,0 2,1,1 2,2,0 2,2,1 P6
2,4,1 2,5,0 3,3,1 3,4,0 3,4,1 4,3,0 E6
1,3,1 1,4,1 2,3,0 2,3,1 2,4,0 3,3,0 V6
0,4,0 0,4,1 0,5,0 0,5,1 1,4,0 1,5,0 F6

        ________________
       /   /    \       \
      /   /      \____   \
     /    \      /    \   \
    /___   \____/   ___\___\
   /    \  /\      /
  /   ___\/  \____/
 /    \   \      /
/______\   \    /
\   \       \   \
 \   \_______\___\
  \      /\      /\
   \    /  \    /  \________
    \  /   /    \          /
     \/   /______\________/
      \      /           /
       \____/___________/


solution 37:
2,7,1 3,7,0 3,7,1 4,6,1 4,7,0 5,6,0 C6
2,5,1 3,5,0 3,5,1 3,6,0 3,6,1 4,6,0 S6
6,1,0 6,1,1 7,0,0 7,0,1 7,1,0 7,1,1 V6
4,0,1 5,0,0 5,0,1 5,1,0 6,0,0 6,0,1 E6
3,2,1 4,2,0 4,2,1 4,3,0 5,1,1 5,2,0 H6
3,0,1 3,1,0 3,1,1 4,0,0 4,1,0 4,1,1 G6
1,6,1 1,7,0 1,7,1 2,6,0 2,6,1 2,7,0 O6
0,6,1 0,7,0 0,7,1 1,5,1 1,6,0 2,5,0 J6
2,3,1 2,4,1 3,3,0 3,3,1 3,4,0 3,4,1 F6
0,3,1 0,4,0 0,4,1 0,5,0 0,5,1 0,6,0 I6
1,2,1 2,1,1 2,2,0 2,2,1 2,3,0 3,2,0 X6
1,3,0 1,3,1 1,4,0 1,4,1 1,5,0 2,4,0 P6

        ________________
       /   /    \       \
      /   /      \____   \
     /\   \      /    \   \
    /  \   \____/   ___\___\
   /   /\   \      /
  /   /  \___\____/
 /   /    \      /
/   /   ___\    /
\  /   /\      /\
 \/___/  \____/  \
  \       \       \
   \    ___\____   \________
    \  /       /\  /       /
     \/   ____/  \/___    /
      \   \          /   /
       \___\________/___/


solution 38:
2,7,1 3,7,0 3,7,1 4,6,1 4,7,0 5,6,0 C6
2,5,1 3,5,0 3,5,1 3,6,0 3,6,1 4,6,0 S6
6,1,0 6,1,1 7,0,0 7,0,1 7,1,0 7,1,1 V6
4,0,0 4,0,1 5,0,0 5,0,1 6,0,0 6,0,1 I6
4,1,1 4,2,0 4,2,1 5,1,0 5,1,1 5,2,0 O6
2,1,1 3,0,1 3,1,0 3,1,1 3,2,0 4,1,0 X6
0,6,1 0,7,0 0,7,1 1,7,0 1,7,1 2,7,0 J6
1,5,1 1,6,0 1,6,1 2,5,0 2,6,0 2,6,1 G6
0,4,0 0,4,1 0,5,0 0,5,1 0,6,0 1,4,0 P6
0,3,1 1,2,1 1,3,0 1,3,1 2,2,0 2,2,1 F6
1,4,1 1,5,0 2,3,0 2,3,1 2,4,0 2,4,1 H6
3,2,1 3,3,0 3,3,1 3,4,0 3,4,1 4,3,0 E6

        ________________
       /        \       \
      /   _______\____   \
     /\  /       /    \   \
    /  \/   ____/   ___\___\
   /   /\   \      /
  /   /  \___\____/
 /    \      /   /
/______\    /   /
\      /   /    \
 \    /___/   ___\
  \      /\  /    \
   \____/  \/      \________
    \       \      /       /
     \    ___\____/___    /
      \  /           /   /
       \/___________/___/


solution 39:
2,7,1 3,7,0 3,7,1 4,6,1 4,7,0 5,6,0 C6
2,5,1 3,5,0 3,5,1 3,6,0 3,6,1 4,6,0 S6
6,1,0 6,1,1 7,0,0 7,0,1 7,1,0 7,1,1 V6
4,0,0 4,0,1 5,0,0 5,0,1 6,0,0 6,0,1 I6
2,2,1 2,3,0 2,3,1 3,2,0 3,2,1 3,3,0 O6
2,1,1 3,0,1 3,1,0 3,1,1 4,1,0 4,1,1 P6
4,2,0 4,2,1 4,3,0 5,1,0 5,1,1 5,2,0 F6
0,3,1 0,4,0 1,2,1 1,3,0 1,3,1 2,2,0 E6
2,4,0 2,4,1 2,5,0 3,3,1 3,4,0 3,4,1 X6
0,4,1 0,5,0 0,5,1 0,6,0 1,4,0 1,4,1 G6
0,6,1 1,5,0 1,5,1 1,6,0 1,6,1 2,6,0 H6
0,7,0 0,7,1 1,7,0 1,7,1 2,6,1 2,7,0 J6

        ________________
       /        \       \
      /_______   \____   \
     /\       \  /    \   \
    /  \    ___\/   ___\___\
   /   /   /\      /
  /   /___/  \____/
 /\      /       /
/  \____/___    /
\      /    \  /\
 \    /      \/  \
  \   \      /    \
   \___\____/___   \________
    \          /   /       /
     \    ____/___/___    /
      \  /           /   /
       \/___________/___/


solution 40:
2,7,1 3,7,0 3,7,1 4,6,1 4,7,0 5,6,0 C6
2,5,1 3,5,0 3,5,1 3,6,0 3,6,1 4,6,0 S6
6,1,0 6,1,1 7,0,0 7,0,1 7,1,0 7,1,1 V6
4,0,0 4,0,1 5,0,0 5,0,1 6,0,0 6,0,1 I6
2,2,1 2,3,0 2,3,1 3,2,0 3,2,1 3,3,0 O6
2,1,1 3,0,1 3,1,0 3,1,1 4,1,0 4,1,1 P6
4,2,0 4,2,1 4,3,0 5,1,0 5,1,1 5,2,0 F6
0,3,1 1,2,1 1,3,0 1,3,1 1,4,0 2,2,0 H6
0,4,0 0,4,1 0,5,0 0,5,1 1,4,1 1,5,0 G6
2,4,0 2,4,1 2,5,0 3,3,1 3,4,0 3,4,1 X6
0,6,0 0,6,1 1,5,1 1,6,0 1,6,1 2,6,0 E6
0,7,0 0,7,1 1,7,0 1,7,1 2,6,1 2,7,0 J6

        ________________
       /        \       \
      /_______   \____   \
     /        \  /    \   \
    /___    ___\/   ___\___\
   /    \  /\      /
  /      \/  \____/
 /   /\  /       /
/___/  \/___    /
\      /    \  /\
 \    /      \/  \
  \   \      /    \
   \___\____/___   \________
    \          /   /       /
     \    ____/___/___    /
      \  /           /   /
       \/___________/___/


solution 41:
2,7,1 3,7,0 3,7,1 4,6,1 4,7,0 5,6,0 C6
2,5,1 3,5,0 3,5,1 3,6,0 3,6,1 4,6,0 S6
6,1,0 6,1,1 7,0,0 7,0,1 7,1,0 7,1,1 V6
4,0,0 4,0,1 5,0,0 5,0,1 6,0,0 6,0,1 I6
0,3,1 0,4,0 0,4,1 1,3,0 1,3,1 1,4,0 O6
0,7,1 1,7,0 1,7,1 2,6,0 2,6,1 2,7,0 G6
0,6,1 0,7,0 1,5,1 1,6,0 1,6,1 2,5,0 E6
0,5,0 0,5,1 0,6,0 1,4,1 1,5,0 2,4,0 P6
2,3,1 2,4,1 3,3,0 3,3,1 3,4,0 3,4,1 F6
1,2,1 2,1,1 2,2,0 2,2,1 2,3,0 3,2,0 X6
3,0,1 3,1,0 3,1,1 4,1,0 4,1,1 5,1,0 J6
3,2,1 4,2,0 4,2,1 4,3,0 5,1,1 5,2,0 H6

        ________________
       /\       \       \
      /  \____   \____   \
     /\      /   /    \   \
    /  \    /___/   ___\___\
   /    \   \      /
  /___   \___\____/
 /    \   \      /
/      \___\    /
\      /\      /\
 \____/  \____/  \
  \       \       \
   \    ___\____   \________
    \  /        \  /       /
     \/   _______\/___    /
      \  /           /   /
       \/___________/___/


solution 42:
2,7,1 3,7,0 3,7,1 4,6,1 4,7,0 5,6,0 C6
2,5,1 3,5,0 3,5,1 3,6,0 3,6,1 4,6,0 S6
6,1,0 6,1,1 7,0,0 7,0,1 7,1,0 7,1,1 V6
4,0,0 4,0,1 5,0,0 5,0,1 6,0,0 6,0,1 I6
0,3,1 0,4,0 0,4,1 1,3,0 1,3,1 1,4,0 O6
0,7,1 1,7,0 1,7,1 2,6,0 2,6,1 2,7,0 G6
0,6,0 0,6,1 0,7,0 1,5,1 1,6,0 1,6,1 X6
0,5,0 0,5,1 1,4,1 1,5,0 2,3,1 2,4,0 J6
2,4,1 2,5,0 3,3,0 3,3,1 3,4,0 3,4,1 H6
4,2,0 4,2,1 4,3,0 5,1,0 5,1,1 5,2,0 F6
2,1,1 3,0,1 3,1,0 3,1,1 4,1,0 4,1,1 P6
1,2,1 2,2,0 2,2,1 2,3,0 3,2,0 3,2,1 E6

        ________________
       /\       \       \
      /  \____   \____   \
     /       /   /    \   \
    /___    /___/   ___\___\
   /    \  /\      /
  /___   \/  \____/
 /    \   \      /
/      \   \    /
\      /\  /   /\
 \____/  \/___/  \
  \          /    \
   \________/___   \________
    \          /   /       /
     \    ____/___/___    /
      \  /           /   /
       \/___________/___/


solution 43:
2,7,1 3,7,0 3,7,1 4,6,1 4,7,0 5,6,0 C6
2,5,1 3,5,0 3,5,1 3,6,0 3,6,1 4,6,0 S6
6,1,0 6,1,1 7,0,0 7,0,1 7,1,0 7,1,1 V6
4,0,0 4,0,1 5,0,0 5,0,1 6,0,0 6,0,1 I6
0,4,1 0,5,0 0,5,1 1,4,0 1,4,1 1,5,0 O6
0,3,1 0,4,0 1,2,1 1,3,0 1,3,1 2,2,0 E6
2,1,1 2,2,1 3,0,1 3,1,0 3,1,1 3,2,0 F6
0,6,0 0,6,1 0,7,0 1,5,1 1,6,0 1,6,1 X6
0,7,1 1,7,0 1,7,1 2,6,0 2,6,1 2,7,0 G6
3,2,1 4,1,0 4,1,1 4,2,0 5,1,0 5,1,1 H6
3,3,1 3,4,0 3,4,1 4,2,1 4,3,0 5,2,0 J6
2,3,0 2,3,1 2,4,0 2,4,1 2,5,0 3,3,0 P6

        ________________
       /\       \       \
      /  \____   \____   \
     /       /   /    \   \
    /___    /___/   ___\___\
   /    \  /\      /
  /      \/  \____/
 /\      /   /   /
/  \____/   /   /
\      /    \   \
 \    /______\   \
  \   \   \   \   \
   \___\   \   \___\________
    \      /       /       /
     \    /_______/___    /
      \  /           /   /
       \/___________/___/


solution 44:
2,7,1 3,7,0 3,7,1 4,6,1 4,7,0 5,6,0 C6
2,5,1 3,5,0 3,5,1 3,6,0 3,6,1 4,6,0 S6
6,1,0 6,1,1 7,0,0 7,0,1 7,1,0 7,1,1 V6
4,0,0 4,0,1 5,0,0 5,0,1 6,0,0 6,0,1 I6
0,4,1 0,5,0 0,5,1 1,4,0 1,4,1 1,5,0 O6
0,3,1 0,4,0 1,2,1 1,3,0 1,3,1 2,2,0 E6
2,1,1 3,0,1 3,1,0 3,1,1 4,1,0 4,1,1 P6
3,3,1 4,2,1 4,3,0 5,1,0 5,1,1 5,2,0 J6
0,6,0 0,6,1 0,7,0 1,5,1 1,6,0 1,6,1 X6
0,7,1 1,7,0 1,7,1 2,6,0 2,6,1 2,7,0 G6
2,3,1 2,4,0 2,4,1 2,5,0 3,4,0 3,4,1 H6
2,2,1 2,3,0 3,2,0 3,2,1 3,3,0 4,2,0 F6

        ________________
       /\       \       \
      /  \____   \____   \
     /       /   /    \   \
    /___    /___/   ___\___\
   /    \  /\      /
  /      \/  \____/
 /\      /       /
/  \____/   ____/
\      /\  /\   \
 \    /  \/  \   \
  \   \       \   \
   \___\_______\   \________
    \          /   /       /
     \    ____/___/___    /
      \  /           /   /
       \/___________/___/


solution 45:
2,7,1 3,7,0 3,7,1 4,6,1 4,7,0 5,6,0 C6
2,5,1 3,5,0 3,5,1 3,6,0 3,6,1 4,6,0 S6
6,1,0 6,1,1 7,0,0 7,0,1 7,1,0 7,1,1 V6
4,0,0 4,0,1 5,0,0 5,0,1 6,0,0 6,0,1 I6
0,4,1 0,5,0 0,5,1 1,4,0 1,4,1 1,5,0 O6
0,3,1 0,4,0 1,2,1 1,3,0 1,3,1 2,3,0 H6
0,6,0 0,6,1 1,5,1 1,6,0 1,6,1 2,6,0 E6
0,7,0 0,7,1 1,7,0 1,7,1 2,6,1 2,7,0 J6
2,4,0 2,4,1 2,5,0 3,3,1 3,4,0 3,4,1 X6
2,2,0 2,2,1 2,3,1 3,2,0 3,2,1 3,3,0 G6
2,1,1 3,0,1 3,1,0 3,1,1 4,1,0 4,1,1 P6
4,2,0 4,2,1 4,3,0 5,1,0 5,1,1 5,2,0 F6

        ________________
       /        \       \
      /_______   \____   \
     /        \  /    \   \
    /___    ___\/   ___\___\
   /    \  /\      /
  /      \/  \____/
 /\      /       /
/  \____/___    /
\       \   \  /\
 \    ___\   \/  \
  \  /       /    \
   \/_______/___   \________
    \          /   /       /
     \    ____/___/___    /
      \  /           /   /
       \/___________/___/


solution 46:
2,7,1 3,7,0 3,7,1 4,6,1 4,7,0 5,6,0 C6
2,5,1 3,5,0 3,5,1 3,6,0 3,6,1 4,6,0 S6
6,1,0 6,1,1 7,0,0 7,0,1 7,1,0 7,1,1 V6
4,0,0 4,0,1 5,0,0 5,0,1 6,0,0 6,0,1 I6
1,6,1 1,7,0 1,7,1 2,6,0 2,6,1 2,7,0 O6
0,6,0 0,6,1 0,7,0 0,7,1 1,5,1 1,6,0 H6
2,1,1 3,0,1 3,1,0 3,1,1 4,1,0 4,1,1 P6
4,2,0 4,2,1 4,3,0 5,1,0 5,1,1 5,2,0 F6
2,4,0 2,4,1 2,5,0 3,3,1 3,4,0 3,4,1 X6
2,2,0 2,2,1 2,3,1 3,2,0 3,2,1 3,3,0 G6
1,2,1 1,3,0 1,3,1 1,4,0 1,4,1 2,3,0 E6
0,3,1 0,4,0 0,4,1 0,5,0 0,5,1 1,5,0 J6

        ________________
       /   /    \       \
      /   /      \____   \
     /    \      /    \   \
    /___   \____/   ___\___\
   /    \  /\      /
  /   ___\/  \____/
 /   /   /       /
/   /   /___    /
\  /    \   \  /\
 \/   ___\   \/  \
  \  /       /    \
   \/_______/___   \________
    \          /   /       /
     \    ____/___/___    /
      \  /           /   /
       \/___________/___/


solution 47:
2,7,1 3,7,0 3,7,1 4,6,1 4,7,0 5,6,0 C6
2,5,1 3,5,0 3,5,1 3,6,0 3,6,1 4,6,0 S6
6,1,0 6,1,1 7,0,0 7,0,1 7,1,0 7,1,1 V6
4,0,0 4,0,1 5,0,0 5,0,1 6,0,0 6,0,1 I6
1,6,1 1,7,0 1,7,1 2,6,0 2,6,1 2,7,0 O6
0,6,0 0,6,1 0,7,0 0,7,1 1,5,1 1,6,0 H6
2,1,1 3,0,1 3,1,0 3,1,1 4,1,0 4,1,1 P6
4,2,0 4,2,1 4,3,0 5,1,0 5,1,1 5,2,0 F6
2,4,0 2,4,1 2,5,0 3,3,1 3,4,0 3,4,1 X6
1,2,1 2,2,0 2,2,1 3,2,0 3,2,1 3,3,0 J6
0,3,1 1,3,0 1,3,1 1,4,0 2,3,0 2,3,1 E6
0,4,0 0,4,1 0,5,0 0,5,1 1,4,1 1,5,0 G6

        ________________
       /   /    \       \
      /   /      \____   \
     /    \      /    \   \
    /___   \____/   ___\___\
   /    \  /\      /
  /      \/  \____/
 /   /\  /       /
/___/  \/___    /
\          /\  /\
 \________/  \/  \
  \          /    \
   \________/___   \________
    \          /   /       /
     \    ____/___/___    /
      \  /           /   /
       \/___________/___/


solution 48:
2,7,1 3,7,0 3,7,1 4,6,1 4,7,0 5,6,0 C6
2,5,1 3,5,0 3,5,1 3,6,0 3,6,1 4,6,0 S6
6,1,0 6,1,1 7,0,0 7,0,1 7,1,0 7,1,1 V6
4,0,0 4,0,1 5,0,0 5,0,1 6,0,0 6,0,1 I6
1,6,1 1,7,0 1,7,1 2,6,0 2,6,1 2,7,0 O6
0,6,0 0,6,1 0,7,0 0,7,1 1,5,1 1,6,0 H6
1,2,1 2,1,1 2,2,0 2,2,1 3,0,1 3,1,0 P6
2,4,0 2,4,1 2,5,0 3,3,1 3,4,0 3,4,1 X6
0,3,1 1,3,0 1,3,1 1,4,0 2,3,0 2,3,1 E6
0,4,0 0,4,1 0,5,0 0,5,1 1,4,1 1,5,0 G6
3,2,0 3,2,1 3,3,0 4,2,0 4,2,1 4,3,0 F6
3,1,1 4,1,0 4,1,1 5,1,0 5,1,1 5,2,0 J6

        ________________
       /   /    \       \
      /   /      \____   \
     /    \      /    \   \
    /___   \____/   ___\___\
   /    \  /\      /
  /      \/  \____/
 /   /\  /       /
/___/  \/___    /
\          /\  /\
 \________/  \/  \
  \      /       /\
   \    /_______/  \________
    \   \          /       /
     \   \________/___    /
      \  /           /   /
       \/___________/___/


solution 49:
2,7,1 3,7,0 3,7,1 4,6,1 4,7,0 5,6,0 C6
2,5,1 3,5,0 3,5,1 3,6,0 3,6,1 4,6,0 S6
6,1,0 6,1,1 7,0,0 7,0,1 7,1,0 7,1,1 V6
4,0,0 4,0,1 5,0,0 5,0,1 6,0,0 6,0,1 I6
1,6,1 1,7,0 1,7,1 2,6,0 2,6,1 2,7,0 O6
0,6,0 0,6,1 0,7,0 0,7,1 1,5,1 1,6,0 H6
1,2,1 2,1,1 2,2,0 2,2,1 3,0,1 3,1,0 P6
2,4,0 2,4,1 2,5,0 3,3,1 3,4,0 3,4,1 X6
0,3,1 1,3,0 1,3,1 1,4,0 2,3,0 2,3,1 E6
0,4,0 0,4,1 0,5,0 0,5,1 1,4,1 1,5,0 G6
3,2,1 3,3,0 4,2,0 4,2,1 4,3,0 5,2,0 F6
3,1,1 3,2,0 4,1,0 4,1,1 5,1,0 5,1,1 J6

        ________________
       /   /    \       \
      /   /      \____   \
     /    \      /    \   \
    /___   \____/   ___\___\
   /    \  /\      /
  /      \/  \____/
 /   /\  /       /
/___/  \/___    /
\          /\  /\
 \________/  \/  \
  \      /\       \
   \    /  \_______\________
    \   \          /       /
     \   \________/___    /
      \  /           /   /
       \/___________/___/


solution 50:
2,7,1 3,7,0 3,7,1 4,6,1 4,7,0 5,6,0 C6
2,5,1 3,5,0 3,5,1 3,6,0 3,6,1 4,6,0 S6
6,1,0 6,1,1 7,0,0 7,0,1 7,1,0 7,1,1 V6
4,0,0 4,0,1 5,0,0 5,0,1 6,0,0 6,0,1 I6
1,6,1 1,7,0 1,7,1 2,6,0 2,6,1 2,7,0 O6
0,6,0 0,6,1 0,7,0 0,7,1 1,5,1 1,6,0 H6
1,2,1 2,1,1 2,2,0 3,0,1 3,1,0 3,1,1 P6
4,1,0 4,1,1 4,2,0 5,1,0 5,1,1 5,2,0 F6
3,2,0 3,2,1 3,3,0 3,3,1 4,2,1 4,3,0 G6
1,4,1 2,4,0 2,4,1 2,5,0 3,4,0 3,4,1 E6
1,3,0 1,3,1 1,4,0 2,2,1 2,3,0 2,3,1 X6
0,3,1 0,4,0 0,4,1 0,5,0 0,5,1 1,5,0 J6

        ________________
       /   /    \       \
      /   /      \____   \
     /    \      /    \   \
    /___   \____/   ___\___\
   /    \  /\      /
  /   ___\/  \____/
 /   /\          /
/   /  \________/
\  /       /    \
 \/___    /      \
  \   \  /   /\  /\
   \   \/___/  \/  \________
    \      /       /       /
     \    /_______/___    /
      \  /           /   /
       \/___________/___/


solution 51:
2,7,1 3,7,0 3,7,1 4,6,1 4,7,0 5,6,0 C6
2,5,1 3,5,0 3,5,1 3,6,0 3,6,1 4,6,0 S6
6,1,0 6,1,1 7,0,0 7,0,1 7,1,0 7,1,1 V6
4,0,0 4,0,1 5,0,0 5,0,1 6,0,0 6,0,1 I6
1,6,1 1,7,0 1,7,1 2,6,0 2,6,1 2,7,0 O6
0,6,0 0,6,1 0,7,0 0,7,1 1,5,1 1,6,0 H6
1,2,1 2,1,1 2,2,0 3,0,1 3,1,0 3,1,1 P6
4,1,0 4,1,1 4,2,1 5,1,0 5,1,1 5,2,0 G6
3,2,0 3,2,1 3,3,0 3,3,1 4,2,0 4,3,0 F6
1,4,1 2,4,0 2,4,1 2,5,0 3,4,0 3,4,1 E6
1,3,0 1,3,1 1,4,0 2,2,1 2,3,0 2,3,1 X6
0,3,1 0,4,0 0,4,1 0,5,0 0,5,1 1,5,0 J6

        ________________
       /   /    \       \
      /   /      \____   \
     /    \      /    \   \
    /___   \____/   ___\___\
   /    \  /\      /
  /   ___\/  \____/
 /   /\          /
/   /  \________/
\  /       /    \
 \/___    /   ___\
  \   \  /    \   \
   \   \/______\   \________
    \      /       /       /
     \    /_______/___    /
      \  /           /   /
       \/___________/___/


solution 52:
2,7,1 3,7,0 3,7,1 4,6,1 4,7,0 5,6,0 C6
2,5,1 3,5,0 3,5,1 3,6,0 3,6,1 4,6,0 S6
6,1,0 6,1,1 7,0,0 7,0,1 7,1,0 7,1,1 V6
4,0,0 4,0,1 5,0,0 5,0,1 6,0,0 6,0,1 I6
1,6,1 1,7,0 1,7,1 2,6,0 2,6,1 2,7,0 O6
0,6,1 0,7,0 0,7,1 1,5,1 1,6,0 2,5,0 J6
0,4,1 0,5,0 0,5,1 0,6,0 1,4,0 1,5,0 F6
0,3,1 0,4,0 1,2,1 1,3,0 1,3,1 2,2,0 E6
2,1,1 3,0,1 3,1,0 3,1,1 3,2,0 4,1,0 X6
1,4,1 2,2,1 2,3,0 2,3,1 2,4,0 3,3,0 H6
2,4,1 3,3,1 3,4,0 3,4,1 4,2,1 4,3,0 P6
3,2,1 4,1,1 4,2,0 5,1,0 5,1,1 5,2,0 G6

        ________________
       /   /    \       \
      /   /      \____   \
     /\   \      /    \   \
    /  \   \____/   ___\___\
   /    \   \      /
  /   ___\___\____/
 /\   \   \      /
/  \___\   \    /
\      /    \   \
 \    /   ___\   \
  \   \  /\   \  /\
   \___\/  \   \/  \________
    \       \      /       /
     \    ___\____/___    /
      \  /           /   /
       \/___________/___/


solution 53:
2,7,1 3,7,0 3,7,1 4,6,1 4,7,0 5,6,0 C6
2,5,1 3,5,0 3,5,1 3,6,0 3,6,1 4,6,0 S6
6,1,0 6,1,1 7,0,0 7,0,1 7,1,0 7,1,1 V6
4,0,0 4,0,1 5,0,0 5,0,1 6,0,0 6,0,1 I6
1,6,1 1,7,0 1,7,1 2,6,0 2,6,1 2,7,0 O6
0,6,1 0,7,0 0,7,1 1,5,1 1,6,0 2,5,0 J6
0,4,1 0,5,0 0,5,1 0,6,0 1,4,0 1,5,0 F6
0,3,1 0,4,0 1,2,1 1,3,0 1,3,1 2,2,0 E6
2,1,1 3,0,1 3,1,0 3,1,1 3,2,0 4,1,0 X6
1,4,1 2,2,1 2,3,0 2,3,1 2,4,0 2,4,1 P6
3,3,0 3,3,1 3,4,0 3,4,1 4,2,1 4,3,0 H6
3,2,1 4,1,1 4,2,0 5,1,0 5,1,1 5,2,0 G6

        ________________
       /   /    \       \
      /   /      \____   \
     /\   \      /    \   \
    /  \   \____/   ___\___\
   /    \   \      /
  /   ___\___\____/
 /\   \      /   /
/  \___\    /   /
\      /   /    \
 \    /   /___   \
  \   \  /\   \  /\
   \___\/  \   \/  \________
    \       \      /       /
     \    ___\____/___    /
      \  /           /   /
       \/___________/___/


solution 54:
3,7,0 3,7,1 4,6,0 4,6,1 4,7,0 5,6,0 F6
6,0,0 6,0,1 7,0,0 7,0,1 7,1,0 7,1,1 C6
5,0,1 5,1,0 5,1,1 5,2,0 6,1,0 6,1,1 H6
3,0,1 3,1,1 4,0,0 4,0,1 4,1,0 5,0,0 V6
1,2,1 1,3,0 2,1,1 2,2,0 2,2,1 3,1,0 E6
0,3,1 0,4,0 0,4,1 0,5,0 0,5,1 0,6,0 I6
3,2,0 3,2,1 3,3,0 4,1,1 4,2,0 4,2,1 X6
2,4,1 2,5,0 2,5,1 3,3,1 3,4,0 4,3,0 J6
2,6,1 3,4,1 3,5,0 3,5,1 3,6,0 3,6,1 P6
1,6,1 1,7,0 1,7,1 2,6,0 2,7,0 2,7,1 G6
1,3,1 1,4,0 1,4,1 2,3,0 2,3,1 2,4,0 O6
0,6,1 0,7,0 0,7,1 1,5,0 1,5,1 1,6,0 S6

        ________________
       /   /       /    \
      /   /   ____/___   \
     /\   \   \      /    \
    /  \   \___\    /______\
   /   /   /   /   /
  /   /___/   /   /
 /   /    \   \  /
/   /      \   \/
\  /\      /\   \
 \/  \____/  \___\
  \      /       /\
   \    /___    /  \________
    \   \   \  /       /   /
     \___\   \/   ____/   /
      \       \  /       /
       \_______\/_______/


solution 55:
3,7,0 3,7,1 4,6,0 4,6,1 4,7,0 5,6,0 F6
6,0,0 6,0,1 7,0,0 7,0,1 7,1,0 7,1,1 C6
4,2,1 4,3,0 5,1,1 5,2,0 6,1,0 6,1,1 J6
4,0,1 4,1,0 4,1,1 5,0,0 5,0,1 5,1,0 O6
2,1,1 2,2,0 3,0,1 3,1,0 3,1,1 4,0,0 E6
2,2,1 2,3,1 3,2,0 3,2,1 3,3,0 4,2,0 V6
0,3,1 1,2,1 1,3,0 1,3,1 1,4,0 2,3,0 X6
0,4,0 0,4,1 0,5,0 0,5,1 1,4,1 1,5,0 G6
0,7,0 0,7,1 1,7,0 1,7,1 2,7,0 2,7,1 I6
0,6,0 0,6,1 1,5,1 1,6,0 2,5,0 2,5,1 S6
2,4,0 2,4,1 3,3,1 3,4,0 3,4,1 3,5,0 H6
1,6,1 2,6,0 2,6,1 3,5,1 3,6,0 3,6,1 P6

        ________________
       /           /    \
      /___________/___   \
     /    \          /    \
    /___   \____    /______\
   /    \      /\  /
  /      \____/  \/
 /   /\  /       /
/___/  \/___    /
\       \   \  /\
 \    ___\   \/  \
  \  /\       \   \
   \/  \_______\   \________
    \      /    \      /   /
     \    /      \____/   /
      \   \      /       /
       \___\____/_______/


solution 56:
3,7,0 3,7,1 4,6,0 4,6,1 4,7,0 5,6,0 F6
6,0,0 6,0,1 7,0,0 7,0,1 7,1,0 7,1,1 C6
4,2,1 4,3,0 5,1,1 5,2,0 6,1,0 6,1,1 J6
4,0,1 4,1,0 4,1,1 5,0,0 5,0,1 5,1,0 O6
2,1,1 2,2,0 3,0,1 3,1,0 3,1,1 4,0,0 E6
2,3,1 3,2,0 3,2,1 3,3,0 3,3,1 4,2,0 X6
1,2,1 1,3,0 1,3,1 1,4,0 2,2,1 2,3,0 V6
0,3,1 0,4,0 0,4,1 0,5,0 0,5,1 0,6,0 I6
2,6,1 3,4,1 3,5,0 3,5,1 3,6,0 3,6,1 P6
1,6,1 1,7,0 1,7,1 2,6,0 2,7,0 2,7,1 G6
0,6,1 0,7,0 0,7,1 1,5,0 1,5,1 1,6,0 S6
1,4,1 2,4,0 2,4,1 2,5,0 2,5,1 3,4,0 H6

        ________________
       /   /       /    \
      /   /   ____/___   \
     /\   \   \      /    \
    /  \   \___\    /______\
   /   /   /   /   /
  /   /___/   /   /
 /   /\       \  /
/   /  \_______\/
\  /    \      /\
 \/      \    /  \
  \  /\  /    \   \
   \/  \/______\   \________
    \      /    \      /   /
     \    /      \____/   /
      \   \      /       /
       \___\____/_______/


solution 57:
3,7,0 3,7,1 4,6,0 4,6,1 4,7,0 5,6,0 F6
6,0,0 6,0,1 7,0,0 7,0,1 7,1,0 7,1,1 C6
4,2,0 4,2,1 5,1,1 5,2,0 6,1,0 6,1,1 S6
4,0,0 4,0,1 4,1,1 5,0,0 5,0,1 5,1,0 G6
2,1,1 3,0,1 3,1,0 3,1,1 3,2,0 4,1,0 X6
1,5,1 1,6,0 1,6,1 2,5,0 2,5,1 2,6,0 O6
2,6,1 3,4,1 3,5,0 3,5,1 3,6,0 3,6,1 P6
0,7,0 0,7,1 1,7,0 1,7,1 2,7,0 2,7,1 I6
0,4,1 0,5,0 0,5,1 0,6,0 0,6,1 1,5,0 E6
2,4,1 3,2,1 3,3,0 3,3,1 3,4,0 4,3,0 H6
0,3,1 0,4,0 1,2,1 1,3,0 1,3,1 1,4,0 V6
1,4,1 2,2,0 2,2,1 2,3,0 2,3,1 2,4,0 J6

        ________________
       /           /    \
      /___________/___   \
     /   /    \      /    \
    /   /      \    /______\
   /    \      /   /
  /   ___\____/   /
 /\  /\   \   \  /
/  \/  \   \   \/
\      /   /    \
 \    /   /   ___\
  \  /   /\  /    \
   \/___/  \/___   \________
    \       \   \      /   /
     \    ___\   \____/   /
      \  /       /       /
       \/_______/_______/


solution 58:
3,7,0 3,7,1 4,6,0 4,6,1 4,7,0 5,6,0 F6
6,0,0 6,0,1 7,0,0 7,0,1 7,1,0 7,1,1 C6
4,2,0 4,2,1 5,1,1 5,2,0 6,1,0 6,1,1 S6
4,0,1 4,1,0 4,1,1 5,0,0 5,0,1 5,1,0 O6
2,1,1 2,2,0 3,0,1 3,1,0 3,1,1 4,0,0 E6
1,2,1 1,3,0 1,3,1 2,2,1 2,3,0 3,2,0 G6
0,3,1 0,4,0 0,4,1 0,5,0 1,4,0 1,4,1 H6
2,3,1 3,2,1 3,3,0 3,3,1 3,4,0 4,3,0 X6
1,5,0 1,5,1 2,4,0 2,4,1 2,5,0 2,5,1 V6
2,6,1 3,4,1 3,5,0 3,5,1 3,6,0 3,6,1 P6
0,7,0 0,7,1 1,7,0 1,7,1 2,7,0 2,7,1 I6
0,5,1 0,6,0 0,6,1 1,6,0 1,6,1 2,6,0 J6

        ________________
       /           /    \
      /___________/___   \
     /        \      /    \
    /   _______\    /______\
   /\  /       /   /
  /  \/___    /   /
 /       /   /\  /
/   ____/___/  \/
\  /    \       \
 \/      \    ___\
  \  /\   \  /    \
   \/  \___\/___   \________
    \      /    \      /   /
     \    /      \____/   /
      \   \      /       /
       \___\____/_______/


solution 59:
3,7,0 3,7,1 4,6,0 4,6,1 4,7,0 5,6,0 F6
6,0,0 6,0,1 7,0,0 7,0,1 7,1,0 7,1,1 C6
4,2,0 4,2,1 5,1,1 5,2,0 6,1,0 6,1,1 S6
4,0,1 4,1,0 4,1,1 5,0,0 5,0,1 5,1,0 O6
2,1,1 3,0,1 3,1,0 3,1,1 3,2,0 4,0,0 H6
2,6,0 2,6,1 3,5,0 3,5,1 3,6,0 3,6,1 V6
0,7,1 1,6,1 1,7,0 1,7,1 2,7,0 2,7,1 P6
0,4,1 0,5,0 0,5,1 0,6,0 0,6,1 0,7,0 I6
0,3,1 0,4,0 1,3,0 1,3,1 1,4,0 1,4,1 G6
1,2,1 2,2,0 2,2,1 2,3,0 2,3,1 2,4,0 J6
1,5,0 1,5,1 1,6,0 2,4,1 2,5,0 2,5,1 X6
3,2,1 3,3,0 3,3,1 3,4,0 3,4,1 4,3,0 E6

        ________________
       /\          /    \
      /  \    ____/___   \
     /   /\  /       /    \
    /   /  \/___    /______\
   /   /       /   /
  /   /___    /___/
 /\  /   /\  /   /
/  \/   /  \/   /
\      /   /    \
 \____/   /   ___\
  \      /\  /    \
   \____/  \/___   \________
    \      /    \      /   /
     \    /      \____/   /
      \   \      /       /
       \___\____/_______/


solution 60:
3,7,0 3,7,1 4,6,0 4,6,1 4,7,0 5,6,0 F6
6,0,0 6,0,1 7,0,0 7,0,1 7,1,0 7,1,1 C6
4,2,0 4,2,1 5,1,1 5,2,0 6,1,0 6,1,1 S6
4,0,1 4,1,0 4,1,1 5,0,0 5,0,1 5,1,0 O6
1,2,1 2,1,1 2,2,0 3,0,1 3,1,0 4,0,0 I6
1,3,0 1,3,1 2,2,1 2,3,0 3,1,1 3,2,0 J6
0,3,1 0,4,0 0,4,1 0,5,0 1,4,0 1,4,1 H6
2,3,1 3,2,1 3,3,0 3,3,1 3,4,0 4,3,0 X6
1,5,0 1,5,1 2,4,0 2,4,1 2,5,0 2,5,1 V6
0,5,1 0,6,0 0,6,1 0,7,0 0,7,1 1,6,0 E6
2,6,1 3,4,1 3,5,0 3,5,1 3,6,0 3,6,1 P6
1,6,1 1,7,0 1,7,1 2,6,0 2,7,0 2,7,1 G6

        ________________
       /   /       /    \
      /   /   ____/___   \
     /    \   \      /    \
    /   ___\___\    /______\
   /\  /       /   /
  /  \/___    /   /
 /       /   /\  /
/   ____/___/  \/
\  /    \       \
 \/___   \    ___\
  \   \   \  /    \
   \   \   \/___   \________
    \   \  /    \      /   /
     \   \/      \____/   /
      \   \      /       /
       \___\____/_______/


solution 61:
3,7,0 3,7,1 4,6,0 4,6,1 4,7,0 5,6,0 F6
6,1,0 6,1,1 7,0,0 7,0,1 7,1,0 7,1,1 V6
4,0,1 5,0,0 5,0,1 5,1,0 6,0,0 6,0,1 E6
4,1,0 4,1,1 4,2,0 4,2,1 5,1,1 5,2,0 G6
2,1,1 3,0,1 3,1,0 3,1,1 3,2,0 4,0,0 H6
2,6,1 3,4,1 3,5,0 3,5,1 3,6,0 3,6,1 P6
0,7,0 0,7,1 1,7,0 1,7,1 2,7,0 2,7,1 I6
2,3,1 3,2,1 3,3,0 3,3,1 3,4,0 4,3,0 X6
0,5,1 0,6,0 0,6,1 1,5,0 1,5,1 1,6,0 O6
1,6,1 2,4,0 2,4,1 2,5,0 2,5,1 2,6,0 J6
1,3,1 1,4,0 1,4,1 2,2,0 2,2,1 2,3,0 S6
0,3,1 0,4,0 0,4,1 0,5,0 1,2,1 1,3,0 C6

        ________________
       /           /    \
      /___________/___   \
     /    \   \      /    \
    /      \   \    /______\
   /\      /   /   /
  /  \____/   /   /
 /   /   /   /\  /
/   /   /___/  \/
\   \   \       \
 \   \   \    ___\
  \  /   /\  /    \
   \/___/  \/      \________
    \      /   /\  /       /
     \    /___/  \/___    /
      \   \          /   /
       \___\________/___/


solution 62:
3,7,0 3,7,1 4,6,0 4,6,1 4,7,0 5,6,0 F6
6,1,0 6,1,1 7,0,0 7,0,1 7,1,0 7,1,1 V6
4,0,1 5,0,0 5,0,1 5,1,0 6,0,0 6,0,1 E6
3,2,1 3,3,0 4,2,0 4,2,1 5,1,1 5,2,0 S6
3,0,1 3,1,0 3,1,1 4,0,0 4,1,0 4,1,1 G6
3,3,1 3,4,0 3,4,1 3,5,0 3,5,1 4,3,0 J6
1,6,1 2,5,1 2,6,0 2,6,1 3,6,0 3,6,1 P6
0,7,0 0,7,1 1,7,0 1,7,1 2,7,0 2,7,1 I6
0,5,0 0,5,1 0,6,0 0,6,1 1,4,1 1,5,0 H6
0,3,1 0,4,0 0,4,1 1,3,0 1,3,1 1,4,0 O6
1,5,1 1,6,0 2,3,1 2,4,0 2,4,1 2,5,0 C6
1,2,1 2,1,1 2,2,0 2,2,1 2,3,0 3,2,0 X6

        ________________
       /           /    \
      /___________/___   \
     /   /\          /    \
    /   /  \    ____/______\
   /    \   \  /   /
  /___   \   \/   /
 /    \  /   /   /
/      \/   /   /
\      /\  /\   \
 \____/  \/  \___\
  \       \       \
   \    ___\____   \________
    \  /       /\  /       /
     \/   ____/  \/___    /
      \   \          /   /
       \___\________/___/


solution 63:
3,7,0 3,7,1 4,6,0 4,6,1 4,7,0 5,6,0 F6
6,1,0 6,1,1 7,0,0 7,0,1 7,1,0 7,1,1 V6
5,0,1 5,1,0 5,1,1 5,2,0 6,0,0 6,0,1 G6
4,0,1 4,1,0 4,1,1 4,2,0 4,2,1 5,0,0 J6
2,1,1 3,0,1 3,1,0 3,1,1 3,2,0 4,0,0 H6
1,2,1 1,3,0 1,3,1 2,2,0 2,2,1 2,3,0 O6
0,3,1 0,4,0 0,4,1 1,4,0 1,4,1 1,5,0 S6
0,5,0 0,5,1 0,6,0 0,6,1 1,6,0 1,6,1 C6
0,7,0 0,7,1 1,7,0 1,7,1 2,7,0 2,7,1 I6
2,6,1 3,4,1 3,5,0 3,5,1 3,6,0 3,6,1 P6
2,3,1 3,2,1 3,3,0 3,3,1 3,4,0 4,3,0 X6
1,5,1 2,4,0 2,4,1 2,5,0 2,5,1 2,6,0 E6

        ________________
       /           /    \
      /___________/___   \
     /       /\      /    \
    /   ____/  \    /______\
   /   /\      /   /
  /___/  \    /   /
 /       /   /\  /
/   ____/___/  \/
\  /    \       \
 \/      \    ___\
  \      /\  /   /\
   \____/  \/   /  \________
    \      /   /   /       /
     \    /   /   /___    /
      \   \   \      /   /
       \___\___\____/___/


solution 64:
3,7,0 3,7,1 4,6,0 4,6,1 4,7,0 5,6,0 F6
6,1,0 6,1,1 7,0,0 7,0,1 7,1,0 7,1,1 V6
4,1,1 5,0,0 5,0,1 5,1,0 6,0,0 6,0,1 H6
3,3,1 4,2,0 4,2,1 4,3,0 5,1,1 5,2,0 E6
3,0,1 3,1,0 3,1,1 4,0,0 4,0,1 4,1,0 O6
2,1,1 2,2,0 2,2,1 3,2,0 3,2,1 3,3,0 S6
0,3,1 0,4,0 0,4,1 0,5,0 1,2,1 1,3,0 C6
1,3,1 1,4,0 1,4,1 1,5,0 2,3,0 2,3,1 G6
0,5,1 0,6,0 0,6,1 1,6,0 1,6,1 2,6,0 J6
0,7,0 0,7,1 1,7,0 1,7,1 2,7,0 2,7,1 I6
1,5,1 2,4,0 2,4,1 2,5,0 2,5,1 3,4,0 X6
2,6,1 3,4,1 3,5,0 3,5,1 3,6,0 3,6,1 P6

        ________________
       /           /    \
      /___________/___   \
     /        \      /    \
    /   _______\    /______\
   /\  /\      /   /
  /  \/  \    /   /
 /   /   /    \  /
/   /   /______\/
\   \      /\   \
 \   \____/  \   \
  \  /       /    \
   \/   ____/___   \________
    \  /    \   \  /       /
     \/      \   \/___    /
      \      /       /   /
       \____/_______/___/


solution 65:
3,7,0 3,7,1 4,6,0 4,6,1 4,7,0 5,6,0 F6
6,1,0 6,1,1 7,0,0 7,0,1 7,1,0 7,1,1 V6
4,1,1 5,0,0 5,0,1 5,1,0 6,0,0 6,0,1 H6
3,2,1 3,3,0 4,2,0 4,2,1 5,1,1 5,2,0 S6
3,3,1 3,4,0 3,4,1 3,5,0 3,5,1 4,3,0 J6
1,6,1 2,5,1 2,6,0 2,6,1 3,6,0 3,6,1 P6
0,7,0 0,7,1 1,7,0 1,7,1 2,7,0 2,7,1 I6
3,0,1 3,1,0 3,1,1 4,0,0 4,0,1 4,1,0 O6
1,2,1 2,1,1 2,2,0 2,2,1 2,3,0 3,2,0 X6
0,3,1 0,4,0 1,3,0 1,3,1 1,4,0 1,4,1 G6
1,5,1 1,6,0 2,3,1 2,4,0 2,4,1 2,5,0 C6
0,4,1 0,5,0 0,5,1 0,6,0 0,6,1 1,5,0 E6

        ________________
       /           /    \
      /___________/___   \
     /   /\          /    \
    /   /  \    ____/______\
   /    \   \  /   /
  /   ___\   \/   /
 /\  /   /   /   /
/  \/   /   /   /
\      /\  /\   \
 \____/  \/  \___\
  \       \       \
   \    ___\____   \________
    \  /    \   \  /       /
     \/      \   \/___    /
      \      /       /   /
       \____/_______/___/


solution 66:
3,7,0 3,7,1 4,6,0 4,6,1 4,7,0 5,6,0 F6
6,1,0 6,1,1 7,0,0 7,0,1 7,1,0 7,1,1 V6
4,0,0 4,0,1 5,0,0 5,0,1 6,0,0 6,0,1 I6
2,6,1 3,4,1 3,5,0 3,5,1 3,6,0 3,6,1 P6
1,6,1 1,7,0 1,7,1 2,6,0 2,7,0 2,7,1 G6
0,5,1 0,6,0 0,6,1 0,7,0 0,7,1 1,5,0 J6
1,5,1 1,6,0 2,4,1 2,5,0 2,5,1 3,4,0 E6
4,1,1 4,2,0 4,2,1 5,1,0 5,1,1 5,2,0 O6
2,3,1 2,4,0 3,2,1 3,3,0 3,3,1 4,3,0 H6
2,1,1 3,0,1 3,1,0 3,1,1 3,2,0 4,1,0 X6
1,3,1 1,4,0 1,4,1 2,2,0 2,2,1 2,3,0 S6
0,3,1 0,4,0 0,4,1 0,5,0 1,2,1 1,3,0 C6

        ________________
       /   /       /    \
      /   /   ____/___   \
     /   /\   \      /    \
    /   /  \___\    /______\
   /\   \      /   /
  /  \___\    /   /
 /   /   /\   \  /
/   /   /  \___\/
\   \   \       \
 \   \   \    ___\
  \  /   /\  /    \
   \/___/  \/      \________
    \       \      /       /
     \    ___\____/___    /
      \  /           /   /
       \/___________/___/


solution 67:
3,7,0 3,7,1 4,6,0 4,6,1 4,7,0 5,6,0 F6
6,1,0 6,1,1 7,0,0 7,0,1 7,1,0 7,1,1 V6
4,0,0 4,0,1 5,0,0 5,0,1 6,0,0 6,0,1 I6
2,6,1 3,4,1 3,5,0 3,5,1 3,6,0 3,6,1 P6
1,6,1 1,7,0 1,7,1 2,6,0 2,7,0 2,7,1 G6
0,6,1 0,7,0 0,7,1 1,5,0 1,5,1 1,6,0 S6
0,4,1 0,5,0 0,5,1 0,6,0 1,3,1 1,4,0 C6
0,3,1 0,4,0 1,2,1 1,3,0 2,2,0 2,2,1 J6
2,1,1 3,0,1 3,1,0 3,1,1 3,2,0 4,1,0 X6
4,1,1 4,2,0 4,2,1 5,1,0 5,1,1 5,2,0 O6
2,3,0 2,3,1 3,2,1 3,3,0 3,3,1 4,3,0 E6
1,4,1 2,4,0 2,4,1 2,5,0 2,5,1 3,4,0 H6

        ________________
       /   /       /    \
      /   /   ____/___   \
     /\   \   \      /    \
    /  \   \___\    /______\
   /   /   /   /   /
  /   /___/   /   /
 /\   \       \  /
/  \   \_______\/
\   \  /        \
 \   \/___    ___\
  \      /\  /    \
   \____/  \/      \________
    \       \      /       /
     \    ___\____/___    /
      \  /           /   /
       \/___________/___/


solution 68:
3,7,0 3,7,1 4,6,0 4,6,1 4,7,0 5,6,0 F6
6,1,0 6,1,1 7,0,0 7,0,1 7,1,0 7,1,1 V6
4,0,1 4,1,0 5,0,0 5,0,1 6,0,0 6,0,1 J6
2,1,1 3,0,1 3,1,0 3,1,1 3,2,0 4,0,0 H6
4,1,1 4,2,0 4,2,1 5,1,0 5,1,1 5,2,0 O6
2,6,1 3,4,1 3,5,0 3,5,1 3,6,0 3,6,1 P6
0,7,0 0,7,1 1,7,0 1,7,1 2,7,0 2,7,1 I6
2,3,1 3,2,1 3,3,0 3,3,1 3,4,0 4,3,0 X6
1,3,1 1,4,0 1,4,1 2,2,0 2,2,1 2,3,0 S6
0,3,1 0,4,0 0,4,1 0,5,0 1,2,1 1,3,0 C6
1,5,1 2,4,0 2,4,1 2,5,0 2,5,1 2,6,0 E6
0,5,1 0,6,0 0,6,1 1,5,0 1,6,0 1,6,1 G6

        ________________
       /           /    \
      /___________/___   \
     /       /\      /    \
    /   ____/  \    /______\
   /\   \      /   /
  /  \___\    /   /
 /   /   /   /\  /
/   /   /___/  \/
\   \   \       \
 \   \   \    ___\
  \  /   /\  /    \
   \/___/  \/      \________
    \      /\      /       /
     \    /  \____/___    /
      \   \          /   /
       \___\________/___/


solution 69:
3,7,0 3,7,1 4,6,0 4,6,1 4,7,0 5,6,0 F6
6,1,0 6,1,1 7,0,0 7,0,1 7,1,0 7,1,1 V6
4,0,1 4,1,0 5,0,0 5,0,1 6,0,0 6,0,1 J6
2,2,1 3,0,1 3,1,0 3,1,1 3,2,0 4,0,0 S6
1,2,1 1,3,0 1,3,1 2,1,1 2,2,0 2,3,0 G6
4,1,1 4,2,0 4,2,1 5,1,0 5,1,1 5,2,0 O6
0,3,1 0,4,0 0,4,1 0,5,0 0,5,1 0,6,0 I6
0,6,1 0,7,0 1,5,1 1,6,0 1,6,1 2,6,0 H6
0,7,1 1,7,0 1,7,1 2,6,1 2,7,0 2,7,1 P6
2,5,0 2,5,1 3,5,0 3,5,1 3,6,0 3,6,1 C6
1,4,0 1,4,1 1,5,0 2,3,1 2,4,0 2,4,1 X6
3,2,1 3,3,0 3,3,1 3,4,0 3,4,1 4,3,0 E6

        ________________
       /\          /    \
      /  \____    /___   \
     /\       \  /   /    \
    /  \    ___\/   /______\
   /   /\  /       /
  /   /  \/_______/
 /   /       /   /
/   /___    /   /
\  /    \  /    \
 \/   ___\/   ___\
  \   \   \  /    \
   \   \   \/      \________
    \  /   /\      /       /
     \/   /  \____/___    /
      \   \          /   /
       \___\________/___/


solution 70:
3,6,0 3,6,1 4,6,0 4,6,1 4,7,0 5,6,0 P6
2,6,0 2,6,1 2,7,0 2,7,1 3,7,0 3,7,1 C6
0,6,1 0,7,0 0,7,1 1,6,1 1,7,0 1,7,1 F6
6,1,0 6,1,1 7,0,0 7,0,1 7,1,0 7,1,1 V6
3,3,1 3,4,0 3,4,1 3,5,0 3,5,1 4,3,0 J6
4,0,1 5,0,0 5,0,1 5,1,0 6,0,0 6,0,1 E6
3,2,1 3,3,0 4,2,0 4,2,1 5,1,1 5,2,0 S6
3,0,1 3,1,0 3,1,1 4,0,0 4,1,0 4,1,1 G6
1,2,1 1,3,0 2,1,1 2,2,0 2,2,1 3,2,0 H6
1,3,1 1,4,0 1,4,1 2,3,0 2,3,1 2,4,0 O6
1,5,0 1,5,1 1,6,0 2,4,1 2,5,0 2,5,1 X6
0,3,1 0,4,0 0,4,1 0,5,0 0,5,1 0,6,0 I6

        ________________
       /       /       /\
      /       /   ____/  \
     /\  /\  /   /        \
    /  \/  \/___/__________\
   /   /       /   /
  /   /___    /   /
 /   /    \  /   /
/   /      \/   /
\  /\      /\   \
 \/  \____/  \___\
  \       \       \
   \    ___\____   \________
    \  /       /\  /       /
     \/   ____/  \/___    /
      \   \          /   /
       \___\________/___/


solution 71:
3,6,0 3,6,1 4,6,0 4,6,1 4,7,0 5,6,0 P6
2,6,0 2,6,1 2,7,0 2,7,1 3,7,0 3,7,1 C6
0,6,1 0,7,0 0,7,1 1,6,1 1,7,0 1,7,1 F6
6,1,0 6,1,1 7,0,0 7,0,1 7,1,0 7,1,1 V6
3,3,1 3,4,0 3,4,1 3,5,0 3,5,1 4,3,0 J6
4,1,1 5,0,0 5,0,1 5,1,0 6,0,0 6,0,1 H6
3,2,1 3,3,0 4,2,0 4,2,1 5,1,1 5,2,0 S6
0,3,1 0,4,0 0,4,1 0,5,0 0,5,1 0,6,0 I6
1,5,0 1,5,1 1,6,0 2,4,1 2,5,0 2,5,1 X6
1,3,1 1,4,0 1,4,1 2,3,0 2,3,1 2,4,0 O6
1,2,1 1,3,0 2,1,1 2,2,0 2,2,1 3,1,0 E6
3,0,1 3,1,1 3,2,0 4,0,0 4,0,1 4,1,0 G6

        ________________
       /       /       /\
      /       /   ____/  \
     /\  /\  /   /        \
    /  \/  \/___/__________\
   /   /       /   /
  /   /___    /   /
 /   /    \  /   /
/   /      \/   /
\  /\      /\   \
 \/  \____/  \___\
  \      /\       \
   \    /  \____   \________
    \   \   \   \  /       /
     \___\   \   \/___    /
      \      /       /   /
       \____/_______/___/


solution 72:
3,6,0 3,6,1 4,6,0 4,6,1 4,7,0 5,6,0 P6
1,7,0 1,7,1 2,7,0 2,7,1 3,7,0 3,7,1 I6
6,0,0 6,0,1 7,0,0 7,0,1 7,1,0 7,1,1 C6
5,0,1 5,1,0 5,1,1 5,2,0 6,1,0 6,1,1 H6
0,6,0 0,6,1 0,7,0 0,7,1 1,6,0 1,6,1 V6
2,5,1 2,6,0 2,6,1 3,4,1 3,5,0 3,5,1 F6
4,0,1 4,1,0 4,1,1 4,2,0 4,2,1 5,0,0 J6
2,2,1 3,0,1 3,1,0 3,1,1 3,2,0 4,0,0 S6
1,2,1 1,3,0 1,3,1 2,1,1 2,2,0 2,3,0 G6
2,3,1 3,2,1 3,3,0 3,3,1 3,4,0 4,3,0 X6
0,3,1 0,4,0 0,4,1 0,5,0 0,5,1 1,4,0 E6
1,4,1 1,5,0 1,5,1 2,4,0 2,4,1 2,5,0 O6

        ________________
       /   /           /\
      /   /___________/  \
     /       /   /        \
    /_______/   /__________\
   /   /    \      /
  /   /      \    /
 /    \      /\  /
/   ___\____/  \/
\  /    \       \
 \/   ___\    ___\
  \   \   \  /   /\
   \   \   \/   /  \________
    \  /   /   /       /   /
     \/   /   /   ____/   /
      \   \   \  /       /
       \___\___\/_______/


solution 73:
3,6,0 3,6,1 4,6,0 4,6,1 4,7,0 5,6,0 P6
1,7,0 1,7,1 2,7,0 2,7,1 3,7,0 3,7,1 I6
6,0,0 6,0,1 7,0,0 7,0,1 7,1,0 7,1,1 C6
4,2,1 4,3,0 5,1,1 5,2,0 6,1,0 6,1,1 J6
0,6,1 0,7,0 0,7,1 1,5,0 1,5,1 1,6,0 S6
0,4,1 0,5,0 0,5,1 0,6,0 1,4,0 1,4,1 G6
0,3,1 0,4,0 1,2,1 1,3,0 1,3,1 2,3,0 H6
1,6,1 2,5,1 2,6,0 2,6,1 3,5,0 3,5,1 F6
2,4,0 2,4,1 2,5,0 3,3,1 3,4,0 3,4,1 X6
2,2,1 2,3,1 3,2,0 3,2,1 3,3,0 4,2,0 V6
2,1,1 2,2,0 3,0,1 3,1,0 3,1,1 4,0,0 E6
4,0,1 4,1,0 4,1,1 5,0,0 5,0,1 5,1,0 O6

        ________________
       /   /           /\
      /   /___________/  \
     /\   \      /        \
    /  \   \    /__________\
   /   /   /\      /
  /   /___/  \____/
 /\      /       /
/  \____/___    /
\       \   \  /\
 \    ___\   \/  \
  \  /\       \   \
   \/  \_______\   \________
    \      /    \      /   /
     \    /      \____/   /
      \   \      /       /
       \___\____/_______/


solution 74:
3,6,0 3,6,1 4,6,0 4,6,1 4,7,0 5,6,0 P6
1,7,0 1,7,1 2,7,0 2,7,1 3,7,0 3,7,1 I6
6,0,0 6,0,1 7,0,0 7,0,1 7,1,0 7,1,1 C6
4,2,0 4,2,1 5,1,1 5,2,0 6,1,0 6,1,1 S6
0,6,0 0,6,1 0,7,0 0,7,1 1,6,0 1,6,1 V6
2,5,1 2,6,0 2,6,1 3,4,1 3,5,0 3,5,1 F6
2,4,1 3,2,1 3,3,0 3,3,1 3,4,0 4,3,0 H6
0,5,0 0,5,1 1,4,1 1,5,0 1,5,1 2,5,0 E6
1,2,1 2,2,0 2,2,1 2,3,0 2,3,1 2,4,0 J6
0,3,1 0,4,0 0,4,1 1,3,0 1,3,1 1,4,0 O6
2,1,1 3,0,1 3,1,0 3,1,1 3,2,0 4,1,0 X6
4,0,0 4,0,1 4,1,1 5,0,0 5,0,1 5,1,0 G6

        ________________
       /   /           /\
      /   /___________/  \
     /       /   /        \
    /_______/   /__________\
   /        \      /
  /___    ___\    /
 /    \  /\   \  /
/      \/  \   \/
\      /   /    \
 \____/   /   ___\
  \      /\  /    \
   \____/  \/___   \________
    \       \   \      /   /
     \    ___\   \____/   /
      \  /       /       /
       \/_______/_______/


solution 75:
3,6,0 3,6,1 4,6,0 4,6,1 4,7,0 5,6,0 P6
1,7,0 1,7,1 2,7,0 2,7,1 3,7,0 3,7,1 I6
6,0,0 6,0,1 7,0,0 7,0,1 7,1,0 7,1,1 C6
4,2,0 4,2,1 5,1,1 5,2,0 6,1,0 6,1,1 S6
0,6,0 0,6,1 0,7,0 0,7,1 1,6,0 1,6,1 V6
2,5,1 2,6,0 2,6,1 3,4,1 3,5,0 3,5,1 F6
2,3,1 3,2,1 3,3,0 3,3,1 3,4,0 4,3,0 X6
4,0,1 4,1,0 4,1,1 5,0,0 5,0,1 5,1,0 O6
2,1,1 3,0,1 3,1,0 3,1,1 3,2,0 4,0,0 H6
0,3,1 1,2,1 1,3,0 2,2,0 2,2,1 2,3,0 G6
0,4,0 0,4,1 1,3,1 1,4,0 1,4,1 2,4,0 E6
0,5,0 0,5,1 1,5,0 1,5,1 2,4,1 2,5,0 J6

        ________________
       /   /           /\
      /   /___________/  \
     /       /   /        \
    /_______/   /__________\
   /        \      /
  /_______   \    /
 /        \  /\  /
/___    ___\/  \/
\   \  /\       \
 \   \/  \    ___\
  \      /\  /    \
   \____/  \/___   \________
    \      /    \      /   /
     \    /      \____/   /
      \   \      /       /
       \___\____/_______/


solution 76:
3,6,0 3,6,1 4,6,0 4,6,1 4,7,0 5,6,0 P6
1,7,0 1,7,1 2,7,0 2,7,1 3,7,0 3,7,1 I6
6,0,0 6,0,1 7,0,0 7,0,1 7,1,0 7,1,1 C6
4,2,0 4,2,1 5,1,1 5,2,0 6,1,0 6,1,1 S6
0,6,0 0,6,1 0,7,0 0,7,1 1,6,0 1,6,1 V6
2,5,1 2,6,0 2,6,1 3,4,1 3,5,0 3,5,1 F6
2,3,1 3,2,1 3,3,0 3,3,1 3,4,0 4,3,0 X6
4,0,1 4,1,0 4,1,1 5,0,0 5,0,1 5,1,0 O6
2,1,1 3,0,1 3,1,0 3,1,1 3,2,0 4,0,0 H6
0,3,1 0,4,0 1,2,1 1,3,0 2,2,0 2,2,1 J6
0,4,1 0,5,0 1,3,1 1,4,0 1,4,1 2,3,0 E6
0,5,1 1,5,0 1,5,1 2,4,0 2,4,1 2,5,0 G6

        ________________
       /   /           /\
      /   /___________/  \
     /       /   /        \
    /_______/   /__________\
   /\       \      /
  /  \____   \    /
 /\      /   /\  /
/  \    /___/  \/
\   \   \       \
 \   \___\    ___\
  \      /\  /    \
   \____/  \/___   \________
    \      /    \      /   /
     \    /      \____/   /
      \   \      /       /
       \___\____/_______/


solution 77:
3,6,0 3,6,1 4,6,0 4,6,1 4,7,0 5,6,0 P6
1,7,0 1,7,1 2,7,0 2,7,1 3,7,0 3,7,1 I6
6,0,0 6,0,1 7,0,0 7,0,1 7,1,0 7,1,1 C6
4,2,0 4,2,1 5,1,1 5,2,0 6,1,0 6,1,1 S6
0,6,0 0,6,1 0,7,0 0,7,1 1,6,0 1,6,1 V6
2,5,1 2,6,0 2,6,1 3,4,1 3,5,0 3,5,1 F6
2,3,1 3,2,1 3,3,0 3,3,1 3,4,0 4,3,0 X6
1,2,1 1,3,0 1,3,1 2,2,0 2,2,1 2,3,0 O6
0,3,1 0,4,0 0,4,1 0,5,0 1,4,0 1,4,1 H6
0,5,1 1,5,0 1,5,1 2,4,0 2,4,1 2,5,0 G6
2,1,1 3,1,0 3,1,1 3,2,0 4,1,0 4,1,1 E6
3,0,1 4,0,0 4,0,1 5,0,0 5,0,1 5,1,0 J6

        ________________
       /   /           /\
      /   /___________/  \
     /       /   /        \
    /_______/   /__________\
   /\       \      /
  /  \____   \    /
 /       /   /\  /
/   ____/___/  \/
\  /    \       \
 \/      \    ___\
  \      /\  /    \
   \____/  \/___   \________
    \          /\      /   /
     \________/  \____/   /
      \          /       /
       \________/_______/


solution 78:
3,6,0 3,6,1 4,6,0 4,6,1 4,7,0 5,6,0 P6
1,7,0 1,7,1 2,7,0 2,7,1 3,7,0 3,7,1 I6
6,0,0 6,0,1 7,0,0 7,0,1 7,1,0 7,1,1 C6
4,2,0 4,2,1 5,1,1 5,2,0 6,1,0 6,1,1 S6
0,6,0 0,6,1 0,7,0 0,7,1 1,6,0 1,6,1 V6
2,5,1 2,6,0 2,6,1 3,4,1 3,5,0 3,5,1 F6
2,3,1 3,2,1 3,3,0 3,3,1 3,4,0 4,3,0 X6
1,4,1 1,5,0 1,5,1 2,4,0 2,4,1 2,5,0 O6
0,3,1 0,4,0 0,4,1 0,5,0 0,5,1 1,4,0 E6
1,2,1 1,3,0 1,3,1 2,1,1 2,2,0 2,3,0 G6
2,2,1 3,1,0 3,1,1 3,2,0 4,1,0 4,1,1 H6
3,0,1 4,0,0 4,0,1 5,0,0 5,0,1 5,1,0 J6

        ________________
       /   /           /\
      /   /___________/  \
     /       /   /        \
    /_______/   /__________\
   /   /    \      /
  /   /      \    /
 /    \      /\  /
/   ___\____/  \/
\  /    \       \
 \/   ___\    ___\
  \   \   \  /    \
   \   \   \/___   \________
    \  /       /\      /   /
     \/_______/  \____/   /
      \          /       /
       \________/_______/


solution 79:
3,6,0 3,6,1 4,6,0 4,6,1 4,7,0 5,6,0 P6
1,7,0 1,7,1 2,7,0 2,7,1 3,7,0 3,7,1 I6
6,0,0 6,0,1 7,0,0 7,0,1 7,1,0 7,1,1 C6
4,2,0 4,2,1 5,1,1 5,2,0 6,1,0 6,1,1 S6
0,6,0 0,6,1 0,7,0 0,7,1 1,6,0 1,6,1 V6
2,5,1 2,6,0 2,6,1 3,4,1 3,5,0 3,5,1 F6
2,3,1 3,2,1 3,3,0 3,3,1 3,4,0 4,3,0 X6
1,4,1 1,5,0 1,5,1 2,4,0 2,4,1 2,5,0 O6
0,4,0 0,4,1 0,5,0 0,5,1 1,3,1 1,4,0 H6
0,3,1 1,2,1 1,3,0 2,2,0 2,2,1 2,3,0 G6
2,1,1 3,1,0 3,1,1 3,2,0 4,1,0 4,1,1 E6
3,0,1 4,0,0 4,0,1 5,0,0 5,0,1 5,1,0 J6

        ________________
       /   /           /\
      /   /___________/  \
     /       /   /        \
    /_______/   /__________\
   /   /    \      /
  /   /      \    /
 /    \      /\  /
/___   \____/  \/
\   \  /\       \
 \   \/  \    ___\
  \      /\  /    \
   \____/  \/___   \________
    \          /\      /   /
     \________/  \____/   /
      \          /       /
       \________/_______/


solution 80:
3,6,1 3,7,1 4,6,0 4,6,1 4,7,0 5,6,0 V6
1,7,0 1,7,1 2,6,1 2,7,0 2,7,1 3,7,0 E6
0,6,1 0,7,0 0,7,1 1,6,0 1,6,1 2,6,0 G6
2,5,0 2,5,1 3,4,1 3,5,0 3,5,1 3,6,0 H6
5,1,1 5,2,0 6,1,0 6,1,1 7,1,0 7,1,1 J6
5,0,0 5,0,1 6,0,0 6,0,1 7,0,0 7,0,1 I6
3,0,1 4,0,0 4,0,1 4,1,0 4,1,1 5,1,0 S6
3,1,0 3,1,1 3,2,0 3,2,1 4,2,0 4,2,1 C6
2,4,0 2,4,1 3,3,0 3,3,1 3,4,0 4,3,0 F6
0,3,1 0,4,0 0,4,1 1,3,0 1,3,1 1,4,0 O6
1,2,1 2,1,1 2,2,0 2,2,1 2,3,0 2,3,1 P6
0,5,0 0,5,1 0,6,0 1,4,1 1,5,0 1,5,1 X6

        ________________
       /   /        \   \
      /   /___    ___\   \
     /\       \  /\       \
    /  \_______\/  \_______\
   /       /       /
  /___    /___    /
 /    \  /    \  /
/      \/___   \/
\      /   /    \
 \____/   /______\
  \      /       /\
   \    /   ____/  \________
    \  /   /    \          /
     \/___/   ___\________/
      \      /           /
       \____/___________/


solution 81:
3,6,1 3,7,1 4,6,0 4,6,1 4,7,0 5,6,0 V6
2,6,1 2,7,0 2,7,1 3,5,1 3,6,0 3,7,0 G6
6,0,1 6,1,1 7,0,0 7,0,1 7,1,0 7,1,1 F6
1,6,1 1,7,0 1,7,1 2,5,1 2,6,0 3,5,0 J6
0,6,0 0,6,1 0,7,0 0,7,1 1,5,1 1,6,0 H6
0,4,1 0,5,0 0,5,1 1,4,0 1,4,1 1,5,0 O6
0,3,1 0,4,0 1,3,0 1,3,1 2,2,1 2,3,0 S6
1,2,1 2,1,1 2,2,0 3,0,1 3,1,0 4,0,0 I6
2,4,0 2,4,1 2,5,0 3,3,1 3,4,0 3,4,1 X6
2,3,1 3,2,0 3,2,1 3,3,0 4,1,1 4,2,0 E6
3,1,1 4,0,1 4,1,0 5,0,0 5,0,1 6,0,0 C6
4,2,1 4,3,0 5,1,0 5,1,1 5,2,0 6,1,0 P6

        ________________
       /   /   /    \   \
      /   /   /   ___\   \
     /    \   \   \       \
    /___   \   \   \_______\
   /    \  /\   \  /
  /      \/  \___\/
 /\      /       /
/  \____/___    /
\       \   \  /\
 \____   \   \/  \
  \   \  /    \   \
   \   \/___   \   \________
    \   \   \  /    \      /
     \   \   \/______\    /
      \   \       \      /
       \___\_______\____/


solution 82:
3,6,1 3,7,1 4,6,0 4,6,1 4,7,0 5,6,0 V6
1,7,1 2,6,0 2,6,1 2,7,0 2,7,1 3,7,0 H6
2,5,1 3,4,0 3,4,1 3,5,0 3,5,1 3,6,0 E6
6,0,0 6,0,1 7,0,0 7,0,1 7,1,0 7,1,1 C6
4,2,0 4,2,1 5,1,1 5,2,0 6,1,0 6,1,1 S6
3,1,1 3,2,0 3,2,1 3,3,0 3,3,1 4,3,0 J6
4,0,1 4,1,0 4,1,1 5,0,0 5,0,1 5,1,0 O6
1,2,1 2,1,1 2,2,0 3,0,1 3,1,0 4,0,0 I6
0,6,0 0,6,1 0,7,0 0,7,1 1,6,1 1,7,0 G6
0,3,1 0,4,0 0,4,1 0,5,0 1,3,0 1,4,0 F6
0,5,1 1,4,1 1,5,0 1,5,1 1,6,0 2,5,0 X6
1,3,1 2,2,1 2,3,0 2,3,1 2,4,0 2,4,1 P6

        ________________
       /    \       \   \
      /      \    ___\   \
     /   /\  /   /\       \
    /___/  \/___/  \_______\
   /\       \      /
  /  \    ___\    /
 /    \  /   /   /
/   ___\/   /___/
\   \      /    \
 \___\    /   ___\
  \   \  /   /    \
   \   \/   /___   \________
    \   \  /    \      /   /
     \   \/      \____/   /
      \   \      /       /
       \___\____/_______/


solution 83:
3,6,1 3,7,1 4,6,0 4,6,1 4,7,0 5,6,0 V6
1,7,1 2,6,0 2,6,1 2,7,0 2,7,1 3,7,0 H6
1,5,1 2,5,0 2,5,1 3,5,0 3,5,1 3,6,0 J6
0,6,1 0,7,0 0,7,1 1,6,0 1,6,1 1,7,0 O6
6,0,0 6,0,1 7,0,0 7,0,1 7,1,0 7,1,1 C6
4,2,0 4,2,1 5,1,1 5,2,0 6,1,0 6,1,1 S6
4,0,0 4,0,1 4,1,1 5,0,0 5,0,1 5,1,0 G6
0,4,0 0,4,1 0,5,0 0,5,1 0,6,0 1,5,0 P6
2,1,1 3,0,1 3,1,0 3,1,1 3,2,0 4,1,0 X6
1,4,0 1,4,1 2,4,0 2,4,1 3,4,0 3,4,1 I6
2,3,0 2,3,1 3,2,1 3,3,0 3,3,1 4,3,0 E6
0,3,1 1,2,1 1,3,0 1,3,1 2,2,0 2,2,1 F6

        ________________
       /    \       \   \
      /      \    ___\   \
     /\      /   /\       \
    /  \____/___/  \_______\
   /    \          /
  /   ___\________/
 /   /           /
/___/___________/
\      /        \
 \    /___    ___\
  \      /\  /    \
   \____/  \/___   \________
    \       \   \      /   /
     \    ___\   \____/   /
      \  /       /       /
       \/_______/_______/


solution 84:
3,6,1 3,7,1 4,6,0 4,6,1 4,7,0 5,6,0 V6
1,6,1 2,6,0 2,6,1 2,7,0 2,7,1 3,7,0 S6
0,6,0 0,6,1 0,7,0 0,7,1 1,7,0 1,7,1 C6
2,5,1 3,4,0 3,4,1 3,5,0 3,5,1 3,6,0 E6
6,0,1 6,1,1 7,0,0 7,0,1 7,1,0 7,1,1 F6
0,5,1 1,5,0 1,5,1 1,6,0 2,4,1 2,5,0 H6
0,3,1 0,4,0 0,4,1 0,5,0 1,3,0 1,3,1 G6
1,4,0 1,4,1 2,3,1 2,4,0 3,2,1 3,3,0 J6
3,3,1 4,2,1 4,3,0 5,1,1 5,2,0 6,1,0 I6
3,0,1 3,1,0 3,1,1 4,0,0 4,0,1 4,1,0 O6
4,1,1 4,2,0 5,0,0 5,0,1 5,1,0 6,0,0 P6
1,2,1 2,1,1 2,2,0 2,2,1 2,3,0 3,2,0 X6

        ________________
       /       /    \   \
      /   ____/   ___\   \
     /   /\      /\       \
    /___/  \____/  \_______\
   /\       \      /
  /  \____   \    /
 /   /    \  /   /
/   /___   \/___/
\      /\   \   \
 \____/  \   \   \
  \       \  /\   \
   \    ___\/  \   \________
    \  /    \   \   \      /
     \/      \   \___\    /
      \      /    \      /
       \____/______\____/


solution 85:
3,6,1 3,7,1 4,6,0 4,6,1 4,7,0 5,6,0 V6
1,6,1 2,6,0 2,6,1 2,7,0 2,7,1 3,7,0 S6
0,6,1 0,7,0 0,7,1 1,6,0 1,7,0 1,7,1 G6
2,5,1 3,4,0 3,4,1 3,5,0 3,5,1 3,6,0 E6
6,0,0 6,0,1 7,0,0 7,0,1 7,1,0 7,1,1 C6
4,2,1 4,3,0 5,1,1 5,2,0 6,1,0 6,1,1 J6
4,0,0 4,0,1 4,1,0 5,0,0 5,0,1 5,1,0 F6
3,2,0 3,2,1 3,3,0 3,3,1 4,1,1 4,2,0 H6
1,2,1 2,1,1 2,2,0 3,0,1 3,1,0 3,1,1 P6
2,2,1 2,3,0 2,3,1 2,4,0 2,4,1 2,5,0 I6
0,3,1 0,4,0 0,4,1 1,3,0 1,3,1 1,4,0 O6
0,5,0 0,5,1 0,6,0 1,4,1 1,5,0 1,5,1 X6

        ________________
       /       /    \   \
      /   ____/   ___\   \
     /\   \      /\       \
    /  \___\____/  \_______\
   /       /\      /
  /___    /  \    /
 /    \  /   /   /
/      \/   /___/
\      /   /   /\
 \____/   /   /  \
  \   \  /    \   \
   \   \/___   \   \________
    \      /\  /\      /   /
     \    /  \/  \____/   /
      \  /       /       /
       \/_______/_______/


solution 86:
3,6,1 3,7,1 4,6,0 4,6,1 4,7,0 5,6,0 V6
1,6,1 2,6,0 2,6,1 2,7,0 2,7,1 3,7,0 S6
0,6,1 0,7,0 0,7,1 1,6,0 1,7,0 1,7,1 G6
2,5,1 3,4,0 3,4,1 3,5,0 3,5,1 3,6,0 E6
6,0,0 6,0,1 7,0,0 7,0,1 7,1,0 7,1,1 C6
4,2,1 4,3,0 5,1,1 5,2,0 6,1,0 6,1,1 J6
4,0,0 4,0,1 4,1,0 5,0,0 5,0,1 5,1,0 F6
3,2,0 3,2,1 3,3,0 3,3,1 4,1,1 4,2,0 H6
1,2,1 2,1,1 2,2,0 3,0,1 3,1,0 3,1,1 P6
1,4,1 1,5,0 1,5,1 2,4,0 2,4,1 2,5,0 O6
0,3,1 0,4,0 0,4,1 0,5,0 0,5,1 0,6,0 I6
1,3,0 1,3,1 1,4,0 2,2,1 2,3,0 2,3,1 X6

        ________________
       /       /    \   \
      /   ____/   ___\   \
     /\   \      /\       \
    /  \___\____/  \_______\
   /   /    \      /
  /   /      \    /
 /   /\      /   /
/   /  \____/___/
\  /       /   /\
 \/___    /   /  \
  \   \  /    \   \
   \   \/___   \   \________
    \      /\  /\      /   /
     \    /  \/  \____/   /
      \  /       /       /
       \/_______/_______/


solution 87:
3,6,1 3,7,1 4,6,0 4,6,1 4,7,0 5,6,0 V6
1,6,1 2,6,0 2,6,1 2,7,0 2,7,1 3,7,0 S6
0,6,1 0,7,0 0,7,1 1,6,0 1,7,0 1,7,1 G6
1,5,1 2,5,0 2,5,1 3,5,0 3,5,1 3,6,0 J6
6,0,0 6,0,1 7,0,0 7,0,1 7,1,0 7,1,1 C6
4,2,1 5,1,0 5,1,1 5,2,0 6,1,0 6,1,1 H6
3,0,1 4,0,0 4,0,1 4,1,0 5,0,0 5,0,1 E6
2,2,1 3,1,1 3,2,0 3,2,1 4,1,1 4,2,0 F6
0,3,1 1,2,1 1,3,0 2,1,1 2,2,0 3,1,0 I6
1,3,1 1,4,0 1,4,1 2,3,0 2,3,1 2,4,0 O6
0,4,0 0,4,1 0,5,0 0,5,1 0,6,0 1,5,0 P6
2,4,1 3,3,0 3,3,1 3,4,0 3,4,1 4,3,0 X6

        ________________
       /       /    \   \
      /   ____/   ___\   \
     /\   \      /\       \
    /  \___\____/  \_______\
   /    \          /
  /   ___\________/
 /   /    \      /
/___/      \    /
\   \      /    \
 \   \____/______\
  \   \       \   \
   \   \       \   \________
    \   \  /\  /       /   /
     \___\/  \/_______/   /
      \          /       /
       \________/_______/


87 solutions, 38250 searches, duration 0:00:22.813000
