solving NonConvexPentacubesDiagonalWall3:

solution 1 (1,356 searches):
00,11,0 00,12,0 00,12,1 01,11,0 01,11,1 A5
00,10,1 00,11,1 01,09,1 01,10,1 02,10,1 F5
10,00,0 10,01,0 11,00,0 12,00,0 12,00,1 J15
09,00,1 10,00,1 11,00,1 11,01,0 11,01,1 J45
00,08,0 00,09,0 00,09,1 00,10,0 01,10,0 J25
02,08,0 02,09,0 02,09,1 02,10,0 03,08,0 L25
02,07,1 03,07,1 03,08,1 03,09,0 03,09,1 L15
01,05,1 01,06,1 01,07,1 01,08,1 02,08,1 L5
01,07,0 01,08,0 01,09,0 02,06,0 02,07,0 N5
00,06,0 00,06,1 00,07,0 00,07,1 00,08,1 P5
01,05,0 01,06,0 02,05,0 02,05,1 03,05,1 N15
02,06,1 03,06,1 04,06,0 04,06,1 04,07,1 L35
04,07,0 04,08,0 04,08,1 05,06,0 05,07,0 S15
03,05,0 03,06,0 03,07,0 04,05,0 04,05,1 L45
05,06,1 05,07,1 06,05,1 06,06,0 06,06,1 N25
02,04,0 02,04,1 03,03,0 03,04,0 03,04,1 Q5
03,03,1 04,03,0 04,03,1 04,04,0 05,03,0 S25
05,04,0 05,05,0 06,05,0 07,04,0 07,05,0 U5
04,04,1 05,03,1 05,04,1 05,05,1 06,04,1 X5
07,03,1 07,04,1 07,05,1 08,04,0 08,04,1 T25
04,02,1 05,02,1 06,02,1 06,03,1 07,02,1 Y5
04,02,0 05,01,0 05,01,1 05,02,0 06,01,1 V15
06,00,1 07,00,0 07,00,1 07,01,1 08,00,1 T15
06,00,0 06,01,0 06,02,0 07,01,0 08,01,0 T5
06,03,0 06,04,0 07,02,0 07,03,0 08,02,0 W5
08,01,1 08,02,1 08,03,1 09,01,1 10,01,1 V5
08,03,0 09,02,1 09,03,0 09,03,1 10,02,1 V25
08,00,0 09,00,0 09,01,0 09,02,0 10,02,0 Z5

A5                                                      A5
A5  A5                                                  F5  A5
J25 J25 L25                                             F5  F5  F5
J25 N5  L25 L15                                         J25 F5  L25 L15
J25 N5  L25 L25 S15                                     P5  L5  L5  L15 S15
P5  N5  N5  L45 S15 S15                                 P5  L5  L15 L15 L35 N25
P5  N15 N5  L45 L35 S15 N25                             P5  L5  L35 L35 L35 N25 N25
    N15 N15 L45 L45 U5  U5  U5                              L5  N15 N15 L45 X5  N25 T25
        Q5  Q5  S25 U5  W5  U5  T25                             Q5  Q5  X5  X5  X5  T25 T25
            Q5  S25 S25 W5  W5  V25 V25                             S25 S25 X5  Y5  T25 V5  V25
                V15 V15 T5  W5  W5  Z5  Z5                              Y5  Y5  Y5  Y5  V5  V25 V25
                    V15 T5  T5  T5  Z5  J15 J45                             V15 V15 T15 V5  V5  V5  J45
                        T5  T15 Z5  Z5  J15 J15 J15                             T15 T15 T15 J45 J45 J45 J15

solution 2 (3,351 searches):
00,11,0 00,12,0 00,12,1 01,11,0 01,11,1 A5
00,10,1 00,11,1 01,09,1 01,10,1 02,10,1 F5
10,00,0 10,01,0 11,00,0 12,00,0 12,00,1 J15
09,00,1 10,00,1 11,00,1 11,01,0 11,01,1 J45
00,08,0 00,09,0 00,09,1 00,10,0 01,10,0 J25
02,08,0 02,09,0 02,09,1 02,10,0 03,08,0 L25
02,07,1 03,07,1 03,08,1 03,09,0 03,09,1 L15
01,05,1 01,06,1 01,07,1 01,08,1 02,08,1 L5
01,07,0 01,08,0 01,09,0 02,06,0 02,07,0 N5
00,06,0 00,06,1 00,07,0 00,07,1 00,08,1 P5
01,05,0 01,06,0 02,05,0 02,05,1 03,05,1 N15
02,06,1 03,06,1 04,06,0 04,06,1 04,07,1 L35
04,07,0 04,08,0 04,08,1 05,06,0 05,07,0 S15
03,05,0 03,06,0 03,07,0 04,05,0 04,05,1 L45
05,06,1 05,07,1 06,05,1 06,06,0 06,06,1 N25
02,04,0 02,04,1 03,03,0 03,04,0 03,04,1 Q5
03,03,1 04,03,0 04,03,1 04,04,1 05,03,0 S25
04,04,0 05,03,1 05,04,0 05,04,1 06,03,1 V25
05,05,0 05,05,1 06,05,0 07,05,0 07,05,1 U5
06,04,1 07,03,1 07,04,0 07,04,1 08,04,1 T15
04,02,1 05,01,0 05,01,1 05,02,1 06,02,1 T25
04,02,0 05,02,0 06,02,0 06,03,0 06,04,0 V5
06,00,1 06,01,1 07,01,1 07,02,1 08,02,1 W5
06,00,0 07,00,0 07,00,1 08,00,0 09,00,0 Y5
06,01,0 07,01,0 07,02,0 07,03,0 08,01,0 T5
08,02,0 09,01,0 09,02,0 09,03,0 10,02,0 X5
08,03,0 08,03,1 08,04,0 09,02,1 09,03,1 V15
08,00,1 08,01,1 09,01,1 10,01,1 10,02,1 Z5

A5                                                      A5
A5  A5                                                  F5  A5
J25 J25 L25                                             F5  F5  F5
J25 N5  L25 L15                                         J25 F5  L25 L15
J25 N5  L25 L25 S15                                     P5  L5  L5  L15 S15
P5  N5  N5  L45 S15 S15                                 P5  L5  L15 L15 L35 N25
P5  N15 N5  L45 L35 S15 N25                             P5  L5  L35 L35 L35 N25 N25
    N15 N15 L45 L45 U5  U5  U5                              L5  N15 N15 L45 U5  N25 U5
        Q5  Q5  V25 V25 V5  T15 V15                             Q5  Q5  S25 V25 T15 T15 T15
            Q5  S25 S25 V5  T5  V15 X5                              S25 S25 V25 V25 T15 V15 V15
                V5  V5  V5  T5  X5  X5  X5                              T25 T25 T25 W5  W5  V15 Z5
                    T25 T5  T5  T5  X5  J15 J45                             T25 W5  W5  Z5  Z5  Z5  J45
                        Y5  Y5  Y5  Y5  J15 J15 J15                             W5  Y5  Z5  J45 J45 J45 J15

solution 3 (8,717 searches):
00,11,0 00,12,0 00,12,1 01,11,0 01,11,1 A5
00,10,1 00,11,1 01,09,1 01,10,1 02,10,1 F5
10,00,0 10,01,0 11,00,0 12,00,0 12,00,1 J15
09,00,1 10,00,1 11,00,1 11,01,0 11,01,1 J45
00,08,0 00,09,0 00,09,1 00,10,0 01,10,0 J25
02,08,0 02,09,0 02,09,1 02,10,0 03,08,0 L25
02,07,1 03,07,1 03,08,1 03,09,0 03,09,1 L15
01,05,1 01,06,1 01,07,1 01,08,1 02,08,1 L5
01,07,0 01,08,0 01,09,0 02,06,0 02,07,0 N5
00,06,0 00,06,1 00,07,0 00,07,1 00,08,1 P5
01,05,0 01,06,0 02,05,0 02,05,1 03,05,1 N15
02,06,1 03,06,1 04,06,0 04,06,1 04,07,1 L35
04,07,0 04,08,0 04,08,1 05,06,0 05,07,0 S15
03,05,0 03,06,0 03,07,0 04,05,0 04,05,1 L45
05,06,1 05,07,1 06,05,1 06,06,0 06,06,1 N25
02,04,0 02,04,1 03,03,0 03,04,0 03,04,1 Q5
03,03,1 04,02,1 04,03,0 04,03,1 04,04,0 S25
04,04,1 05,04,0 05,04,1 05,05,1 06,04,1 T15
05,03,0 05,05,0 06,03,0 06,04,0 06,05,0 U5
07,02,0 07,03,0 07,03,1 07,04,0 07,05,0 Y5
07,04,1 07,05,1 08,03,0 08,04,0 08,04,1 V15
04,02,0 05,01,1 05,02,0 05,02,1 06,01,1 V25
05,03,1 06,02,1 06,03,1 07,01,1 07,02,1 W5
05,01,0 06,00,0 06,01,0 06,02,0 07,01,0 X5
06,00,1 07,00,1 08,00,1 08,01,1 08,02,1 V5
08,03,1 09,01,1 09,02,1 09,03,1 10,01,1 Z5
09,01,0 09,02,0 09,03,0 10,02,0 10,02,1 T25
07,00,0 08,00,0 08,01,0 08,02,0 09,00,0 T5

A5                                                      A5
A5  A5                                                  F5  A5
J25 J25 L25                                             F5  F5  F5
J25 N5  L25 L15                                         J25 F5  L25 L15
J25 N5  L25 L25 S15                                     P5  L5  L5  L15 S15
P5  N5  N5  L45 S15 S15                                 P5  L5  L15 L15 L35 N25
P5  N15 N5  L45 L35 S15 N25                             P5  L5  L35 L35 L35 N25 N25
    N15 N15 L45 L45 U5  U5  Y5                              L5  N15 N15 L45 T15 N25 V15
        Q5  Q5  S25 T15 U5  Y5  V15                             Q5  Q5  T15 T15 T15 V15 V15
            Q5  S25 U5  U5  Y5  V15 T25                             S25 S25 W5  W5  Y5  Z5  Z5
                V25 V25 X5  Y5  T5  T25 T25                             S25 V25 W5  W5  V5  Z5  T25
                    X5  X5  X5  T5  T25 J15 J45                             V25 V25 W5  V5  Z5  Z5  J45
                        X5  T5  T5  T5  J15 J15 J15                             V5  V5  V5  J45 J45 J45 J15

solution 4 (16,643 searches):
00,11,0 00,12,0 00,12,1 01,11,0 01,11,1 A5
00,10,1 00,11,1 01,09,1 01,10,1 02,10,1 F5
10,00,0 10,01,0 11,00,0 12,00,0 12,00,1 J15
09,00,1 10,00,1 11,00,1 11,01,0 11,01,1 J45
00,08,0 00,09,0 00,09,1 00,10,0 01,10,0 J25
02,08,0 02,09,0 02,09,1 02,10,0 03,08,0 L25
02,07,1 03,07,1 03,08,1 03,09,0 03,09,1 L15
01,05,1 01,06,1 01,07,1 01,08,1 02,08,1 L5
01,07,0 01,08,0 01,09,0 02,06,0 02,07,0 N5
00,06,0 00,06,1 00,07,0 00,07,1 00,08,1 P5
01,05,0 01,06,0 02,05,0 02,05,1 03,05,1 N15
02,06,1 03,06,1 04,06,0 04,06,1 04,07,1 L35
04,07,0 04,08,0 04,08,1 05,06,0 05,07,0 S15
03,05,0 03,06,0 03,07,0 04,05,0 04,05,1 L45
05,06,1 05,07,1 06,05,1 06,06,0 06,06,1 N25
02,04,0 02,04,1 03,03,0 03,04,0 03,04,1 Q5
03,03,1 04,02,1 04,03,0 04,03,1 04,04,0 S25
04,04,1 05,03,1 05,04,1 05,05,1 06,04,1 X5
05,04,0 05,05,0 06,05,0 07,04,0 07,05,0 U5
07,04,1 07,05,1 08,03,0 08,04,0 08,04,1 V15
04,02,0 05,02,0 05,03,0 06,03,0 06,04,0 W5
05,01,0 05,01,1 05,02,1 06,00,0 06,01,0 V25
06,00,1 06,01,1 06,02,1 07,00,1 08,00,1 V5
06,03,1 07,02,1 07,03,0 07,03,1 08,03,1 T15
06,02,0 07,00,0 07,01,0 07,02,0 08,02,0 T5
08,00,0 09,00,0 09,01,0 09,02,0 10,02,0 Z5
08,02,1 09,02,1 09,03,0 09,03,1 10,02,1 T25
07,01,1 08,01,0 08,01,1 09,01,1 10,01,1 Y5

A5                                                      A5
A5  A5                                                  F5  A5
J25 J25 L25                                             F5  F5  F5
J25 N5  L25 L15                                         J25 F5  L25 L15
J25 N5  L25 L25 S15                                     P5  L5  L5  L15 S15
P5  N5  N5  L45 S15 S15                                 P5  L5  L15 L15 L35 N25
P5  N15 N5  L45 L35 S15 N25                             P5  L5  L35 L35 L35 N25 N25
    N15 N15 L45 L45 U5  U5  U5                              L5  N15 N15 L45 X5  N25 V15
        Q5  Q5  S25 U5  W5  U5  V15                             Q5  Q5  X5  X5  X5  V15 V15
            Q5  S25 W5  W5  T15 V15 T25                             S25 S25 X5  T15 T15 T15 T25
                W5  W5  T5  T5  T5  Z5  Z5                              S25 V25 V5  T15 T25 T25 T25
                    V25 V25 T5  Y5  Z5  J15 J45                             V25 V5  Y5  Y5  Y5  Y5  J45
                        V25 T5  Z5  Z5  J15 J15 J15                             V5  V5  V5  J45 J45 J45 J15

solution 5 (16,646 searches):
00,11,0 00,12,0 00,12,1 01,11,0 01,11,1 A5
00,10,1 00,11,1 01,09,1 01,10,1 02,10,1 F5
10,00,0 10,01,0 11,00,0 12,00,0 12,00,1 J15
09,00,1 10,00,1 11,00,1 11,01,0 11,01,1 J45
00,08,0 00,09,0 00,09,1 00,10,0 01,10,0 J25
02,08,0 02,09,0 02,09,1 02,10,0 03,08,0 L25
02,07,1 03,07,1 03,08,1 03,09,0 03,09,1 L15
01,05,1 01,06,1 01,07,1 01,08,1 02,08,1 L5
01,07,0 01,08,0 01,09,0 02,06,0 02,07,0 N5
00,06,0 00,06,1 00,07,0 00,07,1 00,08,1 P5
01,05,0 01,06,0 02,05,0 02,05,1 03,05,1 N15
02,06,1 03,06,1 04,06,0 04,06,1 04,07,1 L35
04,07,0 04,08,0 04,08,1 05,06,0 05,07,0 S15
03,05,0 03,06,0 03,07,0 04,05,0 04,05,1 L45
05,06,1 05,07,1 06,05,1 06,06,0 06,06,1 N25
02,04,0 02,04,1 03,03,0 03,04,0 03,04,1 Q5
03,03,1 04,02,1 04,03,0 04,03,1 04,04,0 S25
04,04,1 05,03,1 05,04,1 05,05,1 06,04,1 X5
05,04,0 05,05,0 06,05,0 07,04,0 07,05,0 U5
07,04,1 07,05,1 08,03,0 08,04,0 08,04,1 V15
04,02,0 05,02,0 05,03,0 06,03,0 06,04,0 W5
05,01,0 05,01,1 05,02,1 06,00,0 06,01,0 V25
06,00,1 06,01,1 06,02,1 07,00,1 08,00,1 V5
06,03,1 07,02,1 07,03,0 07,03,1 08,03,1 T15
06,02,0 07,00,0 07,01,0 07,02,0 08,00,0 Z5
08,02,0 09,00,0 09,01,0 09,02,0 10,02,0 T5
08,02,1 09,02,1 09,03,0 09,03,1 10,02,1 T25
07,01,1 08,01,0 08,01,1 09,01,1 10,01,1 Y5

A5                                                      A5
A5  A5                                                  F5  A5
J25 J25 L25                                             F5  F5  F5
J25 N5  L25 L15                                         J25 F5  L25 L15
J25 N5  L25 L25 S15                                     P5  L5  L5  L15 S15
P5  N5  N5  L45 S15 S15                                 P5  L5  L15 L15 L35 N25
P5  N15 N5  L45 L35 S15 N25                             P5  L5  L35 L35 L35 N25 N25
    N15 N15 L45 L45 U5  U5  U5                              L5  N15 N15 L45 X5  N25 V15
        Q5  Q5  S25 U5  W5  U5  V15                             Q5  Q5  X5  X5  X5  V15 V15
            Q5  S25 W5  W5  T15 V15 T25                             S25 S25 X5  T15 T15 T15 T25
                W5  W5  Z5  Z5  T5  T5  T5                              S25 V25 V5  T15 T25 T25 T25
                    V25 V25 Z5  Y5  T5  J15 J45                             V25 V5  Y5  Y5  Y5  Y5  J45
                        V25 Z5  Z5  T5  J15 J15 J15                             V5  V5  V5  J45 J45 J45 J15

solution 6 (17,657 searches):
00,11,0 00,12,0 00,12,1 01,11,0 01,11,1 A5
00,10,1 00,11,1 01,09,1 01,10,1 02,10,1 F5
10,00,0 10,01,0 11,00,0 12,00,0 12,00,1 J15
09,00,1 10,00,1 11,00,1 11,01,0 11,01,1 J45
00,08,0 00,09,0 00,09,1 00,10,0 01,10,0 J25
02,08,0 02,09,0 02,09,1 02,10,0 03,08,0 L25
02,07,1 03,07,1 03,08,1 03,09,0 03,09,1 L15
01,05,1 01,06,1 01,07,1 01,08,1 02,08,1 L5
01,07,0 01,08,0 01,09,0 02,06,0 02,07,0 N5
00,06,0 00,06,1 00,07,0 00,07,1 00,08,1 P5
01,05,0 01,06,0 02,05,0 02,05,1 03,05,1 N15
02,06,1 03,06,1 04,06,0 04,06,1 04,07,1 L35
04,07,0 04,08,0 04,08,1 05,06,0 05,07,0 S15
03,05,0 03,06,0 03,07,0 04,05,0 04,05,1 L45
05,06,1 05,07,1 06,05,1 06,06,0 06,06,1 N25
02,04,0 02,04,1 03,03,0 03,04,0 03,04,1 Q5
03,03,1 04,02,1 04,03,0 04,03,1 04,04,0 S25
04,04,1 05,03,1 05,04,1 05,05,1 06,04,1 X5
05,03,0 05,04,0 05,05,0 06,05,0 07,05,0 V5
04,02,0 05,01,1 05,02,0 05,02,1 06,01,1 V25
05,01,0 06,00,0 06,00,1 06,01,0 07,01,0 T25
07,00,0 08,00,0 08,01,0 08,02,0 09,00,0 T5
09,01,0 09,02,0 09,02,1 09,03,0 10,02,0 T15
08,01,1 08,02,1 09,01,1 10,01,1 10,02,1 U5
06,02,1 07,00,1 07,01,1 07,02,1 08,00,1 Z5
06,03,0 06,04,0 07,04,0 07,04,1 07,05,1 V15
06,02,0 07,02,0 07,03,0 08,03,0 08,04,0 W5
06,03,1 07,03,1 08,03,1 08,04,1 09,03,1 Y5

A5                                                      A5
A5  A5                                                  F5  A5
J25 J25 L25                                             F5  F5  F5
J25 N5  L25 L15                                         J25 F5  L25 L15
J25 N5  L25 L25 S15                                     P5  L5  L5  L15 S15
P5  N5  N5  L45 S15 S15                                 P5  L5  L15 L15 L35 N25
P5  N15 N5  L45 L35 S15 N25                             P5  L5  L35 L35 L35 N25 N25
    N15 N15 L45 L45 V5  V5  V5                              L5  N15 N15 L45 X5  N25 V15
        Q5  Q5  S25 V5  V15 V15 W5                              Q5  Q5  X5  X5  X5  V15 Y5
            Q5  S25 V5  V15 W5  W5  T15                             S25 S25 X5  Y5  Y5  Y5  Y5
                V25 V25 W5  W5  T5  T15 T15                             S25 V25 Z5  Z5  U5  T15 U5
                    T25 T25 T25 T5  T15 J15 J45                             V25 V25 Z5  U5  U5  U5  J45
                        T25 T5  T5  T5  J15 J15 J15                             T25 Z5  Z5  J45 J45 J45 J15

solution 7 (30,466 searches):
00,11,0 00,12,0 00,12,1 01,11,0 01,11,1 A5
00,10,1 00,11,1 01,09,1 01,10,1 02,10,1 F5
10,00,0 10,01,0 11,00,0 12,00,0 12,00,1 J15
09,00,1 10,00,1 11,00,1 11,01,0 11,01,1 J45
00,08,0 00,09,0 00,09,1 00,10,0 01,10,0 J25
02,08,0 02,09,0 02,09,1 02,10,0 03,08,0 L25
02,07,1 03,07,1 03,08,1 03,09,0 03,09,1 L15
01,05,1 01,06,1 01,07,1 01,08,1 02,08,1 L5
01,07,0 01,08,0 01,09,0 02,06,0 02,07,0 N5
00,06,0 00,06,1 00,07,0 00,07,1 00,08,1 P5
01,05,0 01,06,0 02,05,0 02,05,1 03,05,1 N15
02,06,1 03,06,1 04,06,0 04,06,1 04,07,1 L35
04,07,0 04,08,0 04,08,1 05,06,0 05,07,0 S15
03,05,0 03,06,0 03,07,0 04,05,0 04,05,1 L45
05,06,1 05,07,1 06,05,1 06,06,0 06,06,1 N25
02,04,0 02,04,1 03,03,0 03,04,0 03,04,1 Q5
03,03,1 04,02,1 04,03,0 04,03,1 04,04,1 T15
04,04,0 05,04,0 05,04,1 05,05,1 06,04,0 T25
05,05,0 06,05,0 07,03,0 07,04,0 07,05,0 V5
07,04,1 07,05,1 08,03,0 08,04,0 08,04,1 V15
05,03,1 06,02,1 06,03,1 06,04,1 07,03,1 X5
04,02,0 05,01,1 05,02,0 05,02,1 06,01,1 V25
05,01,0 05,03,0 06,01,0 06,02,0 06,03,0 U5
06,00,1 07,00,1 07,01,1 07,02,1 08,00,1 T5
06,00,0 07,00,0 07,01,0 07,02,0 08,02,0 Z5
08,03,1 09,02,1 09,03,1 10,01,1 10,02,1 W5
08,00,0 08,01,0 08,01,1 08,02,1 09,01,1 S25
09,00,0 09,01,0 09,02,0 09,03,0 10,02,0 Y5

A5                                                      A5
A5  A5                                                  F5  A5
J25 J25 L25                                             F5  F5  F5
J25 N5  L25 L15                                         J25 F5  L25 L15
J25 N5  L25 L25 S15                                     P5  L5  L5  L15 S15
P5  N5  N5  L45 S15 S15                                 P5  L5  L15 L15 L35 N25
P5  N15 N5  L45 L35 S15 N25                             P5  L5  L35 L35 L35 N25 N25
    N15 N15 L45 L45 V5  V5  V5                              L5  N15 N15 L45 T25 N25 V15
        Q5  Q5  T25 T25 T25 V5  V15                             Q5  Q5  T15 T25 X5  V15 V15
            Q5  T15 U5  U5  V5  V15 Y5                              T15 T15 X5  X5  X5  W5  W5
                V25 V25 U5  Z5  Z5  Y5  Y5                              T15 V25 X5  T5  S25 W5  W5
                    U5  U5  Z5  S25 Y5  J15 J45                             V25 V25 T5  S25 S25 W5  J45
                        Z5  Z5  S25 Y5  J15 J15 J15                             T5  T5  T5  J45 J45 J45 J15

solution 8 (37,360 searches):
00,11,0 00,12,0 00,12,1 01,11,0 01,11,1 A5
00,10,1 00,11,1 01,09,1 01,10,1 02,10,1 F5
10,00,0 10,01,0 11,00,0 12,00,0 12,00,1 J15
09,00,1 10,00,1 11,00,1 11,01,0 11,01,1 J45
00,08,0 00,09,0 00,09,1 00,10,0 01,10,0 J25
02,08,0 02,09,0 02,09,1 02,10,0 03,08,0 L25
02,07,1 03,07,1 03,08,1 03,09,0 03,09,1 L15
01,05,1 01,06,1 01,07,1 01,08,1 02,08,1 L5
01,07,0 01,08,0 01,09,0 02,06,0 02,07,0 N5
00,06,0 00,06,1 00,07,0 00,07,1 00,08,1 P5
01,05,0 01,06,0 02,05,0 02,05,1 03,05,1 N15
02,06,1 03,06,1 04,06,0 04,06,1 04,07,1 L35
04,07,0 04,08,0 04,08,1 05,06,0 05,07,0 S15
03,05,0 03,06,0 03,07,0 04,05,0 04,05,1 L45
05,06,1 05,07,1 06,05,1 06,06,0 06,06,1 N25
02,04,0 02,04,1 03,03,0 03,04,0 03,04,1 Q5
03,03,1 04,02,1 04,03,0 04,03,1 04,04,1 T15
05,05,0 05,05,1 06,05,0 07,05,0 07,05,1 U5
04,04,0 05,03,0 05,04,0 06,04,0 07,04,0 Y5
04,02,0 05,01,0 05,02,0 05,02,1 06,02,1 S25
05,03,1 06,02,0 06,03,0 06,03,1 07,02,0 V15
05,04,1 06,04,1 07,02,1 07,03,1 07,04,1 V5
05,01,1 06,00,0 06,01,0 06,01,1 07,01,1 T25
06,00,1 07,00,0 07,00,1 07,01,0 08,01,0 V25
08,00,0 09,00,0 09,01,0 09,02,0 10,02,0 Z5
07,03,0 08,02,0 08,03,0 08,04,0 09,03,0 X5
08,03,1 08,04,1 09,02,1 09,03,1 10,02,1 W5
08,00,1 08,01,1 08,02,1 09,01,1 10,01,1 T5

A5                                                      A5
A5  A5                                                  F5  A5
J25 J25 L25                                             F5  F5  F5
J25 N5  L25 L15                                         J25 F5  L25 L15
J25 N5  L25 L25 S15                                     P5  L5  L5  L15 S15
P5  N5  N5  L45 S15 S15                                 P5  L5  L15 L15 L35 N25
P5  N15 N5  L45 L35 S15 N25                             P5  L5  L35 L35 L35 N25 N25
    N15 N15 L45 L45 U5  U5  U5                              L5  N15 N15 L45 U5  N25 U5
        Q5  Q5  Y5  Y5  Y5  Y5  X5                              Q5  Q5  T15 V5  V5  V5  W5
            Q5  T15 Y5  V15 X5  X5  X5                              T15 T15 V15 V15 V5  W5  W5
                S25 S25 V15 V15 X5  Z5  Z5                              T15 S25 S25 V5  T5  W5  W5
                    S25 T25 V25 V25 Z5  J15 J45                             T25 T25 T25 T5  T5  T5  J45
                        T25 V25 Z5  Z5  J15 J15 J15                             V25 V25 T5  J45 J45 J45 J15

solution 9 (37,365 searches):
00,11,0 00,12,0 00,12,1 01,11,0 01,11,1 A5
00,10,1 00,11,1 01,09,1 01,10,1 02,10,1 F5
10,00,0 10,01,0 11,00,0 12,00,0 12,00,1 J15
09,00,1 10,00,1 11,00,1 11,01,0 11,01,1 J45
00,08,0 00,09,0 00,09,1 00,10,0 01,10,0 J25
02,08,0 02,09,0 02,09,1 02,10,0 03,08,0 L25
02,07,1 03,07,1 03,08,1 03,09,0 03,09,1 L15
01,05,1 01,06,1 01,07,1 01,08,1 02,08,1 L5
01,07,0 01,08,0 01,09,0 02,06,0 02,07,0 N5
00,06,0 00,06,1 00,07,0 00,07,1 00,08,1 P5
01,05,0 01,06,0 02,05,0 02,05,1 03,05,1 N15
02,06,1 03,06,1 04,06,0 04,06,1 04,07,1 L35
04,07,0 04,08,0 04,08,1 05,06,0 05,07,0 S15
03,05,0 03,06,0 03,07,0 04,05,0 04,05,1 L45
05,06,1 05,07,1 06,05,1 06,06,0 06,06,1 N25
02,04,0 02,04,1 03,03,0 03,04,0 03,04,1 Q5
03,03,1 04,02,1 04,03,0 04,03,1 04,04,1 T15
05,05,0 05,05,1 06,05,0 07,05,0 07,05,1 U5
04,04,0 05,03,0 05,04,0 06,04,0 07,04,0 Y5
04,02,0 05,01,0 05,02,0 05,02,1 06,02,1 S25
05,03,1 06,02,0 06,03,0 06,03,1 07,02,0 V15
05,04,1 06,04,1 07,02,1 07,03,1 07,04,1 V5
05,01,1 06,00,0 06,00,1 06,01,1 07,00,0 V25
06,01,0 07,00,1 07,01,0 07,01,1 08,01,0 T25
08,00,0 09,00,0 09,01,0 09,02,0 10,02,0 Z5
07,03,0 08,02,0 08,03,0 08,04,0 09,03,0 X5
08,03,1 08,04,1 09,02,1 09,03,1 10,02,1 W5
08,00,1 08,01,1 08,02,1 09,01,1 10,01,1 T5

A5                                                      A5
A5  A5                                                  F5  A5
J25 J25 L25                                             F5  F5  F5
J25 N5  L25 L15                                         J25 F5  L25 L15
J25 N5  L25 L25 S15                                     P5  L5  L5  L15 S15
P5  N5  N5  L45 S15 S15                                 P5  L5  L15 L15 L35 N25
P5  N15 N5  L45 L35 S15 N25                             P5  L5  L35 L35 L35 N25 N25
    N15 N15 L45 L45 U5  U5  U5                              L5  N15 N15 L45 U5  N25 U5
        Q5  Q5  Y5  Y5  Y5  Y5  X5                              Q5  Q5  T15 V5  V5  V5  W5
            Q5  T15 Y5  V15 X5  X5  X5                              T15 T15 V15 V15 V5  W5  W5
                S25 S25 V15 V15 X5  Z5  Z5                              T15 S25 S25 V5  T5  W5  W5
                    S25 T25 T25 T25 Z5  J15 J45                             V25 V25 T25 T5  T5  T5  J45
                        V25 V25 Z5  Z5  J15 J15 J15                             V25 T25 T5  J45 J45 J45 J15

solution 10 (39,684 searches):
00,11,0 00,12,0 00,12,1 01,11,0 01,11,1 A5
00,10,1 00,11,1 01,09,1 01,10,1 02,10,1 F5
10,00,0 10,01,0 11,00,0 12,00,0 12,00,1 J15
09,00,1 10,00,1 11,00,1 11,01,0 11,01,1 J45
00,08,0 00,09,0 00,09,1 00,10,0 01,10,0 J25
02,08,0 02,09,0 02,09,1 02,10,0 03,08,0 L25
02,07,1 03,07,1 03,08,1 03,09,0 03,09,1 L15
01,05,1 01,06,1 01,07,1 01,08,1 02,08,1 L5
01,07,0 01,08,0 01,09,0 02,06,0 02,07,0 N5
00,06,0 00,06,1 00,07,0 00,07,1 00,08,1 P5
01,05,0 01,06,0 02,05,0 02,05,1 03,05,1 N15
02,06,1 03,06,1 04,06,0 04,06,1 04,07,1 L35
04,07,0 04,08,0 04,08,1 05,06,0 05,07,0 S15
03,05,0 03,06,0 03,07,0 04,05,0 04,05,1 L45
05,06,1 05,07,1 06,05,1 06,06,0 06,06,1 N25
02,04,0 02,04,1 03,03,0 03,04,0 03,04,1 Q5
03,03,1 04,02,1 04,03,0 04,03,1 04,04,1 T15
05,02,1 05,03,1 05,04,1 05,05,1 06,04,1 Y5
04,04,0 05,03,0 05,04,0 05,05,0 06,04,0 X5
04,02,0 05,01,0 05,01,1 05,02,0 06,01,1 V15
06,03,0 06,05,0 07,03,0 07,04,0 07,05,0 U5
07,03,1 07,04,1 07,05,1 08,04,0 08,04,1 T25
06,01,0 06,02,0 06,02,1 06,03,1 07,02,0 S25
06,00,0 07,00,0 07,01,0 08,01,0 08,02,0 W5
08,03,0 09,02,1 09,03,0 09,03,1 10,02,1 V25
08,00,0 09,00,0 09,01,0 09,02,0 10,02,0 Z5
08,01,1 08,02,1 08,03,1 09,01,1 10,01,1 V5
06,00,1 07,00,1 07,01,1 07,02,1 08,00,1 T5

A5                                                      A5
A5  A5                                                  F5  A5
J25 J25 L25                                             F5  F5  F5
J25 N5  L25 L15                                         J25 F5  L25 L15
J25 N5  L25 L25 S15                                     P5  L5  L5  L15 S15
P5  N5  N5  L45 S15 S15                                 P5  L5  L15 L15 L35 N25
P5  N15 N5  L45 L35 S15 N25                             P5  L5  L35 L35 L35 N25 N25
    N15 N15 L45 L45 X5  U5  U5                              L5  N15 N15 L45 Y5  N25 T25
        Q5  Q5  X5  X5  X5  U5  T25                             Q5  Q5  T15 Y5  Y5  T25 T25
            Q5  T15 X5  U5  U5  V25 V25                             T15 T15 Y5  S25 T25 V5  V25
                V15 V15 S25 S25 W5  Z5  Z5                              T15 Y5  S25 T5  V5  V25 V25
                    V15 S25 W5  W5  Z5  J15 J45                             V15 V15 T5  V5  V5  V5  J45
                        W5  W5  Z5  Z5  J15 J15 J15                             T5  T5  T5  J45 J45 J45 J15

User-requested solution limit reached.
10 solutions, 39,684 searches, duration 0:01:44.634128
