solving OneSidedHexiamondsBumpyTriangle:

solution 1 (7,205 searches):
4,0,1 4,1,0 4,1,1 5,0,0 5,0,1 5,1,0 O6
2,3,1 2,4,0 3,1,1 3,2,0 3,2,1 3,3,0 C6
5,1,1 6,0,0 6,0,1 6,1,0 6,1,1 6,2,0 E6
6,3,1 7,1,0 7,1,1 7,2,0 7,2,1 7,3,0 J6
7,3,1 8,2,0 8,2,1 8,3,0 8,3,1 9,3,0 h6
5,2,1 5,3,0 5,3,1 5,4,0 6,2,1 6,3,0 V6
3,3,1 4,2,0 4,2,1 4,3,0 4,3,1 5,2,0 X6
8,5,0 8,5,1 9,3,1 9,4,0 9,4,1 9,5,0 G6
6,6,0 6,6,1 6,7,0 7,6,0 7,6,1 8,6,0 p6
6,5,1 7,4,1 7,5,0 7,5,1 8,4,0 8,4,1 F6
5,4,1 5,5,0 6,4,0 6,4,1 6,5,0 7,4,0 f6
3,7,1 4,6,1 4,7,0 5,5,1 5,6,0 5,6,1 P6
3,8,0 3,8,1 4,7,1 4,8,0 5,7,0 5,7,1 S6
0,9,0 0,9,1 1,9,0 1,9,1 2,8,1 2,9,0 j6
0,7,1 0,8,0 0,8,1 1,6,0 1,6,1 1,7,0 s6
1,5,1 2,4,1 2,5,0 2,5,1 2,6,0 3,4,0 H6
3,4,1 3,5,0 4,4,0 4,4,1 4,5,0 4,5,1 g6
1,8,1 2,7,1 2,8,0 3,6,1 3,7,0 4,6,0 I6
1,7,1 1,8,0 2,6,1 2,7,0 3,5,1 3,6,0 i6

    ________
   /        \
  /_______   \____
 /   /\   \  /    \
/   /  \   \/___   \____
\   \   \   \   \      /\
 \   \   \   \   \____/  \____
 /   /\   \   \      /        \
/___/  \   \___\    /__________\
\      /\  /   /\  /\      /    \
 \    /  \/   /  \/  \    /___   \
 /\   \      /\       \      /   /
/  \___\____/  \_______\____/   /
\   \      /    \   \       \  /
 \   \    /      \   \    ___\/
 /   /    \  /\  /   /   /
/   /______\/  \/   /___/
\  /    \      /   /
 \/      \    /___/
  \      /   /
   \____/___/

solution 2 (8,817 searches):
4,0,1 4,1,0 4,1,1 5,0,0 5,0,1 5,1,0 O6
2,3,1 2,4,0 3,1,1 3,2,0 3,2,1 3,3,0 C6
5,1,1 6,0,0 6,0,1 6,1,0 6,1,1 6,2,0 E6
6,3,1 7,1,0 7,1,1 7,2,0 7,2,1 7,3,0 J6
7,3,1 8,2,0 8,2,1 8,3,0 8,3,1 9,3,0 h6
5,2,1 5,3,0 5,3,1 5,4,0 6,2,1 6,3,0 V6
3,3,1 4,2,0 4,2,1 4,3,0 4,3,1 5,2,0 X6
7,4,1 8,4,0 8,4,1 9,3,1 9,4,0 9,4,1 p6
7,6,0 7,6,1 8,5,0 8,5,1 8,6,0 9,5,0 F6
6,5,1 6,6,0 6,6,1 6,7,0 7,5,0 7,5,1 G6
5,4,1 5,5,0 6,4,0 6,4,1 6,5,0 7,4,0 f6
3,7,1 4,6,1 4,7,0 5,5,1 5,6,0 5,6,1 P6
3,8,0 3,8,1 4,7,1 4,8,0 5,7,0 5,7,1 S6
0,9,0 0,9,1 1,9,0 1,9,1 2,8,1 2,9,0 j6
0,7,1 0,8,0 0,8,1 1,6,0 1,6,1 1,7,0 s6
1,5,1 2,4,1 2,5,0 2,5,1 2,6,0 3,4,0 H6
3,4,1 3,5,0 4,4,0 4,4,1 4,5,0 4,5,1 g6
1,8,1 2,7,1 2,8,0 3,6,1 3,7,0 4,6,0 I6
1,7,1 1,8,0 2,6,1 2,7,0 3,5,1 3,6,0 i6

    ________
   /        \
  /_______   \____
 /   /\   \  /    \
/   /  \   \/___   \____
\   \   \   \   \      /\
 \   \   \   \   \____/  \____
 /   /\   \   \      /   /    \
/___/  \   \___\    /   /___   \
\      /\  /   /\  /\      /    \
 \    /  \/   /  \/  \____/______\
 /\   \      /\       \          /
/  \___\____/  \_______\____    /
\   \      /    \   \       \  /
 \   \    /      \   \    ___\/
 /   /    \  /\  /   /   /
/   /______\/  \/   /___/
\  /    \      /   /
 \/      \    /___/
  \      /   /
   \____/___/

solution 3 (11,043 searches):
4,0,1 4,1,0 4,1,1 5,0,0 5,0,1 5,1,0 O6
2,3,1 2,4,0 3,1,1 3,2,0 3,2,1 3,3,0 C6
5,1,1 6,0,0 6,0,1 6,1,0 6,1,1 6,2,0 E6
6,3,1 7,1,0 7,1,1 7,2,0 7,2,1 7,3,0 J6
7,3,1 8,2,0 8,2,1 8,3,0 8,3,1 9,3,0 h6
4,3,1 5,2,1 5,3,0 5,3,1 6,2,1 6,3,0 f6
3,3,1 3,4,0 4,2,0 4,2,1 4,3,0 5,2,0 p6
8,4,0 8,4,1 9,3,1 9,4,0 9,4,1 9,5,0 H6
7,5,0 7,5,1 7,6,1 8,5,0 8,5,1 8,6,0 G6
5,4,0 5,4,1 6,4,0 6,4,1 7,4,0 7,4,1 I6
5,6,1 6,5,1 6,6,0 6,6,1 6,7,0 7,6,0 X6
3,8,0 3,8,1 4,7,1 4,8,0 5,7,0 5,7,1 S6
4,6,0 4,6,1 4,7,0 5,5,1 5,6,0 6,5,0 P6
3,4,1 4,4,0 4,4,1 4,5,0 4,5,1 5,5,0 s6
1,5,1 1,6,0 2,4,1 2,5,0 2,5,1 2,6,0 V6
3,5,0 3,5,1 3,6,0 3,6,1 3,7,0 3,7,1 i6
1,7,1 1,8,1 2,6,1 2,7,0 2,7,1 2,8,0 F6
0,7,1 0,8,0 0,8,1 1,6,1 1,7,0 1,8,0 g6
0,9,0 0,9,1 1,9,0 1,9,1 2,8,1 2,9,0 j6

    ________
   /        \
  /_______   \____
 /    \   \  /    \
/   ___\   \/___   \____
\   \      /   /\      /\
 \   \    /   /  \____/  \____
 /\  /\  /   /    \       \   \
/  \/  \/   /___   \    ___\   \
\      /   /    \   \  /       /\
 \    /___/   ___\___\/_______/  \
 /\  /\      /           /       /
/  \/  \____/___________/___    /
\   \   \       \   \       \  /
 \   \   \       \   \    ___\/
 /   /    \  /\  /   /   /
/   /______\/  \/   /___/
\  /    \      /   /
 \/      \    /___/
  \      /   /
   \____/___/

solution 4 (13,142 searches):
4,0,1 4,1,0 4,1,1 5,0,0 5,0,1 5,1,0 O6
2,3,1 2,4,0 3,1,1 3,2,0 3,2,1 3,3,0 C6
5,1,1 6,0,0 6,0,1 6,1,0 6,1,1 6,2,0 E6
6,3,1 7,1,0 7,1,1 7,2,0 7,2,1 7,3,0 J6
7,3,1 8,2,0 8,2,1 8,3,0 8,3,1 9,3,0 h6
4,3,1 5,2,1 5,3,0 5,3,1 6,2,1 6,3,0 f6
3,3,1 3,4,0 4,2,0 4,2,1 4,3,0 5,2,0 p6
8,4,0 8,4,1 8,5,0 9,3,1 9,4,0 9,4,1 X6
7,5,1 7,6,0 7,6,1 8,5,1 8,6,0 9,5,0 G6
1,5,1 1,6,0 2,4,1 2,5,0 2,5,1 2,6,0 V6
0,7,1 0,8,0 0,8,1 1,6,1 1,7,0 1,8,0 g6
0,9,0 0,9,1 1,9,0 1,9,1 2,8,1 2,9,0 j6
1,7,1 1,8,1 2,6,1 2,7,0 2,7,1 2,8,0 F6
3,4,1 4,4,0 4,4,1 4,5,0 4,5,1 5,5,0 s6
3,5,0 3,5,1 3,6,0 3,6,1 3,7,0 3,7,1 i6
3,8,0 3,8,1 4,7,1 4,8,0 5,7,0 5,7,1 S6
4,6,0 4,6,1 4,7,0 5,5,1 5,6,0 6,5,0 P6
5,6,1 6,5,1 6,6,0 6,6,1 6,7,0 7,5,0 H6
5,4,0 5,4,1 6,4,0 6,4,1 7,4,0 7,4,1 I6

    ________
   /        \
  /_______   \____
 /    \   \  /    \
/   ___\   \/___   \____
\   \      /   /\      /\
 \   \    /   /  \____/  \____
 /\  /\  /   /    \      /    \
/  \/  \/   /___   \    /      \
\      /   /    \   \   \  /\   \
 \    /___/   ___\___\___\/  \___\
 /\  /\      /           /       /
/  \/  \____/___________/___    /
\   \   \       \   \       \  /
 \   \   \       \   \    ___\/
 /   /    \  /\  /   /   /
/   /______\/  \/   /___/
\  /    \      /   /
 \/      \    /___/
  \      /   /
   \____/___/

solution 5 (13,664 searches):
4,0,1 4,1,0 4,1,1 5,0,0 5,0,1 5,1,0 O6
2,3,1 2,4,0 3,1,1 3,2,0 3,2,1 3,3,0 C6
5,1,1 6,0,0 6,0,1 6,1,0 6,1,1 6,2,0 E6
6,3,1 7,1,0 7,1,1 7,2,0 7,2,1 7,3,0 J6
7,3,1 8,2,0 8,2,1 8,3,0 8,3,1 9,3,0 h6
5,2,0 5,2,1 5,3,0 5,3,1 6,2,1 6,3,0 g6
4,2,0 4,2,1 4,3,0 4,3,1 4,4,0 4,4,1 i6
2,4,1 2,5,1 3,3,1 3,4,0 3,4,1 3,5,0 F6
0,7,1 1,5,1 1,6,0 1,6,1 1,7,0 2,5,0 S6
8,5,0 8,5,1 9,3,1 9,4,0 9,4,1 9,5,0 G6
6,6,0 6,6,1 6,7,0 7,6,0 7,6,1 8,6,0 p6
6,4,0 6,4,1 7,4,0 7,4,1 8,4,0 8,4,1 I6
5,5,1 5,6,0 6,5,0 6,5,1 7,5,0 7,5,1 j6
4,5,1 4,6,0 4,6,1 5,4,0 5,4,1 5,5,0 s6
4,7,0 4,7,1 4,8,0 5,6,1 5,7,0 5,7,1 X6
2,6,0 2,6,1 3,5,1 3,6,0 3,6,1 4,5,0 H6
0,8,0 0,8,1 0,9,0 1,7,1 1,8,0 2,7,0 P6
0,9,1 1,8,1 1,9,0 1,9,1 2,8,0 2,9,0 V6
2,7,1 2,8,1 3,7,0 3,7,1 3,8,0 3,8,1 f6

    ________
   /\       \
  /  \    ___\____
 /    \   \      /\
/___   \___\    /  \____
\   \   \      /       /\
 \   \___\____/___    /  \____
 /   /       /   /\  /        \
/   /___    /   /  \/__________\
\   \   \   \   \          /    \
 \___\   \___\   \________/___   \
 /\      /   /   /           /   /
/  \    /   /___/___________/   /
\   \  /   /    \   \       \  /
 \   \/   /      \   \    ___\/
 /   /   /   /\  /   /   /
/   /___/___/  \/   /___/
\  /    \      /   /
 \/      \    /___/
  \      /   /
   \____/___/

solution 6 (13,669 searches):
4,0,1 4,1,0 4,1,1 5,0,0 5,0,1 5,1,0 O6
2,3,1 2,4,0 3,1,1 3,2,0 3,2,1 3,3,0 C6
5,1,1 6,0,0 6,0,1 6,1,0 6,1,1 6,2,0 E6
6,3,1 7,1,0 7,1,1 7,2,0 7,2,1 7,3,0 J6
7,3,1 8,2,0 8,2,1 8,3,0 8,3,1 9,3,0 h6
5,2,0 5,2,1 5,3,0 5,3,1 6,2,1 6,3,0 g6
4,2,0 4,2,1 4,3,0 4,3,1 4,4,0 4,4,1 i6
2,4,1 2,5,1 3,3,1 3,4,0 3,4,1 3,5,0 F6
0,7,1 1,5,1 1,6,0 1,6,1 1,7,0 2,5,0 S6
8,5,0 8,5,1 9,3,1 9,4,0 9,4,1 9,5,0 G6
6,6,0 6,6,1 6,7,0 7,6,0 7,6,1 8,6,0 p6
6,4,0 6,4,1 7,4,0 7,4,1 8,4,0 8,4,1 I6
5,5,1 5,6,0 6,5,0 6,5,1 7,5,0 7,5,1 j6
4,5,1 4,6,0 4,6,1 5,4,0 5,4,1 5,5,0 s6
4,7,0 4,7,1 4,8,0 5,6,1 5,7,0 5,7,1 X6
2,6,0 2,6,1 3,5,1 3,6,0 3,6,1 4,5,0 H6
0,8,0 0,8,1 0,9,0 0,9,1 1,8,0 1,9,0 f6
1,7,1 1,8,1 2,7,0 2,7,1 2,8,0 3,7,0 V6
1,9,1 2,8,1 2,9,0 3,7,1 3,8,0 3,8,1 P6

    ________
   /    \   \
  /   ___\   \____
 /    \   \      /\
/______\   \    /  \____
\   \       \  /       /\
 \   \_______\/___    /  \____
 /   /       /   /\  /        \
/   /___    /   /  \/__________\
\   \   \   \   \          /    \
 \___\   \___\   \________/___   \
 /\      /   /   /           /   /
/  \    /   /___/___________/   /
\   \  /   /    \   \       \  /
 \   \/   /      \   \    ___\/
 /   /   /   /\  /   /   /
/   /___/___/  \/   /___/
\  /    \      /   /
 \/      \    /___/
  \      /   /
   \____/___/

solution 7 (13,714 searches):
4,0,1 4,1,0 4,1,1 5,0,0 5,0,1 5,1,0 O6
2,3,1 2,4,0 3,1,1 3,2,0 3,2,1 3,3,0 C6
5,1,1 6,0,0 6,0,1 6,1,0 6,1,1 6,2,0 E6
6,3,1 7,1,0 7,1,1 7,2,0 7,2,1 7,3,0 J6
7,3,1 8,2,0 8,2,1 8,3,0 8,3,1 9,3,0 h6
5,2,0 5,2,1 5,3,0 5,3,1 6,2,1 6,3,0 g6
4,2,0 4,2,1 4,3,0 4,3,1 4,4,0 4,4,1 i6
2,4,1 2,5,1 3,3,1 3,4,0 3,4,1 3,5,0 F6
0,7,1 1,5,1 1,6,0 1,6,1 1,7,0 2,5,0 S6
8,5,0 8,5,1 9,3,1 9,4,0 9,4,1 9,5,0 G6
6,5,1 7,5,0 7,5,1 7,6,0 7,6,1 8,6,0 s6
6,4,1 6,5,0 7,4,0 7,4,1 8,4,0 8,4,1 j6
4,7,0 4,7,1 4,8,0 5,7,0 5,7,1 6,7,0 p6
4,6,0 4,6,1 5,6,0 5,6,1 6,6,0 6,6,1 I6
4,5,1 5,4,0 5,4,1 5,5,0 5,5,1 6,4,0 X6
2,6,0 2,6,1 3,5,1 3,6,0 3,6,1 4,5,0 H6
0,8,0 0,8,1 0,9,0 1,7,1 1,8,0 2,7,0 P6
0,9,1 1,8,1 1,9,0 1,9,1 2,8,0 2,9,0 V6
2,7,1 2,8,1 3,7,0 3,7,1 3,8,0 3,8,1 f6

    ________
   /\       \
  /  \    ___\____
 /    \   \      /\
/___   \___\    /  \____
\   \   \      /        \
 \   \___\____/__________\____
 /   /       /           /    \
/   /___    /___________/   ___\
\   \   \   \      /\      /    \
 \___\   \___\    /  \____/___   \
 /\      /   /    \          /   /
/  \    /   /______\________/   /
\   \  /   /    \   \       \  /
 \   \/   /      \   \    ___\/
 /   /   /   /\  /   /   /
/   /___/___/  \/   /___/
\  /    \      /   /
 \/      \    /___/
  \      /   /
   \____/___/

solution 8 (13,719 searches):
4,0,1 4,1,0 4,1,1 5,0,0 5,0,1 5,1,0 O6
2,3,1 2,4,0 3,1,1 3,2,0 3,2,1 3,3,0 C6
5,1,1 6,0,0 6,0,1 6,1,0 6,1,1 6,2,0 E6
6,3,1 7,1,0 7,1,1 7,2,0 7,2,1 7,3,0 J6
7,3,1 8,2,0 8,2,1 8,3,0 8,3,1 9,3,0 h6
5,2,0 5,2,1 5,3,0 5,3,1 6,2,1 6,3,0 g6
4,2,0 4,2,1 4,3,0 4,3,1 4,4,0 4,4,1 i6
2,4,1 2,5,1 3,3,1 3,4,0 3,4,1 3,5,0 F6
0,7,1 1,5,1 1,6,0 1,6,1 1,7,0 2,5,0 S6
8,5,0 8,5,1 9,3,1 9,4,0 9,4,1 9,5,0 G6
6,5,1 7,5,0 7,5,1 7,6,0 7,6,1 8,6,0 s6
6,4,1 6,5,0 7,4,0 7,4,1 8,4,0 8,4,1 j6
4,7,0 4,7,1 4,8,0 5,7,0 5,7,1 6,7,0 p6
4,6,0 4,6,1 5,6,0 5,6,1 6,6,0 6,6,1 I6
4,5,1 5,4,0 5,4,1 5,5,0 5,5,1 6,4,0 X6
2,6,0 2,6,1 3,5,1 3,6,0 3,6,1 4,5,0 H6
0,8,0 0,8,1 0,9,0 0,9,1 1,8,0 1,9,0 f6
1,7,1 1,8,1 2,7,0 2,7,1 2,8,0 3,7,0 V6
1,9,1 2,8,1 2,9,0 3,7,1 3,8,0 3,8,1 P6

    ________
   /    \   \
  /   ___\   \____
 /    \   \      /\
/______\   \    /  \____
\   \       \  /        \
 \   \_______\/__________\____
 /   /       /           /    \
/   /___    /___________/   ___\
\   \   \   \      /\      /    \
 \___\   \___\    /  \____/___   \
 /\      /   /    \          /   /
/  \    /   /______\________/   /
\   \  /   /    \   \       \  /
 \   \/   /      \   \    ___\/
 /   /   /   /\  /   /   /
/   /___/___/  \/   /___/
\  /    \      /   /
 \/      \    /___/
  \      /   /
   \____/___/

solution 9 (15,463 searches):
4,0,1 4,1,0 4,1,1 5,0,0 5,0,1 5,1,0 O6
2,3,1 2,4,0 3,1,1 3,2,0 3,2,1 3,3,0 C6
5,1,1 6,0,0 6,0,1 6,1,0 6,1,1 6,2,0 E6
6,3,1 7,1,0 7,1,1 7,2,0 7,2,1 7,3,0 J6
7,3,1 8,2,0 8,2,1 8,3,0 8,3,1 9,3,0 h6
5,2,0 5,2,1 5,3,0 5,3,1 6,2,1 6,3,0 g6
4,2,0 4,2,1 4,3,0 4,3,1 4,4,0 4,4,1 i6
1,5,1 2,4,1 2,5,0 3,3,1 3,4,0 3,4,1 P6
8,4,0 8,4,1 8,5,0 9,3,1 9,4,0 9,4,1 X6
7,5,1 7,6,0 7,6,1 8,5,1 8,6,0 9,5,0 G6
1,6,0 1,6,1 2,5,1 2,6,0 3,5,0 3,5,1 S6
0,7,1 0,8,0 0,8,1 0,9,0 1,7,0 1,8,0 F6
0,9,1 1,8,1 1,9,0 1,9,1 2,8,1 2,9,0 f6
1,7,1 2,6,1 2,7,0 2,7,1 2,8,0 3,6,0 H6
3,7,1 3,8,0 3,8,1 4,6,1 4,7,0 5,6,0 j6
3,6,1 3,7,0 4,5,0 4,5,1 4,6,0 5,5,0 p6
4,7,1 4,8,0 5,7,0 5,7,1 6,6,1 6,7,0 s6
5,4,0 5,4,1 6,4,0 6,4,1 7,4,0 7,4,1 I6
5,5,1 5,6,1 6,5,0 6,5,1 6,6,0 7,5,0 V6

    ________
   /\       \
  /  \       \____
 /    \  /\  /   /\
/   ___\/  \/   /  \____
\   \      /\   \       \
 \___\    /  \   \____   \____
 /    \   \   \   \   \  /    \
/___   \___\   \___\   \/      \
\   \      /    \       \  /\   \
 \   \____/______\_______\/  \___\
 /\      /   /           /       /
/  \    /   /___________/___    /
\   \  /   /    \   \       \  /
 \   \/   /      \   \    ___\/
 /   /   /   /\  /   /   /
/   /___/___/  \/   /___/
\  /    \      /   /
 \/      \    /___/
  \      /   /
   \____/___/

solution 10 (16,136 searches):
4,0,1 4,1,0 4,1,1 5,0,0 5,0,1 5,1,0 O6
2,3,1 2,4,0 3,1,1 3,2,0 3,2,1 3,3,0 C6
5,1,1 6,0,0 6,0,1 6,1,0 6,1,1 6,2,0 E6
6,3,1 7,1,0 7,1,1 7,2,0 7,2,1 7,3,0 J6
7,3,1 8,2,0 8,2,1 8,3,0 8,3,1 9,3,0 h6
5,2,0 5,2,1 5,3,0 5,3,1 6,2,1 6,3,0 g6
4,2,0 4,2,1 4,3,0 4,3,1 4,4,0 4,4,1 i6
2,4,1 2,5,0 3,3,1 3,4,0 3,4,1 3,5,0 V6
1,5,1 1,6,0 1,6,1 2,5,1 2,6,0 2,6,1 F6
7,4,1 8,4,0 8,4,1 9,3,1 9,4,0 9,4,1 p6
7,5,0 7,5,1 8,5,0 8,5,1 8,6,0 9,5,0 P6
5,7,1 6,6,0 6,6,1 6,7,0 7,6,0 7,6,1 H6
5,5,1 6,4,0 6,4,1 6,5,0 6,5,1 7,4,0 X6
4,5,1 4,6,0 4,6,1 5,4,0 5,4,1 5,5,0 s6
2,7,1 3,5,1 3,6,0 3,6,1 3,7,0 4,5,0 S6
3,8,1 4,7,1 4,8,0 5,6,0 5,6,1 5,7,0 j6
1,9,1 2,8,1 2,9,0 3,7,1 3,8,0 4,7,0 I6
0,7,1 0,8,0 1,7,0 1,7,1 1,8,0 2,7,0 f6
0,8,1 0,9,0 0,9,1 1,8,1 1,9,0 2,8,0 G6

    ________
   /    \   \
  /      \   \____
 /\  /\   \   \   \
/  \/  \___\   \   \____
\       \   \   \   \   \
 \_______\   \___\   \   \____
 /       /   /   /   /       /\
/       /   /   /___/_______/  \
\  /\  /\   \   \      /        \
 \/  \/  \___\   \    /__________\
 /\      /   /   /    \          /
/  \    /   /___/______\____    /
\   \  /   /    \   \       \  /
 \   \/   /      \   \    ___\/
 /   /   /   /\  /   /   /
/   /___/___/  \/   /___/
\  /    \      /   /
 \/      \    /___/
  \      /   /
   \____/___/

User-requested solution limit reached.
10 solutions, 16,136 searches, duration 0:00:00.948034
