solving OneSidedHexiamondsTrefoil8:

solution 1 (190,131 searches):
05,00,1 05,01,0 05,01,1 06,00,0 06,00,1 06,01,0 O6
04,01,1 04,02,0 04,02,1 04,03,0 04,03,1 05,02,0 E6
06,02,1 07,00,0 07,00,1 07,01,0 07,01,1 07,02,0 J6
05,02,1 05,03,0 05,03,1 06,01,1 06,02,0 06,03,0 g6
03,06,1 04,04,1 04,05,0 04,05,1 04,06,0 05,04,0 S6
05,04,1 05,05,0 05,05,1 06,03,1 06,04,0 07,03,0 j6
06,04,1 07,03,1 07,04,0 07,04,1 08,04,0 08,04,1 P6
06,05,0 06,05,1 07,05,0 07,05,1 08,05,0 08,05,1 I6
09,04,1 09,05,0 09,05,1 09,06,0 10,05,0 10,05,1 H6
10,04,0 10,04,1 11,04,0 11,04,1 11,05,0 11,05,1 C6
09,06,1 09,07,1 10,06,0 10,06,1 10,07,0 11,06,0 V6
07,06,1 08,06,0 08,06,1 08,07,0 08,07,1 09,07,0 s6
05,07,0 05,07,1 05,08,0 06,07,0 06,07,1 07,07,0 p6
04,06,1 05,06,0 05,06,1 06,06,0 06,06,1 07,06,0 i6
02,08,0 02,08,1 03,07,0 03,07,1 03,08,0 04,07,0 F6
03,08,1 03,09,0 03,09,1 04,07,1 04,08,0 04,08,1 f6
00,09,1 00,10,0 01,08,1 01,09,0 01,09,1 02,09,0 h6
00,10,1 00,11,0 00,11,1 01,10,0 01,11,0 01,11,1 G6
01,10,1 02,09,1 02,10,0 02,10,1 02,11,0 03,10,0 X6

    ________
   /       /\
  /   ____/  \
 /\   \       \
/  \___\    ___\
\       \  /   /
 \    ___\/   /___
  \  /    \      /\
   \/___   \    /  \____    ________
       /    \  /        \  /    \   \
      /______\/__________\/   ___\   \
      \   \           \      /\       \
       \   \___________\____/  \_______\
       /   /   /           /       /   /
      /   /   /___________/   ____/   /
      \   \   \          /\  /       /
    ___\___\   \    ____/  \/_______/
   /   /    \   \  /
  /   /   ___\___\/
 /    \   \   \
/   ___\   \   \
\  /    \  /   /
 \/      \/   /
  \      /   /
   \____/___/

solution 2 (800,570 searches):
05,00,1 05,01,0 05,01,1 06,00,0 06,00,1 06,01,0 O6
04,01,1 04,02,0 04,02,1 04,03,0 04,03,1 05,02,0 E6
06,01,1 06,02,0 07,00,0 07,00,1 07,01,0 07,01,1 h6
04,04,1 05,02,1 05,03,0 05,03,1 05,04,0 05,04,1 P6
06,02,1 06,03,0 06,03,1 06,04,0 06,04,1 07,02,0 J6
07,03,0 07,03,1 07,04,0 07,04,1 07,05,0 07,05,1 i6
08,04,0 08,04,1 08,05,0 08,05,1 09,04,1 09,05,0 g6
10,04,0 10,04,1 11,04,0 11,04,1 11,05,0 11,05,1 C6
09,07,1 10,05,1 10,06,0 10,06,1 10,07,0 11,06,0 H6
08,07,1 09,05,1 09,06,0 09,06,1 09,07,0 10,05,0 S6
06,07,1 07,06,1 07,07,0 08,06,0 08,06,1 08,07,0 G6
04,05,0 04,05,1 05,05,0 05,05,1 06,05,0 06,05,1 I6
05,07,1 05,08,0 06,06,0 06,06,1 06,07,0 07,06,0 p6
03,06,1 03,07,0 04,06,0 04,06,1 05,06,0 05,06,1 j6
03,08,1 04,07,0 04,07,1 04,08,0 04,08,1 05,07,0 X6
01,08,1 01,09,0 02,08,0 02,08,1 03,07,1 03,08,0 s6
00,09,1 00,10,0 00,10,1 00,11,0 01,09,1 01,10,0 V6
00,11,1 01,10,1 01,11,0 01,11,1 02,10,1 02,11,0 f6
02,09,0 02,09,1 02,10,0 03,09,0 03,09,1 03,10,0 F6

    ________
   /\       \
  /  \       \
 /    \  /\  /\
/      \/  \/  \
\  /\  /       /
 \/  \/_______/___
  \       \      /\
   \____   \    /  \____    ________
       /\  /    \   \   \  /\   \   \
      /  \/______\   \   \/  \   \   \
      \          /    \      /   /    \
       \________/______\____/   /   ___\
       /           /   /    \   \  /   /
      /___________/   /      \___\/   /
      \      /   /   /   /\  /       /
    ___\    /   /   /___/  \/_______/
   /   /   /   /   /
  /   /   /   /___/
 /    \  /\   \
/   ___\/  \___\
\  /    \      /
 \/      \    /
  \      /   /
   \____/___/

solution 3 (801,112 searches):
05,00,1 05,01,0 05,01,1 06,00,0 06,00,1 06,01,0 O6
04,01,1 04,02,0 04,02,1 04,03,0 04,03,1 05,02,0 E6
06,01,1 06,02,0 07,00,0 07,00,1 07,01,0 07,01,1 h6
04,04,1 05,02,1 05,03,0 05,03,1 05,04,0 05,04,1 P6
06,02,1 06,03,0 06,03,1 06,04,0 06,04,1 07,02,0 J6
07,03,0 07,03,1 07,04,0 07,04,1 07,05,0 07,05,1 i6
08,04,0 08,04,1 08,05,0 08,05,1 09,04,1 09,05,0 g6
09,05,1 10,04,0 10,04,1 10,05,0 11,04,0 11,04,1 H6
09,06,0 09,06,1 10,05,1 10,06,0 11,05,0 11,05,1 S6
08,07,1 09,07,0 09,07,1 10,06,1 10,07,0 11,06,0 C6
06,07,1 07,06,1 07,07,0 08,06,0 08,06,1 08,07,0 G6
04,05,0 04,05,1 05,05,0 05,05,1 06,05,0 06,05,1 I6
05,07,1 05,08,0 06,06,0 06,06,1 06,07,0 07,06,0 p6
03,06,1 03,07,0 04,06,0 04,06,1 05,06,0 05,06,1 j6
03,08,1 04,07,0 04,07,1 04,08,0 04,08,1 05,07,0 X6
01,08,1 01,09,0 02,08,0 02,08,1 03,07,1 03,08,0 s6
00,09,1 00,10,0 00,10,1 00,11,0 01,09,1 01,10,0 V6
00,11,1 01,10,1 01,11,0 01,11,1 02,10,1 02,11,0 f6
02,09,0 02,09,1 02,10,0 03,09,0 03,09,1 03,10,0 F6

    ________
   /\       \
  /  \       \
 /    \  /\  /\
/      \/  \/  \
\  /\  /       /
 \/  \/_______/___
  \       \      /\
   \____   \    /  \____    ________
       /\  /    \   \   \  /\       \
      /  \/______\   \   \/  \____   \
      \          /    \      /    \   \
       \________/______\____/___   \___\
       /           /   /    \   \      /
      /___________/   /      \   \____/
      \      /   /   /   /\  /       /
    ___\    /   /   /___/  \/_______/
   /   /   /   /   /
  /   /   /   /___/
 /    \  /\   \
/   ___\/  \___\
\  /    \      /
 \/      \    /
  \      /   /
   \____/___/

solution 4 (956,708 searches):
05,00,1 05,01,0 05,01,1 06,00,0 06,00,1 06,01,0 O6
04,01,1 04,02,0 04,02,1 04,03,0 04,03,1 05,02,0 E6
05,02,1 06,01,1 06,02,0 07,00,0 07,00,1 07,01,0 j6
05,03,0 05,03,1 06,02,1 06,03,0 07,01,1 07,02,0 J6
03,06,1 04,04,1 04,05,0 04,05,1 04,06,0 05,05,0 H6
05,04,0 05,04,1 06,03,1 06,04,0 07,03,0 07,03,1 S6
02,08,0 02,08,1 03,07,0 03,07,1 03,08,0 04,07,0 F6
00,09,1 01,08,1 01,09,0 01,09,1 02,09,0 02,09,1 P6
00,10,0 00,10,1 00,11,0 00,11,1 01,10,0 01,11,0 f6
01,10,1 01,11,1 02,10,0 02,10,1 02,11,0 03,10,0 V6
03,08,1 03,09,0 03,09,1 04,08,0 04,08,1 05,08,0 g6
04,07,1 05,07,0 05,07,1 06,07,0 06,07,1 07,07,0 i6
04,06,1 05,05,1 05,06,0 06,04,1 06,05,0 07,04,0 I6
05,06,1 06,05,1 06,06,0 06,06,1 07,04,1 07,05,0 p6
07,05,1 07,06,0 07,06,1 08,04,0 08,04,1 08,05,0 s6
08,05,1 08,06,0 08,06,1 08,07,0 09,04,1 09,05,0 C6
08,07,1 09,06,0 09,06,1 09,07,0 09,07,1 10,07,0 h6
09,05,1 10,04,0 10,04,1 10,05,0 10,05,1 11,04,0 X6
10,06,0 10,06,1 11,04,1 11,05,0 11,05,1 11,06,0 G6

    ________
   /    \   \
  /   ___\   \
 /    \       \
/______\_______\
\          /   /
 \    ____/   /___
  \  /    \       \
   \/___   \_______\____    ________
       /    \           \  /\       \
      /______\___________\/  \    ___\
      \   \   \      /   /   /   /    \
       \   \   \    /   /   /___/___   \
       /    \   \   \   \   \      /   /
      /   ___\   \   \   \   \    /   /
      \  /    \   \  /   /\  /    \  /
    ___\/___   \___\/___/  \/______\/
   /   /    \      /
  /   /___   \____/
 /    \   \   \
/   ___\   \   \
\  /    \   \  /
 \/      \   \/
  \      /   /
   \____/___/

solution 5 (956,714 searches):
05,00,1 05,01,0 05,01,1 06,00,0 06,00,1 06,01,0 O6
04,01,1 04,02,0 04,02,1 04,03,0 04,03,1 05,02,0 E6
05,02,1 06,01,1 06,02,0 07,00,0 07,00,1 07,01,0 j6
05,03,0 05,03,1 06,02,1 06,03,0 07,01,1 07,02,0 J6
03,06,1 04,04,1 04,05,0 04,05,1 04,06,0 05,05,0 H6
05,04,0 05,04,1 06,03,1 06,04,0 07,03,0 07,03,1 S6
02,08,0 02,08,1 03,07,0 03,07,1 03,08,0 04,07,0 F6
00,09,1 01,08,1 01,09,0 01,09,1 02,09,0 02,09,1 P6
00,10,0 00,10,1 00,11,0 00,11,1 01,10,0 01,11,0 f6
01,10,1 01,11,1 02,10,0 02,10,1 02,11,0 03,10,0 V6
03,08,1 03,09,0 03,09,1 04,08,0 04,08,1 05,08,0 g6
04,07,1 05,07,0 05,07,1 06,07,0 06,07,1 07,07,0 i6
04,06,1 05,05,1 05,06,0 06,04,1 06,05,0 07,04,0 I6
05,06,1 06,05,1 06,06,0 06,06,1 07,04,1 07,05,0 p6
07,05,1 07,06,0 07,06,1 08,04,0 08,04,1 08,05,0 s6
08,05,1 09,04,1 09,05,0 10,04,0 10,04,1 11,04,0 C6
08,06,0 08,06,1 08,07,0 08,07,1 09,05,1 09,06,0 h6
09,06,1 09,07,0 09,07,1 10,06,1 10,07,0 11,06,0 G6
10,05,0 10,05,1 10,06,0 11,04,1 11,05,0 11,05,1 X6

    ________
   /    \   \
  /   ___\   \
 /    \       \
/______\_______\
\          /   /
 \    ____/   /___
  \  /    \       \
   \/___   \_______\____    ________
       /    \           \  /   /    \
      /______\___________\/   /      \
      \   \   \      /   /    \  /\   \
       \   \   \    /   /___   \/  \___\
       /    \   \   \   \   \  /       /
      /   ___\   \   \   \   \/___    /
      \  /    \   \  /   /\       \  /
    ___\/___   \___\/___/  \_______\/
   /   /    \      /
  /   /___   \____/
 /    \   \   \
/   ___\   \   \
\  /    \   \  /
 \/      \   \/
  \      /   /
   \____/___/

solution 6 (956,720 searches):
05,00,1 05,01,0 05,01,1 06,00,0 06,00,1 06,01,0 O6
04,01,1 04,02,0 04,02,1 04,03,0 04,03,1 05,02,0 E6
05,02,1 06,01,1 06,02,0 07,00,0 07,00,1 07,01,0 j6
05,03,0 05,03,1 06,02,1 06,03,0 07,01,1 07,02,0 J6
03,06,1 04,04,1 04,05,0 04,05,1 04,06,0 05,05,0 H6
05,04,0 05,04,1 06,03,1 06,04,0 07,03,0 07,03,1 S6
02,08,0 02,08,1 03,07,0 03,07,1 03,08,0 04,07,0 F6
00,09,1 01,08,1 01,09,0 01,09,1 02,09,0 02,09,1 P6
00,10,0 00,10,1 00,11,0 00,11,1 01,10,0 01,11,0 f6
01,10,1 01,11,1 02,10,0 02,10,1 02,11,0 03,10,0 V6
03,08,1 03,09,0 03,09,1 04,08,0 04,08,1 05,08,0 g6
04,07,1 05,07,0 05,07,1 06,07,0 06,07,1 07,07,0 i6
04,06,1 05,05,1 05,06,0 06,04,1 06,05,0 07,04,0 I6
05,06,1 06,05,1 06,06,0 06,06,1 07,04,1 07,05,0 p6
07,05,1 07,06,0 07,06,1 08,04,0 08,04,1 08,05,0 s6
08,05,1 08,06,0 08,06,1 08,07,0 09,05,0 09,05,1 G6
09,04,1 10,04,0 10,04,1 10,05,0 10,05,1 11,04,0 h6
08,07,1 09,06,0 09,06,1 09,07,0 09,07,1 10,06,0 X6
10,06,1 10,07,0 11,04,1 11,05,0 11,05,1 11,06,0 C6

    ________
   /    \   \
  /   ___\   \
 /    \       \
/______\_______\
\          /   /
 \    ____/   /___
  \  /    \       \
   \/___   \_______\____    ________
       /    \           \  /\      /\
      /______\___________\/  \    /  \
      \   \   \      /   /   /    \   \
       \   \   \    /   /   /______\   \
       /    \   \   \   \      /   /   /
      /   ___\   \   \   \____/   /   /
      \  /    \   \  /   /\       \  /
    ___\/___   \___\/___/  \_______\/
   /   /    \      /
  /   /___   \____/
 /    \   \   \
/   ___\   \   \
\  /    \   \  /
 \/      \   \/
  \      /   /
   \____/___/

solution 7 (956,726 searches):
05,00,1 05,01,0 05,01,1 06,00,0 06,00,1 06,01,0 O6
04,01,1 04,02,0 04,02,1 04,03,0 04,03,1 05,02,0 E6
05,02,1 06,01,1 06,02,0 07,00,0 07,00,1 07,01,0 j6
05,03,0 05,03,1 06,02,1 06,03,0 07,01,1 07,02,0 J6
03,06,1 04,04,1 04,05,0 04,05,1 04,06,0 05,05,0 H6
05,04,0 05,04,1 06,03,1 06,04,0 07,03,0 07,03,1 S6
02,08,0 02,08,1 03,07,0 03,07,1 03,08,0 04,07,0 F6
00,09,1 01,08,1 01,09,0 01,09,1 02,09,0 02,09,1 P6
00,10,0 00,10,1 00,11,0 00,11,1 01,10,0 01,11,0 f6
01,10,1 01,11,1 02,10,0 02,10,1 02,11,0 03,10,0 V6
03,08,1 03,09,0 03,09,1 04,08,0 04,08,1 05,08,0 g6
04,07,1 05,07,0 05,07,1 06,07,0 06,07,1 07,07,0 i6
04,06,1 05,05,1 05,06,0 06,04,1 06,05,0 07,04,0 I6
05,06,1 06,05,1 06,06,0 06,06,1 07,04,1 07,05,0 p6
07,05,1 07,06,0 07,06,1 08,04,0 08,04,1 08,05,0 s6
08,05,1 09,04,1 09,05,0 10,04,0 10,04,1 10,05,0 G6
10,05,1 10,06,0 11,04,0 11,04,1 11,05,0 11,05,1 h6
08,06,0 08,06,1 08,07,0 09,05,1 09,06,0 09,06,1 X6
08,07,1 09,07,0 09,07,1 10,06,1 10,07,0 11,06,0 C6

    ________
   /    \   \
  /   ___\   \
 /    \       \
/______\_______\
\          /   /
 \    ____/   /___
  \  /    \       \
   \/___   \_______\____    ________
       /    \           \  /\       \
      /______\___________\/  \____   \
      \   \   \      /   /       /\   \
       \   \   \    /   /___    /  \___\
       /    \   \   \   \   \  /\      /
      /   ___\   \   \   \   \/  \    /
      \  /    \   \  /   /\      /   /
    ___\/___   \___\/___/  \____/___/
   /   /    \      /
  /   /___   \____/
 /    \   \   \
/   ___\   \   \
\  /    \   \  /
 \/      \   \/
  \      /   /
   \____/___/

solution 8 (956,730 searches):
05,00,1 05,01,0 05,01,1 06,00,0 06,00,1 06,01,0 O6
04,01,1 04,02,0 04,02,1 04,03,0 04,03,1 05,02,0 E6
05,02,1 06,01,1 06,02,0 07,00,0 07,00,1 07,01,0 j6
05,03,0 05,03,1 06,02,1 06,03,0 07,01,1 07,02,0 J6
03,06,1 04,04,1 04,05,0 04,05,1 04,06,0 05,05,0 H6
05,04,0 05,04,1 06,03,1 06,04,0 07,03,0 07,03,1 S6
02,08,0 02,08,1 03,07,0 03,07,1 03,08,0 04,07,0 F6
00,09,1 01,08,1 01,09,0 01,09,1 02,09,0 02,09,1 P6
00,10,0 00,10,1 00,11,0 00,11,1 01,10,0 01,11,0 f6
01,10,1 01,11,1 02,10,0 02,10,1 02,11,0 03,10,0 V6
03,08,1 03,09,0 03,09,1 04,08,0 04,08,1 05,08,0 g6
04,07,1 05,07,0 05,07,1 06,07,0 06,07,1 07,07,0 i6
04,06,1 05,05,1 05,06,0 06,04,1 06,05,0 07,04,0 I6
05,06,1 06,05,1 06,06,0 06,06,1 07,04,1 07,05,0 p6
07,05,1 07,06,0 07,06,1 08,04,0 08,04,1 08,05,0 s6
08,05,1 09,04,1 09,05,0 09,05,1 09,06,0 10,05,0 X6
08,06,0 08,06,1 08,07,0 08,07,1 09,07,0 09,07,1 C6
10,04,0 10,04,1 10,05,1 11,04,0 11,04,1 11,05,0 G6
09,06,1 10,06,0 10,06,1 10,07,0 11,05,1 11,06,0 h6

    ________
   /    \   \
  /   ___\   \
 /    \       \
/______\_______\
\          /   /
 \    ____/   /___
  \  /    \       \
   \/___   \_______\____    ________
       /    \           \  /       /\
      /______\___________\/   ____/  \
      \   \   \      /   /   /\       \
       \   \   \    /   /___/  \____   \
       /    \   \   \   \       \   \  /
      /   ___\   \   \   \    ___\   \/
      \  /    \   \  /   /\  /       /
    ___\/___   \___\/___/  \/_______/
   /   /    \      /
  /   /___   \____/
 /    \   \   \
/   ___\   \   \
\  /    \   \  /
 \/      \   \/
  \      /   /
   \____/___/

solution 9 (956,735 searches):
05,00,1 05,01,0 05,01,1 06,00,0 06,00,1 06,01,0 O6
04,01,1 04,02,0 04,02,1 04,03,0 04,03,1 05,02,0 E6
05,02,1 06,01,1 06,02,0 07,00,0 07,00,1 07,01,0 j6
05,03,0 05,03,1 06,02,1 06,03,0 07,01,1 07,02,0 J6
03,06,1 04,04,1 04,05,0 04,05,1 04,06,0 05,05,0 H6
05,04,0 05,04,1 06,03,1 06,04,0 07,03,0 07,03,1 S6
02,08,0 02,08,1 03,07,0 03,07,1 03,08,0 04,07,0 F6
00,09,1 01,08,1 01,09,0 01,09,1 02,09,0 02,09,1 P6
00,10,0 00,10,1 00,11,0 00,11,1 01,10,0 01,11,0 f6
01,10,1 01,11,1 02,10,0 02,10,1 02,11,0 03,10,0 V6
03,08,1 03,09,0 03,09,1 04,08,0 04,08,1 05,08,0 g6
04,07,1 05,07,0 05,07,1 06,07,0 06,07,1 07,07,0 i6
04,06,1 05,05,1 05,06,0 06,04,1 06,05,0 07,04,0 I6
05,06,1 06,05,1 06,06,0 06,06,1 07,04,1 07,05,0 p6
07,05,1 07,06,0 07,06,1 08,04,0 08,04,1 08,05,0 s6
08,05,1 08,06,0 09,04,1 09,05,0 09,05,1 10,05,0 h6
08,06,1 08,07,0 08,07,1 09,06,0 09,07,0 09,07,1 G6
09,06,1 10,05,1 10,06,0 10,06,1 10,07,0 11,06,0 X6
10,04,0 10,04,1 11,04,0 11,04,1 11,05,0 11,05,1 C6

    ________
   /    \   \
  /   ___\   \
 /    \       \
/______\_______\
\          /   /
 \    ____/   /___
  \  /    \       \
   \/___   \_______\____    ________
       /    \           \  /       /\
      /______\___________\/   ____/  \
      \   \   \      /   /\   \       \
       \   \   \    /   /  \___\    ___\
       /    \   \   \   \       \  /   /
      /   ___\   \   \   \    ___\/   /
      \  /    \   \  /   /\  /       /
    ___\/___   \___\/___/  \/_______/
   /   /    \      /
  /   /___   \____/
 /    \   \   \
/   ___\   \   \
\  /    \   \  /
 \/      \   \/
  \      /   /
   \____/___/

solution 10 (957,313 searches):
05,00,1 05,01,0 05,01,1 06,00,0 06,00,1 06,01,0 O6
04,01,1 04,02,0 04,02,1 04,03,0 04,03,1 05,02,0 E6
05,02,1 06,01,1 06,02,0 07,00,0 07,00,1 07,01,0 j6
05,03,0 05,03,1 06,02,1 06,03,0 07,01,1 07,02,0 J6
03,06,1 04,04,1 04,05,0 04,05,1 04,06,0 05,05,0 H6
05,04,0 05,04,1 06,03,1 06,04,0 07,03,0 07,03,1 S6
02,08,0 02,08,1 03,07,0 03,07,1 03,08,0 04,07,0 F6
00,09,1 00,10,0 01,08,1 01,09,0 01,09,1 02,09,0 h6
00,10,1 00,11,0 00,11,1 01,10,0 01,11,0 01,11,1 G6
01,10,1 02,09,1 02,10,0 02,10,1 02,11,0 03,10,0 X6
03,08,1 03,09,0 03,09,1 04,08,0 04,08,1 05,08,0 g6
04,07,1 05,07,0 05,07,1 06,07,0 06,07,1 07,07,0 i6
04,06,1 05,05,1 05,06,0 06,04,1 06,05,0 07,04,0 I6
05,06,1 06,05,1 06,06,0 06,06,1 07,04,1 07,05,0 p6
07,05,1 07,06,0 07,06,1 08,04,0 08,04,1 08,05,0 s6
08,05,1 08,06,0 08,06,1 08,07,0 09,04,1 09,05,0 C6
10,04,0 10,04,1 10,05,0 10,05,1 11,04,0 11,04,1 V6
08,07,1 09,05,1 09,06,0 09,06,1 09,07,0 09,07,1 P6
10,06,0 10,06,1 10,07,0 11,05,0 11,05,1 11,06,0 f6

    ________
   /       /\
  /   ____/  \
 /\   \       \
/  \___\    ___\
\       \  /   /
 \    ___\/   /___
  \  /    \       \
   \/___   \_______\____    ________
       /    \           \  /\      /\
      /______\___________\/  \    /  \
      \   \   \      /   /   /   /    \
       \   \   \    /   /   /   /___   \
       /    \   \   \   \   \  /   /   /
      /   ___\   \   \   \   \/   /___/
      \  /    \   \  /   /\  /       /
    ___\/___   \___\/___/  \/_______/
   /   /    \      /
  /   /___   \____/
 /    \   \   \
/   ___\   \   \
\  /    \   \  /
 \/      \   \/
  \      /   /
   \____/___/

User-requested solution limit reached.
10 solutions, 957,313 searches, duration 0:00:06.637543
