solving Pentacubes18x3x3OpenBox:

solution 1 (30,320 searches):
0,00,1 0,01,0 0,01,1 0,01,2 0,02,1 X5
0,00,0 1,00,0 1,01,0 1,02,0 2,01,0 F5
0,00,2 1,00,1 1,00,2 2,00,2 2,01,2 J25
2,00,0 2,00,1 2,01,1 2,02,1 2,03,1 L5
1,01,2 1,02,2 1,03,2 1,04,2 1,05,2 I5
2,02,2 2,03,2 2,04,1 2,04,2 2,05,1 N5
0,02,2 0,03,1 0,03,2 0,04,1 0,04,2 P5
0,02,0 0,03,0 1,03,0 2,02,0 2,03,0 U5
1,04,0 2,04,0 2,05,0 2,06,0 2,06,1 J15
0,06,1 0,06,2 1,06,2 2,05,2 2,06,2 L15
0,04,0 0,05,0 0,05,1 0,05,2 1,05,0 L35
0,06,0 0,07,0 0,07,1 0,07,2 1,06,0 J45
1,07,2 1,08,2 2,07,1 2,07,2 2,08,1 A5
0,08,0 0,08,1 1,07,0 1,08,0 2,07,0 N15
0,08,2 0,09,1 0,09,2 0,10,2 1,10,2 L25
1,09,2 2,08,2 2,09,1 2,09,2 2,10,1 S25
0,09,0 0,10,0 1,09,0 2,08,0 2,09,0 Z5
1,11,2 2,10,2 2,11,1 2,11,2 2,12,2 T15
0,11,0 0,12,0 1,10,0 1,11,0 2,10,0 W5
0,10,1 0,11,1 0,11,2 0,12,2 1,12,2 S15
1,12,0 2,11,0 2,12,0 2,12,1 2,13,1 N25
0,12,1 0,13,0 0,13,1 1,13,0 1,14,0 V15
2,13,0 2,14,0 2,14,1 2,14,2 2,15,0 T5
0,13,2 0,14,1 0,14,2 1,13,2 2,13,2 L45
1,16,0 1,17,0 2,15,1 2,16,0 2,16,1 V25
0,14,0 0,15,0 0,16,0 0,17,0 1,15,0 Y5
0,15,1 0,15,2 1,14,2 1,15,2 1,16,2 T25
0,16,1 0,16,2 0,17,1 0,17,2 1,17,2 Q5
2,15,2 2,16,2 2,17,0 2,17,1 2,17,2 V5

Y5  V25 V5      Q5      V5      Q5  Q5  V5
Y5  V25 V25     Q5      V25     Q5  T25 V5
Y5  Y5  T5      T25     V25     T25 T25 V5
Y5  V15 T5      L45     T5      L45 T25 T5
V15 V15 T5      V15     N25     L45 L45 L45
W5  N25 N25     V15     N25     S15 S15 T15
W5  W5  N25     S15     T15     S15 T15 T15
Z5  W5  W5      S15     S25     L25 L25 T15
Z5  Z5  Z5      L25     S25     L25 S25 S25
N15 N15 Z5      N15     A5      L25 A5  S25
J45 N15 N15     J45     A5      J45 A5  A5
J45 J45 J15     L15     J15     L15 L15 L15
L35 L35 J15     L35     N5      L35 I5  L15
L35 J15 J15     P5      N5      P5  I5  N5
U5  U5  U5      P5      L5      P5  I5  N5
U5  F5  U5      X5      L5      P5  I5  N5
X5  F5  F5      X5      L5      X5  I5  J25
F5  F5  L5      X5  J25 L5      J25 J25 J25

solution 2 (46,299 searches):
0,00,1 0,01,0 0,01,1 0,01,2 0,02,1 X5
0,00,0 1,00,0 1,01,0 1,02,0 2,01,0 F5
0,00,2 1,00,1 1,00,2 2,00,2 2,01,2 J25
2,00,0 2,00,1 2,01,1 2,02,1 2,03,1 L5
1,01,2 1,02,2 1,03,2 1,04,2 1,05,2 I5
2,02,2 2,03,2 2,04,1 2,04,2 2,05,1 N5
0,02,2 0,03,1 0,03,2 0,04,1 0,04,2 P5
0,02,0 0,03,0 1,03,0 2,02,0 2,03,0 U5
1,04,0 2,04,0 2,05,0 2,06,0 2,06,1 J15
0,06,1 0,06,2 1,06,2 2,05,2 2,06,2 L15
0,04,0 0,05,0 0,05,1 0,05,2 1,05,0 L35
0,06,0 0,07,0 0,07,1 0,07,2 1,06,0 J45
1,07,2 1,08,2 2,07,1 2,07,2 2,08,1 A5
0,08,0 0,08,1 1,07,0 1,08,0 2,07,0 N15
0,08,2 0,09,1 0,09,2 0,10,2 1,10,2 L25
1,09,2 2,08,2 2,09,1 2,09,2 2,10,2 T15
0,09,0 1,09,0 2,08,0 2,09,0 2,10,0 T5
1,11,2 2,10,1 2,11,1 2,11,2 2,12,1 T25
0,10,1 0,11,1 0,11,2 0,12,2 1,12,2 S15
0,10,0 1,10,0 1,11,0 2,11,0 2,12,0 W5
0,11,0 0,12,0 0,12,1 1,12,0 1,13,0 N25
2,12,2 2,13,0 2,13,1 2,13,2 2,14,0 Z5
0,14,1 0,14,2 0,15,1 1,13,2 1,14,2 V15
0,13,0 0,13,1 0,13,2 0,14,0 1,14,0 L45
1,15,0 1,16,0 2,14,1 2,15,0 2,15,1 V25
0,15,0 0,16,0 0,17,0 0,17,1 0,17,2 V5
1,17,0 2,16,0 2,16,1 2,17,0 2,17,1 Q5
0,15,2 0,16,1 0,16,2 1,16,2 1,17,2 S25
1,15,2 2,14,2 2,15,2 2,16,2 2,17,2 Y5

V5  Q5  Q5      V5      Q5      V5  S25 Y5
V5  V25 Q5      S25     Q5      S25 S25 Y5
V5  V25 V25     V15     V25     S25 Y5  Y5
L45 L45 Z5      V15     V25     V15 V15 Y5
L45 N25 Z5      L45     Z5      L45 V15 Z5
N25 N25 W5      N25     T25     S15 S15 Z5
N25 W5  W5      S15     T25     S15 T25 T25
W5  W5  T5      S15     T25     L25 L25 T15
T5  T5  T5      L25     T15     L25 T15 T15
N15 N15 T5      N15     A5      L25 A5  T15
J45 N15 N15     J45     A5      J45 A5  A5
J45 J45 J15     L15     J15     L15 L15 L15
L35 L35 J15     L35     N5      L35 I5  L15
L35 J15 J15     P5      N5      P5  I5  N5
U5  U5  U5      P5      L5      P5  I5  N5
U5  F5  U5      X5      L5      P5  I5  N5
X5  F5  F5      X5      L5      X5  I5  J25
F5  F5  L5      X5  J25 L5      J25 J25 J25

solution 3 (50,595 searches):
0,00,1 0,01,0 0,01,1 0,01,2 0,02,1 X5
0,00,0 1,00,0 1,01,0 1,02,0 2,01,0 F5
0,00,2 1,00,1 1,00,2 2,00,2 2,01,2 J25
2,00,0 2,00,1 2,01,1 2,02,1 2,03,1 L5
1,01,2 1,02,2 1,03,2 1,04,2 1,05,2 I5
2,02,2 2,03,2 2,04,1 2,04,2 2,05,1 N5
0,02,2 0,03,1 0,03,2 0,04,1 0,04,2 P5
0,02,0 0,03,0 1,03,0 2,02,0 2,03,0 U5
1,04,0 2,04,0 2,05,0 2,06,0 2,06,1 J15
0,06,1 0,06,2 1,06,2 2,05,2 2,06,2 L15
0,04,0 0,05,0 0,05,1 0,05,2 1,05,0 L35
0,06,0 0,07,0 0,07,1 0,07,2 1,06,0 J45
1,07,2 1,08,2 2,07,1 2,07,2 2,08,1 A5
0,08,0 0,08,1 1,07,0 1,08,0 2,07,0 N15
0,08,2 0,09,1 0,09,2 0,10,2 1,10,2 L25
1,09,2 2,08,2 2,09,1 2,09,2 2,10,2 T15
0,09,0 1,09,0 2,08,0 2,09,0 2,10,0 T5
1,11,2 1,12,2 2,10,1 2,11,1 2,11,2 V15
0,10,0 0,10,1 0,11,1 0,11,2 0,12,2 W5
0,11,0 0,12,0 0,12,1 1,10,0 1,11,0 S15
1,12,0 1,13,0 2,11,0 2,12,0 2,12,1 S25
2,12,2 2,13,0 2,13,1 2,13,2 2,14,0 Z5
0,15,1 0,16,1 0,16,2 1,16,2 1,17,2 V25
0,15,0 0,16,0 0,17,0 0,17,1 0,17,2 V5
0,13,0 0,13,1 0,13,2 0,14,0 1,14,0 L45
0,14,1 0,14,2 0,15,2 1,13,2 1,14,2 N25
1,15,2 2,14,2 2,15,2 2,16,2 2,17,2 Y5
1,15,0 2,14,1 2,15,0 2,15,1 2,16,1 T25
1,16,0 1,17,0 2,16,0 2,17,0 2,17,1 Q5

V5  Q5  Q5      V5      Q5      V5  V25 Y5
V5  Q5  Q5      V25     T25     V25 V25 Y5
V5  T25 T25     V25     T25     N25 Y5  Y5
L45 L45 Z5      N25     T25     N25 N25 Y5
L45 S25 Z5      L45     Z5      L45 N25 Z5
S15 S25 S25     S15     S25     W5  V15 Z5
S15 S15 S25     W5      V15     W5  V15 V15
W5  S15 T5      W5      V15     L25 L25 T15
T5  T5  T5      L25     T15     L25 T15 T15
N15 N15 T5      N15     A5      L25 A5  T15
J45 N15 N15     J45     A5      J45 A5  A5
J45 J45 J15     L15     J15     L15 L15 L15
L35 L35 J15     L35     N5      L35 I5  L15
L35 J15 J15     P5      N5      P5  I5  N5
U5  U5  U5      P5      L5      P5  I5  N5
U5  F5  U5      X5      L5      P5  I5  N5
X5  F5  F5      X5      L5      X5  I5  J25
F5  F5  L5      X5  J25 L5      J25 J25 J25

solution 4 (50,617 searches):
0,00,1 0,01,0 0,01,1 0,01,2 0,02,1 X5
0,00,0 1,00,0 1,01,0 1,02,0 2,01,0 F5
0,00,2 1,00,1 1,00,2 2,00,2 2,01,2 J25
2,00,0 2,00,1 2,01,1 2,02,1 2,03,1 L5
1,01,2 1,02,2 1,03,2 1,04,2 1,05,2 I5
2,02,2 2,03,2 2,04,1 2,04,2 2,05,1 N5
0,02,2 0,03,1 0,03,2 0,04,1 0,04,2 P5
0,02,0 0,03,0 1,03,0 2,02,0 2,03,0 U5
1,04,0 2,04,0 2,05,0 2,06,0 2,06,1 J15
0,06,1 0,06,2 1,06,2 2,05,2 2,06,2 L15
0,04,0 0,05,0 0,05,1 0,05,2 1,05,0 L35
0,06,0 0,07,0 0,07,1 0,07,2 1,06,0 J45
1,07,2 1,08,2 2,07,1 2,07,2 2,08,1 A5
0,08,0 0,08,1 1,07,0 1,08,0 2,07,0 N15
0,08,2 0,09,1 0,09,2 0,10,2 1,10,2 L25
1,09,2 2,08,2 2,09,1 2,09,2 2,10,2 T15
0,09,0 1,09,0 2,08,0 2,09,0 2,10,0 T5
1,11,2 1,12,2 2,10,1 2,11,1 2,11,2 V15
0,10,0 0,10,1 0,11,1 0,11,2 0,12,2 W5
0,11,0 0,12,0 0,12,1 1,10,0 1,11,0 S15
1,12,0 1,13,0 2,11,0 2,12,0 2,12,1 S25
2,12,2 2,13,0 2,13,1 2,13,2 2,14,0 Z5
1,13,2 1,14,2 2,14,1 2,14,2 2,15,1 V25
0,13,0 0,13,1 0,13,2 0,14,0 1,14,0 L45
2,15,0 2,16,0 2,17,0 2,17,1 2,17,2 V5
1,16,2 1,17,2 2,15,2 2,16,1 2,16,2 N25
0,14,2 0,15,2 0,16,2 0,17,2 1,15,2 Y5
0,14,1 0,15,0 0,15,1 0,16,1 1,15,0 T25
0,16,0 0,17,0 0,17,1 1,16,0 1,17,0 Q5

Q5  Q5  V5      Q5      V5      Y5  N25 V5
Q5  Q5  V5      T25     N25     Y5  N25 N25
T25 T25 V5      T25     V25     Y5  Y5  N25
L45 L45 Z5      T25     V25     Y5  V25 V25
L45 S25 Z5      L45     Z5      L45 V25 Z5
S15 S25 S25     S15     S25     W5  V15 Z5
S15 S15 S25     W5      V15     W5  V15 V15
W5  S15 T5      W5      V15     L25 L25 T15
T5  T5  T5      L25     T15     L25 T15 T15
N15 N15 T5      N15     A5      L25 A5  T15
J45 N15 N15     J45     A5      J45 A5  A5
J45 J45 J15     L15     J15     L15 L15 L15
L35 L35 J15     L35     N5      L35 I5  L15
L35 J15 J15     P5      N5      P5  I5  N5
U5  U5  U5      P5      L5      P5  I5  N5
U5  F5  U5      X5      L5      P5  I5  N5
X5  F5  F5      X5      L5      X5  I5  J25
F5  F5  L5      X5  J25 L5      J25 J25 J25

solution 5 (74,672 searches):
0,00,1 0,01,0 0,01,1 0,01,2 0,02,1 X5
0,00,0 1,00,0 1,01,0 1,02,0 2,01,0 F5
0,00,2 1,00,1 1,00,2 2,00,2 2,01,2 J25
2,00,0 2,00,1 2,01,1 2,02,1 2,03,1 L5
1,01,2 1,02,2 1,03,2 1,04,2 1,05,2 I5
2,02,2 2,03,2 2,04,1 2,04,2 2,05,1 N5
0,02,2 0,03,1 0,03,2 0,04,1 0,04,2 P5
0,02,0 0,03,0 1,03,0 2,02,0 2,03,0 U5
1,04,0 2,04,0 2,05,0 2,06,0 2,06,1 J15
0,06,1 0,06,2 1,06,2 2,05,2 2,06,2 L15
0,04,0 0,05,0 0,05,1 0,05,2 1,05,0 L35
0,06,0 0,07,0 0,07,1 0,07,2 1,06,0 J45
1,07,2 1,08,2 2,07,1 2,07,2 2,08,1 A5
0,08,0 0,08,1 1,07,0 1,08,0 2,07,0 N15
0,08,2 0,09,1 0,09,2 0,10,2 1,10,2 L25
1,09,2 2,08,2 2,09,1 2,09,2 2,10,2 T15
0,09,0 0,10,0 1,09,0 2,08,0 2,09,0 Z5
0,10,1 0,11,1 0,11,2 0,12,2 1,12,2 S15
1,11,2 2,10,1 2,11,1 2,11,2 2,12,2 N25
0,11,0 0,12,0 1,10,0 1,11,0 2,10,0 W5
1,12,0 1,13,0 2,11,0 2,12,0 2,12,1 S25
0,12,1 0,13,1 0,13,2 0,14,1 1,13,2 T25
0,13,0 0,14,0 0,15,0 1,14,0 2,14,0 T5
1,14,2 2,13,0 2,13,1 2,13,2 2,14,2 L45
1,15,2 1,16,2 2,14,1 2,15,1 2,15,2 V15
0,16,0 0,16,1 0,17,1 1,15,0 1,16,0 V25
0,14,2 0,15,1 0,15,2 0,16,2 0,17,2 Y5
1,17,2 2,16,1 2,16,2 2,17,1 2,17,2 Q5
0,17,0 1,17,0 2,15,0 2,16,0 2,17,0 V5

V5  V5  V5      V25     Q5      Y5  Q5  Q5
V25 V25 V5      V25     Q5      Y5  V15 Q5
T5  V25 V5      Y5      V15     Y5  V15 V15
T5  T5  T5      T25     V15     Y5  L45 L45
T5  S25 L45     T25     L45     T25 T25 L45
W5  S25 S25     T25     S25     S15 S15 N25
W5  W5  S25     S15     N25     S15 N25 N25
Z5  W5  W5      S15     N25     L25 L25 T15
Z5  Z5  Z5      L25     T15     L25 T15 T15
N15 N15 Z5      N15     A5      L25 A5  T15
J45 N15 N15     J45     A5      J45 A5  A5
J45 J45 J15     L15     J15     L15 L15 L15
L35 L35 J15     L35     N5      L35 I5  L15
L35 J15 J15     P5      N5      P5  I5  N5
U5  U5  U5      P5      L5      P5  I5  N5
U5  F5  U5      X5      L5      P5  I5  N5
X5  F5  F5      X5      L5      X5  I5  J25
F5  F5  L5      X5  J25 L5      J25 J25 J25

solution 6 (82,612 searches):
0,00,1 0,01,0 0,01,1 0,01,2 0,02,1 X5
0,00,0 1,00,0 1,01,0 1,02,0 2,01,0 F5
0,00,2 1,00,1 1,00,2 2,00,2 2,01,2 J25
2,00,0 2,00,1 2,01,1 2,02,1 2,03,1 L5
1,01,2 1,02,2 1,03,2 1,04,2 1,05,2 I5
2,02,2 2,03,2 2,04,1 2,04,2 2,05,1 N5
0,02,2 0,03,1 0,03,2 0,04,1 0,04,2 P5
0,02,0 0,03,0 1,03,0 2,02,0 2,03,0 U5
1,04,0 2,04,0 2,05,0 2,06,0 2,06,1 J15
0,06,1 0,06,2 1,06,2 2,05,2 2,06,2 L15
0,04,0 0,05,0 0,05,1 0,05,2 1,05,0 L35
0,06,0 0,07,0 0,07,1 0,07,2 1,06,0 J45
1,07,2 1,08,2 2,07,1 2,07,2 2,08,1 A5
0,08,0 0,08,1 1,07,0 1,08,0 2,07,0 N15
0,08,2 0,09,1 0,09,2 0,10,2 1,10,2 L25
1,09,2 2,08,2 2,09,1 2,09,2 2,10,2 T15
0,09,0 0,10,0 1,09,0 2,08,0 2,09,0 Z5
0,10,1 0,11,1 0,11,2 0,12,1 1,11,2 T25
0,11,0 0,12,0 1,10,0 1,11,0 2,10,0 W5
1,12,0 2,10,1 2,11,0 2,11,1 2,12,0 S15
1,12,2 1,13,2 2,11,2 2,12,1 2,12,2 N25
0,12,2 0,13,0 0,13,1 0,13,2 0,14,2 T5
1,13,0 1,14,0 2,14,0 2,14,1 2,15,1 V15
1,14,2 2,13,0 2,13,1 2,13,2 2,14,2 L45
0,14,1 0,15,1 0,15,2 1,15,2 1,16,2 V25
2,15,2 2,16,2 2,17,0 2,17,1 2,17,2 V5
0,16,1 0,16,2 0,17,1 0,17,2 1,17,2 Q5
1,16,0 1,17,0 2,15,0 2,16,0 2,16,1 S25
0,14,0 0,15,0 0,16,0 0,17,0 1,15,0 Y5

Y5  S25 V5      Q5      V5      Q5  Q5  V5
Y5  S25 S25     Q5      S25     Q5  V25 V5
Y5  Y5  S25     V25     V15     V25 V25 V5
Y5  V15 V15     V25     V15     T5  L45 L45
T5  V15 L45     T5      L45     T5  N25 L45
W5  S15 S15     T25     N25     T5  N25 N25
W5  W5  S15     T25     S15     T25 T25 N25
Z5  W5  W5      T25     S15     L25 L25 T15
Z5  Z5  Z5      L25     T15     L25 T15 T15
N15 N15 Z5      N15     A5      L25 A5  T15
J45 N15 N15     J45     A5      J45 A5  A5
J45 J45 J15     L15     J15     L15 L15 L15
L35 L35 J15     L35     N5      L35 I5  L15
L35 J15 J15     P5      N5      P5  I5  N5
U5  U5  U5      P5      L5      P5  I5  N5
U5  F5  U5      X5      L5      P5  I5  N5
X5  F5  F5      X5      L5      X5  I5  J25
F5  F5  L5      X5  J25 L5      J25 J25 J25

solution 7 (83,113 searches):
0,00,1 0,01,0 0,01,1 0,01,2 0,02,1 X5
0,00,0 1,00,0 1,01,0 1,02,0 2,01,0 F5
0,00,2 1,00,1 1,00,2 2,00,2 2,01,2 J25
2,00,0 2,00,1 2,01,1 2,02,1 2,03,1 L5
1,01,2 1,02,2 1,03,2 1,04,2 1,05,2 I5
2,02,2 2,03,2 2,04,1 2,04,2 2,05,1 N5
0,02,2 0,03,1 0,03,2 0,04,1 0,04,2 P5
0,02,0 0,03,0 1,03,0 2,02,0 2,03,0 U5
1,04,0 2,04,0 2,05,0 2,06,0 2,06,1 J15
0,06,1 0,06,2 1,06,2 2,05,2 2,06,2 L15
0,04,0 0,05,0 0,05,1 0,05,2 1,05,0 L35
0,06,0 0,07,0 0,07,1 0,07,2 1,06,0 J45
1,07,2 1,08,2 2,07,1 2,07,2 2,08,1 A5
0,08,0 0,08,1 1,07,0 1,08,0 2,07,0 N15
0,08,2 0,09,1 0,09,2 0,10,2 1,10,2 L25
1,09,2 2,08,2 2,09,1 2,09,2 2,10,2 T15
0,09,0 0,10,0 1,09,0 2,08,0 2,09,0 Z5
0,10,1 0,11,1 0,11,2 0,12,1 1,11,2 T25
0,11,0 0,12,0 1,10,0 1,11,0 2,10,0 W5
1,12,0 2,10,1 2,11,0 2,11,1 2,12,0 S15
0,12,2 1,12,2 2,11,2 2,12,2 2,13,2 T5
1,13,0 2,12,1 2,13,0 2,13,1 2,14,0 S25
0,14,1 0,15,0 0,15,1 1,15,0 1,16,0 V15
0,13,0 0,13,1 0,13,2 0,14,0 1,14,0 L45
1,13,2 1,14,2 2,14,1 2,14,2 2,15,1 V25
2,15,0 2,16,0 2,17,0 2,17,1 2,17,2 V5
0,16,0 0,16,1 0,17,0 0,17,1 1,17,0 Q5
1,16,2 1,17,2 2,15,2 2,16,1 2,16,2 N25
0,14,2 0,15,2 0,16,2 0,17,2 1,15,2 Y5

Q5  Q5  V5      Q5      V5      Y5  N25 V5
Q5  V15 V5      Q5      N25     Y5  N25 N25
V15 V15 V5      V15     V25     Y5  Y5  N25
L45 L45 S25     V15     V25     Y5  V25 V25
L45 S25 S25     L45     S25     L45 V25 T5
W5  S15 S15     T25     S25     T5  T5  T5
W5  W5  S15     T25     S15     T25 T25 T5
Z5  W5  W5      T25     S15     L25 L25 T15
Z5  Z5  Z5      L25     T15     L25 T15 T15
N15 N15 Z5      N15     A5      L25 A5  T15
J45 N15 N15     J45     A5      J45 A5  A5
J45 J45 J15     L15     J15     L15 L15 L15
L35 L35 J15     L35     N5      L35 I5  L15
L35 J15 J15     P5      N5      P5  I5  N5
U5  U5  U5      P5      L5      P5  I5  N5
U5  F5  U5      X5      L5      P5  I5  N5
X5  F5  F5      X5      L5      X5  I5  J25
F5  F5  L5      X5  J25 L5      J25 J25 J25

solution 8 (97,267 searches):
0,00,1 0,01,0 0,01,1 0,01,2 0,02,1 X5
0,00,0 1,00,0 1,01,0 1,02,0 2,01,0 F5
0,00,2 1,00,1 1,00,2 2,00,2 2,01,2 J25
2,00,0 2,00,1 2,01,1 2,02,1 2,03,1 L5
1,01,2 1,02,2 1,03,2 1,04,2 1,05,2 I5
2,02,2 2,03,2 2,04,1 2,04,2 2,05,1 N5
0,02,2 0,03,1 0,03,2 0,04,1 0,04,2 P5
0,02,0 0,03,0 1,03,0 2,02,0 2,03,0 U5
1,04,0 2,04,0 2,05,0 2,06,0 2,06,1 J15
0,06,1 0,06,2 1,06,2 2,05,2 2,06,2 L15
0,04,0 0,05,0 0,05,1 0,05,2 1,05,0 L35
0,06,0 0,07,0 0,07,1 0,07,2 1,06,0 J45
1,07,2 1,08,2 2,07,1 2,07,2 2,08,1 A5
0,08,0 0,08,1 1,07,0 1,08,0 2,07,0 N15
0,08,2 0,09,1 0,09,2 0,10,2 1,10,2 L25
1,09,2 2,08,2 2,09,2 2,10,2 2,11,2 Y5
1,09,0 2,08,0 2,09,0 2,09,1 2,10,1 N25
0,09,0 0,10,0 0,10,1 0,11,0 1,10,0 T15
1,11,0 1,12,0 2,10,0 2,11,0 2,11,1 S25
0,11,1 0,11,2 0,12,1 0,12,2 1,11,2 Q5
0,12,0 0,13,0 0,13,1 0,13,2 0,14,2 Z5
1,12,2 1,13,2 2,13,1 2,13,2 2,14,1 V25
2,12,0 2,12,1 2,12,2 2,13,0 2,14,0 V5
0,14,0 0,14,1 1,13,0 1,14,0 1,15,0 T25
0,15,1 0,15,2 0,16,1 1,14,2 1,15,2 V15
0,15,0 0,16,0 1,16,0 1,17,0 2,17,0 W5
0,16,2 0,17,0 0,17,1 0,17,2 1,16,2 L45
1,17,2 2,16,0 2,16,1 2,17,1 2,17,2 S15
2,14,2 2,15,0 2,15,1 2,15,2 2,16,2 T5

L45 W5  W5      L45     S15     L45 S15 S15
W5  W5  S15     V15     S15     L45 L45 T5
W5  T25 T5      V15     T5      V15 V15 T5
T25 T25 V5      T25     V25     Z5  V15 T5
Z5  T25 V5      Z5      V25     Z5  V25 V25
Z5  S25 V5      Q5      V5      Q5  V25 V5
T15 S25 S25     Q5      S25     Q5  Q5  Y5
T15 T15 S25     T15     N25     L25 L25 Y5
T15 N25 N25     L25     N25     L25 Y5  Y5
N15 N15 N25     N15     A5      L25 A5  Y5
J45 N15 N15     J45     A5      J45 A5  A5
J45 J45 J15     L15     J15     L15 L15 L15
L35 L35 J15     L35     N5      L35 I5  L15
L35 J15 J15     P5      N5      P5  I5  N5
U5  U5  U5      P5      L5      P5  I5  N5
U5  F5  U5      X5      L5      P5  I5  N5
X5  F5  F5      X5      L5      X5  I5  J25
F5  F5  L5      X5  J25 L5      J25 J25 J25

solution 9 (98,094 searches):
0,00,1 0,01,0 0,01,1 0,01,2 0,02,1 X5
0,00,0 1,00,0 1,01,0 1,02,0 2,01,0 F5
0,00,2 1,00,1 1,00,2 2,00,2 2,01,2 J25
2,00,0 2,00,1 2,01,1 2,02,1 2,03,1 L5
1,01,2 1,02,2 1,03,2 1,04,2 1,05,2 I5
2,02,2 2,03,2 2,04,1 2,04,2 2,05,1 N5
0,02,2 0,03,1 0,03,2 0,04,1 0,04,2 P5
0,02,0 0,03,0 1,03,0 2,02,0 2,03,0 U5
1,04,0 2,04,0 2,05,0 2,06,0 2,06,1 J15
0,06,1 0,06,2 1,06,2 2,05,2 2,06,2 L15
0,04,0 0,05,0 0,05,1 0,05,2 1,05,0 L35
0,06,0 0,07,0 0,07,1 0,07,2 1,06,0 J45
1,07,2 1,08,2 2,07,1 2,07,2 2,08,1 A5
0,08,0 0,08,1 1,07,0 1,08,0 2,07,0 N15
0,08,2 0,09,1 0,09,2 0,10,2 1,10,2 L25
1,09,2 2,08,2 2,09,2 2,10,2 2,11,2 Y5
1,09,0 2,08,0 2,09,0 2,09,1 2,10,1 N25
0,09,0 0,10,0 0,10,1 0,11,0 1,10,0 T15
1,11,0 1,12,0 2,10,0 2,11,0 2,11,1 S25
0,11,1 0,11,2 0,12,0 0,12,1 1,11,2 S15
0,15,1 0,15,2 0,16,1 1,14,2 1,15,2 V15
1,12,2 1,13,2 2,13,1 2,13,2 2,14,1 V25
2,12,0 2,12,1 2,12,2 2,13,0 2,14,0 V5
0,12,2 0,13,0 0,13,1 0,13,2 0,14,2 T5
0,14,0 0,14,1 1,13,0 1,14,0 1,15,0 T25
0,15,0 0,16,0 1,16,0 1,17,0 2,17,0 W5
0,16,2 0,17,0 0,17,1 0,17,2 1,16,2 L45
1,17,2 2,16,1 2,16,2 2,17,1 2,17,2 Q5
2,14,2 2,15,0 2,15,1 2,15,2 2,16,0 Z5

L45 W5  W5      L45     Q5      L45 Q5  Q5
W5  W5  Z5      V15     Q5      L45 L45 Q5
W5  T25 Z5      V15     Z5      V15 V15 Z5
T25 T25 V5      T25     V25     T5  V15 Z5
T5  T25 V5      T5      V25     T5  V25 V25
S15 S25 V5      S15     V5      T5  V25 V5
T15 S25 S25     S15     S25     S15 S15 Y5
T15 T15 S25     T15     N25     L25 L25 Y5
T15 N25 N25     L25     N25     L25 Y5  Y5
N15 N15 N25     N15     A5      L25 A5  Y5
J45 N15 N15     J45     A5      J45 A5  A5
J45 J45 J15     L15     J15     L15 L15 L15
L35 L35 J15     L35     N5      L35 I5  L15
L35 J15 J15     P5      N5      P5  I5  N5
U5  U5  U5      P5      L5      P5  I5  N5
U5  F5  U5      X5      L5      P5  I5  N5
X5  F5  F5      X5      L5      X5  I5  J25
F5  F5  L5      X5  J25 L5      J25 J25 J25

solution 10 (164,776 searches):
0,00,1 0,01,0 0,01,1 0,01,2 0,02,1 X5
0,00,0 1,00,0 1,01,0 1,02,0 2,01,0 F5
0,00,2 1,00,1 1,00,2 2,00,2 2,01,2 J25
2,00,0 2,00,1 2,01,1 2,02,1 2,03,1 L5
1,01,2 1,02,2 1,03,2 1,04,2 1,05,2 I5
2,02,2 2,03,2 2,04,1 2,04,2 2,05,1 N5
0,02,2 0,03,1 0,03,2 0,04,1 0,04,2 P5
0,02,0 0,03,0 1,03,0 2,02,0 2,03,0 U5
1,04,0 2,04,0 2,05,0 2,06,0 2,06,1 J15
0,06,1 0,06,2 1,06,2 2,05,2 2,06,2 L15
0,04,0 0,05,0 0,05,1 0,05,2 1,05,0 L35
0,06,0 0,07,0 0,07,1 0,07,2 1,06,0 J45
1,07,2 1,08,2 2,07,1 2,07,2 2,08,1 A5
0,08,0 0,08,1 1,07,0 1,08,0 2,07,0 N15
0,08,2 0,09,1 0,09,2 0,10,1 1,09,2 N25
2,08,2 2,09,1 2,09,2 2,10,0 2,10,1 W5
0,09,0 0,10,0 1,09,0 2,08,0 2,09,0 Z5
0,11,0 0,12,0 0,12,1 1,10,0 1,11,0 S15
0,10,2 0,11,1 0,11,2 0,12,2 1,11,2 T15
1,10,2 2,10,2 2,11,1 2,11,2 2,12,2 L25
1,12,0 1,13,0 2,11,0 2,12,0 2,12,1 S25
0,13,1 0,13,2 0,14,1 1,12,2 1,13,2 V15
0,13,0 0,14,0 0,15,0 1,14,0 2,14,0 T5
1,14,2 2,13,0 2,13,1 2,13,2 2,14,2 L45
0,16,0 0,16,1 0,17,1 1,15,0 1,16,0 V25
0,14,2 0,15,1 0,15,2 0,16,2 0,17,2 Y5
1,15,2 2,14,1 2,15,1 2,15,2 2,16,1 T25
1,16,2 1,17,2 2,16,2 2,17,1 2,17,2 Q5
0,17,0 1,17,0 2,15,0 2,16,0 2,17,0 V5

V5  V5  V5      V25     Q5      Y5  Q5  Q5
V25 V25 V5      V25     T25     Y5  Q5  Q5
T5  V25 V5      Y5      T25     Y5  T25 T25
T5  T5  T5      V15     T25     Y5  L45 L45
T5  S25 L45     V15     L45     V15 V15 L45
S15 S25 S25     S15     S25     T15 V15 L25
S15 S15 S25     T15     L25     T15 T15 L25
Z5  S15 W5      N25     W5      T15 L25 L25
Z5  Z5  Z5      N25     W5      N25 N25 W5
N15 N15 Z5      N15     A5      N25 A5  W5
J45 N15 N15     J45     A5      J45 A5  A5
J45 J45 J15     L15     J15     L15 L15 L15
L35 L35 J15     L35     N5      L35 I5  L15
L35 J15 J15     P5      N5      P5  I5  N5
U5  U5  U5      P5      L5      P5  I5  N5
U5  F5  U5      X5      L5      P5  I5  N5
X5  F5  F5      X5      L5      X5  I5  J25
F5  F5  L5      X5  J25 L5      J25 J25 J25

User-requested solution limit reached.
10 solutions, 164,776 searches, duration 0:00:03.026297
