solving PentacubesPlusDiagonalWall2:

solution 1 (6,283 searches):
3,0,0 3,0,1 3,0,2 3,0,3 3,0,4 I5
0,6,0 0,7,0 0,7,1 1,6,0 1,6,1 A5
0,5,4 0,6,4 0,7,3 0,7,4 1,5,4 J15
1,4,3 1,5,2 1,5,3 1,6,3 1,6,4 F5
0,5,3 0,6,2 0,6,3 0,7,2 1,6,2 N25
0,5,0 0,5,1 0,5,2 0,6,1 1,5,0 J25
6,0,0 6,0,1 6,0,2 6,1,0 7,0,0 J35
6,0,3 6,1,3 7,0,1 7,0,2 7,0,3 J45
4,0,3 4,0,4 5,0,4 6,0,4 7,0,4 L5
5,1,2 5,1,3 5,1,4 5,2,2 6,1,4 L15
4,1,1 5,0,1 5,1,1 6,1,1 6,1,2 L25
4,0,2 4,1,2 4,2,2 5,0,2 5,0,3 L45
4,0,0 4,0,1 4,1,0 4,2,0 5,0,0 L35
4,2,1 4,3,1 5,1,0 5,2,0 5,2,1 V15
3,3,0 3,3,1 3,4,1 3,4,2 4,3,0 N15
0,3,0 1,3,0 1,4,0 2,4,0 3,4,0 N5
2,4,1 2,4,2 2,5,0 2,5,1 2,5,2 P5
0,3,1 0,3,2 0,4,0 0,4,1 1,3,2 S15
0,4,2 1,3,1 1,4,1 1,4,2 1,5,1 T25
0,3,4 0,4,3 0,4,4 1,3,4 1,4,4 Q5
0,3,3 1,2,2 1,2,3 1,3,3 2,2,3 S25
2,3,2 2,3,3 2,4,3 2,5,3 2,5,4 Z5
1,2,0 2,1,0 2,2,0 2,3,0 3,2,0 X5
1,2,1 2,1,1 2,2,1 2,2,2 2,3,1 T15
2,1,2 3,1,0 3,1,1 3,1,2 3,1,3 Y5
2,1,3 2,1,4 3,1,4 4,1,3 4,1,4 U5
3,2,1 3,2,2 3,2,3 3,3,3 3,4,3 V5
3,3,2 4,2,3 4,3,2 4,3,3 5,2,3 V25
3,3,4 3,4,4 4,2,4 4,3,4 5,2,4 W5
1,2,4 2,2,4 2,3,4 2,4,4 3,2,4 T5

A5                                  A5                                  N25                                 J15                                 J15
A5  A5                              J25 A5                              N25 N25                             N25 F5                              J15 F5
J25 J25 P5                          J25 T25 P5                          J25 F5  P5                          N25 F5  Z5                          J15 J15 Z5
S15 N5  N5  N5                      S15 T25 P5  N15                     T25 T25 P5  N15                     Q5  F5  Z5  V5                      Q5  Q5  T5  W5
N5  N5  X5  N15 N15                 S15 T25 T15 N15 V15                 S15 S15 Z5  V25 V25                 S25 S25 Z5  V5  V25                 Q5  Q5  T5  W5  W5
    X5  X5  X5  L35 V15                 T15 T15 V5  V15 V15                 S25 T15 V5  L45 L15                 S25 S25 V5  V25 V25                 T5  T5  T5  W5  W5
        X5  Y5  L35 V15 J35                 T15 Y5  L25 L25 L25                 Y5  Y5  L45 L15 L25                 U5  Y5  U5  L15 J45                 U5  U5  U5  L15 L15
            I5  L35 L35 J35 J35                 I5  L35 L25 J35 J45                 I5  L45 L45 J35 J45                 I5  L5  L45 J45 J45                 I5  L5  L5  L5  L5

solution 2 (20,194 searches):
3,0,0 3,0,1 3,0,2 3,0,3 3,0,4 I5
0,6,0 0,7,0 0,7,1 1,6,0 1,6,1 A5
0,5,4 0,6,4 0,7,3 0,7,4 1,5,4 J15
1,4,3 1,5,2 1,5,3 1,6,3 1,6,4 F5
0,5,3 0,6,2 0,6,3 0,7,2 1,6,2 N25
0,5,0 0,5,1 0,5,2 0,6,1 1,5,0 J25
6,0,0 6,0,1 6,0,2 6,1,0 7,0,0 J35
6,0,3 6,1,3 7,0,1 7,0,2 7,0,3 J45
4,0,3 4,0,4 5,0,4 6,0,4 7,0,4 L5
5,1,2 5,1,3 5,1,4 5,2,2 6,1,4 L15
4,1,1 5,0,1 5,1,1 6,1,1 6,1,2 L25
4,0,2 4,1,2 4,2,2 5,0,2 5,0,3 L45
4,0,0 4,0,1 4,1,0 4,2,0 5,0,0 L35
4,2,1 4,3,1 5,1,0 5,2,0 5,2,1 V15
3,3,0 3,3,1 3,4,1 3,4,2 4,3,0 N15
0,3,0 1,3,0 1,4,0 2,4,0 3,4,0 N5
2,4,1 2,4,2 2,5,0 2,5,1 2,5,2 P5
0,3,1 0,3,2 0,4,0 0,4,1 1,3,2 S15
1,2,1 1,3,1 1,4,1 1,4,2 1,5,1 Y5
0,3,3 0,4,2 0,4,3 1,3,3 1,3,4 V25
0,3,4 0,4,4 1,4,4 2,4,4 2,5,4 Z5
2,4,3 2,5,3 3,3,3 3,4,3 4,3,3 W5
2,3,4 3,2,4 3,3,4 3,4,4 4,3,4 X5
4,1,4 4,2,3 4,2,4 5,2,3 5,2,4 Q5
2,3,0 2,3,1 2,3,2 3,3,2 4,3,2 V5
1,2,0 2,1,0 2,1,1 2,2,0 3,2,0 T25
2,2,1 3,1,0 3,1,1 3,2,1 3,2,2 S25
2,1,2 2,1,3 2,1,4 2,2,3 2,3,3 T5
3,1,2 3,1,3 3,1,4 3,2,3 4,1,3 T15
1,2,2 1,2,3 1,2,4 2,2,2 2,2,4 U5

A5                                  A5                                  N25                                 J15                                 J15
A5  A5                              J25 A5                              N25 N25                             N25 F5                              J15 F5
J25 J25 P5                          J25 Y5  P5                          J25 F5  P5                          N25 F5  W5                          J15 J15 Z5
S15 N5  N5  N5                      S15 Y5  P5  N15                     V25 Y5  P5  N15                     V25 F5  W5  W5                      Z5  Z5  Z5  X5
N5  N5  V5  N15 N15                 S15 Y5  V5  N15 V15                 S15 S15 V5  V5  V5                  V25 V25 T5  W5  W5                  Z5  V25 X5  X5  X5
    T25 T25 T25 L35 V15                 Y5  S25 S25 V15 V15                 U5  U5  S25 L45 L15                 U5  T5  T15 Q5  Q5                  U5  U5  X5  Q5  Q5
        T25 S25 L35 V15 J35                 T25 S25 L25 L25 L25                 T5  T15 L45 L15 L25                 T5  T15 T15 L15 J45                 T5  T15 Q5  L15 L15
            I5  L35 L35 J35 J35                 I5  L35 L25 J35 J45                 I5  L45 L45 J35 J45                 I5  L5  L45 J45 J45                 I5  L5  L5  L5  L5

solution 3 (75,195 searches):
3,0,0 3,0,1 3,0,2 3,0,3 3,0,4 I5
0,6,0 0,7,0 0,7,1 1,6,0 1,6,1 A5
0,5,4 0,6,4 0,7,3 0,7,4 1,5,4 J15
1,4,3 1,5,2 1,5,3 1,6,3 1,6,4 F5
0,5,3 0,6,2 0,6,3 0,7,2 1,6,2 N25
0,5,0 0,5,1 0,5,2 0,6,1 1,5,0 J25
6,0,0 6,0,1 6,0,2 6,1,0 7,0,0 J35
6,0,3 6,1,3 7,0,1 7,0,2 7,0,3 J45
4,0,3 4,0,4 5,0,4 6,0,4 7,0,4 L5
5,1,2 5,1,3 5,1,4 5,2,2 6,1,4 L15
4,1,1 5,0,1 5,1,1 6,1,1 6,1,2 L25
4,0,2 4,1,2 4,2,2 5,0,2 5,0,3 L45
4,0,0 4,0,1 4,1,0 4,2,0 5,0,0 L35
4,2,1 4,3,1 5,1,0 5,2,0 5,2,1 V15
3,3,0 3,3,1 3,4,1 3,4,2 4,3,0 N15
0,3,0 1,3,0 1,4,0 2,4,0 3,4,0 N5
2,4,1 2,4,2 2,5,0 2,5,1 2,5,2 P5
0,4,0 0,4,1 1,4,1 1,4,2 1,5,1 S25
0,3,3 0,4,2 0,4,3 0,4,4 1,3,3 T25
0,3,4 1,3,4 1,4,4 2,4,4 2,5,4 W5
2,4,3 2,5,3 3,3,4 3,4,3 3,4,4 V25
0,3,1 0,3,2 1,3,1 2,3,0 2,3,1 Z5
2,1,3 3,1,2 3,1,3 3,1,4 4,1,3 X5
4,1,4 4,2,4 4,3,2 4,3,3 4,3,4 V5
3,2,3 3,2,4 4,2,3 5,2,3 5,2,4 U5
1,2,4 2,1,4 2,2,3 2,2,4 2,3,4 T15
1,2,0 1,2,1 1,2,2 1,2,3 1,3,2 Y5
2,1,2 2,2,0 2,2,1 2,2,2 2,3,2 T5
2,3,3 3,2,1 3,2,2 3,3,2 3,3,3 S15
2,1,0 2,1,1 3,1,0 3,1,1 3,2,0 Q5

A5                                  A5                                  N25                                 J15                                 J15
A5  A5                              J25 A5                              N25 N25                             N25 F5                              J15 F5
J25 J25 P5                          J25 S25 P5                          J25 F5  P5                          N25 F5  V25                         J15 J15 W5
S25 N5  N5  N5                      S25 S25 P5  N15                     T25 S25 P5  N15                     T25 F5  V25 V25                     T25 W5  W5  V25
N5  N5  Z5  N15 N15                 Z5  Z5  Z5  N15 V15                 Z5  Y5  T5  S15 V5                  T25 T25 S15 S15 V5                  W5  W5  T15 V25 V5
    Y5  T5  Q5  L35 V15                 Y5  T5  S15 V15 V15                 Y5  T5  S15 L45 L15                 Y5  T15 U5  U5  U5                  T15 T15 U5  V5  U5
        Q5  Q5  L35 V15 J35                 Q5  Q5  L25 L25 L25                 T5  X5  L45 L15 L25                 X5  X5  X5  L15 J45                 T15 X5  V5  L15 L15
            I5  L35 L35 J35 J35                 I5  L35 L25 J35 J45                 I5  L45 L45 J35 J45                 I5  L5  L45 J45 J45                 I5  L5  L5  L5  L5

solution 4 (111,803 searches):
3,0,0 3,0,1 3,0,2 3,0,3 3,0,4 I5
0,6,0 0,7,0 0,7,1 1,6,0 1,6,1 A5
0,5,4 0,6,4 0,7,3 0,7,4 1,5,4 J15
1,4,3 1,5,2 1,5,3 1,6,3 1,6,4 F5
0,5,3 0,6,2 0,6,3 0,7,2 1,6,2 N25
0,5,0 0,5,1 0,5,2 0,6,1 1,5,0 J25
6,0,0 6,0,1 6,0,2 6,1,0 7,0,0 J35
6,0,3 6,1,3 7,0,1 7,0,2 7,0,3 J45
4,0,3 4,0,4 5,0,4 6,0,4 7,0,4 L5
5,1,2 5,1,3 5,1,4 5,2,2 6,1,4 L15
4,1,1 5,0,1 5,1,1 6,1,1 6,1,2 L25
4,0,2 4,1,2 4,2,2 5,0,2 5,0,3 L45
4,0,0 4,0,1 4,1,0 4,2,0 5,0,0 L35
4,2,1 4,3,1 5,1,0 5,2,0 5,2,1 V15
3,3,0 3,3,1 3,4,1 3,4,2 4,3,0 N15
0,3,0 1,3,0 1,4,0 2,4,0 3,4,0 N5
2,4,1 2,4,2 2,5,0 2,5,1 2,5,2 P5
0,4,0 0,4,1 1,4,1 1,4,2 1,5,1 S25
0,3,2 0,3,4 0,4,2 0,4,3 0,4,4 U5
0,3,1 1,3,1 2,3,0 2,3,1 2,3,2 T5
1,2,0 1,2,1 1,2,2 2,2,0 3,2,0 V5
2,1,0 2,1,1 2,1,2 2,1,3 2,2,2 Y5
2,2,1 3,1,0 3,1,1 3,1,2 3,2,1 T25
0,3,3 1,2,3 1,3,2 1,3,3 2,3,3 T15
1,4,4 2,4,3 2,4,4 2,5,3 2,5,4 Q5
1,2,4 1,3,4 2,3,4 3,3,4 3,4,4 Z5
3,3,3 3,4,3 4,2,3 4,3,3 5,2,3 W5
3,2,4 4,1,4 4,2,4 4,3,4 5,2,4 X5
2,2,3 3,2,2 3,2,3 3,3,2 4,3,2 V25
2,1,4 2,2,4 3,1,3 3,1,4 4,1,3 S15

A5                                  A5                                  N25                                 J15                                 J15
A5  A5                              J25 A5                              N25 N25                             N25 F5                              J15 F5
J25 J25 P5                          J25 S25 P5                          J25 F5  P5                          N25 F5  Q5                          J15 J15 Q5
S25 N5  N5  N5                      S25 S25 P5  N15                     U5  S25 P5  N15                     U5  F5  Q5  W5                      U5  Q5  Q5  Z5
N5  N5  T5  N15 N15                 T5  T5  T5  N15 V15                 U5  T15 T5  V25 V25                 T15 T15 T15 W5  W5                  U5  Z5  Z5  Z5  X5
    V5  V5  V5  L35 V15                 V5  T25 T25 V15 V15                 V5  Y5  V25 L45 L15                 T15 V25 V25 W5  W5                  Z5  S15 X5  X5  X5
        Y5  T25 L35 V15 J35                 Y5  T25 L25 L25 L25                 Y5  T25 L45 L15 L25                 Y5  S15 S15 L15 J45                 S15 S15 X5  L15 L15
            I5  L35 L35 J35 J35                 I5  L35 L25 J35 J45                 I5  L45 L45 J35 J45                 I5  L5  L45 J45 J45                 I5  L5  L5  L5  L5

solution 5 (133,019 searches):
3,0,0 3,0,1 3,0,2 3,0,3 3,0,4 I5
0,6,0 0,7,0 0,7,1 1,6,0 1,6,1 A5
0,5,4 0,6,4 0,7,3 0,7,4 1,5,4 J15
1,4,3 1,5,2 1,5,3 1,6,3 1,6,4 F5
0,5,3 0,6,2 0,6,3 0,7,2 1,6,2 N25
0,5,0 0,5,1 0,5,2 0,6,1 1,5,0 J25
6,0,0 6,0,1 6,0,2 6,1,0 7,0,0 J35
6,0,3 6,1,3 7,0,1 7,0,2 7,0,3 J45
4,0,3 4,0,4 5,0,4 6,0,4 7,0,4 L5
5,1,2 5,1,3 5,1,4 5,2,2 6,1,4 L15
4,1,1 5,0,1 5,1,1 6,1,1 6,1,2 L25
4,0,2 4,1,2 4,2,2 5,0,2 5,0,3 L45
4,0,0 4,0,1 4,1,0 4,2,0 5,0,0 L35
4,2,1 4,3,1 5,1,0 5,2,0 5,2,1 V15
3,3,0 3,3,1 3,4,1 3,4,2 4,3,0 N15
0,3,0 1,3,0 1,4,0 2,4,0 3,4,0 N5
2,4,1 2,4,2 2,5,0 2,5,1 2,5,2 P5
0,4,0 0,4,1 1,4,1 1,4,2 1,5,1 S25
0,3,3 0,4,2 0,4,3 1,3,3 1,3,4 V25
0,3,4 0,4,4 1,4,4 2,4,4 2,5,4 Z5
2,3,3 2,4,3 2,5,3 3,4,3 3,4,4 T25
0,3,1 0,3,2 1,3,1 2,3,1 2,3,2 U5
1,2,1 1,2,2 1,2,3 1,2,4 1,3,2 Y5
1,2,0 2,1,0 2,2,0 2,3,0 3,2,0 X5
2,1,1 3,1,0 3,1,1 3,1,2 3,2,1 T15
2,2,1 2,2,2 2,2,3 3,2,3 4,2,3 V5
3,2,2 3,3,2 3,3,3 4,3,2 4,3,3 Q5
3,3,4 4,2,4 4,3,4 5,2,3 5,2,4 S15
2,1,2 2,1,3 2,1,4 3,1,3 4,1,3 T5
2,2,4 2,3,4 3,1,4 3,2,4 4,1,4 W5

A5                                  A5                                  N25                                 J15                                 J15
A5  A5                              J25 A5                              N25 N25                             N25 F5                              J15 F5
J25 J25 P5                          J25 S25 P5                          J25 F5  P5                          N25 F5  T25                         J15 J15 Z5
S25 N5  N5  N5                      S25 S25 P5  N15                     V25 S25 P5  N15                     V25 F5  T25 T25                     Z5  Z5  Z5  T25
N5  N5  X5  N15 N15                 U5  U5  U5  N15 V15                 U5  Y5  U5  Q5  Q5                  V25 V25 T25 Q5  Q5                  Z5  V25 W5  S15 S15
    X5  X5  X5  L35 V15                 Y5  V5  T15 V15 V15                 Y5  V5  Q5  L45 L15                 Y5  V5  V5  V5  S15                 Y5  W5  W5  S15 S15
        X5  T15 L35 V15 J35                 T15 T15 L25 L25 L25                 T5  T15 L45 L15 L25                 T5  T5  T5  L15 J45                 T5  W5  W5  L15 L15
            I5  L35 L35 J35 J35                 I5  L35 L25 J35 J45                 I5  L45 L45 J35 J45                 I5  L5  L45 J45 J45                 I5  L5  L5  L5  L5

solution 6 (167,151 searches):
3,0,0 3,0,1 3,0,2 3,0,3 3,0,4 I5
0,6,0 0,7,0 0,7,1 1,6,0 1,6,1 A5
0,5,4 0,6,4 0,7,3 0,7,4 1,5,4 J15
1,4,3 1,5,2 1,5,3 1,6,3 1,6,4 F5
0,5,3 0,6,2 0,6,3 0,7,2 1,6,2 N25
0,5,0 0,5,1 0,5,2 0,6,1 1,5,0 J25
6,0,0 6,0,1 6,0,2 6,1,0 7,0,0 J35
6,0,3 6,1,3 7,0,1 7,0,2 7,0,3 J45
4,0,3 4,0,4 5,0,4 6,0,4 7,0,4 L5
5,1,2 5,1,3 5,1,4 5,2,2 6,1,4 L15
4,1,1 5,0,1 5,1,1 6,1,1 6,1,2 L25
4,0,2 4,1,2 4,2,2 5,0,2 5,0,3 L45
4,0,0 4,0,1 4,1,0 4,2,0 5,0,0 L35
4,2,1 4,3,1 5,1,0 5,2,0 5,2,1 V15
3,3,0 3,3,1 3,4,1 3,4,2 4,3,0 N15
0,3,0 1,3,0 1,4,0 2,4,0 3,4,0 N5
2,4,1 2,4,2 2,5,0 2,5,1 2,5,2 P5
0,4,0 0,4,1 1,4,1 1,4,2 1,5,1 S25
0,4,2 0,4,3 0,4,4 1,4,4 2,4,4 V5
2,4,3 2,5,3 2,5,4 3,3,3 3,4,3 S15
3,3,4 3,4,4 4,2,4 4,3,4 5,2,4 W5
3,2,3 4,1,3 4,2,3 4,3,3 5,2,3 X5
2,1,4 3,1,3 3,1,4 3,2,4 4,1,4 T15
1,3,2 2,3,2 3,2,2 3,3,2 4,3,2 Y5
0,3,2 0,3,3 0,3,4 1,3,3 2,3,3 T5
0,3,1 1,2,0 1,2,1 1,2,2 1,3,1 T25
1,2,3 1,2,4 1,3,4 2,2,4 2,3,4 Q5
2,1,3 2,2,1 2,2,2 2,2,3 2,3,1 Z5
2,2,0 2,3,0 3,1,1 3,2,0 3,2,1 V25
2,1,0 2,1,1 2,1,2 3,1,0 3,1,2 U5

A5                                  A5                                  N25                                 J15                                 J15
A5  A5                              J25 A5                              N25 N25                             N25 F5                              J15 F5
J25 J25 P5                          J25 S25 P5                          J25 F5  P5                          N25 F5  S15                         J15 J15 S15
S25 N5  N5  N5                      S25 S25 P5  N15                     V5  S25 P5  N15                     V5  F5  S15 S15                     V5  V5  V5  W5
N5  N5  V25 N15 N15                 T25 T25 Z5  N15 V15                 T5  Y5  Y5  Y5  Y5                  T5  T5  T5  S15 X5                  T5  Q5  Q5  W5  W5
    T25 V25 V25 L35 V15                 T25 Z5  V25 V15 V15                 T25 Z5  Y5  L45 L15                 Q5  Z5  X5  X5  X5                  Q5  Q5  T15 W5  W5
        U5  U5  L35 V15 J35                 U5  V25 L25 L25 L25                 U5  U5  L45 L15 L25                 Z5  T15 X5  L15 J45                 T15 T15 T15 L15 L15
            I5  L35 L35 J35 J35                 I5  L35 L25 J35 J45                 I5  L45 L45 J35 J45                 I5  L5  L45 J45 J45                 I5  L5  L5  L5  L5

solution 7 (168,941 searches):
3,0,0 3,0,1 3,0,2 3,0,3 3,0,4 I5
0,6,0 0,7,0 0,7,1 1,6,0 1,6,1 A5
0,5,4 0,6,4 0,7,3 0,7,4 1,5,4 J15
1,4,3 1,5,2 1,5,3 1,6,3 1,6,4 F5
0,5,3 0,6,2 0,6,3 0,7,2 1,6,2 N25
0,5,0 0,5,1 0,5,2 0,6,1 1,5,0 J25
6,0,0 6,0,1 6,0,2 6,1,0 7,0,0 J35
6,0,3 6,1,3 7,0,1 7,0,2 7,0,3 J45
4,0,3 4,0,4 5,0,4 6,0,4 7,0,4 L5
5,1,2 5,1,3 5,1,4 5,2,2 6,1,4 L15
4,1,1 5,0,1 5,1,1 6,1,1 6,1,2 L25
4,0,2 4,1,2 4,2,2 5,0,2 5,0,3 L45
4,0,0 4,0,1 4,1,0 4,2,0 5,0,0 L35
4,2,1 4,3,1 5,1,0 5,2,0 5,2,1 V15
3,3,0 3,3,1 3,4,1 3,4,2 4,3,0 N15
0,3,0 1,3,0 1,4,0 2,4,0 3,4,0 N5
2,4,1 2,4,2 2,5,0 2,5,1 2,5,2 P5
0,4,0 0,4,1 1,4,1 1,4,2 1,5,1 S25
0,4,2 0,4,3 0,4,4 1,4,4 2,4,4 V5
2,4,3 2,5,3 2,5,4 3,3,3 3,4,3 S15
1,3,4 2,3,4 3,3,4 3,4,4 4,3,4 Y5
0,3,2 0,3,3 0,3,4 1,3,3 2,3,3 T5
0,3,1 1,2,0 1,2,1 1,2,2 1,3,1 T25
1,3,2 2,2,2 2,3,1 2,3,2 3,3,2 T15
2,1,3 3,1,2 3,1,3 3,1,4 4,1,3 X5
4,2,3 4,3,2 4,3,3 5,2,3 5,2,4 V25
1,2,3 1,2,4 2,2,3 3,2,2 3,2,3 Z5
2,1,4 2,2,4 3,2,4 4,1,4 4,2,4 U5
2,1,1 2,1,2 2,2,0 2,2,1 2,3,0 W5
2,1,0 3,1,0 3,1,1 3,2,0 3,2,1 Q5

A5                                  A5                                  N25                                 J15                                 J15
A5  A5                              J25 A5                              N25 N25                             N25 F5                              J15 F5
J25 J25 P5                          J25 S25 P5                          J25 F5  P5                          N25 F5  S15                         J15 J15 S15
S25 N5  N5  N5                      S25 S25 P5  N15                     V5  S25 P5  N15                     V5  F5  S15 S15                     V5  V5  V5  Y5
N5  N5  W5  N15 N15                 T25 T25 T15 N15 V15                 T5  T15 T15 T15 V25                 T5  T5  T5  S15 V25                 T5  Y5  Y5  Y5  Y5
    T25 W5  Q5  L35 V15                 T25 W5  Q5  V15 V15                 T25 T15 Z5  L45 L15                 Z5  Z5  Z5  V25 V25                 Z5  U5  U5  U5  V25
        Q5  Q5  L35 V15 J35                 W5  Q5  L25 L25 L25                 W5  X5  L45 L15 L25                 X5  X5  X5  L15 J45                 U5  X5  U5  L15 L15
            I5  L35 L35 J35 J35                 I5  L35 L25 J35 J45                 I5  L45 L45 J35 J45                 I5  L5  L45 J45 J45                 I5  L5  L5  L5  L5

solution 8 (170,226 searches):
3,0,0 3,0,1 3,0,2 3,0,3 3,0,4 I5
0,6,0 0,7,0 0,7,1 1,6,0 1,6,1 A5
0,5,4 0,6,4 0,7,3 0,7,4 1,5,4 J15
1,4,3 1,5,2 1,5,3 1,6,3 1,6,4 F5
0,5,3 0,6,2 0,6,3 0,7,2 1,6,2 N25
0,5,0 0,5,1 0,5,2 0,6,1 1,5,0 J25
6,0,0 6,0,1 6,0,2 6,1,0 7,0,0 J35
6,0,3 6,1,3 7,0,1 7,0,2 7,0,3 J45
4,0,3 4,0,4 5,0,4 6,0,4 7,0,4 L5
5,1,2 5,1,3 5,1,4 5,2,2 6,1,4 L15
4,1,1 5,0,1 5,1,1 6,1,1 6,1,2 L25
4,0,2 4,1,2 4,2,2 5,0,2 5,0,3 L45
4,0,0 4,0,1 4,1,0 4,2,0 5,0,0 L35
4,2,1 4,3,1 5,1,0 5,2,0 5,2,1 V15
3,3,0 3,3,1 3,4,1 3,4,2 4,3,0 N15
0,3,0 1,3,0 1,4,0 2,4,0 3,4,0 N5
2,4,1 2,4,2 2,5,0 2,5,1 2,5,2 P5
0,4,0 0,4,1 1,4,1 1,4,2 1,5,1 S25
0,4,2 0,4,3 0,4,4 1,4,4 2,4,4 V5
2,4,3 2,5,3 2,5,4 3,3,3 3,4,3 S15
1,2,4 1,3,4 2,3,4 3,3,4 3,4,4 Z5
0,3,2 0,3,3 0,3,4 1,2,3 1,3,3 T25
0,3,1 1,2,1 1,2,2 1,3,1 1,3,2 Q5
1,2,0 2,1,0 2,2,0 2,3,0 3,2,0 X5
3,1,0 3,1,1 3,2,1 3,2,2 3,3,2 W5
4,2,3 4,3,2 4,3,3 5,2,3 5,2,4 V25
2,2,4 3,2,4 4,1,4 4,2,4 4,3,4 T5
3,1,2 3,1,3 3,1,4 3,2,3 4,1,3 T15
2,1,1 2,1,2 2,1,3 2,1,4 2,2,2 Y5
2,2,1 2,2,3 2,3,1 2,3,2 2,3,3 U5

A5                                  A5                                  N25                                 J15                                 J15
A5  A5                              J25 A5                              N25 N25                             N25 F5                              J15 F5
J25 J25 P5                          J25 S25 P5                          J25 F5  P5                          N25 F5  S15                         J15 J15 S15
S25 N5  N5  N5                      S25 S25 P5  N15                     V5  S25 P5  N15                     V5  F5  S15 S15                     V5  V5  V5  Z5
N5  N5  X5  N15 N15                 Q5  Q5  U5  N15 V15                 T25 Q5  U5  W5  V25                 T25 T25 U5  S15 V25                 T25 Z5  Z5  Z5  T5
    X5  X5  X5  L35 V15                 Q5  U5  W5  V15 V15                 Q5  Y5  W5  L45 L15                 T25 U5  T15 V25 V25                 Z5  T5  T5  T5  V25
        X5  W5  L35 V15 J35                 Y5  W5  L25 L25 L25                 Y5  T15 L45 L15 L25                 Y5  T15 T15 L15 J45                 Y5  T15 T5  L15 L15
            I5  L35 L35 J35 J35                 I5  L35 L25 J35 J45                 I5  L45 L45 J35 J45                 I5  L5  L45 J45 J45                 I5  L5  L5  L5  L5

solution 9 (171,372 searches):
3,0,0 3,0,1 3,0,2 3,0,3 3,0,4 I5
0,6,0 0,7,0 0,7,1 1,6,0 1,6,1 A5
0,5,4 0,6,4 0,7,3 0,7,4 1,5,4 J15
1,4,3 1,5,2 1,5,3 1,6,3 1,6,4 F5
0,5,3 0,6,2 0,6,3 0,7,2 1,6,2 N25
0,5,0 0,5,1 0,5,2 0,6,1 1,5,0 J25
6,0,0 6,0,1 6,0,2 6,1,0 7,0,0 J35
6,0,3 6,1,3 7,0,1 7,0,2 7,0,3 J45
4,0,3 4,0,4 5,0,4 6,0,4 7,0,4 L5
5,1,2 5,1,3 5,1,4 5,2,2 6,1,4 L15
4,1,1 5,0,1 5,1,1 6,1,1 6,1,2 L25
4,0,2 4,1,2 4,2,2 5,0,2 5,0,3 L45
4,0,0 4,0,1 4,1,0 4,2,0 5,0,0 L35
4,2,1 4,3,1 5,1,0 5,2,0 5,2,1 V15
3,3,0 3,3,1 3,4,1 3,4,2 4,3,0 N15
0,3,0 1,3,0 1,4,0 2,4,0 3,4,0 N5
2,4,1 2,4,2 2,5,0 2,5,1 2,5,2 P5
0,4,0 0,4,1 1,4,1 1,4,2 1,5,1 S25
0,4,2 0,4,3 0,4,4 1,4,4 2,4,4 V5
2,4,3 2,5,3 2,5,4 3,3,3 3,4,3 S15
1,2,4 1,3,4 2,3,4 3,3,4 3,4,4 Z5
0,3,1 0,3,2 0,3,3 0,3,4 1,3,2 Y5
1,2,0 2,1,0 2,2,0 2,3,0 3,2,0 X5
2,1,1 3,1,0 3,1,1 3,1,2 3,2,1 T15
1,2,1 1,2,2 1,3,1 2,2,1 2,2,2 Q5
2,3,1 2,3,2 2,3,3 3,2,2 3,3,2 T25
1,2,3 1,3,3 2,1,4 2,2,3 2,2,4 V25
4,1,3 4,2,3 4,3,2 4,3,3 4,3,4 T5
3,2,3 3,2,4 4,2,4 5,2,3 5,2,4 U5
2,1,2 2,1,3 3,1,3 3,1,4 4,1,4 W5

A5                                  A5                                  N25                                 J15                                 J15
A5  A5                              J25 A5                              N25 N25                             N25 F5                              J15 F5
J25 J25 P5                          J25 S25 P5                          J25 F5  P5                          N25 F5  S15                         J15 J15 S15
S25 N5  N5  N5                      S25 S25 P5  N15                     V5  S25 P5  N15                     V5  F5  S15 S15                     V5  V5  V5  Z5
N5  N5  X5  N15 N15                 Y5  Q5  T25 N15 V15                 Y5  Y5  T25 T25 T5                  Y5  V25 T25 S15 T5                  Y5  Z5  Z5  Z5  T5
    X5  X5  X5  L35 V15                 Q5  Q5  T15 V15 V15                 Q5  Q5  T25 L45 L15                 V25 V25 U5  T5  U5                  Z5  V25 U5  U5  U5
        X5  T15 L35 V15 J35                 T15 T15 L25 L25 L25                 W5  T15 L45 L15 L25                 W5  W5  T5  L15 J45                 V25 W5  W5  L15 L15
            I5  L35 L35 J35 J35                 I5  L35 L25 J35 J45                 I5  L45 L45 J35 J45                 I5  L5  L45 J45 J45                 I5  L5  L5  L5  L5

solution 10 (171,490 searches):
3,0,0 3,0,1 3,0,2 3,0,3 3,0,4 I5
0,6,0 0,7,0 0,7,1 1,6,0 1,6,1 A5
0,5,4 0,6,4 0,7,3 0,7,4 1,5,4 J15
1,4,3 1,5,2 1,5,3 1,6,3 1,6,4 F5
0,5,3 0,6,2 0,6,3 0,7,2 1,6,2 N25
0,5,0 0,5,1 0,5,2 0,6,1 1,5,0 J25
6,0,0 6,0,1 6,0,2 6,1,0 7,0,0 J35
6,0,3 6,1,3 7,0,1 7,0,2 7,0,3 J45
4,0,3 4,0,4 5,0,4 6,0,4 7,0,4 L5
5,1,2 5,1,3 5,1,4 5,2,2 6,1,4 L15
4,1,1 5,0,1 5,1,1 6,1,1 6,1,2 L25
4,0,2 4,1,2 4,2,2 5,0,2 5,0,3 L45
4,0,0 4,0,1 4,1,0 4,2,0 5,0,0 L35
4,2,1 4,3,1 5,1,0 5,2,0 5,2,1 V15
3,3,0 3,3,1 3,4,1 3,4,2 4,3,0 N15
0,3,0 1,3,0 1,4,0 2,4,0 3,4,0 N5
2,4,1 2,4,2 2,5,0 2,5,1 2,5,2 P5
0,4,0 0,4,1 1,4,1 1,4,2 1,5,1 S25
0,4,2 0,4,3 0,4,4 1,4,4 2,4,4 V5
2,4,3 2,5,3 2,5,4 3,3,3 3,4,3 S15
1,2,4 1,3,4 2,3,4 3,3,4 3,4,4 Z5
0,3,1 0,3,2 0,3,3 0,3,4 1,3,2 Y5
1,2,0 2,1,0 2,2,0 2,3,0 3,2,0 X5
3,1,0 3,1,1 3,2,1 3,2,2 3,3,2 W5
4,2,3 4,3,2 4,3,3 5,2,3 5,2,4 V25
2,2,4 3,2,4 4,1,4 4,2,4 4,3,4 T5
3,1,2 3,1,3 3,1,4 3,2,3 4,1,3 T15
1,2,3 2,1,2 2,1,3 2,1,4 2,2,3 T25
1,3,1 1,3,3 2,3,1 2,3,2 2,3,3 U5
1,2,1 1,2,2 2,1,1 2,2,1 2,2,2 Q5

A5                                  A5                                  N25                                 J15                                 J15
A5  A5                              J25 A5                              N25 N25                             N25 F5                              J15 F5
J25 J25 P5                          J25 S25 P5                          J25 F5  P5                          N25 F5  S15                         J15 J15 S15
S25 N5  N5  N5                      S25 S25 P5  N15                     V5  S25 P5  N15                     V5  F5  S15 S15                     V5  V5  V5  Z5
N5  N5  X5  N15 N15                 Y5  U5  U5  N15 V15                 Y5  Y5  U5  W5  V25                 Y5  U5  U5  S15 V25                 Y5  Z5  Z5  Z5  T5
    X5  X5  X5  L35 V15                 Q5  Q5  W5  V15 V15                 Q5  Q5  W5  L45 L15                 T25 T25 T15 V25 V25                 Z5  T5  T5  T5  V25
        X5  W5  L35 V15 J35                 Q5  W5  L25 L25 L25                 T25 T15 L45 L15 L25                 T25 T15 T15 L15 J45                 T25 T15 T5  L15 L15
            I5  L35 L35 J35 J35                 I5  L35 L25 J35 J45                 I5  L45 L45 J35 J45                 I5  L5  L45 J45 J45                 I5  L5  L5  L5  L5

User-requested solution limit reached.
10 solutions, 171,490 searches, duration 0:00:09.720374
