solving PentacubesPanorama:

solution 1 (43,836,569 searches):
2,02,0 2,02,1 2,02,2 2,02,3 2,02,4 I5
1,02,2 1,02,3 1,03,2 2,03,2 2,03,3 A5
1,01,1 1,01,2 2,01,2 2,01,3 3,01,2 F5
3,01,1 3,02,1 3,02,2 3,02,3 4,02,2 J25
2,00,1 2,00,2 3,00,0 3,00,1 3,01,0 N15
1,01,0 1,02,0 2,00,0 2,01,0 2,01,1 S25
0,00,0 0,01,0 0,02,0 1,00,0 1,00,1 L45
0,01,1 0,02,1 0,02,2 1,02,1 1,03,1 N25
0,03,0 0,03,1 1,03,0 2,03,0 2,04,0 L15
0,04,0 1,04,0 1,05,0 1,06,0 1,06,1 J15
4,00,0 4,01,0 4,01,1 4,02,1 4,03,1 N5
3,02,0 3,03,0 4,02,0 4,03,0 4,04,0 P5
3,03,1 3,03,2 3,04,0 3,04,1 3,05,0 W5
1,04,1 2,03,1 2,04,1 2,04,2 2,05,1 T15
2,06,1 2,06,2 2,07,1 2,08,1 2,08,2 U5
1,07,0 2,05,0 2,06,0 2,07,0 2,08,0 Y5
3,06,0 3,06,1 3,07,0 3,08,0 3,09,0 L5
3,10,0 4,08,0 4,09,0 4,09,1 4,10,0 L25
2,09,3 2,10,2 2,10,3 2,10,4 2,11,3 X5
3,08,1 3,09,1 3,10,1 4,10,1 4,10,2 J45
3,10,2 3,10,3 3,11,1 3,11,2 4,11,1 S15
3,11,0 3,12,0 3,12,1 4,11,0 4,12,0 Q5
1,09,2 2,09,0 2,09,1 2,09,2 3,09,2 T5
1,10,2 1,10,3 1,11,2 2,11,1 2,11,2 V25
0,12,0 1,12,0 2,12,0 2,12,1 2,12,2 V5
0,08,0 1,08,0 1,09,0 1,10,0 2,10,0 Z5
0,09,0 0,09,1 0,10,0 1,08,1 1,09,1 V15
0,10,1 0,10,2 0,11,1 1,10,1 2,10,1 L35
0,11,0 1,11,0 1,11,1 1,12,1 2,11,0 T25

V5  V5  V5  Q5  Q5          T25 V5  Q5                  V5
T25 T25 T25 Q5  Q5      L35 T25 V25 S15 S15         V25 V25 S15                 X5
V15 Z5  Z5  L25 L25     L35 L35 L35 J45 J45     L35 V25 X5  S15 J45         V25 X5  S15                 X5
V15 Z5  T5  L5  L25     V15 V15 T5  J45 L25         T5  T5  T5                  X5
Z5  Z5  Y5  L5  L25         V15 U5  J45                 U5
    Y5  Y5  L5                  U5
    J15 Y5  L5              J15 U5  L5                  U5
    J15 Y5  W5                  T15
J15 J15 L15 W5  P5          T15 T15 W5                  T15
L15 L15 L15 P5  P5      L15 N25 T15 W5  N5          A5  A5  W5                  A5
L45 S25 I5  P5  P5      N25 N25 I5  J25 N5      N25 A5  I5  J25 J25         A5  I5  J25                 I5
L45 S25 S25 N15 N5      N25 F5  S25 J25 N5          F5  F5  F5                  F5
L45 L45 S25 N15 N5          L45 N15 N15                 N15

solution 2 (43,838,865 searches):
2,02,0 2,02,1 2,02,2 2,02,3 2,02,4 I5
1,02,2 1,02,3 1,03,2 2,03,2 2,03,3 A5
1,01,1 1,01,2 2,01,2 2,01,3 3,01,2 F5
3,01,1 3,02,1 3,02,2 3,02,3 4,02,2 J25
2,00,1 2,00,2 3,00,0 3,00,1 3,01,0 N15
1,01,0 1,02,0 2,00,0 2,01,0 2,01,1 S25
0,00,0 0,01,0 0,02,0 1,00,0 1,00,1 L45
0,01,1 0,02,1 0,02,2 1,02,1 1,03,1 N25
0,03,0 0,03,1 1,03,0 2,03,0 2,04,0 L15
0,04,0 1,04,0 1,05,0 1,06,0 1,06,1 J15
4,00,0 4,01,0 4,01,1 4,02,1 4,03,1 N5
3,02,0 3,03,0 4,02,0 4,03,0 4,04,0 P5
3,03,1 3,03,2 3,04,0 3,04,1 3,05,0 W5
1,04,1 2,03,1 2,04,1 2,04,2 2,05,1 T15
2,06,1 2,06,2 2,07,1 2,08,1 2,08,2 U5
1,07,0 2,05,0 2,06,0 2,07,0 2,08,0 Y5
3,06,0 3,06,1 3,07,0 3,08,0 3,09,0 L5
3,10,0 4,08,0 4,09,0 4,09,1 4,10,0 L25
1,10,3 2,10,2 2,10,3 2,10,4 3,10,3 X5
2,09,2 2,09,3 3,08,1 3,09,1 3,09,2 S15
3,10,1 3,10,2 3,11,2 4,10,1 4,10,2 Q5
2,10,0 2,11,0 3,11,0 4,11,0 4,12,0 Z5
2,11,1 3,11,1 3,12,0 3,12,1 4,11,1 T25
1,09,2 1,10,2 1,11,2 2,11,2 2,11,3 J45
0,12,0 1,12,0 2,12,0 2,12,1 2,12,2 V5
0,10,0 0,11,0 0,11,1 1,11,1 1,12,1 V25
0,09,0 1,09,0 1,10,0 1,11,0 2,09,0 T5
0,09,1 0,10,1 0,10,2 1,10,1 2,10,1 L35
0,08,0 1,08,0 1,08,1 1,09,1 2,09,1 V15

V5  V5  V5  T25 Z5          V25 V5  T25                 V5
V25 T5  Z5  Z5  Z5      V25 V25 T25 T25 T25         J45 J45 Q5                  J45
V25 T5  Z5  L25 L25     L35 L35 L35 Q5  Q5      L35 J45 X5  Q5  Q5          X5  X5  X5                  X5
T5  T5  T5  L5  L25     L35 V15 V15 S15 L25         J45 S15 S15                 S15
V15 V15 Y5  L5  L25         V15 U5  S15                 U5
    Y5  Y5  L5                  U5
    J15 Y5  L5              J15 U5  L5                  U5
    J15 Y5  W5                  T15
J15 J15 L15 W5  P5          T15 T15 W5                  T15
L15 L15 L15 P5  P5      L15 N25 T15 W5  N5          A5  A5  W5                  A5
L45 S25 I5  P5  P5      N25 N25 I5  J25 N5      N25 A5  I5  J25 J25         A5  I5  J25                 I5
L45 S25 S25 N15 N5      N25 F5  S25 J25 N5          F5  F5  F5                  F5
L45 L45 S25 N15 N5          L45 N15 N15                 N15

solution 3 (43,846,070 searches):
2,02,0 2,02,1 2,02,2 2,02,3 2,02,4 I5
1,02,2 1,02,3 1,03,2 2,03,2 2,03,3 A5
1,01,1 1,01,2 2,01,2 2,01,3 3,01,2 F5
3,01,1 3,02,1 3,02,2 3,02,3 4,02,2 J25
2,00,1 2,00,2 3,00,0 3,00,1 3,01,0 N15
1,01,0 1,02,0 2,00,0 2,01,0 2,01,1 S25
0,00,0 0,01,0 0,02,0 1,00,0 1,00,1 L45
0,01,1 0,02,1 0,02,2 1,02,1 1,03,1 N25
0,03,0 0,03,1 1,03,0 2,03,0 2,04,0 L15
0,04,0 1,04,0 1,05,0 1,06,0 1,06,1 J15
4,00,0 4,01,0 4,01,1 4,02,1 4,03,1 N5
3,02,0 3,03,0 4,02,0 4,03,0 4,04,0 P5
3,03,1 3,03,2 3,04,0 3,04,1 3,05,0 W5
1,04,1 2,03,1 2,04,1 2,04,2 2,05,1 T15
2,06,1 2,06,2 2,07,1 2,08,1 2,08,2 U5
1,07,0 2,05,0 2,06,0 2,07,0 2,08,0 Y5
3,06,0 3,06,1 3,07,0 3,08,0 3,09,0 L5
2,10,0 3,10,0 4,08,0 4,09,0 4,10,0 V5
1,10,3 2,10,2 2,10,3 2,10,4 3,10,3 X5
2,09,2 2,09,3 3,08,1 3,09,1 3,09,2 S15
3,10,2 3,11,2 4,09,1 4,10,1 4,10,2 V15
1,09,2 1,10,2 1,11,2 2,11,2 2,11,3 J45
3,10,1 3,11,1 4,11,0 4,11,1 4,12,0 V25
1,10,0 1,11,0 2,11,0 3,11,0 3,12,0 Z5
0,11,0 0,12,0 1,12,0 1,12,1 2,12,0 L25
2,10,1 2,11,1 2,12,1 2,12,2 3,12,1 L35
0,08,0 0,09,0 0,10,0 1,09,0 2,09,0 T5
0,10,1 0,10,2 0,11,1 1,10,1 1,11,1 Q5
0,09,1 1,08,0 1,08,1 1,09,1 2,09,1 T25

L25 L25 L25 Z5  V25         L25 L35 L35                 L35
L25 Z5  Z5  Z5  V25     Q5  Q5  L35 V25 V25         J45 J45 V15                 J45
T5  Z5  V5  V5  V5      Q5  Q5  L35 V25 V15     Q5  J45 X5  V15 V15         X5  X5  X5                  X5
T5  T5  T5  L5  V5      T25 T25 T25 S15 V15         J45 S15 S15                 S15
T5  T25 Y5  L5  V5          T25 U5  S15                 U5
    Y5  Y5  L5                  U5
    J15 Y5  L5              J15 U5  L5                  U5
    J15 Y5  W5                  T15
J15 J15 L15 W5  P5          T15 T15 W5                  T15
L15 L15 L15 P5  P5      L15 N25 T15 W5  N5          A5  A5  W5                  A5
L45 S25 I5  P5  P5      N25 N25 I5  J25 N5      N25 A5  I5  J25 J25         A5  I5  J25                 I5
L45 S25 S25 N15 N5      N25 F5  S25 J25 N5          F5  F5  F5                  F5
L45 L45 S25 N15 N5          L45 N15 N15                 N15

solution 4 (74,556,914 searches):
2,02,0 2,02,1 2,02,2 2,02,3 2,02,4 I5
1,02,2 1,02,3 1,03,2 2,03,2 2,03,3 A5
1,01,1 1,01,2 2,01,2 2,01,3 3,01,2 F5
3,01,1 3,02,1 3,02,2 3,02,3 4,02,2 J25
2,00,1 2,00,2 3,00,0 3,00,1 3,01,0 N15
1,01,0 1,02,0 2,00,0 2,01,0 2,01,1 S25
0,00,0 0,01,0 0,02,0 1,00,0 1,00,1 L45
0,01,1 0,02,1 0,02,2 1,02,1 1,03,1 N25
0,03,0 0,03,1 1,03,0 2,03,0 2,04,0 L15
0,04,0 1,04,0 1,05,0 1,06,0 1,07,0 L5
4,00,0 4,01,0 4,01,1 4,02,1 4,03,1 N5
3,02,0 3,03,0 4,02,0 4,03,0 4,04,0 P5
3,03,1 3,03,2 3,04,0 3,04,1 3,05,0 W5
1,04,1 2,03,1 2,04,1 2,04,2 2,05,1 T15
1,06,1 2,05,0 2,06,0 2,06,1 2,06,2 L25
3,06,0 3,06,1 3,07,0 3,08,0 4,08,0 J15
2,09,3 2,10,2 2,10,3 2,10,4 2,11,3 X5
0,09,1 1,09,1 1,09,2 1,10,2 1,10,3 S15
0,10,1 0,10,2 1,10,1 1,11,0 1,11,1 V15
0,09,0 0,10,0 0,11,0 0,11,1 0,12,0 Y5
0,08,0 1,08,0 1,09,0 1,10,0 2,08,0 T5
1,08,1 2,07,0 2,07,1 2,08,1 3,08,1 T25
2,08,2 2,09,2 3,09,1 3,09,2 3,10,1 V25
1,11,2 2,11,2 3,10,2 3,10,3 3,11,2 J45
4,10,0 4,10,1 4,10,2 4,11,0 4,12,0 V5
2,09,0 2,09,1 3,09,0 4,09,0 4,09,1 U5
1,12,0 2,10,0 2,11,0 2,12,0 3,10,0 Z5
3,11,0 3,11,1 3,12,0 3,12,1 4,11,1 Q5
1,12,1 2,10,1 2,11,1 2,12,1 2,12,2 L35

Y5  Z5  Z5  Q5  V5          L35 L35 Q5                  L35
Y5  V15 Z5  Q5  V5      Y5  V15 L35 Q5  Q5          J45 J45 J45                 X5
Y5  T5  Z5  Z5  V5      V15 V15 L35 V25 V5      V15 S15 X5  J45 V5          S15 X5  J45                 X5
Y5  T5  U5  U5  U5      S15 S15 U5  V25 U5          S15 V25 V25                 X5
T5  T5  T5  J15 J15         T25 T25 T25                 V25
    L5  T25 J15                 T25
    L5  L25 J15             L25 L25 J15                 L25
    L5  L25 W5                  T15
L5  L5  L15 W5  P5          T15 T15 W5                  T15
L15 L15 L15 P5  P5      L15 N25 T15 W5  N5          A5  A5  W5                  A5
L45 S25 I5  P5  P5      N25 N25 I5  J25 N5      N25 A5  I5  J25 J25         A5  I5  J25                 I5
L45 S25 S25 N15 N5      N25 F5  S25 J25 N5          F5  F5  F5                  F5
L45 L45 S25 N15 N5          L45 N15 N15                 N15

solution 5 (74,572,454 searches):
2,02,0 2,02,1 2,02,2 2,02,3 2,02,4 I5
1,02,2 1,02,3 1,03,2 2,03,2 2,03,3 A5
1,01,1 1,01,2 2,01,2 2,01,3 3,01,2 F5
3,01,1 3,02,1 3,02,2 3,02,3 4,02,2 J25
2,00,1 2,00,2 3,00,0 3,00,1 3,01,0 N15
1,01,0 1,02,0 2,00,0 2,01,0 2,01,1 S25
0,00,0 0,01,0 0,02,0 1,00,0 1,00,1 L45
0,01,1 0,02,1 0,02,2 1,02,1 1,03,1 N25
0,03,0 0,03,1 1,03,0 2,03,0 2,04,0 L15
0,04,0 1,04,0 1,05,0 1,06,0 1,07,0 L5
4,00,0 4,01,0 4,01,1 4,02,1 4,03,1 N5
3,02,0 3,03,0 4,02,0 4,03,0 4,04,0 P5
3,03,1 3,03,2 3,04,0 3,04,1 3,05,0 W5
1,04,1 2,03,1 2,04,1 2,04,2 2,05,1 T15
1,06,1 2,05,0 2,06,0 2,06,1 2,06,2 L25
3,06,0 3,06,1 3,07,0 3,08,0 4,08,0 J15
2,09,3 2,10,2 2,10,3 2,10,4 2,11,3 X5
1,09,2 1,10,2 1,10,3 2,08,2 2,09,2 S15
3,10,0 3,10,1 3,10,2 3,10,3 3,11,2 Y5
3,11,0 3,11,1 4,10,1 4,10,2 4,11,1 V15
2,11,0 2,12,0 3,12,0 4,11,0 4,12,0 U5
2,09,0 3,09,0 4,09,0 4,09,1 4,10,0 L35
1,09,0 1,09,1 2,09,1 3,09,1 3,09,2 Z5
1,08,1 2,07,0 2,07,1 2,08,1 3,08,1 T25
0,08,0 0,09,0 0,09,1 1,08,0 2,08,0 J45
1,12,1 2,10,1 2,11,1 2,12,1 3,12,1 T5
1,10,1 1,11,1 1,11,2 2,11,2 2,12,2 V25
0,11,0 0,11,1 0,12,0 1,11,0 1,12,0 Q5
0,10,0 0,10,1 0,10,2 1,10,0 2,10,0 V5

Q5  Q5  U5  U5  U5          T5  T5  T5                  V25
Q5  Q5  U5  V15 U5      Q5  V25 T5  V15 V15         V25 V25 Y5                  X5
V5  V5  V5  Y5  L35     V5  V25 T5  Y5  V15     V5  S15 X5  Y5  V15         S15 X5  Y5                  X5
J45 Z5  L35 L35 L35     J45 Z5  Z5  Z5  L35         S15 S15 Z5                  X5
J45 J45 J45 J15 J15         T25 T25 T25                 S15
    L5  T25 J15                 T25
    L5  L25 J15             L25 L25 J15                 L25
    L5  L25 W5                  T15
L5  L5  L15 W5  P5          T15 T15 W5                  T15
L15 L15 L15 P5  P5      L15 N25 T15 W5  N5          A5  A5  W5                  A5
L45 S25 I5  P5  P5      N25 N25 I5  J25 N5      N25 A5  I5  J25 J25         A5  I5  J25                 I5
L45 S25 S25 N15 N5      N25 F5  S25 J25 N5          F5  F5  F5                  F5
L45 L45 S25 N15 N5          L45 N15 N15                 N15

solution 6 (75,106,240 searches):
2,02,0 2,02,1 2,02,2 2,02,3 2,02,4 I5
1,02,2 1,02,3 1,03,2 2,03,2 2,03,3 A5
1,01,1 1,01,2 2,01,2 2,01,3 3,01,2 F5
3,01,1 3,02,1 3,02,2 3,02,3 4,02,2 J25
2,00,1 2,00,2 3,00,0 3,00,1 3,01,0 N15
1,01,0 1,02,0 2,00,0 2,01,0 2,01,1 S25
0,00,0 0,01,0 0,02,0 1,00,0 1,00,1 L45
0,01,1 0,02,1 0,02,2 1,02,1 1,03,1 N25
0,03,0 0,03,1 1,03,0 2,03,0 2,04,0 L15
0,04,0 1,04,0 1,05,0 1,06,0 1,07,0 L5
4,00,0 4,01,0 4,01,1 4,02,1 4,03,1 N5
3,02,0 3,03,0 4,02,0 4,03,0 4,04,0 P5
3,03,1 3,03,2 3,04,0 3,04,1 3,05,0 W5
1,04,1 2,03,1 2,04,1 2,04,2 2,05,1 T15
1,06,1 2,05,0 2,06,0 2,06,1 2,06,2 L25
3,06,0 3,06,1 3,07,0 3,08,0 3,08,1 U5
3,09,1 4,08,0 4,09,0 4,09,1 4,10,0 T25
2,07,0 2,07,1 2,08,0 2,09,0 3,09,0 J15
0,08,0 0,09,0 0,10,0 0,10,1 0,10,2 V5
0,09,1 1,08,0 1,08,1 1,09,0 1,09,1 Q5
0,11,0 0,11,1 0,12,0 1,10,1 1,11,1 V15
2,08,1 2,08,2 2,09,1 2,10,0 2,10,1 Z5
1,10,0 1,11,0 1,12,0 1,12,1 2,12,0 L35
3,12,0 4,10,1 4,11,0 4,11,1 4,12,0 S15
2,12,1 2,12,2 3,11,0 3,11,1 3,12,1 V25
1,09,2 1,10,2 1,10,3 2,09,2 3,09,2 J45
2,09,3 2,10,2 2,10,3 2,10,4 2,11,3 X5
1,11,2 2,11,0 2,11,1 2,11,2 3,11,2 T5
3,10,0 3,10,1 3,10,2 3,10,3 4,10,2 Y5

V15 L35 L35 S15 S15         L35 V25 V25                 V25
V15 L35 T5  V25 S15     V15 V15 T5  V25 S15         T5  T5  T5                  X5
V5  L35 Z5  Y5  T25     V5  V15 Z5  Y5  S15     V5  J45 X5  Y5  Y5          J45 X5  Y5                  X5
V5  Q5  J15 J15 T25     Q5  Q5  Z5  T25 T25         J45 J45 J45                 X5
V5  Q5  J15 U5  T25         Q5  Z5  U5                  Z5
    L5  J15 U5                  J15
    L5  L25 U5              L25 L25 U5                  L25
    L5  L25 W5                  T15
L5  L5  L15 W5  P5          T15 T15 W5                  T15
L15 L15 L15 P5  P5      L15 N25 T15 W5  N5          A5  A5  W5                  A5
L45 S25 I5  P5  P5      N25 N25 I5  J25 N5      N25 A5  I5  J25 J25         A5  I5  J25                 I5
L45 S25 S25 N15 N5      N25 F5  S25 J25 N5          F5  F5  F5                  F5
L45 L45 S25 N15 N5          L45 N15 N15                 N15

solution 7 (75,366,704 searches):
2,02,0 2,02,1 2,02,2 2,02,3 2,02,4 I5
1,02,2 1,02,3 1,03,2 2,03,2 2,03,3 A5
1,01,1 1,01,2 2,01,2 2,01,3 3,01,2 F5
3,01,1 3,02,1 3,02,2 3,02,3 4,02,2 J25
2,00,1 2,00,2 3,00,0 3,00,1 3,01,0 N15
1,01,0 1,02,0 2,00,0 2,01,0 2,01,1 S25
0,00,0 0,01,0 0,02,0 1,00,0 1,00,1 L45
0,01,1 0,02,1 0,02,2 1,02,1 1,03,1 N25
0,03,0 0,03,1 1,03,0 2,03,0 2,04,0 L15
0,04,0 1,04,0 1,05,0 1,06,0 1,07,0 L5
4,00,0 4,01,0 4,01,1 4,02,1 4,03,1 N5
3,02,0 3,03,0 4,02,0 4,03,0 4,04,0 P5
3,03,1 3,03,2 3,04,0 3,04,1 3,05,0 W5
1,04,1 2,03,1 2,04,1 2,04,2 2,05,1 T15
1,06,1 2,05,0 2,06,0 2,06,1 2,06,2 L25
3,06,0 3,06,1 3,07,0 3,08,0 3,08,1 U5
4,08,0 4,09,0 4,10,0 4,10,1 4,10,2 V5
2,09,3 2,10,2 2,10,3 2,10,4 2,11,3 X5
3,09,2 3,10,0 3,10,1 3,10,2 3,10,3 Y5
2,08,1 2,09,1 2,10,1 3,09,1 4,09,1 T5
2,07,0 2,07,1 2,08,0 2,09,0 3,09,0 J15
1,09,2 1,10,2 1,10,3 2,08,2 2,09,2 S15
0,08,0 1,08,0 1,09,0 1,10,0 2,10,0 Z5
0,09,0 0,09,1 1,08,1 1,09,1 1,10,1 T25
0,10,1 0,10,2 0,11,1 1,11,0 1,11,1 V25
0,10,0 0,11,0 0,12,0 1,12,0 1,12,1 J45
1,11,2 2,11,0 2,11,1 2,11,2 2,12,2 L35
2,12,0 2,12,1 3,11,1 3,11,2 3,12,1 V15
3,11,0 3,12,0 4,11,0 4,11,1 4,12,0 Q5

J45 J45 V15 Q5  Q5          J45 V15 V15                 L35
J45 V25 L35 Q5  Q5      V25 V25 L35 V15 Q5          L35 L35 V15                 X5
J45 Z5  Z5  Y5  V5      V25 T25 T5  Y5  V5      V25 S15 X5  Y5  V5          S15 X5  Y5                  X5
T25 Z5  J15 J15 V5      T25 T25 T5  T5  T5          S15 S15 Y5                  X5
Z5  Z5  J15 U5  V5          T25 T5  U5                  S15
    L5  J15 U5                  J15
    L5  L25 U5              L25 L25 U5                  L25
    L5  L25 W5                  T15
L5  L5  L15 W5  P5          T15 T15 W5                  T15
L15 L15 L15 P5  P5      L15 N25 T15 W5  N5          A5  A5  W5                  A5
L45 S25 I5  P5  P5      N25 N25 I5  J25 N5      N25 A5  I5  J25 J25         A5  I5  J25                 I5
L45 S25 S25 N15 N5      N25 F5  S25 J25 N5          F5  F5  F5                  F5
L45 L45 S25 N15 N5          L45 N15 N15                 N15

solution 8 (75,367,773 searches):
2,02,0 2,02,1 2,02,2 2,02,3 2,02,4 I5
1,02,2 1,02,3 1,03,2 2,03,2 2,03,3 A5
1,01,1 1,01,2 2,01,2 2,01,3 3,01,2 F5
3,01,1 3,02,1 3,02,2 3,02,3 4,02,2 J25
2,00,1 2,00,2 3,00,0 3,00,1 3,01,0 N15
1,01,0 1,02,0 2,00,0 2,01,0 2,01,1 S25
0,00,0 0,01,0 0,02,0 1,00,0 1,00,1 L45
0,01,1 0,02,1 0,02,2 1,02,1 1,03,1 N25
0,03,0 0,03,1 1,03,0 2,03,0 2,04,0 L15
0,04,0 1,04,0 1,05,0 1,06,0 1,07,0 L5
4,00,0 4,01,0 4,01,1 4,02,1 4,03,1 N5
3,02,0 3,03,0 4,02,0 4,03,0 4,04,0 P5
3,03,1 3,03,2 3,04,0 3,04,1 3,05,0 W5
1,04,1 2,03,1 2,04,1 2,04,2 2,05,1 T15
1,06,1 2,05,0 2,06,0 2,06,1 2,06,2 L25
3,06,0 3,06,1 3,07,0 3,08,0 3,08,1 U5
4,08,0 4,09,0 4,10,0 4,10,1 4,10,2 V5
1,10,3 2,10,2 2,10,3 2,10,4 3,10,3 X5
2,09,2 2,09,3 3,09,2 3,10,2 3,11,2 J45
2,11,2 2,11,3 2,12,1 2,12,2 3,12,1 S15
3,11,0 3,12,0 4,11,0 4,11,1 4,12,0 Q5
2,07,1 2,08,1 2,08,2 2,09,1 2,10,1 Y5
2,11,1 3,09,1 3,10,1 3,11,1 4,09,1 Z5
1,08,0 1,08,1 1,09,1 2,07,0 2,08,0 V25
1,10,0 1,10,1 2,10,0 3,09,0 3,10,0 J15
0,08,0 0,09,0 0,09,1 1,09,0 2,09,0 L35
0,10,0 0,11,0 0,12,0 1,11,0 2,11,0 T5
0,10,1 0,10,2 1,09,2 1,10,2 1,11,2 T25
0,11,1 1,11,1 1,12,0 1,12,1 2,12,0 V15

T5  V15 V15 Q5  Q5          V15 S15 S15                 S15
T5  T5  T5  Q5  Q5      V15 V15 Z5  Z5  Q5          T25 S15 J45                 S15
T5  J15 J15 J15 V5      T25 J15 Y5  Z5  V5      T25 T25 X5  J45 V5          X5  X5  X5                  X5
L35 L35 L35 J15 V5      L35 V25 Y5  Z5  Z5          T25 J45 J45                 J45
L35 V25 V25 U5  V5          V25 Y5  U5                  Y5
    L5  V25 U5                  Y5
    L5  L25 U5              L25 L25 U5                  L25
    L5  L25 W5                  T15
L5  L5  L15 W5  P5          T15 T15 W5                  T15
L15 L15 L15 P5  P5      L15 N25 T15 W5  N5          A5  A5  W5                  A5
L45 S25 I5  P5  P5      N25 N25 I5  J25 N5      N25 A5  I5  J25 J25         A5  I5  J25                 I5
L45 S25 S25 N15 N5      N25 F5  S25 J25 N5          F5  F5  F5                  F5
L45 L45 S25 N15 N5          L45 N15 N15                 N15

solution 9 (174,113,843 searches):
2,02,0 2,02,1 2,02,2 2,02,3 2,02,4 I5
1,02,2 1,02,3 1,03,2 2,03,2 2,03,3 A5
1,01,1 1,01,2 2,01,2 2,01,3 3,01,2 F5
3,01,1 3,02,1 3,02,2 3,02,3 4,02,2 J25
2,00,1 2,00,2 3,00,0 3,00,1 3,01,0 N15
1,01,0 1,02,0 2,00,0 2,01,0 2,01,1 S25
0,00,0 0,01,0 0,02,0 1,00,0 1,00,1 L45
0,01,1 0,02,1 0,02,2 1,02,1 1,03,1 N25
0,03,0 0,03,1 0,04,0 1,03,0 2,03,0 L35
4,00,0 4,01,0 4,01,1 4,02,1 4,03,1 N5
3,02,0 3,03,0 3,03,1 3,03,2 4,02,0 J45
1,04,0 2,04,0 3,04,0 4,03,0 4,04,0 L5
1,04,1 2,03,1 2,04,1 2,04,2 3,04,1 T15
2,05,1 2,06,1 2,06,2 2,07,1 2,08,1 Y5
1,06,0 1,06,1 1,07,0 1,08,0 1,08,1 U5
1,05,0 2,05,0 2,06,0 2,07,0 3,05,0 T5
3,06,0 3,06,1 3,07,0 3,08,0 4,08,0 J15
0,08,0 0,09,0 1,09,0 1,09,1 1,10,1 V15
0,09,1 0,10,0 0,10,1 0,10,2 1,10,0 L25
2,08,0 2,09,0 3,09,0 4,09,0 4,09,1 L15
3,08,1 3,09,1 3,09,2 3,10,2 3,10,3 W5
1,09,2 1,10,2 1,10,3 2,08,2 2,09,2 S15
2,09,3 2,10,2 2,10,3 2,10,4 2,11,3 X5
0,11,1 1,11,1 2,09,1 2,10,1 2,11,1 V5
1,11,2 2,11,2 2,12,1 2,12,2 3,11,2 T25
0,11,0 0,12,0 1,11,0 1,12,0 1,12,1 Q5
3,10,0 3,10,1 4,10,0 4,10,1 4,10,2 P5
2,12,0 3,11,1 3,12,0 3,12,1 4,11,1 V25
2,10,0 2,11,0 3,11,0 4,11,0 4,12,0 Z5

Q5  Q5  V25 V25 Z5          Q5  T25 V25                 T25
Q5  Q5  Z5  Z5  Z5      V5  V5  V5  V25 V25         T25 T25 T25                 X5
L25 L25 Z5  P5  P5      L25 V15 V5  P5  P5      L25 S15 X5  W5  P5          S15 X5  W5                  X5
V15 V15 L15 L15 L15     L25 V15 V5  W5  L15         S15 S15 W5                  X5
V15 U5  L15 J15 J15         U5  Y5  W5                  S15
    U5  T5  J15                 Y5
    U5  T5  J15             U5  Y5  J15                 Y5
    T5  T5  T5                  Y5
L35 L5  L5  L5  L5          T15 T15 T15                 T15
L35 L35 L35 J45 L5      L35 N25 T15 J45 N5          A5  A5  J45                 A5
L45 S25 I5  J45 J45     N25 N25 I5  J25 N5      N25 A5  I5  J25 J25         A5  I5  J25                 I5
L45 S25 S25 N15 N5      N25 F5  S25 J25 N5          F5  F5  F5                  F5
L45 L45 S25 N15 N5          L45 N15 N15                 N15

solution 10 (183,945,554 searches):
2,02,0 2,02,1 2,02,2 2,02,3 2,02,4 I5
1,02,2 1,02,3 1,03,2 2,03,2 2,03,3 A5
1,01,1 1,01,2 2,01,2 2,01,3 3,01,2 F5
3,01,1 3,02,1 3,02,2 3,02,3 4,02,2 J25
2,00,1 2,00,2 3,00,0 3,00,1 3,01,0 N15
1,01,0 1,02,0 2,00,0 2,01,0 2,01,1 S25
0,00,0 0,01,0 0,02,0 1,00,0 1,00,1 L45
0,01,1 0,02,1 0,02,2 1,02,1 1,03,1 N25
0,03,0 0,03,1 0,04,0 1,03,0 2,03,0 L35
4,00,0 4,01,0 4,01,1 4,02,1 4,03,1 N5
3,02,0 3,03,0 3,03,1 3,03,2 4,02,0 J45
2,04,0 2,05,0 3,04,0 4,03,0 4,04,0 Z5
2,03,1 2,04,1 2,04,2 2,05,1 3,04,1 T15
1,04,0 1,04,1 1,05,0 1,06,0 1,06,1 U5
2,06,0 2,06,1 2,06,2 2,07,1 2,08,1 T5
2,07,0 3,05,0 3,06,0 3,06,1 3,07,0 L25
1,07,0 1,08,0 2,08,0 3,08,0 3,08,1 L15
0,08,0 0,09,0 1,09,0 1,10,0 2,10,0 W5
3,09,0 3,10,0 4,08,0 4,09,0 4,10,0 P5
1,10,3 2,10,2 2,10,3 2,10,4 3,10,3 X5
2,08,2 2,09,0 2,09,1 2,09,2 2,09,3 Y5
0,09,1 0,10,1 0,10,2 1,08,1 1,09,1 S15
1,09,2 1,10,1 1,10,2 1,11,2 2,10,1 T25
0,10,0 0,11,0 0,11,1 1,11,1 1,12,1 V25
0,12,0 1,12,0 2,12,0 2,12,1 2,12,2 V5
1,11,0 2,11,0 2,11,1 2,11,2 2,11,3 L5
3,09,1 3,09,2 3,10,1 3,11,1 4,11,1 J15
3,11,0 3,12,0 3,12,1 4,11,0 4,12,0 Q5
3,10,2 3,11,2 4,09,1 4,10,1 4,10,2 V15

V5  V5  V5  Q5  Q5          V25 V5  Q5                  V5
V25 L5  L5  Q5  Q5      V25 V25 L5  J15 J15         T25 L5  V15                 L5
V25 W5  W5  P5  P5      S15 T25 T25 J15 V15     S15 T25 X5  V15 V15         X5  X5  X5                  X5
W5  W5  Y5  P5  P5      S15 S15 Y5  J15 V15         T25 Y5  J15                 Y5
W5  L15 L15 L15 P5          S15 T5  L15                 Y5
    L15 L25 L25                 T5
    U5  T5  L25             U5  T5  L25                 T5
    U5  Z5  L25                 T15
L35 U5  Z5  Z5  Z5          U5  T15 T15                 T15
L35 L35 L35 J45 Z5      L35 N25 T15 J45 N5          A5  A5  J45                 A5
L45 S25 I5  J45 J45     N25 N25 I5  J25 N5      N25 A5  I5  J25 J25         A5  I5  J25                 I5
L45 S25 S25 N15 N5      N25 F5  S25 J25 N5          F5  F5  F5                  F5
L45 L45 S25 N15 N5          L45 N15 N15                 N15

User-requested solution limit reached.
10 solutions, 183,945,554 searches, duration 0:31:07.429977
