solving PentacubesPlus2x5x15:

solution 1:
00,1,0 01,0,0 01,1,0 01,2,0 02,1,0 X
00,0,0 00,0,1 01,0,1 02,0,1 02,1,1 J1
02,0,0 03,0,0 03,1,0 03,2,0 04,1,0 F
00,1,1 00,2,0 00,2,1 00,3,1 01,1,1 J2
00,3,0 00,4,0 00,4,1 01,3,0 01,3,1 A
01,2,1 02,2,1 03,2,1 04,2,1 05,2,1 I
03,1,1 04,1,1 05,0,1 05,1,0 05,1,1 J3
03,0,1 04,0,0 04,0,1 05,0,0 06,0,0 N
02,2,0 02,3,0 02,4,0 03,4,0 03,4,1 J4
01,4,0 01,4,1 02,3,1 02,4,1 03,3,1 S1
03,3,0 04,3,0 05,3,0 06,3,0 06,3,1 L
04,2,0 05,2,0 06,1,0 06,2,0 06,2,1 L3
04,3,1 04,4,0 04,4,1 05,3,1 05,4,1 Q
05,4,0 06,4,0 06,4,1 07,4,0 07,4,1 P
06,0,1 06,1,1 07,0,1 08,0,0 08,0,1 L1
07,0,0 07,1,0 07,2,0 07,2,1 08,1,0 L2
07,1,1 08,1,1 09,1,0 09,1,1 09,2,0 L4
09,0,0 09,0,1 10,0,1 10,1,1 11,1,1 N1
10,0,0 11,0,0 11,0,1 11,1,0 12,0,1 N2
10,1,0 10,2,0 10,2,1 10,3,0 11,2,0 T1
07,3,0 08,2,0 08,2,1 08,3,0 09,2,1 V1
07,3,1 08,3,1 08,4,1 09,3,1 10,3,1 Y
08,4,0 09,3,0 09,4,0 09,4,1 10,4,1 S2
10,4,0 11,3,0 11,4,0 12,2,0 12,3,0 W
12,4,0 12,4,1 13,4,1 14,4,0 14,4,1 U
11,2,1 11,3,1 11,4,1 12,3,1 13,3,1 T
13,2,0 13,3,0 13,4,0 14,3,0 14,3,1 T2
12,2,1 13,2,1 14,0,1 14,1,1 14,2,1 V
12,1,1 13,0,0 13,0,1 13,1,1 14,0,0 V2
12,0,0 12,1,0 13,1,0 14,1,0 14,2,0 Z

A  S1 J4 J4 Q  P  P  P  S2 S2 W  W  U  T2 U      A  S1 S1 J4 Q  Q  P  P  Y  S2 S2 T  U  U  U
A  A  J4 L  L  L  L  V1 V1 S2 T1 W  W  T2 T2     J2 A  S1 S1 Q  Q  L  Y  Y  Y  Y  T  T  T  T2
J2 X  J4 F  L3 L3 L3 L2 V1 L4 T1 T1 W  T2 Z      J2 I  I  I  I  I  L3 L2 V1 V1 T1 T  V  V  V
X  X  X  F  F  L3 L3 L2 L2 L4 T1 N2 Z  Z  Z      J2 J2 J1 L3 L3 L3 L1 L4 L4 L4 N1 N1 V2 V2 V
J1 X  F  F  N  N  N  L2 L1 N1 N2 N2 Z  V2 V2     J1 J1 J1 N  N  L3 L1 L1 L1 N1 N1 N2 N2 V2 V

solution 2:
00,1,0 01,0,0 01,1,0 01,2,0 02,1,0 X
00,0,0 00,0,1 01,0,1 02,0,1 02,1,1 J1
02,0,0 03,0,0 03,1,0 03,2,0 04,1,0 F
00,1,1 00,2,0 00,2,1 00,3,1 01,1,1 J2
00,3,0 00,4,0 00,4,1 01,3,0 01,3,1 A
01,2,1 02,2,1 03,2,1 04,2,1 05,2,1 I
03,1,1 04,1,1 05,0,1 05,1,0 05,1,1 J3
03,0,1 04,0,0 04,0,1 05,0,0 06,0,0 N
02,2,0 02,3,0 02,4,0 03,4,0 03,4,1 J4
01,4,0 01,4,1 02,3,1 02,4,1 03,3,1 S1
03,3,0 04,3,0 05,3,0 06,3,0 06,3,1 L
04,2,0 05,2,0 06,1,0 06,2,0 06,2,1 L3
04,3,1 04,4,0 04,4,1 05,3,1 05,4,1 Q
05,4,0 06,4,0 06,4,1 07,4,0 07,4,1 P
06,0,1 06,1,1 07,0,1 08,0,0 08,0,1 L1
07,0,0 07,1,0 07,2,0 07,2,1 08,1,0 L2
07,1,1 08,1,1 09,1,0 09,1,1 09,2,0 L4
09,0,0 09,0,1 10,0,1 10,1,1 11,1,1 N1
10,0,0 10,1,0 10,2,0 11,1,0 12,1,0 T
11,0,0 11,0,1 12,0,0 13,0,0 13,0,1 U
10,2,1 11,2,1 12,0,1 12,1,1 12,2,1 V
14,0,1 14,1,1 14,2,0 14,2,1 14,3,1 Y
13,1,0 13,1,1 13,2,1 14,0,0 14,1,0 V2
12,4,0 13,3,1 13,4,0 13,4,1 14,4,1 S2
12,2,0 13,2,0 13,3,0 14,3,0 14,4,0 W
09,2,1 09,3,1 10,3,1 11,3,1 11,4,1 Z
11,2,0 11,3,0 12,3,0 12,3,1 12,4,1 V1
09,4,0 10,3,0 10,4,0 10,4,1 11,4,0 T1
07,3,1 08,3,1 08,4,0 08,4,1 09,4,1 N2
07,3,0 08,2,0 08,2,1 08,3,0 09,3,0 T2

A  S1 J4 J4 Q  P  P  P  N2 T1 T1 T1 S2 S2 W      A  S1 S1 J4 Q  Q  P  P  N2 N2 T1 Z  V1 S2 S2
A  A  J4 L  L  L  L  T2 T2 T2 T1 V1 V1 W  W      J2 A  S1 S1 Q  Q  L  N2 N2 Z  Z  Z  V1 S2 Y
J2 X  J4 F  L3 L3 L3 L2 T2 L4 T  V1 W  W  Y      J2 I  I  I  I  I  L3 L2 T2 Z  V  V  V  V2 Y
X  X  X  F  F  L3 L3 L2 L2 L4 T  T  T  V2 V2     J2 J2 J1 L3 L3 L3 L1 L4 L4 L4 N1 N1 V  V2 Y
J1 X  F  F  N  N  N  L2 L1 N1 T  U  U  U  V2     J1 J1 J1 N  N  L3 L1 L1 L1 N1 N1 U  V  U  Y

solution 3:
00,1,0 01,0,0 01,1,0 01,2,0 02,1,0 X
00,0,0 00,0,1 01,0,1 02,0,1 02,1,1 J1
02,0,0 03,0,0 03,1,0 03,2,0 04,1,0 F
00,1,1 00,2,0 00,2,1 00,3,1 01,1,1 J2
00,3,0 00,4,0 00,4,1 01,3,0 01,3,1 A
01,2,1 02,2,1 03,2,1 04,2,1 05,2,1 I
03,1,1 04,1,1 05,0,1 05,1,0 05,1,1 J3
03,0,1 04,0,0 04,0,1 05,0,0 06,0,0 N
02,2,0 02,3,0 02,4,0 03,4,0 03,4,1 J4
01,4,0 01,4,1 02,3,1 02,4,1 03,3,1 S1
03,3,0 04,3,0 05,3,0 06,3,0 06,3,1 L
04,2,0 05,2,0 06,1,0 06,2,0 06,2,1 L3
04,3,1 04,4,0 04,4,1 05,3,1 05,4,1 Q
05,4,0 06,4,0 06,4,1 07,4,0 07,4,1 P
06,0,1 06,1,1 07,0,1 08,0,0 08,0,1 L1
07,0,0 07,1,0 07,2,0 07,2,1 08,1,0 L2
07,1,1 08,1,1 09,1,0 09,1,1 09,2,0 L4
09,0,0 09,0,1 10,0,1 10,1,1 11,1,1 N1
10,0,0 10,1,0 10,2,0 11,1,0 12,1,0 T
11,0,0 12,0,0 13,0,0 13,1,0 13,2,0 V
11,0,1 12,0,1 12,1,1 13,0,1 14,0,1 Y
13,1,1 13,2,1 14,0,0 14,1,0 14,1,1 V1
14,2,0 14,2,1 14,3,1 14,4,0 14,4,1 U
12,4,1 13,3,0 13,3,1 13,4,1 14,3,0 V2
11,2,0 12,2,0 12,3,0 12,4,0 13,4,0 Z
11,3,0 11,3,1 11,4,1 12,2,1 12,3,1 N2
09,3,1 09,4,1 10,2,1 10,3,1 11,2,1 W
09,4,0 10,3,0 10,4,0 10,4,1 11,4,0 T1
07,3,1 08,2,0 08,2,1 08,3,1 09,2,1 S2
07,3,0 08,3,0 08,4,0 08,4,1 09,3,0 T2

A  S1 J4 J4 Q  P  P  P  T2 T1 T1 T1 Z  Z  U      A  S1 S1 J4 Q  Q  P  P  T2 W  T1 N2 V2 V2 U
A  A  J4 L  L  L  L  T2 T2 T2 T1 N2 Z  V2 V2     J2 A  S1 S1 Q  Q  L  S2 S2 W  W  N2 N2 V2 U
J2 X  J4 F  L3 L3 L3 L2 S2 L4 T  Z  Z  V  U      J2 I  I  I  I  I  L3 L2 S2 S2 W  W  N2 V1 U
X  X  X  F  F  L3 L3 L2 L2 L4 T  T  T  V  V1     J2 J2 J1 L3 L3 L3 L1 L4 L4 L4 N1 N1 Y  V1 V1
J1 X  F  F  N  N  N  L2 L1 N1 T  V  V  V  V1     J1 J1 J1 N  N  L3 L1 L1 L1 N1 N1 Y  Y  Y  Y

solution 4:
00,1,0 01,0,0 01,1,0 01,2,0 02,1,0 X
00,0,0 00,0,1 01,0,1 02,0,1 02,1,1 J1
02,0,0 03,0,0 03,1,0 03,2,0 04,1,0 F
00,1,1 00,2,0 00,2,1 00,3,1 01,1,1 J2
00,3,0 00,4,0 00,4,1 01,3,0 01,3,1 A
01,2,1 02,2,1 03,2,1 04,2,1 05,2,1 I
03,1,1 04,1,1 05,0,1 05,1,0 05,1,1 J3
03,0,1 04,0,0 04,0,1 05,0,0 06,0,0 N
02,2,0 02,3,0 02,4,0 03,4,0 03,4,1 J4
01,4,0 01,4,1 02,3,1 02,4,1 03,3,1 S1
03,3,0 04,3,0 05,3,0 06,3,0 06,3,1 L
04,2,0 05,2,0 06,1,0 06,2,0 06,2,1 L3
04,3,1 04,4,0 04,4,1 05,3,1 05,4,1 Q
05,4,0 06,4,0 06,4,1 07,4,0 07,4,1 P
06,0,1 06,1,1 07,0,1 08,0,0 08,0,1 L1
07,0,0 07,1,0 07,2,0 07,2,1 08,1,0 L2
07,1,1 08,1,1 09,1,0 09,1,1 09,2,0 L4
09,0,0 09,0,1 10,0,1 10,1,1 11,1,1 N1
10,0,0 11,0,0 11,0,1 11,1,0 12,0,0 T1
10,1,0 10,2,0 10,2,1 10,3,1 11,2,1 S2
07,3,1 08,3,1 08,4,0 08,4,1 09,4,0 V1
07,3,0 08,2,0 08,2,1 08,3,0 09,3,0 T2
09,2,1 09,3,1 09,4,1 10,4,1 11,4,1 V
10,4,0 11,4,0 12,3,0 12,4,0 13,4,0 Y
10,3,0 11,2,0 11,3,0 12,1,0 12,2,0 W
11,3,1 12,1,1 12,2,1 12,3,1 13,1,1 Z
12,4,1 13,2,1 13,3,1 13,4,1 14,4,1 T
13,2,0 13,3,0 14,3,0 14,3,1 14,4,0 N2
12,0,1 13,0,0 13,0,1 13,1,0 14,1,0 V2
14,0,0 14,0,1 14,1,1 14,2,0 14,2,1 U

A  S1 J4 J4 Q  P  P  P  V1 V1 Y  Y  Y  Y  N2     A  S1 S1 J4 Q  Q  P  P  V1 V  V  V  T  T  T
A  A  J4 L  L  L  L  T2 T2 T2 W  W  Y  N2 N2     J2 A  S1 S1 Q  Q  L  V1 V1 V  S2 Z  Z  T  N2
J2 X  J4 F  L3 L3 L3 L2 T2 L4 S2 W  W  N2 U      J2 I  I  I  I  I  L3 L2 T2 V  S2 S2 Z  T  U
X  X  X  F  F  L3 L3 L2 L2 L4 S2 T1 W  V2 V2     J2 J2 J1 L3 L3 L3 L1 L4 L4 L4 N1 N1 Z  Z  U
J1 X  F  F  N  N  N  L2 L1 N1 T1 T1 T1 V2 U      J1 J1 J1 N  N  L3 L1 L1 L1 N1 N1 T1 V2 V2 U

solution 5:
00,1,0 01,0,0 01,1,0 01,2,0 02,1,0 X
00,0,0 00,0,1 01,0,1 02,0,1 02,1,1 J1
02,0,0 03,0,0 03,1,0 03,2,0 04,1,0 F
00,1,1 00,2,0 00,2,1 00,3,1 01,1,1 J2
00,3,0 00,4,0 00,4,1 01,3,0 01,3,1 A
01,2,1 02,2,1 03,2,1 04,2,1 05,2,1 I
03,1,1 04,1,1 05,0,1 05,1,0 05,1,1 J3
03,0,1 04,0,0 04,0,1 05,0,0 06,0,0 N
02,2,0 02,3,0 02,4,0 03,4,0 03,4,1 J4
01,4,0 01,4,1 02,3,1 02,4,1 03,3,1 S1
03,3,0 04,3,0 05,3,0 06,3,0 06,3,1 L
04,2,0 05,2,0 06,1,0 06,2,0 06,2,1 L3
04,3,1 04,4,0 04,4,1 05,3,1 05,4,1 Q
05,4,0 06,4,0 06,4,1 07,4,0 07,4,1 P
06,0,1 06,1,1 07,0,1 08,0,0 08,0,1 L1
07,0,0 07,1,0 07,2,0 07,2,1 08,1,0 L2
07,1,1 08,1,1 09,1,0 09,1,1 09,2,0 L4
09,0,0 09,0,1 10,0,1 10,1,1 11,1,1 N1
10,0,0 11,0,0 11,0,1 11,1,0 12,0,0 T1
10,1,0 10,2,0 10,3,0 11,2,0 12,2,0 T
07,3,0 07,3,1 08,2,0 08,3,0 08,4,0 T2
08,2,1 08,3,1 09,3,1 10,3,1 10,4,1 Z
08,4,1 09,3,0 09,4,0 09,4,1 10,4,0 N2
09,2,1 10,2,1 11,2,1 11,3,1 11,4,1 V
11,3,0 11,4,0 12,2,1 12,3,0 12,3,1 V2
12,0,1 12,1,1 13,1,1 13,2,1 14,2,1 W
12,1,0 13,0,0 13,0,1 13,1,0 14,0,1 V1
14,0,0 14,1,0 14,1,1 14,2,0 14,3,0 Y
13,2,0 13,3,0 13,3,1 13,4,1 14,3,1 S2
12,4,0 12,4,1 13,4,0 14,4,0 14,4,1 U

A  S1 J4 J4 Q  P  P  P  T2 N2 N2 V2 U  U  U      A  S1 S1 J4 Q  Q  P  P  N2 N2 Z  V  U  S2 U
A  A  J4 L  L  L  L  T2 T2 N2 T  V2 V2 S2 Y      J2 A  S1 S1 Q  Q  L  T2 Z  Z  Z  V  V2 S2 S2
J2 X  J4 F  L3 L3 L3 L2 T2 L4 T  T  T  S2 Y      J2 I  I  I  I  I  L3 L2 Z  V  V  V  V2 W  W
X  X  X  F  F  L3 L3 L2 L2 L4 T  T1 V1 V1 Y      J2 J2 J1 L3 L3 L3 L1 L4 L4 L4 N1 N1 W  W  Y
J1 X  F  F  N  N  N  L2 L1 N1 T1 T1 T1 V1 Y      J1 J1 J1 N  N  L3 L1 L1 L1 N1 N1 T1 W  V1 V1

solution 6:
00,1,0 01,0,0 01,1,0 01,2,0 02,1,0 X
00,0,0 00,0,1 01,0,1 02,0,1 02,1,1 J1
02,0,0 03,0,0 03,1,0 03,2,0 04,1,0 F
00,1,1 00,2,0 00,2,1 00,3,1 01,1,1 J2
00,3,0 00,4,0 00,4,1 01,3,0 01,3,1 A
01,2,1 02,2,1 03,2,1 04,2,1 05,2,1 I
03,1,1 04,1,1 05,0,1 05,1,0 05,1,1 J3
03,0,1 04,0,0 04,0,1 05,0,0 06,0,0 N
02,2,0 02,3,0 02,4,0 03,4,0 03,4,1 J4
01,4,0 01,4,1 02,3,1 02,4,1 03,3,1 S1
03,3,0 04,3,0 05,3,0 06,3,0 06,3,1 L
04,2,0 05,2,0 06,1,0 06,2,0 06,2,1 L3
04,3,1 04,4,0 04,4,1 05,3,1 05,4,1 Q
05,4,0 06,4,0 06,4,1 07,4,0 07,4,1 P
06,0,1 06,1,1 07,0,1 08,0,0 08,0,1 L1
07,0,0 07,1,0 07,2,0 07,2,1 08,1,0 L2
07,1,1 08,1,1 09,1,0 09,1,1 09,2,0 L4
09,0,0 09,0,1 10,0,1 10,1,1 11,1,1 N1
10,0,0 11,0,0 11,0,1 11,1,0 12,0,0 T1
10,1,0 10,2,0 10,2,1 10,3,0 11,2,1 T2
07,3,0 08,2,0 08,2,1 08,3,0 09,2,1 V1
07,3,1 08,3,1 08,4,1 09,3,1 10,3,1 Y
08,4,0 09,3,0 09,4,0 09,4,1 10,4,1 S2
10,4,0 11,3,1 11,4,0 11,4,1 12,3,1 V2
12,4,0 12,4,1 13,4,1 14,4,0 14,4,1 U
11,2,0 11,3,0 12,3,0 13,3,0 13,4,0 Z
12,2,0 13,2,0 14,1,0 14,2,0 14,3,0 T
12,1,1 12,2,1 13,2,1 13,3,1 14,3,1 W
12,0,1 13,0,1 14,0,1 14,1,1 14,2,1 V
12,1,0 13,0,0 13,1,0 13,1,1 14,0,0 N2

A  S1 J4 J4 Q  P  P  P  S2 S2 V2 V2 U  Z  U      A  S1 S1 J4 Q  Q  P  P  Y  S2 S2 V2 U  U  U
A  A  J4 L  L  L  L  V1 V1 S2 T2 Z  Z  Z  T      J2 A  S1 S1 Q  Q  L  Y  Y  Y  Y  V2 V2 W  W
J2 X  J4 F  L3 L3 L3 L2 V1 L4 T2 Z  T  T  T      J2 I  I  I  I  I  L3 L2 V1 V1 T2 T2 W  W  V
X  X  X  F  F  L3 L3 L2 L2 L4 T2 T1 N2 N2 T      J2 J2 J1 L3 L3 L3 L1 L4 L4 L4 N1 N1 W  N2 V
J1 X  F  F  N  N  N  L2 L1 N1 T1 T1 T1 N2 N2     J1 J1 J1 N  N  L3 L1 L1 L1 N1 N1 T1 V  V  V

solution 7:
00,1,0 01,0,0 01,1,0 01,2,0 02,1,0 X
00,0,0 00,0,1 01,0,1 02,0,1 02,1,1 J1
02,0,0 03,0,0 03,1,0 03,2,0 04,1,0 F
00,1,1 00,2,0 00,2,1 00,3,1 01,1,1 J2
00,3,0 00,4,0 00,4,1 01,3,0 01,3,1 A
01,2,1 02,2,1 03,2,1 04,2,1 05,2,1 I
03,1,1 04,1,1 05,0,1 05,1,0 05,1,1 J3
03,0,1 04,0,0 04,0,1 05,0,0 06,0,0 N
02,2,0 02,3,0 02,4,0 03,4,0 03,4,1 J4
01,4,0 01,4,1 02,3,1 02,4,1 03,3,1 S1
03,3,0 04,3,0 05,3,0 06,3,0 06,3,1 L
04,2,0 05,2,0 06,1,0 06,2,0 06,2,1 L3
04,3,1 04,4,0 04,4,1 05,3,1 05,4,1 Q
05,4,0 06,4,0 06,4,1 07,4,0 07,4,1 P
06,0,1 06,1,1 07,0,1 08,0,0 08,0,1 L1
07,0,0 07,1,0 07,2,0 07,2,1 08,1,0 L2
07,1,1 08,1,1 09,1,0 09,1,1 09,2,0 L4
09,0,0 09,0,1 10,0,1 10,1,1 11,1,1 N1
10,0,0 11,0,0 11,0,1 11,1,0 12,0,0 T1
09,2,1 09,3,1 10,1,0 10,2,0 10,2,1 V1
07,3,0 07,3,1 08,2,1 08,3,1 08,4,1 T2
08,2,0 08,3,0 08,4,0 09,3,0 10,3,0 T
09,4,0 10,4,0 11,2,0 11,3,0 11,4,0 V
09,4,1 10,3,1 10,4,1 11,4,1 12,4,1 Y
11,3,1 12,3,0 12,3,1 12,4,0 13,4,0 V2
11,2,1 12,0,1 12,1,1 12,2,1 13,0,1 Z
12,1,0 12,2,0 13,0,0 13,1,0 14,0,0 W
13,1,1 13,2,1 14,0,1 14,1,0 14,1,1 N2
14,2,0 14,2,1 14,3,0 14,4,0 14,4,1 U
13,2,0 13,3,0 13,3,1 13,4,1 14,3,1 S2

A  S1 J4 J4 Q  P  P  P  T  V  V  V  V2 V2 U      A  S1 S1 J4 Q  Q  P  P  T2 Y  Y  Y  Y  S2 U
A  A  J4 L  L  L  L  T2 T  T  T  V  V2 S2 U      J2 A  S1 S1 Q  Q  L  T2 T2 V1 Y  V2 V2 S2 S2
J2 X  J4 F  L3 L3 L3 L2 T  L4 V1 V  W  S2 U      J2 I  I  I  I  I  L3 L2 T2 V1 V1 Z  Z  N2 U
X  X  X  F  F  L3 L3 L2 L2 L4 V1 T1 W  W  N2     J2 J2 J1 L3 L3 L3 L1 L4 L4 L4 N1 N1 Z  N2 N2
J1 X  F  F  N  N  N  L2 L1 N1 T1 T1 T1 W  W      J1 J1 J1 N  N  L3 L1 L1 L1 N1 N1 T1 Z  Z  N2

solution 8:
00,1,0 01,0,0 01,1,0 01,2,0 02,1,0 X
00,0,0 00,0,1 01,0,1 02,0,1 02,1,1 J1
02,0,0 03,0,0 03,1,0 03,2,0 04,1,0 F
00,1,1 00,2,0 00,2,1 00,3,1 01,1,1 J2
00,3,0 00,4,0 00,4,1 01,3,0 01,3,1 A
01,2,1 02,2,1 03,2,1 04,2,1 05,2,1 I
03,1,1 04,1,1 05,0,1 05,1,0 05,1,1 J3
03,0,1 04,0,0 04,0,1 05,0,0 06,0,0 N
02,2,0 02,3,0 02,4,0 03,4,0 03,4,1 J4
01,4,0 01,4,1 02,3,1 02,4,1 03,3,1 S1
03,3,0 04,3,0 05,3,0 06,3,0 06,3,1 L
04,2,0 05,2,0 06,1,0 06,2,0 06,2,1 L3
04,3,1 04,4,0 04,4,1 05,3,1 05,4,1 Q
05,4,0 06,4,0 06,4,1 07,4,0 07,4,1 P
06,0,1 06,1,1 07,0,1 08,0,0 08,0,1 L1
07,0,0 07,1,0 07,2,0 07,2,1 08,1,0 L2
07,1,1 08,1,1 09,1,0 09,1,1 09,2,0 L4
09,0,0 09,0,1 10,0,1 10,1,1 11,1,1 N1
10,0,0 11,0,0 11,0,1 11,1,0 12,0,0 T1
09,2,1 09,3,1 10,1,0 10,2,0 10,2,1 V1
07,3,0 07,3,1 08,2,1 08,3,1 08,4,1 T2
08,2,0 08,3,0 08,4,0 09,3,0 10,3,0 T
09,4,0 10,4,0 11,2,0 11,3,0 11,4,0 V
09,4,1 10,3,1 10,4,1 11,4,1 12,4,1 Y
11,3,1 12,3,0 12,3,1 12,4,0 13,4,0 V2
11,2,1 12,0,1 12,1,1 12,2,1 13,0,1 Z
12,1,0 12,2,0 13,0,0 13,1,0 14,0,0 W
13,1,1 13,2,1 14,0,1 14,1,0 14,1,1 N2
14,2,0 14,2,1 14,3,1 14,4,0 14,4,1 U
13,2,0 13,3,0 13,3,1 13,4,1 14,3,0 S2

A  S1 J4 J4 Q  P  P  P  T  V  V  V  V2 V2 U      A  S1 S1 J4 Q  Q  P  P  T2 Y  Y  Y  Y  S2 U
A  A  J4 L  L  L  L  T2 T  T  T  V  V2 S2 S2     J2 A  S1 S1 Q  Q  L  T2 T2 V1 Y  V2 V2 S2 U
J2 X  J4 F  L3 L3 L3 L2 T  L4 V1 V  W  S2 U      J2 I  I  I  I  I  L3 L2 T2 V1 V1 Z  Z  N2 U
X  X  X  F  F  L3 L3 L2 L2 L4 V1 T1 W  W  N2     J2 J2 J1 L3 L3 L3 L1 L4 L4 L4 N1 N1 Z  N2 N2
J1 X  F  F  N  N  N  L2 L1 N1 T1 T1 T1 W  W      J1 J1 J1 N  N  L3 L1 L1 L1 N1 N1 T1 Z  Z  N2

solution 9:
00,1,0 01,0,0 01,1,0 01,2,0 02,1,0 X
00,0,0 00,0,1 01,0,1 02,0,1 02,1,1 J1
02,0,0 03,0,0 03,1,0 03,2,0 04,1,0 F
00,1,1 00,2,0 00,2,1 00,3,1 01,1,1 J2
00,3,0 00,4,0 00,4,1 01,3,0 01,3,1 A
01,2,1 02,2,1 03,2,1 04,2,1 05,2,1 I
03,1,1 04,1,1 05,0,1 05,1,0 05,1,1 J3
03,0,1 04,0,0 04,0,1 05,0,0 06,0,0 N
02,2,0 02,3,0 02,4,0 03,4,0 03,4,1 J4
01,4,0 01,4,1 02,3,1 02,4,1 03,3,1 S1
03,3,0 04,3,0 05,3,0 06,3,0 06,3,1 L
04,2,0 05,2,0 06,1,0 06,2,0 06,2,1 L3
04,3,1 04,4,0 04,4,1 05,3,1 05,4,1 Q
05,4,0 06,4,0 06,4,1 07,4,0 07,4,1 P
06,0,1 06,1,1 07,0,1 08,0,0 08,0,1 L1
07,0,0 07,1,0 07,2,0 07,2,1 08,1,0 L2
07,1,1 08,1,1 09,1,0 09,1,1 09,2,0 L4
09,0,0 09,0,1 10,0,1 10,1,1 11,1,1 N1
10,0,0 11,0,0 11,0,1 11,1,0 12,0,0 T1
09,2,1 09,3,1 10,1,0 10,2,0 10,2,1 V1
07,3,0 07,3,1 08,2,1 08,3,1 08,4,1 T2
08,2,0 08,3,0 08,4,0 09,3,0 10,3,0 T
09,4,0 10,4,0 11,2,0 11,3,0 11,4,0 V
09,4,1 10,3,1 10,4,1 11,4,1 12,4,1 Y
11,3,1 12,3,0 12,3,1 12,4,0 13,4,0 V2
11,2,1 12,0,1 12,1,1 12,2,1 13,0,1 Z
12,1,0 12,2,0 13,0,0 13,1,0 14,0,0 W
13,1,1 14,0,1 14,1,0 14,1,1 14,2,0 S2
13,2,1 13,3,1 13,4,1 14,2,1 14,4,1 U
13,2,0 13,3,0 14,3,0 14,3,1 14,4,0 N2

A  S1 J4 J4 Q  P  P  P  T  V  V  V  V2 V2 N2     A  S1 S1 J4 Q  Q  P  P  T2 Y  Y  Y  Y  U  U
A  A  J4 L  L  L  L  T2 T  T  T  V  V2 N2 N2     J2 A  S1 S1 Q  Q  L  T2 T2 V1 Y  V2 V2 U  N2
J2 X  J4 F  L3 L3 L3 L2 T  L4 V1 V  W  N2 S2     J2 I  I  I  I  I  L3 L2 T2 V1 V1 Z  Z  U  U
X  X  X  F  F  L3 L3 L2 L2 L4 V1 T1 W  W  S2     J2 J2 J1 L3 L3 L3 L1 L4 L4 L4 N1 N1 Z  S2 S2
J1 X  F  F  N  N  N  L2 L1 N1 T1 T1 T1 W  W      J1 J1 J1 N  N  L3 L1 L1 L1 N1 N1 T1 Z  Z  S2

solution 10:
00,1,0 01,0,0 01,1,0 01,2,0 02,1,0 X
00,0,0 00,0,1 01,0,1 02,0,1 02,1,1 J1
02,0,0 03,0,0 03,1,0 03,2,0 04,1,0 F
00,1,1 00,2,0 00,2,1 00,3,1 01,1,1 J2
00,3,0 00,4,0 00,4,1 01,3,0 01,3,1 A
01,2,1 02,2,1 03,2,1 04,2,1 05,2,1 I
03,1,1 04,1,1 05,0,1 05,1,0 05,1,1 J3
03,0,1 04,0,0 04,0,1 05,0,0 06,0,0 N
02,2,0 02,3,0 02,4,0 03,4,0 03,4,1 J4
01,4,0 01,4,1 02,3,1 02,4,1 03,3,1 S1
03,3,0 04,3,0 05,3,0 06,3,0 06,3,1 L
04,2,0 05,2,0 06,1,0 06,2,0 06,2,1 L3
04,3,1 04,4,0 04,4,1 05,3,1 05,4,1 Q
05,4,0 06,4,0 06,4,1 07,4,0 07,4,1 P
06,0,1 06,1,1 07,0,1 08,0,0 08,0,1 L1
07,0,0 07,1,0 07,2,0 07,2,1 08,1,0 L2
07,1,1 08,1,1 09,1,0 09,1,1 09,2,0 L4
09,0,0 09,0,1 10,0,1 10,1,1 11,1,1 N1
10,0,0 11,0,0 11,0,1 11,1,0 12,0,0 T1
09,2,1 09,3,1 10,1,0 10,2,0 10,2,1 V1
07,3,0 07,3,1 08,2,1 08,3,1 08,4,1 T2
08,2,0 08,3,0 08,4,0 09,3,0 10,3,0 T
09,4,0 10,4,0 11,2,0 11,3,0 11,4,0 V
09,4,1 10,3,1 10,4,1 11,4,1 12,4,1 Y
11,3,1 12,3,0 12,3,1 12,4,0 13,4,0 V2
11,2,1 12,0,1 12,1,1 12,2,1 13,0,1 Z
12,1,0 12,2,0 13,0,0 13,1,0 14,0,0 W
13,1,1 14,0,1 14,1,0 14,1,1 14,2,0 S2
13,2,1 13,4,1 14,2,1 14,3,1 14,4,1 U
13,2,0 13,3,0 13,3,1 14,3,0 14,4,0 N2

A  S1 J4 J4 Q  P  P  P  T  V  V  V  V2 V2 N2     A  S1 S1 J4 Q  Q  P  P  T2 Y  Y  Y  Y  U  U
A  A  J4 L  L  L  L  T2 T  T  T  V  V2 N2 N2     J2 A  S1 S1 Q  Q  L  T2 T2 V1 Y  V2 V2 N2 U
J2 X  J4 F  L3 L3 L3 L2 T  L4 V1 V  W  N2 S2     J2 I  I  I  I  I  L3 L2 T2 V1 V1 Z  Z  U  U
X  X  X  F  F  L3 L3 L2 L2 L4 V1 T1 W  W  S2     J2 J2 J1 L3 L3 L3 L1 L4 L4 L4 N1 N1 Z  S2 S2
J1 X  F  F  N  N  N  L2 L1 N1 T1 T1 T1 W  W      J1 J1 J1 N  N  L3 L1 L1 L1 N1 N1 T1 Z  Z  S2

solution 11:
00,1,0 01,0,0 01,1,0 01,2,0 02,1,0 X
00,0,0 00,0,1 01,0,1 02,0,1 02,1,1 J1
02,0,0 03,0,0 03,1,0 03,2,0 04,1,0 F
00,1,1 00,2,0 00,2,1 00,3,1 01,1,1 J2
00,3,0 00,4,0 00,4,1 01,3,0 01,3,1 A
01,2,1 02,2,1 03,2,1 04,2,1 05,2,1 I
03,1,1 04,1,1 05,0,1 05,1,0 05,1,1 J3
03,0,1 04,0,0 04,0,1 05,0,0 06,0,0 N
02,2,0 02,3,0 02,4,0 03,4,0 03,4,1 J4
01,4,0 01,4,1 02,3,1 02,4,1 03,3,1 S1
03,3,0 04,3,0 05,3,0 06,3,0 06,3,1 L
04,2,0 05,2,0 06,1,0 06,2,0 06,2,1 L3
04,3,1 04,4,0 04,4,1 05,3,1 05,4,1 Q
05,4,0 06,4,0 06,4,1 07,4,0 07,4,1 P
06,0,1 06,1,1 07,0,1 08,0,0 08,0,1 L1
07,0,0 07,1,0 07,2,0 07,2,1 08,1,0 L2
07,1,1 08,1,1 09,1,0 09,1,1 09,2,0 L4
09,0,0 09,0,1 10,0,1 10,1,1 11,1,1 N1
10,0,0 11,0,0 11,0,1 11,1,0 12,0,0 T1
09,2,1 09,3,1 10,1,0 10,2,0 10,2,1 V1
07,3,0 07,3,1 08,2,1 08,3,1 08,4,1 T2
08,2,0 08,3,0 08,4,0 09,4,0 10,4,0 V
09,3,0 10,3,0 11,2,0 11,3,0 11,4,0 T
09,4,1 10,3,1 10,4,1 11,4,1 12,4,1 Y
11,3,1 12,3,0 12,3,1 12,4,0 13,4,0 V2
11,2,1 12,0,1 12,1,1 12,2,1 13,0,1 Z
12,1,0 12,2,0 13,0,0 13,1,0 14,0,0 W
13,1,1 13,2,1 14,0,1 14,1,0 14,1,1 N2
14,2,0 14,2,1 14,3,0 14,4,0 14,4,1 U
13,2,0 13,3,0 13,3,1 13,4,1 14,3,1 S2

A  S1 J4 J4 Q  P  P  P  V  V  V  T  V2 V2 U      A  S1 S1 J4 Q  Q  P  P  T2 Y  Y  Y  Y  S2 U
A  A  J4 L  L  L  L  T2 V  T  T  T  V2 S2 U      J2 A  S1 S1 Q  Q  L  T2 T2 V1 Y  V2 V2 S2 S2
J2 X  J4 F  L3 L3 L3 L2 V  L4 V1 T  W  S2 U      J2 I  I  I  I  I  L3 L2 T2 V1 V1 Z  Z  N2 U
X  X  X  F  F  L3 L3 L2 L2 L4 V1 T1 W  W  N2     J2 J2 J1 L3 L3 L3 L1 L4 L4 L4 N1 N1 Z  N2 N2
J1 X  F  F  N  N  N  L2 L1 N1 T1 T1 T1 W  W      J1 J1 J1 N  N  L3 L1 L1 L1 N1 N1 T1 Z  Z  N2

solution 12:
00,1,0 01,0,0 01,1,0 01,2,0 02,1,0 X
00,0,0 00,0,1 01,0,1 02,0,1 02,1,1 J1
02,0,0 03,0,0 03,1,0 03,2,0 04,1,0 F
00,1,1 00,2,0 00,2,1 00,3,1 01,1,1 J2
00,3,0 00,4,0 00,4,1 01,3,0 01,3,1 A
01,2,1 02,2,1 03,2,1 04,2,1 05,2,1 I
03,1,1 04,1,1 05,0,1 05,1,0 05,1,1 J3
03,0,1 04,0,0 04,0,1 05,0,0 06,0,0 N
02,2,0 02,3,0 02,4,0 03,4,0 03,4,1 J4
01,4,0 01,4,1 02,3,1 02,4,1 03,3,1 S1
03,3,0 04,3,0 05,3,0 06,3,0 06,3,1 L
04,2,0 05,2,0 06,1,0 06,2,0 06,2,1 L3
04,3,1 04,4,0 04,4,1 05,3,1 05,4,1 Q
05,4,0 06,4,0 06,4,1 07,4,0 07,4,1 P
06,0,1 06,1,1 07,0,1 08,0,0 08,0,1 L1
07,0,0 07,1,0 07,2,0 07,2,1 08,1,0 L2
07,1,1 08,1,1 09,1,0 09,1,1 09,2,0 L4
09,0,0 09,0,1 10,0,1 10,1,1 11,1,1 N1
10,0,0 11,0,0 11,0,1 11,1,0 12,0,0 T1
09,2,1 09,3,1 10,1,0 10,2,0 10,2,1 V1
07,3,0 07,3,1 08,2,1 08,3,1 08,4,1 T2
08,2,0 08,3,0 08,4,0 09,4,0 10,4,0 V
09,3,0 10,3,0 11,2,0 11,3,0 11,4,0 T
09,4,1 10,3,1 10,4,1 11,4,1 12,4,1 Y
11,3,1 12,3,0 12,3,1 12,4,0 13,4,0 V2
11,2,1 12,0,1 12,1,1 12,2,1 13,0,1 Z
12,1,0 12,2,0 13,0,0 13,1,0 14,0,0 W
13,1,1 13,2,1 14,0,1 14,1,0 14,1,1 N2
14,2,0 14,2,1 14,3,1 14,4,0 14,4,1 U
13,2,0 13,3,0 13,3,1 13,4,1 14,3,0 S2

A  S1 J4 J4 Q  P  P  P  V  V  V  T  V2 V2 U      A  S1 S1 J4 Q  Q  P  P  T2 Y  Y  Y  Y  S2 U
A  A  J4 L  L  L  L  T2 V  T  T  T  V2 S2 S2     J2 A  S1 S1 Q  Q  L  T2 T2 V1 Y  V2 V2 S2 U
J2 X  J4 F  L3 L3 L3 L2 V  L4 V1 T  W  S2 U      J2 I  I  I  I  I  L3 L2 T2 V1 V1 Z  Z  N2 U
X  X  X  F  F  L3 L3 L2 L2 L4 V1 T1 W  W  N2     J2 J2 J1 L3 L3 L3 L1 L4 L4 L4 N1 N1 Z  N2 N2
J1 X  F  F  N  N  N  L2 L1 N1 T1 T1 T1 W  W      J1 J1 J1 N  N  L3 L1 L1 L1 N1 N1 T1 Z  Z  N2

solution 13:
00,1,0 01,0,0 01,1,0 01,2,0 02,1,0 X
00,0,0 00,0,1 01,0,1 02,0,1 02,1,1 J1
02,0,0 03,0,0 03,1,0 03,2,0 04,1,0 F
00,1,1 00,2,0 00,2,1 00,3,1 01,1,1 J2
00,3,0 00,4,0 00,4,1 01,3,0 01,3,1 A
01,2,1 02,2,1 03,2,1 04,2,1 05,2,1 I
03,1,1 04,1,1 05,0,1 05,1,0 05,1,1 J3
03,0,1 04,0,0 04,0,1 05,0,0 06,0,0 N
02,2,0 02,3,0 02,4,0 03,4,0 03,4,1 J4
01,4,0 01,4,1 02,3,1 02,4,1 03,3,1 S1
03,3,0 04,3,0 05,3,0 06,3,0 06,3,1 L
04,2,0 05,2,0 06,1,0 06,2,0 06,2,1 L3
04,3,1 04,4,0 04,4,1 05,3,1 05,4,1 Q
05,4,0 06,4,0 06,4,1 07,4,0 07,4,1 P
06,0,1 06,1,1 07,0,1 08,0,0 08,0,1 L1
07,0,0 07,1,0 07,2,0 07,2,1 08,1,0 L2
07,1,1 08,1,1 09,1,0 09,1,1 09,2,0 L4
09,0,0 09,0,1 10,0,1 10,1,1 11,1,1 N1
10,0,0 11,0,0 11,0,1 11,1,0 12,0,0 T1
09,2,1 09,3,1 10,1,0 10,2,0 10,2,1 V1
07,3,0 07,3,1 08,2,1 08,3,1 08,4,1 T2
08,2,0 08,3,0 08,4,0 09,4,0 10,4,0 V
09,3,0 10,3,0 11,2,0 11,3,0 11,4,0 T
09,4,1 10,3,1 10,4,1 11,4,1 12,4,1 Y
11,3,1 12,3,0 12,3,1 12,4,0 13,4,0 V2
11,2,1 12,0,1 12,1,1 12,2,1 13,0,1 Z
12,1,0 12,2,0 13,0,0 13,1,0 14,0,0 W
13,1,1 14,0,1 14,1,0 14,1,1 14,2,0 S2
13,2,1 13,3,1 13,4,1 14,2,1 14,4,1 U
13,2,0 13,3,0 14,3,0 14,3,1 14,4,0 N2

A  S1 J4 J4 Q  P  P  P  V  V  V  T  V2 V2 N2     A  S1 S1 J4 Q  Q  P  P  T2 Y  Y  Y  Y  U  U
A  A  J4 L  L  L  L  T2 V  T  T  T  V2 N2 N2     J2 A  S1 S1 Q  Q  L  T2 T2 V1 Y  V2 V2 U  N2
J2 X  J4 F  L3 L3 L3 L2 V  L4 V1 T  W  N2 S2     J2 I  I  I  I  I  L3 L2 T2 V1 V1 Z  Z  U  U
X  X  X  F  F  L3 L3 L2 L2 L4 V1 T1 W  W  S2     J2 J2 J1 L3 L3 L3 L1 L4 L4 L4 N1 N1 Z  S2 S2
J1 X  F  F  N  N  N  L2 L1 N1 T1 T1 T1 W  W      J1 J1 J1 N  N  L3 L1 L1 L1 N1 N1 T1 Z  Z  S2

solution 14:
00,1,0 01,0,0 01,1,0 01,2,0 02,1,0 X
00,0,0 00,0,1 01,0,1 02,0,1 02,1,1 J1
02,0,0 03,0,0 03,1,0 03,2,0 04,1,0 F
00,1,1 00,2,0 00,2,1 00,3,1 01,1,1 J2
00,3,0 00,4,0 00,4,1 01,3,0 01,3,1 A
01,2,1 02,2,1 03,2,1 04,2,1 05,2,1 I
03,1,1 04,1,1 05,0,1 05,1,0 05,1,1 J3
03,0,1 04,0,0 04,0,1 05,0,0 06,0,0 N
02,2,0 02,3,0 02,4,0 03,4,0 03,4,1 J4
01,4,0 01,4,1 02,3,1 02,4,1 03,3,1 S1
03,3,0 04,3,0 05,3,0 06,3,0 06,3,1 L
04,2,0 05,2,0 06,1,0 06,2,0 06,2,1 L3
04,3,1 04,4,0 04,4,1 05,3,1 05,4,1 Q
05,4,0 06,4,0 06,4,1 07,4,0 07,4,1 P
06,0,1 06,1,1 07,0,1 08,0,0 08,0,1 L1
07,0,0 07,1,0 07,2,0 07,2,1 08,1,0 L2
07,1,1 08,1,1 09,1,0 09,1,1 09,2,0 L4
09,0,0 09,0,1 10,0,1 10,1,1 11,1,1 N1
10,0,0 11,0,0 11,0,1 11,1,0 12,0,0 T1
09,2,1 09,3,1 10,1,0 10,2,0 10,2,1 V1
07,3,0 07,3,1 08,2,1 08,3,1 08,4,1 T2
08,2,0 08,3,0 08,4,0 09,4,0 10,4,0 V
09,3,0 10,3,0 11,2,0 11,3,0 11,4,0 T
09,4,1 10,3,1 10,4,1 11,4,1 12,4,1 Y
11,3,1 12,3,0 12,3,1 12,4,0 13,4,0 V2
11,2,1 12,0,1 12,1,1 12,2,1 13,0,1 Z
12,1,0 12,2,0 13,0,0 13,1,0 14,0,0 W
13,1,1 14,0,1 14,1,0 14,1,1 14,2,0 S2
13,2,1 13,4,1 14,2,1 14,3,1 14,4,1 U
13,2,0 13,3,0 13,3,1 14,3,0 14,4,0 N2

A  S1 J4 J4 Q  P  P  P  V  V  V  T  V2 V2 N2     A  S1 S1 J4 Q  Q  P  P  T2 Y  Y  Y  Y  U  U
A  A  J4 L  L  L  L  T2 V  T  T  T  V2 N2 N2     J2 A  S1 S1 Q  Q  L  T2 T2 V1 Y  V2 V2 N2 U
J2 X  J4 F  L3 L3 L3 L2 V  L4 V1 T  W  N2 S2     J2 I  I  I  I  I  L3 L2 T2 V1 V1 Z  Z  U  U
X  X  X  F  F  L3 L3 L2 L2 L4 V1 T1 W  W  S2     J2 J2 J1 L3 L3 L3 L1 L4 L4 L4 N1 N1 Z  S2 S2
J1 X  F  F  N  N  N  L2 L1 N1 T1 T1 T1 W  W      J1 J1 J1 N  N  L3 L1 L1 L1 N1 N1 T1 Z  Z  S2

solution 15:
00,1,0 01,0,0 01,1,0 01,2,0 02,1,0 X
00,0,0 00,0,1 01,0,1 02,0,1 02,1,1 J1
02,0,0 03,0,0 03,1,0 03,2,0 04,1,0 F
00,1,1 00,2,0 00,2,1 00,3,1 01,1,1 J2
00,3,0 00,4,0 00,4,1 01,3,0 01,3,1 A
01,2,1 02,2,1 03,2,1 04,2,1 05,2,1 I
03,1,1 04,1,1 05,0,1 05,1,0 05,1,1 J3
03,0,1 04,0,0 04,0,1 05,0,0 06,0,0 N
02,2,0 02,3,0 02,4,0 03,4,0 03,4,1 J4
01,4,0 01,4,1 02,3,1 02,4,1 03,3,1 S1
03,3,0 04,3,0 05,3,0 06,3,0 06,3,1 L
04,2,0 05,2,0 06,1,0 06,2,0 06,2,1 L3
04,3,1 04,4,0 04,4,1 05,3,1 05,4,1 Q
05,4,0 06,4,0 06,4,1 07,4,0 07,4,1 P
06,0,1 06,1,1 07,0,1 08,0,0 08,0,1 L1
07,0,0 07,1,0 07,2,0 07,2,1 08,1,0 L2
07,1,1 08,1,1 09,1,0 09,1,1 09,2,0 L4
09,0,0 09,0,1 10,0,1 10,1,1 11,1,1 N1
10,0,0 10,1,0 10,2,0 11,0,0 12,0,0 V
11,0,1 12,0,1 12,1,1 13,0,1 14,0,1 Y
13,1,1 13,2,1 14,0,0 14,1,0 14,1,1 V1
11,1,0 12,1,0 13,0,0 13,1,0 13,2,0 T
14,2,0 14,2,1 14,3,1 14,4,0 14,4,1 U
12,4,1 13,3,0 13,3,1 13,4,1 14,3,0 V2
11,2,0 12,2,0 12,3,0 12,4,0 13,4,0 Z
11,3,0 11,3,1 11,4,1 12,2,1 12,3,1 N2
09,3,1 09,4,1 10,2,1 10,3,1 11,2,1 W
09,4,0 10,3,0 10,4,0 10,4,1 11,4,0 T1
07,3,1 08,2,0 08,2,1 08,3,1 09,2,1 S2
07,3,0 08,3,0 08,4,0 08,4,1 09,3,0 T2

A  S1 J4 J4 Q  P  P  P  T2 T1 T1 T1 Z  Z  U      A  S1 S1 J4 Q  Q  P  P  T2 W  T1 N2 V2 V2 U
A  A  J4 L  L  L  L  T2 T2 T2 T1 N2 Z  V2 V2     J2 A  S1 S1 Q  Q  L  S2 S2 W  W  N2 N2 V2 U
J2 X  J4 F  L3 L3 L3 L2 S2 L4 V  Z  Z  T  U      J2 I  I  I  I  I  L3 L2 S2 S2 W  W  N2 V1 U
X  X  X  F  F  L3 L3 L2 L2 L4 V  T  T  T  V1     J2 J2 J1 L3 L3 L3 L1 L4 L4 L4 N1 N1 Y  V1 V1
J1 X  F  F  N  N  N  L2 L1 N1 V  V  V  T  V1     J1 J1 J1 N  N  L3 L1 L1 L1 N1 N1 Y  Y  Y  Y

solution 16:
00,1,0 01,0,0 01,1,0 01,2,0 02,1,0 X
00,0,0 00,0,1 01,0,1 02,0,1 02,1,1 J1
02,0,0 03,0,0 03,1,0 03,2,0 04,1,0 F
00,1,1 00,2,0 00,2,1 00,3,1 01,1,1 J2
00,3,0 00,4,0 00,4,1 01,3,0 01,3,1 A
01,2,1 02,2,1 03,2,1 04,2,1 05,2,1 I
03,1,1 04,1,1 05,0,1 05,1,0 05,1,1 J3
03,0,1 04,0,0 04,0,1 05,0,0 06,0,0 N
02,2,0 02,3,0 02,4,0 03,4,0 03,4,1 J4
01,4,0 01,4,1 02,3,1 02,4,1 03,3,1 S1
03,3,0 04,3,0 05,3,0 06,3,0 06,3,1 L
04,2,0 05,2,0 06,1,0 06,2,0 06,2,1 L3
04,3,1 04,4,0 04,4,1 05,3,1 05,4,1 Q
05,4,0 06,4,0 06,4,1 07,4,0 07,4,1 P
06,0,1 06,1,1 07,0,1 08,0,0 08,0,1 L1
07,0,0 07,1,0 07,2,0 07,2,1 08,1,0 L2
07,1,1 08,1,1 09,1,0 09,1,1 09,2,0 L4
09,0,0 09,0,1 10,0,1 10,1,1 11,1,1 N1
10,0,0 10,1,0 11,1,0 11,2,0 12,2,0 W
11,0,0 12,0,0 12,1,0 13,0,0 14,0,0 Y
11,0,1 12,0,1 12,1,1 12,2,1 13,0,1 T
13,1,1 14,0,1 14,1,0 14,1,1 14,2,0 S2
13,1,0 13,2,0 13,2,1 14,2,1 14,3,1 V2
12,3,0 13,3,0 13,3,1 13,4,0 14,3,0 T1
12,4,0 12,4,1 13,4,1 14,4,0 14,4,1 U
11,2,1 11,3,0 11,3,1 11,4,0 12,3,1 N2
08,4,0 09,4,0 10,2,0 10,3,0 10,4,0 V
09,2,1 10,2,1 10,3,1 10,4,1 11,4,1 Z
08,2,0 08,3,0 09,3,0 09,3,1 09,4,1 V1
07,3,0 07,3,1 08,2,1 08,3,1 08,4,1 T2

A  S1 J4 J4 Q  P  P  P  V  V  V  N2 U  T1 U      A  S1 S1 J4 Q  Q  P  P  T2 V1 Z  Z  U  U  U
A  A  J4 L  L  L  L  T2 V1 V1 V  N2 T1 T1 T1     J2 A  S1 S1 Q  Q  L  T2 T2 V1 Z  N2 N2 T1 V2
J2 X  J4 F  L3 L3 L3 L2 V1 L4 V  W  W  V2 S2     J2 I  I  I  I  I  L3 L2 T2 Z  Z  N2 T  V2 V2
X  X  X  F  F  L3 L3 L2 L2 L4 W  W  Y  V2 S2     J2 J2 J1 L3 L3 L3 L1 L4 L4 L4 N1 N1 T  S2 S2
J1 X  F  F  N  N  N  L2 L1 N1 W  Y  Y  Y  Y      J1 J1 J1 N  N  L3 L1 L1 L1 N1 N1 T  T  T  S2

solution 17:
00,1,0 01,0,0 01,1,0 01,2,0 02,1,0 X
00,0,0 00,0,1 01,0,1 02,0,1 02,1,1 J1
02,0,0 03,0,0 03,1,0 03,2,0 04,1,0 F
00,1,1 00,2,0 00,2,1 00,3,1 01,1,1 J2
00,3,0 00,4,0 00,4,1 01,3,0 01,3,1 A
01,2,1 02,2,1 03,2,1 04,2,1 05,2,1 I
03,1,1 04,1,1 05,0,1 05,1,0 05,1,1 J3
03,0,1 04,0,0 04,0,1 05,0,0 06,0,0 N
02,2,0 02,3,0 02,4,0 03,4,0 03,4,1 J4
01,4,0 01,4,1 02,3,1 02,4,1 03,3,1 S1
03,3,0 04,3,0 05,3,0 06,3,0 06,3,1 L
04,2,0 05,2,0 06,1,0 06,2,0 06,2,1 L3
04,3,1 04,4,0 04,4,1 05,3,1 05,4,1 Q
05,4,0 06,4,0 06,4,1 07,4,0 07,4,1 P
06,0,1 06,1,1 07,0,1 08,0,0 08,0,1 L1
07,0,0 07,1,0 07,2,0 07,2,1 08,1,0 L2
07,1,1 08,1,1 09,1,0 09,1,1 09,2,0 L4
09,0,0 09,0,1 10,0,1 10,1,1 11,1,1 N1
10,0,0 10,1,0 11,1,0 11,2,0 12,2,0 W
11,0,0 12,0,0 12,1,0 13,0,0 14,0,0 Y
11,0,1 12,0,1 12,1,1 12,2,1 13,0,1 T
13,1,1 14,0,1 14,1,0 14,1,1 14,2,0 S2
13,1,0 13,2,0 13,2,1 14,2,1 14,3,1 V2
12,3,0 12,4,0 13,3,0 14,3,0 14,4,0 U
12,4,1 13,3,1 13,4,0 13,4,1 14,4,1 T1
11,2,1 11,3,0 11,3,1 11,4,0 12,3,1 N2
08,4,0 09,4,0 10,2,0 10,3,0 10,4,0 V
09,2,1 10,2,1 10,3,1 10,4,1 11,4,1 Z
08,2,0 08,3,0 09,3,0 09,3,1 09,4,1 V1
07,3,0 07,3,1 08,2,1 08,3,1 08,4,1 T2

A  S1 J4 J4 Q  P  P  P  V  V  V  N2 U  T1 U      A  S1 S1 J4 Q  Q  P  P  T2 V1 Z  Z  T1 T1 T1
A  A  J4 L  L  L  L  T2 V1 V1 V  N2 U  U  U      J2 A  S1 S1 Q  Q  L  T2 T2 V1 Z  N2 N2 T1 V2
J2 X  J4 F  L3 L3 L3 L2 V1 L4 V  W  W  V2 S2     J2 I  I  I  I  I  L3 L2 T2 Z  Z  N2 T  V2 V2
X  X  X  F  F  L3 L3 L2 L2 L4 W  W  Y  V2 S2     J2 J2 J1 L3 L3 L3 L1 L4 L4 L4 N1 N1 T  S2 S2
J1 X  F  F  N  N  N  L2 L1 N1 W  Y  Y  Y  Y      J1 J1 J1 N  N  L3 L1 L1 L1 N1 N1 T  T  T  S2

solution 18:
00,1,0 01,0,0 01,1,0 01,2,0 02,1,0 X
00,0,0 00,0,1 01,0,1 02,0,1 02,1,1 J1
02,0,0 03,0,0 03,1,0 03,2,0 04,1,0 F
00,1,1 00,2,0 00,2,1 00,3,1 01,1,1 J2
00,3,0 00,4,0 00,4,1 01,3,0 01,3,1 A
01,2,1 02,2,1 03,2,1 04,2,1 05,2,1 I
03,1,1 04,1,1 05,0,1 05,1,0 05,1,1 J3
03,0,1 04,0,0 04,0,1 05,0,0 06,0,0 N
02,2,0 02,3,0 02,4,0 03,4,0 03,4,1 J4
01,4,0 01,4,1 02,3,1 02,4,1 03,3,1 S1
03,3,0 04,3,0 05,3,0 06,3,0 06,3,1 L
04,2,0 05,2,0 06,1,0 06,2,0 06,2,1 L3
04,3,1 04,4,0 04,4,1 05,3,1 05,4,1 Q
05,4,0 06,4,0 06,4,1 07,4,0 07,4,1 P
06,0,1 06,1,1 07,0,1 08,0,0 08,0,1 L1
07,0,0 07,1,0 07,2,0 07,2,1 08,1,0 L2
07,1,1 08,1,1 09,1,0 09,1,1 09,2,0 L4
09,0,0 09,0,1 10,0,1 10,1,1 11,1,1 N1
10,0,0 10,1,0 11,1,0 11,2,0 12,2,0 W
11,0,0 12,0,0 12,1,0 13,0,0 14,0,0 Y
11,0,1 12,0,1 12,1,1 12,2,1 13,0,1 T
13,1,0 13,2,0 14,0,1 14,1,0 14,1,1 V2
13,1,1 13,2,1 14,2,0 14,2,1 14,3,1 S2
12,3,0 13,3,0 13,3,1 13,4,0 14,3,0 T1
12,4,0 12,4,1 13,4,1 14,4,0 14,4,1 U
11,2,1 11,3,0 11,3,1 11,4,0 12,3,1 N2
08,4,0 09,4,0 10,2,0 10,3,0 10,4,0 V
09,2,1 10,2,1 10,3,1 10,4,1 11,4,1 Z
08,2,0 08,3,0 09,3,0 09,3,1 09,4,1 V1
07,3,0 07,3,1 08,2,1 08,3,1 08,4,1 T2

A  S1 J4 J4 Q  P  P  P  V  V  V  N2 U  T1 U      A  S1 S1 J4 Q  Q  P  P  T2 V1 Z  Z  U  U  U
A  A  J4 L  L  L  L  T2 V1 V1 V  N2 T1 T1 T1     J2 A  S1 S1 Q  Q  L  T2 T2 V1 Z  N2 N2 T1 S2
J2 X  J4 F  L3 L3 L3 L2 V1 L4 V  W  W  V2 S2     J2 I  I  I  I  I  L3 L2 T2 Z  Z  N2 T  S2 S2
X  X  X  F  F  L3 L3 L2 L2 L4 W  W  Y  V2 V2     J2 J2 J1 L3 L3 L3 L1 L4 L4 L4 N1 N1 T  S2 V2
J1 X  F  F  N  N  N  L2 L1 N1 W  Y  Y  Y  Y      J1 J1 J1 N  N  L3 L1 L1 L1 N1 N1 T  T  T  V2

solution 19:
00,1,0 01,0,0 01,1,0 01,2,0 02,1,0 X
00,0,0 00,0,1 01,0,1 02,0,1 02,1,1 J1
02,0,0 03,0,0 03,1,0 03,2,0 04,1,0 F
00,1,1 00,2,0 00,2,1 00,3,1 01,1,1 J2
00,3,0 00,4,0 00,4,1 01,3,0 01,3,1 A
01,2,1 02,2,1 03,2,1 04,2,1 05,2,1 I
03,1,1 04,1,1 05,0,1 05,1,0 05,1,1 J3
03,0,1 04,0,0 04,0,1 05,0,0 06,0,0 N
02,2,0 02,3,0 02,4,0 03,4,0 03,4,1 J4
01,4,0 01,4,1 02,3,1 02,4,1 03,3,1 S1
03,3,0 04,3,0 05,3,0 06,3,0 06,3,1 L
04,2,0 05,2,0 06,1,0 06,2,0 06,2,1 L3
04,3,1 04,4,0 04,4,1 05,3,1 05,4,1 Q
05,4,0 06,4,0 06,4,1 07,4,0 07,4,1 P
06,0,1 06,1,1 07,0,1 08,0,0 08,0,1 L1
07,0,0 07,1,0 07,2,0 07,2,1 08,1,0 L2
07,1,1 08,1,1 09,1,0 09,1,1 09,2,0 L4
09,0,0 09,0,1 10,0,1 10,1,1 11,1,1 N1
10,0,0 10,1,0 11,1,0 11,2,0 12,2,0 W
11,0,0 12,0,0 12,1,0 13,0,0 14,0,0 Y
11,0,1 12,0,1 12,1,1 12,2,1 13,0,1 T
13,1,0 13,2,0 14,0,1 14,1,0 14,1,1 V2
13,1,1 13,2,1 14,2,0 14,2,1 14,3,1 S2
12,3,0 12,4,0 13,3,0 14,3,0 14,4,0 U
12,4,1 13,3,1 13,4,0 13,4,1 14,4,1 T1
11,2,1 11,3,0 11,3,1 11,4,0 12,3,1 N2
08,4,0 09,4,0 10,2,0 10,3,0 10,4,0 V
09,2,1 10,2,1 10,3,1 10,4,1 11,4,1 Z
08,2,0 08,3,0 09,3,0 09,3,1 09,4,1 V1
07,3,0 07,3,1 08,2,1 08,3,1 08,4,1 T2

A  S1 J4 J4 Q  P  P  P  V  V  V  N2 U  T1 U      A  S1 S1 J4 Q  Q  P  P  T2 V1 Z  Z  T1 T1 T1
A  A  J4 L  L  L  L  T2 V1 V1 V  N2 U  U  U      J2 A  S1 S1 Q  Q  L  T2 T2 V1 Z  N2 N2 T1 S2
J2 X  J4 F  L3 L3 L3 L2 V1 L4 V  W  W  V2 S2     J2 I  I  I  I  I  L3 L2 T2 Z  Z  N2 T  S2 S2
X  X  X  F  F  L3 L3 L2 L2 L4 W  W  Y  V2 V2     J2 J2 J1 L3 L3 L3 L1 L4 L4 L4 N1 N1 T  S2 V2
J1 X  F  F  N  N  N  L2 L1 N1 W  Y  Y  Y  Y      J1 J1 J1 N  N  L3 L1 L1 L1 N1 N1 T  T  T  V2

solution 20:
00,1,0 01,0,0 01,1,0 01,2,0 02,1,0 X
00,0,0 00,0,1 01,0,1 02,0,1 02,1,1 J1
02,0,0 03,0,0 03,1,0 03,2,0 04,1,0 F
00,1,1 00,2,0 00,2,1 00,3,1 01,1,1 J2
00,3,0 00,4,0 00,4,1 01,3,0 01,3,1 A
01,2,1 02,2,1 03,2,1 04,2,1 05,2,1 I
03,1,1 04,1,1 05,0,1 05,1,0 05,1,1 J3
03,0,1 04,0,0 04,0,1 05,0,0 06,0,0 N
02,2,0 02,3,0 02,4,0 03,4,0 03,4,1 J4
01,4,0 01,4,1 02,3,1 02,4,1 03,3,1 S1
03,3,0 04,3,0 05,3,0 06,3,0 06,3,1 L
04,2,0 05,2,0 06,1,0 06,2,0 06,2,1 L3
04,3,1 04,4,0 04,4,1 05,3,1 05,4,1 Q
05,4,0 06,4,0 06,4,1 07,4,0 07,4,1 P
06,0,1 06,1,1 07,0,1 08,0,0 08,0,1 L1
07,0,0 07,1,0 07,2,0 07,2,1 08,1,0 L2
07,1,1 08,1,1 09,1,0 09,1,1 09,2,0 L4
09,0,0 09,0,1 10,0,1 10,1,1 11,1,1 N1
10,0,0 10,1,0 11,1,0 11,2,0 12,2,0 W
11,0,0 12,0,0 13,0,0 13,0,1 14,0,0 Y
11,0,1 12,0,1 12,1,0 12,1,1 13,1,1 N2
12,2,1 13,2,1 14,0,1 14,1,1 14,2,1 V
12,3,0 13,1,0 13,2,0 13,3,0 14,1,0 Z
13,3,1 13,4,1 14,2,0 14,3,0 14,3,1 V1
12,4,0 12,4,1 13,4,0 14,4,0 14,4,1 U
11,2,1 11,3,0 11,3,1 11,4,1 12,3,1 T1
09,4,0 10,2,0 10,3,0 10,4,0 11,4,0 T
09,3,0 09,3,1 10,2,1 10,3,1 10,4,1 T2
07,3,1 08,2,0 08,2,1 08,3,1 09,2,1 S2
07,3,0 08,3,0 08,4,0 08,4,1 09,4,1 V2

A  S1 J4 J4 Q  P  P  P  V2 T  T  T  U  U  U      A  S1 S1 J4 Q  Q  P  P  V2 V2 T2 T1 U  V1 U
A  A  J4 L  L  L  L  V2 V2 T2 T  T1 Z  Z  V1     J2 A  S1 S1 Q  Q  L  S2 S2 T2 T2 T1 T1 V1 V1
J2 X  J4 F  L3 L3 L3 L2 S2 L4 T  W  W  Z  V1     J2 I  I  I  I  I  L3 L2 S2 S2 T2 T1 V  V  V
X  X  X  F  F  L3 L3 L2 L2 L4 W  W  N2 Z  Z      J2 J2 J1 L3 L3 L3 L1 L4 L4 L4 N1 N1 N2 N2 V
J1 X  F  F  N  N  N  L2 L1 N1 W  Y  Y  Y  Y      J1 J1 J1 N  N  L3 L1 L1 L1 N1 N1 N2 N2 Y  V

solution 21:
00,1,0 01,0,0 01,1,0 01,2,0 02,1,0 X
00,0,0 00,0,1 01,0,1 02,0,1 02,1,1 J1
02,0,0 03,0,0 03,1,0 03,2,0 04,1,0 F
00,1,1 00,2,0 00,2,1 00,3,1 01,1,1 J2
00,3,0 00,4,0 00,4,1 01,3,0 01,3,1 A
01,2,1 02,2,1 03,2,1 04,2,1 05,2,1 I
03,1,1 04,1,1 05,0,1 05,1,0 05,1,1 J3
03,0,1 04,0,0 04,0,1 05,0,0 06,0,0 N
02,2,0 02,3,0 02,4,0 03,4,0 03,4,1 J4
01,4,0 01,4,1 02,3,1 02,4,1 03,3,1 S1
03,3,0 04,3,0 05,3,0 06,3,0 06,3,1 L
04,2,0 05,2,0 06,1,0 06,2,0 06,2,1 L3
04,3,1 04,4,0 04,4,1 05,3,1 05,4,1 Q
05,4,0 06,4,0 06,4,1 07,4,0 07,4,1 P
06,0,1 06,1,1 07,0,1 08,0,0 08,0,1 L1
07,0,0 07,1,0 07,2,0 07,2,1 08,1,0 L2
07,1,1 08,1,1 09,1,0 09,1,1 09,2,0 L4
09,0,0 09,0,1 10,0,1 10,1,1 11,1,1 N1
10,0,0 10,1,0 11,1,0 11,2,0 12,2,0 W
11,0,0 12,0,0 13,0,0 13,0,1 14,0,0 Y
11,0,1 12,0,1 12,1,0 12,1,1 13,1,0 V1
13,1,1 14,0,1 14,1,0 14,1,1 14,2,0 S2
12,4,0 13,2,0 13,3,0 13,4,0 14,4,0 T
13,3,1 14,2,1 14,3,0 14,3,1 14,4,1 T1
12,2,1 12,3,1 12,4,1 13,2,1 13,4,1 U
11,2,1 11,3,0 11,3,1 11,4,0 12,3,0 N2
09,3,0 09,3,1 09,4,1 10,2,0 10,3,0 V2
09,2,1 10,2,1 10,3,1 10,4,1 11,4,1 Z
08,2,0 08,3,0 08,4,0 09,4,0 10,4,0 V
07,3,0 07,3,1 08,2,1 08,3,1 08,4,1 T2

A  S1 J4 J4 Q  P  P  P  V  V  V  N2 T  T  T      A  S1 S1 J4 Q  Q  P  P  T2 V2 Z  Z  U  U  T1
A  A  J4 L  L  L  L  T2 V  V2 V2 N2 N2 T  T1     J2 A  S1 S1 Q  Q  L  T2 T2 V2 Z  N2 U  T1 T1
J2 X  J4 F  L3 L3 L3 L2 V  L4 V2 W  W  T  S2     J2 I  I  I  I  I  L3 L2 T2 Z  Z  N2 U  U  T1
X  X  X  F  F  L3 L3 L2 L2 L4 W  W  V1 V1 S2     J2 J2 J1 L3 L3 L3 L1 L4 L4 L4 N1 N1 V1 S2 S2
J1 X  F  F  N  N  N  L2 L1 N1 W  Y  Y  Y  Y      J1 J1 J1 N  N  L3 L1 L1 L1 N1 N1 V1 V1 Y  S2

solution 22:
00,1,0 01,0,0 01,1,0 01,2,0 02,1,0 X
00,0,0 00,0,1 01,0,1 02,0,1 02,1,1 J1
02,0,0 03,0,0 03,1,0 03,2,0 04,1,0 F
00,1,1 00,2,0 00,2,1 00,3,1 01,1,1 J2
00,3,0 00,4,0 00,4,1 01,3,0 01,3,1 A
01,2,1 02,2,1 03,2,1 04,2,1 05,2,1 I
03,1,1 04,1,1 05,0,1 05,1,0 05,1,1 J3
03,0,1 04,0,0 04,0,1 05,0,0 06,0,0 N
02,2,0 02,3,0 02,4,0 03,4,0 03,4,1 J4
01,4,0 01,4,1 02,3,1 02,4,1 03,3,1 S1
03,3,0 04,3,0 05,3,0 06,3,0 06,3,1 L
04,2,0 05,2,0 06,1,0 06,2,0 06,2,1 L3
04,3,1 04,4,0 04,4,1 05,3,1 05,4,1 Q
05,4,0 06,4,0 06,4,1 07,4,0 07,4,1 P
06,0,1 06,1,1 07,0,1 08,0,0 08,0,1 L1
07,0,0 07,1,0 07,2,0 07,2,1 08,1,0 L2
07,1,1 08,1,1 09,1,0 09,1,1 09,2,0 L4
09,0,0 09,0,1 10,0,1 10,1,1 11,1,1 N1
10,0,0 11,0,0 11,1,0 12,1,0 12,2,0 W
11,0,1 12,0,1 12,1,1 12,2,1 13,0,1 T
12,0,0 13,0,0 13,1,0 13,1,1 14,1,1 V2
14,0,0 14,0,1 14,1,0 14,2,0 14,2,1 U
11,4,0 12,3,0 12,4,0 13,4,0 14,4,0 Y
13,2,0 13,3,0 14,3,0 14,3,1 14,4,1 V1
11,4,1 12,4,1 13,2,1 13,3,1 13,4,1 V
10,3,1 11,2,1 11,3,0 11,3,1 12,3,1 T1
09,2,1 10,1,0 10,2,0 10,2,1 11,2,0 N2
08,2,0 08,3,0 09,3,0 10,3,0 10,4,0 Z
08,4,0 09,3,1 09,4,0 09,4,1 10,4,1 S2
07,3,0 07,3,1 08,2,1 08,3,1 08,4,1 T2

A  S1 J4 J4 Q  P  P  P  S2 S2 Z  Y  Y  Y  Y      A  S1 S1 J4 Q  Q  P  P  T2 S2 S2 V  V  V  V1
A  A  J4 L  L  L  L  T2 Z  Z  Z  T1 Y  V1 V1     J2 A  S1 S1 Q  Q  L  T2 T2 S2 T1 T1 T1 V  V1
J2 X  J4 F  L3 L3 L3 L2 Z  L4 N2 N2 W  V1 U      J2 I  I  I  I  I  L3 L2 T2 N2 N2 T1 T  V  U
X  X  X  F  F  L3 L3 L2 L2 L4 N2 W  W  V2 U      J2 J2 J1 L3 L3 L3 L1 L4 L4 L4 N1 N1 T  V2 V2
J1 X  F  F  N  N  N  L2 L1 N1 W  W  V2 V2 U      J1 J1 J1 N  N  L3 L1 L1 L1 N1 N1 T  T  T  U

solution 23:
00,1,0 01,0,0 01,1,0 01,2,0 02,1,0 X
00,0,0 00,0,1 01,0,1 02,0,1 02,1,1 J1
02,0,0 03,0,0 03,1,0 03,2,0 04,1,0 F
00,1,1 00,2,0 00,2,1 00,3,1 01,1,1 J2
00,3,0 00,4,0 00,4,1 01,3,0 01,3,1 A
01,2,1 02,2,1 03,2,1 04,2,1 05,2,1 I
03,1,1 04,1,1 05,0,1 05,1,0 05,1,1 J3
03,0,1 04,0,0 04,0,1 05,0,0 06,0,0 N
02,2,0 02,3,0 02,4,0 03,4,0 03,4,1 J4
01,4,0 01,4,1 02,3,1 02,4,1 03,3,1 S1
03,3,0 04,3,0 05,3,0 06,3,0 06,3,1 L
04,2,0 05,2,0 06,1,0 06,2,0 06,2,1 L3
04,3,1 04,4,0 04,4,1 05,3,1 05,4,1 Q
05,4,0 06,4,0 06,4,1 07,4,0 07,4,1 P
06,0,1 06,1,1 07,0,1 08,0,0 08,0,1 L1
07,0,0 07,1,0 07,2,0 07,2,1 08,1,0 L2
07,1,1 08,1,1 09,1,0 09,1,1 09,2,0 L4
09,0,0 09,0,1 10,0,1 10,1,1 11,1,1 N1
10,0,0 11,0,0 11,0,1 12,0,0 13,0,0 Y
12,2,0 13,1,0 13,2,0 14,0,0 14,1,0 W
12,0,1 12,1,1 12,2,1 13,0,1 14,0,1 V
10,1,0 11,1,0 11,2,0 11,2,1 12,1,0 T2
12,3,1 13,1,1 13,2,1 13,3,1 14,1,1 Z
14,2,0 14,2,1 14,3,1 14,4,0 14,4,1 U
12,4,0 13,3,0 13,4,0 13,4,1 14,3,0 N2
10,4,1 11,3,1 11,4,0 11,4,1 12,4,1 T1
10,2,0 10,3,0 10,4,0 11,3,0 12,3,0 T
09,3,0 09,3,1 09,4,0 10,2,1 10,3,1 V1
07,3,1 08,2,0 08,2,1 08,3,1 09,2,1 S2
07,3,0 08,3,0 08,4,0 08,4,1 09,4,1 V2

A  S1 J4 J4 Q  P  P  P  V2 V1 T  T1 N2 N2 U      A  S1 S1 J4 Q  Q  P  P  V2 V2 T1 T1 T1 N2 U
A  A  J4 L  L  L  L  V2 V2 V1 T  T  T  N2 N2     J2 A  S1 S1 Q  Q  L  S2 S2 V1 V1 T1 Z  Z  U
J2 X  J4 F  L3 L3 L3 L2 S2 L4 T  T2 W  W  U      J2 I  I  I  I  I  L3 L2 S2 S2 V1 T2 V  Z  U
X  X  X  F  F  L3 L3 L2 L2 L4 T2 T2 T2 W  W      J2 J2 J1 L3 L3 L3 L1 L4 L4 L4 N1 N1 V  Z  Z
J1 X  F  F  N  N  N  L2 L1 N1 Y  Y  Y  Y  W      J1 J1 J1 N  N  L3 L1 L1 L1 N1 N1 Y  V  V  V

solution 24:
00,1,0 01,0,0 01,1,0 01,2,0 02,1,0 X
00,0,0 00,0,1 01,0,1 02,0,1 02,1,1 J1
02,0,0 03,0,0 03,1,0 03,2,0 04,1,0 F
00,1,1 00,2,0 00,2,1 00,3,1 01,1,1 J2
00,3,0 00,4,0 00,4,1 01,3,0 01,3,1 A
01,2,1 02,2,1 03,2,1 04,2,1 05,2,1 I
03,1,1 04,1,1 05,0,1 05,1,0 05,1,1 J3
03,0,1 04,0,0 04,0,1 05,0,0 06,0,0 N
02,2,0 02,3,0 02,4,0 03,4,0 03,4,1 J4
01,4,0 01,4,1 02,3,1 02,4,1 03,3,1 S1
03,3,0 04,3,0 05,3,0 06,3,0 06,3,1 L
04,2,0 05,2,0 06,1,0 06,2,0 06,2,1 L3
04,3,1 04,4,0 04,4,1 05,3,1 05,4,1 Q
05,4,0 06,4,0 06,4,1 07,4,0 07,4,1 P
06,0,1 06,1,1 07,0,1 08,0,0 08,0,1 L1
07,0,0 07,1,0 07,2,0 07,2,1 08,1,0 L2
07,1,1 08,1,1 09,1,0 09,1,1 09,2,0 L4
09,0,0 09,0,1 10,0,1 10,1,1 11,1,1 N1
10,0,0 10,1,0 11,1,0 12,1,0 12,2,0 Z
11,0,0 12,0,0 13,0,0 13,1,0 13,2,0 V
11,0,1 12,0,1 12,1,1 13,0,1 14,0,1 Y
13,1,1 13,2,1 14,0,0 14,1,0 14,1,1 V1
14,2,0 14,2,1 14,3,0 14,4,0 14,4,1 U
12,4,1 13,3,1 13,4,0 13,4,1 14,3,1 S2
11,3,1 12,2,1 12,3,0 12,3,1 13,3,0 N2
10,4,0 11,3,0 11,4,0 11,4,1 12,4,0 T1
09,3,0 09,4,0 10,2,0 10,3,0 11,2,0 W
09,2,1 10,2,1 10,3,1 10,4,1 11,2,1 T
07,3,0 08,3,0 08,4,0 08,4,1 09,4,1 V2
07,3,1 08,2,0 08,2,1 08,3,1 09,3,1 T2

A  S1 J4 J4 Q  P  P  P  V2 W  T1 T1 T1 S2 U      A  S1 S1 J4 Q  Q  P  P  V2 V2 T  T1 S2 S2 U
A  A  J4 L  L  L  L  V2 V2 W  W  T1 N2 N2 U      J2 A  S1 S1 Q  Q  L  T2 T2 T2 T  N2 N2 S2 S2
J2 X  J4 F  L3 L3 L3 L2 T2 L4 W  W  Z  V  U      J2 I  I  I  I  I  L3 L2 T2 T  T  T  N2 V1 U
X  X  X  F  F  L3 L3 L2 L2 L4 Z  Z  Z  V  V1     J2 J2 J1 L3 L3 L3 L1 L4 L4 L4 N1 N1 Y  V1 V1
J1 X  F  F  N  N  N  L2 L1 N1 Z  V  V  V  V1     J1 J1 J1 N  N  L3 L1 L1 L1 N1 N1 Y  Y  Y  Y

solution 25:
00,1,0 01,0,0 01,1,0 01,2,0 02,1,0 X
00,0,0 00,0,1 01,0,1 02,0,1 02,1,1 J1
02,0,0 03,0,0 03,1,0 03,2,0 04,1,0 F
00,1,1 00,2,0 00,2,1 00,3,1 01,1,1 J2
00,3,0 00,4,0 00,4,1 01,3,0 01,3,1 A
01,2,1 02,2,1 03,2,1 04,2,1 05,2,1 I
03,1,1 04,1,1 05,0,1 05,1,0 05,1,1 J3
03,0,1 04,0,0 04,0,1 05,0,0 06,0,0 N
02,2,0 02,3,0 02,4,0 03,4,0 03,4,1 J4
01,4,0 01,4,1 02,3,1 02,4,1 03,3,1 S1
03,3,0 04,3,0 05,3,0 06,3,0 06,3,1 L
04,2,0 05,2,0 06,1,0 06,2,0 06,2,1 L3
04,3,1 04,4,0 04,4,1 05,3,1 05,4,1 Q
05,4,0 06,4,0 06,4,1 07,4,0 07,4,1 P
06,0,1 06,1,1 07,0,1 08,0,0 08,0,1 L1
07,0,0 07,1,0 07,2,0 07,2,1 08,1,0 L2
07,1,1 08,1,1 09,1,0 09,1,1 09,2,0 L4
09,0,0 09,0,1 10,0,1 10,1,1 11,1,1 N1
10,0,0 10,1,0 11,1,0 12,1,0 12,2,0 Z
11,0,0 12,0,0 13,0,0 13,1,0 13,2,0 V
11,0,1 12,0,1 12,1,1 13,0,1 14,0,1 Y
13,1,1 13,2,1 14,0,0 14,1,0 14,1,1 V1
14,2,0 14,2,1 14,3,1 14,4,0 14,4,1 U
12,4,0 13,3,0 13,4,0 13,4,1 14,3,0 N2
11,3,1 12,2,1 12,3,0 12,3,1 13,3,1 T1
10,4,0 11,3,0 11,4,0 11,4,1 12,4,1 S2
09,3,0 09,4,0 10,2,0 10,3,0 11,2,0 W
09,2,1 10,2,1 10,3,1 10,4,1 11,2,1 T
07,3,0 08,3,0 08,4,0 08,4,1 09,4,1 V2
07,3,1 08,2,0 08,2,1 08,3,1 09,3,1 T2

A  S1 J4 J4 Q  P  P  P  V2 W  S2 S2 N2 N2 U      A  S1 S1 J4 Q  Q  P  P  V2 V2 T  S2 S2 N2 U
A  A  J4 L  L  L  L  V2 V2 W  W  S2 T1 N2 N2     J2 A  S1 S1 Q  Q  L  T2 T2 T2 T  T1 T1 T1 U
J2 X  J4 F  L3 L3 L3 L2 T2 L4 W  W  Z  V  U      J2 I  I  I  I  I  L3 L2 T2 T  T  T  T1 V1 U
X  X  X  F  F  L3 L3 L2 L2 L4 Z  Z  Z  V  V1     J2 J2 J1 L3 L3 L3 L1 L4 L4 L4 N1 N1 Y  V1 V1
J1 X  F  F  N  N  N  L2 L1 N1 Z  V  V  V  V1     J1 J1 J1 N  N  L3 L1 L1 L1 N1 N1 Y  Y  Y  Y

solution 26:
00,1,0 01,0,0 01,1,0 01,2,0 02,1,0 X
00,0,0 00,0,1 01,0,1 02,0,1 02,1,1 J1
02,0,0 03,0,0 03,1,0 03,2,0 04,1,0 F
00,1,1 00,2,0 00,2,1 00,3,1 01,1,1 J2
00,3,0 00,4,0 00,4,1 01,3,0 01,3,1 A
01,2,1 02,2,1 03,2,1 04,2,1 05,2,1 I
03,1,1 04,1,1 05,0,1 05,1,0 05,1,1 J3
03,0,1 04,0,0 04,0,1 05,0,0 06,0,0 N
02,2,0 02,3,0 02,4,0 03,4,0 03,4,1 J4
01,4,0 01,4,1 02,3,1 02,4,1 03,3,1 S1
03,3,0 04,3,0 05,3,0 06,3,0 06,3,1 L
04,2,0 05,2,0 06,1,0 06,2,0 06,2,1 L3
04,3,1 04,4,0 04,4,1 05,3,1 05,4,1 Q
05,4,0 06,4,0 06,4,1 07,4,0 07,4,1 P
06,0,1 06,1,1 07,0,1 08,0,0 08,0,1 L1
07,0,0 07,1,0 07,2,0 07,2,1 08,1,0 L2
07,1,1 08,1,1 09,1,0 09,1,1 09,2,0 L4
09,0,0 09,0,1 10,0,1 10,1,1 11,1,1 N1
10,0,0 10,1,0 11,1,0 12,1,0 12,2,0 Z
11,0,0 12,0,0 13,0,0 13,1,0 13,2,0 V
11,0,1 12,0,1 12,1,1 13,0,1 14,0,1 Y
13,1,1 13,2,1 14,0,0 14,1,0 14,1,1 V1
14,2,0 14,2,1 14,3,1 14,4,0 14,4,1 U
12,3,1 13,3,0 13,3,1 13,4,0 14,3,0 S2
11,3,0 12,3,0 12,4,0 12,4,1 13,4,1 V2
10,2,1 11,2,0 11,2,1 11,3,1 12,2,1 T1
09,2,1 09,3,1 10,3,1 10,4,1 11,4,1 W
09,4,0 10,2,0 10,3,0 10,4,0 11,4,0 T
07,3,1 08,3,1 08,4,0 08,4,1 09,4,1 N2
07,3,0 08,2,0 08,2,1 08,3,0 09,3,0 T2

A  S1 J4 J4 Q  P  P  P  N2 T  T  T  V2 S2 U      A  S1 S1 J4 Q  Q  P  P  N2 N2 W  W  V2 V2 U
A  A  J4 L  L  L  L  T2 T2 T2 T  V2 V2 S2 S2     J2 A  S1 S1 Q  Q  L  N2 N2 W  W  T1 S2 S2 U
J2 X  J4 F  L3 L3 L3 L2 T2 L4 T  T1 Z  V  U      J2 I  I  I  I  I  L3 L2 T2 W  T1 T1 T1 V1 U
X  X  X  F  F  L3 L3 L2 L2 L4 Z  Z  Z  V  V1     J2 J2 J1 L3 L3 L3 L1 L4 L4 L4 N1 N1 Y  V1 V1
J1 X  F  F  N  N  N  L2 L1 N1 Z  V  V  V  V1     J1 J1 J1 N  N  L3 L1 L1 L1 N1 N1 Y  Y  Y  Y

solution 27:
00,1,0 01,0,0 01,1,0 01,2,0 02,1,0 X
00,0,0 00,0,1 01,0,1 02,0,1 02,1,1 J1
02,0,0 03,0,0 03,1,0 03,2,0 04,1,0 F
00,1,1 00,2,0 00,2,1 00,3,1 01,1,1 J2
00,3,0 00,4,0 00,4,1 01,3,0 01,3,1 A
01,2,1 02,2,1 03,2,1 04,2,1 05,2,1 I
03,1,1 04,1,1 05,0,1 05,1,0 05,1,1 J3
03,0,1 04,0,0 04,0,1 05,0,0 06,0,0 N
02,2,0 02,3,0 02,4,0 03,4,0 03,4,1 J4
01,4,0 01,4,1 02,3,1 02,4,1 03,3,1 S1
03,3,0 04,3,0 05,3,0 06,3,0 06,3,1 L
04,2,0 05,2,0 06,1,0 06,2,0 06,2,1 L3
04,3,1 04,4,0 04,4,1 05,3,1 05,4,1 Q
05,4,0 06,4,0 06,4,1 07,4,0 07,4,1 P
06,0,1 06,1,1 07,0,1 08,0,0 08,0,1 L1
07,0,0 07,1,0 07,2,0 07,2,1 08,1,0 L2
07,1,1 08,1,1 09,1,0 09,1,1 09,2,0 L4
09,0,0 09,0,1 10,0,1 10,1,1 11,1,1 N1
10,0,0 10,1,0 11,1,0 12,1,0 12,2,0 Z
11,0,0 12,0,0 13,0,0 13,1,0 13,2,0 V
11,0,1 12,0,1 12,1,1 13,0,1 14,0,1 Y
13,1,1 13,2,1 14,0,0 14,1,0 14,1,1 V1
14,2,0 14,2,1 14,3,1 14,4,0 14,4,1 U
12,4,1 13,3,0 13,3,1 13,4,1 14,3,0 V2
11,3,0 12,3,0 12,3,1 12,4,0 13,4,0 S2
10,2,1 11,2,0 11,2,1 11,3,1 12,2,1 T1
09,2,1 09,3,1 10,3,1 10,4,1 11,4,1 W
09,4,0 10,2,0 10,3,0 10,4,0 11,4,0 T
07,3,1 08,3,1 08,4,0 08,4,1 09,4,1 N2
07,3,0 08,2,0 08,2,1 08,3,0 09,3,0 T2

A  S1 J4 J4 Q  P  P  P  N2 T  T  T  S2 S2 U      A  S1 S1 J4 Q  Q  P  P  N2 N2 W  W  V2 V2 U
A  A  J4 L  L  L  L  T2 T2 T2 T  S2 S2 V2 V2     J2 A  S1 S1 Q  Q  L  N2 N2 W  W  T1 S2 V2 U
J2 X  J4 F  L3 L3 L3 L2 T2 L4 T  T1 Z  V  U      J2 I  I  I  I  I  L3 L2 T2 W  T1 T1 T1 V1 U
X  X  X  F  F  L3 L3 L2 L2 L4 Z  Z  Z  V  V1     J2 J2 J1 L3 L3 L3 L1 L4 L4 L4 N1 N1 Y  V1 V1
J1 X  F  F  N  N  N  L2 L1 N1 Z  V  V  V  V1     J1 J1 J1 N  N  L3 L1 L1 L1 N1 N1 Y  Y  Y  Y

solution 28:
00,1,0 01,0,0 01,1,0 01,2,0 02,1,0 X
00,0,0 00,0,1 01,0,1 02,0,1 02,1,1 J1
02,0,0 03,0,0 03,1,0 03,2,0 04,1,0 F
00,1,1 00,2,0 00,2,1 00,3,1 01,1,1 J2
00,3,0 00,4,0 00,4,1 01,3,0 01,3,1 A
01,2,1 02,2,1 03,2,1 04,2,1 05,2,1 I
03,1,1 04,1,1 05,0,1 05,1,0 05,1,1 J3
03,0,1 04,0,0 04,0,1 05,0,0 06,0,0 N
02,2,0 02,3,0 02,4,0 03,4,0 03,4,1 J4
01,4,0 01,4,1 02,3,1 02,4,1 03,3,1 S1
03,3,0 04,3,0 05,3,0 06,3,0 06,3,1 L
04,2,0 05,2,0 06,1,0 06,2,0 06,2,1 L3
04,3,1 04,4,0 04,4,1 05,3,1 05,4,1 Q
05,4,0 06,4,0 06,4,1 07,4,0 07,4,1 P
06,0,1 06,1,1 07,0,1 08,0,0 08,0,1 L1
07,0,0 07,1,0 07,2,0 07,2,1 08,1,0 L2
07,1,1 08,1,1 09,1,0 09,1,1 09,2,0 L4
09,0,0 09,0,1 10,0,1 10,1,1 11,1,1 N1
10,0,0 11,0,0 11,1,0 11,2,0 12,2,0 Z
09,2,1 09,3,1 10,1,0 10,2,0 10,2,1 V1
07,3,0 07,3,1 08,2,1 08,3,1 08,4,1 T2
08,2,0 08,3,0 08,4,0 09,3,0 10,3,0 T
09,4,0 09,4,1 10,4,0 11,4,0 11,4,1 U
10,3,1 10,4,1 11,2,1 11,3,1 12,2,1 W
12,4,1 13,4,1 14,2,1 14,3,1 14,4,1 V
13,2,0 13,3,0 13,3,1 14,3,0 14,4,0 N2
11,3,0 12,3,0 12,3,1 12,4,0 13,4,0 S2
13,1,0 14,0,0 14,1,0 14,1,1 14,2,0 T1
12,0,0 12,1,0 12,1,1 13,1,1 13,2,1 V2
11,0,1 12,0,1 13,0,0 13,0,1 14,0,1 Y

A  S1 J4 J4 Q  P  P  P  T  U  U  U  S2 S2 N2     A  S1 S1 J4 Q  Q  P  P  T2 U  W  U  V  V  V
A  A  J4 L  L  L  L  T2 T  T  T  S2 S2 N2 N2     J2 A  S1 S1 Q  Q  L  T2 T2 V1 W  W  S2 N2 V
J2 X  J4 F  L3 L3 L3 L2 T  L4 V1 Z  Z  N2 T1     J2 I  I  I  I  I  L3 L2 T2 V1 V1 W  W  V2 V
X  X  X  F  F  L3 L3 L2 L2 L4 V1 Z  V2 T1 T1     J2 J2 J1 L3 L3 L3 L1 L4 L4 L4 N1 N1 V2 V2 T1
J1 X  F  F  N  N  N  L2 L1 N1 Z  Z  V2 Y  T1     J1 J1 J1 N  N  L3 L1 L1 L1 N1 N1 Y  Y  Y  Y

solution 29:
00,1,0 01,0,0 01,1,0 01,2,0 02,1,0 X
00,0,0 00,0,1 01,0,1 02,0,1 02,1,1 J1
02,0,0 03,0,0 03,1,0 03,2,0 04,1,0 F
00,1,1 00,2,0 00,2,1 00,3,1 01,1,1 J2
00,3,0 00,4,0 00,4,1 01,3,0 01,3,1 A
01,2,1 02,2,1 03,2,1 04,2,1 05,2,1 I
03,1,1 04,1,1 05,0,1 05,1,0 05,1,1 J3
03,0,1 04,0,0 04,0,1 05,0,0 06,0,0 N
02,2,0 02,3,0 02,4,0 03,4,0 03,4,1 J4
01,4,0 01,4,1 02,3,1 02,4,1 03,3,1 S1
03,3,0 04,3,0 05,3,0 06,3,0 06,3,1 L
04,2,0 05,2,0 06,1,0 06,2,0 06,2,1 L3
04,3,1 04,4,0 04,4,1 05,3,1 05,4,1 Q
05,4,0 06,4,0 06,4,1 07,4,0 07,4,1 P
06,0,1 06,1,1 07,0,1 08,0,0 08,0,1 L1
07,0,0 07,1,0 07,2,0 07,2,1 08,1,0 L2
07,1,1 08,1,1 09,1,0 09,1,1 09,2,0 L4
09,0,0 10,0,0 10,1,0 10,1,1 10,2,1 N1
09,0,1 10,0,1 11,0,1 11,1,1 11,2,1 V
07,3,0 08,2,0 08,2,1 08,3,0 09,2,1 V1
07,3,1 08,3,1 08,4,1 09,3,1 10,3,1 Y
08,4,0 09,3,0 09,4,0 09,4,1 10,4,1 S2
10,4,0 11,3,1 11,4,0 11,4,1 12,3,1 V2
10,2,0 10,3,0 11,3,0 12,3,0 12,4,0 Z
12,4,1 13,3,1 13,4,0 13,4,1 14,4,1 T1
12,2,0 13,2,0 13,3,0 14,3,0 14,4,0 W
11,0,0 11,1,0 11,2,0 12,1,0 12,1,1 T2
12,2,1 13,2,1 14,1,1 14,2,1 14,3,1 T
13,0,0 13,1,0 13,1,1 14,1,0 14,2,0 N2
12,0,0 12,0,1 13,0,1 14,0,0 14,0,1 U

A  S1 J4 J4 Q  P  P  P  S2 S2 V2 V2 Z  T1 W      A  S1 S1 J4 Q  Q  P  P  Y  S2 S2 V2 T1 T1 T1
A  A  J4 L  L  L  L  V1 V1 S2 Z  Z  Z  W  W      J2 A  S1 S1 Q  Q  L  Y  Y  Y  Y  V2 V2 T1 T
J2 X  J4 F  L3 L3 L3 L2 V1 L4 Z  T2 W  W  N2     J2 I  I  I  I  I  L3 L2 V1 V1 N1 V  T  T  T
X  X  X  F  F  L3 L3 L2 L2 L4 N1 T2 T2 N2 N2     J2 J2 J1 L3 L3 L3 L1 L4 L4 L4 N1 V  T2 N2 T
J1 X  F  F  N  N  N  L2 L1 N1 N1 T2 U  N2 U      J1 J1 J1 N  N  L3 L1 L1 L1 V  V  V  U  U  U

solution 30:
00,1,0 01,0,0 01,1,0 01,2,0 02,1,0 X
00,0,0 00,0,1 01,0,1 02,0,1 02,1,1 J1
02,0,0 03,0,0 03,1,0 03,2,0 04,1,0 F
00,1,1 00,2,0 00,2,1 00,3,1 01,1,1 J2
00,3,0 00,4,0 00,4,1 01,3,0 01,3,1 A
01,2,1 02,2,1 03,2,1 04,2,1 05,2,1 I
03,1,1 04,1,1 05,0,1 05,1,0 05,1,1 J3
03,0,1 04,0,0 04,0,1 05,0,0 06,0,0 N
02,2,0 02,3,0 02,4,0 03,4,0 03,4,1 J4
01,4,0 01,4,1 02,3,1 02,4,1 03,3,1 S1
03,3,0 04,3,0 05,3,0 06,3,0 06,3,1 L
04,2,0 05,2,0 06,1,0 06,2,0 06,2,1 L3
04,3,1 04,4,0 04,4,1 05,3,1 05,4,1 Q
05,4,0 06,4,0 06,4,1 07,4,0 07,4,1 P
06,0,1 06,1,1 07,0,1 08,0,0 08,0,1 L1
07,0,0 07,1,0 07,2,0 07,2,1 08,1,0 L2
07,1,1 08,1,1 09,1,0 09,1,1 09,2,0 L4
09,0,0 10,0,0 10,1,0 10,1,1 10,2,1 N1
09,0,1 10,0,1 11,0,1 11,1,1 11,2,1 V
07,3,0 08,2,0 08,2,1 08,3,0 09,2,1 V1
07,3,1 08,3,1 08,4,1 09,3,1 10,3,1 Y
08,4,0 09,3,0 09,4,0 09,4,1 10,4,0 T1
10,4,1 11,3,1 11,4,0 11,4,1 12,3,1 S2
10,2,0 10,3,0 11,3,0 12,3,0 12,4,0 Z
12,4,1 13,3,0 13,4,0 13,4,1 14,4,0 N2
12,2,1 13,2,1 13,3,1 14,3,1 14,4,1 W
12,2,0 13,2,0 14,1,0 14,2,0 14,3,0 T
11,0,0 11,1,0 11,2,0 12,1,0 12,1,1 T2
12,0,0 12,0,1 13,0,1 14,0,0 14,0,1 U
13,0,0 13,1,0 13,1,1 14,1,1 14,2,1 V2

A  S1 J4 J4 Q  P  P  P  T1 T1 T1 S2 Z  N2 N2     A  S1 S1 J4 Q  Q  P  P  Y  T1 S2 S2 N2 N2 W
A  A  J4 L  L  L  L  V1 V1 T1 Z  Z  Z  N2 T      J2 A  S1 S1 Q  Q  L  Y  Y  Y  Y  S2 S2 W  W
J2 X  J4 F  L3 L3 L3 L2 V1 L4 Z  T2 T  T  T      J2 I  I  I  I  I  L3 L2 V1 V1 N1 V  W  W  V2
X  X  X  F  F  L3 L3 L2 L2 L4 N1 T2 T2 V2 T      J2 J2 J1 L3 L3 L3 L1 L4 L4 L4 N1 V  T2 V2 V2
J1 X  F  F  N  N  N  L2 L1 N1 N1 T2 U  V2 U      J1 J1 J1 N  N  L3 L1 L1 L1 V  V  V  U  U  U

solution 31:
00,1,0 01,0,0 01,1,0 01,2,0 02,1,0 X
00,0,0 00,0,1 01,0,1 02,0,1 02,1,1 J1
02,0,0 03,0,0 03,1,0 03,2,0 04,1,0 F
00,1,1 00,2,0 00,2,1 00,3,1 01,1,1 J2
00,3,0 00,4,0 00,4,1 01,3,0 01,3,1 A
01,2,1 02,2,1 03,2,1 04,2,1 05,2,1 I
03,1,1 04,1,1 05,0,1 05,1,0 05,1,1 J3
03,0,1 04,0,0 04,0,1 05,0,0 06,0,0 N
02,2,0 02,3,0 02,4,0 03,4,0 03,4,1 J4
01,4,0 01,4,1 02,3,1 02,4,1 03,3,1 S1
03,3,0 04,3,0 05,3,0 06,3,0 06,3,1 L
04,2,0 05,2,0 06,1,0 06,2,0 06,2,1 L3
04,3,1 04,4,0 04,4,1 05,3,1 05,4,1 Q
05,4,0 06,4,0 06,4,1 07,4,0 07,4,1 P
06,0,1 06,1,1 07,0,1 08,0,0 08,0,1 L1
07,0,0 07,1,0 07,2,0 07,2,1 08,1,0 L2
07,1,1 08,1,1 09,1,0 09,1,1 09,2,0 L4
09,0,0 10,0,0 10,1,0 10,1,1 10,2,1 N1
09,0,1 10,0,1 11,0,1 11,1,1 12,0,1 Y
11,0,0 12,0,0 12,1,0 12,2,0 13,0,0 T
10,2,0 11,1,0 11,2,0 11,2,1 11,3,0 T1
13,1,0 13,2,0 14,0,0 14,1,0 14,1,1 S2
12,1,1 12,2,1 13,0,1 13,1,1 14,0,1 W
12,4,0 13,4,0 14,2,0 14,3,0 14,4,0 V
09,2,1 09,3,1 10,3,1 11,3,1 11,4,1 Z
09,4,1 10,3,0 10,4,0 10,4,1 11,4,0 N2
12,3,0 13,2,1 13,3,0 13,3,1 14,2,1 V2
12,3,1 12,4,1 13,4,1 14,3,1 14,4,1 U
07,3,1 08,3,1 08,4,0 08,4,1 09,4,0 V1
07,3,0 08,2,0 08,2,1 08,3,0 09,3,0 T2

A  S1 J4 J4 Q  P  P  P  V1 V1 N2 N2 V  V  V      A  S1 S1 J4 Q  Q  P  P  V1 N2 N2 Z  U  U  U
A  A  J4 L  L  L  L  T2 T2 T2 N2 T1 V2 V2 V      J2 A  S1 S1 Q  Q  L  V1 V1 Z  Z  Z  U  V2 U
J2 X  J4 F  L3 L3 L3 L2 T2 L4 T1 T1 T  S2 V      J2 I  I  I  I  I  L3 L2 T2 Z  N1 T1 W  V2 V2
X  X  X  F  F  L3 L3 L2 L2 L4 N1 T1 T  S2 S2     J2 J2 J1 L3 L3 L3 L1 L4 L4 L4 N1 Y  W  W  S2
J1 X  F  F  N  N  N  L2 L1 N1 N1 T  T  T  S2     J1 J1 J1 N  N  L3 L1 L1 L1 Y  Y  Y  Y  W  W

solution 32:
00,1,0 01,0,0 01,1,0 01,2,0 02,1,0 X
00,0,0 00,0,1 01,0,1 02,0,1 02,1,1 J1
02,0,0 03,0,0 03,1,0 03,2,0 04,1,0 F
00,1,1 00,2,0 00,2,1 00,3,1 01,1,1 J2
00,3,0 00,4,0 00,4,1 01,3,0 01,3,1 A
01,2,1 02,2,1 03,2,1 04,2,1 05,2,1 I
03,1,1 04,1,1 05,0,1 05,1,0 05,1,1 J3
03,0,1 04,0,0 04,0,1 05,0,0 06,0,0 N
02,2,0 02,3,0 02,4,0 03,4,0 03,4,1 J4
01,4,0 01,4,1 02,3,1 02,4,1 03,3,1 S1
03,3,0 04,3,0 05,3,0 06,3,0 06,3,1 L
04,2,0 05,2,0 06,1,0 06,2,0 06,2,1 L3
04,3,1 04,4,0 04,4,1 05,3,1 05,4,1 Q
05,4,0 06,4,0 06,4,1 07,4,0 07,4,1 P
06,0,1 06,1,1 07,0,1 08,0,0 08,0,1 L1
07,0,0 07,1,0 07,2,0 07,2,1 08,1,0 L2
07,1,1 08,1,1 09,1,0 09,1,1 09,2,0 L4
09,0,0 10,0,0 10,1,0 10,1,1 11,1,0 S2
09,0,1 10,0,1 11,0,1 11,1,1 11,2,1 V
11,0,0 12,0,0 12,0,1 12,1,0 13,0,0 T1
13,2,1 14,0,0 14,1,0 14,1,1 14,2,1 N1
12,1,1 12,2,1 13,0,1 13,1,1 14,0,1 W
11,2,0 11,3,0 12,2,0 13,1,0 13,2,0 Z
13,3,1 14,2,0 14,3,0 14,3,1 14,4,1 N2
11,4,1 12,3,0 12,3,1 12,4,1 13,3,0 V2
11,4,0 12,4,0 13,4,0 13,4,1 14,4,0 Y
09,2,1 09,3,1 09,4,1 10,3,1 11,3,1 T
10,2,0 10,2,1 10,3,0 10,4,0 10,4,1 U
07,3,1 08,3,1 08,4,0 08,4,1 09,4,0 V1
07,3,0 08,2,0 08,2,1 08,3,0 09,3,0 T2

A  S1 J4 J4 Q  P  P  P  V1 V1 U  Y  Y  Y  Y      A  S1 S1 J4 Q  Q  P  P  V1 T  U  V2 V2 Y  N2
A  A  J4 L  L  L  L  T2 T2 T2 U  Z  V2 V2 N2     J2 A  S1 S1 Q  Q  L  V1 V1 T  T  T  V2 N2 N2
J2 X  J4 F  L3 L3 L3 L2 T2 L4 U  Z  Z  Z  N2     J2 I  I  I  I  I  L3 L2 T2 T  U  V  W  N1 N1
X  X  X  F  F  L3 L3 L2 L2 L4 S2 S2 T1 Z  N1     J2 J2 J1 L3 L3 L3 L1 L4 L4 L4 S2 V  W  W  N1
J1 X  F  F  N  N  N  L2 L1 S2 S2 T1 T1 T1 N1     J1 J1 J1 N  N  L3 L1 L1 L1 V  V  V  T1 W  W

solution 33:
00,1,0 01,0,0 01,1,0 01,2,0 02,1,0 X
00,0,0 00,0,1 01,0,1 02,0,1 02,1,1 J1
02,0,0 03,0,0 03,1,0 03,2,0 04,1,0 F
00,1,1 00,2,0 00,2,1 00,3,1 01,1,1 J2
00,3,0 00,4,0 00,4,1 01,3,0 01,3,1 A
01,2,1 02,2,1 03,2,1 04,2,1 05,2,1 I
03,1,1 04,1,1 05,0,1 05,1,0 05,1,1 J3
03,0,1 04,0,0 04,0,1 05,0,0 06,0,0 N
02,2,0 02,3,0 02,4,0 03,4,0 03,4,1 J4
01,4,0 01,4,1 02,3,1 02,4,1 03,3,1 S1
03,3,0 04,3,0 05,3,0 06,3,0 06,3,1 L
04,2,0 05,2,0 06,1,0 06,2,0 06,2,1 L3
04,3,1 04,4,0 04,4,1 05,3,1 05,4,1 Q
05,4,0 06,4,0 06,4,1 07,4,0 07,4,1 P
06,0,1 06,1,1 07,0,1 08,0,0 08,0,1 L1
07,0,0 07,1,0 07,2,0 07,2,1 08,1,0 L2
07,1,1 08,1,1 09,1,0 09,1,1 09,2,0 L4
09,0,0 10,0,0 10,1,0 10,1,1 11,1,0 S2
09,0,1 10,0,1 11,0,1 11,1,1 11,2,1 V
11,0,0 12,0,0 12,1,0 13,1,0 13,2,0 W
13,0,0 14,0,0 14,1,0 14,1,1 14,2,1 N1
12,0,1 13,0,1 13,1,1 13,2,1 14,0,1 T
12,1,1 12,2,1 12,3,0 12,3,1 12,4,1 Y
13,3,1 14,2,0 14,3,0 14,3,1 14,4,1 N2
12,4,0 13,3,0 13,4,0 13,4,1 14,4,0 T1
10,4,0 11,2,0 11,3,0 11,4,0 12,2,0 Z
10,2,0 10,3,0 10,3,1 11,3,1 11,4,1 V2
09,2,1 09,3,1 09,4,1 10,2,1 10,4,1 U
07,3,1 08,3,1 08,4,0 08,4,1 09,4,0 V1
07,3,0 08,2,0 08,2,1 08,3,0 09,3,0 T2

A  S1 J4 J4 Q  P  P  P  V1 V1 Z  Z  T1 T1 T1     A  S1 S1 J4 Q  Q  P  P  V1 U  U  V2 Y  T1 N2
A  A  J4 L  L  L  L  T2 T2 T2 V2 Z  Y  T1 N2     J2 A  S1 S1 Q  Q  L  V1 V1 U  V2 V2 Y  N2 N2
J2 X  J4 F  L3 L3 L3 L2 T2 L4 V2 Z  Z  W  N2     J2 I  I  I  I  I  L3 L2 T2 U  U  V  Y  T  N1
X  X  X  F  F  L3 L3 L2 L2 L4 S2 S2 W  W  N1     J2 J2 J1 L3 L3 L3 L1 L4 L4 L4 S2 V  Y  T  N1
J1 X  F  F  N  N  N  L2 L1 S2 S2 W  W  N1 N1     J1 J1 J1 N  N  L3 L1 L1 L1 V  V  V  T  T  T

solution 34:
00,1,0 01,0,0 01,1,0 01,2,0 02,1,0 X
00,0,0 00,0,1 01,0,1 02,0,1 02,1,1 J1
02,0,0 03,0,0 03,1,0 03,2,0 04,1,0 F
00,1,1 00,2,0 00,2,1 00,3,1 01,1,1 J2
00,3,0 00,4,0 00,4,1 01,3,0 01,3,1 A
01,2,1 02,2,1 03,2,1 04,2,1 05,2,1 I
03,1,1 04,1,1 05,0,1 05,1,0 05,1,1 J3
03,0,1 04,0,0 04,0,1 05,0,0 06,0,0 N
02,2,0 02,3,0 02,4,0 03,4,0 03,4,1 J4
01,4,0 01,4,1 02,3,1 02,4,1 03,3,1 S1
03,3,0 04,3,0 05,3,0 06,3,0 06,3,1 L
04,2,0 05,2,0 06,1,0 06,2,0 06,2,1 L3
04,3,1 04,4,0 04,4,1 05,3,1 05,4,1 Q
05,4,0 06,4,0 06,4,1 07,4,0 07,4,1 P
06,0,1 06,1,1 07,0,1 08,0,0 08,0,1 L1
07,0,0 07,1,0 07,2,0 07,2,1 08,1,0 L2
07,1,1 08,1,1 09,1,0 09,1,1 09,2,0 L4
09,0,0 10,0,0 10,1,0 10,1,1 11,1,0 S2
09,0,1 10,0,1 11,0,0 11,0,1 12,0,1 Y
07,3,0 07,3,1 08,2,0 08,3,0 08,4,0 T2
08,2,1 08,3,1 08,4,1 09,2,1 10,2,1 V
09,3,0 09,4,0 10,2,0 10,3,0 11,2,0 W
09,3,1 09,4,1 10,4,0 10,4,1 11,4,0 N1
10,3,1 11,2,1 11,3,0 11,3,1 11,4,1 T1
11,1,1 12,1,1 12,2,1 12,3,1 13,3,1 Z
12,4,0 12,4,1 13,4,1 14,4,0 14,4,1 U
13,3,0 13,4,0 14,2,1 14,3,0 14,3,1 V2
12,1,0 12,2,0 12,3,0 13,2,0 14,2,0 T
13,1,1 13,2,1 14,0,0 14,1,0 14,1,1 V1
12,0,0 13,0,0 13,0,1 13,1,0 14,0,1 N2

A  S1 J4 J4 Q  P  P  P  T2 W  N1 N1 U  V2 U      A  S1 S1 J4 Q  Q  P  P  V  N1 N1 T1 U  U  U
A  A  J4 L  L  L  L  T2 T2 W  W  T1 T  V2 V2     J2 A  S1 S1 Q  Q  L  T2 V  N1 T1 T1 Z  Z  V2
J2 X  J4 F  L3 L3 L3 L2 T2 L4 W  W  T  T  T      J2 I  I  I  I  I  L3 L2 V  V  V  T1 Z  V1 V2
X  X  X  F  F  L3 L3 L2 L2 L4 S2 S2 T  N2 V1     J2 J2 J1 L3 L3 L3 L1 L4 L4 L4 S2 Z  Z  V1 V1
J1 X  F  F  N  N  N  L2 L1 S2 S2 Y  N2 N2 V1     J1 J1 J1 N  N  L3 L1 L1 L1 Y  Y  Y  Y  N2 N2

solution 35:
00,1,0 01,0,0 01,1,0 01,2,0 02,1,0 X
00,0,0 00,0,1 01,0,1 02,0,1 02,1,1 J1
02,0,0 03,0,0 03,1,0 03,2,0 04,1,0 F
00,1,1 00,2,0 00,2,1 00,3,1 01,1,1 J2
00,3,0 00,4,0 00,4,1 01,3,0 01,3,1 A
01,2,1 02,2,1 03,2,1 04,2,1 05,2,1 I
03,1,1 04,1,1 05,0,1 05,1,0 05,1,1 J3
03,0,1 04,0,0 04,0,1 05,0,0 06,0,0 N
02,2,0 02,3,0 02,4,0 03,4,0 03,4,1 J4
01,4,0 01,4,1 02,3,1 02,4,1 03,3,1 S1
03,3,0 04,3,0 05,3,0 06,3,0 06,3,1 L
04,2,0 05,2,0 06,1,0 06,2,0 06,2,1 L3
04,3,1 04,4,0 04,4,1 05,3,1 05,4,1 Q
05,4,0 06,4,0 06,4,1 07,4,0 07,4,1 P
06,0,1 06,1,1 07,0,1 08,0,0 08,0,1 L1
07,0,0 07,1,0 07,2,0 07,2,1 08,1,0 L2
07,1,1 08,1,1 09,1,0 09,1,1 09,2,0 L4
09,0,0 10,0,0 10,1,0 10,1,1 11,1,0 S2
09,0,1 10,0,1 11,0,0 11,0,1 12,0,1 Y
07,3,0 07,3,1 08,2,0 08,3,0 08,4,0 T2
08,2,1 08,3,1 08,4,1 09,2,1 10,2,1 V
09,3,0 09,4,0 10,2,0 10,3,0 11,2,0 W
09,3,1 09,4,1 10,3,1 11,2,1 11,3,1 Z
10,4,0 10,4,1 11,3,0 11,4,0 12,3,0 N1
11,4,1 12,2,1 12,3,1 12,4,1 13,4,1 T
12,4,0 13,3,0 13,3,1 13,4,0 14,3,1 V1
14,2,0 14,2,1 14,3,0 14,4,0 14,4,1 U
11,1,1 12,1,0 12,1,1 12,2,0 13,2,0 V2
12,0,0 13,0,0 13,0,1 13,1,0 14,0,0 T1
13,1,1 13,2,1 14,0,1 14,1,0 14,1,1 N2

A  S1 J4 J4 Q  P  P  P  T2 W  N1 N1 V1 V1 U      A  S1 S1 J4 Q  Q  P  P  V  Z  N1 T  T  T  U
A  A  J4 L  L  L  L  T2 T2 W  W  N1 N1 V1 U      J2 A  S1 S1 Q  Q  L  T2 V  Z  Z  Z  T  V1 V1
J2 X  J4 F  L3 L3 L3 L2 T2 L4 W  W  V2 V2 U      J2 I  I  I  I  I  L3 L2 V  V  V  Z  T  N2 U
X  X  X  F  F  L3 L3 L2 L2 L4 S2 S2 V2 T1 N2     J2 J2 J1 L3 L3 L3 L1 L4 L4 L4 S2 V2 V2 N2 N2
J1 X  F  F  N  N  N  L2 L1 S2 S2 Y  T1 T1 T1     J1 J1 J1 N  N  L3 L1 L1 L1 Y  Y  Y  Y  T1 N2

solution 36:
00,1,0 01,0,0 01,1,0 01,2,0 02,1,0 X
00,0,0 00,0,1 01,0,1 02,0,1 02,1,1 J1
02,0,0 03,0,0 03,1,0 03,2,0 04,1,0 F
00,1,1 00,2,0 00,2,1 00,3,1 01,1,1 J2
00,3,0 00,4,0 00,4,1 01,3,0 01,3,1 A
01,2,1 02,2,1 03,2,1 04,2,1 05,2,1 I
03,1,1 04,1,1 05,0,1 05,1,0 05,1,1 J3
03,0,1 04,0,0 04,0,1 05,0,0 06,0,0 N
02,2,0 02,3,0 02,4,0 03,4,0 03,4,1 J4
01,4,0 01,4,1 02,3,1 02,4,1 03,3,1 S1
03,3,0 04,3,0 05,3,0 06,3,0 06,3,1 L
04,2,0 05,2,0 06,1,0 06,2,0 06,2,1 L3
04,3,1 04,4,0 04,4,1 05,3,1 05,4,1 Q
05,4,0 06,4,0 06,4,1 07,4,0 07,4,1 P
06,0,1 06,1,1 07,0,1 08,0,0 08,0,1 L1
07,0,0 07,1,0 07,2,0 07,2,1 08,1,0 L2
07,1,1 08,1,1 09,1,0 09,1,1 09,2,0 L4
09,0,0 10,0,0 10,1,0 10,1,1 11,1,0 S2
09,0,1 10,0,1 11,0,0 11,0,1 12,0,1 Y
07,3,0 07,3,1 08,2,0 08,3,0 08,4,0 T2
08,2,1 08,3,1 08,4,1 09,4,1 10,4,1 V
09,2,1 09,3,0 09,3,1 09,4,0 10,3,1 N2
10,4,0 11,3,1 11,4,0 11,4,1 12,3,1 V2
10,2,1 11,1,1 11,2,0 11,2,1 12,2,1 T1
10,2,0 10,3,0 11,3,0 12,3,0 12,4,0 Z
12,4,1 13,3,0 13,4,0 13,4,1 14,3,0 V1
14,2,0 14,2,1 14,3,1 14,4,0 14,4,1 U
12,2,0 13,1,0 13,2,0 14,0,0 14,1,0 W
12,1,1 13,1,1 13,2,1 13,3,1 14,1,1 T
12,0,0 12,1,0 13,0,0 13,0,1 14,0,1 N1

A  S1 J4 J4 Q  P  P  P  T2 N2 V2 V2 Z  V1 U      A  S1 S1 J4 Q  Q  P  P  V  V  V  V2 V1 V1 U
A  A  J4 L  L  L  L  T2 T2 N2 Z  Z  Z  V1 V1     J2 A  S1 S1 Q  Q  L  T2 V  N2 N2 V2 V2 T  U
J2 X  J4 F  L3 L3 L3 L2 T2 L4 Z  T1 W  W  U      J2 I  I  I  I  I  L3 L2 V  N2 T1 T1 T1 T  U
X  X  X  F  F  L3 L3 L2 L2 L4 S2 S2 N1 W  W      J2 J2 J1 L3 L3 L3 L1 L4 L4 L4 S2 T1 T  T  T
J1 X  F  F  N  N  N  L2 L1 S2 S2 Y  N1 N1 W      J1 J1 J1 N  N  L3 L1 L1 L1 Y  Y  Y  Y  N1 N1

solution 37:
00,1,0 01,0,0 01,1,0 01,2,0 02,1,0 X
00,0,0 00,0,1 01,0,1 02,0,1 02,1,1 J1
02,0,0 03,0,0 03,1,0 03,2,0 04,1,0 F
00,1,1 00,2,0 00,2,1 00,3,1 01,1,1 J2
00,3,0 00,4,0 00,4,1 01,3,0 01,3,1 A
01,2,1 02,2,1 03,2,1 04,2,1 05,2,1 I
03,1,1 04,1,1 05,0,1 05,1,0 05,1,1 J3
03,0,1 04,0,0 04,0,1 05,0,0 06,0,0 N
02,2,0 02,3,0 02,4,0 03,4,0 03,4,1 J4
01,4,0 01,4,1 02,3,1 02,4,1 03,3,1 S1
03,3,0 04,3,0 05,3,0 06,3,0 06,3,1 L
04,2,0 05,2,0 06,1,0 06,2,0 06,2,1 L3
04,3,1 04,4,0 04,4,1 05,3,1 05,4,1 Q
05,4,0 06,4,0 06,4,1 07,4,0 07,4,1 P
06,0,1 06,1,1 07,0,1 08,0,0 08,0,1 L1
07,0,0 07,1,0 07,2,0 07,2,1 08,1,0 L2
07,1,1 08,1,1 09,1,0 09,1,1 09,2,0 L4
09,0,0 10,0,0 10,1,0 10,1,1 11,1,0 S2
09,0,1 10,0,1 11,0,0 11,0,1 12,0,1 Y
07,3,0 07,3,1 08,2,1 08,3,1 08,4,1 T2
08,2,0 08,3,0 09,3,0 10,3,0 10,4,0 Z
08,4,0 09,3,1 09,4,0 09,4,1 10,3,1 V2
09,2,1 10,2,1 11,1,1 11,2,1 11,3,1 T
10,2,0 11,2,0 12,0,0 12,1,0 12,2,0 V
10,4,1 11,3,0 11,4,0 11,4,1 12,3,0 V1
12,4,0 13,3,0 13,4,0 13,4,1 14,4,0 T1
12,3,1 12,4,1 13,3,1 14,3,1 14,4,1 U
12,1,1 12,2,1 13,0,1 13,1,1 14,0,1 W
13,1,0 13,2,0 13,2,1 14,2,0 14,3,0 N2
13,0,0 14,0,0 14,1,0 14,1,1 14,2,1 N1

A  S1 J4 J4 Q  P  P  P  V2 V2 Z  V1 T1 T1 T1     A  S1 S1 J4 Q  Q  P  P  T2 V2 V1 V1 U  T1 U
A  A  J4 L  L  L  L  T2 Z  Z  Z  V1 V1 T1 N2     J2 A  S1 S1 Q  Q  L  T2 T2 V2 V2 T  U  U  U
J2 X  J4 F  L3 L3 L3 L2 Z  L4 V  V  V  N2 N2     J2 I  I  I  I  I  L3 L2 T2 T  T  T  W  N2 N1
X  X  X  F  F  L3 L3 L2 L2 L4 S2 S2 V  N2 N1     J2 J2 J1 L3 L3 L3 L1 L4 L4 L4 S2 T  W  W  N1
J1 X  F  F  N  N  N  L2 L1 S2 S2 Y  V  N1 N1     J1 J1 J1 N  N  L3 L1 L1 L1 Y  Y  Y  Y  W  W

solution 38:
00,1,0 01,0,0 01,1,0 01,2,0 02,1,0 X
00,0,0 00,0,1 01,0,1 02,0,1 02,1,1 J1
02,0,0 03,0,0 03,1,0 03,2,0 04,1,0 F
00,1,1 00,2,0 00,2,1 00,3,1 01,1,1 J2
00,3,0 00,4,0 00,4,1 01,3,0 01,3,1 A
01,2,1 02,2,1 03,2,1 04,2,1 05,2,1 I
03,1,1 04,1,1 05,0,1 05,1,0 05,1,1 J3
03,0,1 04,0,0 04,0,1 05,0,0 06,0,0 N
02,2,0 02,3,0 02,4,0 03,4,0 03,4,1 J4
01,4,0 01,4,1 02,3,1 02,4,1 03,3,1 S1
03,3,0 04,3,0 05,3,0 06,3,0 06,3,1 L
04,2,0 05,2,0 06,1,0 06,2,0 06,2,1 L3
04,3,1 04,4,0 04,4,1 05,3,1 05,4,1 Q
05,4,0 06,4,0 06,4,1 07,4,0 07,4,1 P
06,0,1 06,1,1 07,0,1 08,0,0 08,0,1 L1
07,0,0 07,1,0 07,2,0 07,2,1 08,1,0 L2
07,1,1 08,1,1 09,1,0 09,1,1 09,2,0 L4
09,0,0 10,0,0 10,1,0 10,1,1 11,1,0 S2
09,0,1 10,0,1 11,0,0 11,0,1 12,0,1 Y
07,3,0 07,3,1 08,2,1 08,3,1 08,4,1 T2
08,2,0 08,3,0 09,3,0 10,3,0 10,4,0 Z
08,4,0 09,3,1 09,4,0 09,4,1 10,3,1 V2
09,2,1 10,2,1 11,1,1 11,2,1 11,3,1 T
10,2,0 11,2,0 12,0,0 12,1,0 12,2,0 V
10,4,1 11,3,0 11,4,0 11,4,1 12,3,0 V1
12,4,0 12,4,1 13,4,0 14,4,0 14,4,1 U
12,1,1 12,2,1 13,0,1 13,1,1 14,0,1 W
13,0,0 14,0,0 14,1,0 14,1,1 14,2,1 N1
13,1,0 13,2,0 13,2,1 14,2,0 14,3,0 N2
12,3,1 13,3,0 13,3,1 13,4,1 14,3,1 T1

A  S1 J4 J4 Q  P  P  P  V2 V2 Z  V1 U  U  U      A  S1 S1 J4 Q  Q  P  P  T2 V2 V1 V1 U  T1 U
A  A  J4 L  L  L  L  T2 Z  Z  Z  V1 V1 T1 N2     J2 A  S1 S1 Q  Q  L  T2 T2 V2 V2 T  T1 T1 T1
J2 X  J4 F  L3 L3 L3 L2 Z  L4 V  V  V  N2 N2     J2 I  I  I  I  I  L3 L2 T2 T  T  T  W  N2 N1
X  X  X  F  F  L3 L3 L2 L2 L4 S2 S2 V  N2 N1     J2 J2 J1 L3 L3 L3 L1 L4 L4 L4 S2 T  W  W  N1
J1 X  F  F  N  N  N  L2 L1 S2 S2 Y  V  N1 N1     J1 J1 J1 N  N  L3 L1 L1 L1 Y  Y  Y  Y  W  W

solution 39:
00,1,0 01,0,0 01,1,0 01,2,0 02,1,0 X
00,0,0 00,0,1 01,0,1 02,0,1 02,1,1 J1
02,0,0 03,0,0 03,1,0 03,2,0 04,1,0 F
00,1,1 00,2,0 00,2,1 00,3,1 01,1,1 J2
00,3,0 00,4,0 00,4,1 01,3,0 01,3,1 A
01,2,1 02,2,1 03,2,1 04,2,1 05,2,1 I
03,1,1 04,1,1 05,0,1 05,1,0 05,1,1 J3
03,0,1 04,0,0 04,0,1 05,0,0 06,0,0 N
02,2,0 02,3,0 02,4,0 03,4,0 03,4,1 J4
01,4,0 01,4,1 02,3,1 02,4,1 03,3,1 S1
03,3,0 04,3,0 05,3,0 06,3,0 06,3,1 L
04,2,0 05,2,0 06,1,0 06,2,0 06,2,1 L3
04,3,1 04,4,0 04,4,1 05,3,1 05,4,1 Q
05,4,0 06,4,0 06,4,1 07,4,0 07,4,1 P
06,0,1 06,1,1 07,0,1 08,0,0 08,0,1 L1
07,0,0 07,1,0 07,2,0 07,2,1 08,1,0 L2
07,1,1 08,1,1 09,1,0 09,1,1 09,2,0 L4
09,0,0 10,0,0 10,1,0 10,2,0 11,0,0 T
09,0,1 10,0,1 10,1,1 11,1,0 11,1,1 N1
11,0,1 12,0,1 13,0,0 13,0,1 14,0,1 Y
12,0,0 12,1,0 12,1,1 13,1,1 13,2,1 V2
13,1,0 14,0,0 14,1,0 14,1,1 14,2,0 T1
13,3,1 13,4,1 14,2,1 14,3,0 14,3,1 N2
12,4,0 12,4,1 13,4,0 14,4,0 14,4,1 U
11,2,1 12,2,1 12,3,0 12,3,1 13,3,0 V1
11,2,0 11,3,0 11,4,0 12,2,0 13,2,0 V
09,2,1 10,2,1 10,3,1 11,3,1 11,4,1 W
08,2,0 08,3,0 09,3,0 10,3,0 10,4,0 Z
08,4,0 09,3,1 09,4,0 09,4,1 10,4,1 S2
07,3,0 07,3,1 08,2,1 08,3,1 08,4,1 T2

A  S1 J4 J4 Q  P  P  P  S2 S2 Z  V  U  U  U      A  S1 S1 J4 Q  Q  P  P  T2 S2 S2 W  U  N2 U
A  A  J4 L  L  L  L  T2 Z  Z  Z  V  V1 V1 N2     J2 A  S1 S1 Q  Q  L  T2 T2 S2 W  W  V1 N2 N2
J2 X  J4 F  L3 L3 L3 L2 Z  L4 T  V  V  V  T1     J2 I  I  I  I  I  L3 L2 T2 W  W  V1 V1 V2 N2
X  X  X  F  F  L3 L3 L2 L2 L4 T  N1 V2 T1 T1     J2 J2 J1 L3 L3 L3 L1 L4 L4 L4 N1 N1 V2 V2 T1
J1 X  F  F  N  N  N  L2 L1 T  T  T  V2 Y  T1     J1 J1 J1 N  N  L3 L1 L1 L1 N1 N1 Y  Y  Y  Y

solution 40:
00,1,0 01,0,0 01,1,0 01,2,0 02,1,0 X
00,0,0 00,0,1 01,0,1 02,0,1 02,1,1 J1
02,0,0 03,0,0 03,1,0 03,2,0 04,1,0 F
00,1,1 00,2,0 00,2,1 00,3,1 01,1,1 J2
00,3,0 00,4,0 00,4,1 01,3,0 01,3,1 A
01,2,1 02,2,1 03,2,1 04,2,1 05,2,1 I
03,1,1 04,1,1 05,0,1 05,1,0 05,1,1 J3
03,0,1 04,0,0 04,0,1 05,0,0 06,0,0 N
02,2,0 02,3,0 02,4,0 03,4,0 03,4,1 J4
01,4,0 01,4,1 02,3,1 02,4,1 03,3,1 S1
03,3,0 04,3,0 05,3,0 06,3,0 06,3,1 L
04,2,0 05,2,0 06,1,0 06,2,0 06,2,1 L3
04,3,1 04,4,0 04,4,1 05,3,1 05,4,1 Q
05,4,0 06,4,0 06,4,1 07,4,0 07,4,1 P
06,0,1 06,1,1 07,0,1 08,0,0 08,0,1 L1
07,0,0 07,1,0 07,2,0 07,2,1 08,1,0 L2
07,1,1 08,1,1 09,1,0 09,1,1 09,2,0 L4
09,0,0 10,0,0 10,1,0 10,2,0 11,0,0 T
09,0,1 09,2,1 10,0,1 10,1,1 10,2,1 U
07,3,0 07,3,1 08,2,0 08,3,0 08,4,0 T2
08,2,1 08,3,1 09,3,0 09,3,1 10,3,0 N1
08,4,1 09,4,1 10,3,1 10,4,1 11,4,1 Y
09,4,0 10,4,0 11,2,0 11,3,0 11,4,0 V
11,0,1 11,1,1 12,1,1 12,2,1 13,2,1 W
11,1,0 12,0,0 12,0,1 12,1,0 13,0,1 V1
11,2,1 11,3,1 12,3,0 12,3,1 12,4,0 V2
12,2,0 13,0,0 13,1,0 13,2,0 14,0,0 Z
13,1,1 14,0,1 14,1,0 14,1,1 14,2,0 S2
13,3,1 14,2,1 14,3,0 14,3,1 14,4,1 T1
12,4,1 13,3,0 13,4,0 13,4,1 14,4,0 N2

A  S1 J4 J4 Q  P  P  P  T2 V  V  V  V2 N2 N2     A  S1 S1 J4 Q  Q  P  P  Y  Y  Y  Y  N2 N2 T1
A  A  J4 L  L  L  L  T2 T2 N1 N1 V  V2 N2 T1     J2 A  S1 S1 Q  Q  L  T2 N1 N1 Y  V2 V2 T1 T1
J2 X  J4 F  L3 L3 L3 L2 T2 L4 T  V  Z  Z  S2     J2 I  I  I  I  I  L3 L2 N1 U  U  V2 W  W  T1
X  X  X  F  F  L3 L3 L2 L2 L4 T  V1 V1 Z  S2     J2 J2 J1 L3 L3 L3 L1 L4 L4 L4 U  W  W  S2 S2
J1 X  F  F  N  N  N  L2 L1 T  T  T  V1 Z  Z      J1 J1 J1 N  N  L3 L1 L1 L1 U  U  W  V1 V1 S2

solution 41:
00,1,0 01,0,0 01,1,0 01,2,0 02,1,0 X
00,0,0 00,0,1 01,0,1 02,0,1 02,1,1 J1
02,0,0 03,0,0 03,1,0 03,2,0 04,1,0 F
00,1,1 00,2,0 00,2,1 00,3,1 01,1,1 J2
00,3,0 00,4,0 00,4,1 01,3,0 01,3,1 A
01,2,1 02,2,1 03,2,1 04,2,1 05,2,1 I
03,1,1 04,1,1 05,0,1 05,1,0 05,1,1 J3
03,0,1 04,0,0 04,0,1 05,0,0 06,0,0 N
02,2,0 02,3,0 02,4,0 03,4,0 03,4,1 J4
01,4,0 01,4,1 02,3,1 02,4,1 03,3,1 S1
03,3,0 04,3,0 05,3,0 06,3,0 06,3,1 L
04,2,0 05,2,0 06,1,0 06,2,0 06,2,1 L3
04,3,1 04,4,0 04,4,1 05,3,1 05,4,1 Q
05,4,0 06,4,0 06,4,1 07,4,0 07,4,1 P
06,0,1 06,1,1 07,0,1 08,0,0 08,0,1 L1
07,0,0 07,1,0 07,2,0 07,2,1 08,1,0 L2
07,1,1 08,1,1 09,1,0 09,1,1 09,2,0 L4
09,0,0 10,0,0 10,1,0 10,2,0 11,0,0 T
09,0,1 09,2,1 10,0,1 10,1,1 10,2,1 U
07,3,0 07,3,1 08,2,0 08,3,0 08,4,0 T2
08,2,1 08,3,1 09,3,0 09,3,1 09,4,0 V2
08,4,1 09,4,1 10,3,1 10,4,1 11,4,1 Y
10,3,0 10,4,0 11,2,0 11,3,0 11,3,1 S2
11,4,0 12,3,0 12,4,0 13,2,0 13,3,0 W
12,3,1 12,4,1 13,4,0 13,4,1 14,4,0 N1
13,3,1 14,2,1 14,3,0 14,3,1 14,4,1 T1
12,0,0 13,0,0 14,0,0 14,1,0 14,2,0 V
13,1,0 13,1,1 13,2,1 14,0,1 14,1,1 N2
11,0,1 11,1,0 11,1,1 12,1,0 12,2,0 V1
11,2,1 12,0,1 12,1,1 12,2,1 13,0,1 Z

A  S1 J4 J4 Q  P  P  P  T2 V2 S2 W  W  N1 N1     A  S1 S1 J4 Q  Q  P  P  Y  Y  Y  Y  N1 N1 T1
A  A  J4 L  L  L  L  T2 T2 V2 S2 S2 W  W  T1     J2 A  S1 S1 Q  Q  L  T2 V2 V2 Y  S2 N1 T1 T1
J2 X  J4 F  L3 L3 L3 L2 T2 L4 T  S2 V1 W  V      J2 I  I  I  I  I  L3 L2 V2 U  U  Z  Z  N2 T1
X  X  X  F  F  L3 L3 L2 L2 L4 T  V1 V1 N2 V      J2 J2 J1 L3 L3 L3 L1 L4 L4 L4 U  V1 Z  N2 N2
J1 X  F  F  N  N  N  L2 L1 T  T  T  V  V  V      J1 J1 J1 N  N  L3 L1 L1 L1 U  U  V1 Z  Z  N2

solution 42:
00,1,0 01,0,0 01,1,0 01,2,0 02,1,0 X
00,0,0 00,0,1 01,0,1 02,0,1 02,1,1 J1
02,0,0 03,0,0 03,1,0 03,2,0 04,1,0 F
00,1,1 00,2,0 00,2,1 00,3,1 01,1,1 J2
00,3,0 00,4,0 00,4,1 01,3,0 01,3,1 A
01,2,1 02,2,1 03,2,1 04,2,1 05,2,1 I
03,1,1 04,1,1 05,0,1 05,1,0 05,1,1 J3
03,0,1 04,0,0 04,0,1 05,0,0 06,0,0 N
02,2,0 02,3,0 02,4,0 03,4,0 03,4,1 J4
01,4,0 01,4,1 02,3,1 02,4,1 03,3,1 S1
03,3,0 04,3,0 05,3,0 06,3,0 06,3,1 L
04,2,0 05,2,0 06,1,0 06,2,0 06,2,1 L3
04,3,1 04,4,0 04,4,1 05,3,1 05,4,1 Q
05,4,0 06,4,0 06,4,1 07,4,0 07,4,1 P
06,0,1 06,1,1 07,0,1 08,0,0 08,0,1 L1
07,0,0 07,1,0 07,2,0 07,2,1 08,1,0 L2
07,1,1 08,1,1 09,1,0 09,1,1 09,2,0 L4
09,0,0 10,0,0 10,1,0 10,2,0 11,0,0 T
09,0,1 09,2,1 10,0,1 10,1,1 10,2,1 U
07,3,0 07,3,1 08,2,0 08,3,0 08,4,0 T2
08,2,1 08,3,1 09,3,1 10,3,1 10,4,1 Z
08,4,1 09,3,0 09,4,0 09,4,1 10,3,0 V1
10,4,0 11,3,0 11,4,0 11,4,1 12,4,1 S2
12,4,0 13,3,0 13,4,0 13,4,1 14,4,0 T1
13,2,0 14,2,0 14,3,0 14,3,1 14,4,1 N1
13,1,0 14,0,0 14,1,0 14,1,1 14,2,1 N2
11,1,0 11,2,0 12,0,0 12,1,0 13,0,0 W
11,1,1 11,2,1 12,2,0 12,2,1 12,3,0 V2
11,3,1 12,3,1 13,1,1 13,2,1 13,3,1 V
11,0,1 12,0,1 12,1,1 13,0,1 14,0,1 Y

A  S1 J4 J4 Q  P  P  P  T2 V1 S2 S2 T1 T1 T1     A  S1 S1 J4 Q  Q  P  P  V1 V1 Z  S2 S2 T1 N1
A  A  J4 L  L  L  L  T2 T2 V1 V1 S2 V2 T1 N1     J2 A  S1 S1 Q  Q  L  T2 Z  Z  Z  V  V  V  N1
J2 X  J4 F  L3 L3 L3 L2 T2 L4 T  W  V2 N1 N1     J2 I  I  I  I  I  L3 L2 Z  U  U  V2 V2 V  N2
X  X  X  F  F  L3 L3 L2 L2 L4 T  W  W  N2 N2     J2 J2 J1 L3 L3 L3 L1 L4 L4 L4 U  V2 Y  V  N2
J1 X  F  F  N  N  N  L2 L1 T  T  T  W  W  N2     J1 J1 J1 N  N  L3 L1 L1 L1 U  U  Y  Y  Y  Y

solution 43:
00,1,0 01,0,0 01,1,0 01,2,0 02,1,0 X
00,0,0 00,0,1 01,0,1 02,0,1 02,1,1 J1
02,0,0 03,0,0 03,1,0 03,2,0 04,1,0 F
00,1,1 00,2,0 00,2,1 00,3,1 01,1,1 J2
00,3,0 00,4,0 00,4,1 01,3,0 01,3,1 A
01,2,1 02,2,1 03,2,1 04,2,1 05,2,1 I
03,1,1 04,1,1 05,0,1 05,1,0 05,1,1 J3
03,0,1 04,0,0 04,0,1 05,0,0 06,0,0 N
02,2,0 02,3,0 02,4,0 03,4,0 03,4,1 J4
01,4,0 01,4,1 02,3,1 02,4,1 03,3,1 S1
03,3,0 04,3,0 05,3,0 06,3,0 06,3,1 L
04,2,0 05,2,0 06,1,0 06,2,0 06,2,1 L3
04,3,1 04,4,0 04,4,1 05,3,1 05,4,1 Q
05,4,0 06,4,0 06,4,1 07,4,0 07,4,1 P
06,0,1 06,1,1 07,0,1 08,0,0 08,0,1 L1
07,0,0 07,1,0 07,2,0 07,2,1 08,1,0 L2
07,1,1 08,1,1 09,1,0 09,1,1 09,2,0 L4
09,0,0 10,0,0 10,1,0 10,2,0 11,0,0 T
09,0,1 09,2,1 10,0,1 10,1,1 10,2,1 U
08,2,0 08,3,0 09,3,0 10,3,0 10,4,0 Z
07,3,0 07,3,1 08,2,1 08,3,1 08,4,1 T2
08,4,0 09,3,1 09,4,0 09,4,1 10,4,1 S2
10,3,1 11,3,0 11,3,1 11,4,1 12,4,1 N2
11,4,0 12,3,0 12,4,0 13,2,0 13,3,0 W
12,3,1 13,3,1 13,4,0 13,4,1 14,4,0 V1
14,1,1 14,2,1 14,3,0 14,3,1 14,4,1 Y
12,0,0 13,0,0 14,0,0 14,1,0 14,2,0 V
12,1,0 13,0,1 13,1,0 13,1,1 14,0,1 V2
11,2,1 12,1,1 12,2,0 12,2,1 13,2,1 T1
11,0,1 11,1,0 11,1,1 11,2,0 12,0,1 N1

A  S1 J4 J4 Q  P  P  P  S2 S2 Z  W  W  V1 V1     A  S1 S1 J4 Q  Q  P  P  T2 S2 S2 N2 N2 V1 Y
A  A  J4 L  L  L  L  T2 Z  Z  Z  N2 W  W  Y      J2 A  S1 S1 Q  Q  L  T2 T2 S2 N2 N2 V1 V1 Y
J2 X  J4 F  L3 L3 L3 L2 Z  L4 T  N1 T1 W  V      J2 I  I  I  I  I  L3 L2 T2 U  U  T1 T1 T1 Y
X  X  X  F  F  L3 L3 L2 L2 L4 T  N1 V2 V2 V      J2 J2 J1 L3 L3 L3 L1 L4 L4 L4 U  N1 T1 V2 Y
J1 X  F  F  N  N  N  L2 L1 T  T  T  V  V  V      J1 J1 J1 N  N  L3 L1 L1 L1 U  U  N1 N1 V2 V2

solution 44:
00,1,0 01,0,0 01,1,0 01,2,0 02,1,0 X
00,0,0 00,0,1 01,0,1 02,0,1 02,1,1 J1
02,0,0 03,0,0 03,1,0 03,2,0 04,1,0 F
00,1,1 00,2,0 00,2,1 00,3,1 01,1,1 J2
00,3,0 00,4,0 00,4,1 01,3,0 01,3,1 A
01,2,1 02,2,1 03,2,1 04,2,1 05,2,1 I
03,1,1 04,1,1 05,0,1 05,1,0 05,1,1 J3
03,0,1 04,0,0 04,0,1 05,0,0 06,0,0 N
02,2,0 02,3,0 02,4,0 03,4,0 03,4,1 J4
01,4,0 01,4,1 02,3,1 02,4,1 03,3,1 S1
03,3,0 04,3,0 05,3,0 06,3,0 06,3,1 L
04,2,0 05,2,0 06,1,0 06,2,0 06,2,1 L3
04,3,1 04,4,0 04,4,1 05,3,1 05,4,1 Q
05,4,0 06,4,0 06,4,1 07,4,0 07,4,1 P
06,0,1 06,1,1 07,0,1 08,0,0 08,0,1 L1
07,0,0 07,1,0 07,2,0 07,2,1 08,1,0 L2
07,1,1 08,1,1 09,1,0 09,1,1 09,2,0 L4
09,0,0 10,0,0 10,1,0 10,2,0 11,0,0 T
09,0,1 09,2,1 10,0,1 10,1,1 10,2,1 U
08,2,0 08,3,0 09,3,0 10,3,0 10,4,0 Z
07,3,0 07,3,1 08,2,1 08,3,1 08,4,1 T2
08,4,0 09,3,1 09,4,0 09,4,1 10,4,1 S2
10,3,1 11,3,1 11,4,0 11,4,1 12,4,1 N2
12,3,1 13,3,1 13,4,1 14,4,0 14,4,1 N1
11,2,0 11,3,0 12,3,0 12,4,0 13,4,0 W
14,0,1 14,1,1 14,2,0 14,2,1 14,3,1 Y
12,2,1 13,2,0 13,2,1 13,3,0 14,3,0 V2
12,0,0 12,1,0 12,2,0 13,0,0 14,0,0 V
11,0,1 11,1,0 11,1,1 11,2,1 12,1,1 T1
12,0,1 13,0,1 13,1,0 13,1,1 14,1,0 V1

A  S1 J4 J4 Q  P  P  P  S2 S2 Z  N2 W  W  N1     A  S1 S1 J4 Q  Q  P  P  T2 S2 S2 N2 N2 N1 N1
A  A  J4 L  L  L  L  T2 Z  Z  Z  W  W  V2 V2     J2 A  S1 S1 Q  Q  L  T2 T2 S2 N2 N2 N1 N1 Y
J2 X  J4 F  L3 L3 L3 L2 Z  L4 T  W  V  V2 Y      J2 I  I  I  I  I  L3 L2 T2 U  U  T1 V2 V2 Y
X  X  X  F  F  L3 L3 L2 L2 L4 T  T1 V  V1 V1     J2 J2 J1 L3 L3 L3 L1 L4 L4 L4 U  T1 T1 V1 Y
J1 X  F  F  N  N  N  L2 L1 T  T  T  V  V  V      J1 J1 J1 N  N  L3 L1 L1 L1 U  U  T1 V1 V1 Y

solution 45:
00,1,0 01,0,0 01,1,0 01,2,0 02,1,0 X
00,0,0 00,0,1 01,0,1 02,0,1 02,1,1 J1
02,0,0 03,0,0 03,1,0 03,2,0 04,1,0 F
00,1,1 00,2,0 00,2,1 00,3,1 01,1,1 J2
00,3,0 00,4,0 00,4,1 01,3,0 01,3,1 A
01,2,1 02,2,1 03,2,1 04,2,1 05,2,1 I
03,1,1 04,1,1 05,0,1 05,1,0 05,1,1 J3
03,0,1 04,0,0 04,0,1 05,0,0 06,0,0 N
02,2,0 02,3,0 02,4,0 03,4,0 03,4,1 J4
01,4,0 01,4,1 02,3,1 02,4,1 03,3,1 S1
03,3,0 04,3,0 05,3,0 06,3,0 06,3,1 L
04,2,0 05,2,0 06,1,0 06,2,0 06,2,1 L3
04,3,1 04,4,0 04,4,1 05,3,1 05,4,1 Q
05,4,0 06,4,0 06,4,1 07,4,0 07,4,1 P
06,0,1 06,1,1 07,0,1 08,0,0 08,0,1 L1
07,0,0 07,1,0 07,2,0 07,2,1 08,1,0 L2
07,1,1 08,1,1 09,1,0 09,1,1 09,2,0 L4
09,0,0 10,0,0 10,1,0 10,2,0 11,0,0 T
09,0,1 09,2,1 10,0,1 10,1,1 10,2,1 U
08,2,0 08,3,0 09,3,0 10,3,0 10,4,0 Z
07,3,0 07,3,1 08,2,1 08,3,1 08,4,1 T2
08,4,0 09,3,1 09,4,0 09,4,1 10,3,1 V2
10,4,1 11,3,1 11,4,0 11,4,1 12,3,1 S2
12,4,1 13,4,1 14,2,1 14,3,1 14,4,1 V
13,2,1 13,3,0 13,3,1 14,3,0 14,4,0 V1
11,2,0 11,3,0 12,3,0 12,4,0 13,4,0 W
13,1,0 14,0,0 14,1,0 14,1,1 14,2,0 T1
11,0,1 12,0,1 13,0,1 13,1,1 14,0,1 Y
11,1,0 11,1,1 12,0,0 12,1,0 13,0,0 N1
11,2,1 12,1,1 12,2,0 12,2,1 13,2,0 N2

A  S1 J4 J4 Q  P  P  P  V2 V2 Z  S2 W  W  V1     A  S1 S1 J4 Q  Q  P  P  T2 V2 S2 S2 V  V  V
A  A  J4 L  L  L  L  T2 Z  Z  Z  W  W  V1 V1     J2 A  S1 S1 Q  Q  L  T2 T2 V2 V2 S2 S2 V1 V
J2 X  J4 F  L3 L3 L3 L2 Z  L4 T  W  N2 N2 T1     J2 I  I  I  I  I  L3 L2 T2 U  U  N2 N2 V1 V
X  X  X  F  F  L3 L3 L2 L2 L4 T  N1 N1 T1 T1     J2 J2 J1 L3 L3 L3 L1 L4 L4 L4 U  N1 N2 Y  T1
J1 X  F  F  N  N  N  L2 L1 T  T  T  N1 N1 T1     J1 J1 J1 N  N  L3 L1 L1 L1 U  U  Y  Y  Y  Y

solution 46:
00,1,0 01,0,0 01,1,0 01,2,0 02,1,0 X
00,0,0 00,0,1 01,0,1 02,0,1 02,1,1 J1
02,0,0 03,0,0 03,1,0 03,2,0 04,1,0 F
00,1,1 00,2,0 00,2,1 00,3,1 01,1,1 J2
00,3,0 00,4,0 00,4,1 01,3,0 01,3,1 A
01,2,1 02,2,1 03,2,1 04,2,1 05,2,1 I
03,1,1 04,1,1 05,0,1 05,1,0 05,1,1 J3
03,0,1 04,0,0 04,0,1 05,0,0 06,0,0 N
02,2,0 02,3,0 02,4,0 03,4,0 03,4,1 J4
01,4,0 01,4,1 02,3,1 02,4,1 03,3,1 S1
03,3,0 04,3,0 05,3,0 06,3,0 06,3,1 L
04,2,0 05,2,0 06,1,0 06,2,0 06,2,1 L3
04,3,1 04,4,0 04,4,1 05,3,1 05,4,1 Q
05,4,0 06,4,0 06,4,1 07,4,0 07,4,1 P
06,0,1 06,1,1 07,0,1 08,0,0 08,0,1 L1
07,0,0 07,1,0 07,2,0 07,2,1 08,1,0 L2
07,1,1 08,1,1 09,1,0 09,1,1 09,2,0 L4
09,0,0 10,0,0 10,1,0 10,2,0 11,0,0 T
09,0,1 09,2,1 10,0,1 10,1,1 10,2,1 U
08,2,0 08,3,0 09,3,0 10,3,0 10,4,0 Z
07,3,0 07,3,1 08,2,1 08,3,1 08,4,1 T2
08,4,0 09,3,1 09,4,0 09,4,1 10,3,1 V2
10,4,1 11,3,1 11,4,0 11,4,1 12,3,1 S2
12,4,1 13,4,1 14,2,1 14,3,1 14,4,1 V
13,2,1 13,3,0 13,3,1 14,3,0 14,4,0 V1
11,2,0 11,3,0 12,3,0 12,4,0 13,4,0 W
13,1,0 14,0,0 14,1,0 14,1,1 14,2,0 T1
11,0,1 12,0,1 13,0,1 13,1,1 14,0,1 Y
11,1,0 12,0,0 12,1,0 12,1,1 13,0,0 N2
11,1,1 11,2,1 12,2,0 12,2,1 13,2,0 N1

A  S1 J4 J4 Q  P  P  P  V2 V2 Z  S2 W  W  V1     A  S1 S1 J4 Q  Q  P  P  T2 V2 S2 S2 V  V  V
A  A  J4 L  L  L  L  T2 Z  Z  Z  W  W  V1 V1     J2 A  S1 S1 Q  Q  L  T2 T2 V2 V2 S2 S2 V1 V
J2 X  J4 F  L3 L3 L3 L2 Z  L4 T  W  N1 N1 T1     J2 I  I  I  I  I  L3 L2 T2 U  U  N1 N1 V1 V
X  X  X  F  F  L3 L3 L2 L2 L4 T  N2 N2 T1 T1     J2 J2 J1 L3 L3 L3 L1 L4 L4 L4 U  N1 N2 Y  T1
J1 X  F  F  N  N  N  L2 L1 T  T  T  N2 N2 T1     J1 J1 J1 N  N  L3 L1 L1 L1 U  U  Y  Y  Y  Y

solution 47:
00,1,0 01,0,0 01,1,0 01,2,0 02,1,0 X
00,0,0 00,0,1 01,0,1 02,0,1 02,1,1 J1
02,0,0 03,0,0 03,1,0 03,2,0 04,1,0 F
00,1,1 00,2,0 00,2,1 00,3,1 01,1,1 J2
00,3,0 00,4,0 00,4,1 01,3,0 01,3,1 A
01,2,1 02,2,1 03,2,1 04,2,1 05,2,1 I
03,1,1 04,1,1 05,0,1 05,1,0 05,1,1 J3
03,0,1 04,0,0 04,0,1 05,0,0 06,0,0 N
02,2,0 02,3,0 02,4,0 03,4,0 03,4,1 J4
01,4,0 01,4,1 02,3,1 02,4,1 03,3,1 S1
03,3,0 04,3,0 05,3,0 06,3,0 06,3,1 L
04,2,0 05,2,0 06,1,0 06,2,0 06,2,1 L3
04,3,1 04,4,0 04,4,1 05,3,1 05,4,1 Q
05,4,0 06,4,0 06,4,1 07,4,0 07,4,1 P
06,0,1 06,1,1 07,0,1 08,0,0 08,0,1 L1
07,0,0 07,1,0 07,2,0 07,2,1 08,1,0 L2
07,1,1 08,1,1 09,1,0 09,1,1 09,2,0 L4
09,0,0 10,0,0 10,1,0 10,2,0 11,0,0 T
09,0,1 09,2,1 10,0,1 10,1,1 10,2,1 U
08,2,0 08,3,0 09,3,0 10,3,0 10,4,0 Z
07,3,0 07,3,1 08,2,1 08,3,1 08,4,1 T2
08,4,0 09,3,1 09,4,0 09,4,1 10,3,1 V2
10,4,1 11,3,0 11,4,0 11,4,1 12,3,0 V1
12,4,0 13,3,0 13,4,0 13,4,1 14,4,0 T1
12,2,1 12,3,1 12,4,1 13,2,1 14,2,1 V
13,3,1 14,2,0 14,3,0 14,3,1 14,4,1 N2
11,0,1 11,1,1 11,2,0 11,2,1 11,3,1 Y
12,2,0 13,1,0 13,2,0 14,0,0 14,1,0 W
11,1,0 12,0,1 12,1,0 12,1,1 13,1,1 S2
12,0,0 13,0,0 13,0,1 14,0,1 14,1,1 N1

A  S1 J4 J4 Q  P  P  P  V2 V2 Z  V1 T1 T1 T1     A  S1 S1 J4 Q  Q  P  P  T2 V2 V1 V1 V  T1 N2
A  A  J4 L  L  L  L  T2 Z  Z  Z  V1 V1 T1 N2     J2 A  S1 S1 Q  Q  L  T2 T2 V2 V2 Y  V  N2 N2
J2 X  J4 F  L3 L3 L3 L2 Z  L4 T  Y  W  W  N2     J2 I  I  I  I  I  L3 L2 T2 U  U  Y  V  V  V
X  X  X  F  F  L3 L3 L2 L2 L4 T  S2 S2 W  W      J2 J2 J1 L3 L3 L3 L1 L4 L4 L4 U  Y  S2 S2 N1
J1 X  F  F  N  N  N  L2 L1 T  T  T  N1 N1 W      J1 J1 J1 N  N  L3 L1 L1 L1 U  U  Y  S2 N1 N1

solution 48:
00,1,0 01,0,0 01,1,0 01,2,0 02,1,0 X
00,0,0 00,0,1 01,0,1 02,0,1 02,1,1 J1
02,0,0 03,0,0 03,1,0 03,2,0 04,1,0 F
00,1,1 00,2,0 00,2,1 00,3,1 01,1,1 J2
00,3,0 00,4,0 00,4,1 01,3,0 01,3,1 A
01,2,1 02,2,1 03,2,1 04,2,1 05,2,1 I
03,1,1 04,1,1 05,0,1 05,1,0 05,1,1 J3
03,0,1 04,0,0 04,0,1 05,0,0 06,0,0 N
02,2,0 02,3,0 02,4,0 03,4,0 03,4,1 J4
01,4,0 01,4,1 02,3,1 02,4,1 03,3,1 S1
03,3,0 04,3,0 05,3,0 06,3,0 06,3,1 L
04,2,0 05,2,0 06,1,0 06,2,0 06,2,1 L3
04,3,1 04,4,0 04,4,1 05,3,1 05,4,1 Q
05,4,0 06,4,0 06,4,1 07,4,0 07,4,1 P
06,0,1 06,1,1 07,0,1 08,0,0 08,0,1 L1
07,0,0 07,1,0 07,2,0 07,2,1 08,1,0 L2
07,1,1 08,1,1 09,1,0 09,1,1 09,2,0 L4
09,0,0 10,0,0 10,1,0 10,2,0 11,0,0 T
09,0,1 10,0,1 11,0,1 11,1,1 11,2,1 V
09,3,1 10,1,1 10,2,1 10,3,1 10,4,1 Y
07,3,0 08,2,0 08,2,1 08,3,0 09,2,1 V1
07,3,1 08,3,1 08,4,0 08,4,1 09,4,1 N2
09,3,0 09,4,0 10,3,0 11,2,0 11,3,0 Z
10,4,0 11,3,1 11,4,0 11,4,1 12,3,1 V2
12,4,1 13,3,1 13,4,0 13,4,1 14,4,1 T1
12,3,0 12,4,0 13,3,0 14,3,0 14,4,0 U
13,1,1 13,2,1 14,2,0 14,2,1 14,3,1 S2
12,2,0 13,1,0 13,2,0 14,0,0 14,1,0 W
11,1,0 12,0,1 12,1,0 12,1,1 12,2,1 T2
12,0,0 13,0,0 13,0,1 14,0,1 14,1,1 N1

A  S1 J4 J4 Q  P  P  P  N2 Z  V2 V2 U  T1 U      A  S1 S1 J4 Q  Q  P  P  N2 N2 Y  V2 T1 T1 T1
A  A  J4 L  L  L  L  V1 V1 Z  Z  Z  U  U  U      J2 A  S1 S1 Q  Q  L  N2 N2 Y  Y  V2 V2 T1 S2
J2 X  J4 F  L3 L3 L3 L2 V1 L4 T  Z  W  W  S2     J2 I  I  I  I  I  L3 L2 V1 V1 Y  V  T2 S2 S2
X  X  X  F  F  L3 L3 L2 L2 L4 T  T2 T2 W  W      J2 J2 J1 L3 L3 L3 L1 L4 L4 L4 Y  V  T2 S2 N1
J1 X  F  F  N  N  N  L2 L1 T  T  T  N1 N1 W      J1 J1 J1 N  N  L3 L1 L1 L1 V  V  V  T2 N1 N1

solution 49:
00,1,0 01,0,0 01,1,0 01,2,0 02,1,0 X
00,0,0 00,0,1 01,0,1 02,0,1 02,1,1 J1
02,0,0 03,0,0 03,1,0 03,2,0 04,1,0 F
00,1,1 00,2,0 00,2,1 00,3,1 01,1,1 J2
00,3,0 00,4,0 00,4,1 01,3,0 01,3,1 A
01,2,1 02,2,1 03,2,1 04,2,1 05,2,1 I
03,1,1 04,1,1 05,0,1 05,1,0 05,1,1 J3
03,0,1 04,0,0 04,0,1 05,0,0 06,0,0 N
02,2,0 02,3,0 02,4,0 03,4,0 03,4,1 J4
01,4,0 01,4,1 02,3,1 02,4,1 03,3,1 S1
03,3,0 04,3,0 05,3,0 06,3,0 06,3,1 L
04,2,0 05,2,0 06,1,0 06,2,0 06,2,1 L3
04,3,1 04,4,0 04,4,1 05,3,1 05,4,1 Q
05,4,0 06,4,0 06,4,1 07,4,0 07,4,1 P
06,0,1 06,1,1 07,0,1 08,0,0 08,0,1 L1
07,0,0 07,1,0 07,2,0 07,2,1 08,1,0 L2
07,1,1 08,1,1 09,1,0 09,1,1 09,2,0 L4
09,0,0 10,0,0 10,1,0 10,2,0 11,0,0 T
09,0,1 10,0,1 11,0,1 11,1,1 11,2,1 V
09,3,1 10,1,1 10,2,1 10,3,1 10,4,1 Y
07,3,0 08,2,0 08,2,1 08,3,0 09,2,1 V1
07,3,1 08,3,1 08,4,0 08,4,1 09,4,1 N2
09,3,0 09,4,0 10,3,0 11,2,0 11,3,0 Z
10,4,0 11,3,1 11,4,0 11,4,1 12,3,1 V2
12,4,0 12,4,1 13,4,1 14,4,0 14,4,1 U
12,3,0 13,3,0 13,3,1 13,4,0 14,3,0 T1
13,1,1 13,2,1 14,2,0 14,2,1 14,3,1 S2
12,2,0 13,1,0 13,2,0 14,0,0 14,1,0 W
11,1,0 12,0,1 12,1,0 12,1,1 12,2,1 T2
12,0,0 13,0,0 13,0,1 14,0,1 14,1,1 N1

A  S1 J4 J4 Q  P  P  P  N2 Z  V2 V2 U  T1 U      A  S1 S1 J4 Q  Q  P  P  N2 N2 Y  V2 U  U  U
A  A  J4 L  L  L  L  V1 V1 Z  Z  Z  T1 T1 T1     J2 A  S1 S1 Q  Q  L  N2 N2 Y  Y  V2 V2 T1 S2
J2 X  J4 F  L3 L3 L3 L2 V1 L4 T  Z  W  W  S2     J2 I  I  I  I  I  L3 L2 V1 V1 Y  V  T2 S2 S2
X  X  X  F  F  L3 L3 L2 L2 L4 T  T2 T2 W  W      J2 J2 J1 L3 L3 L3 L1 L4 L4 L4 Y  V  T2 S2 N1
J1 X  F  F  N  N  N  L2 L1 T  T  T  N1 N1 W      J1 J1 J1 N  N  L3 L1 L1 L1 V  V  V  T2 N1 N1

solution 50:
00,1,0 01,0,0 01,1,0 01,2,0 02,1,0 X
00,0,0 00,0,1 01,0,1 02,0,1 02,1,1 J1
02,0,0 03,0,0 03,1,0 03,2,0 04,1,0 F
00,1,1 00,2,0 00,2,1 00,3,1 01,1,1 J2
00,3,0 00,4,0 00,4,1 01,3,0 01,3,1 A
01,2,1 02,2,1 03,2,1 04,2,1 05,2,1 I
03,1,1 04,1,1 05,0,1 05,1,0 05,1,1 J3
03,0,1 04,0,0 04,0,1 05,0,0 06,0,0 N
02,2,0 02,3,0 02,4,0 03,4,0 03,4,1 J4
01,4,0 01,4,1 02,3,1 02,4,1 03,3,1 S1
03,3,0 04,3,0 05,3,0 06,3,0 06,3,1 L
04,2,0 05,2,0 06,1,0 06,2,0 06,2,1 L3
04,3,1 04,4,0 04,4,1 05,3,1 05,4,1 Q
05,4,0 06,4,0 06,4,1 07,4,0 07,4,1 P
06,0,1 06,1,1 07,0,1 08,0,0 08,0,1 L1
07,0,0 07,1,0 07,2,0 07,2,1 08,1,0 L2
07,1,1 08,1,1 09,1,0 09,1,1 09,2,0 L4
09,0,0 10,0,0 10,1,0 10,2,0 11,0,0 T
09,0,1 10,0,1 11,0,1 11,1,1 11,2,1 V
08,2,1 08,3,1 09,2,1 10,1,1 10,2,1 Z
07,3,0 07,3,1 08,2,0 08,3,0 08,4,0 T2
08,4,1 09,3,1 09,4,0 09,4,1 10,3,1 S2
09,3,0 10,3,0 10,4,0 10,4,1 11,4,1 V2
11,2,0 11,3,0 11,3,1 11,4,0 12,3,0 T1
12,4,0 12,4,1 13,4,0 14,4,0 14,4,1 U
13,3,1 13,4,1 14,2,0 14,3,0 14,3,1 V1
11,1,0 12,1,0 12,2,0 13,2,0 13,3,0 W
12,0,1 12,1,1 12,2,1 12,3,1 13,1,1 Y
13,2,1 14,0,0 14,1,0 14,1,1 14,2,1 N1
12,0,0 13,0,0 13,0,1 13,1,0 14,0,1 N2

A  S1 J4 J4 Q  P  P  P  T2 S2 V2 T1 U  U  U      A  S1 S1 J4 Q  Q  P  P  S2 S2 V2 V2 U  V1 U
A  A  J4 L  L  L  L  T2 T2 V2 V2 T1 T1 W  V1     J2 A  S1 S1 Q  Q  L  T2 Z  S2 S2 T1 Y  V1 V1
J2 X  J4 F  L3 L3 L3 L2 T2 L4 T  T1 W  W  V1     J2 I  I  I  I  I  L3 L2 Z  Z  Z  V  Y  N1 N1
X  X  X  F  F  L3 L3 L2 L2 L4 T  W  W  N2 N1     J2 J2 J1 L3 L3 L3 L1 L4 L4 L4 Z  V  Y  Y  N1
J1 X  F  F  N  N  N  L2 L1 T  T  T  N2 N2 N1     J1 J1 J1 N  N  L3 L1 L1 L1 V  V  V  Y  N2 N2

solution 51:
00,1,0 01,0,0 01,1,0 01,2,0 02,1,0 X
00,0,0 00,0,1 01,0,1 02,0,1 02,1,1 J1
02,0,0 03,0,0 03,1,0 03,2,0 04,1,0 F
00,1,1 00,2,0 00,2,1 00,3,1 01,1,1 J2
00,3,0 00,4,0 00,4,1 01,3,0 01,3,1 A
01,2,1 02,2,1 03,2,1 04,2,1 05,2,1 I
03,1,1 04,1,1 05,0,1 05,1,0 05,1,1 J3
03,0,1 04,0,0 04,0,1 05,0,0 06,0,0 N
02,2,0 02,3,0 02,4,0 03,4,0 03,4,1 J4
01,4,0 01,4,1 02,3,1 02,4,1 03,3,1 S1
03,3,0 04,3,0 05,3,0 06,3,0 06,3,1 L
04,2,0 05,2,0 06,1,0 06,2,0 06,2,1 L3
04,3,1 04,4,0 04,4,1 05,3,1 05,4,1 Q
05,4,0 06,4,0 06,4,1 07,4,0 07,4,1 P
06,0,1 06,1,1 07,0,1 08,0,0 08,0,1 L1
07,0,0 07,1,0 07,2,0 07,2,1 08,1,0 L2
07,1,1 08,1,1 09,1,0 09,1,1 09,2,0 L4
09,0,0 10,0,0 10,1,0 10,2,0 11,0,0 T
09,0,1 10,0,1 11,0,1 11,1,1 11,2,1 V
08,2,1 08,3,1 09,2,1 10,1,1 10,2,1 Z
07,3,0 07,3,1 08,2,0 08,3,0 08,4,0 T2
08,4,1 09,3,1 09,4,0 09,4,1 10,3,1 S2
09,3,0 10,3,0 10,4,0 11,3,0 12,3,0 Y
10,4,1 11,3,1 11,4,0 11,4,1 12,4,0 N2
11,1,0 11,2,0 12,0,0 12,1,0 13,0,0 W
14,0,0 14,0,1 14,1,1 14,2,0 14,2,1 U
12,0,1 13,0,1 13,1,0 13,1,1 14,1,0 V1
12,1,1 12,2,0 12,2,1 12,3,1 13,2,1 T1
12,4,1 13,4,0 13,4,1 14,3,0 14,4,0 N1
13,2,0 13,3,0 13,3,1 14,3,1 14,4,1 V2

A  S1 J4 J4 Q  P  P  P  T2 S2 Y  N2 N2 N1 N1     A  S1 S1 J4 Q  Q  P  P  S2 S2 N2 N2 N1 N1 V2
A  A  J4 L  L  L  L  T2 T2 Y  Y  Y  Y  V2 N1     J2 A  S1 S1 Q  Q  L  T2 Z  S2 S2 N2 T1 V2 V2
J2 X  J4 F  L3 L3 L3 L2 T2 L4 T  W  T1 V2 U      J2 I  I  I  I  I  L3 L2 Z  Z  Z  V  T1 T1 U
X  X  X  F  F  L3 L3 L2 L2 L4 T  W  W  V1 V1     J2 J2 J1 L3 L3 L3 L1 L4 L4 L4 Z  V  T1 V1 U
J1 X  F  F  N  N  N  L2 L1 T  T  T  W  W  U      J1 J1 J1 N  N  L3 L1 L1 L1 V  V  V  V1 V1 U

solution 52:
00,1,0 01,0,0 01,1,0 01,2,0 02,1,0 X
00,0,0 00,0,1 01,0,1 02,0,1 02,1,1 J1
02,0,0 03,0,0 03,1,0 03,2,0 04,1,0 F
00,1,1 00,2,0 00,2,1 00,3,1 01,1,1 J2
00,3,0 00,4,0 00,4,1 01,3,0 01,3,1 A
01,2,1 02,2,1 03,2,1 04,2,1 05,2,1 I
03,1,1 04,1,1 05,0,1 05,1,0 05,1,1 J3
03,0,1 04,0,0 04,0,1 05,0,0 06,0,0 N
02,2,0 02,3,0 02,4,0 03,4,0 03,4,1 J4
01,4,0 01,4,1 02,3,1 02,4,1 03,3,1 S1
03,3,0 04,3,0 05,3,0 06,3,0 06,3,1 L
04,2,0 05,2,0 06,1,0 06,2,0 06,2,1 L3
04,3,1 04,4,0 04,4,1 05,3,1 05,4,1 Q
05,4,0 06,4,0 06,4,1 07,4,0 07,4,1 P
06,0,1 06,1,1 07,0,1 08,0,0 08,0,1 L1
07,0,0 07,1,0 07,2,0 07,2,1 08,1,0 L2
07,1,1 08,1,1 09,1,0 09,1,1 09,2,0 L4
09,0,0 10,0,0 10,1,0 10,2,0 11,0,0 T
09,0,1 10,0,1 11,0,1 11,1,1 11,2,1 V
08,2,1 08,3,1 09,2,1 10,1,1 10,2,1 Z
07,3,0 07,3,1 08,2,0 08,3,0 08,4,0 T2
08,4,1 09,3,0 09,3,1 09,4,1 10,3,0 V2
09,4,0 10,3,1 10,4,0 10,4,1 11,4,1 S2
11,2,0 11,3,0 11,3,1 11,4,0 12,3,0 T1
12,4,0 12,4,1 13,4,0 14,4,0 14,4,1 U
13,3,1 13,4,1 14,2,0 14,3,0 14,3,1 V1
11,1,0 12,1,0 12,2,0 13,2,0 13,3,0 W
12,0,1 12,1,1 12,2,1 12,3,1 13,1,1 Y
13,2,1 14,0,0 14,1,0 14,1,1 14,2,1 N1
12,0,0 13,0,0 13,0,1 13,1,0 14,0,1 N2

A  S1 J4 J4 Q  P  P  P  T2 S2 S2 T1 U  U  U      A  S1 S1 J4 Q  Q  P  P  V2 V2 S2 S2 U  V1 U
A  A  J4 L  L  L  L  T2 T2 V2 V2 T1 T1 W  V1     J2 A  S1 S1 Q  Q  L  T2 Z  V2 S2 T1 Y  V1 V1
J2 X  J4 F  L3 L3 L3 L2 T2 L4 T  T1 W  W  V1     J2 I  I  I  I  I  L3 L2 Z  Z  Z  V  Y  N1 N1
X  X  X  F  F  L3 L3 L2 L2 L4 T  W  W  N2 N1     J2 J2 J1 L3 L3 L3 L1 L4 L4 L4 Z  V  Y  Y  N1
J1 X  F  F  N  N  N  L2 L1 T  T  T  N2 N2 N1     J1 J1 J1 N  N  L3 L1 L1 L1 V  V  V  Y  N2 N2

solution 53:
00,1,0 01,0,0 01,1,0 01,2,0 02,1,0 X
00,0,0 00,0,1 01,0,1 02,0,1 02,1,1 J1
02,0,0 03,0,0 03,1,0 03,2,0 04,1,0 F
00,1,1 00,2,0 00,2,1 00,3,1 01,1,1 J2
00,3,0 00,4,0 00,4,1 01,3,0 01,3,1 A
01,2,1 02,2,1 03,2,1 04,2,1 05,2,1 I
03,1,1 04,1,1 05,0,1 05,1,0 05,1,1 J3
03,0,1 04,0,0 04,0,1 05,0,0 06,0,0 N
02,2,0 02,3,0 02,4,0 03,4,0 03,4,1 J4
01,4,0 01,4,1 02,3,1 02,4,1 03,3,1 S1
03,3,0 04,3,0 05,3,0 06,3,0 06,3,1 L
04,2,0 05,2,0 06,1,0 06,2,0 06,2,1 L3
04,3,1 04,4,0 04,4,1 05,3,1 05,4,1 Q
05,4,0 06,4,0 06,4,1 07,4,0 07,4,1 P
06,0,1 06,1,1 07,0,1 08,0,0 08,0,1 L1
07,0,0 07,1,0 07,2,0 07,2,1 08,1,0 L2
07,1,1 08,1,1 09,1,0 09,1,1 09,2,0 L4
09,0,0 10,0,0 10,1,0 10,2,0 11,0,0 T
09,0,1 10,0,1 11,0,1 11,1,1 11,2,1 V
08,2,1 08,3,1 09,2,1 10,1,1 10,2,1 Z
07,3,0 07,3,1 08,2,0 08,3,0 08,4,0 T2
08,4,1 09,3,0 09,3,1 09,4,1 10,3,0 V2
09,4,0 10,4,0 10,4,1 11,4,0 12,4,0 Y
10,3,1 11,3,0 11,3,1 11,4,1 12,3,1 T1
12,4,1 13,4,0 13,4,1 14,3,0 14,4,0 N1
13,2,1 13,3,0 13,3,1 14,3,1 14,4,1 S2
12,1,1 12,2,0 12,2,1 12,3,0 13,2,0 N2
11,1,0 11,2,0 12,0,0 12,1,0 13,0,0 W
12,0,1 13,0,1 13,1,0 13,1,1 14,1,0 V1
14,0,0 14,0,1 14,1,1 14,2,0 14,2,1 U

A  S1 J4 J4 Q  P  P  P  T2 Y  Y  Y  Y  N1 N1     A  S1 S1 J4 Q  Q  P  P  V2 V2 Y  T1 N1 N1 S2
A  A  J4 L  L  L  L  T2 T2 V2 V2 T1 N2 S2 N1     J2 A  S1 S1 Q  Q  L  T2 Z  V2 T1 T1 T1 S2 S2
J2 X  J4 F  L3 L3 L3 L2 T2 L4 T  W  N2 N2 U      J2 I  I  I  I  I  L3 L2 Z  Z  Z  V  N2 S2 U
X  X  X  F  F  L3 L3 L2 L2 L4 T  W  W  V1 V1     J2 J2 J1 L3 L3 L3 L1 L4 L4 L4 Z  V  N2 V1 U
J1 X  F  F  N  N  N  L2 L1 T  T  T  W  W  U      J1 J1 J1 N  N  L3 L1 L1 L1 V  V  V  V1 V1 U

solution 54:
00,1,0 01,0,0 01,1,0 01,2,0 02,1,0 X
00,0,0 00,0,1 01,0,1 02,0,1 02,1,1 J1
02,0,0 03,0,0 03,1,0 03,2,0 04,1,0 F
00,1,1 00,2,0 00,2,1 00,3,1 01,1,1 J2
00,3,0 00,4,0 00,4,1 01,3,0 01,3,1 A
01,2,1 02,2,1 03,2,1 04,2,1 05,2,1 I
03,1,1 04,1,1 05,0,1 05,1,0 05,1,1 J3
03,0,1 04,0,0 04,0,1 05,0,0 06,0,0 N
02,2,0 02,3,0 02,4,0 03,4,0 03,4,1 J4
01,4,0 01,4,1 02,3,1 02,4,1 03,3,1 S1
03,3,0 04,3,0 05,3,0 06,3,0 06,3,1 L
04,2,0 05,2,0 06,1,0 06,2,0 06,2,1 L3
04,3,1 04,4,0 04,4,1 05,3,1 05,4,1 Q
05,4,0 06,4,0 06,4,1 07,4,0 07,4,1 P
06,0,1 06,1,1 07,0,1 08,0,0 08,0,1 L1
07,0,0 07,1,0 07,2,0 07,2,1 08,1,0 L2
07,1,1 08,1,1 09,1,0 09,1,1 09,2,0 L4
09,0,0 10,0,0 10,1,0 10,2,0 11,0,0 T
09,0,1 10,0,1 11,0,1 11,1,1 11,2,1 V
08,2,1 08,3,1 09,2,1 10,1,1 10,2,1 Z
07,3,0 07,3,1 08,2,0 08,3,0 08,4,0 T2
08,4,1 09,3,0 09,3,1 09,4,1 10,3,0 V2
09,4,0 10,4,0 10,4,1 11,4,0 12,4,0 Y
10,3,1 11,3,0 11,3,1 11,4,1 12,3,1 T1
12,4,1 13,3,1 13,4,0 13,4,1 14,3,1 S2
13,2,0 13,3,0 14,3,0 14,4,0 14,4,1 N1
12,1,1 12,2,0 12,2,1 12,3,0 13,2,1 N2
11,1,0 11,2,0 12,0,0 12,1,0 13,0,0 W
12,0,1 13,0,1 13,1,0 13,1,1 14,1,0 V1
14,0,0 14,0,1 14,1,1 14,2,0 14,2,1 U

A  S1 J4 J4 Q  P  P  P  T2 Y  Y  Y  Y  S2 N1     A  S1 S1 J4 Q  Q  P  P  V2 V2 Y  T1 S2 S2 N1
A  A  J4 L  L  L  L  T2 T2 V2 V2 T1 N2 N1 N1     J2 A  S1 S1 Q  Q  L  T2 Z  V2 T1 T1 T1 S2 S2
J2 X  J4 F  L3 L3 L3 L2 T2 L4 T  W  N2 N1 U      J2 I  I  I  I  I  L3 L2 Z  Z  Z  V  N2 N2 U
X  X  X  F  F  L3 L3 L2 L2 L4 T  W  W  V1 V1     J2 J2 J1 L3 L3 L3 L1 L4 L4 L4 Z  V  N2 V1 U
J1 X  F  F  N  N  N  L2 L1 T  T  T  W  W  U      J1 J1 J1 N  N  L3 L1 L1 L1 V  V  V  V1 V1 U

solution 55:
00,1,0 01,0,0 01,1,0 01,2,0 02,1,0 X
00,0,0 00,0,1 01,0,1 02,0,1 02,1,1 J1
02,0,0 03,0,0 03,1,0 03,2,0 04,1,0 F
00,1,1 00,2,0 00,2,1 00,3,1 01,1,1 J2
00,3,0 00,4,0 00,4,1 01,3,0 01,3,1 A
01,2,1 02,2,1 03,2,1 04,2,1 05,2,1 I
03,1,1 04,1,1 05,0,1 05,1,0 05,1,1 J3
03,0,1 04,0,0 04,0,1 05,0,0 06,0,0 N
02,2,0 02,3,0 02,4,0 03,4,0 03,4,1 J4
01,4,0 01,4,1 02,3,1 02,4,1 03,3,1 S1
03,3,0 04,3,0 05,3,0 06,3,0 06,3,1 L
04,2,0 05,2,0 06,1,0 06,2,0 06,2,1 L3
04,3,1 04,4,0 04,4,1 05,3,1 05,4,1 Q
05,4,0 06,4,0 06,4,1 07,4,0 07,4,1 P
06,0,1 06,1,1 07,0,1 08,0,0 08,0,1 L1
07,0,0 07,1,0 07,2,0 07,2,1 08,1,0 L2
07,1,1 08,1,1 09,1,0 09,1,1 09,2,0 L4
09,0,0 10,0,0 10,1,0 10,2,0 11,0,0 T
09,0,1 10,0,1 10,1,1 11,1,1 11,2,1 W
11,0,1 12,0,0 12,0,1 12,1,0 13,0,0 S2
11,1,0 11,2,0 11,3,0 11,4,0 12,2,0 Y
14,0,0 14,0,1 14,1,0 14,2,0 14,2,1 U
12,1,1 13,0,1 13,1,0 13,1,1 14,1,1 T1
10,2,1 10,3,1 10,4,1 11,4,1 12,4,1 V
12,2,1 13,2,1 13,3,1 13,4,1 14,4,1 Z
13,2,0 13,3,0 14,3,0 14,3,1 14,4,0 N2
11,3,1 12,3,0 12,3,1 12,4,0 13,4,0 V2
08,3,1 08,4,1 09,4,0 09,4,1 10,4,0 N1
07,3,0 07,3,1 08,2,0 08,3,0 08,4,0 T2
08,2,1 09,2,1 09,3,0 09,3,1 10,3,0 V1

A  S1 J4 J4 Q  P  P  P  T2 N1 N1 Y  V2 V2 N2     A  S1 S1 J4 Q  Q  P  P  N1 N1 V  V  V  Z  Z
A  A  J4 L  L  L  L  T2 T2 V1 V1 Y  V2 N2 N2     J2 A  S1 S1 Q  Q  L  T2 N1 V1 V  V2 V2 Z  N2
J2 X  J4 F  L3 L3 L3 L2 T2 L4 T  Y  Y  N2 U      J2 I  I  I  I  I  L3 L2 V1 V1 V  W  Z  Z  U
X  X  X  F  F  L3 L3 L2 L2 L4 T  Y  S2 T1 U      J2 J2 J1 L3 L3 L3 L1 L4 L4 L4 W  W  T1 T1 T1
J1 X  F  F  N  N  N  L2 L1 T  T  T  S2 S2 U      J1 J1 J1 N  N  L3 L1 L1 L1 W  W  S2 S2 T1 U

solution 56:
00,1,0 01,0,0 01,1,0 01,2,0 02,1,0 X
00,0,0 00,0,1 01,0,1 02,0,1 02,1,1 J1
02,0,0 03,0,0 03,1,0 03,2,0 04,1,0 F
00,1,1 00,2,0 00,2,1 00,3,1 01,1,1 J2
00,3,0 00,4,0 00,4,1 01,3,0 01,3,1 A
01,2,1 02,2,1 03,2,1 04,2,1 05,2,1 I
03,1,1 04,1,1 05,0,1 05,1,0 05,1,1 J3
03,0,1 04,0,0 04,0,1 05,0,0 06,0,0 N
02,2,0 02,3,0 02,4,0 03,4,0 03,4,1 J4
01,4,0 01,4,1 02,3,1 02,4,1 03,3,1 S1
03,3,0 04,3,0 05,3,0 06,3,0 06,3,1 L
04,2,0 05,2,0 06,1,0 06,2,0 06,2,1 L3
04,3,1 04,4,0 04,4,1 05,3,1 05,4,1 Q
05,4,0 06,4,0 06,4,1 07,4,0 07,4,1 P
06,0,1 06,1,1 07,0,1 08,0,0 08,0,1 L1
07,0,0 07,1,0 07,2,0 07,2,1 08,1,0 L2
07,1,1 08,1,1 09,1,0 09,1,1 09,2,0 L4
09,0,0 10,0,0 10,1,0 10,2,0 11,0,0 T
09,0,1 10,0,1 10,1,1 11,1,1 11,2,1 W
11,0,1 12,0,0 12,0,1 12,1,1 13,0,1 T1
14,0,0 14,0,1 14,1,0 14,2,0 14,2,1 U
12,1,0 13,0,0 13,1,0 13,1,1 14,1,1 S2
11,1,0 11,2,0 11,3,0 11,4,0 12,2,0 Y
10,2,1 10,3,1 10,4,1 11,4,1 12,4,1 V
12,2,1 13,2,1 13,3,1 13,4,1 14,4,1 Z
13,2,0 13,3,0 14,3,0 14,3,1 14,4,0 N2
11,3,1 12,3,0 12,3,1 12,4,0 13,4,0 V2
08,3,1 08,4,1 09,4,0 09,4,1 10,4,0 N1
07,3,0 07,3,1 08,2,0 08,3,0 08,4,0 T2
08,2,1 09,2,1 09,3,0 09,3,1 10,3,0 V1

A  S1 J4 J4 Q  P  P  P  T2 N1 N1 Y  V2 V2 N2     A  S1 S1 J4 Q  Q  P  P  N1 N1 V  V  V  Z  Z
A  A  J4 L  L  L  L  T2 T2 V1 V1 Y  V2 N2 N2     J2 A  S1 S1 Q  Q  L  T2 N1 V1 V  V2 V2 Z  N2
J2 X  J4 F  L3 L3 L3 L2 T2 L4 T  Y  Y  N2 U      J2 I  I  I  I  I  L3 L2 V1 V1 V  W  Z  Z  U
X  X  X  F  F  L3 L3 L2 L2 L4 T  Y  S2 S2 U      J2 J2 J1 L3 L3 L3 L1 L4 L4 L4 W  W  T1 S2 S2
J1 X  F  F  N  N  N  L2 L1 T  T  T  T1 S2 U      J1 J1 J1 N  N  L3 L1 L1 L1 W  W  T1 T1 T1 U

solution 57:
00,1,0 01,0,0 01,1,0 01,2,0 02,1,0 X
00,0,0 00,0,1 01,0,1 02,0,1 02,1,1 J1
02,0,0 03,0,0 03,1,0 03,2,0 04,1,0 F
00,1,1 00,2,0 00,2,1 00,3,1 01,1,1 J2
00,3,0 00,4,0 00,4,1 01,3,0 01,3,1 A
01,2,1 02,2,1 03,2,1 04,2,1 05,2,1 I
03,1,1 04,1,1 05,0,1 05,1,0 05,1,1 J3
03,0,1 04,0,0 04,0,1 05,0,0 06,0,0 N
02,2,0 02,3,0 02,4,0 03,4,0 03,4,1 J4
01,4,0 01,4,1 02,3,1 02,4,1 03,3,1 S1
03,3,0 04,3,0 05,3,0 06,3,0 06,3,1 L
04,2,0 05,2,0 06,1,0 06,2,0 06,2,1 L3
04,3,1 04,4,0 04,4,1 05,3,1 05,4,1 Q
05,4,0 06,4,0 06,4,1 07,4,0 07,4,1 P
06,0,1 06,1,1 07,0,1 08,0,0 08,0,1 L1
07,0,0 07,1,0 07,2,0 07,2,1 08,1,0 L2
07,1,1 08,1,1 09,1,0 09,1,1 09,2,0 L4
09,0,0 10,0,0 10,1,0 10,2,0 11,0,0 T
09,0,1 10,0,1 10,1,1 11,1,1 11,2,1 W
11,0,1 12,0,1 13,0,1 13,1,1 14,0,1 Y
13,1,0 13,2,0 14,0,0 14,1,0 14,1,1 S2
11,1,0 12,0,0 12,1,0 12,1,1 13,0,0 N2
13,3,0 14,2,0 14,3,0 14,3,1 14,4,0 T1
13,2,1 13,3,1 13,4,1 14,2,1 14,4,1 U
11,2,0 12,2,0 12,3,0 12,4,0 13,4,0 Z
10,4,1 11,4,1 12,2,1 12,3,1 12,4,1 V
10,2,1 10,3,1 11,3,0 11,3,1 11,4,0 V2
08,3,1 08,4,1 09,4,0 09,4,1 10,4,0 N1
07,3,0 07,3,1 08,2,0 08,3,0 08,4,0 T2
08,2,1 09,2,1 09,3,0 09,3,1 10,3,0 V1

A  S1 J4 J4 Q  P  P  P  T2 N1 N1 V2 Z  Z  T1     A  S1 S1 J4 Q  Q  P  P  N1 N1 V  V  V  U  U
A  A  J4 L  L  L  L  T2 T2 V1 V1 V2 Z  T1 T1     J2 A  S1 S1 Q  Q  L  T2 N1 V1 V2 V2 V  U  T1
J2 X  J4 F  L3 L3 L3 L2 T2 L4 T  Z  Z  S2 T1     J2 I  I  I  I  I  L3 L2 V1 V1 V2 W  V  U  U
X  X  X  F  F  L3 L3 L2 L2 L4 T  N2 N2 S2 S2     J2 J2 J1 L3 L3 L3 L1 L4 L4 L4 W  W  N2 Y  S2
J1 X  F  F  N  N  N  L2 L1 T  T  T  N2 N2 S2     J1 J1 J1 N  N  L3 L1 L1 L1 W  W  Y  Y  Y  Y

solution 58:
00,1,0 01,0,0 01,1,0 01,2,0 02,1,0 X
00,0,0 00,0,1 01,0,1 02,0,1 02,1,1 J1
02,0,0 03,0,0 03,1,0 03,2,0 04,1,0 F
00,1,1 00,2,0 00,2,1 00,3,1 01,1,1 J2
00,3,0 00,4,0 00,4,1 01,3,0 01,3,1 A
01,2,1 02,2,1 03,2,1 04,2,1 05,2,1 I
03,1,1 04,1,1 05,0,1 05,1,0 05,1,1 J3
03,0,1 04,0,0 04,0,1 05,0,0 06,0,0 N
02,2,0 02,3,0 02,4,0 03,4,0 03,4,1 J4
01,4,0 01,4,1 02,3,1 02,4,1 03,3,1 S1
03,3,0 04,3,0 05,3,0 06,3,0 06,3,1 L
04,2,0 05,2,0 06,1,0 06,2,0 06,2,1 L3
04,3,1 04,4,0 04,4,1 05,3,1 05,4,1 Q
05,4,0 06,4,0 06,4,1 07,4,0 07,4,1 P
06,0,1 06,1,1 07,0,1 08,0,0 08,0,1 L1
07,0,0 07,1,0 07,2,0 07,2,1 08,1,0 L2
07,1,1 08,1,1 09,1,0 09,1,1 09,2,0 L4
09,0,0 10,0,0 10,1,0 10,2,0 11,0,0 T
09,0,1 10,0,1 10,1,1 11,1,1 11,2,1 W
11,0,1 12,0,1 13,0,1 13,1,1 14,0,1 Y
13,1,0 13,2,0 14,0,0 14,1,0 14,1,1 S2
11,1,0 12,0,0 12,1,0 12,1,1 13,0,0 N2
14,2,0 14,2,1 14,3,0 14,4,0 14,4,1 U
13,2,1 13,3,0 13,3,1 13,4,1 14,3,1 T1
11,2,0 12,2,0 12,3,0 12,4,0 13,4,0 Z
10,4,1 11,4,1 12,2,1 12,3,1 12,4,1 V
10,2,1 10,3,1 11,3,0 11,3,1 11,4,0 V2
08,3,1 08,4,1 09,4,0 09,4,1 10,4,0 N1
07,3,0 07,3,1 08,2,0 08,3,0 08,4,0 T2
08,2,1 09,2,1 09,3,0 09,3,1 10,3,0 V1

A  S1 J4 J4 Q  P  P  P  T2 N1 N1 V2 Z  Z  U      A  S1 S1 J4 Q  Q  P  P  N1 N1 V  V  V  T1 U
A  A  J4 L  L  L  L  T2 T2 V1 V1 V2 Z  T1 U      J2 A  S1 S1 Q  Q  L  T2 N1 V1 V2 V2 V  T1 T1
J2 X  J4 F  L3 L3 L3 L2 T2 L4 T  Z  Z  S2 U      J2 I  I  I  I  I  L3 L2 V1 V1 V2 W  V  T1 U
X  X  X  F  F  L3 L3 L2 L2 L4 T  N2 N2 S2 S2     J2 J2 J1 L3 L3 L3 L1 L4 L4 L4 W  W  N2 Y  S2
J1 X  F  F  N  N  N  L2 L1 T  T  T  N2 N2 S2     J1 J1 J1 N  N  L3 L1 L1 L1 W  W  Y  Y  Y  Y

solution 59:
00,1,0 01,0,0 01,1,0 01,2,0 02,1,0 X
00,0,0 00,0,1 01,0,1 02,0,1 02,1,1 J1
02,0,0 03,0,0 03,1,0 03,2,0 04,1,0 F
00,1,1 00,2,0 00,2,1 00,3,1 01,1,1 J2
00,3,0 00,4,0 00,4,1 01,3,0 01,3,1 A
01,2,1 02,2,1 03,2,1 04,2,1 05,2,1 I
03,1,1 04,1,1 05,0,1 05,1,0 05,1,1 J3
03,0,1 04,0,0 04,0,1 05,0,0 06,0,0 N
02,2,0 02,3,0 02,4,0 03,4,0 03,4,1 J4
01,4,0 01,4,1 02,3,1 02,4,1 03,3,1 S1
03,3,0 04,3,0 05,3,0 06,3,0 06,3,1 L
04,2,0 05,2,0 06,1,0 06,2,0 06,2,1 L3
04,3,1 04,4,0 04,4,1 05,3,1 05,4,1 Q
05,4,0 06,4,0 06,4,1 07,4,0 07,4,1 P
06,0,1 06,1,1 07,0,1 08,0,0 08,0,1 L1
07,0,0 07,1,0 07,2,0 07,2,1 08,1,0 L2
07,1,1 08,1,1 09,1,0 09,1,1 09,2,0 L4
09,0,0 10,0,0 10,1,0 10,2,0 11,0,0 T
09,0,1 10,0,1 10,1,1 11,1,1 11,2,1 W
11,0,1 12,0,1 13,0,1 13,1,1 14,0,1 Y
13,1,0 14,0,0 14,1,0 14,1,1 14,2,0 T1
11,1,0 12,0,0 12,1,0 12,1,1 13,0,0 N2
07,3,1 08,3,1 08,4,0 08,4,1 09,4,0 V1
07,3,0 08,2,0 08,2,1 08,3,0 09,3,0 T2
09,2,1 09,3,1 09,4,1 10,4,1 11,4,1 V
10,2,1 10,3,0 10,3,1 10,4,0 11,4,0 N1
12,2,1 13,2,1 13,3,1 13,4,1 14,4,1 Z
13,3,0 14,2,1 14,3,0 14,3,1 14,4,0 S2
12,2,0 12,3,0 12,4,0 13,2,0 13,4,0 U
11,2,0 11,3,0 11,3,1 12,3,1 12,4,1 V2

A  S1 J4 J4 Q  P  P  P  V1 V1 N1 N1 U  U  S2     A  S1 S1 J4 Q  Q  P  P  V1 V  V  V  V2 Z  Z
A  A  J4 L  L  L  L  T2 T2 T2 N1 V2 U  S2 S2     J2 A  S1 S1 Q  Q  L  V1 V1 V  N1 V2 V2 Z  S2
J2 X  J4 F  L3 L3 L3 L2 T2 L4 T  V2 U  U  T1     J2 I  I  I  I  I  L3 L2 T2 V  N1 W  Z  Z  S2
X  X  X  F  F  L3 L3 L2 L2 L4 T  N2 N2 T1 T1     J2 J2 J1 L3 L3 L3 L1 L4 L4 L4 W  W  N2 Y  T1
J1 X  F  F  N  N  N  L2 L1 T  T  T  N2 N2 T1     J1 J1 J1 N  N  L3 L1 L1 L1 W  W  Y  Y  Y  Y

solution 60:
00,1,0 01,0,0 01,1,0 01,2,0 02,1,0 X
00,0,0 00,0,1 01,0,1 02,0,1 02,1,1 J1
02,0,0 03,0,0 03,1,0 03,2,0 04,1,0 F
00,1,1 00,2,0 00,2,1 00,3,1 01,1,1 J2
00,3,0 00,4,0 00,4,1 01,3,0 01,3,1 A
01,2,1 02,2,1 03,2,1 04,2,1 05,2,1 I
03,1,1 04,1,1 05,0,1 05,1,0 05,1,1 J3
03,0,1 04,0,0 04,0,1 05,0,0 06,0,0 N
02,2,0 02,3,0 02,4,0 03,4,0 03,4,1 J4
01,4,0 01,4,1 02,3,1 02,4,1 03,3,1 S1
03,3,0 04,3,0 05,3,0 06,3,0 06,3,1 L
04,2,0 05,2,0 06,1,0 06,2,0 06,2,1 L3
04,3,1 04,4,0 04,4,1 05,3,1 05,4,1 Q
05,4,0 06,4,0 06,4,1 07,4,0 07,4,1 P
06,0,1 06,1,1 07,0,1 08,0,0 08,0,1 L1
07,0,0 07,1,0 07,2,0 07,2,1 08,1,0 L2
07,1,1 08,1,1 09,1,0 09,1,1 09,2,0 L4
09,0,0 10,0,0 10,1,0 10,2,0 11,0,0 T
09,0,1 10,0,1 10,1,1 11,1,1 11,2,1 W
11,0,1 12,0,1 13,0,1 13,1,1 14,0,1 Y
12,0,0 13,0,0 14,0,0 14,1,0 14,2,0 V
12,2,1 12,3,1 13,2,1 14,1,1 14,2,1 Z
11,1,0 12,1,0 12,1,1 12,2,0 13,1,0 T1
13,2,0 13,3,0 13,3,1 14,3,1 14,4,1 V2
12,4,1 13,4,0 13,4,1 14,3,0 14,4,0 N1
11,2,0 11,3,0 11,3,1 12,3,0 12,4,0 N2
09,4,0 09,4,1 10,4,1 11,4,0 11,4,1 U
09,3,0 10,2,1 10,3,0 10,3,1 10,4,0 S2
07,3,0 08,2,0 08,2,1 08,3,0 09,2,1 V1
07,3,1 08,3,1 08,4,0 08,4,1 09,3,1 T2

A  S1 J4 J4 Q  P  P  P  T2 U  S2 U  N2 N1 N1     A  S1 S1 J4 Q  Q  P  P  T2 U  U  U  N1 N1 V2
A  A  J4 L  L  L  L  V1 V1 S2 S2 N2 N2 V2 N1     J2 A  S1 S1 Q  Q  L  T2 T2 T2 S2 N2 Z  V2 V2
J2 X  J4 F  L3 L3 L3 L2 V1 L4 T  N2 T1 V2 V      J2 I  I  I  I  I  L3 L2 V1 V1 S2 W  Z  Z  Z
X  X  X  F  F  L3 L3 L2 L2 L4 T  T1 T1 T1 V      J2 J2 J1 L3 L3 L3 L1 L4 L4 L4 W  W  T1 Y  Z
J1 X  F  F  N  N  N  L2 L1 T  T  T  V  V  V      J1 J1 J1 N  N  L3 L1 L1 L1 W  W  Y  Y  Y  Y

