solving PentacubesPlusDiagonalWall4:

solution 1 (3,666 searches):
07,00,0 07,01,0 07,02,0 07,03,0 07,04,0 I5
00,10,0 00,11,0 00,11,1 01,10,0 01,10,1 A5
00,08,1 00,08,2 00,09,2 00,10,2 00,11,2 L5
00,09,1 00,10,1 01,08,1 01,09,1 02,09,1 F5
01,09,2 01,10,2 02,08,1 02,08,2 02,09,2 N15
00,07,0 00,07,1 00,08,0 00,09,0 01,09,0 J15
02,07,0 02,07,1 02,08,0 02,09,0 03,08,0 J25
01,06,0 01,06,1 01,07,0 01,08,0 02,06,0 J35
00,07,2 01,07,1 01,07,2 01,08,2 02,07,2 T15
01,06,2 02,06,2 03,05,1 03,06,1 03,06,2 J45
02,05,0 02,05,1 02,05,2 02,06,1 03,05,2 L25
03,07,0 03,07,1 03,08,1 03,08,2 04,07,1 N25
03,07,2 04,06,2 04,07,2 05,06,1 05,06,2 S15
03,04,0 03,05,0 03,06,0 04,06,0 04,07,0 N5
05,05,0 05,05,1 05,05,2 05,06,0 06,05,2 L15
04,04,1 04,05,1 04,06,1 05,04,1 05,04,2 L45
03,04,1 03,04,2 04,03,2 04,04,2 04,05,2 T25
04,03,0 04,03,1 04,04,0 04,05,0 05,03,0 L35
05,04,0 06,04,0 06,04,1 06,05,0 06,05,1 Q5
05,02,0 06,01,0 06,01,1 06,02,0 07,01,1 V15
06,01,2 07,00,2 07,01,2 07,02,2 08,01,2 X5
05,02,2 06,02,2 06,03,2 06,04,2 07,04,2 Z5
05,02,1 05,03,1 05,03,2 06,03,0 06,03,1 S25
07,03,2 08,02,2 08,03,2 09,01,2 09,02,2 W5
06,02,1 07,02,1 07,03,1 07,04,1 08,02,1 T5
08,01,0 08,01,1 08,02,0 08,03,0 08,03,1 U5
07,00,1 08,00,1 08,00,2 09,00,1 10,00,1 Y5
09,00,2 10,00,2 11,00,0 11,00,1 11,00,2 V5
08,00,0 09,00,0 09,01,0 10,00,0 10,01,0 P5
09,01,1 09,02,0 09,02,1 10,01,1 10,01,2 V25

A5                                                  A5                                                  L5
A5  A5                                              F5  A5                                              L5  N15
J15 J15 J25                                         F5  F5  F5                                          L5  N15 N15
J15 J35 J25 J25                                     L5  F5  N15 N25                                     L5  T15 N15 N25
J15 J35 J25 N25 N5                                  J15 T15 J25 N25 N25                                 T15 T15 T15 S15 S15
    J35 J35 N5  N5  L15                                 J35 L25 J45 L45 S15                                 J45 J45 J45 S15 S15
        L25 N5  L35 L15 Q5                                  L25 J45 L45 L15 Q5                                  L25 L25 T25 L15 L15
            N5  L35 Q5  Q5  I5                                  T25 L45 L45 Q5  T5                                  T25 T25 L45 Z5  Z5
                L35 L35 S25 I5  U5                                  L35 S25 S25 T5  U5                                  T25 S25 Z5  W5  W5
                    V15 V15 I5  U5  V25                                 S25 T5  T5  T5  V25                                 Z5  Z5  X5  W5  W5
                        V15 I5  U5  P5  P5                                  V15 V15 U5  V25 V25                                 X5  X5  X5  W5  V25
                            I5  P5  P5  P5  V5                                  Y5  Y5  Y5  Y5  V5                                  X5  Y5  V5  V5  V5

solution 2 (3,829 searches):
07,00,0 07,01,0 07,02,0 07,03,0 07,04,0 I5
00,10,0 00,11,0 00,11,1 01,10,0 01,10,1 A5
00,08,1 00,08,2 00,09,2 00,10,2 00,11,2 L5
00,09,1 00,10,1 01,08,1 01,09,1 02,09,1 F5
01,09,2 01,10,2 02,08,1 02,08,2 02,09,2 N15
00,07,0 00,07,1 00,08,0 00,09,0 01,09,0 J15
02,07,0 02,07,1 02,08,0 02,09,0 03,08,0 J25
01,06,0 01,06,1 01,07,0 01,08,0 02,06,0 J35
00,07,2 01,07,1 01,07,2 01,08,2 02,07,2 T15
01,06,2 02,06,2 03,05,1 03,06,1 03,06,2 J45
02,05,0 02,05,1 02,05,2 02,06,1 03,05,2 L25
03,07,0 03,07,1 03,08,1 03,08,2 04,07,1 N25
03,07,2 04,06,2 04,07,2 05,06,1 05,06,2 S15
03,04,0 03,05,0 03,06,0 04,06,0 04,07,0 N5
05,05,0 05,05,1 05,05,2 05,06,0 06,05,2 L15
04,04,1 04,05,1 04,06,1 05,04,1 05,04,2 L45
03,04,1 03,04,2 04,03,2 04,04,2 04,05,2 T25
04,03,0 04,03,1 04,04,0 04,05,0 05,03,0 L35
05,04,0 06,04,0 06,04,1 06,05,0 06,05,1 Q5
05,02,0 06,01,0 06,01,1 06,02,0 07,01,1 V15
05,02,2 06,01,2 06,02,2 06,03,2 07,02,2 X5
05,02,1 05,03,1 05,03,2 06,03,0 06,03,1 S25
06,04,2 07,03,2 07,04,2 08,02,2 08,03,2 W5
06,02,1 07,02,1 07,03,1 07,04,1 08,02,1 T5
08,01,0 08,01,1 08,02,0 08,03,0 08,03,1 U5
07,00,2 07,01,2 08,01,2 09,01,2 09,02,2 Z5
07,00,1 08,00,1 08,00,2 09,00,1 10,00,1 Y5
09,00,2 10,00,2 11,00,0 11,00,1 11,00,2 V5
08,00,0 09,00,0 09,01,0 10,00,0 10,01,0 P5
09,01,1 09,02,0 09,02,1 10,01,1 10,01,2 V25

A5                                                  A5                                                  L5
A5  A5                                              F5  A5                                              L5  N15
J15 J15 J25                                         F5  F5  F5                                          L5  N15 N15
J15 J35 J25 J25                                     L5  F5  N15 N25                                     L5  T15 N15 N25
J15 J35 J25 N25 N5                                  J15 T15 J25 N25 N25                                 T15 T15 T15 S15 S15
    J35 J35 N5  N5  L15                                 J35 L25 J45 L45 S15                                 J45 J45 J45 S15 S15
        L25 N5  L35 L15 Q5                                  L25 J45 L45 L15 Q5                                  L25 L25 T25 L15 L15
            N5  L35 Q5  Q5  I5                                  T25 L45 L45 Q5  T5                                  T25 T25 L45 W5  W5
                L35 L35 S25 I5  U5                                  L35 S25 S25 T5  U5                                  T25 S25 X5  W5  W5
                    V15 V15 I5  U5  V25                                 S25 T5  T5  T5  V25                                 X5  X5  X5  W5  Z5
                        V15 I5  U5  P5  P5                                  V15 V15 U5  V25 V25                                 X5  Z5  Z5  Z5  V25
                            I5  P5  P5  P5  V5                                  Y5  Y5  Y5  Y5  V5                                  Z5  Y5  V5  V5  V5

solution 3 (6,753 searches):
07,00,0 07,01,0 07,02,0 07,03,0 07,04,0 I5
00,10,0 00,11,0 00,11,1 01,10,0 01,10,1 A5
00,08,1 00,08,2 00,09,2 00,10,2 00,11,2 L5
00,09,1 00,10,1 01,08,1 01,09,1 02,09,1 F5
01,09,2 01,10,2 02,08,1 02,08,2 02,09,2 N15
00,07,0 00,07,1 00,08,0 00,09,0 01,09,0 J15
02,07,0 02,07,1 02,08,0 02,09,0 03,08,0 J25
01,06,0 01,06,1 01,07,0 01,08,0 02,06,0 J35
00,07,2 01,07,1 01,07,2 01,08,2 02,07,2 T15
01,06,2 02,06,2 03,05,1 03,06,1 03,06,2 J45
02,05,0 02,05,1 02,05,2 02,06,1 03,05,2 L25
03,07,0 03,07,1 03,08,1 03,08,2 04,07,1 N25
03,07,2 04,06,2 04,07,2 05,06,1 05,06,2 S15
03,04,0 03,05,0 03,06,0 04,06,0 04,07,0 N5
05,05,0 05,05,1 05,05,2 05,06,0 06,05,2 L15
04,04,1 04,05,1 04,06,1 05,04,1 05,04,2 L45
03,04,1 03,04,2 04,03,2 04,04,2 04,05,2 T25
04,03,0 04,03,1 04,04,0 04,05,0 05,03,0 L35
05,02,0 05,04,0 06,02,0 06,03,0 06,04,0 U5
06,04,1 06,04,2 06,05,0 06,05,1 07,04,1 S25
06,01,0 06,01,1 06,01,2 06,02,1 06,02,2 P5
05,02,1 05,02,2 05,03,1 05,03,2 06,03,1 Q5
06,03,2 07,02,2 07,03,2 07,04,2 08,03,2 X5
07,00,1 07,01,1 07,01,2 07,02,1 07,03,1 Y5
07,00,2 08,00,0 08,00,1 08,00,2 09,00,2 T5
09,01,0 09,02,0 10,00,0 10,01,0 11,00,0 W5
09,00,0 09,00,1 10,00,1 11,00,1 11,00,2 Z5
08,01,0 08,01,1 08,01,2 08,02,0 08,03,0 V5
08,02,1 08,02,2 08,03,1 09,01,2 09,02,2 V15
09,01,1 09,02,1 10,00,2 10,01,1 10,01,2 V25

A5                                                  A5                                                  L5
A5  A5                                              F5  A5                                              L5  N15
J15 J15 J25                                         F5  F5  F5                                          L5  N15 N15
J15 J35 J25 J25                                     L5  F5  N15 N25                                     L5  T15 N15 N25
J15 J35 J25 N25 N5                                  J15 T15 J25 N25 N25                                 T15 T15 T15 S15 S15
    J35 J35 N5  N5  L15                                 J35 L25 J45 L45 S15                                 J45 J45 J45 S15 S15
        L25 N5  L35 L15 S25                                 L25 J45 L45 L15 S25                                 L25 L25 T25 L15 L15
            N5  L35 U5  U5  I5                                  T25 L45 L45 S25 S25                                 T25 T25 L45 S25 X5
                L35 L35 U5  I5  V5                                  L35 Q5  Q5  Y5  V15                                 T25 Q5  X5  X5  X5
                    U5  U5  I5  V5  W5                                  Q5  P5  Y5  V15 V25                                 Q5  P5  X5  V15 V15
                        P5  I5  V5  W5  W5                                  P5  Y5  V5  V25 V25                                 P5  Y5  V5  V15 V25
                            I5  T5  Z5  W5  W5                                  Y5  T5  Z5  Z5  Z5                                  T5  T5  T5  V25 Z5

solution 4 (7,260 searches):
07,00,0 07,01,0 07,02,0 07,03,0 07,04,0 I5
00,10,0 00,11,0 00,11,1 01,10,0 01,10,1 A5
00,08,1 00,08,2 00,09,2 00,10,2 00,11,2 L5
00,09,1 00,10,1 01,08,1 01,09,1 02,09,1 F5
01,09,2 01,10,2 02,08,1 02,08,2 02,09,2 N15
00,07,0 00,07,1 00,08,0 00,09,0 01,09,0 J15
02,07,0 02,07,1 02,08,0 02,09,0 03,08,0 J25
01,06,0 01,06,1 01,07,0 01,08,0 02,06,0 J35
00,07,2 01,07,1 01,07,2 01,08,2 02,07,2 T15
01,06,2 02,06,2 03,05,1 03,06,1 03,06,2 J45
02,05,0 02,05,1 02,05,2 02,06,1 03,05,2 L25
03,07,0 03,07,1 03,08,1 03,08,2 04,07,1 N25
03,07,2 04,06,2 04,07,2 05,06,1 05,06,2 S15
03,04,0 03,05,0 03,06,0 04,06,0 04,07,0 N5
05,05,0 05,05,1 05,05,2 05,06,0 06,05,2 L15
04,04,1 04,05,1 04,06,1 05,04,1 05,04,2 L45
03,04,1 03,04,2 04,03,2 04,04,2 04,05,2 T25
04,03,0 04,03,1 04,04,0 04,05,0 05,03,0 L35
05,02,0 05,04,0 06,02,0 06,03,0 06,04,0 U5
06,04,1 06,04,2 06,05,0 06,05,1 07,04,1 S25
06,01,0 06,01,1 06,01,2 06,02,1 06,03,1 T5
05,02,1 05,02,2 05,03,1 05,03,2 06,02,2 Q5
06,03,2 07,02,2 07,03,2 07,04,2 08,03,2 X5
07,00,1 07,01,1 07,01,2 07,02,1 07,03,1 Y5
07,00,2 08,00,0 08,00,1 08,00,2 09,00,0 Z5
08,01,0 08,01,1 08,01,2 08,02,0 08,03,0 V5
08,02,1 08,03,1 09,01,0 09,02,0 09,02,1 V15
08,02,2 09,01,2 09,02,2 10,00,2 10,01,2 W5
09,00,1 09,00,2 09,01,1 10,01,0 10,01,1 V25
10,00,0 10,00,1 11,00,0 11,00,1 11,00,2 P5

A5                                                  A5                                                  L5
A5  A5                                              F5  A5                                              L5  N15
J15 J15 J25                                         F5  F5  F5                                          L5  N15 N15
J15 J35 J25 J25                                     L5  F5  N15 N25                                     L5  T15 N15 N25
J15 J35 J25 N25 N5                                  J15 T15 J25 N25 N25                                 T15 T15 T15 S15 S15
    J35 J35 N5  N5  L15                                 J35 L25 J45 L45 S15                                 J45 J45 J45 S15 S15
        L25 N5  L35 L15 S25                                 L25 J45 L45 L15 S25                                 L25 L25 T25 L15 L15
            N5  L35 U5  U5  I5                                  T25 L45 L45 S25 S25                                 T25 T25 L45 S25 X5
                L35 L35 U5  I5  V5                                  L35 Q5  T5  Y5  V15                                 T25 Q5  X5  X5  X5
                    U5  U5  I5  V5  V15                                 Q5  T5  Y5  V15 V15                                 Q5  Q5  X5  W5  W5
                        T5  I5  V5  V15 V25                                 T5  Y5  V5  V25 V25                                 T5  Y5  V5  W5  W5
                            I5  Z5  Z5  P5  P5                                  Y5  Z5  V25 P5  P5                                  Z5  Z5  V25 W5  P5

solution 5 (9,350 searches):
07,00,0 07,01,0 07,02,0 07,03,0 07,04,0 I5
00,10,0 00,11,0 00,11,1 01,10,0 01,10,1 A5
00,08,1 00,08,2 00,09,2 00,10,2 00,11,2 L5
00,09,1 00,10,1 01,08,1 01,09,1 02,09,1 F5
01,09,2 01,10,2 02,08,1 02,08,2 02,09,2 N15
00,07,0 00,07,1 00,08,0 00,09,0 01,09,0 J15
02,07,0 02,07,1 02,08,0 02,09,0 03,08,0 J25
01,06,0 01,06,1 01,07,0 01,08,0 02,06,0 J35
00,07,2 01,07,1 01,07,2 01,08,2 02,07,2 T15
01,06,2 02,06,2 03,05,1 03,06,1 03,06,2 J45
02,05,0 02,05,1 02,05,2 02,06,1 03,05,2 L25
03,07,0 03,07,1 03,08,1 03,08,2 04,07,1 N25
03,07,2 04,06,2 04,07,2 05,06,1 05,06,2 S15
03,04,0 03,05,0 03,06,0 04,06,0 04,07,0 N5
05,05,0 05,05,1 05,05,2 05,06,0 06,05,2 L15
04,04,1 04,05,1 04,06,1 05,04,1 05,04,2 L45
03,04,1 03,04,2 04,03,2 04,04,2 04,05,2 T25
04,03,0 04,03,1 04,04,0 04,05,0 05,03,0 L35
05,02,0 05,04,0 06,02,0 06,03,0 06,04,0 U5
06,04,1 06,05,0 06,05,1 07,04,1 07,04,2 V25
06,01,0 06,01,1 06,01,2 07,01,1 07,01,2 P5
05,03,2 06,02,2 06,03,2 06,04,2 07,03,2 X5
05,02,1 05,02,2 05,03,1 06,02,1 06,03,1 Q5
07,02,1 07,02,2 07,03,1 08,01,1 08,02,1 S25
08,01,2 08,02,2 08,03,0 08,03,1 08,03,2 V5
08,01,0 08,02,0 09,01,0 10,00,0 10,01,0 Z5
09,00,1 09,01,1 09,02,0 09,02,1 09,02,2 T5
07,00,1 07,00,2 08,00,0 08,00,1 09,00,0 W5
10,00,1 10,01,1 10,01,2 11,00,0 11,00,1 V15
08,00,2 09,00,2 09,01,2 10,00,2 11,00,2 Y5

A5                                                  A5                                                  L5
A5  A5                                              F5  A5                                              L5  N15
J15 J15 J25                                         F5  F5  F5                                          L5  N15 N15
J15 J35 J25 J25                                     L5  F5  N15 N25                                     L5  T15 N15 N25
J15 J35 J25 N25 N5                                  J15 T15 J25 N25 N25                                 T15 T15 T15 S15 S15
    J35 J35 N5  N5  L15                                 J35 L25 J45 L45 S15                                 J45 J45 J45 S15 S15
        L25 N5  L35 L15 V25                                 L25 J45 L45 L15 V25                                 L25 L25 T25 L15 L15
            N5  L35 U5  U5  I5                                  T25 L45 L45 V25 V25                                 T25 T25 L45 X5  V25
                L35 L35 U5  I5  V5                                  L35 Q5  Q5  S25 V5                                  T25 X5  X5  X5  V5
                    U5  U5  I5  Z5  T5                                  Q5  Q5  S25 S25 T5                                  Q5  X5  S25 V5  T5
                        P5  I5  Z5  Z5  Z5                                  P5  P5  S25 T5  V15                                 P5  P5  V5  Y5  V15
                            I5  W5  W5  Z5  V15                                 W5  W5  T5  V15 V15                                 W5  Y5  Y5  Y5  Y5

solution 6 (12,030 searches):
07,00,0 07,01,0 07,02,0 07,03,0 07,04,0 I5
00,10,0 00,11,0 00,11,1 01,10,0 01,10,1 A5
00,08,1 00,08,2 00,09,2 00,10,2 00,11,2 L5
00,09,1 00,10,1 01,08,1 01,09,1 02,09,1 F5
01,09,2 01,10,2 02,08,1 02,08,2 02,09,2 N15
00,07,0 00,07,1 00,08,0 00,09,0 01,09,0 J15
02,07,0 02,07,1 02,08,0 02,09,0 03,08,0 J25
01,06,0 01,06,1 01,07,0 01,08,0 02,06,0 J35
00,07,2 01,07,1 01,07,2 01,08,2 02,07,2 T15
01,06,2 02,06,2 03,05,1 03,06,1 03,06,2 J45
02,05,0 02,05,1 02,05,2 02,06,1 03,05,2 L25
03,07,0 03,07,1 03,08,1 03,08,2 04,07,1 N25
03,07,2 04,06,2 04,07,2 05,06,1 05,06,2 S15
03,04,0 03,05,0 03,06,0 04,06,0 04,07,0 N5
05,05,0 05,05,1 05,05,2 05,06,0 06,05,2 L15
04,04,1 04,05,1 04,06,1 05,04,1 05,04,2 L45
03,04,1 03,04,2 04,03,2 04,04,2 04,05,2 T25
04,03,0 04,03,1 04,04,0 04,05,0 05,03,0 L35
05,04,0 06,03,0 06,03,1 06,04,0 07,03,1 V15
06,04,1 06,04,2 06,05,0 06,05,1 07,04,1 S25
05,02,0 05,02,1 05,02,2 05,03,1 05,03,2 P5
06,03,2 07,02,2 07,03,2 07,04,2 08,03,2 X5
06,02,0 06,02,1 06,02,2 07,02,1 08,02,1 T5
08,01,0 08,01,1 08,02,0 08,03,0 08,03,1 U5
06,01,0 06,01,1 06,01,2 07,01,2 08,01,2 V5
07,00,1 07,00,2 07,01,1 08,00,1 08,00,2 Q5
08,02,2 09,01,2 09,02,2 10,00,2 10,01,2 W5
09,00,1 09,00,2 09,01,1 09,02,0 09,02,1 Z5
10,00,1 10,01,0 10,01,1 11,00,1 11,00,2 V25
08,00,0 09,00,0 09,01,0 10,00,0 11,00,0 Y5

A5                                                  A5                                                  L5
A5  A5                                              F5  A5                                              L5  N15
J15 J15 J25                                         F5  F5  F5                                          L5  N15 N15
J15 J35 J25 J25                                     L5  F5  N15 N25                                     L5  T15 N15 N25
J15 J35 J25 N25 N5                                  J15 T15 J25 N25 N25                                 T15 T15 T15 S15 S15
    J35 J35 N5  N5  L15                                 J35 L25 J45 L45 S15                                 J45 J45 J45 S15 S15
        L25 N5  L35 L15 S25                                 L25 J45 L45 L15 S25                                 L25 L25 T25 L15 L15
            N5  L35 V15 V15 I5                                  T25 L45 L45 S25 S25                                 T25 T25 L45 S25 X5
                L35 L35 V15 I5  U5                                  L35 P5  V15 V15 U5                                  T25 P5  X5  X5  X5
                    P5  T5  I5  U5  Z5                                  P5  T5  T5  T5  Z5                                  P5  T5  X5  W5  W5
                        V5  I5  U5  Y5  V25                                 V5  Q5  U5  Z5  V25                                 V5  V5  V5  W5  W5
                            I5  Y5  Y5  Y5  Y5                                  Q5  Q5  Z5  V25 V25                                 Q5  Q5  Z5  W5  V25

solution 7 (12,280 searches):
07,00,0 07,01,0 07,02,0 07,03,0 07,04,0 I5
00,10,0 00,11,0 00,11,1 01,10,0 01,10,1 A5
00,08,1 00,08,2 00,09,2 00,10,2 00,11,2 L5
00,09,1 00,10,1 01,08,1 01,09,1 02,09,1 F5
01,09,2 01,10,2 02,08,1 02,08,2 02,09,2 N15
00,07,0 00,07,1 00,08,0 00,09,0 01,09,0 J15
02,07,0 02,07,1 02,08,0 02,09,0 03,08,0 J25
01,06,0 01,06,1 01,07,0 01,08,0 02,06,0 J35
00,07,2 01,07,1 01,07,2 01,08,2 02,07,2 T15
01,06,2 02,06,2 03,05,1 03,06,1 03,06,2 J45
02,05,0 02,05,1 02,05,2 02,06,1 03,05,2 L25
03,07,0 03,07,1 03,08,1 03,08,2 04,07,1 N25
03,07,2 04,06,2 04,07,2 05,06,1 05,06,2 S15
03,04,0 03,05,0 03,06,0 04,06,0 04,07,0 N5
05,05,0 05,05,1 05,05,2 05,06,0 06,05,2 L15
04,04,1 04,05,1 04,06,1 05,04,1 05,04,2 L45
03,04,1 03,04,2 04,03,2 04,04,2 04,05,2 T25
04,03,0 04,03,1 04,04,0 04,05,0 05,03,0 L35
05,04,0 06,03,0 06,03,1 06,04,0 07,03,1 V15
06,04,1 06,04,2 06,05,0 06,05,1 07,04,1 S25
05,02,0 05,02,1 05,02,2 05,03,1 05,03,2 P5
06,03,2 07,01,2 07,02,2 07,03,2 07,04,2 Y5
06,01,0 06,01,2 06,02,0 06,02,1 06,02,2 U5
06,01,1 07,00,1 07,01,1 07,02,1 08,01,1 X5
07,00,2 08,00,0 08,00,1 08,00,2 09,00,2 T5
09,01,0 09,02,0 10,00,0 10,01,0 11,00,0 W5
08,01,0 08,02,0 08,03,0 08,03,1 08,03,2 V5
09,00,0 09,00,1 10,00,1 11,00,1 11,00,2 Z5
09,01,1 09,02,1 10,00,2 10,01,1 10,01,2 V25
08,01,2 08,02,1 08,02,2 09,01,2 09,02,2 Q5

A5                                                  A5                                                  L5
A5  A5                                              F5  A5                                              L5  N15
J15 J15 J25                                         F5  F5  F5                                          L5  N15 N15
J15 J35 J25 J25                                     L5  F5  N15 N25                                     L5  T15 N15 N25
J15 J35 J25 N25 N5                                  J15 T15 J25 N25 N25                                 T15 T15 T15 S15 S15
    J35 J35 N5  N5  L15                                 J35 L25 J45 L45 S15                                 J45 J45 J45 S15 S15
        L25 N5  L35 L15 S25                                 L25 J45 L45 L15 S25                                 L25 L25 T25 L15 L15
            N5  L35 V15 V15 I5                                  T25 L45 L45 S25 S25                                 T25 T25 L45 S25 Y5
                L35 L35 V15 I5  V5                                  L35 P5  V15 V15 V5                                  T25 P5  Y5  Y5  V5
                    P5  U5  I5  V5  W5                                  P5  U5  X5  Q5  V25                                 P5  U5  Y5  Q5  Q5
                        U5  I5  V5  W5  W5                                  X5  X5  X5  V25 V25                                 U5  Y5  Q5  Q5  V25
                            I5  T5  Z5  W5  W5                                  X5  T5  Z5  Z5  Z5                                  T5  T5  T5  V25 Z5

solution 8 (18,213 searches):
07,00,0 07,01,0 07,02,0 07,03,0 07,04,0 I5
00,10,0 00,11,0 00,11,1 01,10,0 01,10,1 A5
00,08,1 00,08,2 00,09,2 00,10,2 00,11,2 L5
00,09,1 00,10,1 01,08,1 01,09,1 02,09,1 F5
01,09,2 01,10,2 02,08,1 02,08,2 02,09,2 N15
00,07,0 00,07,1 00,08,0 00,09,0 01,09,0 J15
02,07,0 02,07,1 02,08,0 02,09,0 03,08,0 J25
01,06,0 01,06,1 01,07,0 01,08,0 02,06,0 J35
00,07,2 01,07,1 01,07,2 01,08,2 02,07,2 T15
01,06,2 02,06,2 03,05,1 03,06,1 03,06,2 J45
02,05,0 02,05,1 02,05,2 02,06,1 03,05,2 L25
03,07,0 03,07,1 03,08,1 03,08,2 04,07,1 N25
03,07,2 04,06,2 04,07,2 05,06,1 05,06,2 S15
03,04,0 03,05,0 03,06,0 04,06,0 04,07,0 N5
05,05,0 05,05,1 05,05,2 05,06,0 06,05,2 L15
04,04,1 04,05,1 04,06,1 05,04,1 05,04,2 L45
03,04,1 03,04,2 04,03,2 04,04,2 04,05,2 T25
04,03,0 04,03,1 04,04,0 04,05,0 05,03,0 L35
05,04,0 06,02,0 06,03,0 06,04,0 06,05,0 Y5
06,04,1 06,05,1 07,03,2 07,04,1 07,04,2 V25
06,02,2 06,03,2 06,04,2 07,02,2 08,02,2 V5
05,02,0 05,02,1 05,02,2 05,03,1 05,03,2 P5
06,01,0 06,01,1 06,02,1 07,01,1 07,02,1 Q5
06,01,2 07,00,1 07,00,2 07,01,2 08,00,2 S25
06,03,1 07,03,1 08,03,0 08,03,1 08,03,2 T5
08,00,1 08,01,0 08,01,1 08,01,2 08,02,1 X5
08,00,0 08,02,0 09,00,0 09,01,0 09,02,0 U5
09,00,1 09,00,2 10,00,1 11,00,0 11,00,1 Z5
09,01,2 09,02,2 10,00,2 10,01,2 11,00,2 W5
09,01,1 09,02,1 10,00,0 10,01,0 10,01,1 V15

A5                                                  A5                                                  L5
A5  A5                                              F5  A5                                              L5  N15
J15 J15 J25                                         F5  F5  F5                                          L5  N15 N15
J15 J35 J25 J25                                     L5  F5  N15 N25                                     L5  T15 N15 N25
J15 J35 J25 N25 N5                                  J15 T15 J25 N25 N25                                 T15 T15 T15 S15 S15
    J35 J35 N5  N5  L15                                 J35 L25 J45 L45 S15                                 J45 J45 J45 S15 S15
        L25 N5  L35 L15 Y5                                  L25 J45 L45 L15 V25                                 L25 L25 T25 L15 L15
            N5  L35 Y5  Y5  I5                                  T25 L45 L45 V25 V25                                 T25 T25 L45 V5  V25
                L35 L35 Y5  I5  T5                                  L35 P5  T5  T5  T5                                  T25 P5  V5  V25 T5
                    P5  Y5  I5  U5  U5                                  P5  Q5  Q5  X5  V15                                 P5  V5  V5  V5  W5
                        Q5  I5  X5  U5  V15                                 Q5  Q5  X5  V15 V15                                 S25 S25 X5  W5  W5
                            I5  U5  U5  V15 Z5                                  S25 X5  Z5  Z5  Z5                                  S25 S25 Z5  W5  W5

solution 9 (18,893 searches):
07,00,0 07,01,0 07,02,0 07,03,0 07,04,0 I5
00,10,0 00,11,0 00,11,1 01,10,0 01,10,1 A5
00,08,1 00,08,2 00,09,2 00,10,2 00,11,2 L5
00,09,1 00,10,1 01,08,1 01,09,1 02,09,1 F5
01,09,2 01,10,2 02,08,1 02,08,2 02,09,2 N15
00,07,0 00,07,1 00,08,0 00,09,0 01,09,0 J15
02,07,0 02,07,1 02,08,0 02,09,0 03,08,0 J25
01,06,0 01,06,1 01,07,0 01,08,0 02,06,0 J35
00,07,2 01,07,1 01,07,2 01,08,2 02,07,2 T15
01,06,2 02,06,2 03,05,1 03,06,1 03,06,2 J45
02,05,0 02,05,1 02,05,2 02,06,1 03,05,2 L25
03,07,0 03,07,1 03,08,1 03,08,2 04,07,1 N25
03,07,2 04,06,2 04,07,2 05,06,1 05,06,2 S15
03,04,0 03,05,0 03,06,0 04,06,0 04,07,0 N5
05,05,0 05,05,1 05,05,2 05,06,0 06,05,2 L15
04,04,1 04,05,1 04,06,1 05,04,1 05,04,2 L45
03,04,1 03,04,2 04,03,2 04,04,2 04,05,2 T25
04,03,0 04,04,0 04,05,0 05,03,0 05,04,0 P5
06,04,0 06,04,1 06,05,0 06,05,1 07,04,1 Q5
04,03,1 05,02,2 05,03,1 05,03,2 06,03,2 S25
06,04,2 07,02,2 07,03,2 07,04,2 08,02,2 Z5
05,02,0 06,02,0 06,03,0 06,03,1 07,03,1 V25
08,02,1 08,03,1 08,03,2 09,02,0 09,02,1 V15
05,02,1 06,02,1 07,00,1 07,01,1 07,02,1 V5
06,01,0 06,01,1 06,01,2 06,02,2 07,01,2 L35
08,00,0 08,01,0 08,02,0 08,03,0 09,01,0 Y5
07,00,2 08,00,2 08,01,2 09,01,2 09,02,2 W5
08,00,1 09,00,0 09,00,1 09,00,2 10,00,1 X5
08,01,1 09,01,1 10,01,0 10,01,1 10,01,2 T5
10,00,0 10,00,2 11,00,0 11,00,1 11,00,2 U5

A5                                                  A5                                                  L5
A5  A5                                              F5  A5                                              L5  N15
J15 J15 J25                                         F5  F5  F5                                          L5  N15 N15
J15 J35 J25 J25                                     L5  F5  N15 N25                                     L5  T15 N15 N25
J15 J35 J25 N25 N5                                  J15 T15 J25 N25 N25                                 T15 T15 T15 S15 S15
    J35 J35 N5  N5  L15                                 J35 L25 J45 L45 S15                                 J45 J45 J45 S15 S15
        L25 N5  P5  L15 Q5                                  L25 J45 L45 L15 Q5                                  L25 L25 T25 L15 L15
            N5  P5  P5  Q5  I5                                  T25 L45 L45 Q5  Q5                                  T25 T25 L45 Z5  Z5
                P5  P5  V25 I5  Y5                                  S25 S25 V25 V25 V15                                 T25 S25 S25 Z5  V15
                    V25 V25 I5  Y5  V15                                 V5  V5  V5  V15 V15                                 S25 L35 Z5  Z5  W5
                        L35 I5  Y5  Y5  T5                                  L35 V5  T5  T5  T5                                  L35 L35 W5  W5  T5
                            I5  Y5  X5  U5  U5                                  V5  X5  X5  X5  U5                                  W5  W5  X5  U5  U5

solution 10 (19,657 searches):
07,00,0 07,01,0 07,02,0 07,03,0 07,04,0 I5
00,10,0 00,11,0 00,11,1 01,10,0 01,10,1 A5
00,08,1 00,08,2 00,09,2 00,10,2 00,11,2 L5
00,09,1 00,10,1 01,08,1 01,09,1 02,09,1 F5
01,09,2 01,10,2 02,08,1 02,08,2 02,09,2 N15
00,07,0 00,07,1 00,08,0 00,09,0 01,09,0 J15
02,07,0 02,07,1 02,08,0 02,09,0 03,08,0 J25
01,06,0 01,06,1 01,07,0 01,08,0 02,06,0 J35
00,07,2 01,07,1 01,07,2 01,08,2 02,07,2 T15
01,06,2 02,06,2 03,05,1 03,06,1 03,06,2 J45
02,05,0 02,05,1 02,05,2 02,06,1 03,05,2 L25
03,07,0 03,07,1 03,08,1 03,08,2 04,07,1 N25
03,07,2 04,06,2 04,07,2 05,06,1 05,06,2 S15
03,04,0 03,05,0 03,06,0 04,06,0 04,07,0 N5
05,05,0 05,05,1 05,05,2 05,06,0 06,05,2 L15
04,04,1 04,05,1 04,06,1 05,04,1 05,04,2 L45
03,04,1 03,04,2 04,03,2 04,04,2 04,05,2 T25
04,03,0 04,04,0 04,05,0 05,03,0 05,04,0 P5
06,04,0 06,04,1 06,05,0 06,05,1 07,04,1 Q5
04,03,1 05,02,0 05,02,1 05,03,1 05,03,2 S25
05,02,2 06,01,2 06,02,2 06,03,2 07,02,2 X5
06,04,2 07,03,2 07,04,2 08,02,2 08,03,2 W5
06,02,1 06,03,0 06,03,1 07,03,1 08,03,1 L35
06,01,0 06,01,1 06,02,0 07,00,1 07,01,1 V15
07,02,1 08,02,1 09,02,0 09,02,1 09,02,2 T5
08,01,0 08,02,0 08,03,0 09,01,0 10,01,0 V5
07,01,2 08,01,1 08,01,2 09,01,2 10,01,2 Y5
07,00,2 08,00,0 08,00,1 08,00,2 09,00,0 Z5
09,01,1 10,00,0 10,00,1 10,01,1 11,00,0 V25
09,00,1 09,00,2 10,00,2 11,00,1 11,00,2 U5

A5                                                  A5                                                  L5
A5  A5                                              F5  A5                                              L5  N15
J15 J15 J25                                         F5  F5  F5                                          L5  N15 N15
J15 J35 J25 J25                                     L5  F5  N15 N25                                     L5  T15 N15 N25
J15 J35 J25 N25 N5                                  J15 T15 J25 N25 N25                                 T15 T15 T15 S15 S15
    J35 J35 N5  N5  L15                                 J35 L25 J45 L45 S15                                 J45 J45 J45 S15 S15
        L25 N5  P5  L15 Q5                                  L25 J45 L45 L15 Q5                                  L25 L25 T25 L15 L15
            N5  P5  P5  Q5  I5                                  T25 L45 L45 Q5  Q5                                  T25 T25 L45 W5  W5
                P5  P5  L35 I5  V5                                  S25 S25 L35 L35 L35                                 T25 S25 X5  W5  W5
                    S25 V15 I5  V5  T5                                  S25 L35 T5  T5  T5                                  X5  X5  X5  W5  T5
                        V15 I5  V5  V5  V5                                  V15 V15 Y5  V25 V25                                 X5  Y5  Y5  Y5  Y5
                            I5  Z5  Z5  V25 V25                                 V15 Z5  U5  V25 U5                                  Z5  Z5  U5  U5  U5

User-requested solution limit reached.
10 solutions, 19,657 searches, duration 0:03:03.694069
