solving Polyiamonds12345ElongatedHexagon9x1:

solution 1 (37 searches):
1,0,0 1,0,1 1,1,0 2,0,0 2,0,1 P5
0,1,0 0,1,1 D2
0,0,1 T1
1,1,1 2,1,0 2,1,1 I3
3,0,0 3,0,1 3,1,0 4,0,0 T4
3,1,1 4,0,1 4,1,0 5,0,0 5,0,1 L5
4,1,1 5,1,0 5,1,1 6,1,0 6,1,1 I5
6,0,0 6,0,1 7,0,0 7,0,1 I4
7,1,0 7,1,1 8,0,0 8,0,1 8,1,0 C5
8,1,1 9,0,0 9,0,1 9,1,0 C4

  ____________________________________
 /   /\      /\   \          /    \   \
/___/  \____/  \   \________/___   \   \
\  /       /    \      /       /   /   /
 \/_______/______\____/_______/___/___/

solution 2 (113 searches):
1,0,0 1,0,1 1,1,0 2,0,0 2,0,1 P5
0,1,0 0,1,1 D2
0,0,1 T1
1,1,1 2,1,0 2,1,1 I3
3,0,0 3,0,1 3,1,0 4,0,0 T4
3,1,1 4,0,1 4,1,0 5,0,0 5,0,1 L5
4,1,1 5,1,0 5,1,1 6,1,0 6,1,1 I5
6,0,0 6,0,1 7,0,0 7,0,1 I4
7,1,0 7,1,1 8,0,0 8,0,1 8,1,0 C5
8,1,1 9,0,0 9,0,1 9,1,0 C4

  ____________________________________
 /   /\      /\   \          /    \   \
/___/  \____/  \   \________/___   \   \
\  /       /    \      /       /   /   /
 \/_______/______\____/_______/___/___/

solution 3 (190 searches):
1,0,0 1,0,1 1,1,0 2,0,0 2,0,1 P5
0,0,1 0,1,0 D2
0,1,1 T1
1,1,1 2,1,0 2,1,1 I3
3,0,0 3,0,1 3,1,0 4,0,0 T4
3,1,1 4,0,1 4,1,0 5,0,0 5,0,1 L5
4,1,1 5,1,0 5,1,1 6,1,0 6,1,1 I5
6,0,0 6,0,1 7,0,0 7,0,1 I4
7,1,0 7,1,1 8,0,0 8,0,1 8,1,0 C5
8,1,1 9,0,0 9,0,1 9,1,0 C4

  ____________________________________
 /\  /\      /\   \          /    \   \
/  \/  \____/  \   \________/___   \   \
\  /       /    \      /       /   /   /
 \/_______/______\____/_______/___/___/

solution 4 (266 searches):
1,0,0 1,0,1 1,1,0 2,0,0 2,0,1 P5
0,0,1 0,1,0 D2
0,1,1 T1
1,1,1 2,1,0 2,1,1 I3
3,0,0 3,0,1 3,1,0 4,0,0 T4
3,1,1 4,0,1 4,1,0 5,0,0 5,0,1 L5
4,1,1 5,1,0 5,1,1 6,1,0 6,1,1 I5
6,0,0 6,0,1 7,0,0 7,0,1 I4
7,1,0 7,1,1 8,0,0 8,0,1 8,1,0 C5
8,1,1 9,0,0 9,0,1 9,1,0 C4

  ____________________________________
 /\  /\      /\   \          /    \   \
/  \/  \____/  \   \________/___   \   \
\  /       /    \      /       /   /   /
 \/_______/______\____/_______/___/___/

solution 5 (331 searches):
1,0,0 1,0,1 1,1,0 2,0,0 2,0,1 P5
0,0,1 0,1,0 0,1,1 I3
1,1,1 2,1,0 D2
2,1,1 3,0,0 3,0,1 3,1,0 C4
4,0,0 4,0,1 5,0,0 5,0,1 I4
3,1,1 4,1,0 4,1,1 5,1,0 5,1,1 I5
6,0,0 6,0,1 6,1,0 7,0,0 T4
6,1,1 7,0,1 7,1,0 8,0,0 8,0,1 L5
8,1,0 8,1,1 9,0,0 9,0,1 9,1,0 C5
7,1,1 T1

  ____________________________________
 /   /\   \   \          /\   \  /    \
/   /  \___\   \________/  \   \/___   \
\  /       /   /       /    \      /   /
 \/_______/___/_______/______\____/___/

solution 6 (331 searches):
1,0,0 1,0,1 1,1,0 2,0,0 2,0,1 P5
0,0,1 0,1,0 0,1,1 I3
1,1,1 2,1,0 D2
2,1,1 3,0,0 3,0,1 3,1,0 C4
4,0,0 4,0,1 5,0,0 5,0,1 I4
3,1,1 4,1,0 4,1,1 5,1,0 5,1,1 I5
6,0,0 6,0,1 6,1,0 7,0,0 T4
6,1,1 7,0,1 7,1,0 8,0,0 8,0,1 L5
8,1,0 8,1,1 9,0,0 9,0,1 9,1,0 C5
7,1,1 T1

  ____________________________________
 /   /\   \   \          /\   \  /    \
/   /  \___\   \________/  \   \/___   \
\  /       /   /       /    \      /   /
 \/_______/___/_______/______\____/___/

solution 7 (343 searches):
1,0,0 1,0,1 1,1,0 2,0,0 2,0,1 P5
0,0,1 0,1,0 0,1,1 I3
1,1,1 2,1,0 D2
2,1,1 3,0,0 3,0,1 3,1,0 C4
4,0,0 4,0,1 5,0,0 5,0,1 6,0,0 I5
3,1,1 4,1,0 4,1,1 5,1,0 I4
5,1,1 6,0,1 6,1,0 6,1,1 T4
7,0,0 7,0,1 7,1,0 7,1,1 8,1,0 L5
8,0,1 8,1,1 9,0,0 9,0,1 9,1,0 C5
8,0,0 T1

  ____________________________________
 /   /\   \   \       \      /    \   \
/   /  \___\   \_______\    /   ___\   \
\  /       /   /        \  /   /\      /
 \/_______/___/__________\/___/__\____/

solution 8 (380 searches):
1,0,0 1,0,1 1,1,0 2,0,0 2,0,1 P5
0,0,1 0,1,0 0,1,1 I3
1,1,1 2,1,0 D2
2,1,1 3,0,0 3,0,1 3,1,0 C4
4,0,0 T1
3,1,1 4,0,1 4,1,0 4,1,1 T4
5,0,0 5,0,1 5,1,0 5,1,1 6,1,0 L5
6,0,0 6,0,1 7,0,0 7,0,1 8,0,0 I5
6,1,1 7,1,0 7,1,1 8,1,0 I4
8,0,1 8,1,1 9,0,0 9,0,1 9,1,0 C5

  ____________________________________
 /   /\   \   \      /    \       \   \
/   /  \___\   \    /   ___\_______\   \
\  /       /   /\  /   /        \      /
 \/_______/___/__\/___/__________\____/

solution 9 (392 searches):
1,0,0 1,0,1 1,1,0 2,0,0 2,0,1 P5
0,0,1 0,1,0 0,1,1 I3
1,1,1 2,1,0 D2
2,1,1 3,0,0 3,0,1 3,1,0 C4
4,0,0 4,0,1 4,1,0 5,0,0 T4
3,1,1 T1
4,1,1 5,0,1 5,1,0 6,0,0 6,0,1 L5
5,1,1 6,1,0 6,1,1 7,1,0 7,1,1 I5
7,0,0 7,0,1 8,0,0 8,0,1 I4
8,1,0 8,1,1 9,0,0 9,0,1 9,1,0 C5

  ____________________________________
 /   /\   \   \  /\   \          /    \
/   /  \___\   \/  \   \________/___   \
\  /       /   /    \      /       /   /
 \/_______/___/______\____/_______/___/

solution 10 (403 searches):
1,0,0 1,0,1 1,1,0 2,0,0 2,0,1 P5
0,0,1 0,1,0 0,1,1 I3
1,1,1 2,1,0 D2
2,1,1 3,0,0 3,0,1 3,1,0 C4
4,0,0 4,0,1 4,1,0 5,0,0 T4
3,1,1 T1
4,1,1 5,0,1 5,1,0 6,0,0 6,0,1 L5
5,1,1 6,1,0 6,1,1 7,1,0 7,1,1 I5
7,0,0 7,0,1 8,0,0 8,0,1 I4
8,1,0 8,1,1 9,0,0 9,0,1 9,1,0 C5

  ____________________________________
 /   /\   \   \  /\   \          /    \
/   /  \___\   \/  \   \________/___   \
\  /       /   /    \      /       /   /
 \/_______/___/______\____/_______/___/

...

solution 34097 (120,771 searches):
7,1,1 8,0,0 8,0,1 8,1,0 9,0,0 P5
8,1,1 9,0,1 9,1,0 I3
5,1,1 6,0,1 6,1,0 6,1,1 T4
7,0,0 T1
7,0,1 7,1,0 D2
4,1,0 4,1,1 5,0,1 5,1,0 6,0,0 L5
3,0,0 3,0,1 4,0,0 4,0,1 5,0,0 I5
2,1,0 2,1,1 3,1,0 3,1,1 I4
1,0,1 1,1,0 1,1,1 2,0,0 2,0,1 C5
0,0,1 0,1,0 0,1,1 1,0,0 C4

  ____________________________________
 /   /   /       /    \      /\   \   \
/   /   /_______/___   \    /  \   \   \
\   \      /        \   \  /\  /    \  /
 \___\____/__________\___\/__\/______\/

34,097 solutions, 120,771 searches, duration 0:03:06.155007
