solving Polysticks1234TruncatedDiamondLattice12x2:

solution 1 (18,679,584 searches):
07,02,0 08,02,0 09,02,0 10,02,0 I
08,01,0 08,01,1 09,01,0 09,01,1 F
09,00,1 I1
09,02,1 09,03,0 09,03,1 10,02,1 H
09,00,0 10,00,0 10,00,1 10,01,1 T
10,01,0 11,00,1 11,01,1 T3
06,03,0 06,03,1 06,04,0 07,03,1 O
07,02,1 07,03,0 08,02,1 U3
07,04,0 07,04,1 08,03,0 08,03,1 W
06,05,0 07,05,0 08,04,0 08,04,1 N
05,06,0 06,06,0 07,05,1 L3
05,07,0 06,06,1 V2
05,04,0 05,04,1 06,04,1 06,05,1 J
04,05,0 05,05,0 I2
04,08,0 05,05,1 05,06,1 05,07,1 L
00,10,1 00,11,0 01,11,0 02,10,1 U
00,09,1 00,10,0 01,09,0 01,09,1 P
00,09,0 01,08,0 01,08,1 Z3
01,10,0 01,10,1 02,10,0 03,09,1 Z
02,08,0 03,07,1 03,08,0 03,08,1 X
02,07,1 02,08,1 02,09,1 I3
02,09,0 03,09,0 04,07,1 04,08,1 V
02,07,0 03,07,0 04,06,1 04,07,0 Y
03,06,0 03,06,1 04,05,1 04,06,0 R

 -U-- -U--
U    Z    U
|    |    |
 -P-- -Z-- -Z--
P    P    I    Z
|    |    3    |
 -Z3- -P-- -V-- -V--
     Z    I    X    V
     3    3    |    |
      -Z3- -X-- -X-- -L--
          I    X    V    L
          3    |    |    |
           -Y-- -Y-- -Y-- -V2-
               R    Y    L    V
               |    |    |    2
                -R-- -R-- -L3- -L3-
                    R    L    J    L
                    |    |    |    3
                     -I2- -I2- -N-- -N--
                         J    J    W    N
                         |    |    |    |
                          -J-- -O-- -W-- -N--
                              O    O    W    H
                              |    |    |    |
                               -O-- -U3- -W-- -H--
                                   U    U    H    H
                                   3    3    |    |
                                    -I-- -I-- -I-- -I--
                                        F    F    T    T
                                        |    |    |    3
                                         -F-- -F-- -T3-
                                             I    T    T
                                             1    |    3
                                              -T-- -T--

solution 2 (19,088,389 searches):
07,02,0 08,02,0 09,02,0 10,02,0 I
08,01,0 08,01,1 09,01,0 09,01,1 F
09,00,1 I1
09,02,1 09,03,0 09,03,1 10,02,1 H
09,00,0 10,00,0 10,00,1 10,01,1 T
10,01,0 11,00,1 11,01,1 T3
07,03,0 07,03,1 07,04,0 08,03,1 O
08,02,1 08,03,0 V2
06,03,0 06,03,1 07,02,1 Z3
07,04,1 07,05,0 08,04,0 08,04,1 P
04,05,0 05,04,0 05,04,1 06,04,0 N
02,08,0 03,07,1 03,08,0 03,08,1 X
04,06,1 04,07,1 04,08,1 I3
02,07,0 02,07,1 02,08,1 03,07,0 V
03,06,0 03,06,1 04,05,1 04,06,0 R
04,08,0 05,07,0 05,07,1 06,06,1 W
04,07,0 05,05,0 05,05,1 05,06,1 Z
05,06,0 06,05,0 06,06,0 07,05,1 J
06,04,1 06,05,1 I2
01,08,0 01,08,1 01,09,1 01,10,1 L
01,09,0 02,09,0 02,09,1 03,09,0 Y
01,10,0 02,10,0 03,09,1 L3
00,10,1 00,11,0 01,11,0 02,10,1 U
00,09,0 00,09,1 00,10,0 U3

 -U-- -U--
U    L    U
|    |    |
 -U3- -L3- -L3-
U    L    Y    L
3    |    |    3
 -U3- -Y-- -Y-- -Y--
     L    V    X    I
     |    |    |    3
      -L-- -X-- -X-- -W--
          V    X    I    W
          |    |    3    |
           -V-- -V-- -Z-- -W--
               R    I    Z    W
               |    3    |    |
                -R-- -R-- -J-- -J--
                    R    Z    I    J
                    |    |    2    |
                     -N-- -Z-- -J-- -P--
                         N    I    P    P
                         |    2    |    |
                          -N-- -N-- -O-- -P--
                              Z    O    O    H
                              3    |    |    |
                               -Z3- -O-- -V2- -H--
                                   Z    V    H    H
                                   3    2    |    |
                                    -I-- -I-- -I-- -I--
                                        F    F    T    T
                                        |    |    |    3
                                         -F-- -F-- -T3-
                                             I    T    T
                                             1    |    3
                                              -T-- -T--

solution 3 (19,088,393 searches):
07,02,0 08,02,0 09,02,0 10,02,0 I
08,01,0 08,01,1 09,01,0 09,01,1 F
09,00,1 I1
09,02,1 09,03,0 09,03,1 10,02,1 H
09,00,0 10,00,0 10,00,1 10,01,1 T
10,01,0 11,00,1 11,01,1 T3
07,03,0 07,03,1 07,04,0 08,03,1 O
08,02,1 08,03,0 V2
06,03,0 06,03,1 07,02,1 Z3
07,04,1 07,05,0 08,04,0 08,04,1 P
04,05,0 05,04,0 05,04,1 06,04,0 N
02,08,0 03,07,1 03,08,0 03,08,1 X
04,06,1 04,07,1 04,08,1 I3
02,07,0 02,07,1 02,08,1 03,07,0 V
03,06,0 03,06,1 04,05,1 04,06,0 R
04,08,0 05,07,0 05,07,1 06,06,1 W
04,07,0 05,05,0 05,05,1 05,06,1 Z
05,06,0 06,05,0 06,06,0 07,05,1 J
06,04,1 06,05,1 I2
01,08,0 01,08,1 01,09,1 L3
00,09,0 00,09,1 00,10,1 00,11,0 U
00,10,0 01,10,0 02,10,0 03,09,1 L
01,10,1 01,11,0 02,10,1 U3
01,09,0 02,09,0 02,09,1 03,09,0 Y

 -U-- -U3-
U    U    U
|    3    3
 -L-- -L-- -L--
U    L    Y    L
|    3    |    |
 -U-- -Y-- -Y-- -Y--
     L    V    X    I
     3    |    |    3
      -L3- -X-- -X-- -W--
          V    X    I    W
          |    |    3    |
           -V-- -V-- -Z-- -W--
               R    I    Z    W
               |    3    |    |
                -R-- -R-- -J-- -J--
                    R    Z    I    J
                    |    |    2    |
                     -N-- -Z-- -J-- -P--
                         N    I    P    P
                         |    2    |    |
                          -N-- -N-- -O-- -P--
                              Z    O    O    H
                              3    |    |    |
                               -Z3- -O-- -V2- -H--
                                   Z    V    H    H
                                   3    2    |    |
                                    -I-- -I-- -I-- -I--
                                        F    F    T    T
                                        |    |    |    3
                                         -F-- -F-- -T3-
                                             I    T    T
                                             1    |    3
                                              -T-- -T--

solution 4 (19,090,312 searches):
07,02,0 08,02,0 09,02,0 10,02,0 I
08,01,0 08,01,1 09,01,0 09,01,1 F
09,00,1 I1
09,02,1 09,03,0 09,03,1 10,02,1 H
09,00,0 10,00,0 10,00,1 10,01,1 T
10,01,0 11,00,1 11,01,1 T3
07,03,0 07,03,1 07,04,0 08,03,1 O
08,02,1 08,03,0 V2
06,03,0 06,03,1 07,02,1 Z3
07,04,1 07,05,0 08,04,0 08,04,1 P
04,05,0 05,04,0 05,04,1 06,04,0 N
01,09,0 02,08,1 02,09,0 02,09,1 X
00,10,0 01,10,0 02,10,0 I3
01,10,1 01,11,0 02,10,1 U3
00,09,0 00,09,1 00,10,1 00,11,0 U
01,08,0 01,08,1 01,09,1 02,08,0 V
02,07,0 02,07,1 03,07,0 L3
03,06,0 03,06,1 04,05,1 04,06,0 R
03,09,0 04,06,1 04,07,1 04,08,1 L
03,07,1 03,08,0 03,08,1 03,09,1 Y
04,08,0 05,07,0 05,07,1 06,06,1 W
04,07,0 05,05,0 05,05,1 05,06,1 Z
05,06,0 06,05,0 06,06,0 07,05,1 J
06,04,1 06,05,1 I2

 -U-- -U3-
U    U    U
|    3    3
 -I3- -I3- -I3-
U    V    X    Y
|    |    |    |
 -U-- -X-- -X-- -L--
     V    X    Y    L
     |    |    |    |
      -V-- -V-- -Y-- -W--
          L    Y    L    W
          3    |    |    |
           -L3- -L3- -Z-- -W--
               R    L    Z    W
               |    |    |    |
                -R-- -R-- -J-- -J--
                    R    Z    I    J
                    |    |    2    |
                     -N-- -Z-- -J-- -P--
                         N    I    P    P
                         |    2    |    |
                          -N-- -N-- -O-- -P--
                              Z    O    O    H
                              3    |    |    |
                               -Z3- -O-- -V2- -H--
                                   Z    V    H    H
                                   3    2    |    |
                                    -I-- -I-- -I-- -I--
                                        F    F    T    T
                                        |    |    |    3
                                         -F-- -F-- -T3-
                                             I    T    T
                                             1    |    3
                                              -T-- -T--

solution 5 (19,090,709 searches):
07,02,0 08,02,0 09,02,0 10,02,0 I
08,01,0 08,01,1 09,01,0 09,01,1 F
09,00,1 I1
09,02,1 09,03,0 09,03,1 10,02,1 H
09,00,0 10,00,0 10,00,1 10,01,1 T
10,01,0 11,00,1 11,01,1 T3
07,03,0 07,03,1 07,04,0 08,03,1 O
08,02,1 08,03,0 V2
06,03,0 06,03,1 07,02,1 Z3
07,04,1 07,05,0 08,04,0 08,04,1 P
04,05,0 05,04,0 05,04,1 06,04,0 N
01,09,0 02,08,1 02,09,0 02,09,1 X
01,08,1 01,09,1 01,10,1 I3
00,09,0 00,09,1 00,10,0 U3
00,10,1 00,11,0 01,11,0 02,10,1 U
01,10,0 02,10,0 03,08,1 03,09,1 V
03,09,0 04,06,1 04,07,1 04,08,1 L
04,08,0 05,07,0 05,07,1 06,06,1 W
04,07,0 05,05,0 05,05,1 05,06,1 Z
03,06,0 03,06,1 04,05,1 04,06,0 R
05,06,0 06,05,0 06,06,0 07,05,1 J
06,04,1 06,05,1 I2
02,07,0 02,07,1 03,07,0 L3
01,08,0 02,08,0 03,07,1 03,08,0 Y

 -U-- -U--
U    I    U
|    3    |
 -U3- -V-- -V--
U    I    X    V
3    3    |    |
 -U3- -X-- -X-- -L--
     I    X    V    L
     3    |    |    |
      -Y-- -Y-- -Y-- -W--
          L    Y    L    W
          3    |    |    |
           -L3- -L3- -Z-- -W--
               R    L    Z    W
               |    |    |    |
                -R-- -R-- -J-- -J--
                    R    Z    I    J
                    |    |    2    |
                     -N-- -Z-- -J-- -P--
                         N    I    P    P
                         |    2    |    |
                          -N-- -N-- -O-- -P--
                              Z    O    O    H
                              3    |    |    |
                               -Z3- -O-- -V2- -H--
                                   Z    V    H    H
                                   3    2    |    |
                                    -I-- -I-- -I-- -I--
                                        F    F    T    T
                                        |    |    |    3
                                         -F-- -F-- -T3-
                                             I    T    T
                                             1    |    3
                                              -T-- -T--

solution 6 (19,253,791 searches):
07,02,0 08,02,0 09,02,0 10,02,0 I
08,01,0 08,01,1 09,01,0 09,01,1 F
09,00,1 I1
09,02,1 09,03,0 09,03,1 10,02,1 H
09,00,0 10,00,0 10,00,1 10,01,1 T
10,01,0 11,00,1 11,01,1 T3
05,04,0 05,04,1 05,05,0 06,04,1 O
07,03,0 08,02,1 08,03,0 08,03,1 X
07,02,1 07,03,1 07,04,1 I3
06,03,0 06,03,1 06,04,0 U3
07,04,0 08,04,0 I2
06,05,0 06,05,1 07,05,0 08,04,1 Z
04,06,0 05,06,0 06,06,0 07,05,1 L
04,05,0 04,05,1 04,06,1 05,05,1 J
04,08,0 05,07,0 05,07,1 06,06,1 W
02,07,0 03,06,0 03,06,1 03,07,1 R
03,07,0 04,07,0 05,06,1 L3
03,09,0 03,09,1 04,07,1 04,08,1 N
01,08,0 02,07,1 02,08,0 03,08,0 Y
02,09,0 02,09,1 03,08,1 Z3
01,09,0 02,08,1 V2
01,08,1 01,09,1 01,10,0 02,10,0 V
00,09,0 00,09,1 00,10,0 01,10,1 P
00,10,1 00,11,0 01,11,0 02,10,1 U

 -U-- -U--
U    P    U
|    |    |
 -P-- -V-- -V--
P    V    Z    N
|    |    3    |
 -P-- -V2- -Z3- -N--
     V    V    Z    N
     |    2    3    |
      -Y-- -Y-- -Y-- -W--
          Y    R    N    W
          |    |    |    |
           -R-- -L3- -L3- -W--
               R    J    L    W
               |    |    3    |
                -R-- -L-- -L-- -L--
                    J    J    Z    L
                    |    |    |    |
                     -J-- -O-- -Z-- -Z--
                         O    O    I    Z
                         |    |    3    |
                          -O-- -U3- -I2- -I2-
                              U    I    X    H
                              3    3    |    |
                               -U3- -X-- -X-- -H--
                                   I    X    H    H
                                   3    |    |    |
                                    -I-- -I-- -I-- -I--
                                        F    F    T    T
                                        |    |    |    3
                                         -F-- -F-- -T3-
                                             I    T    T
                                             1    |    3
                                              -T-- -T--

solution 7 (19,254,511 searches):
07,02,0 08,02,0 09,02,0 10,02,0 I
08,01,0 08,01,1 09,01,0 09,01,1 F
09,00,1 I1
09,02,1 09,03,0 09,03,1 10,02,1 H
09,00,0 10,00,0 10,00,1 10,01,1 T
10,01,0 11,00,1 11,01,1 T3
05,04,0 05,04,1 05,05,0 06,04,1 O
07,03,0 08,02,1 08,03,0 08,03,1 X
07,02,1 07,03,1 07,04,1 I3
06,03,0 06,03,1 06,04,0 U3
07,04,0 08,04,0 I2
06,05,0 06,05,1 07,05,0 08,04,1 Z
04,06,0 05,06,0 06,06,0 07,05,1 L
04,05,0 04,05,1 04,06,1 05,05,1 J
05,07,0 05,07,1 06,06,1 Z3
02,07,0 02,07,1 03,06,0 03,06,1 W
03,07,0 04,07,0 05,06,1 L3
03,09,0 04,07,1 04,08,0 04,08,1 R
01,10,1 01,11,0 02,10,0 02,10,1 P
00,09,0 00,09,1 00,10,1 00,11,0 U
01,08,0 01,08,1 01,09,1 02,08,0 V
00,10,0 01,10,0 02,09,0 02,09,1 N
03,07,1 03,08,0 03,08,1 03,09,1 Y
01,09,0 02,08,1 V2

 -U-- -P--
U    P    P
|    |    |
 -N-- -N-- -P--
U    V    N    Y
|    |    |    |
 -U-- -V2- -N-- -R--
     V    V    Y    R
     |    2    |    |
      -V-- -V-- -Y-- -R--
          W    Y    R    Z
          |    |    |    3
           -W-- -L3- -L3- -Z3-
               W    J    L    Z
               |    |    3    3
                -W-- -L-- -L-- -L--
                    J    J    Z    L
                    |    |    |    |
                     -J-- -O-- -Z-- -Z--
                         O    O    I    Z
                         |    |    3    |
                          -O-- -U3- -I2- -I2-
                              U    I    X    H
                              3    3    |    |
                               -U3- -X-- -X-- -H--
                                   I    X    H    H
                                   3    |    |    |
                                    -I-- -I-- -I-- -I--
                                        F    F    T    T
                                        |    |    |    3
                                         -F-- -F-- -T3-
                                             I    T    T
                                             1    |    3
                                              -T-- -T--

solution 8 (19,266,044 searches):
07,02,0 08,02,0 09,02,0 10,02,0 I
08,01,0 08,01,1 09,01,0 09,01,1 F
09,00,1 I1
09,02,1 09,03,0 09,03,1 10,02,1 H
09,00,0 10,00,0 10,00,1 10,01,1 T
10,01,0 11,00,1 11,01,1 T3
05,04,0 05,04,1 05,05,0 06,04,1 O
07,03,0 08,02,1 08,03,0 08,03,1 X
07,02,1 07,03,1 07,04,1 I3
06,03,0 06,03,1 06,04,0 U3
07,04,0 08,04,0 I2
06,05,0 06,05,1 07,05,0 08,04,1 Z
05,05,1 05,06,0 06,06,0 07,05,1 U
03,07,0 04,07,0 05,07,0 06,06,1 L
03,06,0 03,06,1 03,07,1 04,06,1 J
04,05,0 04,05,1 04,06,0 05,06,1 P
01,08,0 02,07,0 02,07,1 02,08,1 R
03,09,0 04,08,0 04,08,1 05,07,1 W
02,08,0 03,08,0 04,07,1 L3
02,10,0 02,10,1 03,08,1 03,09,1 N
00,09,1 00,10,1 00,11,0 01,11,0 V
00,10,0 01,09,1 V2
01,10,0 01,10,1 02,09,1 Z3
00,09,0 01,08,1 01,09,0 02,09,0 Y

 -V-- -V--
V    Z    N
|    3    |
 -V2- -Z3- -N--
V    V    Z    N
|    2    3    |
 -Y-- -Y-- -Y-- -W--
     Y    R    N    W
     |    |    |    |
      -R-- -L3- -L3- -W--
          R    J    L    W
          |    |    3    |
           -R-- -L-- -L-- -L--
               J    J    P    L
               |    |    |    |
                -J-- -P-- -U-- -U--
                    P    U    Z    U
                    |    |    |    |
                     -P-- -O-- -Z-- -Z--
                         O    O    I    Z
                         |    |    3    |
                          -O-- -U3- -I2- -I2-
                              U    I    X    H
                              3    3    |    |
                               -U3- -X-- -X-- -H--
                                   I    X    H    H
                                   3    |    |    |
                                    -I-- -I-- -I-- -I--
                                        F    F    T    T
                                        |    |    |    3
                                         -F-- -F-- -T3-
                                             I    T    T
                                             1    |    3
                                              -T-- -T--

solution 9 (19,393,162 searches):
07,02,0 08,02,0 09,02,0 10,02,0 I
08,01,0 08,01,1 09,01,0 09,01,1 F
09,00,1 I1
09,02,1 09,03,0 09,03,1 10,02,1 H
09,00,0 10,00,0 10,00,1 10,01,1 T
10,01,0 11,00,1 11,01,1 T3
05,04,0 05,04,1 05,05,0 06,04,1 O
07,03,0 08,02,1 08,03,0 08,03,1 X
07,02,1 07,03,1 07,04,0 08,04,0 V
06,03,0 06,03,1 06,04,0 07,04,1 P
06,06,0 07,05,0 07,05,1 08,04,1 W
05,07,0 06,05,0 06,05,1 06,06,1 Z
03,06,0 04,06,0 05,06,0 I3
04,05,0 04,05,1 05,05,1 U3
04,08,0 05,06,1 05,07,1 L3
04,06,1 04,07,0 04,07,1 04,08,1 Y
02,08,0 03,06,1 03,07,0 03,07,1 R
02,09,0 03,08,0 03,08,1 Z3
02,07,0 02,07,1 02,08,1 02,09,1 L
01,08,0 01,08,1 V2
01,10,0 02,10,0 03,09,0 03,09,1 N
00,09,0 00,09,1 00,10,0 01,09,0 J
00,10,1 00,11,0 01,11,0 02,10,1 U
01,09,1 01,10,1 I2

 -U-- -U--
U    I    U
|    2    |
 -J-- -N-- -N--
J    I    L    N
|    2    |    |
 -J-- -J-- -Z3- -N--
     V    L    Z    Y
     2    |    3    |
      -V2- -R-- -Z3- -L3-
          L    R    Y    L
          |    |    |    3
           -L-- -R-- -Y-- -Z--
               R    Y    L    Z
               |    |    3    |
                -I3- -I3- -I3- -W--
                    U    U    Z    W
                    3    3    |    |
                     -U3- -O-- -Z-- -W--
                         O    O    P    W
                         |    |    |    |
                          -O-- -P-- -V-- -V--
                              P    V    X    H
                              |    |    |    |
                               -P-- -X-- -X-- -H--
                                   V    X    H    H
                                   |    |    |    |
                                    -I-- -I-- -I-- -I--
                                        F    F    T    T
                                        |    |    |    3
                                         -F-- -F-- -T3-
                                             I    T    T
                                             1    |    3
                                              -T-- -T--

solution 10 (19,403,488 searches):
07,02,0 08,02,0 09,02,0 10,02,0 I
08,01,0 08,01,1 09,01,0 09,01,1 F
09,00,1 I1
09,02,1 09,03,0 09,03,1 10,02,1 H
09,00,0 10,00,0 10,00,1 10,01,1 T
10,01,0 11,00,1 11,01,1 T3
05,04,0 05,04,1 05,05,0 06,04,1 O
07,03,0 08,02,1 08,03,0 08,03,1 X
07,02,1 07,03,1 07,04,0 08,04,0 V
06,03,0 06,03,1 06,04,0 07,04,1 P
06,06,0 07,05,0 07,05,1 08,04,1 W
05,07,0 06,05,0 06,05,1 06,06,1 Z
01,08,1 01,09,1 01,10,1 I3
00,09,0 00,09,1 00,10,0 U3
00,10,1 00,11,0 01,11,0 02,10,1 U
01,10,0 02,10,0 03,09,1 L3
04,05,0 04,05,1 04,06,1 05,05,1 J
04,06,0 05,06,0 I2
03,06,0 03,06,1 V2
04,08,0 04,08,1 05,06,1 05,07,1 N
02,07,0 02,07,1 03,07,0 04,07,0 L
03,08,0 03,08,1 04,07,1 Z3
01,08,0 02,08,0 02,08,1 03,07,1 R
01,09,0 02,09,0 02,09,1 03,09,0 Y

 -U-- -U--
U    I    U
|    3    |
 -U3- -L3- -L3-
U    I    Y    L
3    3    |    3
 -U3- -Y-- -Y-- -Y--
     I    R    Z    N
     3    |    3    |
      -R-- -R-- -Z3- -N--
          L    R    Z    N
          |    |    3    |
           -L-- -L-- -L-- -Z--
               V    J    N    Z
               2    |    |    |
                -V2- -I2- -I2- -W--
                    J    J    Z    W
                    |    |    |    |
                     -J-- -O-- -Z-- -W--
                         O    O    P    W
                         |    |    |    |
                          -O-- -P-- -V-- -V--
                              P    V    X    H
                              |    |    |    |
                               -P-- -X-- -X-- -H--
                                   V    X    H    H
                                   |    |    |    |
                                    -I-- -I-- -I-- -I--
                                        F    F    T    T
                                        |    |    |    3
                                         -F-- -F-- -T3-
                                             I    T    T
                                             1    |    3
                                              -T-- -T--

User-requested solution limit reached.
10 solutions, 19,403,488 searches, duration 0:23:27.048903
