solving Polycubes12345Pyramid1:

solution 1 (383 searches):
00,04,0 00,05,0 01,04,0 01,04,1 A4
00,06,0 01,05,0 01,05,1 01,06,0 B4
02,02,0 02,03,0 D
02,07,0 02,08,0 03,06,0 03,07,0 04,07,0 F5
03,07,1 03,08,0 04,07,1 04,08,0 04,08,1 A5
04,10,0 05,10,0 06,10,0 I3
04,09,0 04,09,1 05,09,0 06,08,0 06,09,0 J15
08,05,0 08,06,0 08,07,0 08,08,0 I4
09,04,0 09,04,1 10,04,0 10,05,0 10,06,0 J45
07,06,1 07,07,1 08,06,1 09,06,0 09,06,1 L15
07,05,1 08,04,1 08,05,1 09,05,0 09,05,1 J25
07,04,0 07,05,0 07,06,0 07,07,0 07,08,0 I5
06,03,0 07,03,0 07,03,1 08,03,0 08,04,0 L25
06,01,0 06,02,0 06,02,1 07,02,0 08,02,0 L35
05,00,0 05,01,0 05,02,0 06,00,0 L4
04,00,0 04,01,0 04,01,1 05,01,1 06,01,1 L45
01,06,1 02,06,1 03,06,1 04,06,1 04,06,2 L5
02,06,0 M
05,07,2 05,08,1 05,08,2 05,09,1 06,09,1 N15
04,06,3 04,07,2 04,07,3 04,08,2 05,07,3 N25
04,05,0 04,06,0 05,06,0 05,07,0 05,08,0 N5
06,07,1 06,07,2 06,08,1 06,08,2 O4
06,05,0 06,05,1 06,06,0 06,06,1 06,07,0 P5
04,05,2 05,05,2 05,06,1 05,06,2 05,07,1 S15
07,05,2 07,06,2 07,06,3 08,06,2 P4
07,04,1 07,04,2 07,04,3 08,04,2 08,05,2 T25
05,06,3 05,06,4 06,06,3 06,06,4 06,07,3 Q5
06,04,1 06,04,2 06,04,3 06,05,2 06,06,2 T5
05,05,3 06,05,3 06,05,4 07,05,3 T4
04,05,3 04,05,4 04,06,4 05,05,4 05,05,5 S25
04,03,3 05,03,3 05,04,3 05,04,4 06,04,4 V25
05,03,2 06,02,2 06,03,1 06,03,2 06,03,3 T15
04,02,2 04,03,2 04,04,2 04,04,3 04,04,4 V5
05,02,1 05,02,2 05,03,1 05,04,1 05,04,2 U5
04,04,0 05,03,0 05,04,0 05,05,0 06,04,0 X5
03,03,1 04,03,1 04,04,1 04,05,1 05,05,1 Z5
03,02,0 04,02,0 04,02,1 V3
02,04,0 02,05,0 03,03,0 03,04,0 04,03,0 W5
02,05,1 02,05,2 02,06,2 03,06,2 03,06,3 V15
02,04,1 02,04,2 03,04,2 03,04,3 S4
03,04,1 03,05,0 03,05,1 03,05,2 03,05,3 Y5

                I3  I3  I3
                J15 J15 J15                                     J15 N15 N15
        F5  A5  A5  N5  J15 I5  I4                              A5  N15 O4                                      N25 N15 O4
        F5  F5  F5  N5  P5  I5  I4                          A5  A5  S15 O4  L15                                 N25 N15 O4                                      N25 N25 Q5
B4  B4  M   F5  N5  N5  P5  I5  I4  L15 J45         L5  L5  L5  L5  S15 P5  L15 L15 L15                 V15 V15 L5  S15 T5  P4  P4                          V15 N25 Q5  Q5  P4                                  S25 Q5  Q5
A4  B4  W5  Y5  N5  X5  P5  I5  I4  J25 J45         B4  V15 Y5  Z5  Z5  P5  J25 J25 J25                 V15 Y5  S15 S15 T5  P4  T25                         Y5  S25 T4  T4  T4                                  S25 S25 T4                                          S25
A4  A4  W5  W5  X5  X5  X5  I5  L25 J45 J45         A4  S4  Y5  Z5  U5  T5  T25 J25 J45                 S4  S4  V5  U5  T5  T25 T25                         S4  V5  V25 T5  T25                                 V5  V25 V25
        D   W5  W5  X5  L25 L25 L25                         Z5  Z5  U5  T15 L25                                 V5  T15 T15                                     V25 V25 T15
        D   V3  V3  L4  L35 L35 L35                             V3  U5  L35                                     V5  U5  T15
                L45 L4  L35                                     L45 L45 L45
                L45 L4  L4

solution 2 (3,495 searches):
00,04,0 00,05,0 01,04,0 01,04,1 A4
00,06,0 01,05,0 01,05,1 01,06,0 B4
02,02,0 02,03,0 D
02,07,0 02,08,0 03,06,0 03,07,0 04,07,0 F5
03,07,1 03,08,0 04,07,1 04,08,0 04,08,1 A5
04,10,0 05,10,0 06,10,0 I3
04,09,0 04,09,1 05,09,0 06,08,0 06,09,0 J15
08,05,0 08,06,0 08,07,0 08,08,0 I4
09,04,0 09,04,1 10,04,0 10,05,0 10,06,0 J45
07,06,1 07,07,1 08,06,1 09,06,0 09,06,1 L15
07,05,1 08,04,1 08,05,1 09,05,0 09,05,1 J25
07,04,0 07,05,0 07,06,0 07,07,0 07,08,0 I5
06,03,0 07,03,0 07,03,1 08,03,0 08,04,0 L25
06,01,0 06,02,0 06,02,1 07,02,0 08,02,0 L35
05,00,0 05,01,0 05,02,0 06,00,0 L4
04,00,0 04,01,0 04,01,1 05,01,1 06,01,1 L45
01,06,1 02,06,1 03,06,1 04,06,1 04,06,2 L5
02,06,0 M
05,07,2 05,08,1 05,08,2 05,09,1 06,09,1 N15
04,06,3 04,07,2 04,07,3 04,08,2 05,07,3 N25
04,05,0 04,06,0 05,06,0 05,07,0 05,08,0 N5
06,07,1 06,07,2 06,08,1 06,08,2 O4
06,05,0 06,05,1 06,06,0 06,06,1 06,07,0 P5
04,05,2 05,05,2 05,06,1 05,06,2 05,07,1 S15
07,05,2 07,06,2 07,06,3 08,06,2 P4
07,04,1 07,04,2 07,04,3 08,04,2 08,05,2 T25
05,06,3 05,06,4 06,06,3 06,06,4 06,07,3 Q5
06,04,1 06,04,2 06,04,3 06,05,2 06,06,2 T5
05,05,3 06,05,3 06,05,4 07,05,3 T4
04,05,3 04,05,4 04,06,4 05,05,4 05,05,5 S25
04,04,2 04,04,3 04,04,4 05,04,4 06,04,4 V5
02,05,1 02,05,2 02,06,2 03,06,2 03,06,3 V15
03,04,1 03,05,0 03,05,1 03,05,2 03,05,3 Y5
02,04,1 02,04,2 03,04,2 03,04,3 S4
02,04,0 02,05,0 03,03,0 03,04,0 04,03,0 W5
03,02,0 04,02,0 04,02,1 V3
03,03,1 04,03,1 04,04,1 04,05,1 05,05,1 Z5
04,04,0 05,03,0 05,04,0 05,05,0 06,04,0 X5
04,02,2 04,03,2 04,03,3 05,03,3 05,04,3 V25
05,03,2 06,02,2 06,03,1 06,03,2 06,03,3 T15
05,02,1 05,02,2 05,03,1 05,04,1 05,04,2 U5

                I3  I3  I3
                J15 J15 J15                                     J15 N15 N15
        F5  A5  A5  N5  J15 I5  I4                              A5  N15 O4                                      N25 N15 O4
        F5  F5  F5  N5  P5  I5  I4                          A5  A5  S15 O4  L15                                 N25 N15 O4                                      N25 N25 Q5
B4  B4  M   F5  N5  N5  P5  I5  I4  L15 J45         L5  L5  L5  L5  S15 P5  L15 L15 L15                 V15 V15 L5  S15 T5  P4  P4                          V15 N25 Q5  Q5  P4                                  S25 Q5  Q5
A4  B4  W5  Y5  N5  X5  P5  I5  I4  J25 J45         B4  V15 Y5  Z5  Z5  P5  J25 J25 J25                 V15 Y5  S15 S15 T5  P4  T25                         Y5  S25 T4  T4  T4                                  S25 S25 T4                                          S25
A4  A4  W5  W5  X5  X5  X5  I5  L25 J45 J45         A4  S4  Y5  Z5  U5  T5  T25 J25 J45                 S4  S4  V5  U5  T5  T25 T25                         S4  V5  V25 T5  T25                                 V5  V5  V5
        D   W5  W5  X5  L25 L25 L25                         Z5  Z5  U5  T15 L25                                 V25 T15 T15                                     V25 V25 T15
        D   V3  V3  L4  L35 L35 L35                             V3  U5  L35                                     V25 U5  T15
                L45 L4  L35                                     L45 L45 L45
                L45 L4  L4

solution 3 (10,042 searches):
00,04,0 00,05,0 01,04,0 01,04,1 A4
00,06,0 01,05,0 01,05,1 01,06,0 B4
02,02,0 02,03,0 D
02,07,0 02,08,0 03,06,0 03,07,0 04,07,0 F5
03,07,1 03,08,0 04,07,1 04,08,0 04,08,1 A5
04,10,0 05,10,0 06,10,0 I3
04,09,0 04,09,1 05,09,0 06,08,0 06,09,0 J15
08,05,0 08,06,0 08,07,0 08,08,0 I4
09,04,0 09,04,1 10,04,0 10,05,0 10,06,0 J45
07,06,1 07,07,1 08,06,1 09,06,0 09,06,1 L15
07,05,1 08,04,1 08,05,1 09,05,0 09,05,1 J25
07,04,0 07,05,0 07,06,0 07,07,0 07,08,0 I5
06,03,0 07,03,0 07,03,1 08,03,0 08,04,0 L25
06,01,0 06,02,0 06,02,1 07,02,0 08,02,0 L35
05,00,0 05,01,0 05,02,0 06,00,0 L4
04,00,0 04,01,0 04,01,1 05,01,1 06,01,1 L45
01,06,1 02,06,1 03,06,1 04,06,1 04,06,2 L5
02,06,0 M
05,07,2 05,08,1 05,08,2 05,09,1 06,09,1 N15
04,06,3 04,07,2 04,07,3 04,08,2 05,07,3 N25
04,05,0 04,06,0 05,06,0 05,07,0 05,08,0 N5
06,07,1 06,07,2 06,08,1 06,08,2 O4
06,05,0 06,05,1 06,06,0 06,06,1 06,07,0 P5
04,05,2 05,05,2 05,06,1 05,06,2 05,07,1 S15
07,05,2 07,06,2 07,06,3 08,06,2 P4
07,04,1 07,04,2 07,04,3 08,04,2 08,05,2 T25
05,06,3 05,06,4 06,06,3 06,06,4 06,07,3 Q5
06,04,1 06,04,2 06,04,3 06,05,2 06,06,2 T5
05,04,4 06,04,4 06,05,3 06,05,4 07,05,3 V15
04,05,3 04,05,4 04,06,4 05,05,4 05,05,5 S25
05,04,1 05,04,2 05,04,3 05,05,1 05,05,3 U5
04,04,0 05,03,0 05,04,0 05,05,0 06,04,0 X5
02,06,2 03,06,2 03,06,3 V3
02,04,1 02,05,0 02,05,1 02,05,2 03,05,1 T15
02,04,0 03,02,0 03,03,0 03,04,0 03,05,0 Y5
03,04,3 03,05,2 03,05,3 04,04,3 04,04,4 V25
02,04,2 03,04,2 04,02,2 04,03,2 04,04,2 V5
03,03,1 03,04,1 04,04,1 04,05,1 S4
04,02,0 04,02,1 05,02,1 05,02,2 06,02,2 W5
04,03,0 04,03,1 05,03,1 06,03,1 06,03,2 Z5
04,03,3 05,03,2 05,03,3 06,03,3 T4

                I3  I3  I3
                J15 J15 J15                                     J15 N15 N15
        F5  A5  A5  N5  J15 I5  I4                              A5  N15 O4                                      N25 N15 O4
        F5  F5  F5  N5  P5  I5  I4                          A5  A5  S15 O4  L15                                 N25 N15 O4                                      N25 N25 Q5
B4  B4  M   F5  N5  N5  P5  I5  I4  L15 J45         L5  L5  L5  L5  S15 P5  L15 L15 L15                 V3  V3  L5  S15 T5  P4  P4                          V3  N25 Q5  Q5  P4                                  S25 Q5  Q5
A4  B4  T15 Y5  N5  X5  P5  I5  I4  J25 J45         B4  T15 T15 S4  U5  P5  J25 J25 J25                 T15 V25 S15 S15 T5  P4  T25                         V25 S25 U5  V15 V15                                 S25 S25 V15                                         S25
A4  A4  Y5  Y5  X5  X5  X5  I5  L25 J45 J45         A4  T15 S4  S4  U5  T5  T25 J25 J45                 V5  V5  V5  U5  T5  T25 T25                         V25 V25 U5  T5  T25                                 V25 V15 V15
        D   Y5  Z5  X5  L25 L25 L25                         S4  Z5  Z5  Z5  L25                                 V5  T4  Z5                                      T4  T4  T4
        D   Y5  W5  L4  L35 L35 L35                             W5  W5  L35                                     V5  W5  W5
                L45 L4  L35                                     L45 L45 L45
                L45 L4  L4

solution 4 (16,469 searches):
00,04,0 00,05,0 01,04,0 01,04,1 A4
00,06,0 01,05,0 01,05,1 01,06,0 B4
02,02,0 02,03,0 D
02,07,0 02,08,0 03,06,0 03,07,0 04,07,0 F5
03,07,1 03,08,0 04,07,1 04,08,0 04,08,1 A5
04,10,0 05,10,0 06,10,0 I3
04,09,0 04,09,1 05,09,0 06,08,0 06,09,0 J15
08,05,0 08,06,0 08,07,0 08,08,0 I4
09,04,0 09,04,1 10,04,0 10,05,0 10,06,0 J45
07,06,1 07,07,1 08,06,1 09,06,0 09,06,1 L15
07,05,1 08,04,1 08,05,1 09,05,0 09,05,1 J25
07,04,0 07,05,0 07,06,0 07,07,0 07,08,0 I5
06,03,0 07,03,0 07,03,1 08,03,0 08,04,0 L25
06,01,0 06,02,0 06,02,1 07,02,0 08,02,0 L35
05,00,0 05,01,0 05,02,0 06,00,0 L4
04,00,0 04,01,0 04,01,1 05,01,1 06,01,1 L45
01,06,1 02,06,1 03,06,1 04,06,1 04,06,2 L5
02,06,0 M
05,07,2 05,08,1 05,08,2 05,09,1 06,09,1 N15
04,06,3 04,07,2 04,07,3 04,08,2 05,07,3 N25
04,05,0 04,06,0 05,06,0 05,07,0 05,08,0 N5
06,07,1 06,07,2 06,08,1 06,08,2 O4
06,05,0 06,05,1 06,06,0 06,06,1 06,07,0 P5
04,05,2 05,05,2 05,06,1 05,06,2 05,07,1 S15
07,05,2 07,06,2 07,06,3 08,06,2 P4
07,04,1 07,04,2 07,04,3 08,04,2 08,05,2 T25
05,06,3 05,06,4 06,06,3 06,06,4 06,07,3 Q5
06,04,1 06,04,2 06,04,3 06,05,2 06,06,2 T5
05,04,4 06,04,4 06,05,3 06,05,4 07,05,3 V15
05,03,3 05,04,3 05,05,3 05,05,4 05,05,5 V5
04,04,4 04,05,3 04,05,4 04,06,4 T4
05,02,1 05,02,2 06,02,2 06,03,2 06,03,3 V25
03,04,2 03,04,3 03,05,3 03,06,2 03,06,3 U5
02,04,2 02,05,1 02,05,2 02,06,2 03,05,2 T15
04,04,0 05,03,0 05,04,0 05,05,0 06,04,0 X5
02,05,0 03,04,0 03,05,0 03,05,1 04,05,1 S25
02,04,0 02,04,1 03,04,1 04,04,1 04,04,2 Z5
05,03,2 05,04,1 05,04,2 05,05,1 S4
04,02,1 04,02,2 04,03,2 04,03,3 04,04,3 W5
03,03,1 04,03,0 04,03,1 05,03,1 06,03,1 Y5
03,02,0 03,03,0 04,02,0 V3

                I3  I3  I3
                J15 J15 J15                                     J15 N15 N15
        F5  A5  A5  N5  J15 I5  I4                              A5  N15 O4                                      N25 N15 O4
        F5  F5  F5  N5  P5  I5  I4                          A5  A5  S15 O4  L15                                 N25 N15 O4                                      N25 N25 Q5
B4  B4  M   F5  N5  N5  P5  I5  I4  L15 J45         L5  L5  L5  L5  S15 P5  L15 L15 L15                 T15 U5  L5  S15 T5  P4  P4                          U5  N25 Q5  Q5  P4                                  T4  Q5  Q5
A4  B4  S25 S25 N5  X5  P5  I5  I4  J25 J45         B4  T15 S25 S25 S4  P5  J25 J25 J25                 T15 T15 S15 S15 T5  P4  T25                         U5  T4  V5  V15 V15                                 T4  V5  V15                                         V5
A4  A4  Z5  S25 X5  X5  X5  I5  L25 J45 J45         A4  Z5  Z5  Z5  S4  T5  T25 J25 J45                 T15 U5  Z5  S4  T5  T25 T25                         U5  W5  V5  T5  T25                                 T4  V15 V15
        D   V3  Y5  X5  L25 L25 L25                         Y5  Y5  Y5  Y5  L25                                 W5  S4  V25                                     W5  V5  V25
        D   V3  V3  L4  L35 L35 L35                             W5  V25 L35                                     W5  V25 V25
                L45 L4  L35                                     L45 L45 L45
                L45 L4  L4

solution 5 (19,955 searches):
00,04,0 00,05,0 01,04,0 01,04,1 A4
00,06,0 01,05,0 01,05,1 01,06,0 B4
02,02,0 02,03,0 D
02,07,0 02,08,0 03,06,0 03,07,0 04,07,0 F5
03,07,1 03,08,0 04,07,1 04,08,0 04,08,1 A5
04,10,0 05,10,0 06,10,0 I3
04,09,0 04,09,1 05,09,0 06,08,0 06,09,0 J15
08,05,0 08,06,0 08,07,0 08,08,0 I4
09,04,0 09,04,1 10,04,0 10,05,0 10,06,0 J45
07,06,1 07,07,1 08,06,1 09,06,0 09,06,1 L15
07,05,1 08,04,1 08,05,1 09,05,0 09,05,1 J25
07,04,0 07,05,0 07,06,0 07,07,0 07,08,0 I5
06,03,0 07,03,0 07,03,1 08,03,0 08,04,0 L25
06,01,0 06,02,0 06,02,1 07,02,0 08,02,0 L35
05,00,0 05,01,0 05,02,0 06,00,0 L4
04,00,0 04,01,0 04,01,1 05,01,1 06,01,1 L45
01,06,1 02,06,1 03,06,1 04,06,1 04,06,2 L5
02,06,0 M
05,07,2 05,08,1 05,08,2 05,09,1 06,09,1 N15
04,06,3 04,07,2 04,07,3 04,08,2 05,07,3 N25
04,05,0 04,06,0 05,06,0 05,07,0 05,08,0 N5
06,07,1 06,07,2 06,08,1 06,08,2 O4
06,05,0 06,05,1 06,06,0 06,06,1 06,07,0 P5
04,05,2 05,05,2 05,06,1 05,06,2 05,07,1 S15
07,05,2 07,06,2 07,06,3 08,06,2 P4
07,04,1 07,04,2 07,04,3 08,04,2 08,05,2 T25
05,06,3 05,06,4 06,06,3 06,06,4 06,07,3 Q5
06,04,1 06,04,2 06,04,3 06,05,2 06,06,2 T5
05,05,3 05,05,4 05,05,5 06,05,3 07,05,3 V5
05,03,3 05,04,3 05,04,4 06,04,4 06,05,4 V25
04,04,4 04,05,3 04,05,4 04,06,4 T4
05,03,2 05,04,2 06,02,2 06,03,2 06,03,3 S25
03,04,2 03,04,3 03,05,3 03,06,2 03,06,3 U5
02,04,2 02,05,1 02,05,2 02,06,2 03,05,2 T15
04,04,0 05,03,0 05,04,0 05,05,0 06,04,0 X5
04,03,2 04,03,3 04,04,3 V3
03,02,0 04,02,0 04,02,1 04,02,2 05,02,2 Z5
02,04,0 02,05,0 03,03,0 03,04,0 04,03,0 W5
03,05,0 03,05,1 04,04,1 04,04,2 04,05,1 V15
02,04,1 03,03,1 03,04,1 04,03,1 S4
05,02,1 05,03,1 05,04,1 05,05,1 06,03,1 Y5

                I3  I3  I3
                J15 J15 J15                                     J15 N15 N15
        F5  A5  A5  N5  J15 I5  I4                              A5  N15 O4                                      N25 N15 O4
        F5  F5  F5  N5  P5  I5  I4                          A5  A5  S15 O4  L15                                 N25 N15 O4                                      N25 N25 Q5
B4  B4  M   F5  N5  N5  P5  I5  I4  L15 J45         L5  L5  L5  L5  S15 P5  L15 L15 L15                 T15 U5  L5  S15 T5  P4  P4                          U5  N25 Q5  Q5  P4                                  T4  Q5  Q5
A4  B4  W5  V15 N5  X5  P5  I5  I4  J25 J45         B4  T15 V15 V15 Y5  P5  J25 J25 J25                 T15 T15 S15 S15 T5  P4  T25                         U5  T4  V5  V5  V5                                  T4  V5  V25                                         V5
A4  A4  W5  W5  X5  X5  X5  I5  L25 J45 J45         A4  S4  S4  V15 Y5  T5  T25 J25 J45                 T15 U5  V15 S25 T5  T25 T25                         U5  V3  V25 T5  T25                                 T4  V25 V25
        D   W5  W5  X5  L25 L25 L25                         S4  S4  Y5  Y5  L25                                 V3  S25 S25                                     V3  V25 S25
        D   Z5  Z5  L4  L35 L35 L35                             Z5  Y5  L35                                     Z5  Z5  S25
                L45 L4  L35                                     L45 L45 L45
                L45 L4  L4

solution 6 (20,447 searches):
00,04,0 00,05,0 01,04,0 01,04,1 A4
00,06,0 01,05,0 01,05,1 01,06,0 B4
02,02,0 02,03,0 D
02,07,0 02,08,0 03,06,0 03,07,0 04,07,0 F5
03,07,1 03,08,0 04,07,1 04,08,0 04,08,1 A5
04,10,0 05,10,0 06,10,0 I3
04,09,0 04,09,1 05,09,0 06,08,0 06,09,0 J15
08,05,0 08,06,0 08,07,0 08,08,0 I4
09,04,0 09,04,1 10,04,0 10,05,0 10,06,0 J45
07,06,1 07,07,1 08,06,1 09,06,0 09,06,1 L15
07,05,1 08,04,1 08,05,1 09,05,0 09,05,1 J25
07,04,0 07,05,0 07,06,0 07,07,0 07,08,0 I5
06,03,0 07,03,0 07,03,1 08,03,0 08,04,0 L25
06,01,0 06,02,0 06,02,1 07,02,0 08,02,0 L35
05,00,0 05,01,0 05,02,0 06,00,0 L4
04,00,0 04,01,0 04,01,1 05,01,1 06,01,1 L45
01,06,1 02,06,1 03,06,1 04,06,1 04,06,2 L5
02,06,0 M
05,07,2 05,08,1 05,08,2 05,09,1 06,09,1 N15
04,06,3 04,07,2 04,07,3 04,08,2 05,07,3 N25
04,05,0 04,06,0 05,06,0 05,07,0 05,08,0 N5
06,07,1 06,07,2 06,08,1 06,08,2 O4
06,05,0 06,05,1 06,06,0 06,06,1 06,07,0 P5
04,05,2 05,05,2 05,06,1 05,06,2 05,07,1 S15
07,05,2 07,06,2 07,06,3 08,06,2 P4
07,04,1 07,04,2 07,04,3 08,04,2 08,05,2 T25
05,06,3 05,06,4 06,06,3 06,06,4 06,07,3 Q5
06,04,1 06,04,2 06,04,3 06,05,2 06,06,2 T5
05,05,3 05,05,4 05,05,5 06,05,3 07,05,3 V5
05,03,3 05,04,3 05,04,4 06,04,4 06,05,4 V25
04,04,4 04,05,3 04,05,4 04,06,4 T4
05,03,2 05,04,2 06,02,2 06,03,2 06,03,3 S25
02,05,1 02,05,2 02,06,2 03,06,2 03,06,3 V15
02,04,0 02,05,0 03,03,0 03,04,0 04,03,0 W5
03,02,0 04,02,0 04,02,1 04,02,2 05,02,2 Z5
04,04,0 05,03,0 05,04,0 05,05,0 06,04,0 X5
03,04,1 03,05,0 03,05,1 03,05,2 04,05,1 T15
02,04,1 02,04,2 03,04,2 04,04,1 04,04,2 U5
03,04,3 03,05,3 04,03,3 04,04,3 S4
05,02,1 05,03,1 05,04,1 05,05,1 06,03,1 Y5
03,03,1 04,03,1 04,03,2 V3

                I3  I3  I3
                J15 J15 J15                                     J15 N15 N15
        F5  A5  A5  N5  J15 I5  I4                              A5  N15 O4                                      N25 N15 O4
        F5  F5  F5  N5  P5  I5  I4                          A5  A5  S15 O4  L15                                 N25 N15 O4                                      N25 N25 Q5
B4  B4  M   F5  N5  N5  P5  I5  I4  L15 J45         L5  L5  L5  L5  S15 P5  L15 L15 L15                 V15 V15 L5  S15 T5  P4  P4                          V15 N25 Q5  Q5  P4                                  T4  Q5  Q5
A4  B4  W5  T15 N5  X5  P5  I5  I4  J25 J45         B4  V15 T15 T15 Y5  P5  J25 J25 J25                 V15 T15 S15 S15 T5  P4  T25                         S4  T4  V5  V5  V5                                  T4  V5  V25                                         V5
A4  A4  W5  W5  X5  X5  X5  I5  L25 J45 J45         A4  U5  T15 U5  Y5  T5  T25 J25 J45                 U5  U5  U5  S25 T5  T25 T25                         S4  S4  V25 T5  T25                                 T4  V25 V25
        D   W5  W5  X5  L25 L25 L25                         V3  V3  Y5  Y5  L25                                 V3  S25 S25                                     S4  V25 S25
        D   Z5  Z5  L4  L35 L35 L35                             Z5  Y5  L35                                     Z5  Z5  S25
                L45 L4  L35                                     L45 L45 L45
                L45 L4  L4

solution 7 (25,628 searches):
00,04,0 00,05,0 01,04,0 01,04,1 A4
00,06,0 01,05,0 01,05,1 01,06,0 B4
02,02,0 02,03,0 D
02,07,0 02,08,0 03,06,0 03,07,0 04,07,0 F5
03,07,1 03,08,0 04,07,1 04,08,0 04,08,1 A5
04,10,0 05,10,0 06,10,0 I3
04,09,0 04,09,1 05,09,0 06,08,0 06,09,0 J15
08,05,0 08,06,0 08,07,0 08,08,0 I4
09,04,0 09,04,1 10,04,0 10,05,0 10,06,0 J45
07,06,1 07,07,1 08,06,1 09,06,0 09,06,1 L15
07,05,1 08,04,1 08,05,1 09,05,0 09,05,1 J25
07,04,0 07,05,0 07,06,0 07,07,0 07,08,0 I5
06,03,0 07,03,0 07,03,1 08,03,0 08,04,0 L25
06,01,0 06,02,0 06,02,1 07,02,0 08,02,0 L35
05,00,0 05,01,0 05,02,0 06,00,0 L4
04,00,0 04,01,0 04,01,1 05,01,1 06,01,1 L45
01,06,1 02,06,1 03,06,1 04,06,1 04,06,2 L5
02,06,0 M
05,07,2 05,08,1 05,08,2 05,09,1 06,09,1 N15
04,06,3 04,07,2 04,07,3 04,08,2 05,07,3 N25
04,05,0 04,06,0 05,06,0 05,07,0 05,08,0 N5
06,07,1 06,07,2 06,08,1 06,08,2 O4
06,05,0 06,05,1 06,06,0 06,06,1 06,07,0 P5
04,05,2 05,05,2 05,06,1 05,06,2 05,07,1 S15
07,05,2 07,06,2 07,06,3 08,06,2 P4
07,04,1 07,04,2 07,04,3 08,04,2 08,05,2 T25
05,06,3 05,06,4 06,06,3 06,06,4 06,07,3 Q5
06,04,1 06,04,2 06,04,3 06,05,2 06,06,2 T5
05,05,3 05,05,4 05,05,5 06,05,3 07,05,3 V5
05,03,3 05,04,3 05,04,4 06,04,4 06,05,4 V25
03,04,3 03,05,3 04,05,3 04,05,4 04,06,4 V15
03,05,1 03,05,2 03,06,2 03,06,3 S4
02,04,2 02,05,1 02,05,2 02,06,2 T4
04,02,2 04,03,2 04,03,3 04,04,3 04,04,4 W5
05,03,2 06,02,2 06,03,1 06,03,2 06,03,3 T15
04,02,0 04,02,1 05,02,1 05,02,2 05,03,1 S25
04,04,0 05,03,0 05,04,0 05,05,0 06,04,0 X5
03,04,1 03,04,2 04,04,2 05,04,1 05,04,2 U5
03,03,1 04,03,1 04,04,1 04,05,1 05,05,1 Z5
03,02,0 03,03,0 03,04,0 03,05,0 04,03,0 Y5
02,04,0 02,04,1 02,05,0 V3

                I3  I3  I3
                J15 J15 J15                                     J15 N15 N15
        F5  A5  A5  N5  J15 I5  I4                              A5  N15 O4                                      N25 N15 O4
        F5  F5  F5  N5  P5  I5  I4                          A5  A5  S15 O4  L15                                 N25 N15 O4                                      N25 N25 Q5
B4  B4  M   F5  N5  N5  P5  I5  I4  L15 J45         L5  L5  L5  L5  S15 P5  L15 L15 L15                 T4  S4  L5  S15 T5  P4  P4                          S4  N25 Q5  Q5  P4                                  V15 Q5  Q5
A4  B4  V3  Y5  N5  X5  P5  I5  I4  J25 J45         B4  T4  S4  Z5  Z5  P5  J25 J25 J25                 T4  S4  S15 S15 T5  P4  T25                         V15 V15 V5  V5  V5                                  V15 V5  V25                                         V5
A4  A4  V3  Y5  X5  X5  X5  I5  L25 J45 J45         A4  V3  U5  Z5  U5  T5  T25 J25 J45                 T4  U5  U5  U5  T5  T25 T25                         V15 W5  V25 T5  T25                                 W5  V25 V25
        D   Y5  Y5  X5  L25 L25 L25                         Z5  Z5  S25 T15 L25                                 W5  T15 T15                                     W5  V25 T15
        D   Y5  S25 L4  L35 L35 L35                             S25 S25 L35                                     W5  S25 T15
                L45 L4  L35                                     L45 L45 L45
                L45 L4  L4

solution 8 (29,274 searches):
00,04,0 00,05,0 01,04,0 01,04,1 A4
00,06,0 01,05,0 01,05,1 01,06,0 B4
02,02,0 02,03,0 D
02,07,0 02,08,0 03,06,0 03,07,0 04,07,0 F5
03,07,1 03,08,0 04,07,1 04,08,0 04,08,1 A5
04,10,0 05,10,0 06,10,0 I3
04,09,0 04,09,1 05,09,0 06,08,0 06,09,0 J15
08,05,0 08,06,0 08,07,0 08,08,0 I4
09,04,0 09,04,1 10,04,0 10,05,0 10,06,0 J45
07,06,1 07,07,1 08,06,1 09,06,0 09,06,1 L15
07,05,1 08,04,1 08,05,1 09,05,0 09,05,1 J25
07,04,0 07,05,0 07,06,0 07,07,0 07,08,0 I5
06,03,0 07,03,0 07,03,1 08,03,0 08,04,0 L25
06,01,0 06,02,0 06,02,1 07,02,0 08,02,0 L35
05,00,0 05,01,0 05,02,0 06,00,0 L4
04,00,0 04,01,0 04,01,1 05,01,1 06,01,1 L45
01,06,1 02,06,1 03,06,1 04,06,1 04,06,2 L5
02,06,0 M
05,07,2 05,08,1 05,08,2 05,09,1 06,09,1 N15
04,06,3 04,07,2 04,07,3 04,08,2 05,07,3 N25
04,05,0 04,06,0 05,06,0 05,07,0 05,08,0 N5
06,07,1 06,07,2 06,08,1 06,08,2 O4
06,05,0 06,05,1 06,06,0 06,06,1 06,07,0 P5
04,05,2 05,05,2 05,06,1 05,06,2 05,07,1 S15
07,05,2 07,06,2 07,06,3 08,06,2 P4
07,04,1 07,04,2 07,04,3 08,04,2 08,05,2 T25
05,06,3 05,06,4 06,06,3 06,06,4 06,07,3 Q5
06,04,1 06,04,2 06,04,3 06,05,2 06,06,2 T5
05,05,3 05,05,4 05,05,5 06,05,3 07,05,3 V5
05,03,3 05,04,3 05,04,4 06,04,4 06,05,4 V25
04,05,3 04,05,4 04,06,4 V3
06,02,2 06,03,1 06,03,2 06,03,3 T4
03,04,2 03,04,3 03,05,3 03,06,2 03,06,3 U5
04,02,2 04,03,2 04,03,3 04,04,3 04,04,4 W5
02,04,2 02,05,1 02,05,2 02,06,2 03,05,2 T15
04,02,0 04,02,1 05,02,1 05,02,2 S4
04,04,0 05,03,0 05,04,0 05,05,0 06,04,0 X5
04,04,2 05,03,2 05,04,1 05,04,2 05,05,1 S25
03,05,1 04,03,1 04,04,1 04,05,1 05,03,1 Z5
02,04,0 02,04,1 02,05,0 03,03,1 03,04,1 V15
03,02,0 03,03,0 03,04,0 03,05,0 04,03,0 Y5

                I3  I3  I3
                J15 J15 J15                                     J15 N15 N15
        F5  A5  A5  N5  J15 I5  I4                              A5  N15 O4                                      N25 N15 O4
        F5  F5  F5  N5  P5  I5  I4                          A5  A5  S15 O4  L15                                 N25 N15 O4                                      N25 N25 Q5
B4  B4  M   F5  N5  N5  P5  I5  I4  L15 J45         L5  L5  L5  L5  S15 P5  L15 L15 L15                 T15 U5  L5  S15 T5  P4  P4                          U5  N25 Q5  Q5  P4                                  V3  Q5  Q5
A4  B4  V15 Y5  N5  X5  P5  I5  I4  J25 J45         B4  T15 Z5  Z5  S25 P5  J25 J25 J25                 T15 T15 S15 S15 T5  P4  T25                         U5  V3  V5  V5  V5                                  V3  V5  V25                                         V5
A4  A4  V15 Y5  X5  X5  X5  I5  L25 J45 J45         A4  V15 V15 Z5  S25 T5  T25 J25 J45                 T15 U5  S25 S25 T5  T25 T25                         U5  W5  V25 T5  T25                                 W5  V25 V25
        D   Y5  Y5  X5  L25 L25 L25                         V15 Z5  Z5  T4  L25                                 W5  S25 T4                                      W5  V25 T4
        D   Y5  S4  L4  L35 L35 L35                             S4  S4  L35                                     W5  S4  T4
                L45 L4  L35                                     L45 L45 L45
                L45 L4  L4

solution 9 (29,577 searches):
00,04,0 00,05,0 01,04,0 01,04,1 A4
00,06,0 01,05,0 01,05,1 01,06,0 B4
02,02,0 02,03,0 D
02,07,0 02,08,0 03,06,0 03,07,0 04,07,0 F5
03,07,1 03,08,0 04,07,1 04,08,0 04,08,1 A5
04,10,0 05,10,0 06,10,0 I3
04,09,0 04,09,1 05,09,0 06,08,0 06,09,0 J15
08,05,0 08,06,0 08,07,0 08,08,0 I4
09,04,0 09,04,1 10,04,0 10,05,0 10,06,0 J45
07,06,1 07,07,1 08,06,1 09,06,0 09,06,1 L15
07,05,1 08,04,1 08,05,1 09,05,0 09,05,1 J25
07,04,0 07,05,0 07,06,0 07,07,0 07,08,0 I5
06,03,0 07,03,0 07,03,1 08,03,0 08,04,0 L25
06,01,0 06,02,0 06,02,1 07,02,0 08,02,0 L35
05,00,0 05,01,0 05,02,0 06,00,0 L4
04,00,0 04,01,0 04,01,1 05,01,1 06,01,1 L45
01,06,1 02,06,1 03,06,1 04,06,1 04,06,2 L5
02,06,0 M
05,07,2 05,08,1 05,08,2 05,09,1 06,09,1 N15
04,06,3 04,07,2 04,07,3 04,08,2 05,07,3 N25
04,05,0 04,06,0 05,06,0 05,07,0 05,08,0 N5
06,07,1 06,07,2 06,08,1 06,08,2 O4
06,05,0 06,05,1 06,06,0 06,06,1 06,07,0 P5
04,05,2 05,05,2 05,06,1 05,06,2 05,07,1 S15
07,05,2 07,06,2 07,06,3 08,06,2 P4
07,04,1 07,04,2 07,04,3 08,04,2 08,05,2 T25
05,06,3 05,06,4 06,06,3 06,06,4 06,07,3 Q5
06,04,1 06,04,2 06,04,3 06,05,2 06,06,2 T5
05,05,3 05,05,4 05,05,5 06,05,3 07,05,3 V5
05,03,3 05,04,3 05,04,4 06,04,4 06,05,4 V25
04,05,3 04,05,4 04,06,4 V3
06,02,2 06,03,1 06,03,2 06,03,3 T4
02,05,1 02,05,2 02,06,2 03,06,2 03,06,3 V15
02,04,0 02,05,0 03,03,0 03,04,0 04,03,0 W5
03,02,0 04,02,0 04,02,1 04,02,2 05,02,2 Z5
03,04,1 03,05,0 03,05,1 03,05,2 04,05,1 T15
02,04,1 02,04,2 03,04,2 04,04,1 04,04,2 U5
03,03,1 04,03,1 04,03,2 05,03,2 S4
03,04,3 03,05,3 04,03,3 04,04,3 04,04,4 S25
04,04,0 05,03,0 05,04,0 05,05,0 06,04,0 X5
05,02,1 05,03,1 05,04,1 05,04,2 05,05,1 Y5

                I3  I3  I3
                J15 J15 J15                                     J15 N15 N15
        F5  A5  A5  N5  J15 I5  I4                              A5  N15 O4                                      N25 N15 O4
        F5  F5  F5  N5  P5  I5  I4                          A5  A5  S15 O4  L15                                 N25 N15 O4                                      N25 N25 Q5
B4  B4  M   F5  N5  N5  P5  I5  I4  L15 J45         L5  L5  L5  L5  S15 P5  L15 L15 L15                 V15 V15 L5  S15 T5  P4  P4                          V15 N25 Q5  Q5  P4                                  V3  Q5  Q5
A4  B4  W5  T15 N5  X5  P5  I5  I4  J25 J45         B4  V15 T15 T15 Y5  P5  J25 J25 J25                 V15 T15 S15 S15 T5  P4  T25                         S25 V3  V5  V5  V5                                  V3  V5  V25                                         V5
A4  A4  W5  W5  X5  X5  X5  I5  L25 J45 J45         A4  U5  T15 U5  Y5  T5  T25 J25 J45                 U5  U5  U5  Y5  T5  T25 T25                         S25 S25 V25 T5  T25                                 S25 V25 V25
        D   W5  W5  X5  L25 L25 L25                         S4  S4  Y5  T4  L25                                 S4  S4  T4                                      S25 V25 T4
        D   Z5  Z5  L4  L35 L35 L35                             Z5  Y5  L35                                     Z5  Z5  T4
                L45 L4  L35                                     L45 L45 L45
                L45 L4  L4

solution 10 (30,270 searches):
00,04,0 00,05,0 01,04,0 01,04,1 A4
00,06,0 01,05,0 01,05,1 01,06,0 B4
02,02,0 02,03,0 D
02,07,0 02,08,0 03,06,0 03,07,0 04,07,0 F5
03,07,1 03,08,0 04,07,1 04,08,0 04,08,1 A5
04,10,0 05,10,0 06,10,0 I3
04,09,0 04,09,1 05,09,0 06,08,0 06,09,0 J15
08,05,0 08,06,0 08,07,0 08,08,0 I4
09,04,0 09,04,1 10,04,0 10,05,0 10,06,0 J45
07,06,1 07,07,1 08,06,1 09,06,0 09,06,1 L15
07,05,1 08,04,1 08,05,1 09,05,0 09,05,1 J25
07,04,0 07,05,0 07,06,0 07,07,0 07,08,0 I5
06,03,0 07,03,0 07,03,1 08,03,0 08,04,0 L25
06,01,0 06,02,0 06,02,1 07,02,0 08,02,0 L35
05,00,0 05,01,0 05,02,0 06,00,0 L4
04,00,0 04,01,0 04,01,1 05,01,1 06,01,1 L45
01,06,1 02,06,1 03,06,1 04,06,1 04,06,2 L5
02,06,0 M
05,07,2 05,08,1 05,08,2 05,09,1 06,09,1 N15
04,06,3 04,07,2 04,07,3 04,08,2 05,07,3 N25
04,05,0 04,06,0 05,06,0 05,07,0 05,08,0 N5
06,07,1 06,07,2 06,08,1 06,08,2 O4
06,05,0 06,05,1 06,06,0 06,06,1 06,07,0 P5
04,05,2 05,05,2 05,06,1 05,06,2 05,07,1 S15
07,05,2 07,06,2 07,06,3 08,06,2 P4
07,04,1 07,04,2 07,04,3 08,04,2 08,05,2 T25
05,06,3 05,06,4 06,06,3 06,06,4 06,07,3 Q5
06,04,1 06,04,2 06,04,3 06,05,2 06,06,2 T5
05,05,3 05,05,4 05,05,5 06,05,3 07,05,3 V5
05,04,4 06,04,4 06,05,4 V3
04,04,4 04,05,3 04,05,4 04,06,4 T4
02,06,2 03,05,1 03,05,2 03,06,2 03,06,3 S25
03,04,3 03,05,3 04,04,3 05,03,3 05,04,3 Z5
02,04,0 02,04,2 02,05,0 02,05,1 02,05,2 U5
05,03,2 05,04,1 05,04,2 06,03,2 06,03,3 V25
04,02,0 04,02,1 05,02,1 05,02,2 06,02,2 W5
04,02,2 04,03,1 04,03,2 04,03,3 04,04,2 X5
04,03,0 05,03,0 05,03,1 06,03,1 S4
04,05,1 05,04,0 05,05,0 05,05,1 06,04,0 V15
03,02,0 03,03,0 03,04,0 03,05,0 04,04,0 Y5
02,04,1 03,03,1 03,04,1 03,04,2 04,04,1 T15

                I3  I3  I3
                J15 J15 J15                                     J15 N15 N15
        F5  A5  A5  N5  J15 I5  I4                              A5  N15 O4                                      N25 N15 O4
        F5  F5  F5  N5  P5  I5  I4                          A5  A5  S15 O4  L15                                 N25 N15 O4                                      N25 N25 Q5
B4  B4  M   F5  N5  N5  P5  I5  I4  L15 J45         L5  L5  L5  L5  S15 P5  L15 L15 L15                 S25 S25 L5  S15 T5  P4  P4                          S25 N25 Q5  Q5  P4                                  T4  Q5  Q5
A4  B4  U5  Y5  N5  V15 P5  I5  I4  J25 J45         B4  U5  S25 V15 V15 P5  J25 J25 J25                 U5  S25 S15 S15 T5  P4  T25                         Z5  T4  V5  V5  V5                                  T4  V5  V3                                          V5
A4  A4  U5  Y5  Y5  V15 V15 I5  L25 J45 J45         A4  T15 T15 T15 V25 T5  T25 J25 J45                 U5  T15 X5  V25 T5  T25 T25                         Z5  Z5  Z5  T5  T25                                 T4  V3  V3
        D   Y5  S4  S4  L25 L25 L25                         T15 X5  S4  S4  L25                                 X5  V25 V25                                     X5  Z5  V25
        D   Y5  W5  L4  L35 L35 L35                             W5  W5  L35                                     X5  W5  W5
                L45 L4  L35                                     L45 L45 L45
                L45 L4  L4

User-requested solution limit reached.
10 solutions, 30,270 searches, duration 0:00:33.697091
