solving Polycubes12345OverlappingBlocks2:

solution 1 (3,590 searches):
0,0,0 0,0,1 0,0,2 0,0,3 0,0,4 I5
1,0,0 1,0,1 1,0,2 1,0,3 I4
1,1,0 1,1,1 2,0,0 2,1,0 A4
0,1,0 0,1,1 0,2,0 1,2,0 1,2,1 A5
0,2,1 0,2,2 1,1,2 1,2,2 B4
0,1,2 0,1,3 D
2,0,1 2,0,2 2,1,2 2,1,3 2,2,2 F5
2,0,3 2,0,4 2,0,5 I3
2,1,1 2,2,1 2,3,0 2,3,1 3,2,1 J25
2,2,0 3,2,0 3,3,0 3,4,0 3,4,1 J15
0,0,5 0,1,4 0,1,5 1,1,4 2,1,4 J45
1,0,4 1,0,5 1,1,5 1,2,5 2,2,5 L15
2,1,5 M
0,2,4 0,2,5 1,2,4 2,2,4 L4
0,2,3 1,1,3 1,2,3 2,2,3 T4
4,3,1 4,4,0 4,4,1 4,4,2 4,5,1 X5
4,3,0 5,3,0 5,3,1 5,3,2 5,4,1 L25
3,4,2 3,5,0 3,5,1 3,5,2 4,5,2 L35
4,5,0 5,4,0 5,5,0 5,5,1 5,6,1 N25
3,3,1 3,3,2 3,3,3 3,4,3 3,4,4 N5
2,3,2 2,3,3 2,3,4 2,3,5 3,3,5 L5
3,2,2 3,2,3 3,2,4 3,2,5 3,3,4 Y5
4,3,2 4,3,3 4,3,4 5,3,4 5,4,4 L45
5,3,3 5,4,2 5,4,3 5,5,2 6,5,2 N15
4,3,5 4,4,5 5,3,5 5,4,5 O4
3,4,5 3,5,4 3,5,5 4,5,5 P4
3,5,3 4,4,3 4,4,4 4,5,3 4,5,4 Q5
5,6,0 6,6,0 6,7,0 7,6,0 7,7,0 P5
6,5,0 6,5,1 6,6,1 7,6,1 7,7,1 S15
8,6,0 8,6,1 8,7,1 8,7,2 S4
8,7,0 8,8,0 8,8,1 V3
6,8,0 7,8,0 7,8,1 7,8,2 8,8,2 Z5
6,8,1 6,8,2 6,8,3 7,8,3 8,8,3 V5
5,6,2 6,6,2 6,7,1 6,7,2 6,7,3 T25
6,6,3 7,6,2 7,6,3 7,7,2 8,6,2 S25
5,5,3 5,5,5 5,6,3 5,6,4 5,6,5 U5
5,5,4 6,5,3 6,5,4 6,5,5 6,6,4 T15
6,6,5 7,6,4 7,6,5 8,6,3 8,6,4 W5
6,7,5 7,7,5 8,6,5 8,7,5 8,8,5 T5
6,7,4 6,8,4 6,8,5 7,7,3 7,7,4 V15
7,8,4 7,8,5 8,7,3 8,7,4 8,8,4 V25

                        Z5  Z5  V3                              V5  Z5  V3                              V5  Z5  Z5                              V5  V5  V5                              V15 V25 V25                             V15 V25 T5
                        P5  P5  V3                              T25 S15 S4                              T25 S25 S4                              T25 V15 V25                             V15 V15 V25                             T5  T5  T5
                    P5  P5  P5  S4                          N25 S15 S15 S4                          T25 T25 S25 S25                         U5  S25 S25 W5                          U5  T15 W5  W5                          U5  W5  W5  T5
            L35 N25 N25 S15                         L35 X5  N25 S15                         L35 L35 N15 N15                         Q5  Q5  U5  T15                         P4  Q5  T15 T15                         P4  P4  U5  T15
            J15 X5  N25                             J15 X5  L25                             L35 X5  N15                             N5  Q5  N15                             N5  Q5  L45                             P4  O4  O4
        J25 J15 L25 L25                         J25 N5  X5  L25                         L5  N5  L45 L25                         L5  N5  L45 N15                         L5  Y5  L45 L45                         L5  L5  O4  O4
A5  A5  J15 J15                         B4  A5  J25 J25                         B4  B4  F5  Y5                          T4  T4  T4  Y5                          L4  L4  L4  Y5                          L4  L15 L15 Y5
A5  A4  A4                              A5  A4  J25                             D   B4  F5                              D   T4  F5                              J45 J45 J45                             J45 L15 M
I5  I4  A4                              I5  I4  F5                              I5  I4  F5                              I5  I4  I3                              I5  L15 I3                              J45 L15 I3

solution 2 (3,616 searches):
0,0,0 0,0,1 0,0,2 0,0,3 0,0,4 I5
1,0,0 1,0,1 1,0,2 1,0,3 I4
1,1,0 1,1,1 2,0,0 2,1,0 A4
0,1,0 0,1,1 0,2,0 1,2,0 1,2,1 A5
0,2,1 0,2,2 1,1,2 1,2,2 B4
0,1,2 0,1,3 D
2,0,1 2,0,2 2,1,2 2,1,3 2,2,2 F5
2,0,3 2,0,4 2,0,5 I3
2,1,1 2,2,1 2,3,0 2,3,1 3,2,1 J25
2,2,0 3,2,0 3,3,0 3,4,0 3,4,1 J15
0,0,5 0,1,4 0,1,5 1,1,4 2,1,4 J45
1,0,4 1,0,5 1,1,5 1,2,5 2,2,5 L15
2,1,5 M
0,2,4 0,2,5 1,2,4 2,2,4 L4
0,2,3 1,1,3 1,2,3 2,2,3 T4
4,3,1 4,4,0 4,4,1 4,4,2 4,5,1 X5
4,3,0 5,3,0 5,3,1 5,3,2 5,4,1 L25
3,4,2 3,5,0 3,5,1 3,5,2 4,5,2 L35
4,5,0 5,4,0 5,5,0 5,5,1 5,6,1 N25
3,3,1 3,3,2 3,3,3 3,4,3 3,4,4 N5
2,3,2 2,3,3 2,3,4 2,3,5 3,3,5 L5
3,2,2 3,2,3 3,2,4 3,2,5 3,3,4 Y5
4,3,2 4,3,3 4,3,4 5,3,4 5,4,4 L45
5,3,3 5,4,2 5,4,3 5,5,2 6,5,2 N15
4,3,5 4,4,5 5,3,5 5,4,5 O4
3,4,5 3,5,4 3,5,5 4,5,5 P4
3,5,3 4,4,3 4,4,4 4,5,3 4,5,4 Q5
5,6,0 6,6,0 6,7,0 7,6,0 7,7,0 P5
6,5,0 6,5,1 6,6,1 7,6,1 7,7,1 S15
8,6,0 8,6,1 8,7,1 8,7,2 S4
8,7,0 8,8,0 8,8,1 V3
6,8,0 7,8,0 7,8,1 7,8,2 8,8,2 Z5
6,8,1 6,8,2 6,8,3 7,8,3 8,8,3 V5
5,6,2 6,6,2 6,7,1 6,7,2 6,7,3 T25
6,6,3 7,6,2 7,6,3 7,7,2 8,6,2 S25
5,5,3 5,5,5 6,5,3 6,5,4 6,5,5 U5
5,5,4 5,6,3 5,6,4 5,6,5 6,6,4 T15
6,6,5 7,6,4 7,6,5 8,6,3 8,6,4 W5
6,7,5 7,7,5 8,6,5 8,7,5 8,8,5 T5
6,7,4 6,8,4 6,8,5 7,7,3 7,7,4 V15
7,8,4 7,8,5 8,7,3 8,7,4 8,8,4 V25

                        Z5  Z5  V3                              V5  Z5  V3                              V5  Z5  Z5                              V5  V5  V5                              V15 V25 V25                             V15 V25 T5
                        P5  P5  V3                              T25 S15 S4                              T25 S25 S4                              T25 V15 V25                             V15 V15 V25                             T5  T5  T5
                    P5  P5  P5  S4                          N25 S15 S15 S4                          T25 T25 S25 S25                         T15 S25 S25 W5                          T15 T15 W5  W5                          T15 W5  W5  T5
            L35 N25 N25 S15                         L35 X5  N25 S15                         L35 L35 N15 N15                         Q5  Q5  U5  U5                          P4  Q5  T15 U5                          P4  P4  U5  U5
            J15 X5  N25                             J15 X5  L25                             L35 X5  N15                             N5  Q5  N15                             N5  Q5  L45                             P4  O4  O4
        J25 J15 L25 L25                         J25 N5  X5  L25                         L5  N5  L45 L25                         L5  N5  L45 N15                         L5  Y5  L45 L45                         L5  L5  O4  O4
A5  A5  J15 J15                         B4  A5  J25 J25                         B4  B4  F5  Y5                          T4  T4  T4  Y5                          L4  L4  L4  Y5                          L4  L15 L15 Y5
A5  A4  A4                              A5  A4  J25                             D   B4  F5                              D   T4  F5                              J45 J45 J45                             J45 L15 M
I5  I4  A4                              I5  I4  F5                              I5  I4  F5                              I5  I4  I3                              I5  L15 I3                              J45 L15 I3

solution 3 (19,001 searches):
0,0,0 0,0,1 0,0,2 0,0,3 0,0,4 I5
1,0,0 1,0,1 1,0,2 1,0,3 I4
1,1,0 1,1,1 2,0,0 2,1,0 A4
0,1,0 0,1,1 0,2,0 1,2,0 1,2,1 A5
0,2,1 0,2,2 1,1,2 1,2,2 B4
0,1,2 0,1,3 D
2,0,1 2,0,2 2,1,2 2,1,3 2,2,2 F5
2,0,3 2,0,4 2,0,5 I3
2,1,1 2,2,1 2,3,0 2,3,1 3,2,1 J25
2,2,0 3,2,0 3,3,0 3,4,0 3,4,1 J15
0,0,5 0,1,4 0,1,5 1,1,4 2,1,4 J45
1,0,4 1,0,5 1,1,5 1,2,5 2,2,5 L15
2,1,5 M
0,2,4 0,2,5 1,2,4 2,2,4 L4
0,2,3 1,1,3 1,2,3 2,2,3 T4
4,3,1 4,4,0 4,4,1 4,4,2 4,5,1 X5
4,3,0 5,3,0 5,3,1 5,3,2 5,4,1 L25
3,4,2 3,5,0 3,5,1 3,5,2 4,5,2 L35
4,5,0 5,4,0 5,5,0 5,5,1 5,6,1 N25
3,3,1 3,3,2 3,3,3 3,4,3 3,4,4 N5
2,3,2 2,3,3 2,3,4 2,3,5 3,3,5 L5
3,2,2 3,2,3 3,2,4 3,2,5 3,3,4 Y5
4,3,2 4,3,3 4,3,4 5,3,4 5,4,4 L45
5,3,3 5,4,2 5,4,3 5,5,2 6,5,2 N15
4,3,5 4,4,5 5,3,5 5,4,5 O4
3,4,5 3,5,4 3,5,5 4,5,5 P4
3,5,3 4,4,3 4,4,4 4,5,3 4,5,4 Q5
5,6,0 6,6,0 6,7,0 7,6,0 7,7,0 P5
6,5,0 6,5,1 6,6,1 7,6,1 7,7,1 S15
8,6,0 8,6,1 8,7,1 8,7,2 S4
7,8,0 8,7,0 8,8,0 V3
6,8,0 6,8,1 6,8,2 7,8,1 8,8,1 T5
5,6,2 5,6,3 6,6,2 6,7,1 6,7,2 V15
5,5,3 5,5,4 5,5,5 5,6,4 6,5,4 T15
5,6,5 6,5,5 6,6,4 6,6,5 6,7,4 S25
6,5,3 6,6,3 6,7,3 7,6,2 7,6,3 T25
7,7,2 7,7,3 7,7,4 7,8,2 7,8,4 U5
6,7,5 7,6,4 7,6,5 7,7,5 8,6,4 V25
6,8,3 6,8,4 7,8,3 8,8,2 8,8,3 Z5
6,8,5 7,8,5 8,6,5 8,7,5 8,8,5 V5
8,6,2 8,6,3 8,7,3 8,7,4 8,8,4 W5

                        T5  V3  V3                              T5  T5  T5                              T5  U5  Z5                              Z5  Z5  Z5                              Z5  U5  W5                              V5  V5  V5
                        P5  P5  V3                              V15 S15 S4                              V15 U5  S4                              T25 U5  W5                              S25 U5  W5                              V25 V25 V5
                    P5  P5  P5  S4                          N25 S15 S15 S4                          V15 V15 T25 W5                          V15 T25 T25 W5                          T15 S25 V25 V25                         S25 S25 V25 V5
            L35 N25 N25 S15                         L35 X5  N25 S15                         L35 L35 N15 N15                         Q5  Q5  T15 T25                         P4  Q5  T15 T15                         P4  P4  T15 S25
            J15 X5  N25                             J15 X5  L25                             L35 X5  N15                             N5  Q5  N15                             N5  Q5  L45                             P4  O4  O4
        J25 J15 L25 L25                         J25 N5  X5  L25                         L5  N5  L45 L25                         L5  N5  L45 N15                         L5  Y5  L45 L45                         L5  L5  O4  O4
A5  A5  J15 J15                         B4  A5  J25 J25                         B4  B4  F5  Y5                          T4  T4  T4  Y5                          L4  L4  L4  Y5                          L4  L15 L15 Y5
A5  A4  A4                              A5  A4  J25                             D   B4  F5                              D   T4  F5                              J45 J45 J45                             J45 L15 M
I5  I4  A4                              I5  I4  F5                              I5  I4  F5                              I5  I4  I3                              I5  L15 I3                              J45 L15 I3

solution 4 (22,047 searches):
0,0,0 0,0,1 0,0,2 0,0,3 0,0,4 I5
1,0,0 1,0,1 1,0,2 1,0,3 I4
1,1,0 1,1,1 2,0,0 2,1,0 A4
0,1,0 0,1,1 0,2,0 1,2,0 1,2,1 A5
0,2,1 0,2,2 1,1,2 1,2,2 B4
0,1,2 0,1,3 D
2,0,1 2,0,2 2,1,2 2,1,3 2,2,2 F5
2,0,3 2,0,4 2,0,5 I3
2,1,1 2,2,1 2,3,0 2,3,1 3,2,1 J25
2,2,0 3,2,0 3,3,0 3,4,0 3,4,1 J15
0,0,5 0,1,4 0,1,5 1,1,4 2,1,4 J45
1,0,4 1,0,5 1,1,5 1,2,5 2,2,5 L15
2,1,5 M
0,2,4 0,2,5 1,2,4 2,2,4 L4
0,2,3 1,1,3 1,2,3 2,2,3 T4
4,3,1 4,4,0 4,4,1 4,4,2 4,5,1 X5
4,3,0 5,3,0 5,3,1 5,3,2 5,4,1 L25
3,4,2 3,5,0 3,5,1 3,5,2 4,5,2 L35
4,5,0 5,4,0 5,5,0 5,5,1 5,6,1 N25
3,3,1 3,3,2 3,3,3 3,4,3 3,4,4 N5
2,3,2 2,3,3 2,3,4 2,3,5 3,3,5 L5
3,2,2 3,2,3 3,2,4 3,2,5 3,3,4 Y5
4,3,2 4,3,3 4,3,4 5,3,4 5,4,4 L45
5,3,3 5,4,2 5,4,3 5,5,2 6,5,2 N15
4,3,5 4,4,5 5,3,5 5,4,5 O4
3,4,5 3,5,4 3,5,5 4,5,5 P4
3,5,3 4,4,3 4,4,4 4,5,3 4,5,4 Q5
5,6,0 6,6,0 6,7,0 7,6,0 7,7,0 P5
6,5,0 6,5,1 6,6,1 7,6,1 7,7,1 S15
8,6,0 8,6,1 8,7,1 8,7,2 S4
7,8,0 8,7,0 8,8,0 V3
6,8,0 6,8,1 7,8,1 8,8,1 8,8,2 Z5
5,5,3 5,5,4 5,5,5 5,6,4 6,5,4 T15
5,6,5 6,5,5 6,6,4 6,6,5 6,7,4 S25
5,6,2 5,6,3 6,6,2 6,7,1 6,7,2 V15
6,5,3 6,6,3 6,7,3 7,6,2 7,6,3 T25
8,6,2 8,6,3 8,7,3 8,7,4 8,8,4 W5
6,7,5 7,6,4 7,6,5 7,7,5 8,6,4 V25
7,7,2 7,7,3 7,7,4 7,8,2 7,8,4 U5
6,8,2 6,8,3 6,8,4 7,8,3 8,8,3 T5
6,8,5 7,8,5 8,6,5 8,7,5 8,8,5 V5

                        Z5  V3  V3                              Z5  Z5  Z5                              T5  U5  Z5                              T5  T5  T5                              T5  U5  W5                              V5  V5  V5
                        P5  P5  V3                              V15 S15 S4                              V15 U5  S4                              T25 U5  W5                              S25 U5  W5                              V25 V25 V5
                    P5  P5  P5  S4                          N25 S15 S15 S4                          V15 V15 T25 W5                          V15 T25 T25 W5                          T15 S25 V25 V25                         S25 S25 V25 V5
            L35 N25 N25 S15                         L35 X5  N25 S15                         L35 L35 N15 N15                         Q5  Q5  T15 T25                         P4  Q5  T15 T15                         P4  P4  T15 S25
            J15 X5  N25                             J15 X5  L25                             L35 X5  N15                             N5  Q5  N15                             N5  Q5  L45                             P4  O4  O4
        J25 J15 L25 L25                         J25 N5  X5  L25                         L5  N5  L45 L25                         L5  N5  L45 N15                         L5  Y5  L45 L45                         L5  L5  O4  O4
A5  A5  J15 J15                         B4  A5  J25 J25                         B4  B4  F5  Y5                          T4  T4  T4  Y5                          L4  L4  L4  Y5                          L4  L15 L15 Y5
A5  A4  A4                              A5  A4  J25                             D   B4  F5                              D   T4  F5                              J45 J45 J45                             J45 L15 M
I5  I4  A4                              I5  I4  F5                              I5  I4  F5                              I5  I4  I3                              I5  L15 I3                              J45 L15 I3

solution 5 (25,220 searches):
0,0,0 0,0,1 0,0,2 0,0,3 0,0,4 I5
1,0,0 1,0,1 1,0,2 1,0,3 I4
1,1,0 1,1,1 2,0,0 2,1,0 A4
0,1,0 0,1,1 0,2,0 1,2,0 1,2,1 A5
0,2,1 0,2,2 1,1,2 1,2,2 B4
0,1,2 0,1,3 D
2,0,1 2,0,2 2,1,2 2,1,3 2,2,2 F5
2,0,3 2,0,4 2,0,5 I3
2,1,1 2,2,1 2,3,0 2,3,1 3,2,1 J25
2,2,0 3,2,0 3,3,0 3,4,0 3,4,1 J15
0,0,5 0,1,4 0,1,5 1,1,4 2,1,4 J45
1,0,4 1,0,5 1,1,5 1,2,5 2,2,5 L15
2,1,5 M
0,2,4 0,2,5 1,2,4 2,2,4 L4
0,2,3 1,1,3 1,2,3 2,2,3 T4
4,3,1 4,4,0 4,4,1 4,4,2 4,5,1 X5
4,3,0 5,3,0 5,3,1 5,3,2 5,4,1 L25
3,4,2 3,5,0 3,5,1 3,5,2 4,5,2 L35
4,5,0 5,4,0 5,5,0 5,5,1 5,6,1 N25
3,3,1 3,3,2 3,3,3 3,4,3 3,4,4 N5
2,3,2 2,3,3 2,3,4 2,3,5 3,3,5 L5
3,2,2 3,2,3 3,2,4 3,2,5 3,3,4 Y5
4,3,2 4,3,3 4,3,4 5,3,4 5,4,4 L45
5,3,3 5,4,2 5,4,3 5,5,2 6,5,2 N15
4,3,5 4,4,5 5,3,5 5,4,5 O4
3,4,5 3,5,4 3,5,5 4,5,5 P4
3,5,3 4,4,3 4,4,4 4,5,3 4,5,4 Q5
5,6,0 6,6,0 6,7,0 7,6,0 7,7,0 P5
6,5,0 6,5,1 6,6,1 7,6,1 7,7,1 S15
8,6,0 8,6,1 8,7,1 8,7,2 S4
7,8,0 8,7,0 8,8,0 V3
6,8,0 6,8,1 7,8,1 8,8,1 8,8,2 Z5
5,5,3 5,5,5 5,6,3 5,6,4 5,6,5 U5
5,5,4 6,5,3 6,5,4 6,5,5 6,6,4 T15
5,6,2 6,6,2 6,6,3 7,6,3 7,6,4 W5
7,7,3 7,7,4 8,6,2 8,6,3 8,7,3 V25
7,7,5 7,8,5 8,6,4 8,7,4 8,7,5 V15
6,6,5 6,7,5 6,8,5 7,6,5 8,6,5 V5
6,8,4 7,8,4 8,8,3 8,8,4 8,8,5 T5
6,7,3 6,7,4 6,8,2 6,8,3 7,8,3 S25
6,7,1 6,7,2 7,6,2 7,7,2 7,8,2 T25

                        Z5  V3  V3                              Z5  Z5  Z5                              S25 T25 Z5                              S25 S25 T5                              T5  T5  T5                              V5  V15 T5
                        P5  P5  V3                              T25 S15 S4                              T25 T25 S4                              S25 V25 V25                             S25 V25 V15                             V5  V15 V15
                    P5  P5  P5  S4                          N25 S15 S15 S4                          W5  W5  T25 V25                         U5  W5  W5  V25                         U5  T15 W5  V15                         U5  V5  V5  V5
            L35 N25 N25 S15                         L35 X5  N25 S15                         L35 L35 N15 N15                         Q5  Q5  U5  T15                         P4  Q5  T15 T15                         P4  P4  U5  T15
            J15 X5  N25                             J15 X5  L25                             L35 X5  N15                             N5  Q5  N15                             N5  Q5  L45                             P4  O4  O4
        J25 J15 L25 L25                         J25 N5  X5  L25                         L5  N5  L45 L25                         L5  N5  L45 N15                         L5  Y5  L45 L45                         L5  L5  O4  O4
A5  A5  J15 J15                         B4  A5  J25 J25                         B4  B4  F5  Y5                          T4  T4  T4  Y5                          L4  L4  L4  Y5                          L4  L15 L15 Y5
A5  A4  A4                              A5  A4  J25                             D   B4  F5                              D   T4  F5                              J45 J45 J45                             J45 L15 M
I5  I4  A4                              I5  I4  F5                              I5  I4  F5                              I5  I4  I3                              I5  L15 I3                              J45 L15 I3

solution 6 (25,653 searches):
0,0,0 0,0,1 0,0,2 0,0,3 0,0,4 I5
1,0,0 1,0,1 1,0,2 1,0,3 I4
1,1,0 1,1,1 2,0,0 2,1,0 A4
0,1,0 0,1,1 0,2,0 1,2,0 1,2,1 A5
0,2,1 0,2,2 1,1,2 1,2,2 B4
0,1,2 0,1,3 D
2,0,1 2,0,2 2,1,2 2,1,3 2,2,2 F5
2,0,3 2,0,4 2,0,5 I3
2,1,1 2,2,1 2,3,0 2,3,1 3,2,1 J25
2,2,0 3,2,0 3,3,0 3,4,0 3,4,1 J15
0,0,5 0,1,4 0,1,5 1,1,4 2,1,4 J45
1,0,4 1,0,5 1,1,5 1,2,5 2,2,5 L15
2,1,5 M
0,2,4 0,2,5 1,2,4 2,2,4 L4
0,2,3 1,1,3 1,2,3 2,2,3 T4
4,3,1 4,4,0 4,4,1 4,4,2 4,5,1 X5
4,3,0 5,3,0 5,3,1 5,3,2 5,4,1 L25
3,4,2 3,5,0 3,5,1 3,5,2 4,5,2 L35
4,5,0 5,4,0 5,5,0 5,5,1 5,6,1 N25
3,3,1 3,3,2 3,3,3 3,4,3 3,4,4 N5
2,3,2 2,3,3 2,3,4 2,3,5 3,3,5 L5
3,2,2 3,2,3 3,2,4 3,2,5 3,3,4 Y5
4,3,2 4,3,3 4,3,4 5,3,4 5,4,4 L45
5,3,3 5,4,2 5,4,3 5,5,2 6,5,2 N15
4,3,5 4,4,5 5,3,5 5,4,5 O4
3,4,5 3,5,4 3,5,5 4,5,5 P4
3,5,3 4,4,3 4,4,4 4,5,3 4,5,4 Q5
5,6,0 6,6,0 6,7,0 7,6,0 7,7,0 P5
6,5,0 6,5,1 6,6,1 7,6,1 7,7,1 S15
8,6,0 8,6,1 8,7,1 8,7,2 S4
7,8,0 8,7,0 8,8,0 V3
6,8,0 6,8,1 7,8,1 8,8,1 8,8,2 Z5
5,5,3 5,5,5 5,6,3 5,6,4 5,6,5 U5
5,5,4 6,5,4 6,5,5 6,6,5 7,6,5 V15
5,6,2 6,5,3 6,6,2 6,6,3 7,6,2 T25
6,7,1 6,7,2 7,7,2 7,8,2 7,8,3 V25
6,6,4 6,7,4 6,8,2 6,8,3 6,8,4 V5
6,8,5 7,8,4 7,8,5 8,8,3 8,8,4 W5
6,7,5 7,7,5 8,6,5 8,7,5 8,8,5 T5
6,7,3 7,6,4 7,7,3 7,7,4 8,7,4 S25
7,6,3 8,6,2 8,6,3 8,6,4 8,7,3 T15

                        Z5  V3  V3                              Z5  Z5  Z5                              V5  V25 Z5                              V5  V25 W5                              V5  W5  W5                              W5  W5  T5
                        P5  P5  V3                              V25 S15 S4                              V25 V25 S4                              S25 S25 T15                             V5  S25 S25                             T5  T5  T5
                    P5  P5  P5  S4                          N25 S15 S15 S4                          T25 T25 T25 T15                         U5  T25 T15 T15                         U5  V5  S25 T15                         U5  V15 V15 T5
            L35 N25 N25 S15                         L35 X5  N25 S15                         L35 L35 N15 N15                         Q5  Q5  U5  T25                         P4  Q5  V15 V15                         P4  P4  U5  V15
            J15 X5  N25                             J15 X5  L25                             L35 X5  N15                             N5  Q5  N15                             N5  Q5  L45                             P4  O4  O4
        J25 J15 L25 L25                         J25 N5  X5  L25                         L5  N5  L45 L25                         L5  N5  L45 N15                         L5  Y5  L45 L45                         L5  L5  O4  O4
A5  A5  J15 J15                         B4  A5  J25 J25                         B4  B4  F5  Y5                          T4  T4  T4  Y5                          L4  L4  L4  Y5                          L4  L15 L15 Y5
A5  A4  A4                              A5  A4  J25                             D   B4  F5                              D   T4  F5                              J45 J45 J45                             J45 L15 M
I5  I4  A4                              I5  I4  F5                              I5  I4  F5                              I5  I4  I3                              I5  L15 I3                              J45 L15 I3

solution 7 (25,696 searches):
0,0,0 0,0,1 0,0,2 0,0,3 0,0,4 I5
1,0,0 1,0,1 1,0,2 1,0,3 I4
1,1,0 1,1,1 2,0,0 2,1,0 A4
0,1,0 0,1,1 0,2,0 1,2,0 1,2,1 A5
0,2,1 0,2,2 1,1,2 1,2,2 B4
0,1,2 0,1,3 D
2,0,1 2,0,2 2,1,2 2,1,3 2,2,2 F5
2,0,3 2,0,4 2,0,5 I3
2,1,1 2,2,1 2,3,0 2,3,1 3,2,1 J25
2,2,0 3,2,0 3,3,0 3,4,0 3,4,1 J15
0,0,5 0,1,4 0,1,5 1,1,4 2,1,4 J45
1,0,4 1,0,5 1,1,5 1,2,5 2,2,5 L15
2,1,5 M
0,2,4 0,2,5 1,2,4 2,2,4 L4
0,2,3 1,1,3 1,2,3 2,2,3 T4
4,3,1 4,4,0 4,4,1 4,4,2 4,5,1 X5
4,3,0 5,3,0 5,3,1 5,3,2 5,4,1 L25
3,4,2 3,5,0 3,5,1 3,5,2 4,5,2 L35
4,5,0 5,4,0 5,5,0 5,5,1 5,6,1 N25
3,3,1 3,3,2 3,3,3 3,4,3 3,4,4 N5
2,3,2 2,3,3 2,3,4 2,3,5 3,3,5 L5
3,2,2 3,2,3 3,2,4 3,2,5 3,3,4 Y5
4,3,2 4,3,3 4,3,4 5,3,4 5,4,4 L45
5,3,3 5,4,2 5,4,3 5,5,2 6,5,2 N15
4,3,5 4,4,5 5,3,5 5,4,5 O4
3,4,5 3,5,4 3,5,5 4,5,5 P4
3,5,3 4,4,3 4,4,4 4,5,3 4,5,4 Q5
5,6,0 6,6,0 6,7,0 7,6,0 7,7,0 P5
6,5,0 6,5,1 6,6,1 7,6,1 7,7,1 S15
8,6,0 8,6,1 8,7,1 8,7,2 S4
7,8,0 8,7,0 8,8,0 V3
6,8,0 6,8,1 7,8,1 8,8,1 8,8,2 Z5
5,5,3 5,5,5 5,6,3 5,6,4 5,6,5 U5
5,5,4 6,5,4 6,5,5 6,6,5 7,6,5 V15
5,6,2 6,6,2 7,6,2 7,6,3 7,6,4 V5
6,5,3 6,6,3 6,6,4 6,7,4 6,7,5 W5
8,6,2 8,6,3 8,6,4 8,7,3 8,8,3 T5
6,7,1 6,7,2 6,7,3 6,8,2 7,8,2 T25
6,8,3 6,8,4 7,7,2 7,7,3 7,8,3 V25
6,8,5 7,7,5 7,8,4 7,8,5 8,8,5 T15
7,7,4 8,6,5 8,7,4 8,7,5 8,8,4 S25

                        Z5  V3  V3                              Z5  Z5  Z5                              T25 T25 Z5                              V25 V25 T5                              V25 T15 S25                             T15 T15 T15
                        P5  P5  V3                              T25 S15 S4                              T25 V25 S4                              T25 V25 T5                              W5  S25 S25                             W5  T15 S25
                    P5  P5  P5  S4                          N25 S15 S15 S4                          V5  V5  V5  T5                          U5  W5  V5  T5                          U5  W5  V5  T5                          U5  V15 V15 S25
            L35 N25 N25 S15                         L35 X5  N25 S15                         L35 L35 N15 N15                         Q5  Q5  U5  W5                          P4  Q5  V15 V15                         P4  P4  U5  V15
            J15 X5  N25                             J15 X5  L25                             L35 X5  N15                             N5  Q5  N15                             N5  Q5  L45                             P4  O4  O4
        J25 J15 L25 L25                         J25 N5  X5  L25                         L5  N5  L45 L25                         L5  N5  L45 N15                         L5  Y5  L45 L45                         L5  L5  O4  O4
A5  A5  J15 J15                         B4  A5  J25 J25                         B4  B4  F5  Y5                          T4  T4  T4  Y5                          L4  L4  L4  Y5                          L4  L15 L15 Y5
A5  A4  A4                              A5  A4  J25                             D   B4  F5                              D   T4  F5                              J45 J45 J45                             J45 L15 M
I5  I4  A4                              I5  I4  F5                              I5  I4  F5                              I5  I4  I3                              I5  L15 I3                              J45 L15 I3

solution 8 (25,702 searches):
0,0,0 0,0,1 0,0,2 0,0,3 0,0,4 I5
1,0,0 1,0,1 1,0,2 1,0,3 I4
1,1,0 1,1,1 2,0,0 2,1,0 A4
0,1,0 0,1,1 0,2,0 1,2,0 1,2,1 A5
0,2,1 0,2,2 1,1,2 1,2,2 B4
0,1,2 0,1,3 D
2,0,1 2,0,2 2,1,2 2,1,3 2,2,2 F5
2,0,3 2,0,4 2,0,5 I3
2,1,1 2,2,1 2,3,0 2,3,1 3,2,1 J25
2,2,0 3,2,0 3,3,0 3,4,0 3,4,1 J15
0,0,5 0,1,4 0,1,5 1,1,4 2,1,4 J45
1,0,4 1,0,5 1,1,5 1,2,5 2,2,5 L15
2,1,5 M
0,2,4 0,2,5 1,2,4 2,2,4 L4
0,2,3 1,1,3 1,2,3 2,2,3 T4
4,3,1 4,4,0 4,4,1 4,4,2 4,5,1 X5
4,3,0 5,3,0 5,3,1 5,3,2 5,4,1 L25
3,4,2 3,5,0 3,5,1 3,5,2 4,5,2 L35
4,5,0 5,4,0 5,5,0 5,5,1 5,6,1 N25
3,3,1 3,3,2 3,3,3 3,4,3 3,4,4 N5
2,3,2 2,3,3 2,3,4 2,3,5 3,3,5 L5
3,2,2 3,2,3 3,2,4 3,2,5 3,3,4 Y5
4,3,2 4,3,3 4,3,4 5,3,4 5,4,4 L45
5,3,3 5,4,2 5,4,3 5,5,2 6,5,2 N15
4,3,5 4,4,5 5,3,5 5,4,5 O4
3,4,5 3,5,4 3,5,5 4,5,5 P4
3,5,3 4,4,3 4,4,4 4,5,3 4,5,4 Q5
5,6,0 6,6,0 6,7,0 7,6,0 7,7,0 P5
6,5,0 6,5,1 6,6,1 7,6,1 7,7,1 S15
8,6,0 8,6,1 8,7,1 8,7,2 S4
7,8,0 8,7,0 8,8,0 V3
6,8,0 6,8,1 7,8,1 8,8,1 8,8,2 Z5
5,5,3 5,5,5 5,6,3 5,6,4 5,6,5 U5
5,5,4 6,5,4 6,5,5 6,6,5 7,6,5 V15
5,6,2 6,6,2 7,6,2 7,6,3 7,6,4 V5
6,5,3 6,6,3 6,6,4 6,7,4 6,7,5 W5
8,6,2 8,6,3 8,6,4 8,7,3 8,8,3 T5
6,7,1 6,7,2 7,7,2 7,8,2 7,8,3 V25
6,7,3 6,8,2 6,8,3 6,8,4 7,7,3 T25
6,8,5 7,7,5 7,8,4 7,8,5 8,8,5 T15
7,7,4 8,6,5 8,7,4 8,7,5 8,8,4 S25

                        Z5  V3  V3                              Z5  Z5  Z5                              T25 V25 Z5                              T25 V25 T5                              T25 T15 S25                             T15 T15 T15
                        P5  P5  V3                              V25 S15 S4                              V25 V25 S4                              T25 T25 T5                              W5  S25 S25                             W5  T15 S25
                    P5  P5  P5  S4                          N25 S15 S15 S4                          V5  V5  V5  T5                          U5  W5  V5  T5                          U5  W5  V5  T5                          U5  V15 V15 S25
            L35 N25 N25 S15                         L35 X5  N25 S15                         L35 L35 N15 N15                         Q5  Q5  U5  W5                          P4  Q5  V15 V15                         P4  P4  U5  V15
            J15 X5  N25                             J15 X5  L25                             L35 X5  N15                             N5  Q5  N15                             N5  Q5  L45                             P4  O4  O4
        J25 J15 L25 L25                         J25 N5  X5  L25                         L5  N5  L45 L25                         L5  N5  L45 N15                         L5  Y5  L45 L45                         L5  L5  O4  O4
A5  A5  J15 J15                         B4  A5  J25 J25                         B4  B4  F5  Y5                          T4  T4  T4  Y5                          L4  L4  L4  Y5                          L4  L15 L15 Y5
A5  A4  A4                              A5  A4  J25                             D   B4  F5                              D   T4  F5                              J45 J45 J45                             J45 L15 M
I5  I4  A4                              I5  I4  F5                              I5  I4  F5                              I5  I4  I3                              I5  L15 I3                              J45 L15 I3

solution 9 (26,440 searches):
0,0,0 0,0,1 0,0,2 0,0,3 0,0,4 I5
1,0,0 1,0,1 1,0,2 1,0,3 I4
1,1,0 1,1,1 2,0,0 2,1,0 A4
0,1,0 0,1,1 0,2,0 1,2,0 1,2,1 A5
0,2,1 0,2,2 1,1,2 1,2,2 B4
0,1,2 0,1,3 D
2,0,1 2,0,2 2,1,2 2,1,3 2,2,2 F5
2,0,3 2,0,4 2,0,5 I3
2,1,1 2,2,1 2,3,0 2,3,1 3,2,1 J25
2,2,0 3,2,0 3,3,0 3,4,0 3,4,1 J15
0,0,5 0,1,4 0,1,5 1,1,4 2,1,4 J45
1,0,4 1,0,5 1,1,5 1,2,5 2,2,5 L15
2,1,5 M
0,2,4 0,2,5 1,2,4 2,2,4 L4
0,2,3 1,1,3 1,2,3 2,2,3 T4
4,3,1 4,4,0 4,4,1 4,4,2 4,5,1 X5
4,3,0 5,3,0 5,3,1 5,3,2 5,4,1 L25
3,4,2 3,5,0 3,5,1 3,5,2 4,5,2 L35
4,5,0 5,4,0 5,5,0 5,5,1 5,6,1 N25
3,3,1 3,3,2 3,3,3 3,4,3 3,4,4 N5
2,3,2 2,3,3 2,3,4 2,3,5 3,3,5 L5
3,2,2 3,2,3 3,2,4 3,2,5 3,3,4 Y5
4,3,2 4,3,3 4,3,4 5,3,4 5,4,4 L45
5,3,3 5,4,2 5,4,3 5,5,2 6,5,2 N15
4,3,5 4,4,5 5,3,5 5,4,5 O4
3,4,5 3,5,4 3,5,5 4,5,5 P4
3,5,3 4,4,3 4,4,4 4,5,3 4,5,4 Q5
5,6,0 6,6,0 6,7,0 7,6,0 7,7,0 P5
6,5,0 6,5,1 6,6,1 7,6,1 7,7,1 S15
8,6,0 8,6,1 8,7,1 8,7,2 S4
7,8,0 8,7,0 8,8,0 V3
6,8,0 6,8,1 7,8,1 8,8,1 8,8,2 Z5
5,5,3 5,5,5 6,5,3 6,5,4 6,5,5 U5
5,5,4 5,6,3 5,6,4 5,6,5 6,6,4 T15
5,6,2 6,6,2 6,6,3 7,6,3 7,6,4 W5
7,7,3 7,7,4 8,6,2 8,6,3 8,7,3 V25
7,7,5 7,8,5 8,6,4 8,7,4 8,7,5 V15
6,6,5 6,7,5 6,8,5 7,6,5 8,6,5 V5
6,8,4 7,8,4 8,8,3 8,8,4 8,8,5 T5
6,7,3 6,7,4 6,8,2 6,8,3 7,8,3 S25
6,7,1 6,7,2 7,6,2 7,7,2 7,8,2 T25

                        Z5  V3  V3                              Z5  Z5  Z5                              S25 T25 Z5                              S25 S25 T5                              T5  T5  T5                              V5  V15 T5
                        P5  P5  V3                              T25 S15 S4                              T25 T25 S4                              S25 V25 V25                             S25 V25 V15                             V5  V15 V15
                    P5  P5  P5  S4                          N25 S15 S15 S4                          W5  W5  T25 V25                         T15 W5  W5  V25                         T15 T15 W5  V15                         T15 V5  V5  V5
            L35 N25 N25 S15                         L35 X5  N25 S15                         L35 L35 N15 N15                         Q5  Q5  U5  U5                          P4  Q5  T15 U5                          P4  P4  U5  U5
            J15 X5  N25                             J15 X5  L25                             L35 X5  N15                             N5  Q5  N15                             N5  Q5  L45                             P4  O4  O4
        J25 J15 L25 L25                         J25 N5  X5  L25                         L5  N5  L45 L25                         L5  N5  L45 N15                         L5  Y5  L45 L45                         L5  L5  O4  O4
A5  A5  J15 J15                         B4  A5  J25 J25                         B4  B4  F5  Y5                          T4  T4  T4  Y5                          L4  L4  L4  Y5                          L4  L15 L15 Y5
A5  A4  A4                              A5  A4  J25                             D   B4  F5                              D   T4  F5                              J45 J45 J45                             J45 L15 M
I5  I4  A4                              I5  I4  F5                              I5  I4  F5                              I5  I4  I3                              I5  L15 I3                              J45 L15 I3

solution 10 (30,335 searches):
0,0,0 0,0,1 0,0,2 0,0,3 0,0,4 I5
1,0,0 1,0,1 1,0,2 1,0,3 I4
1,1,0 1,1,1 2,0,0 2,1,0 A4
0,1,0 0,1,1 0,2,0 1,2,0 1,2,1 A5
0,2,1 0,2,2 1,1,2 1,2,2 B4
0,1,2 0,1,3 D
2,0,1 2,0,2 2,1,2 2,1,3 2,2,2 F5
2,0,3 2,0,4 2,0,5 I3
2,1,1 2,2,1 2,3,0 2,3,1 3,2,1 J25
2,2,0 3,2,0 3,3,0 3,4,0 3,4,1 J15
0,0,5 0,1,4 0,1,5 1,1,4 2,1,4 J45
1,0,4 1,0,5 1,1,5 1,2,5 2,2,5 L15
2,1,5 M
0,2,4 0,2,5 1,2,4 2,2,4 L4
0,2,3 1,1,3 1,2,3 2,2,3 T4
4,3,1 4,4,0 4,4,1 4,4,2 4,5,1 X5
4,3,0 5,3,0 5,3,1 5,3,2 5,4,1 L25
3,4,2 3,5,0 3,5,1 3,5,2 4,5,2 L35
4,5,0 5,4,0 5,5,0 5,5,1 5,6,1 N25
3,3,1 3,3,2 3,3,3 3,4,3 3,4,4 N5
2,3,2 2,3,3 2,3,4 2,3,5 3,3,5 L5
3,2,2 3,2,3 3,2,4 3,2,5 3,3,4 Y5
4,3,2 4,3,3 4,3,4 5,3,4 5,4,4 L45
5,3,3 5,4,2 5,4,3 5,5,2 6,5,2 N15
4,3,5 4,4,5 5,3,5 5,4,5 O4
3,4,5 3,5,4 3,5,5 4,5,5 P4
3,5,3 4,4,3 4,4,4 4,5,3 4,5,4 Q5
5,6,0 6,6,0 6,7,0 7,6,0 7,7,0 P5
6,5,0 6,5,1 6,6,1 7,6,1 7,7,1 S15
8,6,0 8,7,0 8,7,1 8,8,1 S4
6,8,0 7,8,0 7,8,1 7,8,2 8,8,0 T5
6,7,1 6,7,3 6,8,1 6,8,2 6,8,3 U5
7,7,2 8,6,1 8,6,2 8,7,2 8,7,3 S25
6,8,4 7,8,3 7,8,4 8,8,2 8,8,3 W5
5,5,3 5,6,2 5,6,3 6,6,2 6,7,2 V15
6,6,3 7,6,2 7,6,3 7,7,3 8,6,3 T15
6,8,5 7,8,5 8,6,5 8,7,5 8,8,5 V5
6,6,4 6,7,4 7,7,4 8,7,4 8,8,4 Z5
6,7,5 7,6,4 7,6,5 7,7,5 8,6,4 V25
5,5,4 5,6,4 6,5,3 6,5,4 6,5,5 T25
5,5,5 5,6,5 6,6,5 V3

                        T5  T5  T5                              U5  T5  S4                              U5  T5  W5                              U5  W5  W5                              W5  W5  Z5                              V5  V5  V5
                        P5  P5  S4                              U5  S15 S4                              V15 S25 S25                             U5  T15 S25                             Z5  Z5  Z5                              V25 V25 V5
                    P5  P5  P5  S4                          N25 S15 S15 S25                         V15 V15 T15 S25                         V15 T15 T15 T15                         T25 Z5  V25 V25                         V3  V3  V25 V5
            L35 N25 N25 S15                         L35 X5  N25 S15                         L35 L35 N15 N15                         Q5  Q5  V15 T25                         P4  Q5  T25 T25                         P4  P4  V3  T25
            J15 X5  N25                             J15 X5  L25                             L35 X5  N15                             N5  Q5  N15                             N5  Q5  L45                             P4  O4  O4
        J25 J15 L25 L25                         J25 N5  X5  L25                         L5  N5  L45 L25                         L5  N5  L45 N15                         L5  Y5  L45 L45                         L5  L5  O4  O4
A5  A5  J15 J15                         B4  A5  J25 J25                         B4  B4  F5  Y5                          T4  T4  T4  Y5                          L4  L4  L4  Y5                          L4  L15 L15 Y5
A5  A4  A4                              A5  A4  J25                             D   B4  F5                              D   T4  F5                              J45 J45 J45                             J45 L15 M
I5  I4  A4                              I5  I4  F5                              I5  I4  F5                              I5  I4  I3                              I5  L15 I3                              J45 L15 I3

User-requested solution limit reached.
10 solutions, 30,335 searches, duration 0:00:23.841051
