solving Polysticks1234TruncatedDiamondLattice6x4:

solution 1 (16,597,485 searches):
2,1,0 3,0,1 3,1,0 3,1,1 X
3,0,0 4,0,0 4,0,1 5,0,1 F
5,0,0 5,1,0 6,0,1 6,1,0 H
7,1,1 I1
4,1,0 4,1,1 4,2,1 5,1,1 J
2,4,0 3,4,0 4,4,0 5,4,0 I
0,3,0 0,3,1 0,4,0 1,3,1 O
0,4,1 0,5,1 0,6,0 1,6,0 V
1,6,1 1,7,0 2,7,0 3,7,0 L
1,2,0 1,2,1 1,3,0 2,3,1 P
2,1,1 2,2,1 2,3,0 L3
2,2,0 3,2,0 3,2,1 3,3,1 T
3,3,0 4,3,0 4,3,1 5,2,1 R
4,2,0 5,2,0 I2
5,3,0 5,3,1 6,1,1 6,2,1 N
6,2,0 6,4,0 7,2,1 7,3,1 U
5,5,0 6,3,0 6,3,1 6,4,1 Z
3,6,0 4,5,0 4,5,1 5,4,1 W
4,6,0 4,6,1 5,5,1 Z3
3,5,0 4,4,1 V2
3,4,1 3,5,1 3,6,1 I3
1,4,0 1,4,1 2,4,1 U3
2,5,1 2,6,0 2,6,1 T3
0,5,0 1,5,0 1,5,1 2,5,0 Y

      -L-- -L-- -L--
     L    T    I    Z
     |    3    3    3
 -V-- -V-- -T3- -W-- -Z3-
V    Y    T    I    W    Z
|    |    3    3    |    3
 -Y-- -Y-- -Y-- -V2- -W-- -Z--
V    U    U    I    V    W    Z
|    3    3    3    2    |    |
 -O-- -U3- -I-- -I-- -I-- -I-- -U--
O    O    P    T    R    N    Z    U
|    |    |    |    |    |    |    |
 -O-- -P-- -L3- -R-- -R-- -N-- -Z--
     P    L    T    J    R    N    U
     |    3    |    |    |    |    |
      -P-- -T-- -T-- -I2- -I2- -U--
          L    X    J    J    N    I
          3    |    |    |    |    1
           -X-- -X-- -J-- -H-- -H--
               X    F    F    H
               |    |    |    |
                -F-- -F-- -H--

solution 2 (16,598,013 searches):
2,1,0 3,0,1 3,1,0 3,1,1 X
3,0,0 4,0,0 4,0,1 5,0,1 F
5,0,0 5,1,0 6,0,1 6,1,0 H
7,1,1 I1
4,1,0 4,1,1 4,2,1 5,1,1 J
2,4,0 3,4,0 4,4,0 5,4,0 I
0,3,0 0,3,1 0,4,0 1,3,1 O
0,4,1 0,5,1 0,6,0 1,6,0 V
1,6,1 1,7,0 2,7,0 3,7,0 L
1,2,0 1,2,1 1,3,0 2,3,1 P
2,1,1 2,2,1 2,3,0 3,3,1 N
2,2,0 3,2,0 I2
3,2,1 3,3,0 4,3,0 4,3,1 R
3,4,1 3,5,1 3,6,1 I3
5,5,0 6,3,0 6,3,1 6,4,1 Z
6,2,0 6,4,0 7,2,1 7,3,1 U
3,6,0 4,5,0 4,5,1 5,4,1 W
3,5,0 4,4,1 V2
4,6,0 4,6,1 5,5,1 Z3
2,5,1 2,6,0 2,6,1 T3
4,2,0 5,2,0 5,2,1 5,3,1 T
5,3,0 6,1,1 6,2,1 L3
0,5,0 1,5,0 1,5,1 2,5,0 Y
1,4,0 1,4,1 2,4,1 U3

      -L-- -L-- -L--
     L    T    I    Z
     |    3    3    3
 -V-- -V-- -T3- -W-- -Z3-
V    Y    T    I    W    Z
|    |    3    3    |    3
 -Y-- -Y-- -Y-- -V2- -W-- -Z--
V    U    U    I    V    W    Z
|    3    3    3    2    |    |
 -O-- -U3- -I-- -I-- -I-- -I-- -U--
O    O    P    N    R    T    Z    U
|    |    |    |    |    |    |    |
 -O-- -P-- -N-- -R-- -R-- -L3- -Z--
     P    N    R    J    T    L    U
     |    |    |    |    |    3    |
      -P-- -I2- -I2- -T-- -T-- -U--
          N    X    J    J    L    I
          |    |    |    |    3    1
           -X-- -X-- -J-- -H-- -H--
               X    F    F    H
               |    |    |    |
                -F-- -F-- -H--

solution 3 (17,185,723 searches):
2,1,0 3,0,1 3,1,0 3,1,1 X
3,0,0 4,0,0 4,0,1 5,0,1 F
5,0,0 5,1,0 6,0,1 6,1,0 H
7,1,1 I1
4,1,0 4,1,1 4,2,1 5,1,1 J
2,4,0 3,4,0 4,4,0 5,4,0 I
1,4,0 1,4,1 1,5,0 2,4,1 O
2,1,1 2,2,1 2,3,1 I3
0,3,0 1,2,0 1,2,1 Z3
0,3,1 0,4,0 1,3,0 1,3,1 P
2,2,0 3,2,0 I2
0,4,1 0,5,1 0,6,0 1,6,1 N
0,5,0 1,5,1 1,6,0 2,6,1 W
1,7,0 2,7,0 3,7,0 4,6,1 L
3,6,0 4,6,0 5,4,1 5,5,1 V
5,5,0 6,3,0 6,3,1 6,4,1 Z
6,2,0 6,4,0 7,2,1 7,3,1 U
5,3,0 6,1,1 6,2,1 L3
4,2,0 5,2,0 5,2,1 5,3,1 T
2,5,0 2,5,1 2,6,0 U3
3,4,1 3,5,0 3,5,1 3,6,1 Y
3,2,1 3,3,0 4,3,0 4,3,1 R
4,4,1 4,5,0 4,5,1 T3
2,3,0 3,3,1 V2

      -L-- -L-- -L--
     N    W    Y    L
     |    |    |    |
 -N-- -W-- -U3- -V-- -V--
N    W    U    Y    T    V
|    |    3    |    3    |
 -W-- -O-- -U3- -Y-- -T3- -Z--
N    O    O    Y    T    V    Z
|    |    |    |    3    |    |
 -P-- -O-- -I-- -I-- -I-- -I-- -U--
P    P    I    V    R    T    Z    U
|    |    3    2    |    |    |    |
 -Z3- -P-- -V2- -R-- -R-- -L3- -Z--
     Z    I    R    J    T    L    U
     3    3    |    |    |    3    |
      -Z3- -I2- -I2- -T-- -T-- -U--
          I    X    J    J    L    I
          3    |    |    |    3    1
           -X-- -X-- -J-- -H-- -H--
               X    F    F    H
               |    |    |    |
                -F-- -F-- -H--

