solving SolidPentominoes6x6x6Crystal1:

solution 1:
1,0,0 2,0,0 3,0,0 4,0,0 5,0,0 I
0,0,4 0,0,5 0,1,2 0,1,3 0,1,4 N
0,3,0 0,4,0 0,5,0 1,3,0 1,4,0 P
0,0,3 1,0,2 1,0,3 1,0,4 2,0,3 X
1,2,2 2,0,2 2,1,2 2,2,2 3,0,2 Z
0,1,1 1,1,1 1,1,2 1,1,3 1,1,4 L
0,0,0 0,0,1 0,0,2 0,1,0 0,2,0 V
0,2,2 0,2,3 0,3,1 0,3,2 0,4,1 W
0,2,1 1,2,1 1,3,1 1,4,1 2,2,1 T
1,0,1 2,0,1 3,0,1 3,1,1 4,0,1 Y
2,1,0 2,1,1 3,1,0 4,1,0 4,1,1 U
1,1,0 1,2,0 2,2,0 2,3,0 3,2,0 F

P
P P             W T
P P F           W T             W
V F F F         T T T           W Z Z           W
V F U U U       L L U Y U       N L Z           N L             N L
V I I I I I     V Y Y Y Y       V X Z Z         X X X           N X             N

solution 2:
1,0,0 2,0,0 3,0,0 4,0,0 5,0,0 I
0,0,4 0,0,5 0,1,3 0,1,4 0,2,3 W
0,3,0 0,4,0 0,5,0 1,3,0 1,4,0 P
2,1,0 2,1,1 3,1,0 4,1,0 4,1,1 U
1,0,1 2,0,1 3,0,1 3,1,1 4,0,1 Y
1,1,0 1,2,0 2,2,0 2,3,0 3,2,0 F
0,0,3 1,0,2 1,0,3 1,0,4 2,0,3 X
1,2,2 2,0,2 2,1,2 2,2,2 3,0,2 Z
0,1,1 1,1,1 1,1,2 1,1,3 1,1,4 L
0,2,1 1,2,1 1,3,1 1,4,1 2,2,1 T
0,1,2 0,2,2 0,3,1 0,3,2 0,4,1 N
0,0,0 0,0,1 0,0,2 0,1,0 0,2,0 V

P
P P             N T
P P F           N T             N
V F F F         T T T           N Z Z           W
V F U U U       L L U Y U       N L Z           W L             W L
V I I I I I     V Y Y Y Y       V X Z Z         X X X           W X             W

2 solutions, 44050 searches, duration 0:00:34.650000
