solving SolidPentominoesCrossBlock3:

solution 1 (2,187 searches):
1,0,0 2,0,0 2,1,0 2,2,0 3,1,0 F
1,0,1 2,0,1 3,0,0 3,0,1 4,0,1 Y
0,4,1 1,3,1 1,4,1 1,5,1 2,4,1 X
0,2,1 0,3,1 1,1,1 1,2,1 2,1,1 W
0,1,0 0,1,1 0,2,0 0,3,0 0,4,0 L
1,1,0 1,2,0 1,3,0 1,4,0 1,5,0 I
3,1,1 4,1,1 4,2,1 4,3,1 5,1,1 T
4,0,0 4,1,0 5,1,0 5,2,0 5,3,0 N
3,4,1 4,4,1 5,2,1 5,3,1 5,4,1 V
3,2,0 4,2,0 4,3,0 4,4,0 5,4,0 Z
2,5,0 2,5,1 3,5,1 4,5,0 4,5,1 U
2,3,0 2,4,0 3,3,0 3,4,0 3,5,0 P

  I U P U         X U U U
L I P P Z Z     X X X V V V
L I P P Z N     W X     T V
L I F Z Z N     W W     T V
L I F F N N     L W W T T T
  F F Y N         Y Y Y Y

solution 2 (2,200 searches):
1,0,0 2,0,0 2,1,0 2,2,0 3,1,0 F
1,0,1 2,0,1 3,0,0 3,0,1 4,0,1 Y
0,4,1 1,3,1 1,4,1 1,5,1 2,4,1 X
0,2,1 0,3,1 1,1,1 1,2,1 2,1,1 W
0,1,0 0,1,1 0,2,0 0,3,0 0,4,0 L
1,1,0 1,2,0 1,3,0 1,4,0 1,5,0 I
3,1,1 4,1,1 5,1,1 5,2,1 5,3,1 V
4,0,0 4,1,0 5,1,0 5,2,0 5,3,0 N
2,5,0 2,5,1 3,5,1 4,5,0 4,5,1 U
3,2,0 4,2,0 4,3,0 4,4,0 5,4,0 Z
2,3,0 2,4,0 3,3,0 3,4,0 3,5,0 P
3,4,1 4,2,1 4,3,1 4,4,1 5,4,1 T

  I U P U         X U U U
L I P P Z Z     X X X T T T
L I P P Z N     W X     T V
L I F Z Z N     W W     T V
L I F F N N     L W W V V V
  F F Y N         Y Y Y Y

solution 3 (2,761 searches):
2,0,0 3,0,0 3,1,0 3,2,0 4,1,0 F
1,0,1 2,0,1 3,0,1 4,0,0 4,0,1 L
0,1,0 1,0,0 1,1,0 1,2,0 2,1,0 X
0,1,1 1,1,1 2,1,1 3,1,1 4,1,1 I
0,2,0 0,2,1 0,3,1 0,4,0 0,4,1 U
1,2,1 1,3,1 1,4,1 1,5,1 2,4,1 Y
0,3,0 1,3,0 1,4,0 1,5,0 2,5,0 Z
2,2,0 2,3,0 2,4,0 3,4,0 4,4,0 V
2,5,1 3,5,0 3,5,1 4,5,0 4,5,1 P
3,3,0 4,2,0 4,3,0 5,1,0 5,2,0 W
3,4,1 4,2,1 4,3,1 4,4,1 5,4,1 T
5,1,1 5,2,1 5,3,0 5,3,1 5,4,0 N

  Z Z P P         Y P P P
U Z V V V N     U Y Y T T T
Z Z V W W N     U Y     T N
U X V F W W     U Y     T N
X X X F F W     I I I I I N
  X F F L         L L L L

solution 4 (3,947 searches):
3,0,0 4,0,0 4,1,0 4,2,0 5,1,0 F
1,1,0 2,0,0 2,1,0 2,2,0 3,1,0 X
1,0,0 1,0,1 2,0,1 3,0,1 4,0,1 L
1,1,1 2,1,1 3,1,1 4,1,1 5,1,1 I
5,2,0 5,2,1 5,3,1 5,4,0 5,4,1 U
3,4,1 4,2,1 4,3,1 4,4,1 4,5,1 Y
0,1,1 0,2,1 0,3,0 0,3,1 0,4,0 N
0,1,0 0,2,0 1,2,0 1,3,0 2,3,0 W
0,4,1 1,2,1 1,3,1 1,4,1 2,4,1 T
1,4,0 2,4,0 3,2,0 3,3,0 3,4,0 V
3,5,0 4,3,0 4,4,0 4,5,0 5,3,0 Z
1,5,0 1,5,1 2,5,0 2,5,1 3,5,1 P

  P P Z Z         P P P Y
N V V V Z U     T T T Y Y U
N W W V Z Z     N T     Y U
W W X V F U     N T     Y U
W X X X F F     N I I I I I
  L X F F         L L L L

solution 5 (5,678 searches):
3,0,0 4,0,0 4,1,0 4,2,0 5,1,0 F
1,4,0 2,3,0 2,4,0 2,5,0 3,4,0 X
1,5,0 1,5,1 2,5,1 3,5,1 4,5,1 L
3,5,0 4,3,0 4,4,0 4,5,0 5,3,0 Z
5,2,0 5,2,1 5,3,1 5,4,0 5,4,1 U
0,4,1 1,4,1 2,4,1 3,4,1 4,4,1 I
3,1,1 4,1,1 4,2,1 4,3,1 5,1,1 T
1,0,0 2,0,0 2,0,1 3,0,1 4,0,1 N
1,1,0 2,1,0 3,1,0 3,2,0 3,3,0 V
0,3,0 0,4,0 1,2,0 1,3,0 2,2,0 W
0,1,0 0,1,1 0,2,0 0,2,1 0,3,1 P
1,0,1 1,1,1 1,2,1 1,3,1 2,1,1 Y

  L X Z Z         L L L L
W X X X Z U     I I I I I U
W W X V Z Z     P Y     T U
P W W V F U     P Y     T U
P V V V F F     P Y Y T T T
  N N F F         Y N N N

solution 6 (5,899 searches):
3,0,0 4,0,0 4,1,0 4,2,0 5,1,0 F
3,4,0 4,3,0 4,4,0 4,5,0 5,4,0 X
5,2,0 5,2,1 5,3,0 5,3,1 5,4,1 P
1,0,1 1,1,1 1,2,1 1,3,1 1,4,1 I
0,1,1 0,2,1 0,3,1 0,4,0 0,4,1 L
1,5,0 1,5,1 2,5,1 3,5,0 3,5,1 U
2,4,1 3,4,1 4,3,1 4,4,1 4,5,1 T
1,0,0 2,0,0 2,0,1 3,0,1 4,0,1 N
2,1,1 3,1,1 4,1,1 4,2,1 5,1,1 Y
0,3,0 1,3,0 1,4,0 2,4,0 2,5,0 W
0,1,0 0,2,0 1,2,0 2,2,0 2,3,0 Z
1,1,0 2,1,0 3,1,0 3,2,0 3,3,0 V

  U W U X         U U U T
L W W X X X     L I T T T P
W W Z V X P     L I     T P
Z Z Z V F P     L I     Y P
Z V V V F F     L I Y Y Y Y
  N N F F         I N N N

solution 7 (6,435 searches):
3,0,0 4,0,0 4,1,0 4,2,0 5,1,0 F
0,1,1 1,0,1 1,1,1 1,2,1 2,1,1 X
2,0,1 3,0,1 3,1,1 4,0,1 4,1,1 P
0,2,1 0,3,1 1,3,1 1,4,1 1,5,1 N
0,1,0 0,2,0 0,3,0 0,4,0 0,4,1 L
5,1,1 5,2,0 5,2,1 5,3,1 5,4,1 Y
2,4,1 3,4,1 4,2,1 4,3,1 4,4,1 V
2,5,0 2,5,1 3,5,1 4,5,0 4,5,1 U
1,1,0 1,2,0 1,3,0 1,4,0 1,5,0 I
1,0,0 2,0,0 2,1,0 3,1,0 3,2,0 W
2,2,0 2,3,0 2,4,0 3,3,0 4,3,0 T
3,4,0 3,5,0 4,4,0 5,3,0 5,4,0 Z

  I U Z U         N U U U
L I T Z Z Z     L N V V V Y
L I T T T Z     N N     V Y
L I T W F Y     N X     V Y
L I W W F F     X X X P P Y
  W W F F         X P P P

solution 8 (16,439 searches):
2,2,0 3,2,0 3,3,0 3,4,0 4,3,0 F
3,1,0 4,0,0 4,1,0 4,2,0 5,1,0 X
5,1,1 5,2,0 5,2,1 5,3,1 5,4,1 Y
3,5,0 4,4,0 4,5,0 5,3,0 5,4,0 W
1,0,1 1,1,1 1,2,1 1,3,1 1,4,1 I
1,5,0 1,5,1 2,5,0 2,5,1 3,5,1 P
2,4,1 3,4,1 4,3,1 4,4,1 4,5,1 T
2,0,1 2,1,1 3,1,1 4,1,1 4,2,1 Z
1,0,0 2,0,0 3,0,0 3,0,1 4,0,1 N
0,2,0 0,3,0 0,4,0 1,4,0 2,4,0 V
0,1,0 0,1,1 0,2,1 0,3,1 0,4,1 L
1,1,0 1,2,0 1,3,0 2,1,0 2,3,0 U

  P P W W         P P P T
V V V F W W     L I T T T Y
V U U F F W     L I     T Y
V U F F X Y     L I     Z Y
L U U X X X     L I Z Z Z Y
  N N N X         I Z N N

solution 9 (16,461 searches):
2,2,0 3,2,0 3,3,0 3,4,0 4,3,0 F
3,1,0 4,0,0 4,1,0 4,2,0 5,1,0 X
5,1,1 5,2,0 5,2,1 5,3,1 5,4,1 Y
3,5,0 4,4,0 4,5,0 5,3,0 5,4,0 W
4,0,1 4,1,1 4,2,1 4,3,1 4,4,1 I
1,5,0 2,5,0 2,5,1 3,5,1 4,5,1 N
1,3,1 1,4,1 1,5,1 2,4,1 3,4,1 T
0,2,0 0,3,0 0,4,0 1,4,0 2,4,0 V
0,1,0 0,1,1 0,2,1 0,3,1 0,4,1 L
1,1,1 1,2,1 2,1,1 3,0,1 3,1,1 Z
1,1,0 1,2,0 1,3,0 2,1,0 2,3,0 U
1,0,0 1,0,1 2,0,0 2,0,1 3,0,0 P

  N N W W         T N N N
V V V F W W     L T T T I Y
V U U F F W     L T     I Y
V U F F X Y     L Z     I Y
L U U X X X     L Z Z Z I Y
  P P P X         P P Z I

solution 10 (25,209 searches):
3,0,1 4,0,1 4,1,1 4,2,1 5,1,1 F
5,2,0 5,2,1 5,3,0 5,3,1 5,4,0 P
0,1,1 1,1,1 2,0,1 2,1,1 3,1,1 Y
1,0,0 1,0,1 1,1,0 1,2,0 1,2,1 U
0,1,0 0,2,0 0,2,1 0,3,1 0,4,1 N
3,4,1 4,3,1 4,4,1 4,5,1 5,4,1 X
1,5,0 1,5,1 2,5,0 3,5,0 4,5,0 L
1,3,1 1,4,1 2,4,1 2,5,1 3,5,1 W
0,4,0 1,4,0 2,4,0 3,4,0 4,4,0 I
0,3,0 1,3,0 2,1,0 2,2,0 2,3,0 V
3,3,0 4,1,0 4,2,0 4,3,0 5,1,0 Z
2,0,0 3,0,0 3,1,0 3,2,0 4,0,0 T

  L L L L         L W W X
I I I I I P     N W W X X X
V V V Z Z P     N W     X P
N U V T Z P     N U     F P
N U V T Z Z     Y Y Y Y F F
  U T T T         U Y F F

10 solutions, 31,906 searches, duration 0:00:08.926436
