solving Polysticks1234Octagon1:

solution 1 (296,336 searches):
1,1,0 2,1,0 3,1,0 4,1,0 I
2,0,0 2,0,1 3,0,0 3,0,1 F
4,0,1 I1
4,0,0 5,0,1 5,1,1 5,2,1 L
5,1,0 5,2,0 6,1,1 6,2,0 H
7,2,1 7,3,1 I2
1,2,1 1,3,0 2,2,0 2,2,1 P
1,1,1 1,2,0 2,1,1 U3
0,2,0 0,2,1 0,3,1 0,4,0 U
0,3,0 1,3,1 1,4,1 1,5,0 Z
0,4,1 0,5,0 1,5,1 1,6,0 W
2,3,0 2,3,1 3,1,1 3,2,1 N
3,2,0 4,1,1 4,2,0 4,2,1 X
1,4,0 2,4,0 3,4,1 L3
2,4,1 2,5,1 2,6,1 I3
6,4,0 6,4,1 6,5,0 7,4,1 O
2,7,0 3,6,1 3,7,0 4,7,0 Y
2,5,0 3,5,0 4,5,1 4,6,1 V
2,6,0 3,5,1 3,6,0 T3
4,3,0 5,3,0 5,3,1 5,4,1 T
4,4,0 4,4,1 4,5,0 5,5,0 J
5,4,0 6,2,1 6,3,0 6,3,1 R
5,6,0 5,6,1 6,5,1 Z3
4,6,0 5,5,1 V2

           -Y-- -Y-- -Y--
          I    Y    V    Z
          3    |    |    3
      -W-- -T3- -T3- -V2- -Z3-
     W    I    T    V    V    Z
     |    3    3    |    2    3
 -W-- -Z-- -V-- -V-- -J-- -J-- -O--
W    Z    I    L    J    T    O    O
|    |    3    3    |    |    |    |
 -U-- -L3- -L3-      -J-- -R-- -O--
U    Z    N              T    R    I
|    |    |              |    |    2
 -Z-- -P-- -N--      -T-- -T-- -R--
U    P    P    N    X    L    R    I
|    |    |    |    |    |    |    2
 -U-- -U3- -P-- -X-- -X-- -H-- -H--
     U    U    N    X    L    H
     3    3    |    |    |    |
      -I-- -I-- -I-- -I-- -H--
          F    F    I    L
          |    |    1    |
           -F-- -F-- -L--

solution 2 (297,723 searches):
1,1,0 2,1,0 3,1,0 4,1,0 I
2,0,0 2,0,1 3,0,0 3,0,1 F
4,0,1 I1
4,0,0 5,0,1 5,1,1 5,2,1 L
5,1,0 5,2,0 6,1,1 6,2,0 H
7,2,1 7,3,1 I2
1,2,1 1,3,0 2,2,0 2,2,1 P
1,1,1 1,2,0 2,1,1 U3
0,2,0 0,2,1 0,3,1 0,4,0 U
0,3,0 1,3,1 1,4,1 1,5,0 Z
0,4,1 0,5,0 1,5,1 1,6,0 W
2,3,0 2,3,1 3,1,1 3,2,1 N
3,2,0 4,1,1 4,2,0 4,2,1 X
1,4,0 2,4,0 3,4,1 L3
2,4,1 2,5,1 2,6,0 2,6,1 Y
2,7,0 3,7,0 4,7,0 I3
6,4,0 6,4,1 6,5,0 7,4,1 O
4,3,0 5,3,0 5,3,1 5,4,1 T
5,4,0 6,2,1 6,3,0 6,3,1 R
4,4,0 4,4,1 4,5,0 5,5,0 J
2,5,0 3,5,0 4,5,1 4,6,1 V
5,6,0 5,6,1 6,5,1 Z3
3,5,1 3,6,0 3,6,1 T3
4,6,0 5,5,1 V2

           -I3- -I3- -I3-
          Y    T    V    Z
          |    3    |    3
      -W-- -Y-- -T3- -V2- -Z3-
     W    Y    T    V    V    Z
     |    |    3    |    2    3
 -W-- -Z-- -V-- -V-- -J-- -J-- -O--
W    Z    Y    L    J    T    O    O
|    |    |    3    |    |    |    |
 -U-- -L3- -L3-      -J-- -R-- -O--
U    Z    N              T    R    I
|    |    |              |    |    2
 -Z-- -P-- -N--      -T-- -T-- -R--
U    P    P    N    X    L    R    I
|    |    |    |    |    |    |    2
 -U-- -U3- -P-- -X-- -X-- -H-- -H--
     U    U    N    X    L    H
     3    3    |    |    |    |
      -I-- -I-- -I-- -I-- -H--
          F    F    I    L
          |    |    1    |
           -F-- -F-- -L--

solution 3 (300,508 searches):
1,1,0 2,1,0 3,1,0 4,1,0 I
2,0,0 2,0,1 3,0,0 3,0,1 F
4,0,1 I1
4,0,0 5,0,1 5,1,1 5,2,1 L
5,1,0 5,2,0 6,1,1 6,2,0 H
7,2,1 7,3,1 I2
1,2,1 1,3,0 2,2,0 2,2,1 P
1,1,1 1,2,0 2,1,1 U3
0,2,0 0,2,1 0,3,1 0,4,0 U
0,3,0 1,3,1 1,4,1 1,5,0 Z
0,4,1 0,5,0 1,5,1 1,6,0 W
2,3,0 2,3,1 3,1,1 3,2,1 N
3,2,0 4,1,1 4,2,0 4,2,1 X
1,4,0 2,4,0 3,4,1 3,5,1 V
2,4,1 2,5,0 2,5,1 2,6,1 Y
2,7,0 3,7,0 4,7,0 I3
6,4,0 6,4,1 6,5,0 7,4,1 O
2,6,0 3,6,0 3,6,1 T3
5,4,0 6,2,1 6,3,0 6,3,1 R
4,3,0 5,3,0 5,3,1 5,4,1 T
4,4,0 4,4,1 4,5,0 5,5,0 J
3,5,0 4,5,1 4,6,1 L3
5,6,0 5,6,1 6,5,1 Z3
4,6,0 5,5,1 V2

           -I3- -I3- -I3-
          Y    T    L    Z
          |    3    3    3
      -W-- -T3- -T3- -V2- -Z3-
     W    Y    V    L    V    Z
     |    |    |    3    2    3
 -W-- -Z-- -Y-- -L3- -J-- -J-- -O--
W    Z    Y    V    J    T    O    O
|    |    |    |    |    |    |    |
 -U-- -V-- -V--      -J-- -R-- -O--
U    Z    N              T    R    I
|    |    |              |    |    2
 -Z-- -P-- -N--      -T-- -T-- -R--
U    P    P    N    X    L    R    I
|    |    |    |    |    |    |    2
 -U-- -U3- -P-- -X-- -X-- -H-- -H--
     U    U    N    X    L    H
     3    3    |    |    |    |
      -I-- -I-- -I-- -I-- -H--
          F    F    I    L
          |    |    1    |
           -F-- -F-- -L--

solution 4 (300,650 searches):
1,1,0 2,1,0 3,1,0 4,1,0 I
2,0,0 2,0,1 3,0,0 3,0,1 F
4,0,1 I1
4,0,0 5,0,1 5,1,1 5,2,1 L
5,1,0 5,2,0 6,1,1 6,2,0 H
7,2,1 7,3,1 I2
1,2,1 1,3,0 2,2,0 2,2,1 P
1,1,1 1,2,0 2,1,1 U3
0,2,0 0,2,1 0,3,1 0,4,0 U
0,3,0 1,3,1 1,4,1 1,5,0 Z
0,4,1 0,5,0 1,5,1 1,6,0 W
2,3,0 2,3,1 3,1,1 3,2,1 N
3,2,0 4,1,1 4,2,0 4,2,1 X
1,4,0 2,4,0 3,4,1 3,5,1 V
2,4,1 2,5,0 2,5,1 2,6,1 Y
2,7,0 3,6,1 3,7,0 T3
2,6,0 3,6,0 4,6,0 I3
4,6,1 4,7,0 5,5,1 5,6,1 J
6,4,0 6,4,1 6,5,0 7,4,1 O
5,6,0 6,5,1 V2
4,3,0 5,3,0 5,3,1 5,4,1 T
5,4,0 6,2,1 6,3,0 6,3,1 R
3,5,0 4,4,0 4,4,1 Z3
4,5,0 4,5,1 5,5,0 L3

           -T3- -T3- -J--
          Y    T    J    J
          |    3    |    |
      -W-- -I3- -I3- -I3- -V2-
     W    Y    V    L    J    V
     |    |    |    3    |    2
 -W-- -Z-- -Y-- -Z3- -L3- -L3- -O--
W    Z    Y    V    Z    T    O    O
|    |    |    |    3    |    |    |
 -U-- -V-- -V--      -Z3- -R-- -O--
U    Z    N              T    R    I
|    |    |              |    |    2
 -Z-- -P-- -N--      -T-- -T-- -R--
U    P    P    N    X    L    R    I
|    |    |    |    |    |    |    2
 -U-- -U3- -P-- -X-- -X-- -H-- -H--
     U    U    N    X    L    H
     3    3    |    |    |    |
      -I-- -I-- -I-- -I-- -H--
          F    F    I    L
          |    |    1    |
           -F-- -F-- -L--

solution 5 (300,653 searches):
1,1,0 2,1,0 3,1,0 4,1,0 I
2,0,0 2,0,1 3,0,0 3,0,1 F
4,0,1 I1
4,0,0 5,0,1 5,1,1 5,2,1 L
5,1,0 5,2,0 6,1,1 6,2,0 H
7,2,1 7,3,1 I2
1,2,1 1,3,0 2,2,0 2,2,1 P
1,1,1 1,2,0 2,1,1 U3
0,2,0 0,2,1 0,3,1 0,4,0 U
0,3,0 1,3,1 1,4,1 1,5,0 Z
0,4,1 0,5,0 1,5,1 1,6,0 W
2,3,0 2,3,1 3,1,1 3,2,1 N
3,2,0 4,1,1 4,2,0 4,2,1 X
1,4,0 2,4,0 3,4,1 3,5,1 V
2,4,1 2,5,0 2,5,1 2,6,1 Y
2,7,0 3,6,1 3,7,0 T3
2,6,0 3,6,0 4,6,0 I3
4,6,1 4,7,0 5,5,1 5,6,1 J
6,4,0 6,4,1 6,5,0 7,4,1 O
5,6,0 6,5,1 V2
4,5,0 5,3,1 5,4,1 5,5,0 T
3,5,0 4,4,0 4,4,1 4,5,1 R
5,4,0 6,3,0 6,3,1 Z3
4,3,0 5,3,0 6,2,1 L3

           -T3- -T3- -J--
          Y    T    J    J
          |    3    |    |
      -W-- -I3- -I3- -I3- -V2-
     W    Y    V    R    J    V
     |    |    |    |    |    2
 -W-- -Z-- -Y-- -R-- -T-- -T-- -O--
W    Z    Y    V    R    T    O    O
|    |    |    |    |    |    |    |
 -U-- -V-- -V--      -R-- -Z3- -O--
U    Z    N              T    Z    I
|    |    |              |    3    2
 -Z-- -P-- -N--      -L3- -L3- -Z3-
U    P    P    N    X    L    L    I
|    |    |    |    |    |    3    2
 -U-- -U3- -P-- -X-- -X-- -H-- -H--
     U    U    N    X    L    H
     3    3    |    |    |    |
      -I-- -I-- -I-- -I-- -H--
          F    F    I    L
          |    |    1    |
           -F-- -F-- -L--

solution 6 (1,357,185 searches):
1,1,0 2,1,0 3,1,0 4,1,0 I
2,0,0 2,0,1 3,0,0 3,0,1 F
4,0,1 I1
4,0,0 5,0,1 5,1,1 5,2,1 L
5,1,0 5,2,0 6,1,1 6,2,0 H
7,2,1 7,3,1 I2
1,3,1 1,4,0 2,3,0 2,3,1 P
2,4,0 2,4,1 2,5,0 3,4,1 O
0,2,0 1,1,1 1,2,0 1,2,1 X
0,2,1 0,3,1 0,4,1 I3
0,3,0 1,3,0 2,1,1 2,2,1 V
0,4,0 1,4,1 1,5,0 2,5,1 W
0,5,0 1,5,1 1,6,0 2,6,0 N
2,6,1 2,7,0 3,7,0 4,6,1 U
4,7,0 5,5,1 5,6,1 L3
3,5,1 3,6,0 3,6,1 4,6,0 T
5,6,0 6,4,1 6,5,0 6,5,1 R
5,3,1 5,4,0 6,4,0 7,4,1 Z
4,2,0 4,2,1 4,3,0 5,3,0 J
6,2,1 6,3,0 6,3,1 T3
2,2,0 3,1,1 V2
3,2,0 3,2,1 4,1,1 Z3
3,5,0 4,5,0 4,5,1 5,5,0 Y
4,4,0 4,4,1 5,4,1 U3

           -U-- -U-- -L3-
          U    T    U    L
          |    |    |    3
      -N-- -N-- -T-- -T-- -R--
     N    W    T    Y    L    R
     |    |    |    |    3    |
 -N-- -W-- -O-- -Y-- -Y-- -Y-- -R--
I    W    O    O    U    U    R    Z
3    |    |    |    3    3    |    |
 -W-- -P-- -O--      -U3- -Z-- -Z--
I    P    P              Z    T    I
3    |    |              |    3    2
 -V-- -V-- -P--      -J-- -J-- -T3-
I    X    V    Z    J    L    T    I
3    |    |    3    |    |    3    2
 -X-- -X-- -V2- -Z3- -J-- -H-- -H--
     X    V    V    Z    L    H
     |    |    2    3    |    |
      -I-- -I-- -I-- -I-- -H--
          F    F    I    L
          |    |    1    |
           -F-- -F-- -L--

solution 7 (2,218,576 searches):
1,1,0 2,1,0 3,1,0 4,1,0 I
2,0,0 2,0,1 3,0,0 3,0,1 F
4,0,1 I1
4,0,0 5,0,1 5,1,1 5,2,1 L
5,1,0 5,2,0 6,1,1 6,2,0 H
7,2,1 7,3,1 I2
5,3,1 5,4,0 6,3,0 6,3,1 P
4,3,0 5,3,0 6,2,1 L3
6,4,0 6,4,1 6,5,0 7,4,1 O
4,1,1 4,2,0 4,2,1 T3
3,6,0 4,5,1 4,6,0 4,6,1 X
3,5,1 3,6,1 3,7,0 4,7,0 V
1,5,1 1,6,0 2,6,1 2,7,0 W
2,4,0 2,4,1 2,5,1 2,6,0 U
2,5,0 3,4,1 3,5,0 4,5,0 Y
4,4,0 4,4,1 V2
5,4,1 5,5,1 5,6,1 I3
5,5,0 5,6,0 6,5,1 U3
0,4,0 0,4,1 0,5,0 1,5,0 J
0,2,0 0,2,1 0,3,1 1,1,1 N
1,4,0 2,2,0 2,2,1 2,3,1 Z
0,3,0 1,3,0 1,3,1 1,4,1 T
2,3,0 3,1,1 3,2,0 3,2,1 R
1,2,0 1,2,1 2,1,1 Z3

           -W-- -V-- -V--
          W    V    X    I
          |    |    |    3
      -W-- -U-- -X-- -X-- -U3-
     W    U    V    X    I    U
     |    |    |    |    3    3
 -J-- -J-- -Y-- -Y-- -Y-- -U3- -O--
J    T    U    Y    V    I    O    O
|    |    |    |    2    3    |    |
 -J-- -Z-- -U--      -V2- -P-- -O--
N    T    Z              P    P    I
|    |    |              |    |    2
 -T-- -T-- -R--      -L3- -L3- -P--
N    Z    Z    R    T    L    L    I
|    3    |    |    3    |    3    2
 -N-- -Z3- -Z-- -R-- -T3- -H-- -H--
     N    Z    R    T    L    H
     |    3    |    3    |    |
      -I-- -I-- -I-- -I-- -H--
          F    F    I    L
          |    |    1    |
           -F-- -F-- -L--

solution 8 (2,218,687 searches):
1,1,0 2,1,0 3,1,0 4,1,0 I
2,0,0 2,0,1 3,0,0 3,0,1 F
4,0,1 I1
4,0,0 5,0,1 5,1,1 5,2,1 L
5,1,0 5,2,0 6,1,1 6,2,0 H
7,2,1 7,3,1 I2
5,3,1 5,4,0 6,3,0 6,3,1 P
4,3,0 5,3,0 6,2,1 L3
6,4,0 6,4,1 6,5,0 7,4,1 O
4,1,1 4,2,0 4,2,1 T3
3,6,0 4,5,1 4,6,0 4,6,1 X
3,5,1 3,6,1 3,7,0 4,7,0 V
1,5,1 1,6,0 2,6,1 2,7,0 W
1,4,0 2,4,1 2,5,1 2,6,0 Z
0,4,0 0,4,1 0,5,0 1,5,0 J
0,3,0 1,3,0 1,3,1 1,4,1 T
0,2,0 0,2,1 0,3,1 1,1,1 N
2,2,0 2,2,1 2,3,1 2,4,0 U
1,2,0 1,2,1 2,1,1 Z3
2,3,0 3,1,1 3,2,0 3,2,1 R
5,4,1 5,5,1 5,6,1 I3
2,5,0 3,4,1 3,5,0 4,5,0 Y
5,5,0 5,6,0 6,5,1 U3
4,4,0 4,4,1 V2

           -W-- -V-- -V--
          W    V    X    I
          |    |    |    3
      -W-- -Z-- -X-- -X-- -U3-
     W    Z    V    X    I    U
     |    |    |    |    3    3
 -J-- -J-- -Y-- -Y-- -Y-- -U3- -O--
J    T    Z    Y    V    I    O    O
|    |    |    |    2    3    |    |
 -J-- -Z-- -U--      -V2- -P-- -O--
N    T    U              P    P    I
|    |    |              |    |    2
 -T-- -T-- -R--      -L3- -L3- -P--
N    Z    U    R    T    L    L    I
|    3    |    |    3    |    3    2
 -N-- -Z3- -U-- -R-- -T3- -H-- -H--
     N    Z    R    T    L    H
     |    3    |    3    |    |
      -I-- -I-- -I-- -I-- -H--
          F    F    I    L
          |    |    1    |
           -F-- -F-- -L--

solution 9 (2,221,324 searches):
1,1,0 2,1,0 3,1,0 4,1,0 I
2,0,0 2,0,1 3,0,0 3,0,1 F
4,0,1 I1
4,0,0 5,0,1 5,1,1 5,2,1 L
5,1,0 5,2,0 6,1,1 6,2,0 H
7,2,1 7,3,1 I2
5,3,1 5,4,0 6,3,0 6,3,1 P
4,3,0 5,3,0 6,2,1 L3
6,4,0 6,4,1 6,5,0 7,4,1 O
4,1,1 4,2,0 4,2,1 T3
3,6,0 4,5,1 4,6,0 4,6,1 X
3,7,0 4,7,0 5,5,1 5,6,1 V
5,6,0 6,5,1 V2
3,5,0 4,5,0 5,5,0 I3
4,4,0 4,4,1 5,4,1 U3
1,5,1 1,6,0 2,6,1 2,7,0 W
2,5,0 3,4,1 3,5,1 3,6,1 Y
2,4,0 2,4,1 2,5,1 2,6,0 U
0,4,0 0,4,1 0,5,0 1,5,0 J
0,2,0 0,2,1 0,3,1 1,1,1 N
1,4,0 2,2,0 2,2,1 2,3,1 Z
0,3,0 1,3,0 1,3,1 1,4,1 T
2,3,0 3,1,1 3,2,0 3,2,1 R
1,2,0 1,2,1 2,1,1 Z3

           -W-- -V-- -V--
          W    Y    X    V
          |    |    |    |
      -W-- -U-- -X-- -X-- -V2-
     W    U    Y    X    V    V
     |    |    |    |    |    2
 -J-- -J-- -Y-- -I3- -I3- -I3- -O--
J    T    U    Y    U    U    O    O
|    |    |    |    3    3    |    |
 -J-- -Z-- -U--      -U3- -P-- -O--
N    T    Z              P    P    I
|    |    |              |    |    2
 -T-- -T-- -R--      -L3- -L3- -P--
N    Z    Z    R    T    L    L    I
|    3    |    |    3    |    3    2
 -N-- -Z3- -Z-- -R-- -T3- -H-- -H--
     N    Z    R    T    L    H
     |    3    |    3    |    |
      -I-- -I-- -I-- -I-- -H--
          F    F    I    L
          |    |    1    |
           -F-- -F-- -L--

solution 10 (2,221,337 searches):
1,1,0 2,1,0 3,1,0 4,1,0 I
2,0,0 2,0,1 3,0,0 3,0,1 F
4,0,1 I1
4,0,0 5,0,1 5,1,1 5,2,1 L
5,1,0 5,2,0 6,1,1 6,2,0 H
7,2,1 7,3,1 I2
5,3,1 5,4,0 6,3,0 6,3,1 P
4,3,0 5,3,0 6,2,1 L3
6,4,0 6,4,1 6,5,0 7,4,1 O
4,1,1 4,2,0 4,2,1 T3
3,6,0 4,5,1 4,6,0 4,6,1 X
3,7,0 4,7,0 5,5,1 5,6,1 V
5,6,0 6,5,1 V2
3,5,0 4,5,0 5,5,0 I3
4,4,0 4,4,1 5,4,1 U3
1,5,1 1,6,0 2,6,1 2,7,0 W
2,5,0 3,4,1 3,5,1 3,6,1 Y
1,4,0 2,4,1 2,5,1 2,6,0 Z
2,2,0 2,2,1 2,3,1 2,4,0 U
2,3,0 3,1,1 3,2,0 3,2,1 R
1,2,0 1,2,1 2,1,1 Z3
0,2,0 0,2,1 0,3,1 1,1,1 N
0,3,0 1,3,0 1,3,1 1,4,1 T
0,4,0 0,4,1 0,5,0 1,5,0 J

           -W-- -V-- -V--
          W    Y    X    V
          |    |    |    |
      -W-- -Z-- -X-- -X-- -V2-
     W    Z    Y    X    V    V
     |    |    |    |    |    2
 -J-- -J-- -Y-- -I3- -I3- -I3- -O--
J    T    Z    Y    U    U    O    O
|    |    |    |    3    3    |    |
 -J-- -Z-- -U--      -U3- -P-- -O--
N    T    U              P    P    I
|    |    |              |    |    2
 -T-- -T-- -R--      -L3- -L3- -P--
N    Z    U    R    T    L    L    I
|    3    |    |    3    |    3    2
 -N-- -Z3- -U-- -R-- -T3- -H-- -H--
     N    Z    R    T    L    H
     |    3    |    3    |    |
      -I-- -I-- -I-- -I-- -H--
          F    F    I    L
          |    |    1    |
           -F-- -F-- -L--

User-requested solution limit reached.
10 solutions, 2,221,337 searches, duration 0:02:58.594940
