solving HeptiamondsHexgrid2Dumbbell:

solution 1 (131,533 searches):
14,3,0 14,3,1 14,4,1 15,2,1 15,3,0 15,3,1 15,4,0 A7
12,2,1 13,2,0 13,2,1 13,3,0 14,2,0 14,2,1 15,2,0 E7
13,3,1 13,4,0 13,4,1 13,5,0 13,5,1 14,4,0 14,5,0 F7
12,1,0 12,1,1 12,2,0 13,0,0 13,0,1 13,1,0 13,1,1 B7
10,1,1 10,2,0 10,2,1 11,0,1 11,1,0 12,0,0 12,0,1 C7
10,3,0 10,3,1 11,1,1 11,2,0 11,2,1 11,3,0 11,3,1 G7
10,4,0 10,4,1 11,4,0 11,4,1 12,3,0 12,3,1 12,4,0 J7
10,5,1 10,6,0 11,5,0 11,5,1 12,4,1 12,5,0 12,5,1 Q7
08,7,0 08,7,1 09,7,0 09,7,1 10,6,1 10,7,0 11,6,0 R7
08,6,1 09,4,1 09,5,0 09,5,1 09,6,0 09,6,1 10,5,0 X7
08,4,0 08,4,1 08,5,0 08,5,1 08,6,0 09,3,1 09,4,0 H7
05,5,1 06,4,1 06,5,0 06,5,1 07,4,1 07,5,0 07,5,1 M7
07,3,1 07,4,0 08,3,0 08,3,1 09,2,0 09,2,1 09,3,0 S7
06,3,1 06,4,0 07,2,0 07,2,1 07,3,0 08,2,0 08,2,1 T7
03,5,1 04,5,0 04,5,1 04,6,0 04,6,1 05,5,0 05,6,0 Z7
02,7,0 02,7,1 03,6,0 03,6,1 03,7,0 03,7,1 04,7,0 Y7
01,5,1 02,5,0 02,5,1 02,6,0 02,6,1 03,4,1 03,5,0 W7
05,3,1 05,4,0 05,4,1 06,1,1 06,2,0 06,2,1 06,3,0 N7
06,0,0 06,0,1 06,1,0 07,0,0 07,0,1 07,1,0 07,1,1 U7
02,4,1 03,3,1 03,4,0 04,3,0 04,3,1 04,4,0 04,4,1 V7
04,1,1 05,0,1 05,1,0 05,1,1 05,2,0 05,2,1 05,3,0 P7
01,2,1 02,2,0 02,2,1 03,2,0 03,2,1 04,2,0 04,2,1 I7
00,3,1 00,4,0 01,3,0 01,3,1 02,3,0 02,3,1 03,3,0 L7
00,4,1 00,5,0 00,5,1 01,4,0 01,4,1 01,5,0 02,4,0 D7

                ________                ________
               /        \              /        \
              /___    ___\            /_______   \
             /   /   /    \          /\      /\   \
    ________/   /___/   ___\________/  \    /  \___\________
   /    \       \       \          /   /    \          /    \
  /      \____   \_______\        /   /   ___\____    /   ___\
 /\       \   \  /   /   /\  /\  /    \  /        \  /    \   \
/  \_______\   \/   /   /  \/  \/___   \/_______   \/   ___\   \
\           \      /\   \   \       \  /       /   /\  /       /
 \___________\____/  \   \   \____   \/___    /___/  \/___    /
  \              /   /   /       /   /   /   /\           \  /
   \____________/   /   /_______/___/   /   /  \___________\/
            \      /\  /   /        \   \  /       /
             \    /  \/   /          \   \/___    /
              \  /       /            \      /   /
               \/_______/              \____/___/

solution 2 (131,535 searches):
14,3,0 14,3,1 14,4,1 15,2,1 15,3,0 15,3,1 15,4,0 A7
12,2,1 13,2,0 13,2,1 13,3,0 14,2,0 14,2,1 15,2,0 E7
13,3,1 13,4,0 13,4,1 13,5,0 13,5,1 14,4,0 14,5,0 F7
12,1,0 12,1,1 12,2,0 13,0,0 13,0,1 13,1,0 13,1,1 B7
10,1,1 10,2,0 10,2,1 11,0,1 11,1,0 12,0,0 12,0,1 C7
10,3,0 10,3,1 11,1,1 11,2,0 11,2,1 11,3,0 11,3,1 G7
10,4,0 10,4,1 11,4,0 11,4,1 12,3,0 12,3,1 12,4,0 J7
10,5,1 10,6,0 11,5,0 11,5,1 12,4,1 12,5,0 12,5,1 Q7
08,7,0 08,7,1 09,7,0 09,7,1 10,6,1 10,7,0 11,6,0 R7
08,6,1 09,4,1 09,5,0 09,5,1 09,6,0 09,6,1 10,5,0 X7
08,4,0 08,4,1 08,5,0 08,5,1 08,6,0 09,3,1 09,4,0 H7
05,5,1 06,4,1 06,5,0 06,5,1 07,4,1 07,5,0 07,5,1 M7
07,3,1 07,4,0 08,3,0 08,3,1 09,2,0 09,2,1 09,3,0 S7
06,3,1 06,4,0 07,2,0 07,2,1 07,3,0 08,2,0 08,2,1 T7
03,5,1 04,5,0 04,5,1 04,6,0 04,6,1 05,5,0 05,6,0 Z7
02,7,0 02,7,1 03,6,0 03,6,1 03,7,0 03,7,1 04,7,0 Y7
01,5,1 02,5,0 02,5,1 02,6,0 02,6,1 03,4,1 03,5,0 W7
05,3,1 05,4,0 05,4,1 06,1,1 06,2,0 06,2,1 06,3,0 N7
06,0,0 06,0,1 06,1,0 07,0,0 07,0,1 07,1,0 07,1,1 U7
02,4,1 03,3,1 03,4,0 04,3,0 04,3,1 04,4,0 04,4,1 V7
04,1,1 05,0,1 05,1,0 05,1,1 05,2,0 05,2,1 05,3,0 P7
01,2,1 02,2,0 02,2,1 03,2,0 03,2,1 04,2,0 04,2,1 I7
00,5,0 00,5,1 01,4,1 01,5,0 02,3,1 02,4,0 03,3,0 L7
00,3,1 00,4,0 00,4,1 01,3,0 01,3,1 01,4,0 02,3,0 D7

                ________                ________
               /        \              /        \
              /___    ___\            /_______   \
             /   /   /    \          /\      /\   \
    ________/   /___/   ___\________/  \    /  \___\________
   /    \       \       \          /   /    \          /    \
  /___   \____   \_______\        /   /   ___\____    /   ___\
 /    \   \   \  /   /   /\  /\  /    \  /        \  /    \   \
/      \   \   \/   /   /  \/  \/___   \/_______   \/   ___\   \
\       \   \      /\   \   \       \  /       /   /\  /       /
 \_______\___\____/  \   \   \____   \/___    /___/  \/___    /
  \              /   /   /       /   /   /   /\           \  /
   \____________/   /   /_______/___/   /   /  \___________\/
            \      /\  /   /        \   \  /       /
             \    /  \/   /          \   \/___    /
              \  /       /            \      /   /
               \/_______/              \____/___/

solution 3 (135,218 searches):
14,3,0 14,3,1 14,4,1 15,2,1 15,3,0 15,3,1 15,4,0 A7
12,2,1 13,2,0 13,2,1 13,3,0 14,2,0 14,2,1 15,2,0 E7
13,3,1 13,4,0 13,4,1 13,5,0 13,5,1 14,4,0 14,5,0 F7
12,1,0 12,1,1 12,2,0 13,0,0 13,0,1 13,1,0 13,1,1 B7
10,1,1 10,2,0 10,2,1 11,0,1 11,1,0 12,0,0 12,0,1 C7
10,3,0 10,3,1 11,1,1 11,2,0 11,2,1 11,3,0 11,3,1 G7
10,4,0 10,4,1 11,4,0 11,4,1 12,3,0 12,3,1 12,4,0 J7
10,5,1 10,6,0 11,5,0 11,5,1 12,4,1 12,5,0 12,5,1 Q7
08,7,0 08,7,1 09,7,0 09,7,1 10,6,1 10,7,0 11,6,0 R7
08,6,1 09,4,1 09,5,0 09,5,1 09,6,0 09,6,1 10,5,0 X7
08,4,0 08,4,1 08,5,0 08,5,1 08,6,0 09,3,1 09,4,0 H7
05,5,1 06,4,1 06,5,0 06,5,1 07,4,1 07,5,0 07,5,1 M7
07,3,1 07,4,0 08,3,0 08,3,1 09,2,0 09,2,1 09,3,0 S7
06,3,1 07,1,1 07,2,0 07,2,1 07,3,0 08,2,0 08,2,1 W7
03,5,1 04,5,0 04,5,1 04,6,0 04,6,1 05,5,0 05,6,0 Z7
02,7,0 02,7,1 03,6,0 03,6,1 03,7,0 03,7,1 04,7,0 Y7
03,4,1 03,5,0 04,4,0 04,4,1 05,4,0 05,4,1 06,4,0 L7
01,5,1 02,4,1 02,5,0 02,5,1 02,6,0 02,6,1 03,4,0 T7
00,5,1 01,4,1 01,5,0 02,3,0 02,3,1 02,4,0 03,3,0 P7
00,3,1 00,4,0 00,4,1 00,5,0 01,3,0 01,3,1 01,4,0 D7
01,2,1 02,2,0 02,2,1 03,2,0 03,2,1 04,2,0 04,2,1 I7
03,3,1 04,3,0 04,3,1 05,1,1 05,2,0 05,2,1 05,3,0 V7
04,1,1 05,0,1 05,1,0 06,0,0 06,0,1 06,1,0 07,0,0 U7
05,3,1 06,1,1 06,2,0 06,2,1 06,3,0 07,0,1 07,1,0 N7

                ________                ________
               /        \              /        \
              /___    ___\            /_______   \
             /   /   /    \          /\      /\   \
    ________/   /___/   ___\________/  \    /  \___\________
   /\   \      /\       \          /   /    \          /    \
  /  \   \    /  \_______\        /   /   ___\____    /   ___\
 /    \   \   \           \  /\  /    \  /        \  /    \   \
/      \   \___\___________\/  \/___   \/_______   \/   ___\   \
\      /    \       \   \   \       \  /       /   /\  /       /
 \____/______\____   \   \   \____   \/___    /___/  \/___    /
  \              /   /   /       /   /   /   /\           \  /
   \____________/   /   /   ____/___/   /   /  \___________\/
            \   \  /\   \  /        \   \  /       /
             \   \/  \   \/          \   \/___    /
              \       \  /            \      /   /
               \_______\/              \____/___/

solution 4 (350,877 searches):
14,3,0 14,3,1 14,4,1 15,2,1 15,3,0 15,3,1 15,4,0 A7
12,2,1 13,2,0 13,2,1 13,3,0 14,2,0 14,2,1 15,2,0 E7
13,3,1 13,4,0 13,4,1 13,5,0 13,5,1 14,4,0 14,5,0 F7
12,1,0 12,1,1 12,2,0 13,0,0 13,0,1 13,1,0 13,1,1 B7
10,1,1 10,2,0 10,2,1 11,0,1 11,1,0 12,0,0 12,0,1 C7
10,3,0 10,3,1 11,1,1 11,2,0 11,2,1 11,3,0 11,3,1 G7
10,4,0 10,4,1 11,4,0 11,4,1 12,3,0 12,3,1 12,4,0 J7
10,5,1 10,6,0 11,5,0 11,5,1 12,4,1 12,5,0 12,5,1 Q7
08,7,0 08,7,1 09,7,0 09,7,1 10,6,1 10,7,0 11,6,0 R7
08,6,1 09,4,1 09,5,0 09,5,1 09,6,0 09,6,1 10,5,0 X7
07,5,1 08,4,1 08,5,0 08,5,1 08,6,0 09,3,1 09,4,0 H7
06,5,1 07,4,1 07,5,0 08,3,1 08,4,0 09,2,1 09,3,0 I7
06,3,1 07,3,0 07,3,1 08,2,0 08,2,1 08,3,0 09,2,0 U7
04,6,1 05,5,1 05,6,0 06,4,0 06,4,1 06,5,0 07,4,0 P7
02,7,0 02,7,1 03,6,1 03,7,0 03,7,1 04,6,0 04,7,0 Y7
06,1,1 06,2,1 07,0,1 07,1,0 07,1,1 07,2,0 07,2,1 M7
05,0,1 05,1,0 05,1,1 06,0,0 06,0,1 06,1,0 07,0,0 D7
04,2,1 05,2,0 05,2,1 05,3,0 05,3,1 06,2,0 06,3,0 Z7
01,2,1 02,2,0 02,2,1 03,2,0 03,2,1 04,1,1 04,2,0 L7
00,3,1 00,4,0 00,4,1 00,5,0 01,3,0 01,3,1 02,3,0 V7
00,5,1 01,5,0 01,5,1 02,4,1 02,5,0 02,5,1 02,6,0 T7
01,4,0 01,4,1 02,3,1 02,4,0 03,3,0 03,3,1 03,4,0 S7
02,6,1 03,5,1 03,6,0 04,5,0 04,5,1 05,4,1 05,5,0 N7
03,4,1 03,5,0 04,3,0 04,3,1 04,4,0 04,4,1 05,4,0 W7

                ________                ________
               /        \              /        \
              /___    ___\            /_______   \
             /\   \   \   \          /\      /\   \
    ________/  \   \___\   \________/  \    /  \___\________
   /\          /\       \   \   \      /    \          /    \
  /  \____    /  \____   \   \   \    /   ___\____    /   ___\
 /   /    \  /\       \  /    \   \   \  /        \  /    \   \
/   /___   \/  \    ___\/______\   \   \/_______   \/   ___\   \
\       \      /   /    \       \   \  /       /   /\  /       /
 \_______\____/___/   ___\____   \   \/___    /___/  \/___    /
  \           \       \      /    \  /   /   /\           \  /
   \________   \_______\    /______\/   /   /  \___________\/
            \  /    \      /        \   \  /       /
             \/      \    /          \   \/___    /
              \       \  /            \      /   /
               \_______\/              \____/___/

solution 5 (350,880 searches):
14,3,0 14,3,1 14,4,1 15,2,1 15,3,0 15,3,1 15,4,0 A7
12,2,1 13,2,0 13,2,1 13,3,0 14,2,0 14,2,1 15,2,0 E7
13,3,1 13,4,0 13,4,1 13,5,0 13,5,1 14,4,0 14,5,0 F7
12,1,0 12,1,1 12,2,0 13,0,0 13,0,1 13,1,0 13,1,1 B7
10,1,1 10,2,0 10,2,1 11,0,1 11,1,0 12,0,0 12,0,1 C7
10,3,0 10,3,1 11,1,1 11,2,0 11,2,1 11,3,0 11,3,1 G7
10,4,0 10,4,1 11,4,0 11,4,1 12,3,0 12,3,1 12,4,0 J7
10,5,1 10,6,0 11,5,0 11,5,1 12,4,1 12,5,0 12,5,1 Q7
08,7,0 08,7,1 09,7,0 09,7,1 10,6,1 10,7,0 11,6,0 R7
08,6,1 09,4,1 09,5,0 09,5,1 09,6,0 09,6,1 10,5,0 X7
07,5,1 08,4,1 08,5,0 08,5,1 08,6,0 09,3,1 09,4,0 H7
06,5,1 07,4,1 07,5,0 08,3,1 08,4,0 09,2,1 09,3,0 I7
06,3,1 07,3,0 07,3,1 08,2,0 08,2,1 08,3,0 09,2,0 U7
04,6,1 05,5,1 05,6,0 06,4,0 06,4,1 06,5,0 07,4,0 P7
02,7,0 02,7,1 03,6,1 03,7,0 03,7,1 04,6,0 04,7,0 Y7
06,1,1 06,2,1 07,0,1 07,1,0 07,1,1 07,2,0 07,2,1 M7
05,0,1 05,1,0 05,1,1 06,0,0 06,0,1 06,1,0 07,0,0 D7
04,2,1 05,2,0 05,2,1 05,3,0 05,3,1 06,2,0 06,3,0 Z7
01,2,1 02,2,0 02,2,1 03,2,0 03,2,1 04,1,1 04,2,0 L7
00,3,1 00,4,0 00,4,1 00,5,0 01,3,0 01,3,1 02,3,0 V7
00,5,1 01,5,0 01,5,1 02,4,1 02,5,0 02,5,1 02,6,0 T7
01,4,0 01,4,1 02,3,1 02,4,0 03,3,0 03,3,1 03,4,0 S7
02,6,1 03,4,1 03,5,0 03,5,1 03,6,0 04,5,0 04,5,1 W7
04,3,0 04,3,1 04,4,0 04,4,1 05,4,0 05,4,1 05,5,0 N7

                ________                ________
               /        \              /        \
              /___    ___\            /_______   \
             /\   \   \   \          /\      /\   \
    ________/  \   \___\   \________/  \    /  \___\________
   /\          /       /\   \   \      /    \          /    \
  /  \____    /   ____/  \   \   \    /   ___\____    /   ___\
 /   /    \  /\  /       /    \   \   \  /        \  /    \   \
/   /___   \/  \/   ____/______\   \   \/_______   \/   ___\   \
\       \      /   /    \       \   \  /       /   /\  /       /
 \_______\____/___/   ___\____   \   \/___    /___/  \/___    /
  \           \       \      /    \  /   /   /\           \  /
   \________   \_______\    /______\/   /   /  \___________\/
            \  /    \      /        \   \  /       /
             \/      \    /          \   \/___    /
              \       \  /            \      /   /
               \_______\/              \____/___/

solution 6 (350,910 searches):
14,3,0 14,3,1 14,4,1 15,2,1 15,3,0 15,3,1 15,4,0 A7
12,2,1 13,2,0 13,2,1 13,3,0 14,2,0 14,2,1 15,2,0 E7
13,3,1 13,4,0 13,4,1 13,5,0 13,5,1 14,4,0 14,5,0 F7
12,1,0 12,1,1 12,2,0 13,0,0 13,0,1 13,1,0 13,1,1 B7
10,1,1 10,2,0 10,2,1 11,0,1 11,1,0 12,0,0 12,0,1 C7
10,3,0 10,3,1 11,1,1 11,2,0 11,2,1 11,3,0 11,3,1 G7
10,4,0 10,4,1 11,4,0 11,4,1 12,3,0 12,3,1 12,4,0 J7
10,5,1 10,6,0 11,5,0 11,5,1 12,4,1 12,5,0 12,5,1 Q7
08,7,0 08,7,1 09,7,0 09,7,1 10,6,1 10,7,0 11,6,0 R7
08,6,1 09,4,1 09,5,0 09,5,1 09,6,0 09,6,1 10,5,0 X7
07,5,1 08,4,1 08,5,0 08,5,1 08,6,0 09,3,1 09,4,0 H7
06,5,1 07,4,1 07,5,0 08,3,1 08,4,0 09,2,1 09,3,0 I7
06,3,1 07,3,0 07,3,1 08,2,0 08,2,1 08,3,0 09,2,0 U7
04,6,1 05,5,1 05,6,0 06,4,0 06,4,1 06,5,0 07,4,0 P7
02,7,0 02,7,1 03,6,1 03,7,0 03,7,1 04,6,0 04,7,0 Y7
06,1,1 06,2,1 07,0,1 07,1,0 07,1,1 07,2,0 07,2,1 M7
05,0,1 05,1,0 05,1,1 06,0,0 06,0,1 06,1,0 07,0,0 D7
04,2,1 05,2,0 05,2,1 05,3,0 05,3,1 06,2,0 06,3,0 Z7
02,2,0 02,2,1 03,2,0 03,2,1 03,3,0 04,1,1 04,2,0 T7
00,3,1 00,4,0 00,4,1 01,2,1 01,3,0 01,4,0 01,4,1 V7
00,5,0 00,5,1 01,5,0 01,5,1 02,5,0 02,5,1 02,6,0 L7
01,3,1 02,3,0 02,3,1 02,4,0 02,4,1 03,3,1 03,4,0 S7
02,6,1 03,5,1 03,6,0 04,5,0 04,5,1 05,4,1 05,5,0 N7
03,4,1 03,5,0 04,3,0 04,3,1 04,4,0 04,4,1 05,4,0 W7

                ________                ________
               /        \              /        \
              /___    ___\            /_______   \
             /\   \   \   \          /\      /\   \
    ________/  \   \___\   \________/  \    /  \___\________
   /           /\       \   \   \      /    \          /    \
  /___________/  \____   \   \   \    /   ___\____    /   ___\
 /       /    \       \  /    \   \   \  /        \  /    \   \
/   ____/      \    ___\/______\   \   \/_______   \/   ___\   \
\   \      /\  /   /    \       \   \  /       /   /\  /       /
 \   \____/  \/___/   ___\____   \   \/___    /___/  \/___    /
  \  /        \       \      /    \  /   /   /\           \  /
   \/_______   \_______\    /______\/   /   /  \___________\/
            \  /    \      /        \   \  /       /
             \/      \    /          \   \/___    /
              \       \  /            \      /   /
               \_______\/              \____/___/

solution 7 (350,913 searches):
14,3,0 14,3,1 14,4,1 15,2,1 15,3,0 15,3,1 15,4,0 A7
12,2,1 13,2,0 13,2,1 13,3,0 14,2,0 14,2,1 15,2,0 E7
13,3,1 13,4,0 13,4,1 13,5,0 13,5,1 14,4,0 14,5,0 F7
12,1,0 12,1,1 12,2,0 13,0,0 13,0,1 13,1,0 13,1,1 B7
10,1,1 10,2,0 10,2,1 11,0,1 11,1,0 12,0,0 12,0,1 C7
10,3,0 10,3,1 11,1,1 11,2,0 11,2,1 11,3,0 11,3,1 G7
10,4,0 10,4,1 11,4,0 11,4,1 12,3,0 12,3,1 12,4,0 J7
10,5,1 10,6,0 11,5,0 11,5,1 12,4,1 12,5,0 12,5,1 Q7
08,7,0 08,7,1 09,7,0 09,7,1 10,6,1 10,7,0 11,6,0 R7
08,6,1 09,4,1 09,5,0 09,5,1 09,6,0 09,6,1 10,5,0 X7
07,5,1 08,4,1 08,5,0 08,5,1 08,6,0 09,3,1 09,4,0 H7
06,5,1 07,4,1 07,5,0 08,3,1 08,4,0 09,2,1 09,3,0 I7
06,3,1 07,3,0 07,3,1 08,2,0 08,2,1 08,3,0 09,2,0 U7
04,6,1 05,5,1 05,6,0 06,4,0 06,4,1 06,5,0 07,4,0 P7
02,7,0 02,7,1 03,6,1 03,7,0 03,7,1 04,6,0 04,7,0 Y7
06,1,1 06,2,1 07,0,1 07,1,0 07,1,1 07,2,0 07,2,1 M7
05,0,1 05,1,0 05,1,1 06,0,0 06,0,1 06,1,0 07,0,0 D7
04,2,1 05,2,0 05,2,1 05,3,0 05,3,1 06,2,0 06,3,0 Z7
02,2,0 02,2,1 03,2,0 03,2,1 03,3,0 04,1,1 04,2,0 T7
00,3,1 00,4,0 00,4,1 01,2,1 01,3,0 01,4,0 01,4,1 V7
00,5,0 00,5,1 01,5,0 01,5,1 02,5,0 02,5,1 02,6,0 L7
01,3,1 02,3,0 02,3,1 02,4,0 02,4,1 03,3,1 03,4,0 S7
02,6,1 03,4,1 03,5,0 03,5,1 03,6,0 04,5,0 04,5,1 W7
04,3,0 04,3,1 04,4,0 04,4,1 05,4,0 05,4,1 05,5,0 N7

                ________                ________
               /        \              /        \
              /___    ___\            /_______   \
             /\   \   \   \          /\      /\   \
    ________/  \   \___\   \________/  \    /  \___\________
   /           /       /\   \   \      /    \          /    \
  /___________/   ____/  \   \   \    /   ___\____    /   ___\
 /       /    \  /       /    \   \   \  /        \  /    \   \
/   ____/      \/   ____/______\   \   \/_______   \/   ___\   \
\   \      /\  /   /    \       \   \  /       /   /\  /       /
 \   \____/  \/___/   ___\____   \   \/___    /___/  \/___    /
  \  /        \       \      /    \  /   /   /\           \  /
   \/_______   \_______\    /______\/   /   /  \___________\/
            \  /    \      /        \   \  /       /
             \/      \    /          \   \/___    /
              \       \  /            \      /   /
               \_______\/              \____/___/

solution 8 (439,227 searches):
14,3,0 14,3,1 14,4,1 15,2,1 15,3,0 15,3,1 15,4,0 A7
12,2,1 13,2,0 13,2,1 13,3,0 14,2,0 14,2,1 15,2,0 E7
13,3,1 13,4,0 13,4,1 13,5,0 13,5,1 14,4,0 14,5,0 F7
12,1,0 12,1,1 12,2,0 13,0,0 13,0,1 13,1,0 13,1,1 B7
10,1,1 10,2,0 10,2,1 11,0,1 11,1,0 12,0,0 12,0,1 C7
10,3,0 10,3,1 11,1,1 11,2,0 11,2,1 11,3,0 11,3,1 G7
10,4,0 10,4,1 11,4,0 11,4,1 12,3,0 12,3,1 12,4,0 J7
10,5,1 10,6,0 11,5,0 11,5,1 12,4,1 12,5,0 12,5,1 Q7
08,7,0 08,7,1 09,7,0 09,7,1 10,6,1 10,7,0 11,6,0 R7
08,6,1 09,4,1 09,5,0 09,5,1 09,6,0 09,6,1 10,5,0 X7
07,5,1 08,4,1 08,5,0 08,5,1 08,6,0 09,3,1 09,4,0 H7
07,3,0 07,3,1 08,2,1 08,3,0 09,2,0 09,2,1 09,3,0 S7
06,4,0 06,4,1 07,4,0 07,4,1 07,5,0 08,3,1 08,4,0 T7
04,6,0 04,6,1 05,5,0 05,5,1 05,6,0 06,5,0 06,5,1 Z7
02,7,0 02,7,1 03,6,0 03,6,1 03,7,0 03,7,1 04,7,0 Y7
01,5,1 02,5,0 02,5,1 02,6,0 02,6,1 03,4,1 03,5,0 W7
03,5,1 04,4,1 04,5,0 04,5,1 05,3,1 05,4,0 05,4,1 M7
07,0,0 07,0,1 07,1,0 07,1,1 07,2,0 07,2,1 08,2,0 L7
05,1,1 05,2,0 05,2,1 06,2,0 06,2,1 06,3,0 06,3,1 N7
04,1,1 05,0,1 05,1,0 06,0,0 06,0,1 06,1,0 06,1,1 V7
02,4,1 03,3,1 03,4,0 04,3,0 04,3,1 04,4,0 05,3,0 U7
01,2,1 02,2,0 02,2,1 03,2,0 03,2,1 04,2,0 04,2,1 I7
00,5,1 01,4,1 01,5,0 02,3,0 02,3,1 02,4,0 03,3,0 P7
00,3,1 00,4,0 00,4,1 00,5,0 01,3,0 01,3,1 01,4,0 D7

                ________                ________
               /        \              /        \
              /___    ___\            /_______   \
             /   /   /    \          /\      /\   \
    ________/   /___/___   \________/  \    /  \___\________
   /\   \       \      /       /\      /    \          /    \
  /  \   \____   \    /_______/  \    /   ___\____    /   ___\
 /    \   \   \  /\      /        \   \  /        \  /    \   \
/      \   \   \/  \    /_______   \   \/_______   \/   ___\   \
\      /    \       \  /   /    \  /\  /       /   /\  /       /
 \____/______\_______\/   /___   \/  \/___    /___/  \/___    /
  \              /       /    \      /   /   /\           \  /
   \____________/   ____/   ___\____/   /   /  \___________\/
            \   \  /   /   /        \   \  /       /
             \   \/   /   /          \   \/___    /
              \      /   /            \      /   /
               \____/___/              \____/___/

solution 9 (444,671 searches):
14,3,0 14,3,1 14,4,1 15,2,1 15,3,0 15,3,1 15,4,0 A7
12,2,1 13,2,0 13,2,1 13,3,0 14,2,0 14,2,1 15,2,0 E7
13,3,1 13,4,0 13,4,1 13,5,0 13,5,1 14,4,0 14,5,0 F7
12,1,0 12,1,1 12,2,0 13,0,0 13,0,1 13,1,0 13,1,1 B7
10,1,1 10,2,0 10,2,1 11,0,1 11,1,0 12,0,0 12,0,1 C7
10,3,0 10,3,1 11,1,1 11,2,0 11,2,1 11,3,0 11,3,1 G7
10,4,0 10,4,1 11,4,0 11,4,1 12,3,0 12,3,1 12,4,0 J7
10,5,1 10,6,0 11,5,0 11,5,1 12,4,1 12,5,0 12,5,1 Q7
08,7,0 08,7,1 09,7,0 09,7,1 10,6,1 10,7,0 11,6,0 R7
08,6,1 09,4,1 09,5,0 09,5,1 09,6,0 09,6,1 10,5,0 X7
07,5,1 08,4,1 08,5,0 08,5,1 08,6,0 09,3,1 09,4,0 H7
07,3,0 07,3,1 08,2,1 08,3,0 09,2,0 09,2,1 09,3,0 S7
06,4,1 06,5,1 07,4,0 07,4,1 07,5,0 08,3,1 08,4,0 Y7
05,3,1 06,2,1 06,3,0 06,3,1 07,2,0 07,2,1 08,2,0 U7
05,1,1 06,0,1 06,1,0 07,0,0 07,0,1 07,1,0 07,1,1 V7
03,2,1 03,3,0 04,1,1 04,2,0 05,0,1 05,1,0 06,0,0 I7
03,3,1 04,2,1 04,3,0 05,2,0 05,2,1 06,1,1 06,2,0 N7
03,4,0 03,4,1 04,3,1 04,4,0 04,4,1 04,5,0 05,3,0 W7
03,6,1 04,5,1 04,6,0 05,4,0 05,4,1 05,5,0 06,4,0 P7
03,7,0 03,7,1 04,6,1 04,7,0 05,5,1 05,6,0 06,5,0 L7
02,6,0 02,6,1 02,7,0 02,7,1 03,5,0 03,5,1 03,6,0 Z7
00,5,1 01,4,1 01,5,0 01,5,1 02,4,1 02,5,0 02,5,1 M7
00,3,1 00,4,0 00,4,1 00,5,0 01,3,0 01,3,1 01,4,0 D7
01,2,1 02,2,0 02,2,1 02,3,0 02,3,1 02,4,0 03,2,0 T7

                ________                ________
               /   /    \              /        \
              /   /___   \            /_______   \
             /    \   \   \          /\      /\   \
    ________/___   \   \   \________/  \    /  \___\________
   /\          /   /\   \   \   \      /    \          /    \
  /  \        /___/  \   \___\   \    /   ___\____    /   ___\
 /    \  /\  /       /    \       \   \  /        \  /    \   \
/      \/  \/___    /______\____   \   \/_______   \/   ___\   \
\      /   /\   \   \      /    \  /\  /       /   /\  /       /
 \____/   /  \   \___\    /___   \/  \/___    /___/  \/___    /
  \       \   \       \       \      /   /   /\           \  /
   \_______\   \____   \_______\____/   /   /  \___________\/
            \   \   \  /   /        \   \  /       /
             \   \   \/   /          \   \/___    /
              \   \      /            \      /   /
               \___\____/              \____/___/

solution 10 (565,975 searches):
14,3,0 14,3,1 14,4,1 15,2,1 15,3,0 15,3,1 15,4,0 A7
12,2,1 13,2,0 13,2,1 13,3,0 14,2,0 14,2,1 15,2,0 E7
13,3,1 13,4,0 13,4,1 13,5,0 13,5,1 14,4,0 14,5,0 F7
12,1,0 12,1,1 12,2,0 13,0,0 13,0,1 13,1,0 13,1,1 B7
10,1,1 10,2,0 10,2,1 11,0,1 11,1,0 12,0,0 12,0,1 C7
10,3,0 10,3,1 11,1,1 11,2,0 11,2,1 11,3,0 11,3,1 G7
10,4,0 10,4,1 11,4,0 11,4,1 12,3,0 12,3,1 12,4,0 J7
10,5,1 10,6,0 11,5,0 11,5,1 12,4,1 12,5,0 12,5,1 Q7
08,7,0 08,7,1 09,7,0 09,7,1 10,6,1 10,7,0 11,6,0 R7
08,6,1 09,4,1 09,5,0 09,5,1 09,6,0 09,6,1 10,5,0 X7
07,5,1 08,4,1 08,5,0 08,5,1 08,6,0 09,3,1 09,4,0 H7
08,2,0 08,2,1 08,3,1 08,4,0 09,2,0 09,2,1 09,3,0 V7
06,4,1 06,5,1 07,3,1 07,4,0 07,4,1 07,5,0 08,3,0 Z7
04,5,1 04,6,0 05,4,0 05,4,1 05,5,0 05,5,1 06,5,0 W7
02,7,1 03,6,1 03,7,0 03,7,1 04,6,1 04,7,0 05,6,0 U7
02,6,0 02,6,1 02,7,0 03,5,0 03,5,1 03,6,0 04,5,0 M7
04,3,1 05,3,0 05,3,1 06,2,1 06,3,0 06,3,1 06,4,0 T7
06,1,1 07,0,1 07,1,0 07,1,1 07,2,0 07,2,1 07,3,0 P7
01,4,1 02,4,0 02,4,1 03,4,0 03,4,1 04,4,0 04,4,1 I7
00,4,1 00,5,0 00,5,1 01,5,0 01,5,1 02,5,0 02,5,1 L7
05,0,1 05,1,0 05,1,1 06,0,0 06,0,1 06,1,0 07,0,0 D7
03,3,0 03,3,1 04,2,1 04,3,0 05,2,0 05,2,1 06,2,0 N7
00,3,1 00,4,0 01,2,1 01,3,0 01,3,1 01,4,0 02,2,0 Y7
02,2,1 02,3,0 02,3,1 03,2,0 03,2,1 04,1,1 04,2,0 S7

                ________                ________
               /\       \              /        \
              /  \       \            /_______   \
             /    \  /\   \          /\      /\   \
    ________/___   \/  \___\________/  \    /  \___\________
   /           /    \       \   \      /    \          /    \
  /   ________/______\    ___\   \    /   ___\____    /   ___\
 /\  /\              /   /\      /\   \  /        \  /    \   \
/  \/  \____________/___/  \    /  \   \/_______   \/   ___\   \
\      /   /    \          /\   \   \  /       /   /\  /       /
 \    /   /___   \____    /  \___\   \/___    /___/  \/___    /
  \   \       \       \  /   /       /   /   /\           \  /
   \___\____   \_______\/   /_______/   /   /  \___________\/
            \  /    \      /        \   \  /       /
             \/      \    /          \   \/___    /
              \       \  /            \      /   /
               \_______\/              \____/___/

User-requested solution limit reached.
10 solutions, 565,975 searches, duration 0:00:09.901646
