solving HeptiamondsHexgridTrefoil3:

solution 1 (105,220,714 searches):
00,06,1 00,07,0 00,07,1 01,06,0 01,06,1 01,07,0 02,06,0 D7
02,06,1 03,05,1 03,06,0 04,03,1 04,04,0 04,04,1 04,05,0 R7
04,05,1 05,03,1 05,04,0 05,04,1 05,05,0 05,05,1 06,05,0 T7
05,02,0 05,02,1 05,03,0 06,01,1 06,02,0 06,02,1 06,03,0 B7
05,01,0 05,01,1 06,00,1 06,01,0 07,00,0 07,00,1 07,01,0 S7
05,06,0 05,06,1 05,07,0 05,07,1 05,08,0 05,08,1 05,09,0 I7
06,05,1 06,06,0 07,05,0 07,05,1 08,05,0 08,05,1 09,05,0 L7
05,09,1 06,08,0 06,08,1 06,09,0 06,09,1 07,09,0 07,09,1 H7
04,10,1 05,10,0 05,10,1 05,11,0 06,10,0 06,10,1 07,10,0 E7
08,06,0 08,06,1 09,06,0 09,06,1 09,07,0 09,07,1 10,07,0 N7
09,05,1 10,05,0 10,05,1 10,06,0 10,06,1 11,04,1 11,05,0 W7
02,12,0 02,12,1 03,11,0 03,11,1 03,12,0 04,11,0 04,11,1 Z7
03,08,1 04,07,1 04,08,0 04,08,1 04,09,0 04,09,1 04,10,0 P7
01,09,0 01,09,1 02,08,1 02,09,0 02,09,1 03,08,0 03,09,0 Y7
00,09,1 00,10,0 00,10,1 01,10,0 01,10,1 01,11,0 02,10,0 Q7
01,11,1 02,10,1 02,11,0 02,11,1 03,09,1 03,10,0 03,10,1 M7
03,02,1 03,03,1 03,04,0 04,01,1 04,02,0 04,02,1 04,03,0 U7
02,02,1 02,03,0 02,03,1 02,04,0 02,04,1 03,02,0 03,03,0 F7
01,04,1 01,05,0 01,05,1 02,05,0 02,05,1 03,04,1 03,05,0 C7
09,00,1 09,01,0 09,01,1 09,02,0 09,02,1 10,00,0 10,00,1 J7
07,04,1 08,02,1 08,03,0 08,03,1 08,04,0 08,04,1 09,03,0 X7
10,01,0 10,01,1 10,02,0 10,02,1 10,03,0 11,01,0 11,01,1 G7
09,03,1 09,04,0 09,04,1 10,03,1 10,04,0 10,04,1 11,03,0 A7
11,02,0 11,02,1 11,03,1 11,04,0 12,02,0 12,02,1 12,03,0 V7

                    ____
                   /    \
              ____/___   \____
             /\      /       /\
        ____/  \    /_______/  \____
       /        \      /\           \
      /   _______\    /  \___________\
      \  /        \  /   /\          /
       \/___    ___\/   /  \    ____/
            \   \      /   /   /
  ____       \___\    /   /___/       ____
 /    \           \  /   /           /    \
/      \____       \/   /       ____/   ___\
\       \   \      /   /\      /       /   /
 \_______\   \____/___/  \____/_______/   /
 /        \   \       \           \       \
/   ____   \   \    ___\___________\____   \
\  /   /\  /   /   /    \      /       /\  /
 \/   /  \/   /   /      \    /       /  \/
 /    \   \  /\  /\      /    \  /\   \   \
/   ___\   \/  \/  \    /   ___\/  \___\   \
\   \      /       /    \  /   /   /       /
 \___\    /___    /      \/   /   /_______/
      \  /    \  /\      /   /       /
       \/___   \/  \    /   /_______/
            \      /    \      /
             \____/      \____/

solution 2 (105,221,033 searches):
00,06,1 00,07,0 00,07,1 01,06,0 01,06,1 01,07,0 02,06,0 D7
02,06,1 03,05,1 03,06,0 04,03,1 04,04,0 04,04,1 04,05,0 R7
04,05,1 05,03,1 05,04,0 05,04,1 05,05,0 05,05,1 06,05,0 T7
05,02,0 05,02,1 05,03,0 06,01,1 06,02,0 06,02,1 06,03,0 B7
05,01,0 05,01,1 06,00,1 06,01,0 07,00,0 07,00,1 07,01,0 S7
05,06,0 05,06,1 05,07,0 05,07,1 05,08,0 05,08,1 05,09,0 I7
06,05,1 06,06,0 07,05,0 07,05,1 08,05,0 08,05,1 09,05,0 L7
05,09,1 06,08,0 06,08,1 06,09,0 06,09,1 07,09,0 07,09,1 H7
04,10,1 05,10,0 05,10,1 05,11,0 06,10,0 06,10,1 07,10,0 E7
08,06,0 08,06,1 09,05,1 09,06,0 09,06,1 09,07,0 10,05,0 W7
09,07,1 10,05,1 10,06,0 10,06,1 10,07,0 11,04,1 11,05,0 N7
02,12,0 02,12,1 03,11,0 03,11,1 03,12,0 04,11,0 04,11,1 Z7
03,08,1 04,07,1 04,08,0 04,08,1 04,09,0 04,09,1 04,10,0 P7
01,09,0 01,09,1 02,08,1 02,09,0 02,09,1 03,08,0 03,09,0 Y7
00,09,1 00,10,0 00,10,1 01,10,0 01,10,1 01,11,0 02,10,0 Q7
01,11,1 02,10,1 02,11,0 02,11,1 03,09,1 03,10,0 03,10,1 M7
03,02,1 03,03,1 03,04,0 04,01,1 04,02,0 04,02,1 04,03,0 U7
02,02,1 02,03,0 02,03,1 02,04,0 02,04,1 03,02,0 03,03,0 F7
01,04,1 01,05,0 01,05,1 02,05,0 02,05,1 03,04,1 03,05,0 C7
09,00,1 09,01,0 09,01,1 09,02,0 09,02,1 10,00,0 10,00,1 J7
07,04,1 08,02,1 08,03,0 08,03,1 08,04,0 08,04,1 09,03,0 X7
10,01,0 10,01,1 10,02,0 10,02,1 10,03,0 11,01,0 11,01,1 G7
09,03,1 09,04,0 09,04,1 10,03,1 10,04,0 10,04,1 11,03,0 A7
11,02,0 11,02,1 11,03,1 11,04,0 12,02,0 12,02,1 12,03,0 V7

                    ____
                   /    \
              ____/___   \____
             /\      /       /\
        ____/  \    /_______/  \____
       /        \      /\           \
      /   _______\    /  \___________\
      \  /        \  /   /\          /
       \/___    ___\/   /  \    ____/
            \   \      /   /   /
  ____       \___\    /   /___/       ____
 /    \           \  /   /           /\   \
/      \____       \/   /       ____/  \   \
\       \   \      /   /\      /       /   /
 \_______\   \____/___/  \____/___    /   /
 /        \   \       \           \   \   \
/   ____   \   \    ___\___________\___\   \
\  /   /\  /   /   /    \      /       /\  /
 \/   /  \/   /   /      \    /       /  \/
 /    \   \  /\  /\      /    \  /\   \   \
/   ___\   \/  \/  \    /   ___\/  \___\   \
\   \      /       /    \  /   /   /       /
 \___\    /___    /      \/   /   /_______/
      \  /    \  /\      /   /       /
       \/___   \/  \    /   /_______/
            \      /    \      /
             \____/      \____/

solution 3 (107,095,257 searches):
00,06,1 00,07,0 00,07,1 01,06,0 01,06,1 01,07,0 02,06,0 D7
02,06,1 03,05,1 03,06,0 04,03,1 04,04,0 04,04,1 04,05,0 R7
04,05,1 05,03,1 05,04,0 05,04,1 05,05,0 05,05,1 06,05,0 T7
05,02,1 05,03,0 06,01,1 06,02,0 06,02,1 06,03,0 07,01,0 Y7
05,01,0 05,01,1 05,02,0 06,00,1 06,01,0 07,00,0 07,00,1 Q7
05,06,0 05,06,1 05,07,0 05,07,1 05,08,0 05,08,1 05,09,0 I7
06,05,1 06,06,0 07,05,0 07,05,1 08,05,0 08,05,1 09,05,0 L7
05,09,1 06,08,0 06,08,1 06,09,0 06,09,1 07,09,0 07,09,1 H7
04,10,1 05,10,0 05,10,1 05,11,0 06,10,0 06,10,1 07,10,0 E7
08,06,0 08,06,1 09,06,0 09,06,1 09,07,0 09,07,1 10,07,0 N7
09,05,1 10,05,0 10,05,1 10,06,0 10,06,1 11,04,1 11,05,0 W7
02,12,0 02,12,1 03,11,0 03,11,1 03,12,0 04,11,0 04,11,1 Z7
03,08,1 04,07,1 04,08,0 04,08,1 04,09,0 04,09,1 04,10,0 P7
01,09,1 02,08,1 02,09,0 02,09,1 02,10,0 03,08,0 03,09,0 B7
00,09,1 00,10,0 00,10,1 01,09,0 01,10,0 01,10,1 01,11,0 S7
01,11,1 02,10,1 02,11,0 02,11,1 03,09,1 03,10,0 03,10,1 M7
03,02,1 03,03,1 03,04,0 04,01,1 04,02,0 04,02,1 04,03,0 U7
02,02,1 02,03,0 02,03,1 02,04,0 02,04,1 03,02,0 03,03,0 F7
01,04,1 01,05,0 01,05,1 02,05,0 02,05,1 03,04,1 03,05,0 C7
09,00,1 09,01,0 09,01,1 09,02,0 09,02,1 10,00,0 10,00,1 J7
07,04,1 08,02,1 08,03,0 08,03,1 08,04,0 08,04,1 09,03,0 X7
10,01,0 10,01,1 10,02,0 10,02,1 10,03,0 11,01,0 11,01,1 G7
09,03,1 09,04,0 09,04,1 10,03,1 10,04,0 10,04,1 11,03,0 A7
11,02,0 11,02,1 11,03,1 11,04,0 12,02,0 12,02,1 12,03,0 V7

                    ____
                   /    \
              ____/___   \____
             /\      /       /\
        ____/  \    /_______/  \____
       /       /\      /\           \
      /   ____/  \    /  \___________\
      \   \       \  /   /\          /
       \___\    ___\/   /  \    ____/
            \   \      /   /   /
  ____       \___\    /   /___/       ____
 /    \           \  /   /           /    \
/      \____       \/   /       ____/   ___\
\       \   \      /   /\      /       /   /
 \_______\   \____/___/  \____/_______/   /
 /        \   \       \           \       \
/   ____   \   \    ___\___________\____   \
\  /   /\  /   /   /    \      /       /\  /
 \/   /  \/   /   /      \    /       /  \/
 /    \   \  /\  /\      /    \  /\   \   \
/   ___\   \/  \/  \    /   ___\/  \___\   \
\   \      /\      /    \  /   /   /       /
 \___\    /  \    /      \/   /   /_______/
      \  /    \   \      /   /       /
       \/___   \___\    /   /_______/
            \      /    \      /
             \____/      \____/

solution 4 (107,095,645 searches):
00,06,1 00,07,0 00,07,1 01,06,0 01,06,1 01,07,0 02,06,0 D7
02,06,1 03,05,1 03,06,0 04,03,1 04,04,0 04,04,1 04,05,0 R7
04,05,1 05,03,1 05,04,0 05,04,1 05,05,0 05,05,1 06,05,0 T7
05,02,1 05,03,0 06,01,1 06,02,0 06,02,1 06,03,0 07,01,0 Y7
05,01,0 05,01,1 05,02,0 06,00,1 06,01,0 07,00,0 07,00,1 Q7
05,06,0 05,06,1 05,07,0 05,07,1 05,08,0 05,08,1 05,09,0 I7
06,05,1 06,06,0 07,05,0 07,05,1 08,05,0 08,05,1 09,05,0 L7
05,09,1 06,08,0 06,08,1 06,09,0 06,09,1 07,09,0 07,09,1 H7
04,10,1 05,10,0 05,10,1 05,11,0 06,10,0 06,10,1 07,10,0 E7
08,06,0 08,06,1 09,05,1 09,06,0 09,06,1 09,07,0 10,05,0 W7
09,07,1 10,05,1 10,06,0 10,06,1 10,07,0 11,04,1 11,05,0 N7
02,12,0 02,12,1 03,11,0 03,11,1 03,12,0 04,11,0 04,11,1 Z7
03,08,1 04,07,1 04,08,0 04,08,1 04,09,0 04,09,1 04,10,0 P7
01,09,1 02,08,1 02,09,0 02,09,1 02,10,0 03,08,0 03,09,0 B7
00,09,1 00,10,0 00,10,1 01,09,0 01,10,0 01,10,1 01,11,0 S7
01,11,1 02,10,1 02,11,0 02,11,1 03,09,1 03,10,0 03,10,1 M7
03,02,1 03,03,1 03,04,0 04,01,1 04,02,0 04,02,1 04,03,0 U7
02,02,1 02,03,0 02,03,1 02,04,0 02,04,1 03,02,0 03,03,0 F7
01,04,1 01,05,0 01,05,1 02,05,0 02,05,1 03,04,1 03,05,0 C7
09,00,1 09,01,0 09,01,1 09,02,0 09,02,1 10,00,0 10,00,1 J7
07,04,1 08,02,1 08,03,0 08,03,1 08,04,0 08,04,1 09,03,0 X7
10,01,0 10,01,1 10,02,0 10,02,1 10,03,0 11,01,0 11,01,1 G7
09,03,1 09,04,0 09,04,1 10,03,1 10,04,0 10,04,1 11,03,0 A7
11,02,0 11,02,1 11,03,1 11,04,0 12,02,0 12,02,1 12,03,0 V7

                    ____
                   /    \
              ____/___   \____
             /\      /       /\
        ____/  \    /_______/  \____
       /       /\      /\           \
      /   ____/  \    /  \___________\
      \   \       \  /   /\          /
       \___\    ___\/   /  \    ____/
            \   \      /   /   /
  ____       \___\    /   /___/       ____
 /    \           \  /   /           /\   \
/      \____       \/   /       ____/  \   \
\       \   \      /   /\      /       /   /
 \_______\   \____/___/  \____/___    /   /
 /        \   \       \           \   \   \
/   ____   \   \    ___\___________\___\   \
\  /   /\  /   /   /    \      /       /\  /
 \/   /  \/   /   /      \    /       /  \/
 /    \   \  /\  /\      /    \  /\   \   \
/   ___\   \/  \/  \    /   ___\/  \___\   \
\   \      /\      /    \  /   /   /       /
 \___\    /  \    /      \/   /   /_______/
      \  /    \   \      /   /       /
       \/___   \___\    /   /_______/
            \      /    \      /
             \____/      \____/

solution 5 (118,657,409 searches):
00,06,1 00,07,0 00,07,1 01,06,0 01,06,1 01,07,0 02,06,0 D7
02,06,1 03,05,1 03,06,0 04,04,0 04,04,1 04,05,0 04,05,1 T7
00,09,1 00,10,0 00,10,1 01,10,0 01,10,1 01,11,0 02,10,0 Q7
01,09,0 01,09,1 02,08,1 02,09,0 02,09,1 03,08,0 03,09,0 Y7
01,11,1 02,10,1 02,11,0 02,11,1 03,09,1 03,10,0 03,10,1 M7
02,12,0 02,12,1 03,11,0 03,11,1 03,12,0 04,11,0 04,11,1 Z7
03,08,1 04,07,1 04,08,0 04,08,1 04,09,0 04,09,1 04,10,0 P7
04,10,1 05,10,0 05,10,1 05,11,0 06,10,0 06,10,1 07,10,0 E7
05,09,1 06,08,0 06,08,1 06,09,0 06,09,1 07,09,0 07,09,1 H7
05,06,0 05,06,1 05,07,0 05,07,1 05,08,0 05,08,1 05,09,0 I7
06,05,1 06,06,0 07,05,0 07,05,1 08,05,0 08,05,1 08,06,0 C7
05,03,0 05,03,1 05,04,0 05,04,1 05,05,0 05,05,1 06,05,0 L7
06,01,1 06,02,0 06,02,1 06,03,0 07,00,0 07,00,1 07,01,0 N7
04,01,1 05,01,0 05,01,1 05,02,0 05,02,1 06,00,1 06,01,0 W7
09,00,1 09,01,0 09,01,1 09,02,0 09,02,1 10,00,0 10,00,1 J7
07,04,1 08,02,1 08,03,0 08,03,1 08,04,0 08,04,1 09,03,0 X7
10,01,0 10,01,1 10,02,0 11,01,0 11,01,1 11,02,0 11,02,1 U7
10,03,1 11,03,0 11,03,1 11,04,0 12,02,0 12,02,1 12,03,0 A7
09,03,1 09,04,0 09,04,1 09,05,0 09,05,1 10,02,1 10,03,0 R7
10,04,0 10,04,1 10,05,0 10,05,1 10,06,0 11,04,1 11,05,0 G7
08,06,1 09,06,0 09,06,1 09,07,0 09,07,1 10,06,1 10,07,0 S7
03,03,0 03,03,1 03,04,0 03,04,1 04,02,1 04,03,0 04,03,1 B7
02,02,1 02,03,0 02,03,1 02,04,0 03,02,0 03,02,1 04,02,0 V7
01,04,1 01,05,0 01,05,1 02,04,1 02,05,0 02,05,1 03,05,0 F7

                    ____
                   /    \
              ____/___   \____
             /\      /       /\
        ____/  \    /_______/  \____
       /        \      /\           \
      /   _______\    /  \___________\
      \  /        \  /   /\          /
       \/___    ___\/   /  \    ____/
            \   \      /   /   /
  ____       \___\    /   /___/       ____
 /    \           \  /   /           /    \
/      \____       \/   /       ____/      \
\       \   \      /   /\      /\      /\  /
 \_______\   \____/___/  \____/  \____/  \/
 /        \      /    \          /   /    \
/       ___\    /   ___\________/   /      \
\  /\  /   /   /   /    \      /   /   /\  /
 \/  \/   /___/   /      \    /   /___/  \/
 /   /       /   /\      /    \   \       \
/   /___    /___/  \    /   ___\   \____   \
\       \  /   /   /    \  /   /\  /   /   /
 \_______\/   /   /      \/   /  \/   /___/
      \       \   \      /   /       /
       \____   \   \    /   /_______/
            \  /   /    \      /
             \/___/      \____/

solution 6 (118,657,549 searches):
00,06,1 00,07,0 00,07,1 01,06,0 01,06,1 01,07,0 02,06,0 D7
02,06,1 03,05,1 03,06,0 04,04,0 04,04,1 04,05,0 04,05,1 T7
00,09,1 00,10,0 00,10,1 01,10,0 01,10,1 01,11,0 02,10,0 Q7
01,09,0 01,09,1 02,08,1 02,09,0 02,09,1 03,08,0 03,09,0 Y7
01,11,1 02,10,1 02,11,0 02,11,1 03,09,1 03,10,0 03,10,1 M7
02,12,0 02,12,1 03,11,0 03,11,1 03,12,0 04,11,0 04,11,1 Z7
03,08,1 04,07,1 04,08,0 04,08,1 04,09,0 04,09,1 04,10,0 P7
04,10,1 05,10,0 05,10,1 05,11,0 06,10,0 06,10,1 07,10,0 E7
05,09,1 06,08,0 06,08,1 06,09,0 06,09,1 07,09,0 07,09,1 H7
05,06,0 05,06,1 05,07,0 05,07,1 05,08,0 05,08,1 05,09,0 I7
06,05,1 06,06,0 07,05,0 07,05,1 08,05,0 08,05,1 08,06,0 C7
05,03,0 05,03,1 05,04,0 05,04,1 05,05,0 05,05,1 06,05,0 L7
05,02,0 05,02,1 06,01,1 06,02,0 06,02,1 06,03,0 07,01,0 W7
04,01,1 05,01,0 05,01,1 06,00,1 06,01,0 07,00,0 07,00,1 N7
09,00,1 09,01,0 09,01,1 09,02,0 09,02,1 10,00,0 10,00,1 J7
07,04,1 08,02,1 08,03,0 08,03,1 08,04,0 08,04,1 09,03,0 X7
10,01,0 10,01,1 10,02,0 11,01,0 11,01,1 11,02,0 11,02,1 U7
10,03,1 11,03,0 11,03,1 11,04,0 12,02,0 12,02,1 12,03,0 A7
09,03,1 09,04,0 09,04,1 09,05,0 09,05,1 10,02,1 10,03,0 R7
10,04,0 10,04,1 10,05,0 10,05,1 10,06,0 11,04,1 11,05,0 G7
08,06,1 09,06,0 09,06,1 09,07,0 09,07,1 10,06,1 10,07,0 S7
03,03,0 03,03,1 03,04,0 03,04,1 04,02,1 04,03,0 04,03,1 B7
02,02,1 02,03,0 02,03,1 02,04,0 03,02,0 03,02,1 04,02,0 V7
01,04,1 01,05,0 01,05,1 02,04,1 02,05,0 02,05,1 03,05,0 F7

                    ____
                   /    \
              ____/___   \____
             /\      /       /\
        ____/  \    /_______/  \____
       /        \      /\           \
      /   _______\    /  \___________\
      \  /        \  /   /\          /
       \/___    ___\/   /  \    ____/
            \   \      /   /   /
  ____       \___\    /   /___/       ____
 /    \           \  /   /           /    \
/      \____       \/   /       ____/      \
\       \   \      /   /\      /\      /\  /
 \_______\   \____/___/  \____/  \____/  \/
 /        \      /    \          /   /    \
/       ___\    /   ___\________/   /      \
\  /\  /   /   /   /    \      /   /   /\  /
 \/  \/   /___/   /      \    /   /___/  \/
 /   /       /   /\      /    \   \       \
/   /___    /___/  \    /   ___\   \____   \
\       \  /       /    \  /   /\  /   /   /
 \_______\/___    /      \/   /  \/   /___/
      \       \   \      /   /       /
       \____   \___\    /   /_______/
            \      /    \      /
             \____/      \____/

solution 7 (118,658,002 searches):
00,06,1 00,07,0 00,07,1 01,06,0 01,06,1 01,07,0 02,06,0 D7
02,06,1 03,05,1 03,06,0 04,04,0 04,04,1 04,05,0 04,05,1 T7
00,09,1 00,10,0 00,10,1 01,10,0 01,10,1 01,11,0 02,10,0 Q7
01,09,0 01,09,1 02,08,1 02,09,0 02,09,1 03,08,0 03,09,0 Y7
01,11,1 02,10,1 02,11,0 02,11,1 03,09,1 03,10,0 03,10,1 M7
02,12,0 02,12,1 03,11,0 03,11,1 03,12,0 04,11,0 04,11,1 Z7
03,08,1 04,07,1 04,08,0 04,08,1 04,09,0 04,09,1 04,10,0 P7
04,10,1 05,10,0 05,10,1 05,11,0 06,10,0 06,10,1 07,10,0 E7
05,09,1 06,08,0 06,08,1 06,09,0 06,09,1 07,09,0 07,09,1 H7
05,06,0 05,06,1 05,07,0 05,07,1 05,08,0 05,08,1 05,09,0 I7
06,05,1 06,06,0 07,04,1 07,05,0 07,05,1 08,04,0 08,04,1 F7
05,03,0 05,03,1 05,04,0 05,04,1 05,05,0 05,05,1 06,05,0 L7
06,01,1 06,02,0 06,02,1 06,03,0 07,00,0 07,00,1 07,01,0 N7
04,01,1 05,01,0 05,01,1 05,02,0 05,02,1 06,00,1 06,01,0 W7
09,00,1 09,01,0 09,01,1 09,02,0 09,02,1 10,00,0 10,00,1 J7
08,02,1 08,03,0 08,03,1 09,03,0 09,03,1 10,02,1 10,03,0 C7
10,01,0 10,01,1 10,02,0 11,01,0 11,01,1 11,02,0 11,02,1 U7
10,03,1 11,03,0 11,03,1 11,04,0 12,02,0 12,02,1 12,03,0 A7
10,04,0 10,04,1 10,05,0 10,05,1 10,06,0 11,04,1 11,05,0 G7
08,06,1 09,06,0 09,06,1 09,07,0 09,07,1 10,06,1 10,07,0 S7
08,05,0 08,05,1 08,06,0 09,04,0 09,04,1 09,05,0 09,05,1 B7
01,04,1 01,05,0 02,03,0 02,03,1 02,04,0 02,04,1 03,03,0 X7
02,02,1 03,02,0 03,02,1 04,02,0 04,02,1 04,03,0 04,03,1 R7
01,05,1 02,05,0 02,05,1 03,03,1 03,04,0 03,04,1 03,05,0 V7

                    ____
                   /    \
              ____/___   \____
             /\      /       /\
        ____/  \    /_______/  \____
       /        \      /\           \
      /   _______\    /  \___________\
      \  /        \  /   /\          /
       \/___    ___\/   /  \    ____/
            \   \      /   /   /
  ____       \___\    /   /___/       ____
 /    \           \  /   /           /    \
/      \____       \/   /       ____/      \
\       \   \      /   /\      /\      /\  /
 \_______\   \____/___/  \____/  \____/  \/
 /\       \      /    \      /       /    \
/  \____   \    /   ___\    /___    /      \
\      /   /   /   /    \      /   /   /\  /
 \    /   /___/   /      \____/___/___/  \/
 /    \  /   /   /\      /        \       \
/______\/   /___/  \    /   ____   \____   \
\          /   /   /    \  /   /\  /   /   /
 \________/   /   /      \/   /  \/   /___/
      \       \   \      /   /       /
       \____   \   \    /   /_______/
            \  /   /    \      /
             \/___/      \____/

solution 8 (118,658,119 searches):
00,06,1 00,07,0 00,07,1 01,06,0 01,06,1 01,07,0 02,06,0 D7
02,06,1 03,05,1 03,06,0 04,04,0 04,04,1 04,05,0 04,05,1 T7
00,09,1 00,10,0 00,10,1 01,10,0 01,10,1 01,11,0 02,10,0 Q7
01,09,0 01,09,1 02,08,1 02,09,0 02,09,1 03,08,0 03,09,0 Y7
01,11,1 02,10,1 02,11,0 02,11,1 03,09,1 03,10,0 03,10,1 M7
02,12,0 02,12,1 03,11,0 03,11,1 03,12,0 04,11,0 04,11,1 Z7
03,08,1 04,07,1 04,08,0 04,08,1 04,09,0 04,09,1 04,10,0 P7
04,10,1 05,10,0 05,10,1 05,11,0 06,10,0 06,10,1 07,10,0 E7
05,09,1 06,08,0 06,08,1 06,09,0 06,09,1 07,09,0 07,09,1 H7
05,06,0 05,06,1 05,07,0 05,07,1 05,08,0 05,08,1 05,09,0 I7
06,05,1 06,06,0 07,04,1 07,05,0 07,05,1 08,04,0 08,04,1 F7
05,03,0 05,03,1 05,04,0 05,04,1 05,05,0 05,05,1 06,05,0 L7
05,02,0 05,02,1 06,01,1 06,02,0 06,02,1 06,03,0 07,01,0 W7
04,01,1 05,01,0 05,01,1 06,00,1 06,01,0 07,00,0 07,00,1 N7
09,00,1 09,01,0 09,01,1 09,02,0 09,02,1 10,00,0 10,00,1 J7
08,02,1 08,03,0 08,03,1 09,03,0 09,03,1 10,02,1 10,03,0 C7
10,01,0 10,01,1 10,02,0 11,01,0 11,01,1 11,02,0 11,02,1 U7
10,03,1 11,03,0 11,03,1 11,04,0 12,02,0 12,02,1 12,03,0 A7
10,04,0 10,04,1 10,05,0 10,05,1 10,06,0 11,04,1 11,05,0 G7
08,06,1 09,06,0 09,06,1 09,07,0 09,07,1 10,06,1 10,07,0 S7
08,05,0 08,05,1 08,06,0 09,04,0 09,04,1 09,05,0 09,05,1 B7
01,04,1 01,05,0 02,03,0 02,03,1 02,04,0 02,04,1 03,03,0 X7
02,02,1 03,02,0 03,02,1 04,02,0 04,02,1 04,03,0 04,03,1 R7
01,05,1 02,05,0 02,05,1 03,03,1 03,04,0 03,04,1 03,05,0 V7

                    ____
                   /    \
              ____/___   \____
             /\      /       /\
        ____/  \    /_______/  \____
       /        \      /\           \
      /   _______\    /  \___________\
      \  /        \  /   /\          /
       \/___    ___\/   /  \    ____/
            \   \      /   /   /
  ____       \___\    /   /___/       ____
 /    \           \  /   /           /    \
/      \____       \/   /       ____/      \
\       \   \      /   /\      /\      /\  /
 \_______\   \____/___/  \____/  \____/  \/
 /\       \      /    \      /       /    \
/  \____   \    /   ___\    /___    /      \
\      /   /   /   /    \      /   /   /\  /
 \    /   /___/   /      \____/___/___/  \/
 /    \  /   /   /\      /        \       \
/______\/   /___/  \    /   ____   \____   \
\          /       /    \  /   /\  /   /   /
 \________/___    /      \/   /  \/   /___/
      \       \   \      /   /       /
       \____   \___\    /   /_______/
            \      /    \      /
             \____/      \____/

solution 9 (118,659,456 searches):
00,06,1 00,07,0 00,07,1 01,06,0 01,06,1 01,07,0 02,06,0 D7
02,06,1 03,05,1 03,06,0 04,04,0 04,04,1 04,05,0 04,05,1 T7
00,09,1 00,10,0 00,10,1 01,10,0 01,10,1 01,11,0 02,10,0 Q7
01,09,0 01,09,1 02,08,1 02,09,0 02,09,1 03,08,0 03,09,0 Y7
01,11,1 02,10,1 02,11,0 02,11,1 03,09,1 03,10,0 03,10,1 M7
02,12,0 02,12,1 03,11,0 03,11,1 03,12,0 04,11,0 04,11,1 Z7
03,08,1 04,07,1 04,08,0 04,08,1 04,09,0 04,09,1 04,10,0 P7
04,10,1 05,10,0 05,10,1 05,11,0 06,10,0 06,10,1 07,10,0 E7
05,09,1 06,08,0 06,08,1 06,09,0 06,09,1 07,09,0 07,09,1 H7
05,06,0 05,06,1 05,07,0 05,07,1 05,08,0 05,08,1 05,09,0 I7
06,05,1 06,06,0 07,04,1 07,05,0 08,04,0 08,04,1 09,04,0 R7
05,03,0 05,03,1 05,04,0 05,04,1 05,05,0 05,05,1 06,05,0 L7
07,05,1 08,05,0 08,05,1 08,06,0 09,04,1 09,05,0 09,05,1 X7
06,01,1 06,02,0 06,02,1 06,03,0 07,00,0 07,00,1 07,01,0 N7
04,01,1 05,01,0 05,01,1 05,02,0 05,02,1 06,00,1 06,01,0 W7
08,06,1 09,06,0 09,06,1 09,07,0 09,07,1 10,06,1 10,07,0 S7
10,04,0 10,04,1 10,05,0 10,05,1 10,06,0 11,04,1 11,05,0 G7
10,03,1 11,03,0 11,03,1 11,04,0 12,02,0 12,02,1 12,03,0 A7
10,01,0 10,01,1 10,02,0 11,01,0 11,01,1 11,02,0 11,02,1 U7
09,00,1 09,01,0 09,01,1 09,02,0 09,02,1 10,00,0 10,00,1 J7
08,02,1 08,03,0 08,03,1 09,03,0 09,03,1 10,02,1 10,03,0 C7
03,03,0 03,03,1 03,04,0 03,04,1 04,02,1 04,03,0 04,03,1 B7
02,02,1 02,03,0 02,03,1 02,04,0 03,02,0 03,02,1 04,02,0 V7
01,04,1 01,05,0 01,05,1 02,04,1 02,05,0 02,05,1 03,05,0 F7

                    ____
                   /    \
              ____/___   \____
             /\      /       /\
        ____/  \    /_______/  \____
       /        \      /\           \
      /   _______\    /  \___________\
      \  /        \  /   /\          /
       \/___    ___\/   /  \    ____/
            \   \      /   /   /
  ____       \___\    /   /___/       ____
 /    \           \  /   /           /    \
/      \____       \/   /       ____/      \
\       \   \      /   /\      /\      /\  /
 \_______\   \____/___/  \____/  \____/  \/
 /        \      /    \   \          /    \
/       ___\    /   ___\   \____    /      \
\  /\  /   /   /   /    \       \  /   /\  /
 \/  \/   /___/   /      \_______\/___/  \/
 /   /       /   /\      /        \       \
/   /___    /___/  \    /   ____   \____   \
\       \  /   /   /    \  /   /\  /   /   /
 \_______\/   /   /      \/   /  \/   /___/
      \       \   \      /   /       /
       \____   \   \    /   /_______/
            \  /   /    \      /
             \/___/      \____/

solution 10 (118,659,510 searches):
00,06,1 00,07,0 00,07,1 01,06,0 01,06,1 01,07,0 02,06,0 D7
02,06,1 03,05,1 03,06,0 04,04,0 04,04,1 04,05,0 04,05,1 T7
00,09,1 00,10,0 00,10,1 01,10,0 01,10,1 01,11,0 02,10,0 Q7
01,09,0 01,09,1 02,08,1 02,09,0 02,09,1 03,08,0 03,09,0 Y7
01,11,1 02,10,1 02,11,0 02,11,1 03,09,1 03,10,0 03,10,1 M7
02,12,0 02,12,1 03,11,0 03,11,1 03,12,0 04,11,0 04,11,1 Z7
03,08,1 04,07,1 04,08,0 04,08,1 04,09,0 04,09,1 04,10,0 P7
04,10,1 05,10,0 05,10,1 05,11,0 06,10,0 06,10,1 07,10,0 E7
05,09,1 06,08,0 06,08,1 06,09,0 06,09,1 07,09,0 07,09,1 H7
05,06,0 05,06,1 05,07,0 05,07,1 05,08,0 05,08,1 05,09,0 I7
06,05,1 06,06,0 07,04,1 07,05,0 08,04,0 08,04,1 09,04,0 R7
05,03,0 05,03,1 05,04,0 05,04,1 05,05,0 05,05,1 06,05,0 L7
07,05,1 08,05,0 08,05,1 08,06,0 09,04,1 09,05,0 09,05,1 X7
05,02,0 05,02,1 06,01,1 06,02,0 06,02,1 06,03,0 07,01,0 W7
04,01,1 05,01,0 05,01,1 06,00,1 06,01,0 07,00,0 07,00,1 N7
08,06,1 09,06,0 09,06,1 09,07,0 09,07,1 10,06,1 10,07,0 S7
10,04,0 10,04,1 10,05,0 10,05,1 10,06,0 11,04,1 11,05,0 G7
10,03,1 11,03,0 11,03,1 11,04,0 12,02,0 12,02,1 12,03,0 A7
10,01,0 10,01,1 10,02,0 11,01,0 11,01,1 11,02,0 11,02,1 U7
09,00,1 09,01,0 09,01,1 09,02,0 09,02,1 10,00,0 10,00,1 J7
08,02,1 08,03,0 08,03,1 09,03,0 09,03,1 10,02,1 10,03,0 C7
03,03,0 03,03,1 03,04,0 03,04,1 04,02,1 04,03,0 04,03,1 B7
02,02,1 02,03,0 02,03,1 02,04,0 03,02,0 03,02,1 04,02,0 V7
01,04,1 01,05,0 01,05,1 02,04,1 02,05,0 02,05,1 03,05,0 F7

                    ____
                   /    \
              ____/___   \____
             /\      /       /\
        ____/  \    /_______/  \____
       /        \      /\           \
      /   _______\    /  \___________\
      \  /        \  /   /\          /
       \/___    ___\/   /  \    ____/
            \   \      /   /   /
  ____       \___\    /   /___/       ____
 /    \           \  /   /           /    \
/      \____       \/   /       ____/      \
\       \   \      /   /\      /\      /\  /
 \_______\   \____/___/  \____/  \____/  \/
 /        \      /    \   \          /    \
/       ___\    /   ___\   \____    /      \
\  /\  /   /   /   /    \       \  /   /\  /
 \/  \/   /___/   /      \_______\/___/  \/
 /   /       /   /\      /        \       \
/   /___    /___/  \    /   ____   \____   \
\       \  /       /    \  /   /\  /   /   /
 \_______\/___    /      \/   /  \/   /___/
      \       \   \      /   /       /
       \____   \___\    /   /_______/
            \      /    \      /
             \____/      \____/

User-requested solution limit reached.
10 solutions, 118,659,510 searches, duration 1:15:58.749971
