solving HeptiamondsHexgridRosettes1:

solution 1 (272,127 searches):
00,09,1 00,10,0 00,10,1 01,09,1 01,10,0 01,10,1 02,09,0 A7
01,11,0 01,11,1 02,10,0 02,10,1 02,11,0 03,09,1 03,10,0 F7
03,10,1 04,09,0 04,09,1 04,10,0 05,08,1 05,09,0 06,08,0 E7
02,08,1 02,09,1 03,07,1 03,08,0 03,08,1 03,09,0 04,08,0 B7
04,07,0 04,07,1 04,08,1 05,07,0 05,07,1 05,08,0 06,07,0 G7
01,07,1 01,08,0 01,08,1 01,09,0 02,07,0 02,07,1 02,08,0 D7
05,09,1 06,07,1 06,08,1 06,09,0 07,07,0 07,07,1 07,08,0 J7
06,10,0 06,10,1 07,09,1 07,10,0 08,09,0 08,09,1 09,09,0 N7
06,09,1 07,08,1 07,09,0 08,07,0 08,07,1 08,08,0 09,07,0 P7
08,08,1 09,07,1 09,08,0 09,08,1 10,06,0 10,06,1 10,07,0 Q7
09,03,1 09,04,0 09,04,1 09,05,0 09,05,1 09,06,0 09,06,1 I7
10,02,0 10,02,1 10,03,0 10,03,1 10,04,0 11,01,1 11,02,0 H7
06,06,1 07,05,1 07,06,0 07,06,1 08,05,1 08,06,0 08,06,1 M7
09,01,1 09,02,0 09,02,1 09,03,0 10,01,0 10,01,1 11,01,0 V7
08,01,1 08,02,0 08,02,1 09,00,1 09,01,0 10,00,0 10,00,1 C7
07,04,1 07,05,0 08,03,0 08,03,1 08,04,0 08,04,1 08,05,0 Y7
06,02,0 06,02,1 07,01,1 07,02,0 07,02,1 07,03,0 08,01,0 W7
05,04,1 05,05,0 06,03,1 06,04,0 06,04,1 07,03,1 07,04,0 Z7
02,06,1 03,06,0 03,06,1 03,07,0 04,05,1 04,06,0 04,06,1 X7
03,05,0 03,05,1 04,04,1 04,05,0 05,03,1 05,04,0 06,03,0 L7
01,04,1 01,05,0 01,05,1 02,04,0 02,05,0 02,05,1 02,06,0 S7
02,02,1 03,02,0 03,02,1 04,01,1 04,02,0 04,02,1 04,03,0 T7
02,03,0 02,03,1 02,04,1 03,03,0 03,03,1 03,04,0 03,04,1 U7
04,03,1 04,04,0 05,01,0 05,01,1 05,02,0 05,02,1 05,03,0 R7

              ____
             /    \
        ____/___   \____        ____
       /       /    \   \      /    \
      /       /___   \   \____/___   \____
      \  /\   \   \  /    \   \   \       \
       \/  \___\   \/___   \   \   \_______\
       /    \       \   \   \   \   \      /
      /      \    ___\   \___\   \   \    /
      \      /\  /        \      /    \   \
       \____/  \/__________\____/______\   \
       /\          /    \          /   /   /
  ____/  \____    /      \        /   /___/
 /       /    \  /\      /\  /\  /   /
/   ____/___   \/  \____/  \/  \/   /
\   \      /\   \       \      /   /\
 \___\    /  \   \       \    /   /  \
 /       /\   \   \  /\  /   /\  /   /
/_______/  \   \___\/  \/___/  \/   /
\          /   /       /   /   /    \
 \____    /   /___    /   /   /___   \
      \  /   /    \   \   \       \  /
       \/___/      \___\   \_______\/
                        \      /
                         \____/

solution 2 (363,226 searches):
00,09,1 00,10,0 00,10,1 01,09,1 01,10,0 01,10,1 02,09,0 A7
01,11,0 01,11,1 02,10,0 02,10,1 02,11,0 03,09,1 03,10,0 F7
03,10,1 04,09,0 04,09,1 04,10,0 05,08,1 05,09,0 06,08,0 E7
02,08,1 02,09,1 03,07,1 03,08,0 03,08,1 03,09,0 04,08,0 B7
04,07,0 04,07,1 04,08,1 05,07,0 05,07,1 05,08,0 06,07,0 G7
01,07,1 01,08,0 01,08,1 01,09,0 02,07,0 02,07,1 02,08,0 D7
05,09,1 06,07,1 06,08,1 06,09,0 07,07,0 07,07,1 07,08,0 J7
06,10,0 06,10,1 07,09,1 07,10,0 08,09,0 08,09,1 09,09,0 N7
06,09,1 07,08,1 07,09,0 08,07,0 08,07,1 08,08,0 09,07,0 P7
08,08,1 09,07,1 09,08,0 09,08,1 10,06,0 10,06,1 10,07,0 Q7
09,04,1 09,05,0 09,05,1 09,06,0 09,06,1 10,03,1 10,04,0 R7
06,06,1 07,05,1 07,06,0 07,06,1 08,05,1 08,06,0 08,06,1 M7
02,06,1 03,06,0 03,06,1 03,07,0 04,05,1 04,06,0 04,06,1 X7
08,04,1 08,05,0 09,03,1 09,04,0 10,02,1 10,03,0 11,02,0 I7
10,00,0 10,00,1 10,01,0 10,01,1 10,02,0 11,01,0 11,01,1 H7
07,01,1 07,02,1 08,01,0 08,01,1 08,02,0 09,00,1 09,01,0 Y7
08,02,1 08,03,1 08,04,0 09,01,1 09,02,0 09,02,1 09,03,0 U7
06,04,0 06,04,1 07,03,1 07,04,0 07,04,1 07,05,0 08,03,0 W7
05,03,1 05,04,0 05,04,1 05,05,0 06,03,0 06,03,1 07,03,0 V7
05,01,1 05,02,0 05,02,1 05,03,0 06,02,0 06,02,1 07,02,0 T7
04,01,1 04,02,0 04,02,1 04,03,0 04,03,1 04,04,0 05,01,0 L7
02,05,1 02,06,0 03,04,1 03,05,0 03,05,1 04,04,1 04,05,0 Z7
02,02,1 02,04,1 03,02,0 03,02,1 03,03,0 03,03,1 03,04,0 C7
01,04,1 01,05,0 01,05,1 02,03,0 02,03,1 02,04,0 02,05,0 S7

              ____
             /    \
        ____/___   \____        ____
       /       /    \   \      /    \
      /       /___   \   \____/___   \____
      \  /\   \   \  /    \   \   \       \
       \/  \___\   \/___   \   \   \_______\
       /    \       \   \   \   \   \      /
      /      \    ___\   \___\   \   \    /
      \      /\  /        \      /    \   \
       \____/  \/__________\____/______\   \
       /\          /    \          /   /   /
  ____/  \____    /      \        /   /___/
 /    \       \  /\      /\  /\  /   /
/   ___\       \/  \____/  \/  \/   /
\   \   \  /\  /   /       /\   \   \
 \   \   \/  \/   /___    /  \   \   \
 /   /   /   /\       \   \   \   \  /
/___/   /   /  \_______\___\   \   \/
\      /   /        \   \      /\   \
 \____/   /   _______\   \    /  \___\
      \   \  /    \       \  /       /
       \___\/      \____   \/   ____/
                        \  /   /
                         \/___/

solution 3 (363,229 searches):
00,09,1 00,10,0 00,10,1 01,09,1 01,10,0 01,10,1 02,09,0 A7
01,11,0 01,11,1 02,10,0 02,10,1 02,11,0 03,09,1 03,10,0 F7
03,10,1 04,09,0 04,09,1 04,10,0 05,08,1 05,09,0 06,08,0 E7
02,08,1 02,09,1 03,07,1 03,08,0 03,08,1 03,09,0 04,08,0 B7
04,07,0 04,07,1 04,08,1 05,07,0 05,07,1 05,08,0 06,07,0 G7
01,07,1 01,08,0 01,08,1 01,09,0 02,07,0 02,07,1 02,08,0 D7
05,09,1 06,07,1 06,08,1 06,09,0 07,07,0 07,07,1 07,08,0 J7
06,10,0 06,10,1 07,09,1 07,10,0 08,09,0 08,09,1 09,09,0 N7
06,09,1 07,08,1 07,09,0 08,07,0 08,07,1 08,08,0 09,07,0 P7
08,08,1 09,07,1 09,08,0 09,08,1 10,06,0 10,06,1 10,07,0 Q7
09,04,1 09,05,0 09,05,1 09,06,0 09,06,1 10,03,1 10,04,0 R7
06,06,1 07,05,1 07,06,0 07,06,1 08,05,1 08,06,0 08,06,1 M7
02,06,1 03,06,0 03,06,1 03,07,0 04,05,1 04,06,0 04,06,1 X7
08,04,1 08,05,0 09,03,1 09,04,0 10,02,1 10,03,0 11,02,0 I7
10,00,0 10,00,1 10,01,0 10,01,1 10,02,0 11,01,0 11,01,1 H7
07,01,1 07,02,1 08,01,0 08,01,1 08,02,0 09,00,1 09,01,0 Y7
08,02,1 08,03,1 08,04,0 09,01,1 09,02,0 09,02,1 09,03,0 U7
06,04,0 06,04,1 07,03,1 07,04,0 07,04,1 07,05,0 08,03,0 W7
05,03,1 05,04,0 05,04,1 05,05,0 06,03,0 06,03,1 07,03,0 V7
05,01,1 05,02,0 05,02,1 05,03,0 06,02,0 06,02,1 07,02,0 T7
04,01,1 04,02,0 04,02,1 04,03,0 04,03,1 04,04,0 05,01,0 L7
02,05,1 02,06,0 03,04,1 03,05,0 03,05,1 04,04,1 04,05,0 Z7
01,05,0 01,05,1 02,04,1 02,05,0 03,03,0 03,03,1 03,04,0 C7
01,04,1 02,02,1 02,03,0 02,03,1 02,04,0 03,02,0 03,02,1 S7

              ____
             /    \
        ____/___   \____        ____
       /       /    \   \      /    \
      /       /___   \   \____/___   \____
      \  /\   \   \  /    \   \   \       \
       \/  \___\   \/___   \   \   \_______\
       /    \       \   \   \   \   \      /
      /      \    ___\   \___\   \   \    /
      \      /\  /        \      /    \   \
       \____/  \/__________\____/______\   \
       /\          /    \          /   /   /
  ____/  \____    /      \        /   /___/
 /    \       \  /\      /\  /\  /   /
/___   \       \/  \____/  \/  \/   /
\   \   \  /\  /   /       /\   \   \
 \   \   \/  \/   /___    /  \   \   \
 /   /   /   /\       \   \   \   \  /
/   /___/   /  \_______\___\   \   \/
\      /   /        \   \      /\   \
 \____/   /   _______\   \    /  \___\
      \   \  /    \       \  /       /
       \___\/      \____   \/   ____/
                        \  /   /
                         \/___/

solution 4 (502,088 searches):
00,09,1 00,10,0 00,10,1 01,09,1 01,10,0 01,10,1 02,09,0 A7
01,11,0 01,11,1 02,10,0 02,10,1 02,11,0 03,09,1 03,10,0 F7
03,10,1 04,09,0 04,09,1 04,10,0 05,08,1 05,09,0 06,08,0 E7
02,08,1 02,09,1 03,07,1 03,08,0 03,08,1 03,09,0 04,08,0 B7
04,07,0 04,07,1 04,08,1 05,07,0 05,07,1 05,08,0 06,07,0 G7
01,07,1 01,08,0 01,08,1 01,09,0 02,07,0 02,07,1 02,08,0 D7
05,09,1 06,07,1 06,08,1 06,09,0 07,07,0 07,07,1 07,08,0 J7
06,10,0 06,10,1 07,09,1 07,10,0 08,08,1 08,09,0 08,09,1 Q7
06,09,1 07,08,1 07,09,0 08,07,0 08,07,1 08,08,0 09,07,0 P7
09,07,1 09,08,0 09,08,1 09,09,0 10,06,0 10,06,1 10,07,0 N7
09,03,1 09,04,0 09,04,1 09,05,0 09,05,1 09,06,0 09,06,1 I7
10,02,0 10,02,1 10,03,0 10,03,1 10,04,0 11,01,1 11,02,0 H7
06,06,1 07,05,1 07,06,0 07,06,1 08,05,1 08,06,0 08,06,1 M7
09,01,1 09,02,0 09,02,1 09,03,0 10,01,0 10,01,1 11,01,0 V7
08,01,1 08,02,0 08,02,1 09,00,1 09,01,0 10,00,0 10,00,1 C7
07,04,1 07,05,0 08,03,0 08,03,1 08,04,0 08,04,1 08,05,0 Y7
06,02,0 06,02,1 07,01,1 07,02,0 07,02,1 07,03,0 08,01,0 W7
05,04,1 05,05,0 06,03,1 06,04,0 06,04,1 07,03,1 07,04,0 Z7
02,06,1 03,06,0 03,06,1 03,07,0 04,05,1 04,06,0 04,06,1 X7
03,05,0 03,05,1 04,04,1 04,05,0 05,03,1 05,04,0 06,03,0 L7
01,04,1 01,05,0 01,05,1 02,04,0 02,05,0 02,05,1 02,06,0 S7
02,02,1 03,02,0 03,02,1 04,01,1 04,02,0 04,02,1 04,03,0 T7
02,03,0 02,03,1 02,04,1 03,03,0 03,03,1 03,04,0 03,04,1 U7
04,03,1 04,04,0 05,01,0 05,01,1 05,02,0 05,02,1 05,03,0 R7

              ____
             /    \
        ____/___   \____        ____
       /       /    \   \      /    \
      /       /___   \   \____/___   \____
      \  /\   \   \  /    \   \   \      /\
       \/  \___\   \/___   \   \   \    /  \
       /    \       \   \   \   \   \  /   /
      /      \    ___\   \___\   \   \/   /
      \      /\  /        \      /    \   \
       \____/  \/__________\____/______\   \
       /\          /    \          /   /   /
  ____/  \____    /      \        /   /___/
 /       /    \  /\      /\  /\  /   /
/   ____/___   \/  \____/  \/  \/   /
\   \      /\   \       \      /   /\
 \___\    /  \   \       \    /   /  \
 /       /\   \   \  /\  /   /\  /   /
/_______/  \   \___\/  \/___/  \/   /
\          /   /       /   /   /    \
 \____    /   /___    /   /   /___   \
      \  /   /    \   \   \       \  /
       \/___/      \___\   \_______\/
                        \      /
                         \____/

solution 5 (593,187 searches):
00,09,1 00,10,0 00,10,1 01,09,1 01,10,0 01,10,1 02,09,0 A7
01,11,0 01,11,1 02,10,0 02,10,1 02,11,0 03,09,1 03,10,0 F7
03,10,1 04,09,0 04,09,1 04,10,0 05,08,1 05,09,0 06,08,0 E7
02,08,1 02,09,1 03,07,1 03,08,0 03,08,1 03,09,0 04,08,0 B7
04,07,0 04,07,1 04,08,1 05,07,0 05,07,1 05,08,0 06,07,0 G7
01,07,1 01,08,0 01,08,1 01,09,0 02,07,0 02,07,1 02,08,0 D7
05,09,1 06,07,1 06,08,1 06,09,0 07,07,0 07,07,1 07,08,0 J7
06,10,0 06,10,1 07,09,1 07,10,0 08,08,1 08,09,0 08,09,1 Q7
06,09,1 07,08,1 07,09,0 08,07,0 08,07,1 08,08,0 09,07,0 P7
09,07,1 09,08,0 09,08,1 09,09,0 10,06,0 10,06,1 10,07,0 N7
09,04,1 09,05,0 09,05,1 09,06,0 09,06,1 10,03,1 10,04,0 R7
06,06,1 07,05,1 07,06,0 07,06,1 08,05,1 08,06,0 08,06,1 M7
02,06,1 03,06,0 03,06,1 03,07,0 04,05,1 04,06,0 04,06,1 X7
08,04,1 08,05,0 09,03,1 09,04,0 10,02,1 10,03,0 11,02,0 I7
10,00,0 10,00,1 10,01,0 10,01,1 10,02,0 11,01,0 11,01,1 H7
07,01,1 07,02,1 08,01,0 08,01,1 08,02,0 09,00,1 09,01,0 Y7
08,02,1 08,03,1 08,04,0 09,01,1 09,02,0 09,02,1 09,03,0 U7
06,04,0 06,04,1 07,03,1 07,04,0 07,04,1 07,05,0 08,03,0 W7
05,03,1 05,04,0 05,04,1 05,05,0 06,03,0 06,03,1 07,03,0 V7
05,01,1 05,02,0 05,02,1 05,03,0 06,02,0 06,02,1 07,02,0 T7
04,01,1 04,02,0 04,02,1 04,03,0 04,03,1 04,04,0 05,01,0 L7
02,05,1 02,06,0 03,04,1 03,05,0 03,05,1 04,04,1 04,05,0 Z7
02,02,1 02,04,1 03,02,0 03,02,1 03,03,0 03,03,1 03,04,0 C7
01,04,1 01,05,0 01,05,1 02,03,0 02,03,1 02,04,0 02,05,0 S7

              ____
             /    \
        ____/___   \____        ____
       /       /    \   \      /    \
      /       /___   \   \____/___   \____
      \  /\   \   \  /    \   \   \      /\
       \/  \___\   \/___   \   \   \    /  \
       /    \       \   \   \   \   \  /   /
      /      \    ___\   \___\   \   \/   /
      \      /\  /        \      /    \   \
       \____/  \/__________\____/______\   \
       /\          /    \          /   /   /
  ____/  \____    /      \        /   /___/
 /    \       \  /\      /\  /\  /   /
/   ___\       \/  \____/  \/  \/   /
\   \   \  /\  /   /       /\   \   \
 \   \   \/  \/   /___    /  \   \   \
 /   /   /   /\       \   \   \   \  /
/___/   /   /  \_______\___\   \   \/
\      /   /        \   \      /\   \
 \____/   /   _______\   \    /  \___\
      \   \  /    \       \  /       /
       \___\/      \____   \/   ____/
                        \  /   /
                         \/___/

solution 6 (593,190 searches):
00,09,1 00,10,0 00,10,1 01,09,1 01,10,0 01,10,1 02,09,0 A7
01,11,0 01,11,1 02,10,0 02,10,1 02,11,0 03,09,1 03,10,0 F7
03,10,1 04,09,0 04,09,1 04,10,0 05,08,1 05,09,0 06,08,0 E7
02,08,1 02,09,1 03,07,1 03,08,0 03,08,1 03,09,0 04,08,0 B7
04,07,0 04,07,1 04,08,1 05,07,0 05,07,1 05,08,0 06,07,0 G7
01,07,1 01,08,0 01,08,1 01,09,0 02,07,0 02,07,1 02,08,0 D7
05,09,1 06,07,1 06,08,1 06,09,0 07,07,0 07,07,1 07,08,0 J7
06,10,0 06,10,1 07,09,1 07,10,0 08,08,1 08,09,0 08,09,1 Q7
06,09,1 07,08,1 07,09,0 08,07,0 08,07,1 08,08,0 09,07,0 P7
09,07,1 09,08,0 09,08,1 09,09,0 10,06,0 10,06,1 10,07,0 N7
09,04,1 09,05,0 09,05,1 09,06,0 09,06,1 10,03,1 10,04,0 R7
06,06,1 07,05,1 07,06,0 07,06,1 08,05,1 08,06,0 08,06,1 M7
02,06,1 03,06,0 03,06,1 03,07,0 04,05,1 04,06,0 04,06,1 X7
08,04,1 08,05,0 09,03,1 09,04,0 10,02,1 10,03,0 11,02,0 I7
10,00,0 10,00,1 10,01,0 10,01,1 10,02,0 11,01,0 11,01,1 H7
07,01,1 07,02,1 08,01,0 08,01,1 08,02,0 09,00,1 09,01,0 Y7
08,02,1 08,03,1 08,04,0 09,01,1 09,02,0 09,02,1 09,03,0 U7
06,04,0 06,04,1 07,03,1 07,04,0 07,04,1 07,05,0 08,03,0 W7
05,03,1 05,04,0 05,04,1 05,05,0 06,03,0 06,03,1 07,03,0 V7
05,01,1 05,02,0 05,02,1 05,03,0 06,02,0 06,02,1 07,02,0 T7
04,01,1 04,02,0 04,02,1 04,03,0 04,03,1 04,04,0 05,01,0 L7
02,05,1 02,06,0 03,04,1 03,05,0 03,05,1 04,04,1 04,05,0 Z7
01,05,0 01,05,1 02,04,1 02,05,0 03,03,0 03,03,1 03,04,0 C7
01,04,1 02,02,1 02,03,0 02,03,1 02,04,0 03,02,0 03,02,1 S7

              ____
             /    \
        ____/___   \____        ____
       /       /    \   \      /    \
      /       /___   \   \____/___   \____
      \  /\   \   \  /    \   \   \      /\
       \/  \___\   \/___   \   \   \    /  \
       /    \       \   \   \   \   \  /   /
      /      \    ___\   \___\   \   \/   /
      \      /\  /        \      /    \   \
       \____/  \/__________\____/______\   \
       /\          /    \          /   /   /
  ____/  \____    /      \        /   /___/
 /    \       \  /\      /\  /\  /   /
/___   \       \/  \____/  \/  \/   /
\   \   \  /\  /   /       /\   \   \
 \   \   \/  \/   /___    /  \   \   \
 /   /   /   /\       \   \   \   \  /
/   /___/   /  \_______\___\   \   \/
\      /   /        \   \      /\   \
 \____/   /   _______\   \    /  \___\
      \   \  /    \       \  /       /
       \___\/      \____   \/   ____/
                        \  /   /
                         \/___/

solution 7 (621,373 searches):
00,09,1 00,10,0 00,10,1 01,09,1 01,10,0 01,10,1 02,09,0 A7
01,11,0 01,11,1 02,10,0 02,10,1 02,11,0 03,09,1 03,10,0 F7
03,10,1 04,09,0 04,09,1 04,10,0 05,08,1 05,09,0 06,08,0 E7
02,08,1 02,09,1 03,07,1 03,08,0 03,08,1 03,09,0 04,08,0 B7
04,07,0 04,07,1 04,08,1 05,07,0 05,07,1 05,08,0 06,07,0 G7
01,07,1 01,08,0 01,08,1 01,09,0 02,07,0 02,07,1 02,08,0 D7
05,09,1 06,07,1 06,08,1 06,09,0 07,07,0 07,07,1 07,08,0 J7
06,10,0 06,10,1 07,09,1 07,10,0 08,08,1 08,09,0 08,09,1 Q7
06,09,1 07,08,1 07,09,0 08,06,1 08,07,0 08,07,1 08,08,0 R7
09,07,0 09,07,1 09,08,0 09,08,1 09,09,0 10,06,1 10,07,0 H7
09,04,0 09,04,1 09,05,0 09,05,1 09,06,0 09,06,1 10,06,0 L7
09,02,1 10,02,0 10,02,1 10,03,0 10,03,1 10,04,0 11,02,0 T7
09,00,1 10,00,0 10,00,1 10,01,0 10,01,1 11,01,0 11,01,1 N7
06,06,1 07,06,0 07,06,1 08,04,1 08,05,0 08,05,1 08,06,0 V7
07,04,1 07,05,0 07,05,1 08,03,1 08,04,0 09,03,0 09,03,1 C7
06,04,1 07,03,1 07,04,0 08,02,1 08,03,0 09,01,1 09,02,0 I7
06,03,1 07,02,1 07,03,0 08,01,0 08,01,1 08,02,0 09,01,0 P7
05,02,1 05,03,1 06,02,0 06,02,1 06,03,0 07,01,1 07,02,0 Y7
03,05,1 04,04,1 04,05,0 05,04,0 05,04,1 05,05,0 06,04,0 U7
02,06,1 03,06,0 03,06,1 03,07,0 04,05,1 04,06,0 04,06,1 X7
02,05,0 02,05,1 02,06,0 03,04,0 03,04,1 03,05,0 04,04,0 M7
01,04,1 01,05,0 01,05,1 02,03,0 02,03,1 02,04,0 02,04,1 Z7
02,02,1 03,02,0 03,02,1 03,03,0 03,03,1 04,01,1 04,02,0 W7
04,02,1 04,03,0 04,03,1 05,01,0 05,01,1 05,02,0 05,03,0 S7

              ____
             /    \
        ____/___   \____        ____
       /       /    \   \      /    \
      /       /___   \   \____/___   \____
      \  /\   \   \  /    \   \   \      /\
       \/  \___\   \/___   \   \   \    /  \
       /    \       \   \   \   \   \  /   /
      /      \    ___\   \___\   \   \/   /
      \      /\  /        \      /   /    \
       \____/  \/__________\____/   /___   \
       /\          /    \       \  /    \  /
  ____/  \____    /      \____   \/   ___\/
 /   /    \   \  /\      /   /   /   /
/   /___   \   \/  \____/   /   /   /
\      /    \       \   \   \  /   /\
 \    /______\_______\   \   \/___/  \
 /   /   /    \   \   \   \      /   /
/___/   /   ___\   \   \   \____/   /
\       \   \       \   \   \       \
 \____   \   \____   \   \   \_______\
      \  /   /    \  /    \  /       /
       \/___/      \/______\/   ____/
                        \      /
                         \____/

solution 8 (742,720 searches):
00,09,1 00,10,0 00,10,1 01,09,1 01,10,0 01,10,1 02,09,0 A7
01,11,0 01,11,1 02,10,0 02,10,1 02,11,0 03,09,1 03,10,0 F7
03,10,1 04,09,0 04,09,1 04,10,0 05,08,1 05,09,0 06,08,0 E7
02,08,1 02,09,1 03,07,1 03,08,0 03,08,1 03,09,0 04,08,0 B7
04,07,0 04,07,1 04,08,1 05,07,0 05,07,1 05,08,0 06,07,0 G7
01,07,1 01,08,0 01,08,1 01,09,0 02,07,0 02,07,1 02,08,0 D7
05,09,1 06,07,1 06,08,1 06,09,0 07,07,0 07,07,1 07,08,0 J7
06,09,1 06,10,0 06,10,1 07,09,1 07,10,0 08,09,0 08,09,1 S7
07,08,1 07,09,0 08,07,0 08,07,1 08,08,0 08,08,1 09,07,0 X7
09,07,1 09,08,0 09,08,1 09,09,0 10,06,0 10,06,1 10,07,0 N7
06,06,1 07,06,0 07,06,1 08,06,0 08,06,1 09,06,0 09,06,1 I7
08,05,1 09,04,1 09,05,0 09,05,1 10,03,0 10,03,1 10,04,0 Q7
09,01,1 09,02,0 10,00,1 10,01,0 10,01,1 11,01,0 11,01,1 T7
07,01,1 08,01,0 08,01,1 08,02,0 09,00,1 09,01,0 10,00,0 H7
09,02,1 09,03,0 09,03,1 09,04,0 10,02,0 10,02,1 11,02,0 V7
07,05,1 08,02,1 08,03,0 08,03,1 08,04,0 08,04,1 08,05,0 L7
06,03,1 07,02,1 07,03,0 07,03,1 07,04,0 07,04,1 07,05,0 P7
04,05,1 04,06,0 04,06,1 05,04,1 05,05,0 06,04,0 06,04,1 C7
02,06,0 02,06,1 03,05,1 03,06,0 03,06,1 03,07,0 04,05,0 W7
05,01,0 05,01,1 05,02,0 05,02,1 06,02,0 06,02,1 07,02,0 R7
03,04,1 04,04,0 04,04,1 05,03,0 05,03,1 05,04,0 06,03,0 U7
01,05,0 01,05,1 02,04,1 02,05,0 02,05,1 03,04,0 03,05,0 Y7
01,04,1 02,02,1 02,03,0 02,03,1 02,04,0 03,02,0 03,03,0 Z7
03,02,1 03,03,1 04,01,1 04,02,0 04,02,1 04,03,0 04,03,1 M7

              ____
             /    \
        ____/___   \____        ____
       /       /    \   \      /    \
      /       /___   \   \____/      \____
      \  /\   \   \  /    \   \  /\      /\
       \/  \___\   \/___   \   \/  \____/  \
       /    \       \   \   \   \      /   /
      /      \    ___\   \___\   \    /   /
      \      /\  /        \      /    \   \
       \____/  \/__________\____/______\   \
       /       /   /    \              /   /
  ____/___    /   /      \____________/___/
 /        \   \   \      /\   \      /
/___    ___\___\   \____/  \   \    /
\   \   \       \      /   /   /\   \
 \   \___\____   \____/   /   /  \   \
 /    \      /    \      /   /   /   /
/   ___\    /______\    /   /   /___/
\   \      /        \  /\  /\       \
 \___\    /   _______\/  \/  \_______\
      \  /   /    \       \          /
       \/___/      \____   \    ____/
                        \   \  /
                         \___\/

solution 9 (816,061 searches):
00,09,1 00,10,0 00,10,1 01,09,1 01,10,0 01,10,1 02,09,0 A7
01,11,0 01,11,1 02,10,0 02,10,1 02,11,0 03,09,1 03,10,0 F7
03,10,1 04,09,0 04,09,1 04,10,0 05,08,1 05,09,0 06,08,0 E7
02,08,1 02,09,1 03,07,1 03,08,0 03,08,1 03,09,0 04,08,0 B7
04,07,0 04,07,1 04,08,1 05,07,0 05,07,1 05,08,0 06,07,0 G7
01,07,1 01,08,0 01,08,1 01,09,0 02,07,0 02,07,1 02,08,0 D7
05,09,1 06,08,1 06,09,0 06,09,1 07,07,1 07,08,0 07,08,1 M7
06,10,0 06,10,1 07,09,0 07,09,1 07,10,0 08,09,0 08,09,1 Z7
08,08,0 08,08,1 09,07,1 09,08,0 09,08,1 09,09,0 10,07,0 W7
09,05,0 09,05,1 09,06,0 09,06,1 09,07,0 10,06,0 10,06,1 H7
06,07,1 07,06,1 07,07,0 08,06,0 08,06,1 08,07,0 08,07,1 V7
06,06,1 07,05,1 07,06,0 08,04,0 08,04,1 08,05,0 08,05,1 T7
06,03,1 07,02,1 07,03,0 07,03,1 07,04,0 07,04,1 07,05,0 P7
04,05,1 04,06,0 04,06,1 05,04,1 05,05,0 06,04,0 06,04,1 C7
02,06,1 03,05,0 03,05,1 03,06,0 03,06,1 03,07,0 04,05,0 X7
01,04,1 01,05,0 01,05,1 02,04,0 02,05,0 02,05,1 02,06,0 S7
02,02,1 02,03,0 03,02,0 03,02,1 04,01,1 04,02,0 04,02,1 Q7
05,01,0 05,01,1 05,02,0 05,02,1 06,02,0 06,02,1 07,02,0 R7
02,03,1 02,04,1 03,03,0 03,03,1 03,04,0 04,03,0 04,03,1 Y7
03,04,1 04,04,0 04,04,1 05,03,0 05,03,1 05,04,0 06,03,0 U7
07,01,1 08,01,0 08,01,1 08,02,0 08,02,1 08,03,0 08,03,1 L7
09,00,1 09,01,0 09,01,1 09,02,0 09,02,1 09,03,0 09,03,1 I7
09,04,0 09,04,1 10,02,0 10,02,1 10,03,0 10,03,1 10,04,0 J7
10,00,0 10,00,1 10,01,0 10,01,1 11,01,0 11,01,1 11,02,0 N7

              ____
             /    \
        ____/___   \____        ____
       /       /    \   \      /    \
      /       /___   \   \____/___   \____
      \  /\   \   \  /    \      /       /\
       \/  \___\   \/___   \    /_______/  \
       /    \       \   \   \      /       /
      /      \    ___\   \___\    /___    /
      \      /\  /        \   \  /   /\   \
       \____/  \/__________\   \/   /  \___\
       /\      /   /    \   \      /       /
  ____/  \    /   /      \   \____/   ____/
 /       /    \   \      /\      /   /
/   ____/______\   \____/  \    /___/
\   \   \       \      /   /   /    \
 \___\   \____   \____/   /___/___   \
 /\          /    \      /   /   /   /
/  \________/______\    /   /   /   /
\          /        \  /   /   /   /\
 \____    /   _______\/   /   /___/  \
      \  /   /    \      /   /       /
       \/___/      \____/   /   ____/
                        \  /   /
                         \/___/

solution 10 (816,065 searches):
00,09,1 00,10,0 00,10,1 01,09,1 01,10,0 01,10,1 02,09,0 A7
01,11,0 01,11,1 02,10,0 02,10,1 02,11,0 03,09,1 03,10,0 F7
03,10,1 04,09,0 04,09,1 04,10,0 05,08,1 05,09,0 06,08,0 E7
02,08,1 02,09,1 03,07,1 03,08,0 03,08,1 03,09,0 04,08,0 B7
04,07,0 04,07,1 04,08,1 05,07,0 05,07,1 05,08,0 06,07,0 G7
01,07,1 01,08,0 01,08,1 01,09,0 02,07,0 02,07,1 02,08,0 D7
05,09,1 06,08,1 06,09,0 06,09,1 07,07,1 07,08,0 07,08,1 M7
06,10,0 06,10,1 07,09,0 07,09,1 07,10,0 08,09,0 08,09,1 Z7
08,08,0 08,08,1 09,07,1 09,08,0 09,08,1 09,09,0 10,07,0 W7
09,05,0 09,05,1 09,06,0 09,06,1 09,07,0 10,06,0 10,06,1 H7
06,07,1 07,06,1 07,07,0 08,06,0 08,06,1 08,07,0 08,07,1 V7
06,06,1 07,05,1 07,06,0 08,04,0 08,04,1 08,05,0 08,05,1 T7
06,03,1 07,02,1 07,03,0 07,03,1 07,04,0 07,04,1 07,05,0 P7
04,05,1 04,06,0 04,06,1 05,04,1 05,05,0 06,04,0 06,04,1 C7
02,06,1 03,05,0 03,05,1 03,06,0 03,06,1 03,07,0 04,05,0 X7
01,04,1 01,05,0 01,05,1 02,04,0 02,05,0 02,05,1 02,06,0 S7
02,02,1 02,03,0 03,02,0 03,02,1 04,01,1 04,02,0 04,02,1 Q7
05,01,0 05,01,1 05,02,0 05,02,1 06,02,0 06,02,1 07,02,0 R7
02,03,1 02,04,1 03,03,0 03,03,1 03,04,0 04,03,0 04,03,1 Y7
03,04,1 04,04,0 04,04,1 05,03,0 05,03,1 05,04,0 06,03,0 U7
07,01,1 08,01,0 08,01,1 08,02,0 08,02,1 08,03,0 08,03,1 L7
09,01,1 09,02,0 09,02,1 09,03,0 09,03,1 09,04,0 09,04,1 I7
09,00,1 09,01,0 10,00,0 10,00,1 10,01,0 10,01,1 10,02,0 J7
10,02,1 10,03,0 10,03,1 10,04,0 11,01,0 11,01,1 11,02,0 N7

              ____
             /    \
        ____/___   \____        ____
       /       /    \   \      /    \
      /       /___   \   \____/___   \____
      \  /\   \   \  /    \      /       /\
       \/  \___\   \/___   \    /_______/  \
       /    \       \   \   \      /       /
      /      \    ___\   \___\    /___    /
      \      /\  /        \   \  /   /\   \
       \____/  \/__________\   \/   /  \___\
       /\      /   /    \   \      /       /
  ____/  \    /   /      \   \____/   ____/
 /       /    \   \      /\      /   /
/   ____/______\   \____/  \    /___/
\   \   \       \      /   /   /   /\
 \___\   \____   \____/   /___/   /  \
 /\          /    \      /   /   /   /
/  \________/______\    /   /   /   /
\          /        \  /   /   /\   \
 \____    /   _______\/   /   /  \   \
      \  /   /    \      /\  /   /   /
       \/___/      \____/  \/   /___/
                        \      /
                         \____/

User-requested solution limit reached.
10 solutions, 816,065 searches, duration 0:00:24.677389
