solving HeptiamondsHexagons2x3_7:

solution 1:
00,2,1 00,3,0 01,1,1 01,2,0 02,0,1 02,1,0 03,0,0 I7
03,0,1 03,1,1 03,2,0 04,0,0 04,0,1 04,1,0 04,1,1 A7
02,1,1 02,2,0 02,2,1 02,3,0 02,3,1 03,1,0 03,3,0 C7
02,4,1 03,2,1 03,3,1 03,4,0 04,2,0 04,2,1 04,3,0 J7
00,5,1 01,4,0 01,4,1 01,5,0 01,5,1 02,4,0 02,5,0 B7
00,3,1 00,4,0 00,4,1 00,5,0 01,2,1 01,3,0 01,3,1 U7
05,5,0 05,5,1 06,3,1 06,4,0 06,4,1 06,5,0 06,5,1 G7
05,2,1 05,3,0 05,3,1 05,4,0 05,4,1 06,2,0 06,3,0 F7
07,4,0 07,4,1 07,5,0 08,3,0 08,3,1 08,4,0 09,3,0 M7
08,2,1 09,0,0 09,0,1 09,1,0 09,1,1 09,2,0 09,2,1 P7
07,2,1 07,3,0 07,3,1 08,0,1 08,1,0 08,1,1 08,2,0 N7
06,1,1 06,2,1 07,0,1 07,1,0 07,1,1 07,2,0 08,0,0 Z7
10,4,0 10,4,1 10,5,0 10,5,1 11,5,0 11,5,1 12,5,0 R7
10,2,1 10,3,0 11,1,1 11,2,0 11,2,1 12,0,1 12,1,0 E7
10,3,1 11,3,0 11,3,1 11,4,0 11,4,1 12,2,1 12,3,0 W7
12,1,1 12,2,0 13,0,0 13,0,1 13,1,0 13,1,1 14,0,0 X7
13,3,1 14,0,1 14,1,0 14,1,1 14,2,0 14,2,1 14,3,0 L7
12,3,1 12,4,0 12,4,1 13,2,0 13,2,1 13,3,0 13,4,0 S7
15,4,1 15,5,0 15,5,1 16,3,1 16,4,0 16,5,0 16,5,1 V7
15,2,1 15,3,0 15,3,1 15,4,0 16,2,0 16,2,1 16,3,0 D7
16,4,1 17,4,0 17,4,1 17,5,0 18,3,1 18,4,0 19,3,0 H7
17,3,1 18,2,1 18,3,0 19,1,0 19,1,1 19,2,0 19,2,1 T7
16,1,1 17,1,0 17,1,1 17,2,0 17,2,1 17,3,0 18,2,0 Q7
17,0,1 18,0,0 18,0,1 18,1,0 18,1,1 19,0,0 19,0,1 Y7

      ________            ________            ________            ________
     /\       \          /       /\          /        \          /       /\
    /  \    ___\        /___    /  \        /   _______\        /   ____/  \
   /   /    \   \      /   /   /    \      /   /   /    \      /\   \       \
  /   /______\   \    /   /   /___   \    /___/   /   ___\    /  \   \____   \
 /\      /    \   \  /    \  /   /    \  /\       \   \   \  /    \  /\   \   \
/  \    /   ___\   \/   ___\/   /______\/  \____   \   \   \/      \/  \   \___\
\   \  /   /\      /\   \   \   \      /\      /\  /   /   /\      /    \      /
 \   \/   /  \____/  \___\   \   \    /  \    /  \/___/   /  \____/   ___\    /
  \   \   \      /    \      /   /   /    \   \      /   /    \      /   /   /
   \   \___\    /      \    /   /   /      \   \    /   /      \____/   /___/
    \   \      /        \   \  /   /        \  /    \  /        \          /
     \___\____/          \___\/___/          \/______\/          \________/


solution 2:
00,2,1 00,3,0 01,1,1 01,2,0 02,0,1 02,1,0 03,0,0 I7
03,0,1 03,1,1 03,2,0 04,0,0 04,0,1 04,1,0 04,1,1 A7
02,1,1 02,2,0 02,2,1 02,3,0 02,3,1 03,1,0 03,3,0 C7
02,4,1 03,2,1 03,3,1 03,4,0 04,2,0 04,2,1 04,3,0 J7
00,5,1 01,4,0 01,4,1 01,5,0 01,5,1 02,4,0 02,5,0 B7
00,3,1 00,4,0 00,4,1 00,5,0 01,2,1 01,3,0 01,3,1 U7
05,5,0 05,5,1 06,3,1 06,4,0 06,4,1 06,5,0 06,5,1 G7
05,2,1 05,3,0 05,3,1 05,4,0 05,4,1 06,2,0 06,3,0 F7
07,4,0 07,4,1 07,5,0 08,3,0 08,3,1 08,4,0 09,3,0 M7
08,2,1 09,0,0 09,0,1 09,1,0 09,1,1 09,2,0 09,2,1 P7
07,2,1 07,3,0 07,3,1 08,0,1 08,1,0 08,1,1 08,2,0 N7
06,1,1 06,2,1 07,0,1 07,1,0 07,1,1 07,2,0 08,0,0 Z7
10,4,0 10,4,1 10,5,0 10,5,1 11,5,0 11,5,1 12,5,0 R7
10,2,1 10,3,0 11,1,1 11,2,0 11,2,1 12,0,1 12,1,0 E7
10,3,1 11,3,0 11,3,1 11,4,0 11,4,1 12,2,1 12,3,0 W7
12,1,1 12,2,0 13,0,0 13,0,1 13,1,0 13,1,1 14,0,0 X7
13,3,1 14,0,1 14,1,0 14,1,1 14,2,0 14,2,1 14,3,0 L7
12,3,1 12,4,0 12,4,1 13,2,0 13,2,1 13,3,0 13,4,0 S7
15,5,1 16,5,0 16,5,1 17,3,1 17,4,0 17,4,1 17,5,0 V7
18,2,1 18,3,0 18,3,1 18,4,0 19,2,0 19,2,1 19,3,0 D7
15,3,0 15,3,1 15,4,0 15,4,1 15,5,0 16,4,0 16,4,1 H7
15,2,1 16,1,1 16,2,0 16,2,1 16,3,0 16,3,1 17,1,0 T7
17,2,0 17,2,1 17,3,0 18,1,1 18,2,0 19,1,0 19,1,1 Q7
17,0,1 17,1,1 18,0,0 18,0,1 18,1,0 19,0,0 19,0,1 Y7

      ________            ________            ________            ________
     /\       \          /       /\          /        \          /\       \
    /  \    ___\        /___    /  \        /   _______\        /  \____   \
   /   /    \   \      /   /   /    \      /   /   /    \      /       /   /\
  /   /______\   \    /   /   /___   \    /___/   /   ___\    /   ____/   /  \
 /\      /    \   \  /    \  /   /    \  /\       \   \   \  /   /   /\  /    \
/  \    /   ___\   \/   ___\/   /______\/  \____   \   \   \/___/   /  \/      \
\   \  /   /\      /\   \   \   \      /\      /\  /   /   /\      /    \      /
 \   \/   /  \____/  \___\   \   \    /  \    /  \/___/   /  \    /___   \____/
  \   \   \      /    \      /   /   /    \   \      /   /    \   \   \      /
   \   \___\    /      \    /   /   /      \   \    /   /      \___\   \____/
    \   \      /        \   \  /   /        \  /    \  /        \          /
     \___\____/          \___\/___/          \/______\/          \________/


solution 3:
00,2,1 00,3,0 01,1,1 01,2,0 02,0,1 02,1,0 03,0,0 I7
03,0,1 03,1,1 03,2,0 04,0,0 04,0,1 04,1,0 04,1,1 A7
02,1,1 02,2,0 02,2,1 02,3,0 02,3,1 03,1,0 03,3,0 C7
02,4,1 03,2,1 03,3,1 03,4,0 04,2,0 04,2,1 04,3,0 J7
00,5,1 01,4,0 01,4,1 01,5,0 01,5,1 02,4,0 02,5,0 B7
00,3,1 00,4,0 00,4,1 00,5,0 01,2,1 01,3,0 01,3,1 U7
05,5,0 05,5,1 06,3,1 06,4,0 06,4,1 06,5,0 06,5,1 G7
05,2,1 05,3,0 05,3,1 05,4,0 05,4,1 06,2,0 06,3,0 F7
07,4,0 07,4,1 07,5,0 08,3,0 08,3,1 08,4,0 09,3,0 M7
08,2,1 09,0,0 09,0,1 09,1,0 09,1,1 09,2,0 09,2,1 P7
07,2,1 07,3,0 07,3,1 08,0,1 08,1,0 08,1,1 08,2,0 N7
06,1,1 06,2,1 07,0,1 07,1,0 07,1,1 07,2,0 08,0,0 Z7
10,4,0 10,4,1 10,5,0 10,5,1 11,5,0 11,5,1 12,5,0 R7
10,2,1 10,3,0 11,1,1 11,2,0 11,2,1 12,0,1 12,1,0 E7
10,3,1 11,3,0 11,3,1 11,4,0 11,4,1 12,2,1 12,3,0 W7
12,1,1 12,2,0 13,0,0 13,0,1 13,1,0 13,1,1 14,0,0 X7
13,3,1 14,0,1 14,1,0 14,1,1 14,2,0 14,2,1 14,3,0 L7
12,3,1 12,4,0 12,4,1 13,2,0 13,2,1 13,3,0 13,4,0 S7
15,5,0 15,5,1 16,4,0 16,4,1 16,5,0 16,5,1 17,5,0 Y7
15,3,0 15,3,1 15,4,0 15,4,1 16,2,1 16,3,0 17,2,0 T7
15,2,1 16,1,1 16,2,0 17,0,1 17,1,0 17,1,1 18,1,0 H7
18,0,0 18,0,1 18,1,1 18,2,0 19,0,0 19,0,1 19,1,0 V7
16,3,1 17,2,1 17,3,0 17,3,1 17,4,0 17,4,1 18,4,0 Q7
18,2,1 18,3,0 18,3,1 19,1,1 19,2,0 19,2,1 19,3,0 D7

      ________            ________            ________            ________
     /\       \          /       /\          /        \          /        \
    /  \    ___\        /___    /  \        /   _______\        /___    ___\
   /   /    \   \      /   /   /    \      /   /   /    \      /   /   /    \
  /   /______\   \    /   /   /___   \    /___/   /   ___\    /   /___/   ___\
 /\      /    \   \  /    \  /   /    \  /\       \   \   \  /    \      /    \
/  \    /   ___\   \/   ___\/   /______\/  \____   \   \   \/___   \    /      \
\   \  /   /\      /\   \   \   \      /\      /\  /   /   /\   \   \  /\      /
 \   \/   /  \____/  \___\   \   \    /  \    /  \/___/   /  \   \___\/  \    /
  \   \   \      /    \      /   /   /    \   \      /   /    \       \   \  /
   \   \___\    /      \    /   /   /      \   \    /   /      \    ___\   \/
    \   \      /        \   \  /   /        \  /    \  /        \  /       /
     \___\____/          \___\/___/          \/______\/          \/_______/


solution 4:
00,2,1 00,3,0 01,1,1 01,2,0 02,0,1 02,1,0 03,0,0 I7
03,0,1 03,1,1 03,2,0 04,0,0 04,0,1 04,1,0 04,1,1 A7
02,1,1 02,2,0 02,2,1 02,3,0 02,3,1 03,1,0 03,3,0 C7
02,4,1 03,2,1 03,3,1 03,4,0 04,2,0 04,2,1 04,3,0 J7
00,5,1 01,4,0 01,4,1 01,5,0 01,5,1 02,4,0 02,5,0 B7
00,3,1 00,4,0 00,4,1 00,5,0 01,2,1 01,3,0 01,3,1 U7
05,5,0 05,5,1 06,3,1 06,4,0 06,4,1 06,5,0 06,5,1 G7
05,2,1 05,3,0 05,3,1 05,4,0 05,4,1 06,2,0 06,3,0 F7
07,4,0 07,4,1 07,5,0 08,3,0 08,3,1 08,4,0 09,3,0 M7
08,2,1 09,0,0 09,0,1 09,1,0 09,1,1 09,2,0 09,2,1 P7
07,2,1 07,3,0 07,3,1 08,0,1 08,1,0 08,1,1 08,2,0 N7
06,1,1 06,2,1 07,0,1 07,1,0 07,1,1 07,2,0 08,0,0 Z7
10,4,0 10,4,1 10,5,0 10,5,1 11,5,0 11,5,1 12,5,0 R7
10,2,1 10,3,0 11,1,1 11,2,0 11,2,1 12,0,1 12,1,0 E7
10,3,1 11,3,0 11,3,1 11,4,0 11,4,1 12,2,1 12,3,0 W7
12,1,1 12,2,0 13,0,0 13,0,1 13,1,0 13,1,1 14,0,0 X7
13,3,1 14,0,1 14,1,0 14,1,1 14,2,0 14,2,1 14,3,0 L7
12,3,1 12,4,0 12,4,1 13,2,0 13,2,1 13,3,0 13,4,0 S7
15,5,0 15,5,1 16,4,1 16,5,0 16,5,1 17,4,0 17,5,0 Y7
17,4,1 18,2,0 18,2,1 18,3,0 18,3,1 18,4,0 19,3,0 T7
18,1,0 18,1,1 19,0,1 19,1,0 19,1,1 19,2,0 19,2,1 H7
17,0,1 17,1,0 17,1,1 17,2,0 18,0,0 18,0,1 19,0,0 V7
15,2,1 15,3,0 15,3,1 16,1,1 16,2,0 16,2,1 16,3,0 D7
15,4,0 15,4,1 16,3,1 16,4,0 17,2,1 17,3,0 17,3,1 Q7

      ________            ________            ________            ________
     /\       \          /       /\          /        \          /        \
    /  \    ___\        /___    /  \        /   _______\        /___    ___\
   /   /    \   \      /   /   /    \      /   /   /    \      /    \   \   \
  /   /______\   \    /   /   /___   \    /___/   /   ___\    /___   \___\   \
 /\      /    \   \  /    \  /   /    \  /\       \   \   \  /    \      /    \
/  \    /   ___\   \/   ___\/   /______\/  \____   \   \   \/      \    /   ___\
\   \  /   /\      /\   \   \   \      /\      /\  /   /   /\      /\  /   /   /
 \   \/   /  \____/  \___\   \   \    /  \    /  \/___/   /  \    /  \/___/   /
  \   \   \      /    \      /   /   /    \   \      /   /    \  /   /       /
   \   \___\    /      \    /   /   /      \   \    /   /      \/   /___    /
    \   \      /        \   \  /   /        \  /    \  /        \       \  /
     \___\____/          \___\/___/          \/______\/          \_______\/


solution 5:
00,2,1 00,3,0 01,1,1 01,2,0 02,0,1 02,1,0 03,0,0 I7
03,0,1 03,1,1 03,2,0 04,0,0 04,0,1 04,1,0 04,1,1 A7
02,1,1 02,2,0 02,2,1 02,3,0 02,3,1 03,1,0 03,3,0 C7
02,4,1 03,2,1 03,3,1 03,4,0 04,2,0 04,2,1 04,3,0 J7
00,5,1 01,4,0 01,4,1 01,5,0 01,5,1 02,4,0 02,5,0 B7
00,3,1 00,4,0 00,4,1 00,5,0 01,2,1 01,3,0 01,3,1 U7
05,5,0 05,5,1 06,3,1 06,4,0 06,4,1 06,5,0 06,5,1 G7
05,2,1 05,3,0 05,3,1 05,4,0 05,4,1 06,2,0 06,3,0 F7
07,4,0 07,4,1 07,5,0 08,3,0 08,3,1 08,4,0 09,3,0 M7
08,2,1 09,0,0 09,0,1 09,1,0 09,1,1 09,2,0 09,2,1 P7
07,2,1 07,3,0 07,3,1 08,0,1 08,1,0 08,1,1 08,2,0 N7
06,1,1 06,2,1 07,0,1 07,1,0 07,1,1 07,2,0 08,0,0 Z7
10,5,0 10,5,1 11,5,0 11,5,1 12,4,1 12,5,0 13,4,0 R7
13,2,1 14,0,1 14,1,0 14,1,1 14,2,0 14,2,1 14,3,0 E7
11,4,1 12,2,1 12,3,0 12,3,1 12,4,0 13,3,0 13,3,1 W7
12,1,1 13,0,0 13,0,1 13,1,0 13,1,1 13,2,0 14,0,0 X7
10,2,1 10,3,0 10,3,1 11,1,1 11,2,0 12,0,1 12,1,0 L7
10,4,0 10,4,1 11,2,1 11,3,0 11,3,1 11,4,0 12,2,0 S7
15,4,1 15,5,0 15,5,1 16,3,1 16,4,0 16,5,0 16,5,1 V7
15,2,1 15,3,0 15,3,1 15,4,0 16,2,0 16,2,1 16,3,0 D7
16,4,1 17,4,0 17,4,1 17,5,0 18,3,1 18,4,0 19,3,0 H7
17,3,1 18,2,1 18,3,0 19,1,0 19,1,1 19,2,0 19,2,1 T7
16,1,1 17,1,0 17,1,1 17,2,0 17,2,1 17,3,0 18,2,0 Q7
17,0,1 18,0,0 18,0,1 18,1,0 18,1,1 19,0,0 19,0,1 Y7

      ________            ________            ________            ________
     /\       \          /       /\          /        \          /       /\
    /  \    ___\        /___    /  \        /_______   \        /   ____/  \
   /   /    \   \      /   /   /    \      /    \   \   \      /\   \       \
  /   /______\   \    /   /   /___   \    /___   \   \___\    /  \   \____   \
 /\      /    \   \  /    \  /   /    \  /   /   /       /\  /    \  /\   \   \
/  \    /   ___\   \/   ___\/   /______\/   /   /   ____/  \/      \/  \   \___\
\   \  /   /\      /\   \   \   \      /\   \   \  /\      /\      /    \      /
 \   \/   /  \____/  \___\   \   \    /  \   \___\/  \    /  \____/   ___\    /
  \   \   \      /    \      /   /   /    \   \      /   /    \      /   /   /
   \   \___\    /      \    /   /   /      \   \    /   /      \____/   /___/
    \   \      /        \   \  /   /        \  /    \  /        \          /
     \___\____/          \___\/___/          \/______\/          \________/


solution 6:
00,2,1 00,3,0 01,1,1 01,2,0 02,0,1 02,1,0 03,0,0 I7
03,0,1 03,1,1 03,2,0 04,0,0 04,0,1 04,1,0 04,1,1 A7
02,1,1 02,2,0 02,2,1 02,3,0 02,3,1 03,1,0 03,3,0 C7
02,4,1 03,2,1 03,3,1 03,4,0 04,2,0 04,2,1 04,3,0 J7
00,5,1 01,4,0 01,4,1 01,5,0 01,5,1 02,4,0 02,5,0 B7
00,3,1 00,4,0 00,4,1 00,5,0 01,2,1 01,3,0 01,3,1 U7
05,5,0 05,5,1 06,3,1 06,4,0 06,4,1 06,5,0 06,5,1 G7
05,2,1 05,3,0 05,3,1 05,4,0 05,4,1 06,2,0 06,3,0 F7
07,4,0 07,4,1 07,5,0 08,3,0 08,3,1 08,4,0 09,3,0 M7
08,2,1 09,0,0 09,0,1 09,1,0 09,1,1 09,2,0 09,2,1 P7
07,2,1 07,3,0 07,3,1 08,0,1 08,1,0 08,1,1 08,2,0 N7
06,1,1 06,2,1 07,0,1 07,1,0 07,1,1 07,2,0 08,0,0 Z7
10,5,0 10,5,1 11,5,0 11,5,1 12,4,1 12,5,0 13,4,0 R7
13,2,1 14,0,1 14,1,0 14,1,1 14,2,0 14,2,1 14,3,0 E7
11,4,1 12,2,1 12,3,0 12,3,1 12,4,0 13,3,0 13,3,1 W7
12,1,1 13,0,0 13,0,1 13,1,0 13,1,1 13,2,0 14,0,0 X7
10,2,1 10,3,0 10,3,1 11,1,1 11,2,0 12,0,1 12,1,0 L7
10,4,0 10,4,1 11,2,1 11,3,0 11,3,1 11,4,0 12,2,0 S7
15,5,1 16,5,0 16,5,1 17,3,1 17,4,0 17,4,1 17,5,0 V7
18,2,1 18,3,0 18,3,1 18,4,0 19,2,0 19,2,1 19,3,0 D7
15,3,0 15,3,1 15,4,0 15,4,1 15,5,0 16,4,0 16,4,1 H7
15,2,1 16,1,1 16,2,0 16,2,1 16,3,0 16,3,1 17,1,0 T7
17,2,0 17,2,1 17,3,0 18,1,1 18,2,0 19,1,0 19,1,1 Q7
17,0,1 17,1,1 18,0,0 18,0,1 18,1,0 19,0,0 19,0,1 Y7

      ________            ________            ________            ________
     /\       \          /       /\          /        \          /\       \
    /  \    ___\        /___    /  \        /_______   \        /  \____   \
   /   /    \   \      /   /   /    \      /    \   \   \      /       /   /\
  /   /______\   \    /   /   /___   \    /___   \   \___\    /   ____/   /  \
 /\      /    \   \  /    \  /   /    \  /   /   /       /\  /   /   /\  /    \
/  \    /   ___\   \/   ___\/   /______\/   /   /   ____/  \/___/   /  \/      \
\   \  /   /\      /\   \   \   \      /\   \   \  /\      /\      /    \      /
 \   \/   /  \____/  \___\   \   \    /  \   \___\/  \    /  \    /___   \____/
  \   \   \      /    \      /   /   /    \   \      /   /    \   \   \      /
   \   \___\    /      \    /   /   /      \   \    /   /      \___\   \____/
    \   \      /        \   \  /   /        \  /    \  /        \          /
     \___\____/          \___\/___/          \/______\/          \________/


solution 7:
00,2,1 00,3,0 01,1,1 01,2,0 02,0,1 02,1,0 03,0,0 I7
03,0,1 03,1,1 03,2,0 04,0,0 04,0,1 04,1,0 04,1,1 A7
02,1,1 02,2,0 02,2,1 02,3,0 02,3,1 03,1,0 03,3,0 C7
02,4,1 03,2,1 03,3,1 03,4,0 04,2,0 04,2,1 04,3,0 J7
00,5,1 01,4,0 01,4,1 01,5,0 01,5,1 02,4,0 02,5,0 B7
00,3,1 00,4,0 00,4,1 00,5,0 01,2,1 01,3,0 01,3,1 U7
05,5,0 05,5,1 06,3,1 06,4,0 06,4,1 06,5,0 06,5,1 G7
05,2,1 05,3,0 05,3,1 05,4,0 05,4,1 06,2,0 06,3,0 F7
07,4,0 07,4,1 07,5,0 08,3,0 08,3,1 08,4,0 09,3,0 M7
08,2,1 09,0,0 09,0,1 09,1,0 09,1,1 09,2,0 09,2,1 P7
07,2,1 07,3,0 07,3,1 08,0,1 08,1,0 08,1,1 08,2,0 N7
06,1,1 06,2,1 07,0,1 07,1,0 07,1,1 07,2,0 08,0,0 Z7
10,5,0 10,5,1 11,5,0 11,5,1 12,4,1 12,5,0 13,4,0 R7
13,2,1 14,0,1 14,1,0 14,1,1 14,2,0 14,2,1 14,3,0 E7
11,4,1 12,2,1 12,3,0 12,3,1 12,4,0 13,3,0 13,3,1 W7
12,1,1 13,0,0 13,0,1 13,1,0 13,1,1 13,2,0 14,0,0 X7
10,2,1 10,3,0 10,3,1 11,1,1 11,2,0 12,0,1 12,1,0 L7
10,4,0 10,4,1 11,2,1 11,3,0 11,3,1 11,4,0 12,2,0 S7
15,5,0 15,5,1 16,4,0 16,4,1 16,5,0 16,5,1 17,5,0 Y7
15,3,0 15,3,1 15,4,0 15,4,1 16,2,1 16,3,0 17,2,0 T7
15,2,1 16,1,1 16,2,0 17,0,1 17,1,0 17,1,1 18,1,0 H7
18,0,0 18,0,1 18,1,1 18,2,0 19,0,0 19,0,1 19,1,0 V7
16,3,1 17,2,1 17,3,0 17,3,1 17,4,0 17,4,1 18,4,0 Q7
18,2,1 18,3,0 18,3,1 19,1,1 19,2,0 19,2,1 19,3,0 D7

      ________            ________            ________            ________
     /\       \          /       /\          /        \          /        \
    /  \    ___\        /___    /  \        /_______   \        /___    ___\
   /   /    \   \      /   /   /    \      /    \   \   \      /   /   /    \
  /   /______\   \    /   /   /___   \    /___   \   \___\    /   /___/   ___\
 /\      /    \   \  /    \  /   /    \  /   /   /       /\  /    \      /    \
/  \    /   ___\   \/   ___\/   /______\/   /   /   ____/  \/___   \    /      \
\   \  /   /\      /\   \   \   \      /\   \   \  /\      /\   \   \  /\      /
 \   \/   /  \____/  \___\   \   \    /  \   \___\/  \    /  \   \___\/  \    /
  \   \   \      /    \      /   /   /    \   \      /   /    \       \   \  /
   \   \___\    /      \    /   /   /      \   \    /   /      \    ___\   \/
    \   \      /        \   \  /   /        \  /    \  /        \  /       /
     \___\____/          \___\/___/          \/______\/          \/_______/


solution 8:
00,2,1 00,3,0 01,1,1 01,2,0 02,0,1 02,1,0 03,0,0 I7
03,0,1 03,1,1 03,2,0 04,0,0 04,0,1 04,1,0 04,1,1 A7
02,1,1 02,2,0 02,2,1 02,3,0 02,3,1 03,1,0 03,3,0 C7
02,4,1 03,2,1 03,3,1 03,4,0 04,2,0 04,2,1 04,3,0 J7
00,5,1 01,4,0 01,4,1 01,5,0 01,5,1 02,4,0 02,5,0 B7
00,3,1 00,4,0 00,4,1 00,5,0 01,2,1 01,3,0 01,3,1 U7
05,5,0 05,5,1 06,3,1 06,4,0 06,4,1 06,5,0 06,5,1 G7
05,2,1 05,3,0 05,3,1 05,4,0 05,4,1 06,2,0 06,3,0 F7
07,4,0 07,4,1 07,5,0 08,3,0 08,3,1 08,4,0 09,3,0 M7
08,2,1 09,0,0 09,0,1 09,1,0 09,1,1 09,2,0 09,2,1 P7
07,2,1 07,3,0 07,3,1 08,0,1 08,1,0 08,1,1 08,2,0 N7
06,1,1 06,2,1 07,0,1 07,1,0 07,1,1 07,2,0 08,0,0 Z7
10,5,0 10,5,1 11,5,0 11,5,1 12,4,1 12,5,0 13,4,0 R7
13,2,1 14,0,1 14,1,0 14,1,1 14,2,0 14,2,1 14,3,0 E7
11,4,1 12,2,1 12,3,0 12,3,1 12,4,0 13,3,0 13,3,1 W7
12,1,1 13,0,0 13,0,1 13,1,0 13,1,1 13,2,0 14,0,0 X7
10,2,1 10,3,0 10,3,1 11,1,1 11,2,0 12,0,1 12,1,0 L7
10,4,0 10,4,1 11,2,1 11,3,0 11,3,1 11,4,0 12,2,0 S7
15,5,0 15,5,1 16,4,1 16,5,0 16,5,1 17,4,0 17,5,0 Y7
17,4,1 18,2,0 18,2,1 18,3,0 18,3,1 18,4,0 19,3,0 T7
18,1,0 18,1,1 19,0,1 19,1,0 19,1,1 19,2,0 19,2,1 H7
17,0,1 17,1,0 17,1,1 17,2,0 18,0,0 18,0,1 19,0,0 V7
15,2,1 15,3,0 15,3,1 16,1,1 16,2,0 16,2,1 16,3,0 D7
15,4,0 15,4,1 16,3,1 16,4,0 17,2,1 17,3,0 17,3,1 Q7

      ________            ________            ________            ________
     /\       \          /       /\          /        \          /        \
    /  \    ___\        /___    /  \        /_______   \        /___    ___\
   /   /    \   \      /   /   /    \      /    \   \   \      /    \   \   \
  /   /______\   \    /   /   /___   \    /___   \   \___\    /___   \___\   \
 /\      /    \   \  /    \  /   /    \  /   /   /       /\  /    \      /    \
/  \    /   ___\   \/   ___\/   /______\/   /   /   ____/  \/      \    /   ___\
\   \  /   /\      /\   \   \   \      /\   \   \  /\      /\      /\  /   /   /
 \   \/   /  \____/  \___\   \   \    /  \   \___\/  \    /  \    /  \/___/   /
  \   \   \      /    \      /   /   /    \   \      /   /    \  /   /       /
   \   \___\    /      \    /   /   /      \   \    /   /      \/   /___    /
    \   \      /        \   \  /   /        \  /    \  /        \       \  /
     \___\____/          \___\/___/          \/______\/          \_______\/


solution 9:
00,2,1 00,3,0 01,1,1 01,2,0 02,0,1 02,1,0 03,0,0 I7
03,0,1 03,1,1 03,2,0 04,0,0 04,0,1 04,1,0 04,1,1 A7
02,1,1 02,2,0 02,2,1 02,3,0 02,3,1 03,1,0 03,3,0 C7
02,4,1 03,2,1 03,3,1 03,4,0 04,2,0 04,2,1 04,3,0 J7
00,5,1 01,4,0 01,4,1 01,5,0 01,5,1 02,4,0 02,5,0 B7
00,3,1 00,4,0 00,4,1 00,5,0 01,2,1 01,3,0 01,3,1 U7
05,5,0 05,5,1 06,3,1 06,4,0 06,4,1 06,5,0 06,5,1 G7
05,2,1 05,3,0 05,3,1 05,4,0 05,4,1 06,2,0 06,3,0 F7
07,4,0 07,4,1 07,5,0 08,3,0 08,3,1 08,4,0 09,3,0 M7
08,2,1 09,0,0 09,0,1 09,1,0 09,1,1 09,2,0 09,2,1 P7
07,2,1 07,3,0 07,3,1 08,0,1 08,1,0 08,1,1 08,2,0 N7
06,1,1 06,2,1 07,0,1 07,1,0 07,1,1 07,2,0 08,0,0 Z7
10,4,1 10,5,0 10,5,1 11,3,1 11,4,0 11,5,0 11,5,1 V7
10,2,1 10,3,0 10,3,1 10,4,0 11,2,0 11,2,1 11,3,0 D7
11,4,1 12,4,0 12,4,1 12,5,0 13,3,1 13,4,0 14,3,0 H7
12,3,1 13,2,1 13,3,0 14,1,0 14,1,1 14,2,0 14,2,1 T7
11,1,1 12,1,0 12,1,1 12,2,0 12,2,1 12,3,0 13,2,0 Q7
12,0,1 13,0,0 13,0,1 13,1,0 13,1,1 14,0,0 14,0,1 Y7
15,4,0 15,4,1 15,5,0 15,5,1 16,5,0 16,5,1 17,5,0 R7
15,2,1 15,3,0 16,1,1 16,2,0 16,2,1 17,0,1 17,1,0 E7
15,3,1 16,3,0 16,3,1 16,4,0 16,4,1 17,2,1 17,3,0 W7
17,1,1 17,2,0 18,0,0 18,0,1 18,1,0 18,1,1 19,0,0 X7
17,3,1 17,4,0 17,4,1 18,2,0 18,2,1 18,3,0 18,4,0 S7
18,3,1 19,0,1 19,1,0 19,1,1 19,2,0 19,2,1 19,3,0 L7

      ________            ________            ________            ________
     /\       \          /       /\          /       /\          /        \
    /  \    ___\        /___    /  \        /   ____/  \        /   _______\
   /   /    \   \      /   /   /    \      /\   \       \      /   /   /    \
  /   /______\   \    /   /   /___   \    /  \   \____   \    /___/   /   ___\
 /\      /    \   \  /    \  /   /    \  /    \  /\   \   \  /\       \   \   \
/  \    /   ___\   \/   ___\/   /______\/      \/  \   \___\/  \____   \   \   \
\   \  /   /\      /\   \   \   \      /\      /    \      /\      /\  /   /   /
 \   \/   /  \____/  \___\   \   \    /  \____/   ___\    /  \    /  \/___/   /
  \   \   \      /    \      /   /   /    \      /   /   /    \   \      /   /
   \   \___\    /      \    /   /   /      \____/   /___/      \   \    /   /
    \   \      /        \   \  /   /        \          /        \  /    \  /
     \___\____/          \___\/___/          \________/          \/______\/


solution 10:
00,2,1 00,3,0 01,1,1 01,2,0 02,0,1 02,1,0 03,0,0 I7
03,0,1 03,1,1 03,2,0 04,0,0 04,0,1 04,1,0 04,1,1 A7
02,1,1 02,2,0 02,2,1 02,3,0 02,3,1 03,1,0 03,3,0 C7
02,4,1 03,2,1 03,3,1 03,4,0 04,2,0 04,2,1 04,3,0 J7
00,5,1 01,4,0 01,4,1 01,5,0 01,5,1 02,4,0 02,5,0 B7
00,3,1 00,4,0 00,4,1 00,5,0 01,2,1 01,3,0 01,3,1 U7
05,5,0 05,5,1 06,3,1 06,4,0 06,4,1 06,5,0 06,5,1 G7
05,2,1 05,3,0 05,3,1 05,4,0 05,4,1 06,2,0 06,3,0 F7
07,4,0 07,4,1 07,5,0 08,3,0 08,3,1 08,4,0 09,3,0 M7
08,2,1 09,0,0 09,0,1 09,1,0 09,1,1 09,2,0 09,2,1 P7
07,2,1 07,3,0 07,3,1 08,0,1 08,1,0 08,1,1 08,2,0 N7
06,1,1 06,2,1 07,0,1 07,1,0 07,1,1 07,2,0 08,0,0 Z7
10,4,1 10,5,0 10,5,1 11,3,1 11,4,0 11,5,0 11,5,1 V7
10,2,1 10,3,0 10,3,1 10,4,0 11,2,0 11,2,1 11,3,0 D7
11,4,1 12,4,0 12,4,1 12,5,0 13,3,1 13,4,0 14,3,0 H7
12,3,1 13,2,1 13,3,0 14,1,0 14,1,1 14,2,0 14,2,1 T7
11,1,1 12,1,0 12,1,1 12,2,0 12,2,1 12,3,0 13,2,0 Q7
12,0,1 13,0,0 13,0,1 13,1,0 13,1,1 14,0,0 14,0,1 Y7
15,5,0 15,5,1 16,5,0 16,5,1 17,4,1 17,5,0 18,4,0 R7
18,2,1 19,0,1 19,1,0 19,1,1 19,2,0 19,2,1 19,3,0 E7
16,4,1 17,2,1 17,3,0 17,3,1 17,4,0 18,3,0 18,3,1 W7
17,1,1 18,0,0 18,0,1 18,1,0 18,1,1 18,2,0 19,0,0 X7
15,2,1 15,3,0 15,3,1 16,1,1 16,2,0 17,0,1 17,1,0 L7
15,4,0 15,4,1 16,2,1 16,3,0 16,3,1 16,4,0 17,2,0 S7

      ________            ________            ________            ________
     /\       \          /       /\          /       /\          /        \
    /  \    ___\        /___    /  \        /   ____/  \        /_______   \
   /   /    \   \      /   /   /    \      /\   \       \      /    \   \   \
  /   /______\   \    /   /   /___   \    /  \   \____   \    /___   \   \___\
 /\      /    \   \  /    \  /   /    \  /    \  /\   \   \  /   /   /       /\
/  \    /   ___\   \/   ___\/   /______\/      \/  \   \___\/   /   /   ____/  \
\   \  /   /\      /\   \   \   \      /\      /    \      /\   \   \  /\      /
 \   \/   /  \____/  \___\   \   \    /  \____/   ___\    /  \   \___\/  \    /
  \   \   \      /    \      /   /   /    \      /   /   /    \   \      /   /
   \   \___\    /      \    /   /   /      \____/   /___/      \   \    /   /
    \   \      /        \   \  /   /        \          /        \  /    \  /
     \___\____/          \___\/___/          \________/          \/______\/

...

solution 64:
00,2,1 00,3,0 01,1,1 01,2,0 02,0,1 02,1,0 03,0,0 I7
03,0,1 03,1,1 03,2,0 04,0,0 04,0,1 04,1,0 04,1,1 A7
02,1,1 02,2,0 02,2,1 02,3,0 02,3,1 03,1,0 03,3,0 C7
02,4,1 03,2,1 03,3,1 03,4,0 04,2,0 04,2,1 04,3,0 J7
00,5,1 01,4,0 01,4,1 01,5,0 01,5,1 02,4,0 02,5,0 B7
00,3,1 00,4,0 00,4,1 00,5,0 01,2,1 01,3,0 01,3,1 U7
05,5,1 06,4,1 06,5,0 06,5,1 07,3,1 07,4,0 07,5,0 G7
07,4,1 08,3,0 08,3,1 08,4,0 09,2,0 09,2,1 09,3,0 F7
05,3,0 05,3,1 05,4,0 05,4,1 05,5,0 06,3,0 06,4,0 M7
05,2,1 06,1,1 06,2,0 06,2,1 07,0,1 07,1,0 08,0,0 P7
06,3,1 07,1,1 07,2,0 07,2,1 07,3,0 08,0,1 08,1,0 N7
08,1,1 08,2,0 08,2,1 09,0,0 09,0,1 09,1,0 09,1,1 Z7
10,5,0 10,5,1 11,4,1 11,5,0 11,5,1 12,4,0 12,5,0 Y7
12,4,1 13,2,0 13,2,1 13,3,0 13,3,1 13,4,0 14,3,0 T7
13,1,0 13,1,1 14,0,1 14,1,0 14,1,1 14,2,0 14,2,1 H7
12,0,1 12,1,0 12,1,1 12,2,0 13,0,0 13,0,1 14,0,0 V7
10,2,1 10,3,0 10,3,1 11,1,1 11,2,0 11,2,1 11,3,0 D7
10,4,0 10,4,1 11,3,1 11,4,0 12,2,1 12,3,0 12,3,1 Q7
15,5,1 16,4,0 16,4,1 16,5,0 16,5,1 17,3,1 17,4,0 X7
15,2,1 15,3,0 15,3,1 15,4,0 15,4,1 15,5,0 16,2,0 L7
17,4,1 17,5,0 18,3,0 18,3,1 18,4,0 19,2,1 19,3,0 E7
16,1,1 16,2,1 16,3,0 16,3,1 17,1,0 17,1,1 17,2,0 S7
17,0,1 18,0,0 18,0,1 19,0,0 19,0,1 19,1,0 19,1,1 R7
17,2,1 17,3,0 18,1,0 18,1,1 18,2,0 18,2,1 19,2,0 W7

      ________            ________            ________            ________
     /\       \          /\       \          /        \          /\      /\
    /  \    ___\        /  \    ___\        /___    ___\        /  \    /  \
   /   /    \   \      /    \   \   \      /    \   \   \      /   /    \   \
  /   /______\   \    /   ___\   \   \    /___   \___\   \    /   /___   \   \
 /\      /    \   \  /    \   \  /    \  /    \      /    \  /   /   /\  /    \
/  \    /   ___\   \/______\   \/___   \/      \    /   ___\/   /   /  \/___   \
\   \  /   /\      /\      /   /   /   /\      /\  /   /   /\   \   \       \  /
 \   \/   /  \____/  \    /   /   /___/  \    /  \/___/   /  \___\   \    ___\/
  \   \   \      /    \   \   \      /    \  /   /       /    \      /   /   /
   \   \___\    /      \   \   \    /      \/   /___    /      \____/___/   /
    \   \      /        \   \  /   /        \       \  /        \          /
     \___\____/          \___\/___/          \_______\/          \________/


Session interrupted by user.
64 solutions, 4578423 searches, duration 0:41:44.579000
