solving HeptiamondsHexagons2x3_6:

solution 1:
00,13,1 00,14,0 00,14,1 01,13,1 01,14,0 01,14,1 02,13,0 A7
02,13,1 02,14,0 03,12,0 03,12,1 03,13,0 04,11,1 04,12,0 E7
00,12,0 00,12,1 00,13,0 01,11,1 01,12,0 01,12,1 01,13,0 B7
00,11,1 01,10,1 01,11,0 02,09,1 02,10,0 02,10,1 02,11,0 G7
02,11,1 02,12,0 02,12,1 03,10,1 03,11,0 03,11,1 04,10,0 F7
03,09,0 03,09,1 03,10,0 04,09,0 04,09,1 05,09,0 05,09,1 P7
04,10,1 04,11,0 05,10,0 05,10,1 06,10,0 06,10,1 07,10,0 L7
05,11,0 05,11,1 06,11,0 06,11,1 07,11,0 07,11,1 08,11,0 I7
05,08,1 06,07,1 06,08,0 06,08,1 06,09,0 07,06,1 07,07,0 H7
07,12,0 07,12,1 08,11,1 08,12,0 09,10,1 09,11,0 09,11,1 Q7
07,13,0 07,13,1 07,14,0 07,14,1 08,14,0 08,14,1 09,14,0 R7
08,12,1 08,13,0 08,13,1 09,12,0 09,12,1 09,13,0 09,13,1 D7
10,12,0 10,12,1 10,13,0 11,10,1 11,11,0 11,11,1 11,12,0 U7
10,10,0 10,10,1 10,11,0 10,11,1 11,09,0 11,09,1 11,10,0 Z7
08,10,1 09,08,1 09,09,0 09,09,1 09,10,0 10,09,0 10,09,1 W7
07,10,1 08,08,1 08,09,0 08,09,1 08,10,0 09,07,1 09,08,0 N7
06,09,1 07,07,1 07,08,0 07,08,1 07,09,0 07,09,1 08,08,0 X7
08,05,1 08,06,0 08,06,1 08,07,0 08,07,1 09,06,1 09,07,0 J7
09,04,0 09,04,1 09,05,0 09,05,1 09,06,0 10,04,0 10,05,0 M7
08,03,1 08,04,0 08,04,1 08,05,0 09,03,0 09,03,1 10,03,0 V7
08,02,1 08,03,0 09,01,1 09,02,0 09,02,1 10,02,0 10,02,1 T7
10,03,1 10,04,1 11,03,0 11,03,1 11,04,0 12,02,1 12,03,0 Y7
10,00,1 10,01,0 11,00,0 11,00,1 12,00,0 12,00,1 12,01,0 C7
10,01,1 11,01,0 11,01,1 11,02,0 11,02,1 12,01,1 12,02,0 S7

      ________                    ________
     /       /\                  /        \
    /       /  \                /   _______\
   /\  /\   \   \              /   /       /\
  /  \/  \___\   \            /___/       /  \
 /       /   /    \          /    \      /    \
/___    /   /___   \________/___   \____/___   \
\   \  /\      /\  /            \      /   /   /
 \   \/  \    /  \/______________\    /   /   /
  \      /\   \           \   \   \  /    \  /
   \    /  \___\___________\   \   \/___   \/
    \  /           /\      /   /       /   /
     \/___________/  \    /   /   ____/___/
              \      /    \   \  /
               \    /   ___\   \/
                \   \  /    \  /
                 \   \/      \/
                  \  /   /\  /
                   \/   /  \/
                   /\  /    \
                  /  \/   ___\
                 /   /    \   \
                /   /______\   \
               /\       \       \
              /  \_______\____   \
              \          /    \  /
               \    ____/      \/
                \  /\      /\  /
                 \/  \____/  \/
                  \          /
                   \________/


solution 2:
00,13,1 00,14,0 00,14,1 01,13,1 01,14,0 01,14,1 02,13,0 A7
02,13,1 02,14,0 03,12,0 03,12,1 03,13,0 04,11,1 04,12,0 E7
00,12,0 00,12,1 00,13,0 01,11,1 01,12,0 01,12,1 01,13,0 B7
00,11,1 01,10,1 01,11,0 02,09,1 02,10,0 02,10,1 02,11,0 G7
02,11,1 02,12,0 02,12,1 03,10,1 03,11,0 03,11,1 04,10,0 F7
03,09,0 03,09,1 03,10,0 04,09,0 04,09,1 05,09,0 05,09,1 P7
04,10,1 04,11,0 05,10,0 05,10,1 06,10,0 06,10,1 07,10,0 L7
05,11,0 05,11,1 06,11,0 06,11,1 07,11,0 07,11,1 08,11,0 I7
05,08,1 06,07,1 06,08,0 06,08,1 06,09,0 07,06,1 07,07,0 H7
07,12,0 07,12,1 08,11,1 08,12,0 09,10,1 09,11,0 09,11,1 Q7
07,13,0 07,13,1 07,14,0 07,14,1 08,14,0 08,14,1 09,14,0 R7
08,12,1 08,13,0 08,13,1 09,12,0 09,12,1 09,13,0 09,13,1 D7
10,12,0 10,12,1 10,13,0 11,10,1 11,11,0 11,11,1 11,12,0 U7
10,10,0 10,10,1 10,11,0 10,11,1 11,09,0 11,09,1 11,10,0 Z7
08,10,1 09,08,1 09,09,0 09,09,1 09,10,0 10,09,0 10,09,1 W7
07,10,1 08,08,1 08,09,0 08,09,1 08,10,0 09,07,1 09,08,0 N7
06,09,1 07,07,1 07,08,0 07,08,1 07,09,0 07,09,1 08,08,0 X7
08,05,1 08,06,0 08,06,1 08,07,0 08,07,1 09,06,1 09,07,0 J7
09,04,0 09,04,1 09,05,0 09,05,1 09,06,0 10,04,0 10,05,0 M7
08,03,1 08,04,0 08,04,1 08,05,0 09,03,0 09,03,1 10,03,0 V7
08,02,1 08,03,0 09,01,1 09,02,0 09,02,1 10,02,0 10,02,1 T7
10,03,1 10,04,1 11,03,0 11,03,1 11,04,0 12,02,1 12,03,0 Y7
10,00,1 10,01,0 10,01,1 11,00,0 11,01,0 11,01,1 11,02,0 S7
11,00,1 11,02,1 12,00,0 12,00,1 12,01,0 12,01,1 12,02,0 C7

      ________                    ________
     /       /\                  /        \
    /       /  \                /   _______\
   /\  /\   \   \              /   /       /\
  /  \/  \___\   \            /___/       /  \
 /       /   /    \          /    \      /    \
/___    /   /___   \________/___   \____/___   \
\   \  /\      /\  /            \      /   /   /
 \   \/  \    /  \/______________\    /   /   /
  \      /\   \           \   \   \  /    \  /
   \    /  \___\___________\   \   \/___   \/
    \  /           /\      /   /       /   /
     \/___________/  \    /   /   ____/___/
              \      /    \   \  /
               \    /   ___\   \/
                \   \  /    \  /
                 \   \/      \/
                  \  /   /\  /
                   \/   /  \/
                   /\  /    \
                  /  \/   ___\
                 /   /    \   \
                /   /______\   \
               /\       \       \
              /  \_______\____   \
              \          /\   \  /
               \    ____/  \   \/
                \  /       /   /
                 \/   ____/   /
                  \   \      /
                   \___\____/


solution 3:
00,13,1 00,14,0 00,14,1 01,13,1 01,14,0 01,14,1 02,13,0 A7
02,13,1 02,14,0 03,12,0 03,12,1 03,13,0 04,11,1 04,12,0 E7
00,12,0 00,12,1 00,13,0 01,11,1 01,12,0 01,12,1 01,13,0 B7
00,11,1 01,10,1 01,11,0 02,09,1 02,10,0 02,10,1 02,11,0 G7
02,11,1 02,12,0 02,12,1 03,10,1 03,11,0 03,11,1 04,10,0 F7
03,09,0 03,09,1 03,10,0 04,09,0 04,09,1 05,09,0 05,09,1 P7
04,10,1 04,11,0 05,10,0 05,10,1 06,10,0 06,10,1 07,10,0 L7
05,11,0 05,11,1 06,11,0 06,11,1 07,11,0 07,11,1 08,11,0 I7
05,08,1 06,07,1 06,08,0 06,08,1 06,09,0 07,06,1 07,07,0 H7
07,12,0 07,12,1 08,11,1 08,12,0 08,12,1 08,13,0 09,11,0 W7
07,13,0 07,13,1 07,14,0 07,14,1 08,14,0 08,14,1 09,14,0 R7
08,13,1 09,11,1 09,12,0 09,12,1 09,13,0 10,11,0 10,12,0 Z7
09,13,1 10,11,1 10,12,1 10,13,0 11,11,0 11,11,1 11,12,0 J7
10,09,1 10,10,0 10,10,1 11,09,0 11,09,1 11,10,0 11,10,1 D7
08,10,1 09,08,1 09,09,0 09,09,1 09,10,0 09,10,1 10,09,0 X7
07,10,1 08,08,1 08,09,0 08,09,1 08,10,0 09,07,1 09,08,0 N7
06,09,1 07,07,1 07,08,0 07,08,1 07,09,0 07,09,1 08,07,0 Q7
08,06,1 08,07,1 08,08,0 09,05,1 09,06,0 09,06,1 09,07,0 U7
08,05,0 08,05,1 08,06,0 09,04,0 09,04,1 09,05,0 10,04,0 M7
10,03,0 10,03,1 10,04,1 10,05,0 11,03,0 11,03,1 11,04,0 V7
10,02,1 11,02,0 11,02,1 12,01,1 12,02,0 12,02,1 12,03,0 T7
08,02,1 08,03,0 08,03,1 08,04,0 08,04,1 09,03,0 09,03,1 Y7
09,01,1 09,02,0 09,02,1 10,00,1 10,01,0 11,00,0 11,00,1 C7
10,01,1 10,02,0 11,01,0 11,01,1 12,00,0 12,00,1 12,01,0 S7

      ________                    ________
     /       /\                  /        \
    /       /  \                /   _______\
   /\  /\   \   \              /   /\   \   \
  /  \/  \___\   \            /___/  \   \   \
 /       /   /    \          /       /    \   \
/___    /   /___   \________/___    /   ___\   \
\   \  /\      /\  /            \   \   \      /
 \   \/  \    /  \/______________\___\___\____/
  \      /\   \           \   \      /       /
   \    /  \___\___________\   \    /       /
    \  /           /\      /   /    \      /
     \/___________/  \    /   /   ___\____/
              \      /   /\   \  /
               \    /   /  \   \/
                \   \   \   \  /
                 \   \___\   \/
                  \  /\      /
                   \/  \    /
                   /    \  /\
                  /___   \/  \
                 /   /    \   \
                /   /______\   \
               /       /       /\
              /   ____/_______/  \
              \  /   /\          /
               \/   /  \____    /
                \   \       \  /
                 \   \____   \/
                  \      /   /
                   \____/___/


solution 4:
00,13,1 00,14,0 00,14,1 01,13,1 01,14,0 01,14,1 02,13,0 A7
02,13,1 02,14,0 03,12,0 03,12,1 03,13,0 04,11,1 04,12,0 E7
00,12,0 00,12,1 00,13,0 01,11,1 01,12,0 01,12,1 01,13,0 B7
00,11,1 01,10,1 01,11,0 02,09,1 02,10,0 02,10,1 02,11,0 G7
02,11,1 02,12,0 02,12,1 03,10,1 03,11,0 03,11,1 04,10,0 F7
03,09,0 03,09,1 03,10,0 04,09,0 04,09,1 05,09,0 05,09,1 P7
04,10,1 04,11,0 05,10,0 05,10,1 06,10,0 06,10,1 07,10,0 L7
05,11,0 05,11,1 06,11,0 06,11,1 07,11,0 07,11,1 08,11,0 I7
05,08,1 06,07,1 06,08,0 06,08,1 06,09,0 07,06,1 07,07,0 H7
07,12,0 07,12,1 08,11,1 08,12,0 08,12,1 08,13,0 09,11,0 W7
07,13,0 07,13,1 07,14,0 07,14,1 08,14,0 08,14,1 09,14,0 R7
08,13,1 09,11,1 09,12,0 09,12,1 09,13,0 10,11,0 10,12,0 Z7
09,13,1 10,11,1 10,12,1 10,13,0 11,11,0 11,11,1 11,12,0 J7
10,09,1 10,10,0 10,10,1 11,09,0 11,09,1 11,10,0 11,10,1 D7
08,10,1 09,08,1 09,09,0 09,09,1 09,10,0 09,10,1 10,09,0 X7
07,10,1 08,08,1 08,09,0 08,09,1 08,10,0 09,07,1 09,08,0 N7
06,09,1 07,07,1 07,08,0 07,08,1 07,09,0 07,09,1 08,07,0 Q7
08,06,1 08,07,1 08,08,0 09,05,1 09,06,0 09,06,1 09,07,0 U7
08,05,0 08,05,1 08,06,0 09,04,0 09,04,1 09,05,0 10,04,0 M7
10,03,0 10,03,1 10,04,1 10,05,0 11,03,0 11,03,1 11,04,0 V7
10,02,1 11,02,0 11,02,1 12,01,1 12,02,0 12,02,1 12,03,0 T7
08,02,1 08,03,0 08,03,1 08,04,0 08,04,1 09,03,0 09,03,1 Y7
09,01,1 09,02,0 09,02,1 10,01,1 10,02,0 11,01,0 11,01,1 S7
10,00,1 10,01,0 11,00,0 11,00,1 12,00,0 12,00,1 12,01,0 C7

      ________                    ________
     /       /\                  /        \
    /       /  \                /   _______\
   /\  /\   \   \              /   /\   \   \
  /  \/  \___\   \            /___/  \   \   \
 /       /   /    \          /       /    \   \
/___    /   /___   \________/___    /   ___\   \
\   \  /\      /\  /            \   \   \      /
 \   \/  \    /  \/______________\___\___\____/
  \      /\   \           \   \      /       /
   \    /  \___\___________\   \    /       /
    \  /           /\      /   /    \      /
     \/___________/  \    /   /   ___\____/
              \      /   /\   \  /
               \    /   /  \   \/
                \   \   \   \  /
                 \   \___\   \/
                  \  /\      /
                   \/  \    /
                   /    \  /\
                  /___   \/  \
                 /   /    \   \
                /   /______\   \
               /       /       /\
              /   ____/_______/  \
              \  /    \          /
               \/      \____    /
                \  /\      /\  /
                 \/  \____/  \/
                  \          /
                   \________/


solution 5:
00,13,1 00,14,0 00,14,1 01,13,1 01,14,0 01,14,1 02,13,0 A7
02,13,1 02,14,0 03,12,0 03,12,1 03,13,0 04,11,1 04,12,0 E7
00,12,0 00,12,1 00,13,0 01,11,1 01,12,0 01,12,1 01,13,0 B7
00,11,1 01,10,1 01,11,0 02,09,1 02,10,0 02,10,1 02,11,0 G7
02,11,1 02,12,0 02,12,1 03,10,1 03,11,0 03,11,1 04,10,0 F7
03,09,0 03,09,1 03,10,0 04,09,0 04,09,1 05,09,0 05,09,1 P7
04,10,1 04,11,0 05,10,0 05,10,1 06,10,0 06,10,1 07,10,0 L7
05,11,0 05,11,1 06,11,0 06,11,1 07,11,0 07,11,1 08,11,0 I7
05,08,1 06,07,1 06,08,0 06,08,1 06,09,0 07,06,1 07,07,0 H7
07,12,0 07,12,1 08,11,1 08,12,0 08,12,1 08,13,0 09,11,0 W7
07,13,0 07,13,1 07,14,0 07,14,1 08,13,1 08,14,0 08,14,1 U7
09,12,0 09,12,1 09,13,0 09,13,1 09,14,0 10,12,0 10,13,0 M7
09,11,1 10,11,0 10,11,1 10,12,1 11,11,0 11,11,1 11,12,0 J7
10,09,1 10,10,0 10,10,1 11,09,0 11,09,1 11,10,0 11,10,1 D7
08,10,1 09,08,1 09,09,0 09,09,1 09,10,0 09,10,1 10,09,0 X7
07,10,1 08,08,1 08,09,0 08,09,1 08,10,0 09,07,1 09,08,0 N7
06,09,1 07,07,1 07,08,0 07,08,1 07,09,0 07,09,1 08,07,0 Q7
08,06,0 08,06,1 08,07,1 08,08,0 09,06,0 09,06,1 09,07,0 V7
08,03,1 08,04,0 08,04,1 08,05,0 08,05,1 09,03,0 09,05,0 C7
08,02,1 08,03,0 09,01,1 09,02,0 09,02,1 10,01,0 10,02,0 Y7
10,00,1 11,00,0 11,00,1 12,00,0 12,00,1 12,01,0 12,01,1 R7
10,01,1 10,02,1 11,01,0 11,01,1 11,02,0 11,02,1 12,02,0 Z7
10,03,0 10,03,1 11,03,0 11,03,1 11,04,0 12,02,1 12,03,0 T7
09,03,1 09,04,0 09,04,1 09,05,1 10,04,0 10,04,1 10,05,0 S7

      ________                    ________
     /       /\                  /       /\
    /       /  \                /       /  \
   /\  /\   \   \              /   /\  /    \
  /  \/  \___\   \            /___/  \/   ___\
 /       /   /    \          /       /    \   \
/___    /   /___   \________/___    /______\   \
\   \  /\      /\  /            \   \          /
 \   \/  \    /  \/______________\___\________/
  \      /\   \           \   \      /       /
   \    /  \___\___________\   \    /       /
    \  /           /\      /   /    \      /
     \/___________/  \    /   /   ___\____/
              \      /   /\   \  /
               \    /   /  \   \/
                \   \   \   \  /
                 \   \___\   \/
                  \  /       /
                   \/_______/
                   /    \   \
                  /   ___\   \
                 /   /       /\
                /   /   ____/  \
               /\   \  /        \
              /  \___\/_______   \
              \       \       \  /
               \    ___\    ___\/
                \   \      /   /
                 \___\____/   /
                  \          /
                   \________/


solution 6:
00,13,1 00,14,0 00,14,1 01,13,1 01,14,0 01,14,1 02,13,0 A7
02,13,1 02,14,0 03,12,0 03,12,1 03,13,0 04,11,1 04,12,0 E7
00,12,0 00,12,1 00,13,0 01,11,1 01,12,0 01,12,1 01,13,0 B7
00,11,1 01,10,1 01,11,0 02,09,1 02,10,0 02,10,1 02,11,0 G7
02,11,1 02,12,0 02,12,1 03,10,1 03,11,0 03,11,1 04,10,0 F7
03,09,0 03,09,1 03,10,0 04,09,0 04,09,1 05,09,0 05,09,1 P7
04,10,1 04,11,0 05,10,0 05,10,1 06,10,0 06,10,1 07,10,0 L7
05,11,0 05,11,1 06,11,0 06,11,1 07,11,0 07,11,1 08,11,0 I7
05,08,1 06,07,1 06,08,0 06,08,1 06,09,0 07,06,1 07,07,0 H7
07,12,0 07,12,1 08,11,1 08,12,0 08,12,1 08,13,0 09,11,0 W7
07,13,0 07,13,1 07,14,0 07,14,1 08,13,1 08,14,0 08,14,1 U7
09,12,0 09,12,1 09,13,0 09,13,1 09,14,0 10,12,0 10,13,0 M7
09,11,1 10,11,0 10,11,1 10,12,1 11,11,0 11,11,1 11,12,0 J7
10,09,1 10,10,0 10,10,1 11,09,0 11,09,1 11,10,0 11,10,1 D7
08,10,1 09,08,1 09,09,0 09,09,1 09,10,0 09,10,1 10,09,0 X7
07,10,1 08,08,1 08,09,0 08,09,1 08,10,0 09,07,1 09,08,0 N7
06,09,1 07,07,1 07,08,0 07,08,1 07,09,0 07,09,1 08,07,0 Q7
08,06,0 08,06,1 08,07,1 08,08,0 09,06,0 09,06,1 09,07,0 V7
08,04,1 08,05,0 08,05,1 09,05,0 09,05,1 10,04,1 10,05,0 C7
08,03,1 08,04,0 09,03,0 09,03,1 09,04,0 09,04,1 10,04,0 S7
08,02,1 08,03,0 09,01,1 09,02,0 09,02,1 10,01,0 10,02,0 Y7
10,00,1 11,00,0 11,00,1 12,00,0 12,00,1 12,01,0 12,01,1 R7
10,01,1 10,02,1 11,01,0 11,01,1 11,02,0 11,02,1 12,02,0 Z7
10,03,0 10,03,1 11,03,0 11,03,1 11,04,0 12,02,1 12,03,0 T7

      ________                    ________
     /       /\                  /       /\
    /       /  \                /       /  \
   /\  /\   \   \              /   /\  /    \
  /  \/  \___\   \            /___/  \/   ___\
 /       /   /    \          /       /    \   \
/___    /   /___   \________/___    /______\   \
\   \  /\      /\  /            \   \          /
 \   \/  \    /  \/______________\___\________/
  \      /\   \           \   \      /       /
   \    /  \___\___________\   \    /       /
    \  /           /\      /   /    \      /
     \/___________/  \    /   /   ___\____/
              \      /   /\   \  /
               \    /   /  \   \/
                \   \   \   \  /
                 \   \___\   \/
                  \  /       /
                   \/_______/
                   /        \
                  /   ____   \
                 /\  /    \  /\
                /  \/   ___\/  \
               /\      /        \
              /  \____/_______   \
              \       \       \  /
               \    ___\    ___\/
                \   \      /   /
                 \___\____/   /
                  \          /
                   \________/


solution 7:
00,13,1 00,14,0 00,14,1 01,13,1 01,14,0 01,14,1 02,13,0 A7
02,13,1 02,14,0 03,12,0 03,12,1 03,13,0 04,11,1 04,12,0 E7
00,12,0 00,12,1 00,13,0 01,11,1 01,12,0 01,12,1 01,13,0 B7
00,11,1 01,10,1 01,11,0 02,09,1 02,10,0 02,10,1 02,11,0 G7
02,11,1 02,12,0 02,12,1 03,10,1 03,11,0 03,11,1 04,10,0 F7
03,09,0 03,09,1 03,10,0 04,09,0 04,09,1 05,09,0 05,09,1 P7
04,10,1 04,11,0 05,10,0 05,10,1 06,10,0 06,10,1 07,10,0 L7
05,11,0 05,11,1 06,11,0 06,11,1 07,11,0 07,11,1 08,11,0 I7
05,08,1 06,07,1 06,08,0 06,08,1 06,09,0 07,06,1 07,07,0 H7
07,12,0 07,12,1 08,11,1 08,12,0 08,12,1 08,13,0 09,11,0 W7
07,13,0 07,13,1 07,14,0 07,14,1 08,13,1 08,14,0 08,14,1 U7
09,12,0 09,12,1 09,13,0 09,13,1 09,14,0 10,12,0 10,13,0 M7
09,11,1 10,11,0 10,11,1 10,12,1 11,11,0 11,11,1 11,12,0 J7
10,09,1 10,10,0 10,10,1 11,09,0 11,09,1 11,10,0 11,10,1 D7
08,10,1 09,08,1 09,09,0 09,09,1 09,10,0 09,10,1 10,09,0 X7
07,10,1 08,08,1 08,09,0 08,09,1 08,10,0 09,07,1 09,08,0 N7
06,09,1 07,07,1 07,08,0 07,08,1 07,09,0 07,09,1 08,07,0 Q7
08,06,0 08,06,1 08,07,1 08,08,0 09,06,0 09,06,1 09,07,0 V7
08,04,1 08,05,0 08,05,1 09,05,0 09,05,1 10,04,1 10,05,0 C7
08,02,1 08,03,0 08,03,1 08,04,0 09,03,0 09,03,1 10,03,0 T7
09,04,0 09,04,1 10,03,1 10,04,0 11,03,0 11,03,1 11,04,0 S7
11,02,0 11,02,1 12,01,0 12,01,1 12,02,0 12,02,1 12,03,0 Y7
09,01,1 10,00,1 10,01,0 11,00,0 11,00,1 12,00,0 12,00,1 R7
09,02,0 09,02,1 10,01,1 10,02,0 10,02,1 11,01,0 11,01,1 Z7

      ________                    ________
     /       /\                  /       /\
    /       /  \                /       /  \
   /\  /\   \   \              /   /\  /    \
  /  \/  \___\   \            /___/  \/   ___\
 /       /   /    \          /       /    \   \
/___    /   /___   \________/___    /______\   \
\   \  /\      /\  /            \   \          /
 \   \/  \    /  \/______________\___\________/
  \      /\   \           \   \      /       /
   \    /  \___\___________\   \    /       /
    \  /           /\      /   /    \      /
     \/___________/  \    /   /   ___\____/
              \      /   /\   \  /
               \    /   /  \   \/
                \   \   \   \  /
                 \   \___\   \/
                  \  /       /
                   \/_______/
                   /        \
                  /   ____   \
                 /\  /    \  /\
                /  \/___   \/  \
               /        \      /\
              /   _______\____/  \
              \  /       /       /
               \/___    /___    /
                \   \      /   /
                 \   \____/___/
                  \          /
                   \________/


solution 8:
00,13,1 00,14,0 00,14,1 01,13,1 01,14,0 01,14,1 02,13,0 A7
02,13,1 02,14,0 03,12,0 03,12,1 03,13,0 04,11,1 04,12,0 E7
00,12,0 00,12,1 00,13,0 01,11,1 01,12,0 01,12,1 01,13,0 B7
00,11,1 01,10,1 01,11,0 02,09,1 02,10,0 02,10,1 02,11,0 G7
02,11,1 02,12,0 02,12,1 03,10,1 03,11,0 03,11,1 04,10,0 F7
03,09,0 03,09,1 03,10,0 04,09,0 04,09,1 05,09,0 05,09,1 P7
04,10,1 04,11,0 05,10,0 05,10,1 06,10,0 06,10,1 07,10,0 L7
05,11,0 05,11,1 06,11,0 06,11,1 07,11,0 07,11,1 08,11,0 I7
05,08,1 06,07,1 06,08,0 06,08,1 06,09,0 07,06,1 07,07,0 H7
07,12,0 07,12,1 08,11,1 08,12,0 08,12,1 08,13,0 09,11,0 W7
07,13,0 07,13,1 07,14,0 07,14,1 08,13,1 08,14,0 08,14,1 U7
09,12,0 09,12,1 09,13,0 09,13,1 09,14,0 10,12,0 10,13,0 M7
09,11,1 10,11,0 10,11,1 10,12,1 11,11,0 11,11,1 11,12,0 J7
10,09,1 10,10,0 10,10,1 11,09,0 11,09,1 11,10,0 11,10,1 D7
08,10,1 09,08,1 09,09,0 09,09,1 09,10,0 09,10,1 10,09,0 X7
07,10,1 08,08,1 08,09,0 08,09,1 08,10,0 09,07,1 09,08,0 N7
06,09,1 07,07,1 07,08,0 07,08,1 07,09,0 07,09,1 08,07,0 Q7
08,06,0 08,06,1 08,07,1 08,08,0 09,06,0 09,06,1 09,07,0 V7
08,04,0 08,04,1 08,05,0 08,05,1 09,05,0 09,05,1 10,05,0 R7
08,02,1 08,03,0 09,01,1 09,02,0 09,02,1 10,02,0 10,02,1 T7
08,03,1 09,03,0 09,03,1 09,04,0 09,04,1 10,03,0 10,04,0 Z7
10,03,1 10,04,1 11,03,0 11,03,1 11,04,0 12,02,1 12,03,0 Y7
10,00,1 10,01,0 11,00,0 11,00,1 12,00,0 12,00,1 12,01,0 C7
10,01,1 11,01,0 11,01,1 11,02,0 11,02,1 12,01,1 12,02,0 S7

      ________                    ________
     /       /\                  /       /\
    /       /  \                /       /  \
   /\  /\   \   \              /   /\  /    \
  /  \/  \___\   \            /___/  \/   ___\
 /       /   /    \          /       /    \   \
/___    /   /___   \________/___    /______\   \
\   \  /\      /\  /            \   \          /
 \   \/  \    /  \/______________\___\________/
  \      /\   \           \   \      /       /
   \    /  \___\___________\   \    /       /
    \  /           /\      /   /    \      /
     \/___________/  \    /   /   ___\____/
              \      /   /\   \  /
               \    /   /  \   \/
                \   \   \   \  /
                 \   \___\   \/
                  \  /       /
                   \/_______/
                   /        \
                  /   _______\
                 /   /    \   \
                /___/   ___\   \
               /\       \       \
              /  \_______\____   \
              \          /    \  /
               \    ____/      \/
                \  /\      /\  /
                 \/  \____/  \/
                  \          /
                   \________/


solution 9:
00,13,1 00,14,0 00,14,1 01,13,1 01,14,0 01,14,1 02,13,0 A7
02,13,1 02,14,0 03,12,0 03,12,1 03,13,0 04,11,1 04,12,0 E7
00,12,0 00,12,1 00,13,0 01,11,1 01,12,0 01,12,1 01,13,0 B7
00,11,1 01,10,1 01,11,0 02,09,1 02,10,0 02,10,1 02,11,0 G7
02,11,1 02,12,0 02,12,1 03,10,1 03,11,0 03,11,1 04,10,0 F7
03,09,0 03,09,1 03,10,0 04,09,0 04,09,1 05,09,0 05,09,1 P7
04,10,1 04,11,0 05,10,0 05,10,1 06,10,0 06,10,1 07,10,0 L7
05,11,0 05,11,1 06,11,0 06,11,1 07,11,0 07,11,1 08,11,0 I7
05,08,1 06,07,1 06,08,0 06,08,1 06,09,0 07,06,1 07,07,0 H7
07,12,0 07,12,1 08,11,1 08,12,0 08,12,1 08,13,0 09,11,0 W7
07,13,0 07,13,1 07,14,0 07,14,1 08,13,1 08,14,0 08,14,1 U7
09,12,0 09,12,1 09,13,0 09,13,1 09,14,0 10,12,0 10,13,0 M7
09,11,1 10,11,0 10,11,1 10,12,1 11,11,0 11,11,1 11,12,0 J7
10,09,1 10,10,0 10,10,1 11,09,0 11,09,1 11,10,0 11,10,1 D7
08,10,1 09,08,1 09,09,0 09,09,1 09,10,0 09,10,1 10,09,0 X7
07,10,1 08,08,1 08,09,0 08,09,1 08,10,0 09,07,1 09,08,0 N7
06,09,1 07,07,1 07,08,0 07,08,1 07,09,0 07,09,1 08,07,0 Q7
08,06,0 08,06,1 08,07,1 08,08,0 09,06,0 09,06,1 09,07,0 V7
08,04,0 08,04,1 08,05,0 08,05,1 09,05,0 09,05,1 10,05,0 R7
08,02,1 08,03,0 09,01,1 09,02,0 09,02,1 10,02,0 10,02,1 T7
08,03,1 09,03,0 09,03,1 09,04,0 09,04,1 10,03,0 10,04,0 Z7
10,03,1 10,04,1 11,03,0 11,03,1 11,04,0 12,02,1 12,03,0 Y7
10,00,1 10,01,0 10,01,1 11,00,0 11,01,0 11,01,1 11,02,0 S7
11,00,1 11,02,1 12,00,0 12,00,1 12,01,0 12,01,1 12,02,0 C7

      ________                    ________
     /       /\                  /       /\
    /       /  \                /       /  \
   /\  /\   \   \              /   /\  /    \
  /  \/  \___\   \            /___/  \/   ___\
 /       /   /    \          /       /    \   \
/___    /   /___   \________/___    /______\   \
\   \  /\      /\  /            \   \          /
 \   \/  \    /  \/______________\___\________/
  \      /\   \           \   \      /       /
   \    /  \___\___________\   \    /       /
    \  /           /\      /   /    \      /
     \/___________/  \    /   /   ___\____/
              \      /   /\   \  /
               \    /   /  \   \/
                \   \   \   \  /
                 \   \___\   \/
                  \  /       /
                   \/_______/
                   /        \
                  /   _______\
                 /   /    \   \
                /___/   ___\   \
               /\       \       \
              /  \_______\____   \
              \          /\   \  /
               \    ____/  \   \/
                \  /       /   /
                 \/   ____/   /
                  \   \      /
                   \___\____/


solution 10:
00,13,1 00,14,0 00,14,1 01,13,1 01,14,0 01,14,1 02,13,0 A7
02,13,1 02,14,0 03,12,0 03,12,1 03,13,0 04,11,1 04,12,0 E7
00,12,0 00,12,1 00,13,0 01,11,1 01,12,0 01,12,1 01,13,0 B7
00,11,1 01,10,1 01,11,0 02,09,1 02,10,0 02,10,1 02,11,0 G7
02,11,1 02,12,0 02,12,1 03,10,1 03,11,0 03,11,1 04,10,0 F7
03,09,0 03,09,1 03,10,0 04,09,0 04,09,1 05,09,0 05,09,1 P7
04,10,1 04,11,0 05,10,0 05,10,1 06,10,0 06,10,1 07,10,0 L7
05,11,0 05,11,1 06,11,0 06,11,1 07,11,0 07,11,1 08,11,0 I7
05,08,1 06,07,1 06,08,0 06,08,1 06,09,0 07,06,1 07,07,0 H7
07,12,0 07,12,1 08,11,1 08,12,0 08,12,1 08,13,0 09,11,0 W7
07,13,0 07,13,1 07,14,0 07,14,1 08,13,1 08,14,0 08,14,1 U7
09,12,0 09,12,1 09,13,0 09,13,1 09,14,0 10,12,0 10,13,0 M7
09,11,1 10,11,0 10,11,1 10,12,1 11,11,0 11,11,1 11,12,0 J7
10,09,1 10,10,0 10,10,1 11,09,0 11,09,1 11,10,0 11,10,1 D7
08,10,1 09,08,1 09,09,0 09,09,1 09,10,0 09,10,1 10,09,0 X7
07,10,1 08,08,1 08,09,0 08,09,1 08,10,0 09,07,1 09,08,0 N7
06,09,1 07,07,1 07,08,0 07,08,1 07,09,0 07,09,1 08,07,0 Q7
08,06,0 08,06,1 08,07,1 08,08,0 09,06,0 09,06,1 09,07,0 V7
08,05,0 08,05,1 09,05,0 09,05,1 10,04,1 10,05,0 11,04,0 R7
10,02,1 11,02,0 11,02,1 12,01,1 12,02,0 12,02,1 12,03,0 T7
09,04,0 09,04,1 10,03,0 10,03,1 10,04,0 11,03,0 11,03,1 Z7
08,02,1 08,03,0 08,03,1 08,04,0 08,04,1 09,03,0 09,03,1 Y7
09,01,1 09,02,0 09,02,1 10,00,1 10,01,0 11,00,0 11,00,1 C7
10,01,1 10,02,0 11,01,0 11,01,1 12,00,0 12,00,1 12,01,0 S7

      ________                    ________
     /       /\                  /       /\
    /       /  \                /       /  \
   /\  /\   \   \              /   /\  /    \
  /  \/  \___\   \            /___/  \/   ___\
 /       /   /    \          /       /    \   \
/___    /   /___   \________/___    /______\   \
\   \  /\      /\  /            \   \          /
 \   \/  \    /  \/______________\___\________/
  \      /\   \           \   \      /       /
   \    /  \___\___________\   \    /       /
    \  /           /\      /   /    \      /
     \/___________/  \    /   /   ___\____/
              \      /   /\   \  /
               \    /   /  \   \/
                \   \   \   \  /
                 \   \___\   \/
                  \  /       /
                   \/_______/
                   /        \
                  /_______   \
                 /   /    \   \
                /   /___   \___\
               /       /       /\
              /   ____/_______/  \
              \  /   /\          /
               \/   /  \____    /
                \   \       \  /
                 \   \____   \/
                  \      /   /
                   \____/___/

...

solution 20:
00,13,1 00,14,0 00,14,1 01,13,1 01,14,0 01,14,1 02,13,0 A7
02,13,1 02,14,0 03,12,0 03,12,1 03,13,0 04,11,1 04,12,0 E7
00,12,0 00,12,1 00,13,0 01,11,1 01,12,0 01,12,1 01,13,0 B7
00,11,1 01,10,1 01,11,0 02,09,1 02,10,0 02,10,1 02,11,0 G7
02,11,1 02,12,0 02,12,1 03,10,1 03,11,0 03,11,1 04,10,0 F7
03,09,0 03,09,1 03,10,0 04,09,0 04,09,1 05,09,0 05,09,1 P7
04,10,1 04,11,0 05,10,0 05,10,1 06,10,0 06,10,1 07,10,0 L7
05,11,0 05,11,1 06,11,0 06,11,1 07,11,0 07,11,1 08,11,0 I7
05,08,1 06,07,1 06,08,0 06,08,1 06,09,0 07,06,1 07,07,0 H7
07,12,0 07,12,1 08,11,1 08,12,0 08,12,1 08,13,0 09,11,0 W7
07,13,0 07,13,1 07,14,0 07,14,1 08,13,1 08,14,0 08,14,1 U7
09,13,0 09,13,1 09,14,0 10,12,0 10,12,1 10,13,0 11,12,0 M7
09,11,1 09,12,0 09,12,1 10,11,0 10,11,1 11,11,0 11,11,1 J7
10,09,1 10,10,0 10,10,1 11,09,0 11,09,1 11,10,0 11,10,1 D7
08,10,1 09,08,1 09,09,0 09,09,1 09,10,0 09,10,1 10,09,0 X7
07,10,1 08,08,1 08,09,0 08,09,1 08,10,0 09,07,1 09,08,0 N7
06,09,1 07,07,1 07,08,0 07,08,1 07,09,0 07,09,1 08,07,0 Q7
08,06,0 08,06,1 08,07,1 08,08,0 09,06,0 09,06,1 09,07,0 V7
08,04,1 08,05,0 08,05,1 09,04,0 09,04,1 10,03,1 10,04,0 S7
09,05,0 09,05,1 10,04,1 10,05,0 11,03,0 11,03,1 11,04,0 C7
11,02,0 11,02,1 12,01,0 12,01,1 12,02,0 12,02,1 12,03,0 Y7
08,02,1 08,03,0 08,03,1 08,04,0 09,03,0 09,03,1 10,03,0 T7
09,01,1 10,00,1 10,01,0 11,00,0 11,00,1 12,00,0 12,00,1 R7
09,02,0 09,02,1 10,01,1 10,02,0 10,02,1 11,01,0 11,01,1 Z7

      ________                    ________
     /       /\                  /       /\
    /       /  \                /       /  \
   /\  /\   \   \              /   /\  /    \
  /  \/  \___\   \            /___/  \/___   \
 /       /   /    \          /       /   /    \
/___    /   /___   \________/___    /   /______\
\   \  /\      /\  /            \   \          /
 \   \/  \    /  \/______________\___\________/
  \      /\   \           \   \      /       /
   \    /  \___\___________\   \    /       /
    \  /           /\      /   /    \      /
     \/___________/  \    /   /   ___\____/
              \      /   /\   \  /
               \    /   /  \   \/
                \   \   \   \  /
                 \   \___\   \/
                  \  /       /
                   \/_______/
                   /   /    \
                  /   /___   \
                 /\       \   \
                /  \____   \   \
               /        \  /   /\
              /   _______\/___/  \
              \  /       /       /
               \/___    /___    /
                \   \      /   /
                 \   \____/___/
                  \          /
                   \________/


Session interrupted by user.
20 solutions, 247272 searches, duration 0:02:14.331000
