solving HeptiamondsTrefoil3:

solution 1 (1,133 searches):
05,02,0 05,02,1 05,03,0 06,02,0 06,02,1 07,02,0 07,02,1 P7
05,01,1 06,00,1 06,01,0 06,01,1 07,00,0 07,00,1 07,01,0 D7
07,01,1 08,00,0 08,00,1 08,01,0 08,01,1 08,02,0 08,02,1 E7
05,03,1 05,04,0 05,04,1 05,05,0 06,03,0 06,04,0 06,04,1 A7
06,03,1 06,05,1 07,03,0 07,03,1 07,04,0 07,04,1 07,05,0 C7
08,03,0 08,03,1 08,04,0 08,04,1 08,05,0 09,03,0 09,03,1 G7
09,04,0 09,04,1 09,05,0 10,03,0 10,03,1 10,04,0 10,04,1 B7
05,05,1 05,06,0 05,06,1 05,07,0 05,07,1 06,05,0 06,06,0 F7
04,05,1 04,06,0 04,06,1 04,07,0 04,07,1 04,08,0 04,08,1 I7
02,09,1 03,06,1 03,07,0 03,07,1 03,08,0 03,08,1 03,09,0 L7
06,06,1 07,05,1 07,06,0 07,06,1 08,05,1 08,06,0 08,06,1 M7
06,07,0 06,07,1 07,07,0 07,07,1 07,08,0 07,08,1 08,07,0 H7
05,08,0 05,08,1 05,09,0 06,08,0 06,08,1 06,09,0 06,09,1 U7
04,10,1 04,11,0 05,09,1 05,10,0 05,10,1 06,10,0 06,10,1 T7
07,09,0 07,09,1 07,10,0 08,08,1 08,09,0 09,08,0 09,08,1 Q7
08,07,1 08,08,0 09,06,0 09,06,1 09,07,0 09,07,1 10,07,0 W7
09,05,1 10,05,0 10,05,1 10,06,0 10,06,1 11,05,0 11,06,0 Z7
11,05,1 12,05,0 12,05,1 13,05,0 13,05,1 13,06,0 13,06,1 R7
11,07,1 12,06,0 12,06,1 12,07,0 12,07,1 12,08,0 13,07,0 X7
10,07,1 10,08,0 10,08,1 11,06,1 11,07,0 11,08,0 11,08,1 V7
03,10,1 03,11,0 03,11,1 03,12,0 04,09,0 04,09,1 04,10,0 N7
01,10,1 01,11,0 01,11,1 02,10,0 02,10,1 03,09,1 03,10,0 S7
00,11,1 00,12,0 00,12,1 00,13,0 00,13,1 01,12,0 01,12,1 Y7
01,13,0 01,13,1 02,11,0 02,11,1 02,12,0 02,12,1 02,13,0 J7

    ________
   /   /    \
  /   /___   \
 /       /   /\
/   ____/   /  \
\  /   /   /   /\
 \/   /___/   /  \________
  \       \   \          /\
   \____   \   \    ____/  \
    \   \  /   /\  /   /    \
     \   \/___/  \/   /___   \____________
     /   /   /       /   /\      /       /\
    /   /   /_______/   /  \____/   ____/  \
   /   /   /   /        \       \   \       \
  /   /   /   /__________\    ___\   \    ___\
  \  /   /    \          /   /    \  /   /   /
   \/   /   ___\        /___/   ___\/___/   /
    \  /\   \   \  /\  /\       \          /
     \/  \___\   \/  \/  \_______\________/
     /       /   /   /       /
    /   ____/   /   /___    /
   /\   \      /       /   /
  /  \___\____/_______/___/
 /           /   /
/___________/   /
\       \      /
 \       \    /
  \      /   /
   \____/___/

solution 2 (1,137 searches):
05,02,0 05,02,1 05,03,0 06,02,0 06,02,1 07,02,0 07,02,1 P7
05,01,1 06,00,1 06,01,0 06,01,1 07,00,0 07,00,1 07,01,0 D7
07,01,1 08,00,0 08,00,1 08,01,0 08,01,1 08,02,0 08,02,1 E7
05,03,1 05,04,0 05,04,1 05,05,0 06,03,0 06,04,0 06,04,1 A7
06,03,1 06,05,1 07,03,0 07,03,1 07,04,0 07,04,1 07,05,0 C7
08,03,0 08,03,1 08,04,0 08,04,1 08,05,0 09,03,0 09,03,1 G7
09,04,0 09,04,1 09,05,0 10,03,0 10,03,1 10,04,0 10,04,1 B7
05,05,1 05,06,0 05,06,1 05,07,0 05,07,1 06,05,0 06,06,0 F7
04,05,1 04,06,0 04,06,1 04,07,0 04,07,1 04,08,0 04,08,1 I7
02,09,1 03,06,1 03,07,0 03,07,1 03,08,0 03,08,1 03,09,0 L7
06,06,1 07,05,1 07,06,0 07,06,1 08,05,1 08,06,0 08,06,1 M7
06,07,0 06,07,1 07,07,0 07,07,1 07,08,0 07,08,1 08,07,0 H7
05,08,0 05,08,1 05,09,0 06,08,0 06,08,1 06,09,0 06,09,1 U7
04,10,1 04,11,0 05,09,1 05,10,0 05,10,1 06,10,0 06,10,1 T7
07,09,0 07,09,1 07,10,0 08,08,1 08,09,0 09,08,0 09,08,1 Q7
08,07,1 08,08,0 09,06,0 09,06,1 09,07,0 09,07,1 10,07,0 W7
09,05,1 10,05,0 10,05,1 10,06,0 10,06,1 11,05,0 11,06,0 Z7
11,05,1 12,05,0 12,05,1 13,05,0 13,05,1 13,06,0 13,06,1 R7
11,07,1 12,06,0 12,06,1 12,07,0 12,07,1 12,08,0 13,07,0 X7
10,07,1 10,08,0 10,08,1 11,06,1 11,07,0 11,08,0 11,08,1 V7
01,10,1 02,10,0 02,10,1 03,09,1 03,10,0 04,09,0 04,09,1 N7
02,12,0 02,12,1 03,10,1 03,11,0 03,11,1 03,12,0 04,10,0 S7
00,13,0 00,13,1 01,12,0 01,12,1 01,13,0 01,13,1 02,13,0 Y7
00,11,1 00,12,0 00,12,1 01,11,0 01,11,1 02,11,0 02,11,1 J7

    ________
   /        \
  /___    ___\
 /   /   /    \
/   /___/___   \
\          /   /\
 \________/   /  \________
  \       \   \          /\
   \____   \___\    ____/  \
    \   \      /\  /   /    \
     \   \____/  \/   /___   \____________
     /   /   /       /   /\      /       /\
    /   /   /_______/   /  \____/   ____/  \
   /   /   /   /        \       \   \       \
  /   /   /   /__________\    ___\   \    ___\
  \  /   /    \          /   /    \  /   /   /
   \/   /   ___\        /___/   ___\/___/   /
    \  /\   \   \  /\  /\       \          /
     \/  \___\   \/  \/  \_______\________/
     /       /   /   /       /
    /   ____/   /   /___    /
   /\   \      /       /   /
  /  \___\____/_______/___/
 /           /   /
/___________/   /
\       \      /
 \       \    /
  \      /   /
   \____/___/

solution 3 (7,956 searches):
05,02,0 05,02,1 05,03,0 06,02,0 06,02,1 07,02,0 07,02,1 P7
05,01,1 06,00,1 06,01,0 06,01,1 07,00,0 07,00,1 07,01,0 D7
07,01,1 08,00,0 08,00,1 08,01,0 08,01,1 08,02,0 08,02,1 E7
05,03,1 05,04,0 05,04,1 05,05,0 06,03,0 06,04,0 06,04,1 A7
06,03,1 06,05,1 07,03,0 07,03,1 07,04,0 07,04,1 07,05,0 C7
08,03,0 08,03,1 08,04,0 08,04,1 08,05,0 09,03,0 09,03,1 G7
09,04,0 09,04,1 09,05,0 10,03,0 10,03,1 10,04,0 10,04,1 B7
05,05,1 05,06,0 05,06,1 05,07,0 05,07,1 06,05,0 06,06,0 F7
04,05,1 04,06,0 04,06,1 04,07,0 04,07,1 04,08,0 04,08,1 I7
02,09,1 03,06,1 03,07,0 03,07,1 03,08,0 03,08,1 03,09,0 L7
06,06,1 07,05,1 07,06,0 07,06,1 08,05,1 08,06,0 08,06,1 M7
05,08,0 05,08,1 06,07,0 06,07,1 06,08,0 06,08,1 06,09,0 Y7
07,07,0 07,07,1 07,08,0 08,07,0 08,07,1 09,06,1 09,07,0 Q7
09,05,1 09,06,0 10,05,0 10,05,1 10,06,0 10,06,1 11,06,0 S7
11,05,0 11,05,1 11,06,1 12,05,0 12,05,1 12,06,0 12,06,1 U7
12,07,1 12,08,0 13,05,0 13,05,1 13,06,0 13,06,1 13,07,0 R7
10,07,0 10,07,1 11,07,0 11,07,1 11,08,0 11,08,1 12,07,0 H7
08,08,1 08,09,0 09,07,1 09,08,0 09,08,1 10,08,0 10,08,1 T7
06,09,1 06,10,1 07,08,1 07,09,0 07,09,1 07,10,0 08,08,0 Z7
04,10,1 04,11,0 05,09,0 05,09,1 05,10,0 05,10,1 06,10,0 W7
03,10,1 03,11,0 03,11,1 03,12,0 04,09,0 04,09,1 04,10,0 N7
01,11,1 02,10,0 02,10,1 02,11,0 02,11,1 03,09,1 03,10,0 X7
00,11,1 00,12,0 00,12,1 01,10,1 01,11,0 01,12,0 01,12,1 V7
00,13,0 00,13,1 01,13,0 01,13,1 02,12,0 02,12,1 02,13,0 J7

    ________
   /        \
  /_______   \
 /       /   /\
/   ____/___/  \
\   \      /   /\
 \   \    /   /  \________
  \  /    \   \       \   \
   \/___   \   \    ___\   \
    \   \  /   /   /\      /\
     \   \/___/___/  \    /  \____________
     /   /   /       /\   \          /   /\
    /   /   /___    /  \___\    ____/   /  \
   /   /   /   /   /        \  /        \   \
  /   /   /   /___/_______   \/__________\   \
  \  /   /    \          /\  /    \      /   /
   \/   /   ___\        /  \/   ___\    /   /
    \  /\   \   \  /\  /\      /       /   /
     \/  \___\   \/  \/  \____/_______/___/
     /       /   /   /       /
    /   ____/   /   /___    /
   /\   \      /       /   /
  /  \___\____/_______/___/
 /           /   /
/___________/   /
\       \      /
 \       \    /
  \      /   /
   \____/___/

solution 4 (7,959 searches):
05,02,0 05,02,1 05,03,0 06,02,0 06,02,1 07,02,0 07,02,1 P7
05,01,1 06,00,1 06,01,0 06,01,1 07,00,0 07,00,1 07,01,0 D7
07,01,1 08,00,0 08,00,1 08,01,0 08,01,1 08,02,0 08,02,1 E7
05,03,1 05,04,0 05,04,1 05,05,0 06,03,0 06,04,0 06,04,1 A7
06,03,1 06,05,1 07,03,0 07,03,1 07,04,0 07,04,1 07,05,0 C7
08,03,0 08,03,1 08,04,0 08,04,1 08,05,0 09,03,0 09,03,1 G7
09,04,0 09,04,1 09,05,0 10,03,0 10,03,1 10,04,0 10,04,1 B7
05,05,1 05,06,0 05,06,1 05,07,0 05,07,1 06,05,0 06,06,0 F7
04,05,1 04,06,0 04,06,1 04,07,0 04,07,1 04,08,0 04,08,1 I7
02,09,1 03,06,1 03,07,0 03,07,1 03,08,0 03,08,1 03,09,0 L7
06,06,1 07,05,1 07,06,0 07,06,1 08,05,1 08,06,0 08,06,1 M7
05,08,0 05,08,1 06,07,0 06,07,1 06,08,0 06,08,1 06,09,0 Y7
07,07,0 07,07,1 07,08,0 08,07,0 08,07,1 09,06,1 09,07,0 Q7
09,05,1 09,06,0 10,05,0 10,05,1 10,06,0 10,06,1 11,06,0 S7
11,05,0 11,05,1 11,06,1 12,05,0 12,05,1 12,06,0 12,06,1 U7
12,07,1 12,08,0 13,05,0 13,05,1 13,06,0 13,06,1 13,07,0 R7
10,07,0 10,07,1 11,07,0 11,07,1 11,08,0 11,08,1 12,07,0 H7
08,08,1 08,09,0 09,07,1 09,08,0 09,08,1 10,08,0 10,08,1 T7
06,09,1 06,10,1 07,08,1 07,09,0 07,09,1 07,10,0 08,08,0 Z7
04,10,1 04,11,0 05,09,0 05,09,1 05,10,0 05,10,1 06,10,0 W7
01,10,1 02,10,0 02,10,1 03,09,1 03,10,0 04,09,0 04,09,1 N7
02,11,0 02,11,1 02,12,0 03,10,1 03,11,0 03,11,1 04,10,0 X7
01,12,0 01,12,1 01,13,0 01,13,1 02,12,1 02,13,0 03,12,0 V7
00,11,1 00,12,0 00,12,1 00,13,0 00,13,1 01,11,0 01,11,1 J7

    ________
   /   /    \
  /   /      \
 /   /   /\   \
/   /___/  \___\
\      /       /\
 \____/___    /  \________
  \       \   \       \   \
   \____   \___\    ___\   \
    \   \      /   /\      /\
     \   \____/___/  \    /  \____________
     /   /   /       /\   \          /   /\
    /   /   /___    /  \___\    ____/   /  \
   /   /   /   /   /        \  /        \   \
  /   /   /   /___/_______   \/__________\   \
  \  /   /    \          /\  /    \      /   /
   \/   /   ___\        /  \/   ___\    /   /
    \  /\   \   \  /\  /\      /       /   /
     \/  \___\   \/  \/  \____/_______/___/
     /       /   /   /       /
    /   ____/   /   /___    /
   /\   \      /       /   /
  /  \___\____/_______/___/
 /           /   /
/___________/   /
\       \      /
 \       \    /
  \      /   /
   \____/___/

solution 5 (44,102 searches):
05,02,0 05,02,1 05,03,0 06,02,0 06,02,1 07,02,0 07,02,1 P7
05,01,1 06,00,1 06,01,0 06,01,1 07,00,0 07,00,1 07,01,0 D7
07,01,1 08,00,0 08,00,1 08,01,0 08,01,1 08,02,0 08,02,1 E7
05,03,1 05,04,0 05,04,1 05,05,0 06,03,0 06,04,0 06,04,1 A7
06,03,1 06,05,1 07,03,0 07,03,1 07,04,0 07,04,1 07,05,0 C7
08,03,0 08,03,1 08,04,0 08,04,1 08,05,0 09,03,0 09,03,1 G7
09,04,0 09,04,1 09,05,0 10,03,0 10,03,1 10,04,0 10,04,1 B7
05,05,1 05,06,0 05,06,1 05,07,0 05,07,1 06,05,0 06,06,0 F7
04,05,1 04,06,0 04,06,1 04,07,0 04,07,1 04,08,0 04,08,1 I7
02,09,1 03,06,1 03,07,0 03,07,1 03,08,0 03,08,1 03,09,0 L7
06,06,1 06,07,0 06,07,1 07,05,1 07,06,0 07,07,0 07,07,1 V7
07,06,1 08,05,1 08,06,0 08,06,1 08,07,0 09,06,0 09,06,1 X7
09,05,1 10,05,0 10,05,1 10,06,0 10,06,1 10,07,0 11,06,0 Q7
11,05,0 11,05,1 11,06,1 12,05,0 12,05,1 12,06,0 12,06,1 U7
12,07,0 12,07,1 13,05,0 13,05,1 13,06,0 13,06,1 13,07,0 J7
10,07,1 10,08,1 11,07,0 11,07,1 11,08,0 11,08,1 12,08,0 Z7
08,08,1 08,09,0 09,07,0 09,07,1 09,08,0 09,08,1 10,08,0 W7
06,09,1 07,08,1 07,09,0 07,09,1 07,10,0 08,07,1 08,08,0 H7
04,10,1 04,11,0 05,09,1 05,10,0 05,10,1 06,10,0 06,10,1 T7
05,08,0 05,08,1 05,09,0 06,08,0 06,08,1 06,09,0 07,08,0 M7
03,10,1 03,11,0 03,11,1 03,12,0 04,09,0 04,09,1 04,10,0 N7
01,10,1 01,11,0 01,11,1 02,10,0 02,10,1 03,09,1 03,10,0 S7
00,11,1 00,12,0 00,12,1 00,13,0 00,13,1 01,13,0 01,13,1 R7
01,12,0 01,12,1 02,11,0 02,11,1 02,12,0 02,12,1 02,13,0 Y7

    ________
   /       /\
  /   ____/  \
 /   /       /\
/   /___    /  \
\  /   /   /   /\
 \/   /___/   /  \________
  \       \   \          /\
   \____   \   \    ____/  \
    \   \  /   /\  /\      /\
     \   \/___/  \/  \    /  \____________
     /   /   /        \   \       \       \
    /   /   /__________\   \    ___\    ___\
   /   /   /   /       /\  /   /\      /    \
  /   /   /   /   ____/  \/___/  \____/___   \
  \  /   /    \   \          /    \      /   /
   \/   /   ___\   \    ____/   ___\    /   /
    \  /\   \   \  /\  /\      /       /   /
     \/  \___\   \/  \/  \____/_______/___/
     /       /   /   /       /
    /   ____/   /   /___    /
   /\   \      /       /   /
  /  \___\____/_______/___/
 /           /   /
/___________/   /
\       \      /
 \       \    /
  \      /   /
   \____/___/

solution 6 (44,109 searches):
05,02,0 05,02,1 05,03,0 06,02,0 06,02,1 07,02,0 07,02,1 P7
05,01,1 06,00,1 06,01,0 06,01,1 07,00,0 07,00,1 07,01,0 D7
07,01,1 08,00,0 08,00,1 08,01,0 08,01,1 08,02,0 08,02,1 E7
05,03,1 05,04,0 05,04,1 05,05,0 06,03,0 06,04,0 06,04,1 A7
06,03,1 06,05,1 07,03,0 07,03,1 07,04,0 07,04,1 07,05,0 C7
08,03,0 08,03,1 08,04,0 08,04,1 08,05,0 09,03,0 09,03,1 G7
09,04,0 09,04,1 09,05,0 10,03,0 10,03,1 10,04,0 10,04,1 B7
05,05,1 05,06,0 05,06,1 05,07,0 05,07,1 06,05,0 06,06,0 F7
04,05,1 04,06,0 04,06,1 04,07,0 04,07,1 04,08,0 04,08,1 I7
02,09,1 03,06,1 03,07,0 03,07,1 03,08,0 03,08,1 03,09,0 L7
06,06,1 06,07,0 06,07,1 07,05,1 07,06,0 07,07,0 07,07,1 V7
07,06,1 08,05,1 08,06,0 08,06,1 08,07,0 09,06,0 09,06,1 X7
09,05,1 10,05,0 10,05,1 10,06,0 10,06,1 10,07,0 11,06,0 Q7
11,05,0 11,05,1 11,06,1 12,05,0 12,05,1 12,06,0 12,06,1 U7
12,07,0 12,07,1 13,05,0 13,05,1 13,06,0 13,06,1 13,07,0 J7
10,07,1 10,08,1 11,07,0 11,07,1 11,08,0 11,08,1 12,08,0 Z7
08,08,1 08,09,0 09,07,0 09,07,1 09,08,0 09,08,1 10,08,0 W7
06,09,1 07,08,1 07,09,0 07,09,1 07,10,0 08,07,1 08,08,0 H7
04,10,1 04,11,0 05,09,1 05,10,0 05,10,1 06,10,0 06,10,1 T7
05,08,0 05,08,1 05,09,0 06,08,0 06,08,1 06,09,0 07,08,0 M7
01,10,1 02,10,0 02,10,1 03,09,1 03,10,0 04,09,0 04,09,1 N7
02,12,0 02,12,1 03,10,1 03,11,0 03,11,1 03,12,0 04,10,0 S7
00,12,0 00,12,1 00,13,0 00,13,1 01,13,0 01,13,1 02,13,0 R7
00,11,1 01,11,0 01,11,1 01,12,0 01,12,1 02,11,0 02,11,1 Y7

    ________
   /        \
  /   _______\
 /   /   /    \
/___/   /___   \
\          /   /\
 \________/   /  \________
  \       \   \          /\
   \____   \___\    ____/  \
    \   \      /\  /\      /\
     \   \____/  \/  \    /  \____________
     /   /   /        \   \       \       \
    /   /   /__________\   \    ___\    ___\
   /   /   /   /       /\  /   /\      /    \
  /   /   /   /   ____/  \/___/  \____/___   \
  \  /   /    \   \          /    \      /   /
   \/   /   ___\   \    ____/   ___\    /   /
    \  /\   \   \  /\  /\      /       /   /
     \/  \___\   \/  \/  \____/_______/___/
     /       /   /   /       /
    /   ____/   /   /___    /
   /\   \      /       /   /
  /  \___\____/_______/___/
 /           /   /
/___________/   /
\       \      /
 \       \    /
  \      /   /
   \____/___/

solution 7 (45,651 searches):
05,02,0 05,02,1 05,03,0 06,02,0 06,02,1 07,02,0 07,02,1 P7
05,01,1 06,00,1 06,01,0 06,01,1 07,00,0 07,00,1 07,01,0 D7
07,01,1 08,00,0 08,00,1 08,01,0 08,01,1 08,02,0 08,02,1 E7
05,03,1 05,04,0 05,04,1 05,05,0 06,03,0 06,04,0 06,04,1 A7
06,03,1 06,05,1 07,03,0 07,03,1 07,04,0 07,04,1 07,05,0 C7
08,03,0 08,03,1 08,04,0 08,04,1 08,05,0 09,03,0 09,03,1 G7
09,04,0 09,04,1 09,05,0 10,03,0 10,03,1 10,04,0 10,04,1 B7
05,05,1 05,06,0 05,06,1 05,07,0 05,07,1 06,05,0 06,06,0 F7
04,05,1 04,06,0 04,06,1 04,07,0 04,07,1 04,08,0 04,08,1 I7
02,09,1 03,06,1 03,07,0 03,07,1 03,08,0 03,08,1 03,09,0 L7
06,06,1 06,07,0 06,07,1 07,05,1 07,06,0 07,07,0 07,07,1 V7
07,06,1 08,05,1 08,06,0 08,06,1 08,07,0 09,06,0 09,06,1 X7
09,05,1 10,05,0 10,05,1 10,06,0 10,06,1 11,05,0 11,06,0 Z7
11,05,1 12,05,0 12,05,1 13,05,0 13,05,1 13,06,0 13,06,1 R7
11,06,1 12,06,0 12,06,1 12,07,0 12,07,1 12,08,0 13,07,0 Q7
10,07,0 10,07,1 10,08,1 11,07,0 11,07,1 11,08,0 11,08,1 U7
08,08,1 08,09,0 09,07,0 09,07,1 09,08,0 09,08,1 10,08,0 W7
06,09,1 07,08,1 07,09,0 07,09,1 07,10,0 08,07,1 08,08,0 H7
04,10,1 04,11,0 05,09,1 05,10,0 05,10,1 06,10,0 06,10,1 T7
05,08,0 05,08,1 05,09,0 06,08,0 06,08,1 06,09,0 07,08,0 M7
03,10,1 03,11,0 03,11,1 03,12,0 04,09,0 04,09,1 04,10,0 N7
01,10,1 01,11,0 01,11,1 02,10,0 02,10,1 03,09,1 03,10,0 S7
00,11,1 00,12,0 00,12,1 00,13,0 00,13,1 01,12,0 01,12,1 Y7
01,13,0 01,13,1 02,11,0 02,11,1 02,12,0 02,12,1 02,13,0 J7

    ________
   /   /    \
  /   /___   \
 /       /   /\
/   ____/   /  \
\  /   /   /   /\
 \/   /___/   /  \________
  \       \   \          /\
   \____   \   \    ____/  \
    \   \  /   /\  /\      /\
     \   \/___/  \/  \    /  \____________
     /   /   /        \   \       \      /\
    /   /   /__________\   \    ___\    /  \
   /   /   /   /       /\  /   /       /    \
  /   /   /   /   ____/  \/___/_______/   ___\
  \  /   /    \   \          /    \      /   /
   \/   /   ___\   \    ____/   ___\____/   /
    \  /\   \   \  /\  /\       \          /
     \/  \___\   \/  \/  \_______\________/
     /       /   /   /       /
    /   ____/   /   /___    /
   /\   \      /       /   /
  /  \___\____/_______/___/
 /           /   /
/___________/   /
\       \      /
 \       \    /
  \      /   /
   \____/___/

solution 8 (45,655 searches):
05,02,0 05,02,1 05,03,0 06,02,0 06,02,1 07,02,0 07,02,1 P7
05,01,1 06,00,1 06,01,0 06,01,1 07,00,0 07,00,1 07,01,0 D7
07,01,1 08,00,0 08,00,1 08,01,0 08,01,1 08,02,0 08,02,1 E7
05,03,1 05,04,0 05,04,1 05,05,0 06,03,0 06,04,0 06,04,1 A7
06,03,1 06,05,1 07,03,0 07,03,1 07,04,0 07,04,1 07,05,0 C7
08,03,0 08,03,1 08,04,0 08,04,1 08,05,0 09,03,0 09,03,1 G7
09,04,0 09,04,1 09,05,0 10,03,0 10,03,1 10,04,0 10,04,1 B7
05,05,1 05,06,0 05,06,1 05,07,0 05,07,1 06,05,0 06,06,0 F7
04,05,1 04,06,0 04,06,1 04,07,0 04,07,1 04,08,0 04,08,1 I7
02,09,1 03,06,1 03,07,0 03,07,1 03,08,0 03,08,1 03,09,0 L7
06,06,1 06,07,0 06,07,1 07,05,1 07,06,0 07,07,0 07,07,1 V7
07,06,1 08,05,1 08,06,0 08,06,1 08,07,0 09,06,0 09,06,1 X7
09,05,1 10,05,0 10,05,1 10,06,0 10,06,1 11,05,0 11,06,0 Z7
11,05,1 12,05,0 12,05,1 13,05,0 13,05,1 13,06,0 13,06,1 R7
11,06,1 12,06,0 12,06,1 12,07,0 12,07,1 12,08,0 13,07,0 Q7
10,07,0 10,07,1 10,08,1 11,07,0 11,07,1 11,08,0 11,08,1 U7
08,08,1 08,09,0 09,07,0 09,07,1 09,08,0 09,08,1 10,08,0 W7
06,09,1 07,08,1 07,09,0 07,09,1 07,10,0 08,07,1 08,08,0 H7
04,10,1 04,11,0 05,09,1 05,10,0 05,10,1 06,10,0 06,10,1 T7
05,08,0 05,08,1 05,09,0 06,08,0 06,08,1 06,09,0 07,08,0 M7
01,10,1 02,10,0 02,10,1 03,09,1 03,10,0 04,09,0 04,09,1 N7
02,12,0 02,12,1 03,10,1 03,11,0 03,11,1 03,12,0 04,10,0 S7
00,13,0 00,13,1 01,12,0 01,12,1 01,13,0 01,13,1 02,13,0 Y7
00,11,1 00,12,0 00,12,1 01,11,0 01,11,1 02,11,0 02,11,1 J7

    ________
   /        \
  /___    ___\
 /   /   /    \
/   /___/___   \
\          /   /\
 \________/   /  \________
  \       \   \          /\
   \____   \___\    ____/  \
    \   \      /\  /\      /\
     \   \____/  \/  \    /  \____________
     /   /   /        \   \       \      /\
    /   /   /__________\   \    ___\    /  \
   /   /   /   /       /\  /   /       /    \
  /   /   /   /   ____/  \/___/_______/   ___\
  \  /   /    \   \          /    \      /   /
   \/   /   ___\   \    ____/   ___\____/   /
    \  /\   \   \  /\  /\       \          /
     \/  \___\   \/  \/  \_______\________/
     /       /   /   /       /
    /   ____/   /   /___    /
   /\   \      /       /   /
  /  \___\____/_______/___/
 /           /   /
/___________/   /
\       \      /
 \       \    /
  \      /   /
   \____/___/

solution 9 (53,273 searches):
05,02,0 05,02,1 05,03,0 06,02,0 06,02,1 07,02,0 07,02,1 P7
05,01,1 06,00,1 06,01,0 06,01,1 07,00,0 07,00,1 07,01,0 D7
07,01,1 08,00,0 08,00,1 08,01,0 08,01,1 08,02,0 08,02,1 E7
05,03,1 05,04,0 05,04,1 05,05,0 06,03,0 06,04,0 06,04,1 A7
06,03,1 06,05,1 07,03,0 07,03,1 07,04,0 07,04,1 07,05,0 C7
08,03,0 08,03,1 08,04,0 08,04,1 08,05,0 09,03,0 09,03,1 G7
09,04,0 09,04,1 09,05,0 10,03,0 10,03,1 10,04,0 10,04,1 B7
05,05,1 05,06,0 05,06,1 05,07,0 05,07,1 06,05,0 06,06,0 F7
04,05,1 04,06,0 04,06,1 04,07,0 04,07,1 04,08,0 04,08,1 I7
02,09,1 03,06,1 03,07,0 03,07,1 03,08,0 03,08,1 03,09,0 L7
07,05,1 07,06,0 07,06,1 08,05,1 08,06,0 08,06,1 08,07,0 Z7
05,08,0 05,08,1 05,09,0 06,06,1 06,07,0 06,07,1 06,08,0 U7
05,09,1 06,08,1 06,09,0 07,07,0 07,07,1 07,08,0 07,08,1 T7
04,10,1 04,11,0 05,10,0 05,10,1 06,09,1 06,10,0 06,10,1 Q7
07,09,0 07,09,1 07,10,0 08,08,0 08,08,1 08,09,0 09,08,0 M7
08,07,1 09,05,1 09,06,0 09,06,1 09,07,0 09,07,1 10,06,0 X7
10,05,0 10,05,1 11,05,0 11,05,1 11,06,0 11,06,1 12,05,0 H7
09,08,1 10,06,1 10,07,0 10,07,1 10,08,0 11,07,0 11,07,1 W7
10,08,1 11,08,0 11,08,1 12,06,1 12,07,0 12,07,1 12,08,0 V7
12,05,1 12,06,0 13,05,0 13,05,1 13,06,0 13,06,1 13,07,0 J7
03,10,1 03,11,0 03,11,1 03,12,0 04,09,0 04,09,1 04,10,0 N7
01,10,1 01,11,0 01,11,1 02,10,0 02,10,1 03,09,1 03,10,0 S7
00,11,1 00,12,0 00,12,1 00,13,0 00,13,1 01,13,0 01,13,1 R7
01,12,0 01,12,1 02,11,0 02,11,1 02,12,0 02,12,1 02,13,0 Y7

    ________
   /       /\
  /   ____/  \
 /   /       /\
/   /___    /  \
\  /   /   /   /\
 \/   /___/   /  \________
  \       \   \          /\
   \____   \   \____    /  \
    \   \  /   /\   \  /    \
     \   \/___/  \   \/___   \____________
     /   /   /    \      /    \   \       \
    /   /   /___   \    /______\   \____   \
   /   /   /   /   /   /\      /       /   /\
  /   /   /   /   /___/  \    /   ____/   /  \
  \  /   /    \  /       /    \  /   /\  /   /
   \/   /   ___\/       /   ___\/   /  \/   /
    \  /\   \   \  /\  /\  /        \      /
     \/  \___\   \/  \/  \/__________\____/
     /       /   /   /       /
    /   ____/   /   /___    /
   /\   \      /       /   /
  /  \___\____/_______/___/
 /           /   /
/___________/   /
\       \      /
 \       \    /
  \      /   /
   \____/___/

solution 10 (53,280 searches):
05,02,0 05,02,1 05,03,0 06,02,0 06,02,1 07,02,0 07,02,1 P7
05,01,1 06,00,1 06,01,0 06,01,1 07,00,0 07,00,1 07,01,0 D7
07,01,1 08,00,0 08,00,1 08,01,0 08,01,1 08,02,0 08,02,1 E7
05,03,1 05,04,0 05,04,1 05,05,0 06,03,0 06,04,0 06,04,1 A7
06,03,1 06,05,1 07,03,0 07,03,1 07,04,0 07,04,1 07,05,0 C7
08,03,0 08,03,1 08,04,0 08,04,1 08,05,0 09,03,0 09,03,1 G7
09,04,0 09,04,1 09,05,0 10,03,0 10,03,1 10,04,0 10,04,1 B7
05,05,1 05,06,0 05,06,1 05,07,0 05,07,1 06,05,0 06,06,0 F7
04,05,1 04,06,0 04,06,1 04,07,0 04,07,1 04,08,0 04,08,1 I7
02,09,1 03,06,1 03,07,0 03,07,1 03,08,0 03,08,1 03,09,0 L7
07,05,1 07,06,0 07,06,1 08,05,1 08,06,0 08,06,1 08,07,0 Z7
05,08,0 05,08,1 05,09,0 06,06,1 06,07,0 06,07,1 06,08,0 U7
05,09,1 06,08,1 06,09,0 07,07,0 07,07,1 07,08,0 07,08,1 T7
04,10,1 04,11,0 05,10,0 05,10,1 06,09,1 06,10,0 06,10,1 Q7
07,09,0 07,09,1 07,10,0 08,08,0 08,08,1 08,09,0 09,08,0 M7
08,07,1 09,05,1 09,06,0 09,06,1 09,07,0 09,07,1 10,06,0 X7
10,05,0 10,05,1 11,05,0 11,05,1 11,06,0 11,06,1 12,05,0 H7
09,08,1 10,06,1 10,07,0 10,07,1 10,08,0 11,07,0 11,07,1 W7
10,08,1 11,08,0 11,08,1 12,06,1 12,07,0 12,07,1 12,08,0 V7
12,05,1 12,06,0 13,05,0 13,05,1 13,06,0 13,06,1 13,07,0 J7
01,10,1 02,10,0 02,10,1 03,09,1 03,10,0 04,09,0 04,09,1 N7
02,12,0 02,12,1 03,10,1 03,11,0 03,11,1 03,12,0 04,10,0 S7
00,12,0 00,12,1 00,13,0 00,13,1 01,13,0 01,13,1 02,13,0 R7
00,11,1 01,11,0 01,11,1 01,12,0 01,12,1 02,11,0 02,11,1 Y7

    ________
   /        \
  /   _______\
 /   /   /    \
/___/   /___   \
\          /   /\
 \________/   /  \________
  \       \   \          /\
   \____   \___\____    /  \
    \   \      /\   \  /    \
     \   \____/  \   \/___   \____________
     /   /   /    \      /    \   \       \
    /   /   /___   \    /______\   \____   \
   /   /   /   /   /   /\      /       /   /\
  /   /   /   /   /___/  \    /   ____/   /  \
  \  /   /    \  /       /    \  /   /\  /   /
   \/   /   ___\/       /   ___\/   /  \/   /
    \  /\   \   \  /\  /\  /        \      /
     \/  \___\   \/  \/  \/__________\____/
     /       /   /   /       /
    /   ____/   /   /___    /
   /\   \      /       /   /
  /  \___\____/_______/___/
 /           /   /
/___________/   /
\       \      /
 \       \    /
  \      /   /
   \____/___/

User-requested solution limit reached.
10 solutions, 53,280 searches, duration 0:02:07.975650
