solving HeptiamondsSnowflake1Exploded:

solution 1 (40,738 searches):
06,02,0 06,02,1 07,01,1 07,02,0 07,02,1 07,03,0 08,01,0 W7
08,00,1 08,01,1 08,02,0 09,00,0 09,00,1 09,01,0 09,01,1 A7
09,02,0 09,02,1 10,00,0 10,00,1 10,01,0 10,01,1 10,02,0 J7
07,03,1 07,04,0 08,02,1 08,03,0 08,03,1 08,04,0 09,03,0 B7
05,04,1 05,05,0 05,05,1 06,05,0 06,05,1 07,04,1 07,05,0 C7
05,02,1 05,03,0 05,03,1 06,03,0 06,03,1 06,04,0 06,04,1 N7
03,03,1 03,04,0 03,04,1 03,05,0 04,02,1 04,03,0 05,02,0 R7
03,05,1 04,03,1 04,04,0 04,04,1 04,05,0 04,05,1 05,04,0 X7
00,09,1 00,10,0 00,10,1 00,11,0 01,09,0 01,09,1 01,10,0 D7
01,08,1 02,08,0 02,08,1 02,09,0 03,08,0 03,08,1 04,08,0 E7
00,11,1 01,10,1 01,11,0 01,11,1 02,09,1 02,10,0 02,10,1 M7
03,09,0 03,09,1 03,10,0 04,08,1 04,09,0 05,08,0 05,08,1 Q7
02,11,0 02,11,1 02,12,0 02,12,1 02,13,0 02,13,1 03,11,0 P7
03,10,1 04,09,1 04,10,0 05,09,0 05,09,1 05,10,0 05,10,1 V7
04,10,1 04,11,0 04,11,1 04,12,1 05,11,0 05,11,1 05,12,0 S7
03,11,1 03,12,0 03,12,1 03,13,0 03,13,1 04,12,0 04,13,0 F7
08,10,1 09,09,1 09,10,0 09,10,1 10,09,1 10,10,0 11,09,0 U7
08,07,0 08,07,1 08,08,0 08,08,1 08,09,0 08,09,1 08,10,0 I7
10,08,1 10,09,0 11,06,1 11,07,0 11,07,1 11,08,0 11,08,1 H7
09,07,0 09,07,1 09,08,0 09,08,1 09,09,0 10,07,1 10,08,0 G7
08,06,1 09,06,0 09,06,1 10,05,1 10,06,0 10,06,1 10,07,0 T7
09,05,1 10,04,1 10,05,0 11,03,1 11,04,0 12,03,0 12,03,1 L7
12,04,0 12,04,1 13,03,0 13,03,1 13,04,0 13,04,1 13,05,0 Y7
11,04,1 11,05,0 11,05,1 11,06,0 12,05,0 12,05,1 12,06,0 Z7

                ________
               /   /    \
              /   /   ___\
             /   /    \   \
    ________/   /   ___\   \
   /\      /    \  /       /
  /  \    /______\/   ____/       ________
 /    \      /\   \  /   /       /\       \
/      \    /  \   \/   /       /  \       \
\      /\  /    \      /       /   /\  /\   \
 \____/  \/___   \____/       /   /  \/  \___\
  \           \      /       /   /    \      /
   \___________\____/       /   /      \    /
                           /   /   /\  /   /
                          /___/___/  \/   /
                          \          /\  /\
    ________________       \____    /  \/  \
   /\      /        \       \   \  /       /\
  /  \    /   ____   \       \   \/   ____/  \
 /   /    \  /   /\  /\       \   \  /       /
/   /   ___\/   /  \/  \       \   \/___    /
\   \  /       /\       \       \      /   /
 \   \/   ____/  \    ___\       \____/___/
  \   \  /       /\  /    \
   \___\/___    /  \/___   \
            \   \      /   /
             \___\    /   /
              \      /   /
               \____/___/

solution 2 (41,171 searches):
06,02,0 06,02,1 07,01,1 07,02,0 07,02,1 07,03,0 08,01,0 W7
08,00,1 08,01,1 08,02,0 09,00,0 09,00,1 09,01,0 09,01,1 A7
09,02,0 09,02,1 10,00,0 10,00,1 10,01,0 10,01,1 10,02,0 J7
07,03,1 07,04,0 08,02,1 08,03,0 08,03,1 08,04,0 09,03,0 B7
05,04,1 05,05,0 05,05,1 06,05,0 06,05,1 07,04,1 07,05,0 C7
05,02,1 05,03,0 05,03,1 06,03,0 06,03,1 06,04,0 06,04,1 N7
03,03,1 03,04,0 03,04,1 03,05,0 04,02,1 04,03,0 05,02,0 R7
03,05,1 04,03,1 04,04,0 04,04,1 04,05,0 04,05,1 05,04,0 X7
00,09,1 00,10,0 00,10,1 00,11,0 01,09,0 01,09,1 01,10,0 D7
01,08,1 02,08,0 02,08,1 02,09,0 03,08,0 03,08,1 04,08,0 E7
00,11,1 01,10,1 01,11,0 01,11,1 02,09,1 02,10,0 02,10,1 M7
03,09,0 03,09,1 03,10,0 04,08,1 04,09,0 05,08,0 05,08,1 Q7
02,11,0 02,11,1 02,12,0 02,12,1 02,13,0 02,13,1 03,11,0 P7
03,10,1 04,09,1 04,10,0 05,09,0 05,09,1 05,10,0 05,10,1 V7
04,10,1 04,11,0 04,11,1 04,12,1 05,11,0 05,11,1 05,12,0 S7
03,11,1 03,12,0 03,12,1 03,13,0 03,13,1 04,12,0 04,13,0 F7
09,09,1 09,10,1 10,09,0 10,09,1 10,10,0 11,08,1 11,09,0 Y7
08,08,0 08,08,1 08,09,0 08,09,1 08,10,0 08,10,1 09,10,0 L7
08,07,0 08,07,1 09,07,0 09,07,1 09,08,0 10,06,1 10,07,0 T7
09,08,1 09,09,0 10,07,1 10,08,0 10,08,1 11,07,1 11,08,0 Z7
08,06,1 09,05,1 09,06,0 10,04,1 10,05,0 11,03,1 11,04,0 I7
09,06,1 10,05,1 10,06,0 11,04,1 11,05,0 11,05,1 11,06,0 G7
11,06,1 11,07,0 12,04,1 12,05,0 12,05,1 12,06,0 13,05,0 H7
12,03,0 12,03,1 12,04,0 13,03,0 13,03,1 13,04,0 13,04,1 U7

                ________
               /   /    \
              /   /   ___\
             /   /    \   \
    ________/   /   ___\   \
   /\      /    \  /       /
  /  \    /______\/   ____/       ________
 /    \      /\   \  /   /       /    \   \
/      \    /  \   \/   /       /   ___\   \
\      /\  /    \      /       /   /\       \
 \____/  \/___   \____/       /   /  \____   \
  \           \      /       /   /\       \  /
   \___________\____/       /___/  \       \/
                           /        \  /\  /
                          /_______   \/  \/
                          \   \   \  /\   \
    ________________       \   \   \/  \   \
   /\      /        \       \   \      /    \
  /  \    /   ____   \       \   \    /   ___\
 /   /    \  /   /\  /\       \   \  /\  /   /
/   /   ___\/   /  \/  \       \   \/  \/   /
\   \  /       /\       \       \  /       /
 \   \/   ____/  \    ___\       \/_______/
  \   \  /       /\  /    \
   \___\/___    /  \/___   \
            \   \      /   /
             \___\    /   /
              \      /   /
               \____/___/

solution 3 (59,740 searches):
06,02,0 06,02,1 07,01,1 07,02,0 07,02,1 07,03,0 08,01,0 W7
08,00,1 08,01,1 08,02,0 09,00,0 09,00,1 09,01,0 09,01,1 A7
09,02,0 09,02,1 10,00,0 10,00,1 10,01,0 10,01,1 10,02,0 J7
07,03,1 07,04,0 08,02,1 08,03,0 08,03,1 08,04,0 09,03,0 B7
05,04,1 05,05,0 05,05,1 06,05,0 06,05,1 07,04,1 07,05,0 C7
05,02,1 05,03,0 05,03,1 06,03,0 06,03,1 06,04,0 06,04,1 N7
03,03,1 03,04,0 03,04,1 03,05,0 04,02,1 04,03,0 05,02,0 R7
03,05,1 04,03,1 04,04,0 04,04,1 04,05,0 04,05,1 05,04,0 X7
00,09,1 00,10,0 00,10,1 00,11,0 01,09,0 01,09,1 01,10,0 D7
01,08,1 02,08,0 02,08,1 02,09,0 03,08,0 03,08,1 04,08,0 E7
00,11,1 01,10,1 01,11,0 01,11,1 02,09,1 02,10,0 02,10,1 M7
03,09,0 03,09,1 03,10,0 03,10,1 04,08,1 04,09,0 05,08,0 T7
05,08,1 05,09,0 05,09,1 05,10,0 05,10,1 05,11,0 05,11,1 I7
03,11,0 03,11,1 04,09,1 04,10,0 04,10,1 04,11,0 04,11,1 G7
02,11,0 02,11,1 02,12,0 02,12,1 02,13,0 03,12,0 03,12,1 H7
02,13,1 03,13,0 03,13,1 04,12,0 04,12,1 04,13,0 05,12,0 U7
09,09,1 09,10,1 10,08,0 10,08,1 10,09,0 10,09,1 10,10,0 F7
08,09,1 08,10,0 08,10,1 09,08,0 09,08,1 09,09,0 09,10,0 S7
08,07,1 08,08,0 08,08,1 08,09,0 09,07,0 09,07,1 10,07,0 V7
10,07,1 11,06,1 11,07,0 11,07,1 11,08,0 11,08,1 11,09,0 P7
08,06,1 08,07,0 09,06,0 09,06,1 10,05,1 10,06,0 10,06,1 Q7
09,05,1 10,04,1 10,05,0 11,03,1 11,04,0 12,03,0 12,03,1 L7
12,04,0 12,04,1 13,03,0 13,03,1 13,04,0 13,04,1 13,05,0 Y7
11,04,1 11,05,0 11,05,1 11,06,0 12,05,0 12,05,1 12,06,0 Z7

                ________
               /\       \
              /  \____   \
             /       /    \
    ________/   ____/______\
   /\      /   /       /   /
  /  \    /___/___    /   /       ________
 /    \      /   /   /   /       /    \   \
/      \    /   /   /   /       /   ___\   \
\      /\  /    \  /   /       /\   \      /\
 \____/  \/___   \/   /       /  \   \    /  \
  \           \   \  /       /   /   /   /   /
   \___________\___\/       /   /___/___/   /
                           /\       \      /
                          /  \_______\    /
                          \          /\  /\
    ________________       \____    /  \/  \
   /\      /        \       \   \  /       /\
  /  \    /   ____   \       \   \/   ____/  \
 /   /    \  /   /\  /\       \   \  /       /
/   /   ___\/   /  \/  \       \   \/___    /
\   \  /       /\       \       \      /   /
 \   \/   ____/  \    ___\       \____/___/
  \   \  /       /\  /    \
   \___\/___    /  \/___   \
            \   \      /   /
             \___\    /   /
              \      /   /
               \____/___/

solution 4 (60,891 searches):
06,02,0 06,02,1 07,01,1 07,02,0 07,02,1 07,03,0 08,01,0 W7
08,00,1 08,01,1 08,02,0 09,00,0 09,00,1 09,01,0 09,01,1 A7
09,02,0 09,02,1 10,00,0 10,00,1 10,01,0 10,01,1 10,02,0 J7
07,03,1 07,04,0 08,02,1 08,03,0 08,03,1 08,04,0 09,03,0 B7
05,04,1 05,05,0 05,05,1 06,05,0 06,05,1 07,04,1 07,05,0 C7
05,02,1 05,03,0 05,03,1 06,03,0 06,03,1 06,04,0 06,04,1 N7
03,03,1 03,04,0 03,04,1 03,05,0 04,02,1 04,03,0 05,02,0 R7
03,05,1 04,03,1 04,04,0 04,04,1 04,05,0 04,05,1 05,04,0 X7
00,09,1 00,10,0 00,10,1 00,11,0 01,09,0 01,09,1 01,10,0 D7
01,08,1 02,08,0 02,08,1 02,09,0 03,08,0 03,08,1 04,08,0 E7
00,11,1 01,10,1 01,11,0 01,11,1 02,09,1 02,10,0 02,10,1 M7
03,09,0 03,09,1 03,10,0 03,10,1 04,08,1 04,09,0 05,08,0 T7
05,08,1 05,09,0 05,09,1 05,10,0 05,10,1 05,11,0 05,11,1 I7
03,11,0 03,11,1 04,09,1 04,10,0 04,10,1 04,11,0 04,11,1 G7
02,11,0 02,11,1 02,12,0 02,12,1 02,13,0 03,12,0 03,12,1 H7
02,13,1 03,13,0 03,13,1 04,12,0 04,12,1 04,13,0 05,12,0 U7
09,09,1 09,10,1 10,09,0 10,09,1 10,10,0 11,08,1 11,09,0 Y7
08,08,0 08,08,1 08,09,0 08,09,1 08,10,0 08,10,1 09,10,0 L7
09,08,1 09,09,0 10,07,1 10,08,0 10,08,1 11,07,1 11,08,0 Z7
08,06,1 08,07,0 08,07,1 09,07,0 09,07,1 09,08,0 10,07,0 Q7
11,06,0 11,06,1 11,07,0 12,05,1 12,06,0 13,04,1 13,05,0 P7
09,05,1 09,06,0 09,06,1 10,04,1 10,05,0 10,06,0 10,06,1 V7
10,05,1 11,03,1 11,04,0 11,04,1 11,05,0 12,03,0 12,03,1 S7
11,05,1 12,04,0 12,04,1 12,05,0 13,03,0 13,03,1 13,04,0 F7

                ________
               /\       \
              /  \____   \
             /       /    \
    ________/   ____/______\
   /\      /   /       /   /
  /  \    /___/___    /   /       ________
 /    \      /   /   /   /       /    \   \
/      \    /   /   /   /       /   ___\   \
\      /\  /    \  /   /       /   /\       \
 \____/  \/___   \/   /       /   /  \____   \
  \           \   \  /       /   /\       \  /
   \___________\___\/       /___/  \       \/
                           /        \  /\  /
                          /   _______\/  \/
                          \  /       /    \
    ________________       \/   ____/___   \
   /\      /        \       \   \   \   \   \
  /  \    /   ____   \       \   \   \   \   \
 /   /    \  /   /\  /\       \  /   /    \  /
/   /   ___\/   /  \/  \       \/   /___   \/
\   \  /       /\       \       \      /   /
 \   \/   ____/  \    ___\       \____/___/
  \   \  /       /\  /    \
   \___\/___    /  \/___   \
            \   \      /   /
             \___\    /   /
              \      /   /
               \____/___/

solution 5 (113,070 searches):
06,02,0 06,02,1 07,01,1 07,02,0 07,02,1 07,03,0 08,01,0 W7
08,00,1 08,01,1 08,02,0 09,00,0 09,00,1 09,01,0 09,01,1 A7
09,02,0 09,02,1 10,00,0 10,00,1 10,01,0 10,01,1 10,02,0 J7
07,03,1 07,04,0 08,02,1 08,03,0 08,03,1 08,04,0 09,03,0 B7
05,04,1 05,05,0 05,05,1 06,05,0 06,05,1 07,04,1 07,05,0 C7
05,02,1 05,03,0 05,03,1 06,03,0 06,03,1 06,04,0 06,04,1 N7
03,03,1 03,04,0 03,04,1 03,05,0 04,02,1 04,03,0 05,02,0 R7
03,05,1 04,03,1 04,04,0 04,04,1 04,05,0 04,05,1 05,04,0 X7
00,09,1 00,10,0 00,10,1 00,11,0 01,09,0 01,09,1 01,10,0 D7
01,08,1 02,08,0 02,08,1 02,09,0 03,08,0 03,08,1 03,09,0 F7
00,11,1 01,10,1 01,11,0 01,11,1 02,09,1 02,10,0 02,10,1 M7
03,09,1 03,10,0 04,08,0 04,08,1 04,09,0 05,08,0 05,08,1 T7
05,09,0 05,09,1 05,10,0 05,10,1 05,11,0 05,11,1 05,12,0 I7
02,11,0 02,11,1 02,12,0 03,10,1 03,11,0 04,09,1 04,10,0 P7
02,12,1 02,13,0 03,11,1 03,12,0 03,12,1 04,10,1 04,11,0 E7
02,13,1 03,13,0 03,13,1 04,11,1 04,12,0 04,12,1 04,13,0 V7
09,08,1 09,09,0 09,09,1 09,10,1 10,09,0 10,09,1 10,10,0 S7
08,08,0 08,08,1 08,09,0 08,09,1 08,10,0 08,10,1 09,10,0 L7
10,07,1 10,08,0 10,08,1 11,07,1 11,08,0 11,08,1 11,09,0 Z7
08,06,1 08,07,0 08,07,1 09,07,0 09,07,1 09,08,0 10,07,0 Q7
09,06,0 09,06,1 10,05,1 10,06,0 10,06,1 11,05,0 11,06,0 Y7
09,05,1 10,04,1 10,05,0 11,03,1 11,04,0 11,04,1 12,04,0 H7
12,03,0 12,03,1 12,04,1 13,03,0 13,03,1 13,04,0 13,04,1 U7
11,05,1 11,06,1 11,07,0 12,05,0 12,05,1 12,06,0 13,05,0 G7

                ________
               /\       \
              /  \____   \
             /\      /   /\
    ________/  \    /   /  \
   /\      /    \   \  /   /
  /  \    /___   \   \/   /       ________
 /    \      /\   \  /   /       /    \   \
/      \    /  \   \/   /       /   ___\   \
\      /\  /\   \  /   /       /   /       /\
 \____/  \/  \   \/___/       /   /   ____/  \
  \          /       /       /   /\  /       /
   \________/_______/       /___/  \/       /
                           /        \  /\  /
                          /   _______\/  \/
                          \  /        \   \
    ________________       \/___    ___\   \
   /\      /        \       \   \   \       \
  /  \    /   ____   \       \   \___\_______\
 /   /    \  /   /\  /\       \       \      /
/   /   ___\/   /  \/  \       \    ___\    /
\   \  /       /\       \       \  /       /
 \   \/   ____/  \    ___\       \/_______/
  \   \  /       /\  /    \
   \___\/___    /  \/___   \
            \   \      /   /
             \___\    /   /
              \      /   /
               \____/___/

solution 6 (113,447 searches):
06,02,0 06,02,1 07,01,1 07,02,0 07,02,1 07,03,0 08,01,0 W7
08,00,1 08,01,1 08,02,0 09,00,0 09,00,1 09,01,0 09,01,1 A7
09,02,0 09,02,1 10,00,0 10,00,1 10,01,0 10,01,1 10,02,0 J7
07,03,1 07,04,0 08,02,1 08,03,0 08,03,1 08,04,0 09,03,0 B7
05,04,1 05,05,0 05,05,1 06,05,0 06,05,1 07,04,1 07,05,0 C7
05,02,1 05,03,0 05,03,1 06,03,0 06,03,1 06,04,0 06,04,1 N7
03,03,1 03,04,0 03,04,1 03,05,0 04,02,1 04,03,0 05,02,0 R7
03,05,1 04,03,1 04,04,0 04,04,1 04,05,0 04,05,1 05,04,0 X7
00,09,1 00,10,0 00,10,1 00,11,0 01,09,0 01,09,1 01,10,0 D7
01,08,1 02,08,0 02,08,1 02,09,0 03,08,0 03,08,1 03,09,0 F7
00,11,1 01,10,1 01,11,0 01,11,1 02,09,1 02,10,0 02,10,1 M7
03,09,1 03,10,0 04,08,0 04,08,1 04,09,0 05,08,0 05,08,1 T7
05,09,0 05,09,1 05,10,0 05,10,1 05,11,0 05,11,1 05,12,0 I7
02,11,0 02,11,1 02,12,0 03,10,1 03,11,0 04,09,1 04,10,0 P7
02,12,1 02,13,0 03,11,1 03,12,0 03,12,1 04,10,1 04,11,0 E7
02,13,1 03,13,0 03,13,1 04,11,1 04,12,0 04,12,1 04,13,0 V7
08,10,1 09,10,0 09,10,1 10,09,0 10,09,1 10,10,0 11,09,0 U7
10,08,0 10,08,1 11,06,1 11,07,0 11,07,1 11,08,0 11,08,1 G7
08,08,0 08,08,1 08,09,0 08,09,1 08,10,0 09,09,0 09,09,1 H7
08,07,1 09,07,0 09,07,1 09,08,0 09,08,1 10,07,0 10,07,1 Y7
08,06,1 08,07,0 09,06,0 09,06,1 10,05,1 10,06,0 10,06,1 Q7
09,05,1 10,04,1 10,05,0 11,03,1 11,04,0 12,03,0 12,03,1 L7
11,05,1 11,06,0 12,05,0 12,05,1 12,06,0 13,04,1 13,05,0 Z7
11,04,1 11,05,0 12,04,0 12,04,1 13,03,0 13,03,1 13,04,0 S7

                ________
               /\       \
              /  \____   \
             /\      /   /\
    ________/  \    /   /  \
   /\      /    \   \  /   /
  /  \    /___   \   \/   /       ________
 /    \      /\   \  /   /       /\       \
/      \    /  \   \/   /       /  \____   \
\      /\  /\   \  /   /       /       /    \
 \____/  \/  \   \/___/       /   ____/______\
  \          /       /       /   /   /       /
   \________/_______/       /___/   /___    /
                           /\          /   /
                          /  \________/   /
                          \          /\  /\
    ________________       \____    /  \/  \
   /\      /        \       \   \  /\       \
  /  \    /   ____   \       \   \/  \____   \
 /   /    \  /   /\  /\       \   \       \  /
/   /   ___\/   /  \/  \       \   \____   \/
\   \  /       /\       \       \      /   /
 \   \/   ____/  \    ___\       \____/___/
  \   \  /       /\  /    \
   \___\/___    /  \/___   \
            \   \      /   /
             \___\    /   /
              \      /   /
               \____/___/

solution 7 (114,254 searches):
06,02,0 06,02,1 07,01,1 07,02,0 07,02,1 07,03,0 08,01,0 W7
08,00,1 08,01,1 08,02,0 09,00,0 09,00,1 09,01,0 09,01,1 A7
09,02,0 09,02,1 10,00,0 10,00,1 10,01,0 10,01,1 10,02,0 J7
07,03,1 07,04,0 08,02,1 08,03,0 08,03,1 08,04,0 09,03,0 B7
05,04,1 05,05,0 05,05,1 06,05,0 06,05,1 07,04,1 07,05,0 C7
05,02,1 05,03,0 05,03,1 06,03,0 06,03,1 06,04,0 06,04,1 N7
03,03,1 03,04,0 03,04,1 03,05,0 04,02,1 04,03,0 05,02,0 R7
03,05,1 04,03,1 04,04,0 04,04,1 04,05,0 04,05,1 05,04,0 X7
00,09,1 00,10,0 00,10,1 00,11,0 01,09,0 01,09,1 01,10,0 D7
01,08,1 02,08,0 02,08,1 02,09,0 03,08,0 03,08,1 03,09,0 F7
00,11,1 01,10,1 01,11,0 01,11,1 02,09,1 02,10,0 02,10,1 M7
03,09,1 03,10,0 04,08,0 04,08,1 04,09,0 05,08,0 05,08,1 T7
05,09,0 05,09,1 05,10,0 05,10,1 05,11,0 05,11,1 05,12,0 I7
02,11,0 02,11,1 02,12,0 03,10,1 03,11,0 04,09,1 04,10,0 P7
03,12,1 04,10,1 04,11,0 04,11,1 04,12,0 04,12,1 04,13,0 E7
02,12,1 02,13,0 02,13,1 03,11,1 03,12,0 03,13,0 03,13,1 V7
09,08,1 09,09,0 09,09,1 09,10,1 10,09,0 10,09,1 10,10,0 S7
08,08,0 08,08,1 08,09,0 08,09,1 08,10,0 08,10,1 09,10,0 L7
10,07,1 10,08,0 10,08,1 11,07,1 11,08,0 11,08,1 11,09,0 Z7
08,06,1 08,07,0 08,07,1 09,07,0 09,07,1 09,08,0 10,07,0 Q7
09,06,0 09,06,1 10,05,1 10,06,0 10,06,1 11,05,0 11,06,0 Y7
09,05,1 10,04,1 10,05,0 11,03,1 11,04,0 11,04,1 12,04,0 H7
12,03,0 12,03,1 12,04,1 13,03,0 13,03,1 13,04,0 13,04,1 U7
11,05,1 11,06,1 11,07,0 12,05,0 12,05,1 12,06,0 13,05,0 G7

                ________
               /       /\
              /   ____/  \
             /\   \      /\
    ________/  \   \    /  \
   /\      /    \  /   /   /
  /  \    /___   \/   /   /       ________
 /    \      /\   \  /   /       /    \   \
/      \    /  \   \/   /       /   ___\   \
\      /\  /\   \  /   /       /   /       /\
 \____/  \/  \   \/___/       /   /   ____/  \
  \          /       /       /   /\  /       /
   \________/_______/       /___/  \/       /
                           /        \  /\  /
                          /   _______\/  \/
                          \  /        \   \
    ________________       \/___    ___\   \
   /\      /        \       \   \   \       \
  /  \    /   ____   \       \   \___\_______\
 /   /    \  /   /\  /\       \       \      /
/   /   ___\/   /  \/  \       \    ___\    /
\   \  /       /\       \       \  /       /
 \   \/   ____/  \    ___\       \/_______/
  \   \  /       /\  /    \
   \___\/___    /  \/___   \
            \   \      /   /
             \___\    /   /
              \      /   /
               \____/___/

solution 8 (114,631 searches):
06,02,0 06,02,1 07,01,1 07,02,0 07,02,1 07,03,0 08,01,0 W7
08,00,1 08,01,1 08,02,0 09,00,0 09,00,1 09,01,0 09,01,1 A7
09,02,0 09,02,1 10,00,0 10,00,1 10,01,0 10,01,1 10,02,0 J7
07,03,1 07,04,0 08,02,1 08,03,0 08,03,1 08,04,0 09,03,0 B7
05,04,1 05,05,0 05,05,1 06,05,0 06,05,1 07,04,1 07,05,0 C7
05,02,1 05,03,0 05,03,1 06,03,0 06,03,1 06,04,0 06,04,1 N7
03,03,1 03,04,0 03,04,1 03,05,0 04,02,1 04,03,0 05,02,0 R7
03,05,1 04,03,1 04,04,0 04,04,1 04,05,0 04,05,1 05,04,0 X7
00,09,1 00,10,0 00,10,1 00,11,0 01,09,0 01,09,1 01,10,0 D7
01,08,1 02,08,0 02,08,1 02,09,0 03,08,0 03,08,1 03,09,0 F7
00,11,1 01,10,1 01,11,0 01,11,1 02,09,1 02,10,0 02,10,1 M7
03,09,1 03,10,0 04,08,0 04,08,1 04,09,0 05,08,0 05,08,1 T7
05,09,0 05,09,1 05,10,0 05,10,1 05,11,0 05,11,1 05,12,0 I7
02,11,0 02,11,1 02,12,0 03,10,1 03,11,0 04,09,1 04,10,0 P7
03,12,1 04,10,1 04,11,0 04,11,1 04,12,0 04,12,1 04,13,0 E7
02,12,1 02,13,0 02,13,1 03,11,1 03,12,0 03,13,0 03,13,1 V7
08,10,1 09,10,0 09,10,1 10,09,0 10,09,1 10,10,0 11,09,0 U7
10,08,0 10,08,1 11,06,1 11,07,0 11,07,1 11,08,0 11,08,1 G7
08,08,0 08,08,1 08,09,0 08,09,1 08,10,0 09,09,0 09,09,1 H7
08,07,1 09,07,0 09,07,1 09,08,0 09,08,1 10,07,0 10,07,1 Y7
08,06,1 08,07,0 09,06,0 09,06,1 10,05,1 10,06,0 10,06,1 Q7
09,05,1 10,04,1 10,05,0 11,03,1 11,04,0 12,03,0 12,03,1 L7
11,05,1 11,06,0 12,05,0 12,05,1 12,06,0 13,04,1 13,05,0 Z7
11,04,1 11,05,0 12,04,0 12,04,1 13,03,0 13,03,1 13,04,0 S7

                ________
               /       /\
              /   ____/  \
             /\   \      /\
    ________/  \   \    /  \
   /\      /    \  /   /   /
  /  \    /___   \/   /   /       ________
 /    \      /\   \  /   /       /\       \
/      \    /  \   \/   /       /  \____   \
\      /\  /\   \  /   /       /       /    \
 \____/  \/  \   \/___/       /   ____/______\
  \          /       /       /   /   /       /
   \________/_______/       /___/   /___    /
                           /\          /   /
                          /  \________/   /
                          \          /\  /\
    ________________       \____    /  \/  \
   /\      /        \       \   \  /\       \
  /  \    /   ____   \       \   \/  \____   \
 /   /    \  /   /\  /\       \   \       \  /
/   /   ___\/   /  \/  \       \   \____   \/
\   \  /       /\       \       \      /   /
 \   \/   ____/  \    ___\       \____/___/
  \   \  /       /\  /    \
   \___\/___    /  \/___   \
            \   \      /   /
             \___\    /   /
              \      /   /
               \____/___/

solution 9 (119,367 searches):
06,02,0 06,02,1 07,01,1 07,02,0 07,02,1 07,03,0 08,01,0 W7
08,00,1 08,01,1 08,02,0 09,00,0 09,00,1 09,01,0 09,01,1 A7
09,02,0 09,02,1 10,00,0 10,00,1 10,01,0 10,01,1 10,02,0 J7
07,03,1 07,04,0 08,02,1 08,03,0 08,03,1 08,04,0 09,03,0 B7
05,04,1 05,05,0 05,05,1 06,05,0 06,05,1 07,04,1 07,05,0 C7
05,02,1 05,03,0 05,03,1 06,03,0 06,03,1 06,04,0 06,04,1 N7
03,03,1 03,04,0 03,04,1 03,05,0 04,02,1 04,03,0 05,02,0 R7
03,05,1 04,03,1 04,04,0 04,04,1 04,05,0 04,05,1 05,04,0 X7
00,09,1 00,10,0 00,10,1 00,11,0 01,09,0 01,09,1 01,10,0 D7
01,08,1 02,08,0 02,08,1 02,09,0 03,08,0 03,08,1 03,09,0 F7
00,11,1 01,10,1 01,11,0 01,11,1 02,09,1 02,10,0 02,10,1 M7
03,09,1 03,10,0 04,08,0 04,08,1 04,09,0 05,08,0 05,08,1 T7
03,10,1 03,11,0 04,09,1 04,10,0 04,10,1 04,11,0 05,09,0 Y7
04,11,1 04,12,0 05,09,1 05,10,0 05,10,1 05,11,0 05,11,1 H7
02,13,1 03,12,1 03,13,0 03,13,1 04,12,1 04,13,0 05,12,0 U7
02,11,0 02,11,1 02,12,0 02,12,1 02,13,0 03,11,1 03,12,0 G7
09,08,0 09,08,1 09,09,0 09,09,1 09,10,0 09,10,1 10,09,0 E7
08,07,1 08,08,0 08,08,1 08,09,0 08,09,1 08,10,0 08,10,1 I7
10,08,0 10,08,1 10,09,1 10,10,0 11,08,0 11,08,1 11,09,0 V7
08,06,1 08,07,0 09,06,0 09,06,1 10,05,1 10,06,0 10,06,1 Q7
09,05,1 10,04,1 10,05,0 11,03,1 11,04,0 12,03,0 12,03,1 L7
09,07,0 09,07,1 10,07,0 10,07,1 11,06,1 11,07,0 11,07,1 P7
11,05,1 11,06,0 12,05,0 12,05,1 12,06,0 13,04,1 13,05,0 Z7
11,04,1 11,05,0 12,04,0 12,04,1 13,03,0 13,03,1 13,04,0 S7

                ________
               /\       \
              /  \       \
             /    \  /\   \
    ________/      \/  \___\
   /\      /   /\  /\      /
  /  \    /___/  \/  \    /       ________
 /    \      /\      /   /       /   /   /\
/      \    /  \    /   /       /   /   /  \
\      /\  /\   \   \  /       /   /    \   \
 \____/  \/  \   \___\/       /   /   ___\   \
  \          /       /       /   /   /       /
   \________/_______/       /   /___/_______/
                           /\  /           /
                          /  \/_______    /
                          \          /\  /\
    ________________       \____    /  \/  \
   /\      /        \       \   \  /\       \
  /  \    /   ____   \       \   \/  \____   \
 /   /    \  /   /\  /\       \   \       \  /
/   /   ___\/   /  \/  \       \   \____   \/
\   \  /       /\       \       \      /   /
 \   \/   ____/  \    ___\       \____/___/
  \   \  /       /\  /    \
   \___\/___    /  \/___   \
            \   \      /   /
             \___\    /   /
              \      /   /
               \____/___/

solution 10 (119,509 searches):
06,02,0 06,02,1 07,01,1 07,02,0 07,02,1 07,03,0 08,01,0 W7
08,00,1 08,01,1 08,02,0 09,00,0 09,00,1 09,01,0 09,01,1 A7
09,02,0 09,02,1 10,00,0 10,00,1 10,01,0 10,01,1 10,02,0 J7
07,03,1 07,04,0 08,02,1 08,03,0 08,03,1 08,04,0 09,03,0 B7
05,04,1 05,05,0 05,05,1 06,05,0 06,05,1 07,04,1 07,05,0 C7
05,02,1 05,03,0 05,03,1 06,03,0 06,03,1 06,04,0 06,04,1 N7
03,03,1 03,04,0 03,04,1 03,05,0 04,02,1 04,03,0 05,02,0 R7
03,05,1 04,03,1 04,04,0 04,04,1 04,05,0 04,05,1 05,04,0 X7
00,09,1 00,10,0 00,10,1 00,11,0 01,09,0 01,09,1 01,10,0 D7
01,08,1 02,08,0 02,08,1 02,09,0 03,08,0 03,08,1 03,09,0 F7
00,11,1 01,10,1 01,11,0 01,11,1 02,09,1 02,10,0 02,10,1 M7
03,09,1 03,10,0 04,08,0 04,08,1 04,09,0 05,08,0 05,08,1 T7
03,10,1 03,11,0 04,09,1 04,10,0 04,10,1 04,11,0 05,09,0 Y7
04,11,1 04,12,0 05,09,1 05,10,0 05,10,1 05,11,0 05,11,1 H7
02,13,1 03,12,1 03,13,0 03,13,1 04,12,1 04,13,0 05,12,0 U7
02,11,0 02,11,1 02,12,0 02,12,1 02,13,0 03,11,1 03,12,0 G7
09,08,1 09,09,0 09,09,1 09,10,1 10,09,0 10,09,1 10,10,0 S7
08,08,0 08,08,1 08,09,0 08,09,1 08,10,0 08,10,1 09,10,0 L7
10,07,1 10,08,0 10,08,1 11,07,1 11,08,0 11,08,1 11,09,0 Z7
08,06,1 08,07,0 08,07,1 09,07,0 09,07,1 09,08,0 10,07,0 Q7
09,05,1 09,06,0 10,04,1 10,05,0 11,03,1 11,04,0 12,03,0 I7
10,05,1 11,04,1 11,05,0 12,03,1 12,04,0 12,04,1 13,03,0 E7
09,06,1 10,06,0 10,06,1 11,06,0 11,06,1 11,07,0 12,06,0 P7
11,05,1 12,05,0 12,05,1 13,03,1 13,04,0 13,04,1 13,05,0 V7

                ________
               /\       \
              /  \       \
             /    \  /\   \
    ________/      \/  \___\
   /\      /   /\  /\      /
  /  \    /___/  \/  \    /       ________
 /    \      /\      /   /       /    \   \
/      \    /  \    /   /       /   ___\   \
\      /\  /\   \   \  /       /   /       /\
 \____/  \/  \   \___\/       /   /   ____/  \
  \          /       /       /   /\  /       /
   \________/_______/       /___/  \/       /
                           /        \  /\  /
                          /   _______\/  \/
                          \  /\           \
    ________________       \/  \___________\
   /\      /        \       \   \   \       \
  /  \    /   ____   \       \   \   \____   \
 /   /    \  /   /\  /\       \   \      /   /
/   /   ___\/   /  \/  \       \   \    /   /
\   \  /       /\       \       \   \   \  /
 \   \/   ____/  \    ___\       \___\___\/
  \   \  /       /\  /    \
   \___\/___    /  \/___   \
            \   \      /   /
             \___\    /   /
              \      /   /
               \____/___/

User-requested solution limit reached.
10 solutions, 119,509 searches, duration 0:00:08.084907
