solving Heptiamonds3x28:

solution 1:
00,0,0 00,0,1 00,1,0 00,1,1 01,0,0 01,0,1 01,1,0 D7
00,2,0 00,2,1 01,1,1 01,2,0 02,0,0 02,0,1 02,1,0 C7
25,2,0 25,2,1 26,1,1 26,2,0 26,2,1 27,2,0 27,2,1 E7
25,0,1 26,0,0 26,0,1 27,0,0 27,0,1 27,1,0 27,1,1 R7
23,2,1 24,1,1 24,2,0 24,2,1 25,1,0 25,1,1 26,1,0 U7
23,0,0 23,0,1 23,1,0 24,0,0 24,0,1 24,1,0 25,0,0 M7
21,2,1 22,1,0 22,1,1 22,2,0 22,2,1 23,1,1 23,2,0 A7
20,2,1 21,0,1 21,1,0 21,1,1 21,2,0 22,0,0 22,0,1 S7
01,2,1 02,1,1 02,2,0 02,2,1 03,1,0 03,2,0 03,2,1 G7
03,0,0 03,0,1 04,0,0 04,0,1 05,0,0 05,0,1 06,0,0 I7
03,1,1 04,1,0 04,1,1 04,2,0 04,2,1 05,2,0 05,2,1 N7
05,1,0 05,1,1 06,0,1 06,1,0 06,1,1 06,2,0 07,0,0 W7
19,2,1 20,0,0 20,0,1 20,1,0 20,1,1 20,2,0 21,0,0 Q7
06,2,1 07,0,1 07,1,0 07,1,1 07,2,0 07,2,1 08,1,0 X7
08,0,0 08,0,1 08,1,1 08,2,0 09,0,0 09,0,1 09,1,0 V7
08,2,1 09,2,0 09,2,1 10,2,0 10,2,1 11,1,1 11,2,0 L7
09,1,1 10,0,0 10,0,1 10,1,0 10,1,1 11,0,0 11,1,0 B7
11,0,1 12,0,0 12,0,1 13,0,0 13,0,1 13,1,0 14,0,0 P7
11,2,1 12,1,0 12,1,1 12,2,0 12,2,1 13,2,0 13,2,1 H7
13,1,1 14,0,1 14,1,0 14,1,1 14,2,0 14,2,1 15,0,0 T7
18,1,1 18,2,1 19,0,0 19,0,1 19,1,0 19,1,1 19,2,0 F7
16,2,0 16,2,1 17,1,1 17,2,0 17,2,1 18,1,0 18,2,0 Y7
16,1,0 16,1,1 17,0,0 17,0,1 17,1,0 18,0,0 18,0,1 Z7
15,0,1 15,1,0 15,1,1 15,2,0 15,2,1 16,0,0 16,0,1 J7

      ________________________________________________________________________________________________________________
     /    \          /       /\      /\           \          /   /   /        \   \   \   \       \      /           /
    /___   \    ____/   ____/  \    /  \________   \    ____/   /   /___    ___\   \   \   \       \    /___    ____/
   /    \   \   \      /       /    \   \       \  /   /\      /   /    \   \      /   /   /   /\  /\       \  /   /
  /      \   \___\____/___    /   ___\   \    ___\/___/  \    /   /___   \___\    /   /   /___/  \/  \_______\/   /
 /       /   /            \   \  /       /    \           \   \      /       /   /    \      /        \          /
/_______/___/______________\___\/_______/______\___________\___\____/_______/___/______\____/__________\________/


solution 2:
00,0,0 00,0,1 00,1,0 00,1,1 01,0,0 01,0,1 01,1,0 D7
00,2,0 00,2,1 01,1,1 01,2,0 02,0,0 02,0,1 02,1,0 C7
25,2,0 25,2,1 26,1,1 26,2,0 26,2,1 27,2,0 27,2,1 E7
25,0,1 26,0,0 26,0,1 27,0,0 27,0,1 27,1,0 27,1,1 R7
23,2,1 24,1,1 24,2,0 24,2,1 25,1,0 25,1,1 26,1,0 U7
23,0,0 23,0,1 23,1,0 24,0,0 24,0,1 24,1,0 25,0,0 M7
21,2,1 22,1,0 22,1,1 22,2,0 22,2,1 23,1,1 23,2,0 A7
20,2,1 21,0,1 21,1,0 21,1,1 21,2,0 22,0,0 22,0,1 S7
01,2,1 02,1,1 02,2,0 02,2,1 03,1,0 03,2,0 03,2,1 G7
03,0,0 03,0,1 04,0,0 04,0,1 05,0,0 05,0,1 06,0,0 I7
03,1,1 04,1,0 04,1,1 04,2,0 04,2,1 05,2,0 05,2,1 N7
05,1,0 05,1,1 06,0,1 06,1,0 06,1,1 06,2,0 07,0,0 W7
19,2,1 20,0,0 20,0,1 20,1,0 20,1,1 20,2,0 21,0,0 Q7
06,2,1 07,0,1 07,1,0 07,1,1 07,2,0 07,2,1 08,1,0 X7
08,0,0 08,0,1 08,1,1 08,2,0 09,0,0 09,0,1 09,1,0 V7
08,2,1 09,2,0 09,2,1 10,2,0 10,2,1 11,1,1 11,2,0 L7
09,1,1 10,0,0 10,0,1 10,1,0 10,1,1 11,0,0 11,1,0 B7
11,0,1 12,0,0 12,0,1 13,0,0 13,0,1 13,1,0 14,0,0 P7
11,2,1 12,1,0 12,1,1 12,2,0 12,2,1 13,2,0 13,2,1 H7
13,1,1 14,0,1 14,1,0 14,1,1 14,2,0 14,2,1 15,0,0 T7
18,2,0 18,2,1 19,0,0 19,0,1 19,1,0 19,1,1 19,2,0 J7
16,2,0 16,2,1 17,1,1 17,2,0 17,2,1 18,1,0 18,1,1 Z7
16,0,1 16,1,1 17,0,0 17,0,1 17,1,0 18,0,0 18,0,1 Y7
15,0,1 15,1,0 15,1,1 15,2,0 15,2,1 16,0,0 16,1,0 F7

      ________________________________________________________________________________________________________________
     /    \          /       /\      /\           \          /   /   /       /    \   \   \       \      /           /
    /___   \    ____/   ____/  \    /  \________   \    ____/   /   /___    /___   \   \   \       \    /___    ____/
   /    \   \   \      /       /    \   \       \  /   /\      /    \   \      /   /   /   /   /\  /\       \  /   /
  /      \   \___\____/___    /   ___\   \    ___\/___/  \    /   ___\   \____/   /   /   /___/  \/  \_______\/   /
 /       /   /            \   \  /       /    \           \   \   \          /   /    \      /        \          /
/_______/___/______________\___\/_______/______\___________\___\___\________/___/______\____/__________\________/


solution 3:
00,0,0 00,0,1 00,1,0 00,1,1 01,0,0 01,0,1 01,1,0 D7
00,2,0 00,2,1 01,1,1 01,2,0 02,0,0 02,0,1 02,1,0 C7
25,2,0 25,2,1 26,1,1 26,2,0 26,2,1 27,2,0 27,2,1 E7
25,0,1 26,0,0 26,0,1 27,0,0 27,0,1 27,1,0 27,1,1 R7
23,2,1 24,1,1 24,2,0 24,2,1 25,1,0 25,1,1 26,1,0 U7
23,0,0 23,0,1 23,1,0 24,0,0 24,0,1 24,1,0 25,0,0 M7
21,2,1 22,1,0 22,1,1 22,2,0 22,2,1 23,1,1 23,2,0 A7
20,2,1 21,0,1 21,1,0 21,1,1 21,2,0 22,0,0 22,0,1 S7
01,2,1 02,1,1 02,2,0 02,2,1 03,1,0 03,2,0 03,2,1 G7
03,0,0 03,0,1 04,0,0 04,0,1 05,0,0 05,0,1 06,0,0 I7
03,1,1 04,1,0 04,1,1 04,2,0 04,2,1 05,2,0 05,2,1 N7
05,1,0 05,1,1 06,0,1 06,1,0 06,1,1 06,2,0 07,0,0 W7
19,2,1 20,0,0 20,0,1 20,1,0 20,1,1 20,2,0 21,0,0 Q7
06,2,1 07,0,1 07,1,0 07,1,1 07,2,0 07,2,1 08,1,0 X7
08,0,0 08,0,1 08,1,1 08,2,0 09,0,0 09,0,1 09,1,0 V7
08,2,1 09,1,1 09,2,0 10,0,0 10,0,1 10,1,0 10,1,1 T7
09,2,1 10,2,0 10,2,1 11,1,1 11,2,0 11,2,1 12,1,0 H7
11,0,0 11,0,1 11,1,0 12,0,0 12,0,1 13,0,0 13,0,1 P7
13,1,0 13,1,1 14,0,0 14,0,1 14,1,0 14,1,1 15,0,0 B7
12,1,1 12,2,0 12,2,1 13,2,0 13,2,1 14,2,0 14,2,1 L7
18,1,1 18,2,1 19,0,0 19,0,1 19,1,0 19,1,1 19,2,0 F7
16,2,0 16,2,1 17,1,1 17,2,0 17,2,1 18,1,0 18,2,0 Y7
16,1,0 16,1,1 17,0,0 17,0,1 17,1,0 18,0,0 18,0,1 Z7
15,0,1 15,1,0 15,1,1 15,2,0 15,2,1 16,0,0 16,0,1 J7

      ________________________________________________________________________________________________________________
     /    \          /       /\      /\   \          /           /   /        \   \   \   \       \      /           /
    /___   \    ____/   ____/  \    /  \   \____    /   ________/   /___    ___\   \   \   \       \    /___    ____/
   /    \   \   \      /       /    \   \      /\   \  /       /   /    \   \      /   /   /   /\  /\       \  /   /
  /      \   \___\____/___    /   ___\   \    /  \___\/___    /   /___   \___\    /   /   /___/  \/  \_______\/   /
 /       /   /            \   \  /       /   /           /    \      /       /   /    \      /        \          /
/_______/___/______________\___\/_______/___/___________/______\____/_______/___/______\____/__________\________/


solution 4:
00,0,0 00,0,1 00,1,0 00,1,1 01,0,0 01,0,1 01,1,0 D7
00,2,0 00,2,1 01,1,1 01,2,0 02,0,0 02,0,1 02,1,0 C7
25,2,0 25,2,1 26,1,1 26,2,0 26,2,1 27,2,0 27,2,1 E7
25,0,1 26,0,0 26,0,1 27,0,0 27,0,1 27,1,0 27,1,1 R7
23,2,1 24,1,1 24,2,0 24,2,1 25,1,0 25,1,1 26,1,0 U7
23,0,0 23,0,1 23,1,0 24,0,0 24,0,1 24,1,0 25,0,0 M7
21,2,1 22,1,0 22,1,1 22,2,0 22,2,1 23,1,1 23,2,0 A7
20,2,1 21,0,1 21,1,0 21,1,1 21,2,0 22,0,0 22,0,1 S7
01,2,1 02,1,1 02,2,0 02,2,1 03,1,0 03,2,0 03,2,1 G7
03,0,0 03,0,1 04,0,0 04,0,1 05,0,0 05,0,1 06,0,0 I7
03,1,1 04,1,0 04,1,1 04,2,0 04,2,1 05,2,0 05,2,1 N7
05,1,0 05,1,1 06,0,1 06,1,0 06,1,1 06,2,0 07,0,0 W7
19,2,1 20,0,0 20,0,1 20,1,0 20,1,1 20,2,0 21,0,0 Q7
06,2,1 07,0,1 07,1,0 07,1,1 07,2,0 07,2,1 08,1,0 X7
08,0,0 08,0,1 08,1,1 08,2,0 09,0,0 09,0,1 09,1,0 V7
08,2,1 09,1,1 09,2,0 10,0,0 10,0,1 10,1,0 10,1,1 T7
09,2,1 10,2,0 10,2,1 11,1,1 11,2,0 11,2,1 12,1,0 H7
11,0,0 11,0,1 11,1,0 12,0,0 12,0,1 13,0,0 13,0,1 P7
13,1,0 13,1,1 14,0,0 14,0,1 14,1,0 14,1,1 15,0,0 B7
12,1,1 12,2,0 12,2,1 13,2,0 13,2,1 14,2,0 14,2,1 L7
18,2,0 18,2,1 19,0,0 19,0,1 19,1,0 19,1,1 19,2,0 J7
16,2,0 16,2,1 17,1,1 17,2,0 17,2,1 18,1,0 18,1,1 Z7
16,0,1 16,1,1 17,0,0 17,0,1 17,1,0 18,0,0 18,0,1 Y7
15,0,1 15,1,0 15,1,1 15,2,0 15,2,1 16,0,0 16,1,0 F7

      ________________________________________________________________________________________________________________
     /    \          /       /\      /\   \          /           /   /       /    \   \   \       \      /           /
    /___   \    ____/   ____/  \    /  \   \____    /   ________/   /___    /___   \   \   \       \    /___    ____/
   /    \   \   \      /       /    \   \      /\   \  /       /    \   \      /   /   /   /   /\  /\       \  /   /
  /      \   \___\____/___    /   ___\   \    /  \___\/___    /   ___\   \____/   /   /   /___/  \/  \_______\/   /
 /       /   /            \   \  /       /   /           /    \   \          /   /    \      /        \          /
/_______/___/______________\___\/_______/___/___________/______\___\________/___/______\____/__________\________/


solution 5:
00,0,0 00,0,1 00,1,0 00,1,1 01,0,0 01,0,1 01,1,0 D7
00,2,0 00,2,1 01,1,1 01,2,0 02,0,0 02,0,1 02,1,0 C7
25,2,0 25,2,1 26,1,1 26,2,0 26,2,1 27,2,0 27,2,1 E7
25,0,1 26,0,0 26,0,1 27,0,0 27,0,1 27,1,0 27,1,1 R7
23,2,1 24,1,1 24,2,0 24,2,1 25,1,0 25,1,1 26,1,0 U7
23,0,0 23,0,1 23,1,0 24,0,0 24,0,1 24,1,0 25,0,0 M7
21,2,1 22,1,0 22,1,1 22,2,0 22,2,1 23,1,1 23,2,0 A7
20,2,1 21,0,1 21,1,0 21,1,1 21,2,0 22,0,0 22,0,1 S7
01,2,1 02,1,1 02,2,0 02,2,1 03,1,0 03,2,0 03,2,1 G7
03,0,0 03,0,1 04,0,0 04,0,1 05,0,0 05,0,1 06,0,0 I7
03,1,1 04,1,0 04,1,1 04,2,0 04,2,1 05,2,0 05,2,1 N7
05,1,0 05,1,1 06,0,1 06,1,0 06,1,1 06,2,0 07,0,0 W7
19,1,1 20,0,0 20,0,1 20,1,0 20,1,1 20,2,0 21,0,0 X7
18,1,1 18,2,0 18,2,1 19,0,1 19,1,0 19,2,0 19,2,1 V7
16,0,1 16,1,0 17,0,0 17,0,1 18,0,0 18,0,1 19,0,0 L7
16,1,1 16,2,1 17,1,0 17,1,1 17,2,0 17,2,1 18,1,0 B7
13,2,1 14,1,1 14,2,0 14,2,1 15,2,0 15,2,1 16,2,0 P7
14,0,0 14,0,1 15,0,0 15,0,1 15,1,0 15,1,1 16,0,0 H7
12,2,1 13,0,0 13,0,1 13,1,0 13,1,1 13,2,0 14,1,0 T7
06,2,1 07,0,1 07,1,0 07,1,1 07,2,0 07,2,1 08,0,0 Q7
11,1,1 11,2,1 12,0,0 12,0,1 12,1,0 12,1,1 12,2,0 F7
09,2,0 09,2,1 10,1,1 10,2,0 10,2,1 11,1,0 11,2,0 Y7
09,1,0 09,1,1 10,0,0 10,0,1 10,1,0 11,0,0 11,0,1 Z7
08,0,1 08,1,0 08,1,1 08,2,0 08,2,1 09,0,0 09,0,1 J7

      ________________________________________________________________________________________________________________
     /    \          /       /\      /   /        \   \   \           \      /       /\   \       \      /           /
    /___   \    ____/   ____/  \    /   /___    ___\   \   \    _______\    /   ____/  \   \       \    /___    ____/
   /    \   \   \      /       /   /   /    \   \      /    \  /   /\       \   \      /   /   /\  /\       \  /   /
  /      \   \___\____/___    /   /   /___   \___\    /   ___\/   /  \_______\   \    /   /___/  \/  \_______\/   /
 /       /   /            \   \   \      /       /   /   /        \           \  /    \      /        \          /
/_______/___/______________\___\___\____/_______/___/___/__________\___________\/______\____/__________\________/


solution 6:
00,0,0 00,0,1 00,1,0 00,1,1 01,0,0 01,0,1 01,1,0 D7
00,2,0 00,2,1 01,1,1 01,2,0 02,0,0 02,0,1 02,1,0 C7
25,2,0 25,2,1 26,1,1 26,2,0 26,2,1 27,2,0 27,2,1 E7
25,0,1 26,0,0 26,0,1 27,0,0 27,0,1 27,1,0 27,1,1 R7
23,2,1 24,1,1 24,2,0 24,2,1 25,1,0 25,1,1 26,1,0 U7
23,0,0 23,0,1 23,1,0 24,0,0 24,0,1 24,1,0 25,0,0 M7
21,2,1 22,1,0 22,1,1 22,2,0 22,2,1 23,1,1 23,2,0 A7
20,2,1 21,0,1 21,1,0 21,1,1 21,2,0 22,0,0 22,0,1 S7
01,2,1 02,1,1 02,2,0 02,2,1 03,1,0 03,2,0 03,2,1 G7
03,0,0 03,0,1 04,0,0 04,0,1 05,0,0 05,0,1 06,0,0 I7
03,1,1 04,1,0 04,1,1 04,2,0 04,2,1 05,2,0 05,2,1 N7
05,1,0 05,1,1 06,0,1 06,1,0 06,1,1 06,2,0 07,0,0 W7
19,1,1 20,0,0 20,0,1 20,1,0 20,1,1 20,2,0 21,0,0 X7
18,1,1 18,2,0 18,2,1 19,0,1 19,1,0 19,2,0 19,2,1 V7
16,0,1 16,1,0 17,0,0 17,0,1 18,0,0 18,0,1 19,0,0 L7
16,1,1 16,2,1 17,1,0 17,1,1 17,2,0 17,2,1 18,1,0 B7
13,2,1 14,1,1 14,2,0 14,2,1 15,2,0 15,2,1 16,2,0 P7
14,0,0 14,0,1 15,0,0 15,0,1 15,1,0 15,1,1 16,0,0 H7
12,2,1 13,0,0 13,0,1 13,1,0 13,1,1 13,2,0 14,1,0 T7
06,2,1 07,0,1 07,1,0 07,1,1 07,2,0 07,2,1 08,0,0 Q7
11,2,0 11,2,1 12,0,0 12,0,1 12,1,0 12,1,1 12,2,0 J7
09,2,0 09,2,1 10,1,1 10,2,0 10,2,1 11,1,0 11,1,1 Z7
09,0,1 09,1,1 10,0,0 10,0,1 10,1,0 11,0,0 11,0,1 Y7
08,0,1 08,1,0 08,1,1 08,2,0 08,2,1 09,0,0 09,1,0 F7

      ________________________________________________________________________________________________________________
     /    \          /       /\      /   /       /    \   \           \      /       /\   \       \      /           /
    /___   \    ____/   ____/  \    /   /___    /___   \   \    _______\    /   ____/  \   \       \    /___    ____/
   /    \   \   \      /       /   /    \   \      /   /    \  /   /\       \   \      /   /   /\  /\       \  /   /
  /      \   \___\____/___    /   /   ___\   \____/   /   ___\/   /  \_______\   \    /   /___/  \/  \_______\/   /
 /       /   /            \   \   \   \          /   /   /        \           \  /    \      /        \          /
/_______/___/______________\___\___\___\________/___/___/__________\___________\/______\____/__________\________/


solution 7:
00,0,0 00,0,1 00,1,0 00,1,1 01,0,0 01,0,1 01,1,0 D7
00,2,0 00,2,1 01,1,1 01,2,0 02,0,0 02,0,1 02,1,0 C7
25,2,0 25,2,1 26,1,1 26,2,0 26,2,1 27,2,0 27,2,1 E7
25,0,1 26,0,0 26,0,1 27,0,0 27,0,1 27,1,0 27,1,1 R7
23,2,1 24,1,1 24,2,0 24,2,1 25,1,0 25,1,1 26,1,0 U7
23,0,0 23,0,1 23,1,0 24,0,0 24,0,1 24,1,0 25,0,0 M7
21,2,1 22,1,0 22,1,1 22,2,0 22,2,1 23,1,1 23,2,0 A7
20,2,1 21,0,1 21,1,0 21,1,1 21,2,0 22,0,0 22,0,1 S7
01,2,1 02,1,1 02,2,0 02,2,1 03,1,0 03,2,0 03,2,1 G7
03,0,0 03,0,1 04,0,0 04,0,1 05,0,0 05,0,1 06,0,0 I7
03,1,1 04,1,0 04,1,1 04,2,0 04,2,1 05,2,0 05,2,1 N7
05,1,0 05,1,1 06,0,1 06,1,0 06,1,1 06,2,0 07,0,0 W7
19,1,1 20,0,0 20,0,1 20,1,0 20,1,1 20,2,0 21,0,0 X7
18,1,1 18,2,0 18,2,1 19,0,1 19,1,0 19,2,0 19,2,1 V7
17,1,0 17,1,1 17,2,0 17,2,1 18,0,1 18,1,0 19,0,0 T7
15,1,1 16,0,0 16,0,1 16,1,0 17,0,0 17,0,1 18,0,0 H7
14,2,0 14,2,1 15,2,0 15,2,1 16,1,1 16,2,0 16,2,1 P7
06,2,1 07,0,1 07,1,0 07,1,1 07,2,0 07,2,1 08,0,0 Q7
12,2,1 13,1,0 13,1,1 13,2,0 13,2,1 14,1,0 14,1,1 B7
13,0,0 13,0,1 14,0,0 14,0,1 15,0,0 15,0,1 15,1,0 L7
11,1,1 11,2,1 12,0,0 12,0,1 12,1,0 12,1,1 12,2,0 F7
09,2,0 09,2,1 10,1,1 10,2,0 10,2,1 11,1,0 11,2,0 Y7
09,1,0 09,1,1 10,0,0 10,0,1 10,1,0 11,0,0 11,0,1 Z7
08,0,1 08,1,0 08,1,1 08,2,0 08,2,1 09,0,0 09,0,1 J7

      ________________________________________________________________________________________________________________
     /    \          /       /\      /   /        \   \      /           /   /       /\   \       \      /           /
    /___   \    ____/   ____/  \    /   /___    ___\   \    /_______    /   /   ____/  \   \       \    /___    ____/
   /    \   \   \      /       /   /   /    \   \      /       /\   \  /    \   \      /   /   /\  /\       \  /   /
  /      \   \___\____/___    /   /   /___   \___\    /_______/  \   \/___   \   \    /   /___/  \/  \_______\/   /
 /       /   /            \   \   \      /       /   /           /        \   \  /    \      /        \          /
/_______/___/______________\___\___\____/_______/___/___________/__________\___\/______\____/__________\________/


solution 8:
00,0,0 00,0,1 00,1,0 00,1,1 01,0,0 01,0,1 01,1,0 D7
00,2,0 00,2,1 01,1,1 01,2,0 02,0,0 02,0,1 02,1,0 C7
25,2,0 25,2,1 26,1,1 26,2,0 26,2,1 27,2,0 27,2,1 E7
25,0,1 26,0,0 26,0,1 27,0,0 27,0,1 27,1,0 27,1,1 R7
23,2,1 24,1,1 24,2,0 24,2,1 25,1,0 25,1,1 26,1,0 U7
23,0,0 23,0,1 23,1,0 24,0,0 24,0,1 24,1,0 25,0,0 M7
21,2,1 22,1,0 22,1,1 22,2,0 22,2,1 23,1,1 23,2,0 A7
20,2,1 21,0,1 21,1,0 21,1,1 21,2,0 22,0,0 22,0,1 S7
01,2,1 02,1,1 02,2,0 02,2,1 03,1,0 03,2,0 03,2,1 G7
03,0,0 03,0,1 04,0,0 04,0,1 05,0,0 05,0,1 06,0,0 I7
03,1,1 04,1,0 04,1,1 04,2,0 04,2,1 05,2,0 05,2,1 N7
05,1,0 05,1,1 06,0,1 06,1,0 06,1,1 06,2,0 07,0,0 W7
19,1,1 20,0,0 20,0,1 20,1,0 20,1,1 20,2,0 21,0,0 X7
18,1,1 18,2,0 18,2,1 19,0,1 19,1,0 19,2,0 19,2,1 V7
17,1,0 17,1,1 17,2,0 17,2,1 18,0,1 18,1,0 19,0,0 T7
15,1,1 16,0,0 16,0,1 16,1,0 17,0,0 17,0,1 18,0,0 H7
14,2,0 14,2,1 15,2,0 15,2,1 16,1,1 16,2,0 16,2,1 P7
06,2,1 07,0,1 07,1,0 07,1,1 07,2,0 07,2,1 08,0,0 Q7
12,2,1 13,1,0 13,1,1 13,2,0 13,2,1 14,1,0 14,1,1 B7
13,0,0 13,0,1 14,0,0 14,0,1 15,0,0 15,0,1 15,1,0 L7
11,2,0 11,2,1 12,0,0 12,0,1 12,1,0 12,1,1 12,2,0 J7
09,2,0 09,2,1 10,1,1 10,2,0 10,2,1 11,1,0 11,1,1 Z7
09,0,1 09,1,1 10,0,0 10,0,1 10,1,0 11,0,0 11,0,1 Y7
08,0,1 08,1,0 08,1,1 08,2,0 08,2,1 09,0,0 09,1,0 F7

      ________________________________________________________________________________________________________________
     /    \          /       /\      /   /       /    \      /           /   /       /\   \       \      /           /
    /___   \    ____/   ____/  \    /   /___    /___   \    /_______    /   /   ____/  \   \       \    /___    ____/
   /    \   \   \      /       /   /    \   \      /   /       /\   \  /    \   \      /   /   /\  /\       \  /   /
  /      \   \___\____/___    /   /   ___\   \____/   /_______/  \   \/___   \   \    /   /___/  \/  \_______\/   /
 /       /   /            \   \   \   \          /   /           /        \   \  /    \      /        \          /
/_______/___/______________\___\___\___\________/___/___________/__________\___\/______\____/__________\________/


solution 9:
00,0,0 00,0,1 00,1,0 00,1,1 01,0,0 01,0,1 01,1,0 D7
00,2,0 00,2,1 01,1,1 01,2,0 02,0,0 02,0,1 02,1,0 C7
25,2,0 25,2,1 26,1,1 26,2,0 26,2,1 27,2,0 27,2,1 E7
25,0,1 26,0,0 26,0,1 27,0,0 27,0,1 27,1,0 27,1,1 R7
23,2,1 24,1,1 24,2,0 24,2,1 25,1,0 25,1,1 26,1,0 U7
23,0,0 23,0,1 23,1,0 24,0,0 24,0,1 24,1,0 25,0,0 M7
21,2,1 22,1,0 22,1,1 22,2,0 22,2,1 23,1,1 23,2,0 A7
20,2,1 21,0,1 21,1,0 21,1,1 21,2,0 22,0,0 22,0,1 S7
01,2,1 02,2,0 02,2,1 03,2,0 03,2,1 04,1,1 04,2,0 L7
02,1,1 03,0,0 03,0,1 03,1,0 03,1,1 04,0,0 04,1,0 B7
04,0,1 05,0,0 05,0,1 06,0,0 06,0,1 06,1,0 07,0,0 P7
04,2,1 05,1,0 05,1,1 05,2,0 05,2,1 06,2,0 06,2,1 H7
06,1,1 07,0,1 07,1,0 07,1,1 07,2,0 07,2,1 08,0,0 T7
19,2,1 20,0,0 20,0,1 20,1,0 20,1,1 20,2,0 21,0,0 Q7
18,1,1 18,2,1 19,0,0 19,0,1 19,1,0 19,1,1 19,2,0 F7
16,2,0 16,2,1 17,1,1 17,2,0 17,2,1 18,1,0 18,2,0 Y7
16,1,0 16,1,1 17,0,0 17,0,1 17,1,0 18,0,0 18,0,1 Z7
15,0,1 15,1,0 15,1,1 15,2,0 15,2,1 16,0,0 16,0,1 J7
08,0,1 08,1,0 08,1,1 08,2,0 09,0,0 09,0,1 10,0,0 V7
12,2,1 13,2,0 13,2,1 14,1,0 14,1,1 14,2,0 14,2,1 G7
12,0,0 12,0,1 13,0,0 13,0,1 14,0,0 14,0,1 15,0,0 I7
10,2,1 11,2,0 11,2,1 12,1,1 12,2,0 13,1,0 13,1,1 N7
10,1,1 10,2,0 11,0,0 11,0,1 11,1,0 11,1,1 12,1,0 W7
08,2,1 09,1,0 09,1,1 09,2,0 09,2,1 10,0,1 10,1,0 X7

      ________________________________________________________________________________________________________________
     /    \           \          /   /\      /\       \          /   /        \   \   \   \       \      /           /
    /___   \________   \    ____/   /  \    /  \____   \____    /   /___    ___\   \   \   \       \    /___    ____/
   /    \   \       \  /   /\      /   /    \       \      /   /   /    \   \      /   /   /   /\  /\       \  /   /
  /      \   \    ___\/___/  \    /   /___   \    ___\____/___/   /___   \___\    /   /   /___/  \/  \_______\/   /
 /       /   /    \           \   \       \  /   /            \      /       /   /    \      /        \          /
/_______/___/______\___________\___\_______\/___/______________\____/_______/___/______\____/__________\________/


solution 10:
00,0,0 00,0,1 00,1,0 00,1,1 01,0,0 01,0,1 01,1,0 D7
00,2,0 00,2,1 01,1,1 01,2,0 02,0,0 02,0,1 02,1,0 C7
25,2,0 25,2,1 26,1,1 26,2,0 26,2,1 27,2,0 27,2,1 E7
25,0,1 26,0,0 26,0,1 27,0,0 27,0,1 27,1,0 27,1,1 R7
23,2,1 24,1,1 24,2,0 24,2,1 25,1,0 25,1,1 26,1,0 U7
23,0,0 23,0,1 23,1,0 24,0,0 24,0,1 24,1,0 25,0,0 M7
21,2,1 22,1,0 22,1,1 22,2,0 22,2,1 23,1,1 23,2,0 A7
20,2,1 21,0,1 21,1,0 21,1,1 21,2,0 22,0,0 22,0,1 S7
01,2,1 02,2,0 02,2,1 03,2,0 03,2,1 04,1,1 04,2,0 L7
02,1,1 03,0,0 03,0,1 03,1,0 03,1,1 04,0,0 04,1,0 B7
04,0,1 05,0,0 05,0,1 06,0,0 06,0,1 06,1,0 07,0,0 P7
04,2,1 05,1,0 05,1,1 05,2,0 05,2,1 06,2,0 06,2,1 H7
06,1,1 07,0,1 07,1,0 07,1,1 07,2,0 07,2,1 08,0,0 T7
19,2,1 20,0,0 20,0,1 20,1,0 20,1,1 20,2,0 21,0,0 Q7
18,2,0 18,2,1 19,0,0 19,0,1 19,1,0 19,1,1 19,2,0 J7
16,2,0 16,2,1 17,1,1 17,2,0 17,2,1 18,1,0 18,1,1 Z7
16,0,1 16,1,1 17,0,0 17,0,1 17,1,0 18,0,0 18,0,1 Y7
08,0,1 08,1,0 08,1,1 08,2,0 09,0,0 09,0,1 10,0,0 V7
08,2,1 09,1,0 09,1,1 09,2,0 09,2,1 10,0,1 10,1,0 X7
15,0,1 15,1,0 15,1,1 15,2,0 15,2,1 16,0,0 16,1,0 F7
10,1,1 10,2,0 11,0,0 11,0,1 11,1,0 11,1,1 12,1,0 W7
10,2,1 11,2,0 11,2,1 12,1,1 12,2,0 13,1,0 13,1,1 N7
12,0,0 12,0,1 13,0,0 13,0,1 14,0,0 14,0,1 15,0,0 I7
12,2,1 13,2,0 13,2,1 14,1,0 14,1,1 14,2,0 14,2,1 G7

      ________________________________________________________________________________________________________________
     /    \           \          /   /\      /\       \          /   /       /    \   \   \       \      /           /
    /___   \________   \    ____/   /  \    /  \____   \____    /   /___    /___   \   \   \       \    /___    ____/
   /    \   \       \  /   /\      /   /    \       \      /   /    \   \      /   /   /   /   /\  /\       \  /   /
  /      \   \    ___\/___/  \    /   /___   \    ___\____/___/   ___\   \____/   /   /   /___/  \/  \_______\/   /
 /       /   /    \           \   \       \  /   /            \   \          /   /    \      /        \          /
/_______/___/______\___________\___\_______\/___/______________\___\________/___/______\____/__________\________/

...

solution 80:
00,0,0 00,0,1 00,1,0 00,1,1 01,0,0 01,0,1 01,1,0 D7
00,2,0 00,2,1 01,1,1 01,2,0 02,0,0 02,0,1 02,1,0 C7
25,2,0 25,2,1 26,1,1 26,2,0 26,2,1 27,2,0 27,2,1 E7
25,0,1 26,0,0 26,0,1 27,0,0 27,0,1 27,1,0 27,1,1 R7
23,2,1 24,1,1 24,2,0 24,2,1 25,1,0 25,1,1 26,1,0 U7
23,0,0 23,0,1 23,1,0 24,0,0 24,0,1 24,1,0 25,0,0 M7
21,2,1 22,1,0 22,1,1 22,2,0 22,2,1 23,1,1 23,2,0 A7
20,0,1 21,0,0 21,0,1 21,1,0 21,1,1 22,0,0 22,0,1 Y7
19,1,1 19,2,1 20,1,0 20,1,1 20,2,0 20,2,1 21,2,0 Z7
18,1,1 18,2,0 18,2,1 19,0,1 19,1,0 19,2,0 20,0,0 J7
17,1,0 17,1,1 17,2,0 17,2,1 18,0,1 18,1,0 19,0,0 T7
15,1,1 16,0,0 16,0,1 16,1,0 17,0,0 17,0,1 18,0,0 H7
14,2,0 14,2,1 15,2,0 15,2,1 16,1,1 16,2,0 16,2,1 P7
01,2,1 02,1,1 02,2,0 02,2,1 03,0,0 03,0,1 03,1,0 Q7
13,0,0 13,0,1 14,0,0 14,0,1 15,0,0 15,0,1 15,1,0 L7
12,2,1 13,1,0 13,1,1 13,2,0 13,2,1 14,1,0 14,1,1 B7
03,1,1 03,2,0 04,0,0 04,0,1 04,1,0 04,1,1 05,0,0 X7
03,2,1 04,2,0 04,2,1 05,0,1 05,1,0 05,1,1 05,2,0 V7
06,0,0 06,0,1 06,1,0 06,1,1 07,0,0 07,0,1 08,0,0 G7
05,2,1 06,2,0 06,2,1 07,2,0 07,2,1 08,2,0 08,2,1 I7
07,1,0 07,1,1 08,0,1 08,1,0 09,0,0 09,0,1 10,0,0 N7
08,1,1 09,1,0 09,1,1 09,2,0 09,2,1 10,0,1 10,1,0 W7
10,1,1 10,2,0 10,2,1 11,0,0 11,0,1 11,1,0 11,2,0 S7
11,1,1 11,2,1 12,0,0 12,0,1 12,1,0 12,1,1 12,2,0 F7

      ________________________________________________________________________________________________________________
     /    \      /\       \              /   /    \   \      /           /   /    \       \       \      /           /
    /___   \    /  \____   \____________/   /   ___\   \    /_______    /   /   ___\    ___\       \    /___    ____/
   /    \   \   \      /   /   /    \       \   \      /       /\   \  /    \   \      /   /   /\  /\       \  /   /
  /      \   \   \    /   /   /___   \____   \   \    /_______/  \   \/___   \   \____/   /___/  \/  \_______\/   /
 /       /   /   /    \  /        \       \  /   /   /           /        \   \   \          /        \          /
/_______/___/___/______\/__________\_______\/___/___/___________/__________\___\___\________/__________\________/

...
