solving HeptiamondsHexagonHexagramGasket3:

solution 1 (3,409,124 searches):
00,11,1 01,10,1 01,11,0 01,11,1 02,10,0 02,10,1 02,11,0 D7
12,06,1 13,05,0 13,05,1 13,06,0 14,04,1 14,05,0 15,04,0 E7
12,03,1 13,02,1 13,03,0 13,03,1 13,04,0 13,04,1 14,04,0 Q7
10,03,1 11,02,0 11,02,1 11,03,0 12,02,0 12,02,1 13,02,0 H7
11,03,1 11,04,0 11,04,1 11,05,0 11,05,1 12,03,0 12,04,0 F7
11,06,1 11,07,0 11,07,1 12,04,1 12,05,0 12,05,1 12,06,0 N7
09,02,1 10,01,1 10,02,0 10,02,1 11,00,1 11,01,0 11,01,1 M7
08,02,1 08,03,0 08,03,1 09,02,0 09,03,0 09,03,1 10,03,0 J7
06,03,1 06,04,1 07,02,1 07,03,0 07,03,1 07,04,0 08,02,0 Z7
05,05,0 05,05,1 06,05,0 06,05,1 07,04,1 07,05,0 08,04,0 R7
04,04,0 04,04,1 04,05,0 04,05,1 05,04,0 05,04,1 06,04,0 G7
03,13,1 04,12,1 04,13,0 04,13,1 04,14,0 04,14,1 04,15,0 P7
10,10,0 10,10,1 10,11,1 11,10,0 11,10,1 11,11,0 11,11,1 U7
10,09,1 11,08,0 11,08,1 11,09,0 11,09,1 12,08,1 12,09,0 A7
12,07,0 12,07,1 12,08,0 13,06,1 13,07,0 13,07,1 13,08,0 B7
07,13,0 07,13,1 08,12,1 08,13,0 09,11,1 09,12,0 10,11,0 L7
07,11,0 07,11,1 08,11,0 08,11,1 08,12,0 09,10,1 09,11,0 T7
05,11,0 05,11,1 05,12,0 05,12,1 05,13,0 05,13,1 05,14,0 I7
06,11,1 06,12,0 06,12,1 06,13,0 06,13,1 07,12,0 07,12,1 Y7
02,09,0 02,09,1 03,08,1 03,09,0 03,09,1 03,10,0 04,08,0 W7
02,11,1 03,10,1 03,11,0 03,11,1 03,12,0 04,11,0 04,11,1 X7
02,12,0 02,12,1 02,13,0 02,13,1 03,12,1 03,13,0 04,12,0 V7
03,06,1 03,07,0 04,06,0 04,06,1 05,06,0 05,06,1 05,07,0 C7
02,07,1 02,08,0 02,08,1 03,07,1 03,08,0 04,07,0 04,07,1 S7

                       /\
                      /  \
                     /   /\
            ________/   /  \________
           /    \      /   /   /    \
          /      \    /   /   /___   \
         /   /\   \  /   /       /\   \
________/___/  \___\/   /   ____/  \   \________
\       \          /   /\  /        \   \      /
 \       \    ____/___/  \/_______   \___\    /
  \      /\  /                    \  /       /
   \____/  \/                      \/_______/
   /       /                        \       \
  /___    /                          \       \
 /    \   \                          /   /\  /\
/      \___\                        /___/  \/  \
\  /\      /\                      /   /       /
 \/  \____/  \                    /   /___    /
  \          /                    \   \   \  /
   \________/___                ___\   \   \/
   /   /        \              /   /   /    \
  /   /_______   \            /   /   /___   \
 /        \   \   \          /    \  /    \   \
/__________\   \___\________/   ___\/   ___\___\
        \      /        \   \   \      /
         \    /   _______\   \___\    /
          \   \   \      /        \  /
           \___\___\    /__________\/
                    \      /
                     \    /
                      \  /
                       \/

solution 2 (3,409,125 searches):
00,11,1 01,10,1 01,11,0 01,11,1 02,10,0 02,10,1 02,11,0 D7
12,06,1 13,05,0 13,05,1 13,06,0 14,04,1 14,05,0 15,04,0 E7
12,03,1 13,02,1 13,03,0 13,03,1 13,04,0 13,04,1 14,04,0 Q7
10,03,1 11,02,0 11,02,1 11,03,0 12,02,0 12,02,1 13,02,0 H7
11,03,1 11,04,0 11,04,1 11,05,0 11,05,1 12,03,0 12,04,0 F7
11,06,1 11,07,0 11,07,1 12,04,1 12,05,0 12,05,1 12,06,0 N7
09,02,1 10,01,1 10,02,0 10,02,1 11,00,1 11,01,0 11,01,1 M7
08,02,1 08,03,0 08,03,1 09,02,0 09,03,0 09,03,1 10,03,0 J7
06,03,1 06,04,1 07,02,1 07,03,0 07,03,1 07,04,0 08,02,0 Z7
05,05,0 05,05,1 06,05,0 06,05,1 07,04,1 07,05,0 08,04,0 R7
04,04,0 04,04,1 04,05,0 04,05,1 05,04,0 05,04,1 06,04,0 G7
03,13,1 04,12,1 04,13,0 04,13,1 04,14,0 04,14,1 04,15,0 P7
10,10,0 10,10,1 10,11,1 11,10,0 11,10,1 11,11,0 11,11,1 U7
10,09,1 11,08,0 11,08,1 11,09,0 11,09,1 12,08,1 12,09,0 A7
12,07,0 12,07,1 12,08,0 13,06,1 13,07,0 13,07,1 13,08,0 B7
07,13,0 07,13,1 08,12,1 08,13,0 09,11,1 09,12,0 10,11,0 L7
07,11,0 07,11,1 08,11,0 08,11,1 08,12,0 09,10,1 09,11,0 T7
05,11,0 05,11,1 05,12,0 05,12,1 05,13,0 05,13,1 05,14,0 I7
06,11,1 06,12,0 06,12,1 06,13,0 06,13,1 07,12,0 07,12,1 Y7
02,09,0 02,09,1 03,08,1 03,09,0 03,09,1 03,10,0 04,08,0 W7
02,11,1 03,10,1 03,11,0 03,11,1 03,12,0 04,11,0 04,11,1 X7
02,12,0 02,12,1 02,13,0 02,13,1 03,12,1 03,13,0 04,12,0 V7
02,07,1 02,08,0 02,08,1 03,06,1 03,07,0 04,06,0 04,06,1 C7
03,07,1 03,08,0 04,07,0 04,07,1 05,06,0 05,06,1 05,07,0 S7

                       /\
                      /  \
                     /   /\
            ________/   /  \________
           /    \      /   /   /    \
          /      \    /   /   /___   \
         /   /\   \  /   /       /\   \
________/___/  \___\/   /   ____/  \   \________
\       \          /   /\  /        \   \      /
 \       \    ____/___/  \/_______   \___\    /
  \      /\  /                    \  /       /
   \____/  \/                      \/_______/
   /       /                        \       \
  /___    /                          \       \
 /   /\   \                          /   /\  /\
/   /  \___\                        /___/  \/  \
\   \       \                      /   /       /
 \   \____   \                    /   /___    /
  \      /   /                    \   \   \  /
   \____/___/___                ___\   \   \/
   /   /        \              /   /   /    \
  /   /_______   \            /   /   /___   \
 /        \   \   \          /    \  /    \   \
/__________\   \___\________/   ___\/   ___\___\
        \      /        \   \   \      /
         \    /   _______\   \___\    /
          \   \   \      /        \  /
           \___\___\    /__________\/
                    \      /
                     \    /
                      \  /
                       \/

solution 3 (3,409,152 searches):
00,11,1 01,10,1 01,11,0 01,11,1 02,10,0 02,10,1 02,11,0 D7
12,06,1 13,05,0 13,05,1 13,06,0 14,04,1 14,05,0 15,04,0 E7
12,03,1 13,02,1 13,03,0 13,03,1 13,04,0 13,04,1 14,04,0 Q7
10,03,1 11,02,0 11,02,1 11,03,0 12,02,0 12,02,1 13,02,0 H7
11,03,1 11,04,0 11,04,1 11,05,0 11,05,1 12,03,0 12,04,0 F7
11,06,1 11,07,0 11,07,1 12,04,1 12,05,0 12,05,1 12,06,0 N7
09,02,1 10,01,1 10,02,0 10,02,1 11,00,1 11,01,0 11,01,1 M7
08,02,1 08,03,0 08,03,1 09,02,0 09,03,0 09,03,1 10,03,0 J7
06,03,1 06,04,1 07,02,1 07,03,0 07,03,1 07,04,0 08,02,0 Z7
05,05,0 05,05,1 06,05,0 06,05,1 07,04,1 07,05,0 08,04,0 R7
04,04,0 04,04,1 04,05,0 04,05,1 05,04,0 05,04,1 06,04,0 G7
03,13,1 04,12,1 04,13,0 04,13,1 04,14,0 04,14,1 04,15,0 P7
10,10,0 10,10,1 10,11,1 11,10,0 11,10,1 11,11,0 11,11,1 U7
10,09,1 11,08,0 11,08,1 11,09,0 11,09,1 12,08,0 12,09,0 B7
12,07,0 12,07,1 12,08,1 13,06,1 13,07,0 13,07,1 13,08,0 A7
07,13,0 07,13,1 08,12,1 08,13,0 09,11,1 09,12,0 10,11,0 L7
07,11,0 07,11,1 08,11,0 08,11,1 08,12,0 09,10,1 09,11,0 T7
05,11,0 05,11,1 05,12,0 05,12,1 05,13,0 05,13,1 05,14,0 I7
06,11,1 06,12,0 06,12,1 06,13,0 06,13,1 07,12,0 07,12,1 Y7
02,09,0 02,09,1 03,08,1 03,09,0 03,09,1 03,10,0 04,08,0 W7
02,11,1 03,10,1 03,11,0 03,11,1 03,12,0 04,11,0 04,11,1 X7
02,12,0 02,12,1 02,13,0 02,13,1 03,12,1 03,13,0 04,12,0 V7
03,06,1 03,07,0 04,06,0 04,06,1 05,06,0 05,06,1 05,07,0 C7
02,07,1 02,08,0 02,08,1 03,07,1 03,08,0 04,07,0 04,07,1 S7

                       /\
                      /  \
                     /   /\
            ________/   /  \________
           /    \      /   /   /    \
          /      \    /   /   /___   \
         /   /\   \  /   /       /\   \
________/___/  \___\/   /   ____/  \   \________
\       \          /   /\  /        \   \      /
 \       \    ____/___/  \/_______   \___\    /
  \      /\  /                    \  /       /
   \____/  \/                      \/_______/
   /       /                        \       \
  /___    /                          \    ___\
 /    \   \                          /    \   \
/      \___\                        /______\   \
\  /\      /\                      /   /       /
 \/  \____/  \                    /   /___    /
  \          /                    \   \   \  /
   \________/___                ___\   \   \/
   /   /        \              /   /   /    \
  /   /_______   \            /   /   /___   \
 /        \   \   \          /    \  /    \   \
/__________\   \___\________/   ___\/   ___\___\
        \      /        \   \   \      /
         \    /   _______\   \___\    /
          \   \   \      /        \  /
           \___\___\    /__________\/
                    \      /
                     \    /
                      \  /
                       \/

solution 4 (3,409,153 searches):
00,11,1 01,10,1 01,11,0 01,11,1 02,10,0 02,10,1 02,11,0 D7
12,06,1 13,05,0 13,05,1 13,06,0 14,04,1 14,05,0 15,04,0 E7
12,03,1 13,02,1 13,03,0 13,03,1 13,04,0 13,04,1 14,04,0 Q7
10,03,1 11,02,0 11,02,1 11,03,0 12,02,0 12,02,1 13,02,0 H7
11,03,1 11,04,0 11,04,1 11,05,0 11,05,1 12,03,0 12,04,0 F7
11,06,1 11,07,0 11,07,1 12,04,1 12,05,0 12,05,1 12,06,0 N7
09,02,1 10,01,1 10,02,0 10,02,1 11,00,1 11,01,0 11,01,1 M7
08,02,1 08,03,0 08,03,1 09,02,0 09,03,0 09,03,1 10,03,0 J7
06,03,1 06,04,1 07,02,1 07,03,0 07,03,1 07,04,0 08,02,0 Z7
05,05,0 05,05,1 06,05,0 06,05,1 07,04,1 07,05,0 08,04,0 R7
04,04,0 04,04,1 04,05,0 04,05,1 05,04,0 05,04,1 06,04,0 G7
03,13,1 04,12,1 04,13,0 04,13,1 04,14,0 04,14,1 04,15,0 P7
10,10,0 10,10,1 10,11,1 11,10,0 11,10,1 11,11,0 11,11,1 U7
10,09,1 11,08,0 11,08,1 11,09,0 11,09,1 12,08,0 12,09,0 B7
12,07,0 12,07,1 12,08,1 13,06,1 13,07,0 13,07,1 13,08,0 A7
07,13,0 07,13,1 08,12,1 08,13,0 09,11,1 09,12,0 10,11,0 L7
07,11,0 07,11,1 08,11,0 08,11,1 08,12,0 09,10,1 09,11,0 T7
05,11,0 05,11,1 05,12,0 05,12,1 05,13,0 05,13,1 05,14,0 I7
06,11,1 06,12,0 06,12,1 06,13,0 06,13,1 07,12,0 07,12,1 Y7
02,09,0 02,09,1 03,08,1 03,09,0 03,09,1 03,10,0 04,08,0 W7
02,11,1 03,10,1 03,11,0 03,11,1 03,12,0 04,11,0 04,11,1 X7
02,12,0 02,12,1 02,13,0 02,13,1 03,12,1 03,13,0 04,12,0 V7
02,07,1 02,08,0 02,08,1 03,06,1 03,07,0 04,06,0 04,06,1 C7
03,07,1 03,08,0 04,07,0 04,07,1 05,06,0 05,06,1 05,07,0 S7

                       /\
                      /  \
                     /   /\
            ________/   /  \________
           /    \      /   /   /    \
          /      \    /   /   /___   \
         /   /\   \  /   /       /\   \
________/___/  \___\/   /   ____/  \   \________
\       \          /   /\  /        \   \      /
 \       \    ____/___/  \/_______   \___\    /
  \      /\  /                    \  /       /
   \____/  \/                      \/_______/
   /       /                        \       \
  /___    /                          \    ___\
 /   /\   \                          /    \   \
/   /  \___\                        /______\   \
\   \       \                      /   /       /
 \   \____   \                    /   /___    /
  \      /   /                    \   \   \  /
   \____/___/___                ___\   \   \/
   /   /        \              /   /   /    \
  /   /_______   \            /   /   /___   \
 /        \   \   \          /    \  /    \   \
/__________\   \___\________/   ___\/   ___\___\
        \      /        \   \   \      /
         \    /   _______\   \___\    /
          \   \   \      /        \  /
           \___\___\    /__________\/
                    \      /
                     \    /
                      \  /
                       \/

solution 5 (3,805,666 searches):
00,11,1 01,10,1 01,11,0 01,11,1 02,10,0 02,10,1 02,11,0 D7
12,06,1 13,05,0 13,05,1 13,06,0 14,04,1 14,05,0 15,04,0 E7
12,04,1 13,02,1 13,03,0 13,03,1 13,04,0 13,04,1 14,04,0 T7
11,05,0 11,05,1 11,06,1 11,07,0 12,05,0 12,05,1 12,06,0 V7
04,04,0 04,04,1 04,05,0 05,04,0 05,04,1 06,03,1 06,04,0 Q7
04,13,1 04,14,0 04,14,1 04,15,0 05,13,1 05,14,0 06,13,0 G7
08,02,1 09,02,0 09,02,1 10,01,1 10,02,0 11,00,1 11,01,0 R7
07,02,1 07,03,0 07,03,1 07,04,0 07,04,1 07,05,0 08,02,0 L7
08,03,0 08,03,1 08,04,0 09,03,0 09,03,1 10,03,0 10,03,1 P7
10,02,1 11,01,1 11,02,0 11,02,1 11,03,0 11,03,1 12,02,0 X7
11,04,0 11,04,1 12,02,1 12,03,0 12,03,1 12,04,0 13,02,0 S7
10,09,1 10,10,0 10,10,1 11,10,0 11,10,1 11,11,0 11,11,1 N7
08,12,1 09,10,1 09,11,0 09,11,1 09,12,0 10,11,0 10,11,1 W7
06,12,1 06,13,1 07,12,0 07,12,1 07,13,0 07,13,1 08,13,0 Z7
06,11,1 06,12,0 07,11,0 07,11,1 08,11,0 08,11,1 08,12,0 C7
04,12,1 04,13,0 05,11,0 05,11,1 05,12,0 05,12,1 05,13,0 Y7
04,06,1 05,05,1 05,06,0 05,06,1 06,04,1 06,05,0 06,05,1 M7
02,07,1 02,08,0 03,06,1 03,07,0 04,05,1 04,06,0 05,05,0 I7
02,08,1 03,07,1 03,08,0 04,07,0 04,07,1 04,08,0 05,07,0 U7
02,09,0 02,09,1 03,08,1 03,09,0 03,09,1 03,10,0 03,10,1 H7
02,12,1 02,13,0 02,13,1 03,12,1 03,13,0 03,13,1 04,12,0 A7
02,11,1 02,12,0 03,11,0 03,11,1 03,12,0 04,11,0 04,11,1 F7
12,07,0 12,07,1 12,08,0 13,06,1 13,07,0 13,07,1 13,08,0 B7
11,07,1 11,08,0 11,08,1 11,09,0 11,09,1 12,08,1 12,09,0 J7

                       /\
                      /  \
                     /    \
            ________/      \________
           /       /\  /\   \       \
          /       /  \/  \___\    ___\
         /\  /\   \      /\      /\   \
________/  \/  \___\    /  \____/  \   \________
\       \          /   /\          /       /   /
 \       \________/___/  \________/   ____/   /
  \      /   /                    \  /       /
   \____/   /                      \/   ____/
   /       /                        \  /    \
  /___    /                          \/      \
 /\   \  /\                          /   /\  /\
/  \   \/  \                        /   /  \/  \
\   \       \                      /\  /       /
 \   \_______\                    /  \/___    /
  \   \      /                    \   \   \  /
   \   \    /___                ___\   \   \/
   /\   \      /\              /       /    \
  /  \___\    /  \            /_______/___   \
 /        \  /   /\          /    \       \   \
/_______   \/   /  \________/___   \    ___\___\
        \  /   /           /   /   /   /
         \/   /___________/   /   /   /
          \   \       \       \   \  /
           \___\____   \    ___\___\/
                    \   \  /
                     \   \/
                      \  /
                       \/

solution 6 (3,805,669 searches):
00,11,1 01,10,1 01,11,0 01,11,1 02,10,0 02,10,1 02,11,0 D7
12,06,1 13,05,0 13,05,1 13,06,0 14,04,1 14,05,0 15,04,0 E7
12,04,1 13,02,1 13,03,0 13,03,1 13,04,0 13,04,1 14,04,0 T7
11,05,0 11,05,1 11,06,1 11,07,0 12,05,0 12,05,1 12,06,0 V7
04,04,0 04,04,1 04,05,0 05,04,0 05,04,1 06,03,1 06,04,0 Q7
04,13,1 04,14,0 04,14,1 04,15,0 05,13,1 05,14,0 06,13,0 G7
08,02,1 09,02,0 09,02,1 10,01,1 10,02,0 11,00,1 11,01,0 R7
07,02,1 07,03,0 07,03,1 07,04,0 07,04,1 07,05,0 08,02,0 L7
08,03,0 08,03,1 08,04,0 09,03,0 09,03,1 10,03,0 10,03,1 P7
10,02,1 11,01,1 11,02,0 11,02,1 11,03,0 11,03,1 12,02,0 X7
11,04,0 11,04,1 12,02,1 12,03,0 12,03,1 12,04,0 13,02,0 S7
10,09,1 10,10,0 10,10,1 11,10,0 11,10,1 11,11,0 11,11,1 N7
08,12,1 09,10,1 09,11,0 09,11,1 09,12,0 10,11,0 10,11,1 W7
06,12,1 06,13,1 07,12,0 07,12,1 07,13,0 07,13,1 08,13,0 Z7
06,11,1 06,12,0 07,11,0 07,11,1 08,11,0 08,11,1 08,12,0 C7
04,12,1 04,13,0 05,11,0 05,11,1 05,12,0 05,12,1 05,13,0 Y7
04,06,1 05,05,1 05,06,0 05,06,1 06,04,1 06,05,0 06,05,1 M7
02,07,1 02,08,0 03,06,1 03,07,0 04,05,1 04,06,0 05,05,0 I7
02,08,1 03,07,1 03,08,0 04,07,0 04,07,1 04,08,0 05,07,0 U7
02,09,0 02,09,1 03,08,1 03,09,0 03,09,1 03,10,0 03,10,1 H7
02,13,0 02,13,1 03,12,0 03,12,1 03,13,0 03,13,1 04,12,0 B7
02,11,1 02,12,0 02,12,1 03,11,0 03,11,1 04,11,0 04,11,1 J7
12,07,0 12,07,1 12,08,1 13,06,1 13,07,0 13,07,1 13,08,0 A7
11,07,1 11,08,0 11,08,1 11,09,0 11,09,1 12,08,0 12,09,0 F7

                       /\
                      /  \
                     /    \
            ________/      \________
           /       /\  /\   \       \
          /___    /  \/  \___\    ___\
         /   /    \      /\      /\   \
________/   /______\    /  \____/  \   \________
\       \          /   /\          /       /   /
 \       \________/___/  \________/   ____/   /
  \      /   /                    \  /       /
   \____/   /                      \/   ____/
   /       /                        \  /    \
  /___    /                          \/   ___\
 /\   \  /\                          /    \   \
/  \   \/  \                        /   ___\   \
\   \       \                      /\  /       /
 \   \_______\                    /  \/___    /
  \   \      /                    \   \   \  /
   \   \    /___                ___\   \   \/
   /\   \      /\              /       /    \
  /  \___\    /  \            /_______/___   \
 /        \  /   /\          /    \       \   \
/_______   \/   /  \________/___   \    ___\___\
        \  /   /           /   /   /   /
         \/   /___________/   /   /   /
          \   \       \       \   \  /
           \___\____   \    ___\___\/
                    \   \  /
                     \   \/
                      \  /
                       \/

solution 7 (5,145,910 searches):
00,11,1 01,10,1 01,11,0 01,11,1 02,10,0 02,10,1 02,11,0 D7
13,04,0 13,04,1 13,05,1 14,04,0 14,04,1 14,05,0 15,04,0 G7
04,04,0 04,04,1 05,04,0 05,04,1 06,04,0 06,04,1 07,04,0 I7
06,03,1 07,02,1 07,03,0 07,03,1 08,02,0 08,02,1 09,02,0 U7
09,02,1 10,01,1 10,02,0 10,02,1 10,03,0 11,00,1 11,01,0 H7
07,04,1 07,05,0 08,03,0 08,03,1 08,04,0 09,03,0 09,03,1 T7
10,03,1 11,01,1 11,02,0 11,02,1 11,03,0 12,02,0 12,02,1 W7
12,03,0 12,03,1 12,04,0 13,02,0 13,02,1 13,03,0 13,03,1 B7
11,03,1 11,04,0 11,04,1 11,05,0 11,05,1 12,04,1 12,05,0 J7
11,06,1 11,07,0 11,07,1 12,05,1 12,06,0 12,06,1 13,05,0 F7
12,07,0 12,07,1 13,06,0 13,06,1 13,07,0 13,07,1 13,08,0 Y7
04,05,0 04,05,1 04,06,0 05,05,0 05,05,1 06,05,0 06,05,1 P7
03,13,1 04,13,0 04,13,1 04,14,0 04,14,1 04,15,0 05,14,0 Q7
10,09,1 11,08,0 11,08,1 11,09,0 12,08,0 12,08,1 12,09,0 A7
10,10,1 10,11,1 11,09,1 11,10,0 11,10,1 11,11,0 11,11,1 M7
07,11,0 07,11,1 08,11,0 08,11,1 09,10,1 09,11,0 10,10,0 R7
07,13,1 08,12,0 08,12,1 08,13,0 09,11,1 09,12,0 10,11,0 E7
06,11,1 06,12,0 06,12,1 06,13,1 07,12,0 07,12,1 07,13,0 S7
05,11,0 05,11,1 05,12,0 05,12,1 05,13,0 05,13,1 06,13,0 L7
02,13,1 03,12,0 03,12,1 03,13,0 04,11,1 04,12,0 04,12,1 X7
02,11,1 02,12,0 02,12,1 02,13,0 03,11,0 03,11,1 04,11,0 V7
02,08,1 02,09,0 02,09,1 03,09,0 03,09,1 03,10,0 03,10,1 N7
02,07,1 02,08,0 03,06,1 03,07,0 03,07,1 04,06,1 04,07,0 Z7
03,08,0 03,08,1 04,07,1 04,08,0 05,06,0 05,06,1 05,07,0 C7

                       /\
                      /  \
                     /    \
            ________/   ___\________
           /\   \      /    \   \   \
          /  \   \____/   ___\   \   \
         /   /       /   /       /    \
________/   /___    /   /   ____/___   \________
\       \       \  /   /\  /        \   \      /
 \       \_______\/___/  \/_______   \___\    /
  \      /   /                    \   \      /
   \____/   /                      \___\    /
   /       /                        \   \  /\
  /   ____/                          \   \/  \
 /\  /    \                          /       /\
/  \/___   \                        /_______/  \
\       \   \                      /   /       /
 \       \   \                    /   /___    /
  \  /\  /   /                    \      /   /
   \/  \/___/___                ___\    /___/
   /           /\              /    \   \   \
  /___________/  \            /      \___\   \
 /            \   \          /   /\  /        \
/______________\   \________/   /  \/__________\
        \      /       /\   \  /       /
         \    /_______/  \   \/___    /
          \       \      /       /   /
           \_______\    /   ____/___/
                    \   \  /
                     \   \/
                      \  /
                       \/

solution 8 (5,148,192 searches):
00,11,1 01,10,1 01,11,0 01,11,1 02,10,0 02,10,1 02,11,0 D7
13,04,0 13,04,1 13,05,1 14,04,0 14,04,1 14,05,0 15,04,0 G7
04,04,0 04,04,1 05,04,0 05,04,1 06,04,0 06,04,1 07,04,0 I7
06,03,1 07,02,1 07,03,0 07,03,1 08,02,0 08,02,1 09,02,0 U7
09,02,1 10,01,1 10,02,0 10,02,1 10,03,0 11,00,1 11,01,0 H7
07,04,1 07,05,0 08,03,0 08,03,1 08,04,0 09,03,0 09,03,1 T7
10,03,1 11,01,1 11,02,0 11,02,1 11,03,0 12,02,0 12,02,1 W7
12,03,1 12,04,0 12,04,1 13,02,0 13,02,1 13,03,0 13,03,1 Z7
11,03,1 11,04,0 11,04,1 11,05,0 11,05,1 12,03,0 12,05,0 C7
11,06,1 11,07,0 11,07,1 12,05,1 12,06,0 12,06,1 13,05,0 F7
12,07,0 12,07,1 13,06,0 13,06,1 13,07,0 13,07,1 13,08,0 Y7
04,05,0 04,05,1 04,06,0 05,05,0 05,05,1 06,05,0 06,05,1 P7
03,13,1 04,13,0 04,13,1 04,14,0 04,14,1 04,15,0 05,14,0 Q7
10,10,1 10,11,1 11,09,1 11,10,0 11,10,1 11,11,0 11,11,1 M7
10,09,1 11,08,0 11,08,1 11,09,0 12,08,0 12,08,1 12,09,0 A7
07,11,0 07,11,1 08,11,0 08,11,1 09,10,1 09,11,0 10,10,0 R7
07,13,1 08,12,0 08,12,1 08,13,0 09,11,1 09,12,0 10,11,0 E7
06,11,1 06,12,0 06,12,1 06,13,1 07,12,0 07,12,1 07,13,0 S7
05,11,0 05,11,1 05,12,0 05,12,1 05,13,0 05,13,1 06,13,0 L7
03,08,1 04,06,1 04,07,1 04,08,0 05,06,0 05,06,1 05,07,0 J7
02,07,1 02,08,0 03,06,1 03,07,0 03,07,1 03,08,0 04,07,0 B7
02,08,1 02,09,0 02,09,1 03,09,0 03,09,1 03,10,0 03,10,1 N7
02,11,1 02,12,0 02,12,1 02,13,0 03,11,0 03,11,1 04,11,0 V7
02,13,1 03,12,0 03,12,1 03,13,0 04,11,1 04,12,0 04,12,1 X7

                       /\
                      /  \
                     /    \
            ________/   ___\________
           /\   \      /    \   \   \
          /  \   \____/   ___\   \   \
         /   /       /   /       /    \
________/   /___    /   /   ____/___   \________
\       \       \  /   /\  /        \   \      /
 \       \_______\/___/  \/_______   \___\    /
  \      /   /                    \   \      /
   \____/   /                      \___\    /
   /       /                        \   \  /\
  /   ____/                          \   \/  \
 /\  /\   \                          /       /\
/  \/  \   \                        /_______/  \
\       \   \                      /   /       /
 \    ___\   \                    /   /___    /
  \  /\      /                    \      /   /
   \/  \____/___                ___\    /___/
   /           /\              /    \   \   \
  /___________/  \            /   ___\___\   \
 /            \   \          /   /   /        \
/______________\   \________/   /   /__________\
        \      /       /\   \   \      /
         \    /_______/  \   \___\    /
          \       \      /       /   /
           \_______\    /   ____/___/
                    \   \  /
                     \   \/
                      \  /
                       \/

solution 9 (5,214,314 searches):
00,11,1 01,10,1 01,11,0 01,11,1 02,10,0 02,10,1 02,11,0 D7
13,04,0 13,04,1 13,05,1 14,04,0 14,04,1 14,05,0 15,04,0 G7
04,04,0 04,04,1 05,04,0 05,04,1 06,04,0 06,04,1 07,04,0 I7
06,03,1 07,02,1 07,03,0 07,03,1 08,02,0 08,02,1 09,02,0 U7
09,02,1 10,01,1 10,02,0 10,02,1 11,00,1 11,01,0 11,01,1 M7
07,04,1 07,05,0 08,03,0 08,03,1 08,04,0 09,03,0 09,03,1 T7
03,13,1 04,13,0 04,13,1 04,14,0 04,14,1 04,15,0 05,14,0 Q7
10,10,0 10,10,1 11,09,1 11,10,0 11,10,1 11,11,0 11,11,1 H7
08,12,1 09,10,1 09,11,0 09,11,1 09,12,0 10,11,0 10,11,1 W7
10,09,1 11,08,0 11,08,1 11,09,0 12,08,0 12,08,1 12,09,0 A7
12,07,0 12,07,1 13,06,0 13,06,1 13,07,0 13,07,1 13,08,0 Y7
11,06,1 11,07,0 11,07,1 12,05,1 12,06,0 12,06,1 13,05,0 F7
06,13,1 07,12,0 07,12,1 07,13,0 07,13,1 08,12,0 08,13,0 B7
06,11,1 06,12,0 06,12,1 07,11,0 07,11,1 08,11,0 08,11,1 J7
05,11,0 05,11,1 05,12,0 05,12,1 05,13,0 05,13,1 06,13,0 L7
04,05,0 04,05,1 04,06,0 05,05,0 05,05,1 06,05,0 06,05,1 P7
10,03,0 10,03,1 11,03,0 11,03,1 11,04,0 11,04,1 11,05,0 R7
11,02,0 11,02,1 12,02,0 12,02,1 12,03,0 13,02,0 13,02,1 E7
11,05,1 12,03,1 12,04,0 12,04,1 12,05,0 13,03,0 13,03,1 S7
02,13,1 03,12,0 03,12,1 03,13,0 04,11,1 04,12,0 04,12,1 X7
02,11,1 02,12,0 02,12,1 02,13,0 03,11,0 03,11,1 04,11,0 V7
02,08,1 02,09,0 02,09,1 03,09,0 03,09,1 03,10,0 03,10,1 N7
02,07,1 02,08,0 03,06,1 03,07,0 03,07,1 04,06,1 04,07,0 Z7
03,08,0 03,08,1 04,07,1 04,08,0 05,06,0 05,06,1 05,07,0 C7

                       /\
                      /  \
                     /    \
            ________/   ___\________
           /\   \      /    \       \
          /  \   \____/   ___\    ___\
         /   /       /   /   /    \   \
________/   /___    /   /   /______\   \________
\       \       \  /   /\          /       /   /
 \       \_______\/___/  \________/   ____/   /
  \      /   /                    \  /       /
   \____/   /                      \/___    /
   /       /                        \   \  /\
  /   ____/                          \   \/  \
 /\  /    \                          /       /\
/  \/___   \                        /_______/  \
\       \   \                      /   /       /
 \       \   \                    /   /___    /
  \  /\  /   /                    \      /   /
   \/  \/___/___                ___\    /___/
   /           /\              /\   \   \   \
  /___________/  \            /  \   \___\   \
 /            \   \          /   /   /        \
/______________\   \________/   /   /__________\
        \      /       /       /\      /
         \    /_______/_______/  \____/
          \       \      /           /
           \_______\    /___________/
                    \      /
                     \    /
                      \  /
                       \/

solution 10 (5,214,353 searches):
00,11,1 01,10,1 01,11,0 01,11,1 02,10,0 02,10,1 02,11,0 D7
13,04,0 13,04,1 13,05,1 14,04,0 14,04,1 14,05,0 15,04,0 G7
04,04,0 04,04,1 05,04,0 05,04,1 06,04,0 06,04,1 07,04,0 I7
06,03,1 07,02,1 07,03,0 07,03,1 08,02,0 08,02,1 09,02,0 U7
09,02,1 10,01,1 10,02,0 10,02,1 11,00,1 11,01,0 11,01,1 M7
07,04,1 07,05,0 08,03,0 08,03,1 08,04,0 09,03,0 09,03,1 T7
03,13,1 04,13,0 04,13,1 04,14,0 04,14,1 04,15,0 05,14,0 Q7
10,10,0 10,10,1 11,09,1 11,10,0 11,10,1 11,11,0 11,11,1 H7
08,12,1 09,10,1 09,11,0 09,11,1 09,12,0 10,11,0 10,11,1 W7
10,09,1 11,08,0 11,08,1 11,09,0 12,08,0 12,08,1 12,09,0 A7
12,07,0 12,07,1 13,06,0 13,06,1 13,07,0 13,07,1 13,08,0 Y7
11,06,1 11,07,0 11,07,1 12,05,1 12,06,0 12,06,1 13,05,0 F7
06,12,1 06,13,1 07,12,0 07,12,1 07,13,0 07,13,1 08,13,0 Z7
06,11,1 06,12,0 07,11,0 07,11,1 08,11,0 08,11,1 08,12,0 C7
05,11,0 05,11,1 05,12,0 05,12,1 05,13,0 05,13,1 06,13,0 L7
04,05,0 04,05,1 04,06,0 05,05,0 05,05,1 06,05,0 06,05,1 P7
10,03,0 10,03,1 11,03,0 11,03,1 11,04,0 11,04,1 11,05,0 R7
11,02,0 11,02,1 12,02,0 12,02,1 12,03,0 13,02,0 13,02,1 E7
11,05,1 12,03,1 12,04,0 12,04,1 12,05,0 13,03,0 13,03,1 S7
03,08,1 04,06,1 04,07,1 04,08,0 05,06,0 05,06,1 05,07,0 J7
02,07,1 02,08,0 03,06,1 03,07,0 03,07,1 03,08,0 04,07,0 B7
02,08,1 02,09,0 02,09,1 03,09,0 03,09,1 03,10,0 03,10,1 N7
02,11,1 02,12,0 02,12,1 02,13,0 03,11,0 03,11,1 04,11,0 V7
02,13,1 03,12,0 03,12,1 03,13,0 04,11,1 04,12,0 04,12,1 X7

                       /\
                      /  \
                     /    \
            ________/   ___\________
           /\   \      /    \       \
          /  \   \____/   ___\    ___\
         /   /       /   /\      /\   \
________/   /___    /   /  \____/  \   \________
\       \       \  /   /\          /       /   /
 \       \_______\/___/  \________/   ____/   /
  \      /   /                    \  /       /
   \____/   /                      \/___    /
   /       /                        \   \  /\
  /   ____/                          \   \/  \
 /\  /\   \                          /       /\
/  \/  \   \                        /_______/  \
\       \   \                      /   /       /
 \    ___\   \                    /   /___    /
  \  /\      /                    \      /   /
   \/  \____/___                ___\    /___/
   /           /\              /\   \   \   \
  /___________/  \            /  \   \___\   \
 /            \   \          /   /   /        \
/______________\   \________/   /   /__________\
        \      /       /       /\      /
         \    /_______/_______/  \____/
          \       \      /           /
           \_______\    /___________/
                    \      /
                     \    /
                      \  /
                       \/

User-requested solution limit reached.
10 solutions, 5,214,353 searches, duration 1:39:52.444712
