solving HeptiamondsHexgridElongatedHexagon9x2:

solution 1 (3,747 searches):
00,03,1 00,04,0 00,04,1 01,03,1 01,04,0 01,04,1 02,03,0 A7
01,05,0 01,05,1 02,04,0 02,04,1 02,05,0 02,05,1 03,04,0 B7
02,06,0 02,06,1 03,06,0 03,06,1 03,07,0 04,06,0 04,06,1 E7
03,07,1 04,07,0 04,07,1 05,06,0 05,06,1 05,07,0 05,07,1 G7
04,08,0 04,08,1 05,08,0 05,08,1 05,09,0 05,09,1 06,08,0 H7
01,01,1 01,02,0 01,02,1 01,03,0 02,01,0 02,01,1 02,02,0 D7
03,00,1 03,01,0 04,00,0 04,00,1 04,01,0 04,01,1 04,02,0 J7
02,02,1 02,03,1 03,01,1 03,02,0 03,02,1 03,03,0 03,03,1 M7
05,01,0 05,01,1 05,02,0 05,02,1 05,03,0 05,03,1 05,04,0 I7
03,04,1 03,05,0 03,05,1 04,02,1 04,03,0 04,03,1 04,04,0 N7
05,04,1 06,02,0 06,02,1 06,03,0 06,03,1 06,04,0 07,03,0 T7
04,04,1 04,05,0 04,05,1 05,05,0 05,05,1 06,04,1 06,05,0 C7
06,05,1 07,03,1 07,04,0 07,04,1 07,05,0 08,04,0 08,04,1 W7
06,06,0 06,06,1 07,05,1 07,06,0 07,06,1 08,05,0 08,06,0 Y7
06,07,0 06,07,1 06,08,1 06,09,0 07,07,0 07,07,1 07,08,0 V7
08,05,1 08,06,1 09,05,0 09,05,1 09,06,0 09,06,1 10,06,0 Z7
06,09,1 07,08,1 07,09,0 08,07,0 08,07,1 08,08,0 09,07,0 P7
06,10,0 06,10,1 07,09,1 07,10,0 07,10,1 07,11,0 08,10,0 X7
08,08,1 08,09,0 08,09,1 09,07,1 09,08,0 10,06,1 10,07,0 L7
07,11,1 08,10,1 08,11,0 08,11,1 08,12,0 08,12,1 09,12,0 Q7
09,08,1 09,09,0 09,09,1 10,07,1 10,08,0 10,08,1 11,07,0 F7
11,07,1 11,08,0 11,08,1 11,09,1 12,08,0 12,08,1 12,09,0 S7
09,10,0 09,10,1 09,11,0 09,11,1 10,11,0 10,11,1 11,11,0 R7
10,09,0 10,09,1 10,10,0 10,10,1 11,09,0 11,10,0 11,10,1 U7

                                                  ____
                                                 /    \
                                            ____/   ___\____
                                           /\      /        \
                                      ____/  \    /   _______\
                                     /        \  /   /       /
                                ____/___    ___\/___/   ____/
                               /   /\   \  /   /   /    \   \
                          ____/   /  \   \/   /   /______\   \
                         /        \   \   \   \      /       /
                    ____/__________\   \   \   \    /   ____/
                   /\          /       /    \   \   \  /
              ____/  \____    /_______/______\   \___\/
             /           /   /        \       \  /
        ____/___________/___/___    ___\    ___\/
       /       /   /        \   \   \      /
  ____/___    /   /   ____   \   \___\____/
 /       /    \   \  /\   \  /       /
/       /______\   \/  \   \/   ____/
\  /\   \      /   /   /    \  /
 \/  \___\    /   /   /   ___\/
 /    \      /\  /   /   /
/      \    /  \/   /___/
\      /\  /   /   /
 \____/  \/   /___/
      \      /
       \____/

solution 2 (3,754 searches):
00,03,1 00,04,0 00,04,1 01,03,1 01,04,0 01,04,1 02,03,0 A7
01,05,0 01,05,1 02,04,0 02,04,1 02,05,0 02,05,1 03,04,0 B7
02,06,0 02,06,1 03,06,0 03,06,1 03,07,0 04,06,0 04,06,1 E7
03,07,1 04,07,0 04,07,1 05,06,0 05,06,1 05,07,0 05,07,1 G7
04,08,0 04,08,1 05,08,0 05,08,1 05,09,0 05,09,1 06,08,0 H7
01,01,1 01,02,0 01,02,1 01,03,0 02,01,0 02,01,1 02,02,0 D7
03,00,1 03,01,0 04,00,0 04,00,1 04,01,0 04,01,1 04,02,0 J7
02,02,1 02,03,1 03,01,1 03,02,0 03,02,1 03,03,0 03,03,1 M7
05,01,0 05,01,1 05,02,0 05,02,1 05,03,0 05,03,1 05,04,0 I7
03,04,1 03,05,0 03,05,1 04,02,1 04,03,0 04,03,1 04,04,0 N7
05,04,1 06,02,0 06,02,1 06,03,0 06,03,1 06,04,0 07,03,0 T7
04,04,1 04,05,0 04,05,1 05,05,0 05,05,1 06,04,1 06,05,0 C7
06,05,1 07,03,1 07,04,0 07,04,1 07,05,0 08,04,0 08,04,1 W7
06,06,0 06,06,1 07,05,1 07,06,0 07,06,1 08,05,0 08,06,0 Y7
06,07,0 06,07,1 06,08,1 06,09,0 07,07,0 07,07,1 07,08,0 V7
08,05,1 08,06,1 09,05,0 09,05,1 09,06,0 09,06,1 10,06,0 Z7
06,09,1 07,08,1 07,09,0 08,07,0 08,07,1 08,08,0 09,07,0 P7
06,10,0 06,10,1 07,09,1 07,10,0 07,10,1 07,11,0 08,10,0 X7
08,08,1 08,09,0 08,09,1 09,07,1 09,08,0 10,06,1 10,07,0 L7
07,11,1 08,10,1 08,11,0 08,11,1 08,12,0 08,12,1 09,12,0 Q7
09,08,1 09,09,0 09,09,1 09,10,0 10,07,1 10,08,0 11,07,0 R7
10,08,1 10,09,0 10,09,1 10,10,0 11,07,1 11,08,0 11,09,0 U7
11,08,1 11,09,1 11,10,0 11,10,1 12,08,0 12,08,1 12,09,0 S7
09,10,1 09,11,0 09,11,1 10,10,1 10,11,0 10,11,1 11,11,0 F7

                                                  ____
                                                 /    \
                                            ____/   ___\____
                                           /\      /        \
                                      ____/  \    /       ___\
                                     /        \  /\  /\  /   /
                                ____/___    ___\/  \/  \/   /
                               /   /\   \  /   /   /    \   \
                          ____/   /  \   \/   /   /   ___\   \
                         /        \   \   \   \   \   \      /
                    ____/__________\   \   \   \   \   \____/
                   /\          /       /    \   \   \  /
              ____/  \____    /_______/______\   \___\/
             /           /   /        \       \  /
        ____/___________/___/___    ___\    ___\/
       /       /   /        \   \   \      /
  ____/___    /   /   ____   \   \___\____/
 /       /    \   \  /\   \  /       /
/       /______\   \/  \   \/   ____/
\  /\   \      /   /   /    \  /
 \/  \___\    /   /   /   ___\/
 /    \      /\  /   /   /
/      \    /  \/   /___/
\      /\  /   /   /
 \____/  \/   /___/
      \      /
       \____/

solution 3 (4,148 searches):
00,03,1 00,04,0 00,04,1 01,03,1 01,04,0 01,04,1 02,03,0 A7
01,05,0 01,05,1 02,04,0 02,04,1 02,05,0 02,05,1 03,04,0 B7
02,06,0 02,06,1 03,06,0 03,06,1 03,07,0 04,06,0 04,06,1 E7
03,07,1 04,07,0 04,07,1 05,06,0 05,06,1 05,07,0 05,07,1 G7
04,08,0 04,08,1 05,08,0 05,08,1 05,09,0 05,09,1 06,08,0 H7
01,01,1 01,02,0 01,02,1 01,03,0 02,01,0 02,01,1 02,02,0 D7
03,00,1 03,01,0 04,00,0 04,00,1 04,01,0 04,01,1 04,02,0 J7
02,02,1 02,03,1 03,01,1 03,02,0 03,02,1 03,03,0 03,03,1 M7
05,01,0 05,01,1 05,02,0 05,02,1 05,03,0 05,03,1 05,04,0 I7
03,04,1 03,05,0 03,05,1 04,02,1 04,03,0 04,03,1 04,04,0 N7
05,04,1 06,02,0 06,02,1 06,03,0 06,03,1 06,04,0 07,03,0 T7
04,04,1 04,05,0 04,05,1 05,05,0 05,05,1 06,04,1 06,05,0 C7
06,05,1 07,03,1 07,04,0 07,04,1 07,05,0 08,04,0 08,04,1 W7
06,06,0 06,06,1 07,05,1 07,06,0 07,06,1 08,05,0 08,05,1 Z7
06,07,0 06,07,1 06,08,1 06,09,0 07,07,0 07,07,1 07,08,0 V7
08,06,0 08,06,1 09,05,0 09,05,1 09,06,0 09,06,1 10,06,0 Y7
06,09,1 07,08,1 07,09,0 08,07,0 08,07,1 08,08,0 09,07,0 P7
06,10,0 06,10,1 07,09,1 07,10,0 07,10,1 07,11,0 08,10,0 X7
08,08,1 08,09,0 08,09,1 09,07,1 09,08,0 10,06,1 10,07,0 L7
07,11,1 08,10,1 08,11,0 08,11,1 08,12,0 08,12,1 09,12,0 Q7
09,08,1 09,09,0 09,09,1 10,07,1 10,08,0 10,08,1 11,07,0 F7
11,07,1 11,08,0 11,08,1 11,09,1 12,08,0 12,08,1 12,09,0 S7
09,10,0 09,10,1 09,11,0 09,11,1 10,11,0 10,11,1 11,11,0 R7
10,09,0 10,09,1 10,10,0 10,10,1 11,09,0 11,10,0 11,10,1 U7

                                                  ____
                                                 /    \
                                            ____/   ___\____
                                           /\      /        \
                                      ____/  \    /   _______\
                                     /        \  /   /       /
                                ____/___    ___\/___/   ____/
                               /   /\   \  /   /   /    \   \
                          ____/   /  \   \/   /   /______\   \
                         /        \   \   \   \      /       /
                    ____/__________\   \   \   \    /   ____/
                   /\          /       /    \   \   \  /
              ____/  \____    /_______/______\   \___\/
             /           /   /       /        \  /
        ____/___________/___/___    /___    ___\/
       /       /   /        \   \      /   /
  ____/___    /   /   ____   \   \____/___/
 /       /    \   \  /\   \  /       /
/       /______\   \/  \   \/   ____/
\  /\   \      /   /   /    \  /
 \/  \___\    /   /   /   ___\/
 /    \      /\  /   /   /
/      \    /  \/   /___/
\      /\  /   /   /
 \____/  \/   /___/
      \      /
       \____/

solution 4 (4,155 searches):
00,03,1 00,04,0 00,04,1 01,03,1 01,04,0 01,04,1 02,03,0 A7
01,05,0 01,05,1 02,04,0 02,04,1 02,05,0 02,05,1 03,04,0 B7
02,06,0 02,06,1 03,06,0 03,06,1 03,07,0 04,06,0 04,06,1 E7
03,07,1 04,07,0 04,07,1 05,06,0 05,06,1 05,07,0 05,07,1 G7
04,08,0 04,08,1 05,08,0 05,08,1 05,09,0 05,09,1 06,08,0 H7
01,01,1 01,02,0 01,02,1 01,03,0 02,01,0 02,01,1 02,02,0 D7
03,00,1 03,01,0 04,00,0 04,00,1 04,01,0 04,01,1 04,02,0 J7
02,02,1 02,03,1 03,01,1 03,02,0 03,02,1 03,03,0 03,03,1 M7
05,01,0 05,01,1 05,02,0 05,02,1 05,03,0 05,03,1 05,04,0 I7
03,04,1 03,05,0 03,05,1 04,02,1 04,03,0 04,03,1 04,04,0 N7
05,04,1 06,02,0 06,02,1 06,03,0 06,03,1 06,04,0 07,03,0 T7
04,04,1 04,05,0 04,05,1 05,05,0 05,05,1 06,04,1 06,05,0 C7
06,05,1 07,03,1 07,04,0 07,04,1 07,05,0 08,04,0 08,04,1 W7
06,06,0 06,06,1 07,05,1 07,06,0 07,06,1 08,05,0 08,05,1 Z7
06,07,0 06,07,1 06,08,1 06,09,0 07,07,0 07,07,1 07,08,0 V7
08,06,0 08,06,1 09,05,0 09,05,1 09,06,0 09,06,1 10,06,0 Y7
06,09,1 07,08,1 07,09,0 08,07,0 08,07,1 08,08,0 09,07,0 P7
06,10,0 06,10,1 07,09,1 07,10,0 07,10,1 07,11,0 08,10,0 X7
08,08,1 08,09,0 08,09,1 09,07,1 09,08,0 10,06,1 10,07,0 L7
07,11,1 08,10,1 08,11,0 08,11,1 08,12,0 08,12,1 09,12,0 Q7
09,08,1 09,09,0 09,09,1 09,10,0 10,07,1 10,08,0 11,07,0 R7
10,08,1 10,09,0 10,09,1 10,10,0 11,07,1 11,08,0 11,09,0 U7
11,08,1 11,09,1 11,10,0 11,10,1 12,08,0 12,08,1 12,09,0 S7
09,10,1 09,11,0 09,11,1 10,10,1 10,11,0 10,11,1 11,11,0 F7

                                                  ____
                                                 /    \
                                            ____/   ___\____
                                           /\      /        \
                                      ____/  \    /       ___\
                                     /        \  /\  /\  /   /
                                ____/___    ___\/  \/  \/   /
                               /   /\   \  /   /   /    \   \
                          ____/   /  \   \/   /   /   ___\   \
                         /        \   \   \   \   \   \      /
                    ____/__________\   \   \   \   \   \____/
                   /\          /       /    \   \   \  /
              ____/  \____    /_______/______\   \___\/
             /           /   /       /        \  /
        ____/___________/___/___    /___    ___\/
       /       /   /        \   \      /   /
  ____/___    /   /   ____   \   \____/___/
 /       /    \   \  /\   \  /       /
/       /______\   \/  \   \/   ____/
\  /\   \      /   /   /    \  /
 \/  \___\    /   /   /   ___\/
 /    \      /\  /   /   /
/      \    /  \/   /___/
\      /\  /   /   /
 \____/  \/   /___/
      \      /
       \____/

solution 5 (11,030 searches):
00,03,1 00,04,0 00,04,1 01,03,1 01,04,0 01,04,1 02,03,0 A7
01,05,0 01,05,1 02,04,0 02,04,1 02,05,0 02,05,1 03,04,0 B7
02,06,0 02,06,1 03,06,0 03,06,1 03,07,0 04,06,0 04,06,1 E7
03,07,1 04,07,0 04,07,1 05,06,0 05,06,1 05,07,0 05,07,1 G7
04,08,0 04,08,1 05,08,0 05,08,1 05,09,0 05,09,1 06,08,0 H7
01,01,1 01,02,0 01,02,1 01,03,0 02,01,0 02,01,1 02,02,0 D7
03,00,1 03,01,0 04,00,0 04,00,1 04,01,0 04,01,1 04,02,0 J7
02,02,1 02,03,1 03,01,1 03,02,0 03,02,1 03,03,0 03,03,1 M7
05,01,0 05,01,1 05,02,0 05,02,1 05,03,0 05,03,1 05,04,0 I7
03,04,1 03,05,0 03,05,1 04,02,1 04,03,0 04,03,1 04,04,0 N7
05,04,1 06,02,0 06,02,1 06,03,0 06,03,1 06,04,0 07,03,0 T7
04,04,1 04,05,0 04,05,1 05,05,0 05,05,1 06,05,0 06,05,1 L7
06,04,1 07,03,1 07,04,0 07,04,1 07,05,0 08,04,0 08,04,1 X7
06,06,0 06,06,1 06,07,0 06,07,1 07,06,1 07,07,0 08,06,0 V7
07,05,1 07,06,0 08,05,0 08,05,1 09,05,0 09,05,1 09,06,0 C7
08,06,1 08,07,0 08,07,1 09,06,1 09,07,0 10,06,0 10,06,1 S7
06,08,1 06,09,0 06,09,1 06,10,0 07,07,1 07,08,0 07,08,1 U7
06,10,1 07,10,0 07,10,1 07,11,0 07,11,1 08,10,0 08,10,1 Y7
07,09,0 07,09,1 08,08,0 08,08,1 08,09,0 09,07,1 09,08,0 F7
08,11,0 08,11,1 08,12,0 08,12,1 09,10,0 09,10,1 09,11,0 Z7
09,11,1 09,12,0 10,10,0 10,10,1 10,11,0 10,11,1 11,11,0 W7
09,09,1 10,09,0 10,09,1 11,09,0 11,09,1 11,10,0 11,10,1 R7
08,09,1 09,08,1 09,09,0 10,07,0 10,07,1 10,08,0 11,07,0 P7
10,08,1 11,07,1 11,08,0 11,08,1 12,08,0 12,08,1 12,09,0 Q7

                                                  ____
                                                 /   /\
                                            ____/   /  \____
                                           /   /    \       \
                                      ____/   /___   \    ___\
                                     /\          /   /   /   /
                                ____/  \________/___/___/   /
                               /   /   /    \   \          /\
                          ____/   /   /___   \   \________/  \
                         /        \      /    \   \          /
                    ____/__________\    /___   \   \    ____/
                   /\          /    \  /    \  /    \  /
              ____/  \____    /      \/      \/______\/
             /           /   /   /\   \  /\      /
        ____/___________/___/___/  \___\/  \____/
       /       /   /           /\          /
  ____/___    /   /   ________/  \________/
 /       /    \   \  /\   \          /
/       /______\   \/  \   \    ____/
\  /\   \      /   /   /    \  /
 \/  \___\    /   /   /   ___\/
 /    \      /\  /   /   /
/      \    /  \/   /___/
\      /\  /   /   /
 \____/  \/   /___/
      \      /
       \____/

solution 6 (43,715 searches):
00,03,1 00,04,0 00,04,1 01,03,1 01,04,0 01,04,1 02,03,0 A7
01,05,0 01,05,1 02,04,0 02,04,1 02,05,0 02,05,1 03,04,0 B7
02,06,0 02,06,1 03,06,0 03,06,1 03,07,0 04,06,0 04,06,1 E7
03,07,1 04,07,0 04,07,1 05,06,0 05,06,1 05,07,0 05,07,1 G7
04,08,0 04,08,1 05,08,0 05,08,1 05,09,0 05,09,1 06,08,0 H7
01,01,1 01,02,0 01,02,1 01,03,0 02,01,0 02,01,1 02,02,0 D7
03,00,1 03,01,0 04,00,0 04,00,1 04,01,0 04,01,1 04,02,0 J7
02,02,1 02,03,1 03,01,1 03,02,0 03,02,1 03,03,0 03,03,1 M7
04,02,1 04,03,0 04,03,1 04,04,0 05,01,0 05,01,1 05,02,0 N7
03,04,1 03,05,0 03,05,1 04,05,0 04,05,1 05,05,0 05,05,1 L7
04,04,1 05,02,1 05,03,0 05,03,1 05,04,0 06,02,0 06,02,1 S7
05,04,1 06,03,0 06,03,1 06,04,0 06,04,1 06,05,0 07,03,0 X7
06,05,1 07,03,1 07,04,0 07,04,1 07,05,0 08,04,0 08,04,1 W7
06,06,0 06,06,1 07,05,1 07,06,0 07,06,1 08,05,0 08,06,0 Y7
08,05,1 08,06,1 09,05,0 09,05,1 09,06,0 09,06,1 10,06,0 Z7
06,07,0 06,07,1 06,08,1 06,09,0 07,07,0 07,07,1 07,08,0 V7
06,10,0 06,10,1 07,10,0 07,10,1 07,11,0 08,09,1 08,10,0 T7
06,09,1 07,08,1 07,09,0 08,07,0 08,07,1 08,08,0 09,07,0 P7
07,09,1 08,08,1 08,09,0 09,07,1 09,08,0 10,06,1 10,07,0 I7
07,11,1 08,10,1 08,11,0 08,11,1 08,12,0 08,12,1 09,12,0 Q7
09,08,1 09,09,0 09,09,1 10,07,1 10,08,0 11,07,0 11,07,1 C7
10,08,1 11,08,0 11,08,1 11,09,0 12,08,0 12,08,1 12,09,0 F7
09,10,0 09,10,1 09,11,0 09,11,1 10,11,0 10,11,1 11,11,0 R7
10,09,0 10,09,1 10,10,0 10,10,1 11,09,1 11,10,0 11,10,1 U7

                                                  ____
                                                 /    \
                                            ____/   ___\____
                                           /\      /        \
                                      ____/  \    /   _______\
                                     /        \  /   /       /
                                ____/_______   \/___/       /
                               /   /\   \   \  /   /   /\  /\
                          ____/   /  \   \   \/   /___/  \/  \
                         /        \   \   \   \   \          /
                    ____/__________\   \   \   \   \________/
                   /\          /       /    \   \      /
              ____/  \____    /_______/______\   \____/
             /           /   /        \       \  /
        ____/___________/___/___    ___\    ___\/
       /       /           /\   \   \      /
  ____/___    /   ________/  \   \___\____/
 /       /    \  /\   \      /       /
/       /______\/  \   \    /   ____/
\  /\   \      /   /   /    \  /
 \/  \___\    /   /   /______\/
 /    \      /\   \      /
/      \    /  \   \____/
\      /\  /   /   /
 \____/  \/   /___/
      \      /
       \____/

solution 7 (43,723 searches):
00,03,1 00,04,0 00,04,1 01,03,1 01,04,0 01,04,1 02,03,0 A7
01,05,0 01,05,1 02,04,0 02,04,1 02,05,0 02,05,1 03,04,0 B7
02,06,0 02,06,1 03,06,0 03,06,1 03,07,0 04,06,0 04,06,1 E7
03,07,1 04,07,0 04,07,1 05,06,0 05,06,1 05,07,0 05,07,1 G7
04,08,0 04,08,1 05,08,0 05,08,1 05,09,0 05,09,1 06,08,0 H7
01,01,1 01,02,0 01,02,1 01,03,0 02,01,0 02,01,1 02,02,0 D7
03,00,1 03,01,0 04,00,0 04,00,1 04,01,0 04,01,1 04,02,0 J7
02,02,1 02,03,1 03,01,1 03,02,0 03,02,1 03,03,0 03,03,1 M7
04,02,1 04,03,0 04,03,1 04,04,0 05,01,0 05,01,1 05,02,0 N7
03,04,1 03,05,0 03,05,1 04,05,0 04,05,1 05,05,0 05,05,1 L7
04,04,1 05,02,1 05,03,0 05,03,1 05,04,0 06,02,0 06,02,1 S7
05,04,1 06,03,0 06,03,1 06,04,0 06,04,1 06,05,0 07,03,0 X7
06,05,1 07,03,1 07,04,0 07,04,1 07,05,0 08,04,0 08,04,1 W7
06,06,0 06,06,1 07,05,1 07,06,0 07,06,1 08,05,0 08,06,0 Y7
08,05,1 08,06,1 09,05,0 09,05,1 09,06,0 09,06,1 10,06,0 Z7
06,07,0 06,07,1 06,08,1 06,09,0 07,07,0 07,07,1 07,08,0 V7
06,10,0 06,10,1 07,10,0 07,10,1 07,11,0 08,09,1 08,10,0 T7
06,09,1 07,08,1 07,09,0 08,07,0 08,07,1 08,08,0 09,07,0 P7
07,09,1 08,08,1 08,09,0 09,07,1 09,08,0 10,06,1 10,07,0 I7
07,11,1 08,10,1 08,11,0 08,11,1 08,12,0 08,12,1 09,12,0 Q7
09,08,1 09,09,0 09,09,1 09,10,0 10,07,1 10,08,0 11,07,0 R7
10,08,1 10,09,0 10,09,1 10,10,0 11,07,1 11,08,0 11,08,1 U7
10,10,1 11,09,0 11,09,1 11,10,0 12,08,0 12,08,1 12,09,0 F7
09,10,1 09,11,0 09,11,1 10,11,0 10,11,1 11,10,1 11,11,0 C7

                                                  ____
                                                 /    \
                                            ____/   ___\____
                                           /\      /        \
                                      ____/  \    /   ____   \
                                     /        \  /\  /\   \  /
                                ____/_______   \/  \/  \   \/
                               /   /\   \   \  /   /   /    \
                          ____/   /  \   \   \/   /   /___   \
                         /        \   \   \   \   \      /   /
                    ____/__________\   \   \   \   \    /___/
                   /\          /       /    \   \   \  /
              ____/  \____    /_______/______\   \___\/
             /           /   /        \       \  /
        ____/___________/___/___    ___\    ___\/
       /       /           /\   \   \      /
  ____/___    /   ________/  \   \___\____/
 /       /    \  /\   \      /       /
/       /______\/  \   \    /   ____/
\  /\   \      /   /   /    \  /
 \/  \___\    /   /   /______\/
 /    \      /\   \      /
/      \    /  \   \____/
\      /\  /   /   /
 \____/  \/   /___/
      \      /
       \____/

solution 8 (44,002 searches):
00,03,1 00,04,0 00,04,1 01,03,1 01,04,0 01,04,1 02,03,0 A7
01,05,0 01,05,1 02,04,0 02,04,1 02,05,0 02,05,1 03,04,0 B7
02,06,0 02,06,1 03,06,0 03,06,1 03,07,0 04,06,0 04,06,1 E7
03,07,1 04,07,0 04,07,1 05,06,0 05,06,1 05,07,0 05,07,1 G7
04,08,0 04,08,1 05,08,0 05,08,1 05,09,0 05,09,1 06,08,0 H7
01,01,1 01,02,0 01,02,1 01,03,0 02,01,0 02,01,1 02,02,0 D7
03,00,1 03,01,0 04,00,0 04,00,1 04,01,0 04,01,1 04,02,0 J7
02,02,1 02,03,1 03,01,1 03,02,0 03,02,1 03,03,0 03,03,1 M7
04,02,1 04,03,0 04,03,1 04,04,0 05,01,0 05,01,1 05,02,0 N7
03,04,1 03,05,0 03,05,1 04,05,0 04,05,1 05,05,0 05,05,1 L7
04,04,1 05,02,1 05,03,0 05,03,1 05,04,0 06,02,0 06,02,1 S7
05,04,1 06,03,0 06,03,1 06,04,0 06,04,1 06,05,0 07,03,0 X7
06,05,1 07,03,1 07,04,0 07,04,1 07,05,0 08,04,0 08,04,1 W7
06,06,0 06,06,1 07,05,1 07,06,0 07,06,1 08,05,0 08,05,1 Z7
06,07,0 06,07,1 06,08,1 06,09,0 07,07,0 07,07,1 07,08,0 V7
08,06,0 08,06,1 09,05,0 09,05,1 09,06,0 09,06,1 10,06,0 Y7
06,10,0 06,10,1 07,10,0 07,10,1 07,11,0 08,09,1 08,10,0 T7
06,09,1 07,08,1 07,09,0 08,07,0 08,07,1 08,08,0 09,07,0 P7
07,09,1 08,08,1 08,09,0 09,07,1 09,08,0 10,06,1 10,07,0 I7
07,11,1 08,10,1 08,11,0 08,11,1 08,12,0 08,12,1 09,12,0 Q7
09,08,1 09,09,0 09,09,1 10,07,1 10,08,0 11,07,0 11,07,1 C7
10,08,1 11,08,0 11,08,1 11,09,0 12,08,0 12,08,1 12,09,0 F7
09,10,0 09,10,1 09,11,0 09,11,1 10,11,0 10,11,1 11,11,0 R7
10,09,0 10,09,1 10,10,0 10,10,1 11,09,1 11,10,0 11,10,1 U7

                                                  ____
                                                 /    \
                                            ____/   ___\____
                                           /\      /        \
                                      ____/  \    /   _______\
                                     /        \  /   /       /
                                ____/_______   \/___/       /
                               /   /\   \   \  /   /   /\  /\
                          ____/   /  \   \   \/   /___/  \/  \
                         /        \   \   \   \   \          /
                    ____/__________\   \   \   \   \________/
                   /\          /       /    \   \      /
              ____/  \____    /_______/______\   \____/
             /           /   /       /        \  /
        ____/___________/___/___    /___    ___\/
       /       /           /\   \      /   /
  ____/___    /   ________/  \   \____/___/
 /       /    \  /\   \      /       /
/       /______\/  \   \    /   ____/
\  /\   \      /   /   /    \  /
 \/  \___\    /   /   /______\/
 /    \      /\   \      /
/      \    /  \   \____/
\      /\  /   /   /
 \____/  \/   /___/
      \      /
       \____/

solution 9 (44,010 searches):
00,03,1 00,04,0 00,04,1 01,03,1 01,04,0 01,04,1 02,03,0 A7
01,05,0 01,05,1 02,04,0 02,04,1 02,05,0 02,05,1 03,04,0 B7
02,06,0 02,06,1 03,06,0 03,06,1 03,07,0 04,06,0 04,06,1 E7
03,07,1 04,07,0 04,07,1 05,06,0 05,06,1 05,07,0 05,07,1 G7
04,08,0 04,08,1 05,08,0 05,08,1 05,09,0 05,09,1 06,08,0 H7
01,01,1 01,02,0 01,02,1 01,03,0 02,01,0 02,01,1 02,02,0 D7
03,00,1 03,01,0 04,00,0 04,00,1 04,01,0 04,01,1 04,02,0 J7
02,02,1 02,03,1 03,01,1 03,02,0 03,02,1 03,03,0 03,03,1 M7
04,02,1 04,03,0 04,03,1 04,04,0 05,01,0 05,01,1 05,02,0 N7
03,04,1 03,05,0 03,05,1 04,05,0 04,05,1 05,05,0 05,05,1 L7
04,04,1 05,02,1 05,03,0 05,03,1 05,04,0 06,02,0 06,02,1 S7
05,04,1 06,03,0 06,03,1 06,04,0 06,04,1 06,05,0 07,03,0 X7
06,05,1 07,03,1 07,04,0 07,04,1 07,05,0 08,04,0 08,04,1 W7
06,06,0 06,06,1 07,05,1 07,06,0 07,06,1 08,05,0 08,05,1 Z7
06,07,0 06,07,1 06,08,1 06,09,0 07,07,0 07,07,1 07,08,0 V7
08,06,0 08,06,1 09,05,0 09,05,1 09,06,0 09,06,1 10,06,0 Y7
06,10,0 06,10,1 07,10,0 07,10,1 07,11,0 08,09,1 08,10,0 T7
06,09,1 07,08,1 07,09,0 08,07,0 08,07,1 08,08,0 09,07,0 P7
07,09,1 08,08,1 08,09,0 09,07,1 09,08,0 10,06,1 10,07,0 I7
07,11,1 08,10,1 08,11,0 08,11,1 08,12,0 08,12,1 09,12,0 Q7
09,08,1 09,09,0 09,09,1 09,10,0 10,07,1 10,08,0 11,07,0 R7
10,08,1 10,09,0 10,09,1 10,10,0 11,07,1 11,08,0 11,08,1 U7
10,10,1 11,09,0 11,09,1 11,10,0 12,08,0 12,08,1 12,09,0 F7
09,10,1 09,11,0 09,11,1 10,11,0 10,11,1 11,10,1 11,11,0 C7

                                                  ____
                                                 /    \
                                            ____/   ___\____
                                           /\      /        \
                                      ____/  \    /   ____   \
                                     /        \  /\  /\   \  /
                                ____/_______   \/  \/  \   \/
                               /   /\   \   \  /   /   /    \
                          ____/   /  \   \   \/   /   /___   \
                         /        \   \   \   \   \      /   /
                    ____/__________\   \   \   \   \    /___/
                   /\          /       /    \   \   \  /
              ____/  \____    /_______/______\   \___\/
             /           /   /       /        \  /
        ____/___________/___/___    /___    ___\/
       /       /           /\   \      /   /
  ____/___    /   ________/  \   \____/___/
 /       /    \  /\   \      /       /
/       /______\/  \   \    /   ____/
\  /\   \      /   /   /    \  /
 \/  \___\    /   /   /______\/
 /    \      /\   \      /
/      \    /  \   \____/
\      /\  /   /   /
 \____/  \/   /___/
      \      /
       \____/

solution 10 (56,887 searches):
00,03,1 00,04,0 00,04,1 01,03,1 01,04,0 01,04,1 02,03,0 A7
01,05,0 01,05,1 02,04,0 02,04,1 02,05,0 02,05,1 03,04,0 B7
02,06,0 02,06,1 03,06,0 03,06,1 03,07,0 04,06,0 04,06,1 E7
03,07,1 04,07,0 04,07,1 05,06,0 05,06,1 05,07,0 05,07,1 G7
04,08,0 04,08,1 05,08,0 05,08,1 05,09,0 05,09,1 06,08,0 H7
01,01,1 01,02,0 01,02,1 01,03,0 02,01,0 02,01,1 02,02,0 D7
03,00,1 03,01,0 04,00,0 04,00,1 04,01,0 04,01,1 04,02,0 J7
02,02,1 02,03,1 03,01,1 03,02,0 03,02,1 03,03,0 03,03,1 M7
04,02,1 04,03,0 04,03,1 05,01,0 05,01,1 05,02,0 05,03,0 S7
05,02,1 05,03,1 06,02,0 06,02,1 06,03,0 06,03,1 07,03,0 Z7
03,04,1 03,05,0 04,04,0 04,04,1 05,04,0 05,04,1 06,04,0 L7
03,05,1 04,05,0 04,05,1 05,05,0 05,05,1 06,05,0 06,05,1 I7
06,04,1 07,03,1 07,04,0 07,04,1 07,05,0 08,04,0 08,04,1 X7
06,06,0 06,06,1 06,07,0 06,07,1 07,06,1 07,07,0 08,06,0 V7
07,05,1 07,06,0 08,05,0 08,05,1 09,05,0 09,05,1 09,06,0 C7
07,08,1 08,06,1 08,07,0 08,07,1 08,08,0 09,07,0 09,07,1 W7
06,08,1 06,09,0 06,09,1 06,10,0 06,10,1 07,07,1 07,08,0 R7
09,06,1 10,06,0 10,06,1 10,07,0 10,07,1 10,08,0 11,07,0 Q7
07,09,0 07,09,1 07,10,0 07,10,1 08,08,1 08,09,0 09,08,0 T7
07,11,0 07,11,1 08,10,0 08,10,1 08,11,0 08,11,1 08,12,0 Y7
08,12,1 09,11,1 09,12,0 10,11,0 10,11,1 11,10,1 11,11,0 N7
08,09,1 09,08,1 09,09,0 09,09,1 09,10,0 09,10,1 09,11,0 P7
10,08,1 10,09,0 10,09,1 10,10,0 11,07,1 11,08,0 11,08,1 U7
10,10,1 11,09,0 11,09,1 11,10,0 12,08,0 12,08,1 12,09,0 F7

                                                  ____
                                                 /\   \
                                            ____/  \   \____
                                           /       /\       \
                                      ____/___    /  \____   \
                                     /   /   /   /   /\   \  /
                                ____/   /   /___/   /  \   \/
                               /   /   /    \      /   /    \
                          ____/   /   /___   \    /   /___   \
                         /        \   \   \   \  /\      /   /
                    ____/__________\   \   \___\/  \    /___/
                   /\          /    \  /       /    \  /
              ____/  \____    /      \/   ____/   ___\/
             /           /   /   /\   \  /\      /
        ____/___________/___/___/  \___\/  \____/
       /       /\              /\          /
  ____/___    /  \____________/  \________/
 /       /    \           \          /
/       /______\___________\    ____/
\  /\   \      /    \       \  /
 \/  \___\    /   ___\    ___\/
 /    \      /\   \      /
/      \    /  \   \____/
\      /\  /   /   /
 \____/  \/   /___/
      \      /
       \____/

User-requested solution limit reached.
10 solutions, 56,887 searches, duration 0:01:59.279775
