solving HeptiamondsHexagon13:

solution 1 (895,581 searches):
06,00,0 06,00,1 06,01,0 07,00,0 07,00,1 08,00,0 08,00,1 P7
06,01,1 06,03,1 07,01,0 07,01,1 07,02,0 07,02,1 07,03,0 C7
06,04,0 06,04,1 07,04,0 07,04,1 07,05,0 08,04,0 08,04,1 E7
04,04,1 04,05,0 04,05,1 04,06,0 04,06,1 05,04,1 05,05,0 Y7
06,06,1 06,07,0 07,05,1 07,06,0 07,06,1 07,07,0 07,07,1 G7
03,07,0 03,07,1 04,07,0 04,07,1 05,07,0 05,07,1 05,08,0 L7
02,03,1 03,02,1 03,03,0 04,01,1 04,02,0 05,00,1 05,01,0 I7
03,03,1 04,02,1 04,03,0 04,03,1 04,04,0 05,01,1 05,02,0 H7
01,04,1 01,05,0 02,04,0 02,04,1 02,05,0 03,04,0 03,04,1 F7
00,05,1 00,06,0 00,06,1 00,07,0 01,05,1 01,06,0 01,06,1 B7
08,01,0 08,01,1 08,02,0 09,00,0 09,00,1 09,01,0 10,00,0 M7
03,10,1 03,11,0 03,11,1 04,08,1 04,09,0 04,09,1 04,10,0 N7
01,10,1 02,10,0 02,10,1 02,11,0 02,11,1 03,09,1 03,10,0 W7
00,10,0 00,10,1 00,11,0 00,11,1 01,10,0 01,11,0 01,11,1 U7
00,09,1 01,08,0 01,08,1 01,09,0 01,09,1 02,07,1 02,08,0 X7
00,07,1 00,08,0 00,08,1 00,09,0 01,07,0 01,07,1 02,07,0 V7
09,01,1 10,00,1 10,01,0 10,01,1 10,02,0 11,00,0 11,00,1 A7
09,03,1 10,02,1 10,03,0 11,01,0 11,01,1 11,02,0 11,02,1 T7
09,04,0 09,04,1 10,03,1 10,04,0 11,03,0 11,03,1 11,04,0 S7
10,04,1 10,05,0 10,05,1 11,04,1 11,05,0 11,05,1 11,06,0 Z7
04,10,1 04,11,0 04,11,1 05,10,0 05,11,0 05,11,1 06,11,0 J7
05,10,1 06,09,1 06,10,0 06,10,1 07,08,0 07,08,1 07,09,0 Q7
07,09,1 07,10,0 08,07,0 08,07,1 08,08,0 08,08,1 08,09,0 R7
09,06,1 09,07,0 09,07,1 09,08,0 10,06,0 10,06,1 10,07,0 D7

            ________________________
           /       /   /   /        \
          /   ____/   /   /   _______\
         /    \       \   \   \      /\
        /______\____   \   \___\    /  \
       /\      /    \  /   /    \   \   \
      /  \    /      \/   /      \   \   \
     /   /    \       \  /\      /   /   /\
    /   /___   \_______\/  \    /___/   /  \
   /\       \  /           /\  /   /   /    \
  /  \_______\/___________/  \/   /___/      \
 /       /       /   /    \      /    \      /\
/       /       /   /      \    /      \____/  \
\  /\  /\      /    \      /\  /       /       /
 \/  \/  \____/      \____/  \/_______/       /
  \          /\  /\  /           /    \  /\  /
   \________/  \/  \/___________/___   \/  \/
    \   \      /    \   \       \   \      /
     \   \    /      \   \       \   \____/
      \   \   \      /   /\      /\      /
       \   \   \____/   /  \____/  \    /
        \   \  /\      /    \      /   /
         \   \/  \____/___   \    /___/
          \  /           /    \      /
           \/___________/______\____/

solution 2 (1,052,504 searches):
06,00,0 06,00,1 06,01,0 07,00,0 07,00,1 08,00,0 08,00,1 P7
06,01,1 06,03,1 07,01,0 07,01,1 07,02,0 07,02,1 07,03,0 C7
06,04,0 06,04,1 07,04,0 07,04,1 07,05,0 08,04,0 08,04,1 E7
04,04,1 04,05,0 04,05,1 04,06,0 04,06,1 05,04,1 05,05,0 Y7
05,07,0 05,07,1 06,06,1 06,07,0 07,05,1 07,06,0 07,06,1 Q7
01,07,1 02,07,0 02,07,1 03,07,0 03,07,1 04,07,0 04,07,1 I7
03,09,1 04,08,1 04,09,0 04,09,1 04,10,0 04,10,1 05,08,0 T7
08,01,0 08,01,1 08,02,0 09,00,0 09,00,1 09,01,0 10,00,0 M7
03,02,1 04,01,1 04,02,0 05,00,1 05,01,0 05,01,1 05,02,0 G7
03,03,0 03,03,1 03,04,1 04,02,1 04,03,0 04,03,1 04,04,0 A7
00,05,1 01,04,1 01,05,0 02,03,1 02,04,0 02,04,1 03,04,0 H7
00,06,0 00,06,1 00,07,0 01,05,1 01,06,0 01,06,1 02,05,0 X7
00,07,1 00,08,0 00,08,1 01,07,0 01,08,0 01,08,1 02,08,0 J7
00,09,0 00,09,1 00,10,0 01,09,0 01,09,1 01,10,0 01,10,1 U7
00,10,1 00,11,0 00,11,1 01,11,0 01,11,1 02,11,0 02,11,1 L7
02,10,0 02,10,1 03,10,0 03,10,1 03,11,0 03,11,1 04,11,0 N7
04,11,1 05,10,0 05,10,1 05,11,0 05,11,1 06,10,0 06,11,0 B7
06,09,1 06,10,1 07,08,0 07,08,1 07,09,0 07,09,1 07,10,0 F7
07,07,0 07,07,1 08,07,0 08,07,1 08,08,0 08,08,1 08,09,0 R7
09,06,1 09,07,0 09,07,1 09,08,0 10,06,0 10,06,1 10,07,0 D7
10,04,1 10,05,0 10,05,1 11,04,1 11,05,0 11,05,1 11,06,0 Z7
09,04,0 09,04,1 10,03,1 10,04,0 11,03,0 11,03,1 11,04,0 S7
09,03,1 10,01,1 10,02,0 10,02,1 10,03,0 11,02,0 11,02,1 W7
09,01,1 10,00,1 10,01,0 11,00,0 11,00,1 11,01,0 11,01,1 V7

            ________________________
           /           /    \       \
          /   ________/   ___\    ___\
         /\  /   /       /   /    \   \
        /  \/   /_______/   /______\   \
       /       /    \      /    \      /\
      /_______/      \    /      \    /  \
     /        \       \   \      /   /   /\
    /   _______\_______\___\    /___/   /  \
   /\   \              /    \  /       /    \
  /  \___\____________/___   \/_______/      \
 /       /       /   /    \      /    \      /\
/___    /       /   /      \    /      \____/  \
\   \   \      /    \      /\  /       /       /
 \   \___\____/      \____/  \/_______/       /
  \       \   \  /\  /           /    \  /\  /
   \    ___\   \/  \/___________/___   \/  \/
    \  /       /    \   \       \   \      /
     \/___    /      \   \       \   \____/
      \   \  /\      /   /\      /       /
       \   \/  \____/   /  \____/   ____/
        \      /\      /    \   \  /   /
         \    /  \____/___   \   \/   /
          \  /           /    \      /
           \/___________/______\____/

solution 3 (1,247,043 searches):
06,00,0 06,00,1 06,01,0 07,00,0 07,00,1 08,00,0 08,00,1 P7
06,01,1 06,03,1 07,01,0 07,01,1 07,02,0 07,02,1 07,03,0 C7
04,04,1 04,05,0 04,05,1 04,06,0 05,04,1 05,05,0 06,04,0 G7
06,04,1 07,04,0 07,04,1 08,04,0 08,04,1 09,04,0 09,04,1 I7
06,06,1 07,05,0 07,05,1 07,06,0 07,06,1 07,07,0 07,07,1 E7
04,06,1 04,07,0 04,07,1 05,07,0 05,07,1 05,08,0 06,07,0 Q7
01,07,1 01,08,1 02,07,0 02,07,1 02,08,0 03,07,0 03,07,1 Y7
03,02,1 03,03,0 03,03,1 04,01,1 04,02,0 05,00,1 05,01,0 L7
03,04,1 04,02,1 04,03,0 04,03,1 04,04,0 05,01,1 05,02,0 N7
08,01,0 08,01,1 08,02,0 09,00,0 09,00,1 09,01,0 10,00,0 M7
00,07,1 00,08,0 00,08,1 00,09,0 00,09,1 01,07,0 01,08,0 F7
00,10,0 00,10,1 00,11,0 00,11,1 01,09,0 01,09,1 01,10,0 Z7
00,06,0 00,06,1 00,07,0 01,05,1 01,06,0 01,06,1 02,05,0 X7
00,05,1 01,04,1 01,05,0 02,03,1 02,04,0 02,04,1 03,04,0 H7
03,09,1 03,10,0 03,10,1 03,11,0 04,08,1 04,09,0 04,09,1 U7
01,10,1 01,11,0 01,11,1 02,10,0 02,10,1 02,11,0 02,11,1 D7
03,11,1 04,10,0 04,10,1 04,11,0 04,11,1 05,10,0 05,10,1 B7
05,11,0 05,11,1 06,09,1 06,10,0 06,10,1 06,11,0 07,09,0 S7
07,08,0 07,08,1 07,09,1 07,10,0 08,08,0 08,08,1 08,09,0 V7
08,07,0 08,07,1 09,06,1 09,07,0 09,07,1 09,08,0 10,06,0 W7
10,06,1 10,07,0 11,04,0 11,04,1 11,05,0 11,05,1 11,06,0 R7
10,03,1 10,04,0 10,04,1 10,05,0 10,05,1 11,03,0 11,03,1 J7
09,03,1 10,02,1 10,03,0 11,01,0 11,01,1 11,02,0 11,02,1 T7
09,01,1 10,00,1 10,01,0 10,01,1 10,02,0 11,00,0 11,00,1 A7

            ________________________
           /   /       /\      /    \
          /   /       /  \    /___   \
         /    \      /   /       /   /\
        /___   \____/   /_______/   /  \
       /   /   /    \      /    \   \   \
      /   /___/      \    /      \___\   \
     /    \   \       \  /\      /       /\
    /   ___\   \_______\/  \    /_______/  \
   /\   \          /        \  /   /       /\
  /  \___\________/   _______\/   /___    /  \
 /       /       /\  /    \      /    \   \   \
/___    /       /  \/      \    /      \___\   \
\   \   \      /    \      /   /       /   /   /
 \   \___\____/      \____/___/_______/   /   /
  \       \   \  /\   \              /   /   /
   \    ___\   \/  \___\____________/   /___/
    \  /   /   /    \   \       \   \      /
     \/   /   /      \   \       \   \____/
      \   \   \      /   /\      /\      /
       \   \   \____/   /  \____/  \    /
        \   \  /\      /    \      /   /
         \   \/  \____/___   \    /___/
          \  /           /    \      /
           \/___________/______\____/

solution 4 (1,481,805 searches):
06,00,0 06,00,1 06,01,0 07,00,0 07,00,1 08,00,0 08,00,1 P7
06,01,1 06,03,1 07,01,0 07,01,1 07,02,0 07,02,1 07,03,0 C7
04,04,1 04,05,0 04,05,1 04,06,0 05,04,1 05,05,0 06,04,0 G7
06,04,1 07,04,0 07,04,1 07,05,0 07,05,1 07,06,0 08,04,0 T7
04,07,1 04,08,1 05,07,0 05,07,1 05,08,0 06,06,1 06,07,0 Y7
01,07,1 02,07,0 02,07,1 03,07,0 03,07,1 04,06,1 04,07,0 L7
07,06,1 07,07,0 07,07,1 08,07,0 08,07,1 08,08,0 09,07,0 Q7
06,09,1 07,08,0 07,08,1 07,09,0 07,09,1 08,08,1 08,09,0 A7
09,06,1 09,07,1 09,08,0 10,05,1 10,06,0 10,06,1 10,07,0 U7
10,04,1 10,05,0 11,04,0 11,04,1 11,05,0 11,05,1 11,06,0 J7
05,10,1 05,11,0 05,11,1 06,10,0 06,10,1 06,11,0 07,10,0 D7
02,03,1 03,02,1 03,03,0 04,01,1 04,02,0 05,00,1 05,01,0 I7
03,03,1 04,02,1 04,03,0 04,03,1 04,04,0 05,01,1 05,02,0 H7
00,05,1 01,04,1 01,05,0 02,04,0 02,04,1 03,04,0 03,04,1 R7
08,04,1 09,04,0 09,04,1 10,03,1 10,04,0 11,03,0 11,03,1 N7
00,06,0 00,06,1 00,07,0 01,05,1 01,06,0 01,06,1 02,05,0 X7
00,07,1 00,08,0 00,08,1 00,09,0 00,09,1 01,07,0 01,08,0 F7
00,10,0 00,10,1 01,08,1 01,09,0 01,09,1 01,10,0 02,08,0 S7
00,11,0 00,11,1 01,10,1 01,11,0 01,11,1 02,11,0 02,11,1 E7
02,10,0 02,10,1 03,09,1 03,10,0 03,10,1 04,09,0 04,09,1 Z7
03,11,0 03,11,1 04,10,0 04,10,1 04,11,0 04,11,1 05,10,0 B7
08,01,0 08,01,1 08,02,0 09,00,0 09,00,1 09,01,0 10,00,0 M7
09,03,1 10,01,1 10,02,0 10,02,1 10,03,0 11,02,0 11,02,1 W7
09,01,1 10,00,1 10,01,0 11,00,0 11,00,1 11,01,0 11,01,1 V7

            ________________________
           /           /       /    \
          /___    ____/___    /      \
         /    \  /       /    \       \
        /___   \/___    /______\_______\
       /   /   /    \      /    \       \
      /   /   /      \____/      \       \
     /    \   \       \   \      /   /\  /\
    /   ___\___\_______\   \    /___/  \/  \
   /\   \           \       \  /        \   \
  /  \___\________   \____   \/   _______\   \
 /       /       /\  /    \  /\  /    \      /\
/___    /       /  \/      \/  \/      \    /  \
\   \   \      /    \      /   /       /\  /   /
 \   \___\____/      \____/   /_______/  \/   /
  \          /\  /\   \       \       \      /
   \________/  \/  \___\_______\____   \____/
    \   \      /    \   \       \   \      /
     \   \    /      \   \       \   \____/
      \   \   \      /   /\      /       /
       \   \   \____/   /  \____/   ____/
        \   \  /\      /    \   \  /   /
         \   \/  \____/___   \   \/   /
          \  /           /    \      /
           \/___________/______\____/

solution 5 (2,476,551 searches):
06,00,0 06,00,1 06,01,0 07,00,0 07,00,1 08,00,0 08,00,1 P7
06,01,1 06,03,1 07,01,0 07,01,1 07,02,0 07,02,1 07,03,0 C7
06,04,0 06,04,1 07,04,0 07,04,1 07,05,0 07,05,1 08,04,0 H7
04,03,1 04,04,0 04,04,1 04,05,0 04,05,1 05,04,1 05,05,0 J7
03,07,0 03,07,1 04,06,0 04,06,1 04,07,0 04,07,1 05,07,0 Y7
04,08,1 04,09,0 04,09,1 05,07,1 05,08,0 06,06,1 06,07,0 L7
07,06,0 07,06,1 07,07,0 07,07,1 07,08,0 07,08,1 08,07,0 E7
03,02,1 04,01,1 04,02,0 05,00,1 05,01,0 05,01,1 05,02,0 G7
02,03,1 03,03,0 03,03,1 03,04,0 03,04,1 04,02,1 04,03,0 W7
08,01,0 08,01,1 08,02,0 09,00,0 09,00,1 09,01,0 10,00,0 M7
08,04,1 09,04,0 09,04,1 10,03,1 10,04,0 10,04,1 10,05,0 T7
09,03,1 10,02,0 10,02,1 10,03,0 11,01,1 11,02,0 11,02,1 X7
09,01,1 10,00,1 10,01,0 10,01,1 11,00,0 11,00,1 11,01,0 D7
11,03,0 11,03,1 11,04,0 11,04,1 11,05,0 11,05,1 11,06,0 I7
09,06,1 09,07,1 09,08,0 10,05,1 10,06,0 10,06,1 10,07,0 U7
07,09,0 07,09,1 08,07,1 08,08,0 08,08,1 08,09,0 09,07,0 S7
05,11,0 05,11,1 06,09,1 06,10,0 06,10,1 06,11,0 07,10,0 A7
03,11,1 04,10,0 04,10,1 04,11,0 04,11,1 05,10,0 05,10,1 B7
01,11,1 02,11,0 02,11,1 03,09,1 03,10,0 03,10,1 03,11,0 V7
00,11,0 00,11,1 01,10,0 01,10,1 01,11,0 02,10,0 02,10,1 Z7
00,09,1 00,10,0 00,10,1 01,08,1 01,09,0 01,09,1 02,08,0 F7
00,08,0 00,08,1 00,09,0 01,07,1 01,08,0 02,07,0 02,07,1 Q7
00,05,1 00,06,0 00,06,1 00,07,0 00,07,1 01,04,1 01,05,0 R7
01,05,1 01,06,0 01,06,1 01,07,0 02,04,0 02,04,1 02,05,0 N7

            ________________________
           /    \       \      /    \
          /___   \____   \    /___   \
         /   /       /   /       /    \
        /   /_______/   /_______/   ___\
       /\      /    \  /   /    \  /    \
      /  \    /      \/   /      \/___   \
     /    \   \       \   \      /   /   /\
    /___   \___\_______\   \    /   /   /  \
   /   /\      /        \   \  /    \   \   \
  /   /  \____/___    ___\   \/   ___\___\   \
 /   /   /       /   /    \  /   /    \      /\
/   /   /       /___/      \/___/      \    /  \
\   \   \      /    \      /   /       /\  /   /
 \   \   \____/      \____/   /_______/  \/   /
  \  /   /   /   /\  /        \          /   /
   \/___/   /   /  \/__________\____    /   /
    \       \  /    \   \       \   \  /   /
     \____   \/      \   \       \   \/___/
      \   \  /\      /   /\      /       /
       \   \/  \____/   /  \____/___    /
        \      /\      /    \       \  /
         \    /  \____/___   \       \/
          \  /           /    \      /
           \/___________/______\____/

solution 6 (2,476,553 searches):
06,00,0 06,00,1 06,01,0 07,00,0 07,00,1 08,00,0 08,00,1 P7
06,01,1 06,03,1 07,01,0 07,01,1 07,02,0 07,02,1 07,03,0 C7
06,04,0 06,04,1 07,04,0 07,04,1 07,05,0 07,05,1 08,04,0 H7
04,03,1 04,04,0 04,04,1 04,05,0 04,05,1 05,04,1 05,05,0 J7
03,07,0 03,07,1 04,06,0 04,06,1 04,07,0 04,07,1 05,07,0 Y7
04,08,1 04,09,0 04,09,1 05,07,1 05,08,0 06,06,1 06,07,0 L7
07,06,0 07,06,1 07,07,0 07,07,1 07,08,0 07,08,1 08,07,0 E7
03,02,1 04,01,1 04,02,0 05,00,1 05,01,0 05,01,1 05,02,0 G7
02,03,1 03,03,0 03,03,1 03,04,0 03,04,1 04,02,1 04,03,0 W7
08,01,0 08,01,1 08,02,0 09,00,0 09,00,1 09,01,0 10,00,0 M7
08,04,1 09,04,0 09,04,1 10,03,1 10,04,0 10,04,1 10,05,0 T7
09,03,1 10,02,0 10,02,1 10,03,0 11,01,1 11,02,0 11,02,1 X7
09,01,1 10,00,1 10,01,0 10,01,1 11,00,0 11,00,1 11,01,0 D7
11,03,0 11,03,1 11,04,0 11,04,1 11,05,0 11,05,1 11,06,0 I7
09,06,1 09,07,1 09,08,0 10,05,1 10,06,0 10,06,1 10,07,0 U7
07,09,0 07,09,1 08,07,1 08,08,0 08,08,1 08,09,0 09,07,0 S7
05,11,0 05,11,1 06,09,1 06,10,0 06,10,1 06,11,0 07,10,0 A7
03,11,1 04,10,0 04,10,1 04,11,0 04,11,1 05,10,0 05,10,1 B7
01,11,1 02,11,0 02,11,1 03,09,1 03,10,0 03,10,1 03,11,0 V7
00,11,0 00,11,1 01,10,0 01,10,1 01,11,0 02,10,0 02,10,1 Z7
00,09,1 00,10,0 00,10,1 01,08,1 01,09,0 01,09,1 02,08,0 F7
00,08,0 00,08,1 00,09,0 01,07,1 01,08,0 02,07,0 02,07,1 Q7
00,05,1 00,06,0 00,06,1 00,07,0 01,04,1 01,05,0 02,04,0 R7
00,07,1 01,05,1 01,06,0 01,06,1 01,07,0 02,04,1 02,05,0 N7

            ________________________
           /    \       \      /    \
          /___   \____   \    /___   \
         /   /       /   /       /    \
        /   /_______/   /_______/   ___\
       /\      /    \  /   /    \  /    \
      /  \    /      \/   /      \/___   \
     /    \   \       \   \      /   /   /\
    /___   \___\_______\   \    /   /   /  \
   /\   \      /        \   \  /    \   \   \
  /  \   \____/___    ___\   \/   ___\___\   \
 /   /   /       /   /    \  /   /    \      /\
/   /   /       /___/      \/___/      \    /  \
\   \   \      /    \      /   /       /\  /   /
 \   \   \____/      \____/   /_______/  \/   /
  \   \  /   /   /\  /        \          /   /
   \___\/   /   /  \/__________\____    /   /
    \       \  /    \   \       \   \  /   /
     \____   \/      \   \       \   \/___/
      \   \  /\      /   /\      /       /
       \   \/  \____/   /  \____/___    /
        \      /\      /    \       \  /
         \    /  \____/___   \       \/
          \  /           /    \      /
           \/___________/______\____/

solution 7 (3,439,883 searches):
06,00,0 06,00,1 06,01,0 07,00,0 07,00,1 08,00,0 08,00,1 P7
06,01,1 06,03,1 07,01,0 07,01,1 07,02,0 07,02,1 07,03,0 C7
06,04,0 06,04,1 07,04,0 07,04,1 07,05,0 07,05,1 08,04,0 H7
03,04,1 04,04,0 04,04,1 04,05,0 04,05,1 05,04,1 05,05,0 S7
03,07,0 03,07,1 04,06,0 04,06,1 04,07,0 04,07,1 05,07,0 Y7
04,08,1 05,07,1 05,08,0 06,06,1 06,07,0 07,06,0 07,06,1 L7
03,02,1 04,01,1 04,02,0 05,00,1 05,01,0 05,01,1 05,02,0 G7
02,03,1 03,03,0 03,03,1 03,04,0 04,02,1 04,03,0 04,03,1 X7
08,01,0 08,01,1 08,02,0 09,00,0 09,00,1 09,01,0 10,00,0 M7
09,01,1 10,00,1 10,01,0 11,00,0 11,00,1 11,01,0 11,01,1 V7
08,04,1 09,03,1 09,04,0 10,01,1 10,02,0 10,02,1 10,03,0 R7
10,03,1 11,02,0 11,02,1 11,03,0 11,03,1 11,04,0 11,04,1 E7
09,04,1 10,04,0 10,04,1 10,05,0 10,05,1 10,06,0 11,05,0 Q7
09,06,1 09,07,0 09,07,1 10,06,1 10,07,0 11,05,1 11,06,0 J7
07,07,0 07,07,1 08,07,0 08,07,1 08,08,0 08,08,1 09,08,0 N7
06,09,1 06,10,0 07,08,0 07,08,1 07,09,0 07,09,1 08,09,0 W7
04,11,1 05,10,1 05,11,0 05,11,1 06,10,1 06,11,0 07,10,0 U7
03,11,1 04,09,0 04,09,1 04,10,0 04,10,1 04,11,0 05,10,0 T7
02,10,0 02,10,1 02,11,1 03,09,1 03,10,0 03,10,1 03,11,0 A7
00,10,1 00,11,0 00,11,1 01,10,1 01,11,0 01,11,1 02,11,0 F7
00,09,0 00,09,1 00,10,0 01,08,1 01,09,0 01,09,1 01,10,0 B7
01,06,1 01,07,0 01,07,1 01,08,0 02,07,0 02,07,1 02,08,0 Z7
00,05,1 00,06,0 00,06,1 00,07,0 00,07,1 00,08,0 00,08,1 I7
01,04,1 01,05,0 01,05,1 01,06,0 02,04,0 02,04,1 02,05,0 D7

            ________________________
           /        \   \   \       \
          /       ___\   \   \       \
         /\  /\  /       /    \  /\   \
        /  \/  \/___    /   ___\/  \___\
       /       /    \  /   /    \       \
      /___    /      \/___/      \    ___\
     /   /\  /\       \   \      /   /    \
    /   /  \/  \_______\   \    /___/   ___\
   /   /       /        \   \  /       /    \
  /   /   ____/___    ___\   \/_______/      \
 /   /\  /       /   /    \      /    \  /\   \
/   /  \/       /___/      \____/      \/  \   \
\  /    \      /    \      /   /       /    \  /
 \/      \____/      \____/   /_______/   ___\/
  \      /\      /\  /        \   \      /   /
   \____/  \____/  \/__________\   \____/   /
    \          /    \   \       \   \      /
     \____    /      \   \       \   \    /
      \   \  /\      /   /\      /   /   /
       \   \/  \____/   /  \____/   /___/
        \      /\      /    \   \  /   /
         \    /  \____/___   \   \/   /
          \  /           /    \      /
           \/___________/______\____/

solution 8 (3,441,185 searches):
06,00,0 06,00,1 06,01,0 07,00,0 07,00,1 08,00,0 08,00,1 P7
06,01,1 06,03,1 07,01,0 07,01,1 07,02,0 07,02,1 07,03,0 C7
06,04,0 06,04,1 07,04,0 07,04,1 07,05,0 07,05,1 08,04,0 H7
03,04,1 04,04,0 04,04,1 04,05,0 04,05,1 05,04,1 05,05,0 S7
03,07,0 03,07,1 04,06,0 04,06,1 04,07,0 04,07,1 05,07,0 Y7
04,08,1 05,07,1 05,08,0 06,06,1 06,07,0 07,06,0 07,06,1 L7
03,02,1 04,01,1 04,02,0 05,00,1 05,01,0 05,01,1 05,02,0 G7
02,03,1 03,03,0 03,03,1 03,04,0 04,02,1 04,03,0 04,03,1 X7
08,01,0 08,01,1 08,02,0 09,00,0 09,00,1 09,01,0 10,00,0 M7
09,01,1 10,00,1 10,01,0 11,00,0 11,00,1 11,01,0 11,01,1 V7
09,03,1 10,01,1 10,02,0 10,02,1 10,03,0 11,02,0 11,02,1 W7
08,04,1 09,04,0 09,04,1 10,03,1 10,04,0 11,03,0 11,03,1 N7
06,09,1 06,10,0 07,07,0 07,07,1 07,08,0 07,08,1 07,09,0 R7
04,11,1 05,10,1 05,11,0 05,11,1 06,10,1 06,11,0 07,10,0 U7
07,09,1 08,08,0 08,08,1 08,09,0 09,07,1 09,08,0 10,07,0 E7
08,07,0 08,07,1 09,06,1 09,07,0 10,05,1 10,06,0 10,06,1 Q7
10,04,1 10,05,0 11,04,0 11,04,1 11,05,0 11,05,1 11,06,0 J7
03,11,1 04,09,0 04,09,1 04,10,0 04,10,1 04,11,0 05,10,0 T7
02,10,0 02,10,1 02,11,1 03,09,1 03,10,0 03,10,1 03,11,0 A7
00,10,1 00,11,0 00,11,1 01,10,1 01,11,0 01,11,1 02,11,0 F7
00,09,0 00,09,1 00,10,0 01,08,1 01,09,0 01,09,1 01,10,0 B7
01,06,1 01,07,0 01,07,1 01,08,0 02,07,0 02,07,1 02,08,0 Z7
00,05,1 00,06,0 00,06,1 00,07,0 00,07,1 00,08,0 00,08,1 I7
01,04,1 01,05,0 01,05,1 01,06,0 02,04,0 02,04,1 02,05,0 D7

            ________________________
           /        \   \   \       \
          /       ___\   \   \       \
         /\  /\  /       /    \  /\   \
        /  \/  \/___    /   ___\/  \___\
       /       /    \  /   /    \   \   \
      /___    /      \/___/      \   \   \
     /   /\  /\       \   \      /   /    \
    /   /  \/  \_______\   \    /   /___   \
   /   /       /        \   \  /   /    \   \
  /   /   ____/___    ___\   \/___/___   \___\
 /   /\  /       /   /    \      /    \      /\
/   /  \/       /___/      \____/      \    /  \
\  /    \      /    \      /   /       /\  /   /
 \/      \____/      \____/   /_______/  \/   /
  \      /\      /\  /        \       \      /
   \____/  \____/  \/__________\____   \____/
    \          /    \   \       \   \      /
     \____    /      \   \       \   \____/
      \   \  /\      /   /\      /       /
       \   \/  \____/   /  \____/   ____/
        \      /\      /    \   \  /   /
         \    /  \____/___   \   \/   /
          \  /           /    \      /
           \/___________/______\____/

solution 9 (3,450,463 searches):
06,00,0 06,00,1 06,01,0 07,00,0 07,00,1 08,00,0 08,00,1 P7
06,01,1 06,03,1 07,01,0 07,01,1 07,02,0 07,02,1 07,03,0 C7
06,04,0 06,04,1 07,04,0 07,04,1 07,05,0 07,05,1 08,04,0 H7
03,04,1 04,04,0 04,04,1 04,05,0 04,05,1 05,04,1 05,05,0 S7
03,07,0 03,07,1 04,06,0 04,06,1 04,07,0 04,07,1 05,07,0 Y7
04,08,1 05,07,1 05,08,0 06,06,1 06,07,0 07,06,0 07,06,1 L7
02,03,1 03,02,1 03,03,0 04,01,1 04,02,0 05,00,1 05,01,0 I7
03,03,1 03,04,0 04,02,1 04,03,0 04,03,1 05,01,1 05,02,0 E7
08,01,0 08,01,1 08,02,0 09,00,0 09,00,1 09,01,0 10,00,0 M7
07,07,0 07,07,1 08,07,0 08,07,1 08,08,0 08,08,1 09,08,0 N7
06,09,1 06,10,0 07,08,0 07,08,1 07,09,0 07,09,1 08,09,0 W7
04,11,1 05,10,1 05,11,0 05,11,1 06,10,1 06,11,0 07,10,0 U7
08,04,1 09,03,1 09,04,0 09,04,1 10,04,0 10,04,1 10,05,0 Q7
10,05,1 10,06,0 11,03,0 11,03,1 11,04,0 11,04,1 11,05,0 R7
09,06,1 09,07,0 09,07,1 10,06,1 10,07,0 11,05,1 11,06,0 J7
10,02,1 10,03,0 10,03,1 11,01,0 11,01,1 11,02,0 11,02,1 Z7
09,01,1 10,00,1 10,01,0 10,01,1 10,02,0 11,00,0 11,00,1 A7
00,05,1 01,04,1 01,05,0 01,05,1 02,04,0 02,04,1 02,05,0 D7
00,06,0 00,06,1 00,07,0 00,07,1 00,08,0 01,06,0 01,06,1 G7
00,08,1 00,09,0 01,07,0 01,07,1 01,08,0 02,07,0 02,07,1 T7
00,09,1 00,10,0 00,10,1 01,08,1 01,09,0 01,09,1 02,08,0 F7
00,11,0 00,11,1 01,10,0 01,10,1 01,11,0 01,11,1 02,10,0 B7
02,10,1 02,11,0 02,11,1 03,09,1 03,10,0 03,11,0 03,11,1 V7
03,10,1 04,09,0 04,09,1 04,10,0 04,10,1 04,11,0 05,10,0 X7

            ________________________
           /       /       /\       \
          /___    /   ____/  \       \
         /   /    \   \       \  /\   \
        /   /______\   \    ___\/  \___\
       /\      /    \  /   /    \       \
      /  \    /      \/___/      \    ___\
     /\   \   \       \   \      /   /    \
    /  \   \___\_______\   \    /___/   ___\
   /   /       /        \   \  /       /    \
  /   /_______/___    ___\   \/_______/      \
 /       /       /   /    \      /    \  /\   \
/_______/       /___/      \____/      \/  \   \
\       \      /    \      /   /       /\   \  /
 \       \____/      \____/   /_______/  \   \/
  \      /\      /\  /        \          /   /
   \____/  \____/  \/__________\    ____/   /
    \   \      /    \   \       \  /   /   /
     \   \    /      \   \       \/   /___/
      \   \   \      /   /\      /\      /
       \   \   \____/   /  \____/  \    /
        \   \  /\      /    \      /   /
         \   \/  \____/___   \    /___/
          \  /           /    \      /
           \/___________/______\____/

solution 10 (4,231,223 searches):
06,00,0 06,00,1 06,01,0 07,00,0 07,00,1 08,00,0 08,00,1 P7
06,01,1 06,03,1 07,01,0 07,01,1 07,02,0 07,02,1 07,03,0 C7
06,04,0 06,04,1 07,04,0 07,04,1 07,05,0 07,05,1 08,04,0 H7
04,04,1 04,05,0 04,05,1 04,06,0 04,06,1 05,04,1 05,05,0 Y7
03,02,1 04,01,1 04,02,0 05,00,1 05,01,0 05,01,1 05,02,0 G7
03,07,1 04,07,0 04,07,1 04,08,1 05,07,0 05,07,1 05,08,0 J7
06,06,1 06,07,0 07,06,0 07,06,1 07,07,0 07,07,1 08,07,0 S7
08,01,0 08,01,1 08,02,0 09,00,0 09,00,1 09,01,0 10,00,0 M7
02,03,1 03,03,0 03,03,1 04,02,1 04,03,0 04,03,1 04,04,0 T7
00,05,1 01,04,1 01,05,0 02,04,0 02,04,1 03,04,0 03,04,1 R7
00,06,0 00,06,1 00,07,0 01,05,1 01,06,0 01,06,1 02,05,0 X7
09,01,1 10,00,1 10,01,0 11,00,0 11,00,1 11,01,0 11,01,1 V7
09,03,1 10,01,1 10,02,0 10,02,1 10,03,0 11,02,0 11,02,1 W7
08,04,1 09,04,0 09,04,1 10,03,1 10,04,0 11,03,0 11,03,1 N7
00,07,1 00,08,0 01,07,0 01,07,1 02,07,0 02,07,1 03,07,0 L7
00,08,1 00,09,0 01,08,0 01,08,1 01,09,0 01,09,1 02,08,0 A7
00,09,1 00,10,0 00,10,1 00,11,0 00,11,1 01,10,0 01,11,0 F7
01,10,1 01,11,1 02,10,0 02,10,1 02,11,0 02,11,1 03,10,0 B7
03,09,1 03,10,1 04,09,0 04,09,1 04,10,0 04,10,1 05,10,0 Z7
03,11,0 03,11,1 04,11,0 04,11,1 05,11,0 05,11,1 06,11,0 I7
10,04,1 10,05,0 10,05,1 11,04,0 11,04,1 11,05,0 11,05,1 D7
08,07,1 09,06,1 09,07,0 10,06,0 10,06,1 10,07,0 11,06,0 U7
05,10,1 06,09,1 06,10,0 06,10,1 07,08,0 07,08,1 07,09,0 Q7
07,09,1 07,10,0 08,08,0 08,08,1 08,09,0 09,07,1 09,08,0 E7

            ________________________
           /    \      /            \
          /   ___\    /______________\
         /    \       \       \      /\
        /   ___\_______\    ___\    /  \
       /\  /   /    \      /    \   \   \
      /  \/   /      \____/      \   \   \
     /\       \       \   \      /   /    \
    /  \_______\_______\   \    /___/___   \
   /\           \          /\  /    \   \  /\
  /  \___________\________/  \/   ___\   \/  \
 /       /       /   /    \      /    \       \
/___    /       /   /      \____/      \_______\
\   \   \      /    \      /   /       /       /
 \   \___\____/      \____/   /_______/       /
  \          /\  /\  /        \       \      /
   \________/  \/  \/__________\____   \____/
    \          /    \   \       \   \      /
     \____    /      \   \       \   \____/
      \   \  /\      /   /\      /       /
       \   \/  \____/   /  \____/   ____/
        \      /\      /    \   \  /   /
         \    /  \____/___   \   \/   /
          \  /           /    \      /
           \/___________/______\____/

User-requested solution limit reached.
10 solutions, 4,231,223 searches, duration 0:00:52.719272
