solving HeptiamondsHexgridTrefoil1:

solution 1 (5,755,458 searches):
00,09,1 00,10,0 00,10,1 01,09,1 01,10,0 01,10,1 02,09,0 A7
01,11,0 01,11,1 02,10,0 02,10,1 02,11,0 03,09,1 03,10,0 F7
03,10,1 04,09,0 04,09,1 04,10,0 05,08,1 05,09,0 06,08,0 E7
02,08,1 02,09,1 03,07,1 03,08,0 03,08,1 03,09,0 04,08,0 B7
01,07,1 01,08,0 01,08,1 01,09,0 02,07,0 02,07,1 02,08,0 D7
03,06,1 03,07,0 04,06,0 04,06,1 04,07,0 04,07,1 05,07,0 S7
04,08,1 05,07,1 05,08,0 06,06,1 06,07,0 06,07,1 07,07,0 H7
07,06,0 07,06,1 07,07,1 08,06,0 08,06,1 08,07,0 08,07,1 U7
05,09,1 06,09,0 06,09,1 06,10,0 06,10,1 07,09,0 07,09,1 Y7
06,08,1 07,08,0 07,08,1 08,08,0 08,08,1 08,09,0 08,09,1 R7
07,10,0 07,10,1 07,11,0 07,11,1 07,12,0 08,10,0 08,11,0 M7
06,12,1 06,13,0 06,13,1 07,13,0 07,13,1 07,14,0 07,14,1 N7
09,06,1 09,07,0 09,07,1 09,08,0 09,08,1 09,09,0 09,09,1 I7
09,05,1 09,06,0 10,05,0 10,05,1 10,06,0 10,06,1 10,07,0 J7
08,05,1 09,03,1 09,04,0 09,04,1 09,05,0 10,04,0 10,04,1 W7
08,10,1 09,10,0 09,10,1 10,09,0 10,09,1 10,10,0 10,10,1 G7
10,11,0 10,11,1 10,12,0 10,12,1 11,10,0 11,10,1 11,11,0 Z7
09,11,0 09,11,1 09,12,0 09,12,1 09,13,0 09,13,1 10,13,0 L7
07,12,1 08,11,1 08,12,0 08,12,1 08,13,0 08,13,1 08,14,0 P7
11,03,1 11,04,0 11,04,1 11,05,0 12,04,0 12,04,1 13,04,0 T7
12,03,1 13,02,1 13,03,0 13,03,1 14,01,0 14,01,1 14,02,0 Q7
11,02,0 11,02,1 12,01,1 12,02,0 12,02,1 12,03,0 13,02,0 X7
10,01,1 10,02,0 10,02,1 10,03,0 10,03,1 11,01,0 11,03,0 C7
11,01,1 12,00,1 12,01,0 13,00,0 13,00,1 13,01,0 13,01,1 V7

                                      ____
                                     /   /\
                                ____/   /  \____
                               /       /   /    \
                              /   ____/   /   ___\
                              \  /\      /   /   /
        ____                   \/  \    /   /   /
       /    \                  /    \  /   /    \
  ____/___   \____        ____/   ___\/___/___   \
 /       /    \   \      /   /    \          /   /
/       /___   \   \____/   /______\____    /___/
\  /\   \   \  /    \          /   /   /   /
 \/  \___\   \/___   \________/   /   /___/
 /    \       \   \   \          /   /
/      \    ___\   \___\________/   /
\      /\  /    \       \      /   /\
 \____/  \/   ___\    ___\    /   /  \
      \      /    \  /       /\  /   /
       \____/      \/_______/  \/   /
                        \   \      /\
                         \   \____/  \____
                         /       /        \
                        /   ____/   _______\
                        \  /    \  /\      /
                         \/   ___\/  \    /
                         /   /        \   \
                        /   /___    ___\   \
                        \   \   \  /   /   /
                         \___\   \/   /___/
                              \      /
                               \____/

solution 2 (6,624,057 searches):
00,09,1 00,10,0 00,10,1 01,09,1 01,10,0 01,10,1 02,09,0 A7
01,11,0 01,11,1 02,10,0 02,10,1 02,11,0 03,09,1 03,10,0 F7
03,10,1 04,09,0 04,09,1 04,10,0 05,08,1 05,09,0 06,08,0 E7
02,08,1 02,09,1 03,07,1 03,08,0 03,08,1 03,09,0 04,08,0 B7
01,07,1 01,08,0 01,08,1 01,09,0 02,07,0 02,07,1 02,08,0 D7
03,06,1 03,07,0 04,06,0 04,06,1 04,07,0 04,07,1 05,07,0 S7
04,08,1 05,07,1 05,08,0 06,06,1 06,07,0 06,07,1 07,07,0 H7
07,06,0 07,06,1 08,05,1 08,06,0 08,06,1 08,07,0 09,05,0 W7
05,09,1 06,08,1 06,09,0 06,09,1 07,07,1 07,08,0 07,09,0 G7
06,10,0 06,10,1 07,10,0 07,10,1 07,11,0 07,11,1 07,12,0 R7
06,12,1 06,13,0 06,13,1 07,13,0 07,13,1 07,14,0 07,14,1 N7
08,13,0 08,13,1 08,14,0 09,12,1 09,13,0 09,13,1 10,13,0 X7
09,11,0 09,11,1 09,12,0 10,11,0 10,11,1 10,12,0 10,12,1 U7
09,10,0 09,10,1 10,10,0 10,10,1 11,10,0 11,10,1 11,11,0 L7
07,12,1 08,10,0 08,10,1 08,11,0 08,11,1 08,12,0 08,12,1 P7
07,09,1 08,09,0 08,09,1 09,09,0 09,09,1 10,09,0 10,09,1 I7
07,08,1 08,07,1 08,08,0 08,08,1 09,07,1 09,08,0 09,08,1 M7
09,06,1 09,07,0 10,05,1 10,06,0 10,06,1 10,07,0 11,05,0 Y7
09,04,0 09,04,1 09,05,1 09,06,0 10,04,0 10,04,1 10,05,0 V7
09,03,1 10,01,1 10,02,0 10,02,1 10,03,0 10,03,1 11,03,0 T7
11,01,0 11,01,1 11,02,0 12,00,1 12,01,0 13,00,0 13,00,1 Q7
11,02,1 12,02,0 12,02,1 12,03,0 12,03,1 13,02,0 13,03,0 Z7
11,03,1 11,04,0 11,04,1 12,04,0 12,04,1 13,03,1 13,04,0 C7
12,01,1 13,01,0 13,01,1 13,02,1 14,01,0 14,01,1 14,02,0 J7

                                      ____
                                     /   /\
                                ____/   /  \____
                               /       /        \
                              /   ____/___    ___\
                              \  /\      /\  /   /
        ____                   \/  \    /  \/   /
       /    \                  /   /   /       /\
  ____/___   \____        ____/   /   /_______/  \
 /       /    \   \      /       /   /           /
/       /___   \   \____/_______/___/___________/
\  /\   \   \  /    \       \              /
 \/  \___\   \/___   \    ___\____________/
 /    \       \   \   \   \          /
/      \    ___\   \___\   \        /
\      /\  /    \       \  /\  /\  /\
 \____/  \/   ___\    ___\/  \/  \/  \
      \      /    \  /       /\      /
       \____/      \/___    /  \    /
                        \   \   \   \
                         \___\   \___\____
                         /       /        \
                        /_______/   ____   \
                        \       \  /    \  /
                         \    ___\/   ___\/
                         /   /\       \   \
                        /   /  \_______\   \
                        \  /    \          /
                         \/___   \________/
                              \      /
                               \____/

solution 3 (9,992,241 searches):
00,09,1 00,10,0 00,10,1 01,09,1 01,10,0 01,10,1 02,09,0 A7
01,11,0 01,11,1 02,10,0 02,10,1 02,11,0 03,09,1 03,10,0 F7
03,10,1 04,09,0 04,09,1 04,10,0 05,08,1 05,09,0 06,08,0 E7
02,08,1 02,09,1 03,07,1 03,08,0 03,08,1 03,09,0 04,08,0 B7
01,07,1 01,08,0 01,08,1 01,09,0 02,07,0 02,07,1 02,08,0 D7
03,06,1 03,07,0 04,06,0 04,06,1 04,07,0 04,07,1 05,07,0 S7
04,08,1 05,07,1 05,08,0 06,06,1 06,07,0 07,06,0 07,06,1 L7
05,09,1 06,07,1 06,08,1 06,09,0 07,07,0 07,07,1 07,08,0 J7
06,09,1 06,10,0 06,10,1 07,10,0 07,10,1 08,09,1 08,10,0 C7
07,09,1 08,08,1 08,09,0 09,07,1 09,08,0 10,06,1 10,07,0 I7
07,08,1 07,09,0 08,06,0 08,06,1 08,07,0 08,07,1 08,08,0 R7
08,10,1 09,08,1 09,09,0 09,09,1 09,10,0 09,10,1 10,09,0 X7
08,11,1 09,11,0 09,11,1 10,09,1 10,10,0 10,10,1 10,11,0 V7
10,11,1 10,12,0 10,12,1 10,13,0 11,10,0 11,10,1 11,11,0 N7
07,11,0 07,11,1 07,12,0 07,12,1 08,11,0 08,12,0 08,12,1 U7
06,12,1 06,13,0 06,13,1 07,13,0 07,13,1 07,14,0 08,13,0 Q7
07,14,1 08,13,1 08,14,0 09,12,0 09,12,1 09,13,0 09,13,1 T7
08,05,1 09,04,1 09,05,0 09,05,1 09,06,0 09,06,1 09,07,0 P7
10,04,1 10,05,0 10,05,1 10,06,0 11,04,1 11,05,0 12,04,0 G7
12,03,1 12,04,1 13,02,1 13,03,0 13,03,1 13,04,0 14,02,0 Z7
12,01,1 13,00,0 13,00,1 13,01,0 13,01,1 14,01,0 14,01,1 H7
10,01,1 11,01,0 11,01,1 11,02,0 11,02,1 12,00,1 12,01,0 W7
09,03,1 09,04,0 10,02,0 10,02,1 10,03,0 10,03,1 10,04,0 Y7
11,03,0 11,03,1 11,04,0 12,02,0 12,02,1 12,03,0 13,02,0 M7

                                      ____
                                     /\   \
                                ____/  \   \____
                               /        \      /\
                              /   _______\    /  \
                              \  /       /   /   /
        ____                   \/   ____/___/   /
       /    \                  /    \       \   \
  ____/___   \____        ____/______\____   \   \
 /       /    \   \      /        \      /   /   /
/       /___   \   \____/   ____   \    /   /___/
\  /\   \   \  /    \   \  /\   \  /    \  /
 \/  \___\   \/___   \   \/  \   \/   ___\/
 /    \       \   \   \   \   \   \  /
/      \    ___\   \___\   \   \   \/
\      /\  /    \   \      /   /\   \
 \____/  \/   ___\   \____/   /  \   \
      \      /    \      /   /   /\  /
       \____/      \____/___/   /  \/
                        \      /    \
                         \    /      \____
                         /\  /\  /\   \   \
                        /  \/  \/  \___\   \
                        \      /    \      /
                         \    /___   \    /
                         /   /   /    \   \
                        /___/   /______\___\
                        \       \          /
                         \____   \    ____/
                              \  /   /
                               \/___/

solution 4 (9,992,247 searches):
00,09,1 00,10,0 00,10,1 01,09,1 01,10,0 01,10,1 02,09,0 A7
01,11,0 01,11,1 02,10,0 02,10,1 02,11,0 03,09,1 03,10,0 F7
03,10,1 04,09,0 04,09,1 04,10,0 05,08,1 05,09,0 06,08,0 E7
02,08,1 02,09,1 03,07,1 03,08,0 03,08,1 03,09,0 04,08,0 B7
01,07,1 01,08,0 01,08,1 01,09,0 02,07,0 02,07,1 02,08,0 D7
03,06,1 03,07,0 04,06,0 04,06,1 04,07,0 04,07,1 05,07,0 S7
04,08,1 05,07,1 05,08,0 06,06,1 06,07,0 07,06,0 07,06,1 L7
05,09,1 06,07,1 06,08,1 06,09,0 07,07,0 07,07,1 07,08,0 J7
06,09,1 06,10,0 06,10,1 07,10,0 07,10,1 08,09,1 08,10,0 C7
07,09,1 08,08,1 08,09,0 09,07,1 09,08,0 10,06,1 10,07,0 I7
07,08,1 07,09,0 08,06,0 08,06,1 08,07,0 08,07,1 08,08,0 R7
08,10,1 09,08,1 09,09,0 09,09,1 09,10,0 09,10,1 10,09,0 X7
08,11,1 09,11,0 09,11,1 10,09,1 10,10,0 10,10,1 10,11,0 V7
10,11,1 10,12,0 10,12,1 10,13,0 11,10,0 11,10,1 11,11,0 N7
07,11,0 07,11,1 07,12,0 07,12,1 08,11,0 08,12,0 08,12,1 U7
06,12,1 06,13,0 06,13,1 07,13,0 07,13,1 07,14,0 08,13,0 Q7
07,14,1 08,13,1 08,14,0 09,12,0 09,12,1 09,13,0 09,13,1 T7
08,05,1 09,04,1 09,05,0 09,05,1 09,06,0 09,06,1 09,07,0 P7
10,04,1 10,05,0 10,05,1 10,06,0 11,04,1 11,05,0 12,04,0 G7
12,03,1 12,04,1 13,02,1 13,03,0 13,03,1 13,04,0 14,02,0 Z7
12,02,1 13,00,1 13,01,0 13,01,1 13,02,0 14,01,0 14,01,1 W7
10,01,1 11,01,0 11,01,1 12,00,1 12,01,0 12,01,1 13,00,0 H7
09,03,1 09,04,0 10,02,0 10,02,1 10,03,0 10,03,1 10,04,0 Y7
11,02,0 11,02,1 11,03,0 11,03,1 11,04,0 12,02,0 12,03,0 M7

                                      ____
                                     /\   \
                                ____/  \   \____
                               /        \      /\
                              /   _______\    /  \
                              \  /       /   /   /
        ____                   \/   ____/___/   /
       /    \                  /    \       \   \
  ____/___   \____        ____/______\____   \   \
 /       /    \   \      /        \      /   /   /
/       /___   \   \____/   ____   \    /   /___/
\  /\   \   \  /    \   \  /\   \  /    \  /
 \/  \___\   \/___   \   \/  \   \/   ___\/
 /    \       \   \   \   \   \   \  /
/      \    ___\   \___\   \   \   \/
\      /\  /    \   \      /   /\   \
 \____/  \/   ___\   \____/   /  \   \
      \      /    \      /   /   /\  /
       \____/      \____/___/   /  \/
                        \      /    \
                         \    /      \____
                         /\  /\  /\   \   \
                        /  \/  \/  \___\   \
                        \      /    \      /
                         \    /   ___\    /
                         /   /    \   \   \
                        /___/______\   \___\
                        \          /       /
                         \____    /   ____/
                              \   \  /
                               \___\/

solution 5 (10,553,443 searches):
00,09,1 00,10,0 00,10,1 01,09,1 01,10,0 01,10,1 02,09,0 A7
01,11,0 01,11,1 02,10,0 02,10,1 02,11,0 03,09,1 03,10,0 F7
03,10,1 04,09,0 04,09,1 04,10,0 05,08,1 05,09,0 06,08,0 E7
02,08,1 02,09,1 03,07,1 03,08,0 03,08,1 03,09,0 04,08,0 B7
01,07,1 01,08,0 01,08,1 01,09,0 02,07,0 02,07,1 02,08,0 D7
03,06,1 03,07,0 04,06,0 04,06,1 04,07,0 04,07,1 05,07,0 S7
04,08,1 05,07,1 05,08,0 06,06,1 06,07,0 07,06,0 07,06,1 L7
05,09,1 06,07,1 06,08,1 06,09,0 07,07,0 07,07,1 07,08,0 J7
06,09,1 06,10,0 06,10,1 07,10,0 07,10,1 07,11,0 08,10,0 Q7
07,08,1 07,09,0 08,06,0 08,06,1 08,07,0 08,07,1 08,08,0 R7
07,09,1 08,08,1 08,09,0 09,07,1 09,08,0 10,06,1 10,07,0 I7
08,09,1 08,10,1 09,08,1 09,09,0 09,09,1 09,10,0 09,10,1 M7
09,11,1 10,09,0 10,09,1 10,10,0 10,10,1 10,11,0 11,10,0 T7
09,13,1 10,11,1 10,12,0 10,12,1 10,13,0 11,10,1 11,11,0 N7
08,05,1 09,04,1 09,05,0 09,05,1 09,06,0 09,06,1 09,07,0 P7
09,03,1 09,04,0 10,02,0 10,02,1 10,03,0 10,03,1 10,04,0 Y7
10,01,1 11,01,0 11,01,1 11,02,0 12,00,1 12,01,0 13,00,0 H7
10,04,1 10,05,0 10,05,1 10,06,0 11,04,1 11,05,0 12,04,0 G7
12,03,1 12,04,1 13,02,1 13,03,0 13,03,1 13,04,0 14,02,0 Z7
12,02,1 13,00,1 13,01,0 13,01,1 13,02,0 14,01,0 14,01,1 W7
11,02,1 11,03,0 11,03,1 11,04,0 12,01,1 12,02,0 12,03,0 U7
07,12,1 08,11,0 08,11,1 08,12,0 08,12,1 08,13,0 09,11,0 X7
07,14,0 07,14,1 08,13,1 08,14,0 09,12,0 09,12,1 09,13,0 C7
06,12,1 06,13,0 06,13,1 07,11,1 07,12,0 07,13,0 07,13,1 V7

                                      ____
                                     /    \
                                ____/___   \____
                               /       /\   \   \
                              /   ____/  \   \   \
                              \   \      /   /   /
        ____                   \   \    /___/   /
       /    \                  /\  /    \   \   \
  ____/___   \____        ____/  \/______\   \   \
 /       /    \   \      /        \      /    \  /
/       /___   \   \____/   _______\    /   ___\/
\  /\   \   \  /    \   \  /\   \      /   /
 \/  \___\   \/___   \   \/  \   \    /___/
 /    \       \   \   \   \   \   \  /
/      \    ___\   \___\   \   \   \/
\      /\  /    \   \      /   /\   \
 \____/  \/   ___\   \____/   /  \   \
      \      /    \      /   /   /\  /
       \____/      \____/___/   /  \/
                        \      /    \
                         \    /      \____
                         /\  /\  /\   \   \
                        /  \/  \/  \___\   \
                        \      /    \      /
                         \    /   ___\    /
                         /   /\   \   \   \
                        /___/  \   \   \___\
                        \       \  /       /
                         \____   \/   ____/
                              \   \  /
                               \___\/

solution 6 (10,553,489 searches):
00,09,1 00,10,0 00,10,1 01,09,1 01,10,0 01,10,1 02,09,0 A7
01,11,0 01,11,1 02,10,0 02,10,1 02,11,0 03,09,1 03,10,0 F7
03,10,1 04,09,0 04,09,1 04,10,0 05,08,1 05,09,0 06,08,0 E7
02,08,1 02,09,1 03,07,1 03,08,0 03,08,1 03,09,0 04,08,0 B7
01,07,1 01,08,0 01,08,1 01,09,0 02,07,0 02,07,1 02,08,0 D7
03,06,1 03,07,0 04,06,0 04,06,1 04,07,0 04,07,1 05,07,0 S7
04,08,1 05,07,1 05,08,0 06,06,1 06,07,0 07,06,0 07,06,1 L7
05,09,1 06,07,1 06,08,1 06,09,0 07,07,0 07,07,1 07,08,0 J7
06,09,1 06,10,0 06,10,1 07,10,0 07,10,1 07,11,0 08,10,0 Q7
07,08,1 07,09,0 08,06,0 08,06,1 08,07,0 08,07,1 08,08,0 R7
07,09,1 08,08,1 08,09,0 09,07,1 09,08,0 10,06,1 10,07,0 I7
08,09,1 08,10,1 09,08,1 09,09,0 09,09,1 09,10,0 09,10,1 M7
09,11,1 10,09,0 10,09,1 10,10,0 10,10,1 10,11,0 11,10,0 T7
09,13,1 10,11,1 10,12,0 10,12,1 10,13,0 11,10,1 11,11,0 N7
08,05,1 09,04,1 09,05,0 09,05,1 09,06,0 09,06,1 09,07,0 P7
09,03,1 09,04,0 10,02,0 10,02,1 10,03,0 10,03,1 10,04,0 Y7
10,01,1 11,01,0 11,01,1 11,02,0 11,02,1 12,00,1 12,01,0 W7
13,00,0 13,00,1 13,01,0 13,01,1 13,02,0 14,01,0 14,01,1 H7
11,03,0 11,03,1 11,04,0 12,01,1 12,02,0 12,02,1 12,03,0 U7
10,04,1 10,05,0 10,05,1 10,06,0 11,04,1 11,05,0 12,04,0 G7
12,03,1 12,04,1 13,02,1 13,03,0 13,03,1 13,04,0 14,02,0 Z7
07,12,1 08,11,0 08,11,1 08,12,0 08,12,1 08,13,0 09,11,0 X7
07,14,0 07,14,1 08,13,1 08,14,0 09,12,0 09,12,1 09,13,0 C7
06,12,1 06,13,0 06,13,1 07,11,1 07,12,0 07,13,0 07,13,1 V7

                                      ____
                                     /    \
                                ____/___   \____
                               /       /\   \   \
                              /   ____/  \   \   \
                              \   \      /   /   /
        ____                   \   \    /___/   /
       /    \                  /\  /    \   \   \
  ____/___   \____        ____/  \/______\   \   \
 /       /    \   \      /        \      /    \  /
/       /___   \   \____/   _______\    /   ___\/
\  /\   \   \  /    \   \  /\   \      /   /
 \/  \___\   \/___   \   \/  \   \    /___/
 /    \       \   \   \   \   \   \  /
/      \    ___\   \___\   \   \   \/
\      /\  /    \   \      /   /\   \
 \____/  \/   ___\   \____/   /  \   \
      \      /    \      /   /   /\  /
       \____/      \____/___/   /  \/
                        \      /    \
                         \    /      \____
                         /\  /\  /\   \   \
                        /  \/  \/  \___\   \
                        \      /    \      /
                         \    /___   \    /
                         /   /   /   /\   \
                        /___/   /   /  \___\
                        \       \  /       /
                         \____   \/   ____/
                              \  /   /
                               \/___/

solution 7 (13,151,621 searches):
00,09,1 00,10,0 00,10,1 01,09,1 01,10,0 01,10,1 02,09,0 A7
01,11,0 01,11,1 02,10,0 02,10,1 02,11,0 03,09,1 03,10,0 F7
03,10,1 04,09,0 04,09,1 04,10,0 05,08,1 05,09,0 06,08,0 E7
02,08,1 02,09,1 03,07,1 03,08,0 03,08,1 03,09,0 04,08,0 B7
01,07,1 01,08,0 01,08,1 01,09,0 02,07,0 02,07,1 02,08,0 D7
03,06,1 03,07,0 04,06,0 04,06,1 04,07,0 04,07,1 05,07,0 S7
04,08,1 05,07,1 05,08,0 06,06,1 06,07,0 07,06,0 07,06,1 L7
06,07,1 07,07,0 07,07,1 08,06,0 08,06,1 08,07,0 09,06,0 U7
05,09,1 06,09,0 06,09,1 06,10,0 06,10,1 07,09,0 07,09,1 Y7
06,08,1 07,08,0 07,08,1 08,07,1 08,08,0 09,06,1 09,07,0 R7
09,05,1 09,07,1 10,05,0 10,05,1 10,06,0 10,06,1 10,07,0 C7
08,05,1 09,03,1 09,04,0 09,04,1 09,05,0 10,04,0 10,04,1 W7
08,08,1 09,08,0 09,08,1 09,09,0 09,09,1 09,10,0 10,09,0 Q7
08,09,0 08,09,1 08,10,0 08,10,1 08,11,0 08,11,1 08,12,0 I7
06,12,1 07,10,0 07,10,1 07,11,0 07,11,1 07,12,0 07,12,1 P7
06,13,0 06,13,1 07,13,0 07,13,1 07,14,0 07,14,1 08,14,0 N7
09,10,1 09,11,0 10,09,1 10,10,0 10,10,1 11,10,0 11,10,1 T7
09,12,1 10,11,0 10,11,1 10,12,0 10,12,1 10,13,0 11,11,0 X7
08,12,1 08,13,0 08,13,1 09,11,1 09,12,0 09,13,0 09,13,1 V7
11,03,0 11,03,1 11,04,0 11,04,1 11,05,0 12,03,0 12,04,0 M7
12,03,1 12,04,1 13,02,1 13,03,0 13,03,1 13,04,0 14,02,0 Z7
10,01,1 10,02,0 10,02,1 10,03,0 10,03,1 11,01,0 11,01,1 J7
11,02,0 11,02,1 12,00,1 12,01,0 12,01,1 12,02,0 12,02,1 G7
13,00,0 13,00,1 13,01,0 13,01,1 13,02,0 14,01,0 14,01,1 H7

                                      ____
                                     /    \
                                ____/   ___\____
                               /       /       /\
                              /_______/   ____/  \
                              \      /\   \      /
        ____                   \    /  \   \    /
       /    \                  /   /   /\  /    \
  ____/___   \____        ____/   /   /  \/______\
 /       /    \   \      /   /   /   /\          /
/       /___   \   \____/   /___/   /  \    ____/
\  /\   \   \  /    \          /   /    \  /
 \/  \___\   \/___   \________/___/   ___\/
 /    \       \   \   \       \      /
/      \    ___\   \___\____   \____/
\      /\  /    \   \       \   \   \
 \____/  \/   ___\   \____   \   \   \
      \      /    \      /    \  /   /
       \____/      \____/______\/   /
                        \   \      /\
                         \   \____/  \____
                         /       /    \   \
                        /   ____/   ___\   \
                        \  /   /    \      /
                         \/   /______\    /
                         /   /       /\   \
                        /   /___    /  \___\
                        \      /   /       /
                         \____/   /   ____/
                              \  /   /
                               \/___/

solution 8 (13,151,734 searches):
00,09,1 00,10,0 00,10,1 01,09,1 01,10,0 01,10,1 02,09,0 A7
01,11,0 01,11,1 02,10,0 02,10,1 02,11,0 03,09,1 03,10,0 F7
03,10,1 04,09,0 04,09,1 04,10,0 05,08,1 05,09,0 06,08,0 E7
02,08,1 02,09,1 03,07,1 03,08,0 03,08,1 03,09,0 04,08,0 B7
01,07,1 01,08,0 01,08,1 01,09,0 02,07,0 02,07,1 02,08,0 D7
03,06,1 03,07,0 04,06,0 04,06,1 04,07,0 04,07,1 05,07,0 S7
04,08,1 05,07,1 05,08,0 06,06,1 06,07,0 07,06,0 07,06,1 L7
06,07,1 07,07,0 07,07,1 08,06,0 08,06,1 08,07,0 09,06,0 U7
05,09,1 06,09,0 06,09,1 06,10,0 06,10,1 07,09,0 07,09,1 Y7
06,08,1 07,08,0 07,08,1 08,07,1 08,08,0 09,06,1 09,07,0 R7
09,05,1 09,07,1 10,05,0 10,05,1 10,06,0 10,06,1 10,07,0 C7
08,05,1 09,03,1 09,04,0 09,04,1 09,05,0 10,04,0 10,04,1 W7
08,08,1 09,08,0 09,08,1 09,09,0 09,09,1 09,10,0 10,09,0 Q7
08,09,0 08,09,1 08,10,0 08,10,1 08,11,0 08,11,1 08,12,0 I7
06,12,1 07,10,0 07,10,1 07,11,0 07,11,1 07,12,0 07,12,1 P7
06,13,0 06,13,1 07,13,0 07,13,1 07,14,0 08,12,1 08,13,0 T7
07,14,1 08,13,1 08,14,0 09,13,0 09,13,1 10,12,1 10,13,0 N7
09,10,1 10,09,1 10,10,0 10,10,1 10,11,0 11,10,0 11,10,1 X7
09,11,0 09,11,1 09,12,0 09,12,1 10,11,1 10,12,0 11,11,0 V7
11,03,0 11,03,1 11,04,0 11,04,1 11,05,0 12,03,0 12,04,0 M7
12,03,1 12,04,1 13,02,1 13,03,0 13,03,1 13,04,0 14,02,0 Z7
10,01,1 10,02,0 10,02,1 10,03,0 10,03,1 11,01,0 11,01,1 J7
11,02,0 11,02,1 12,00,1 12,01,0 12,01,1 12,02,0 12,02,1 G7
13,00,0 13,00,1 13,01,0 13,01,1 13,02,0 14,01,0 14,01,1 H7

                                      ____
                                     /\   \
                                ____/  \   \____
                               /        \       \
                              /_______   \____   \
                              \      /\  /    \  /
        ____                   \    /  \/      \/
       /    \                  /   /   /   /\   \
  ____/___   \____        ____/   /   /___/  \___\
 /       /    \   \      /   /   /   /\          /
/       /___   \   \____/   /___/   /  \    ____/
\  /\   \   \  /    \          /   /    \  /
 \/  \___\   \/___   \________/___/   ___\/
 /    \       \   \   \       \      /
/      \    ___\   \___\____   \____/
\      /\  /    \   \       \   \   \
 \____/  \/   ___\   \____   \   \   \
      \      /    \      /    \  /   /
       \____/      \____/______\/   /
                        \   \      /\
                         \   \____/  \____
                         /       /    \   \
                        /   ____/   ___\   \
                        \  /   /    \      /
                         \/   /______\    /
                         /   /       /\   \
                        /   /___    /  \___\
                        \      /   /       /
                         \____/   /   ____/
                              \  /   /
                               \/___/

solution 9 (13,363,961 searches):
00,09,1 00,10,0 00,10,1 01,09,1 01,10,0 01,10,1 02,09,0 A7
01,11,0 01,11,1 02,10,0 02,10,1 02,11,0 03,09,1 03,10,0 F7
03,10,1 04,09,0 04,09,1 04,10,0 05,08,1 05,09,0 06,08,0 E7
02,08,1 02,09,1 03,07,1 03,08,0 03,08,1 03,09,0 04,08,0 B7
01,07,1 01,08,0 01,08,1 01,09,0 02,07,0 02,07,1 02,08,0 D7
03,06,1 03,07,0 04,06,0 04,06,1 04,07,0 04,07,1 05,07,0 S7
04,08,1 05,07,1 05,08,0 06,06,1 06,07,0 07,06,0 07,06,1 L7
06,07,1 07,07,0 07,07,1 08,05,1 08,06,0 08,06,1 08,07,0 V7
05,09,1 06,08,1 06,09,0 06,09,1 07,08,0 07,09,0 07,09,1 G7
06,10,0 06,10,1 07,10,0 07,10,1 08,09,0 08,09,1 08,10,0 J7
07,08,1 08,07,1 08,08,0 08,08,1 09,07,1 09,08,0 10,07,0 U7
09,08,1 09,09,0 09,09,1 09,10,0 09,10,1 10,09,0 10,09,1 Y7
09,04,0 09,04,1 09,05,0 09,05,1 09,06,0 09,06,1 09,07,0 I7
10,05,1 10,06,0 10,06,1 11,04,1 11,05,0 12,04,0 12,04,1 C7
12,03,1 13,02,1 13,03,0 13,03,1 13,04,0 14,01,1 14,02,0 H7
09,03,1 10,02,1 10,03,0 10,03,1 10,04,0 10,04,1 10,05,0 P7
10,01,1 10,02,0 11,01,0 11,01,1 12,00,1 12,01,0 12,01,1 Q7
11,02,0 11,02,1 11,03,0 11,03,1 11,04,0 12,02,0 12,03,0 M7
12,02,1 13,00,0 13,00,1 13,01,0 13,01,1 13,02,0 14,01,0 T7
09,11,0 09,11,1 10,10,0 10,10,1 10,11,0 11,10,0 11,10,1 Z7
09,12,0 09,12,1 10,11,1 10,12,0 10,12,1 10,13,0 11,11,0 W7
08,11,1 08,12,0 08,12,1 08,13,0 08,13,1 09,13,0 09,13,1 R7
06,13,0 06,13,1 07,13,0 07,13,1 07,14,0 07,14,1 08,14,0 N7
06,12,1 07,11,0 07,11,1 07,12,0 07,12,1 08,10,1 08,11,0 X7

                                      ____
                                     /    \
                                ____/   ___\____
                               /       /       /\
                              /_______/   ____/  \
                              \      /   /       /
        ____                   \    /   /___    /
       /    \                  /    \  /    \   \
  ____/___   \____        ____/___   \/___   \___\
 /       /    \   \      /        \  /   /       /
/       /___   \   \____/_______   \/   /_______/
\  /\   \   \  /    \          /   /       /
 \/  \___\   \/___   \    ____/___/   ____/
 /    \       \   \   \   \       \  /
/      \    ___\   \___\___\       \/
\      /\  /    \   \       \  /\   \
 \____/  \/   ___\   \____   \/  \___\
      \      /    \      /   /   /   /
       \____/      \____/   /   /   /
                        \  /   /\   \
                         \/   /  \   \____
                         /   /   /\      /\
                        /___/   /  \____/  \
                        \      /    \      /
                         \    /   ___\    /
                         /\  /    \   \   \
                        /  \/______\   \   \
                        \          /    \  /
                         \____    /   ___\/
                              \  /   /
                               \/___/

solution 10 (13,592,394 searches):
00,09,1 00,10,0 00,10,1 01,09,1 01,10,0 01,10,1 02,09,0 A7
01,11,0 01,11,1 02,10,0 02,10,1 02,11,0 03,09,1 03,10,0 F7
03,10,1 04,09,0 04,09,1 04,10,0 05,08,1 05,09,0 06,08,0 E7
02,08,1 02,09,1 03,07,1 03,08,0 03,08,1 03,09,0 04,08,0 B7
01,07,1 01,08,0 01,08,1 01,09,0 02,07,0 02,07,1 02,08,0 D7
03,06,1 03,07,0 04,06,0 04,06,1 04,07,0 04,07,1 05,07,0 S7
04,08,1 05,07,1 05,08,0 06,06,1 06,07,0 07,06,0 07,06,1 L7
06,07,1 07,07,0 07,07,1 08,05,1 08,06,0 08,06,1 08,07,0 V7
05,09,1 06,08,1 06,09,0 06,09,1 06,10,0 06,10,1 07,10,0 Q7
07,08,0 07,08,1 07,09,0 07,09,1 08,07,1 08,08,0 09,07,0 T7
10,05,1 10,06,0 10,06,1 10,07,0 11,04,1 11,05,0 12,04,0 R7
12,03,1 12,04,1 13,02,1 13,03,0 13,03,1 13,04,0 14,02,0 Z7
09,03,1 09,04,0 09,04,1 09,05,0 09,05,1 09,06,0 09,06,1 I7
12,02,1 13,00,1 13,01,0 13,01,1 13,02,0 14,01,0 14,01,1 W7
10,01,1 11,01,0 11,01,1 12,00,1 12,01,0 12,01,1 13,00,0 H7
08,08,1 09,07,1 09,08,0 09,08,1 09,09,0 09,09,1 09,10,0 P7
07,10,1 07,11,0 08,09,0 08,09,1 08,10,0 08,10,1 08,11,0 Y7
09,10,1 10,09,0 10,09,1 10,10,0 10,10,1 10,11,0 11,10,0 X7
09,11,1 09,12,0 09,12,1 10,11,1 10,12,0 11,10,1 11,11,0 J7
08,12,1 08,13,0 08,13,1 09,13,0 09,13,1 10,12,1 10,13,0 C7
06,13,0 06,13,1 07,13,0 07,13,1 07,14,0 07,14,1 08,14,0 N7
06,12,1 07,11,1 07,12,0 07,12,1 08,11,1 08,12,0 09,11,0 U7
10,02,0 10,02,1 10,03,0 10,03,1 11,02,0 11,02,1 12,02,0 G7
10,04,0 10,04,1 10,05,0 11,03,0 11,03,1 11,04,0 12,03,0 M7

                                      ____
                                     /    \
                                ____/   ___\____
                               /       /        \
                              /_______/   ____   \
                              \       \  /    \  /
        ____                   \       \/      \/
       /    \                  /\  /\   \  /\   \
  ____/___   \____        ____/  \/  \___\/  \   \
 /       /    \   \      /    \      /\       \  /
/       /___   \   \____/   ___\    /  \    ___\/
\  /\   \   \  /    \      /   /   /   /   /
 \/  \___\   \/___   \    /   /___/   /___/
 /    \       \   \   \  /    \      /
/      \    ___\   \___\/___   \    /
\      /\  /    \   \       \   \  /\
 \____/  \/   ___\   \____   \___\/  \
      \      /    \      /   /   /   /
       \____/      \____/   /   /   /
                        \  /   /\   \
                         \/   /  \   \____
                         /   /    \   \   \
                        /   /___   \___\   \
                        \  /   /    \      /
                         \/   /______\    /
                         /        \   \   \
                        /__________\   \___\
                        \          /       /
                         \____    /   ____/
                              \   \  /
                               \___\/

User-requested solution limit reached.
10 solutions, 13,592,394 searches, duration 0:05:19.429750
