solving HeptiamondsButterfly10x6:

solution 1 (22,552 searches):
00,11,1 01,10,1 01,11,0 01,11,1 02,10,0 02,10,1 02,11,0 D7
07,11,0 07,11,1 08,10,1 08,11,0 08,11,1 09,11,0 09,11,1 E7
08,09,1 08,10,0 09,08,1 09,09,0 09,09,1 09,10,0 09,10,1 G7
06,00,0 06,00,1 06,01,0 06,01,1 06,02,0 07,01,0 07,01,1 H7
07,00,0 07,00,1 08,00,0 08,00,1 09,00,0 09,00,1 10,00,0 I7
12,00,1 12,01,0 13,00,0 13,00,1 14,00,0 14,00,1 15,00,0 L7
11,02,0 11,02,1 12,01,1 12,02,0 13,01,0 13,01,1 14,01,0 N7
10,03,0 10,03,1 11,03,0 11,03,1 12,02,1 12,03,0 13,02,0 R7
09,04,0 09,04,1 09,05,0 10,04,0 10,04,1 10,05,0 11,04,0 M7
10,01,1 10,02,0 10,02,1 11,00,1 11,01,0 11,01,1 12,00,0 F7
09,01,0 09,01,1 09,02,0 09,02,1 10,00,1 10,01,0 11,00,0 T7
06,02,1 06,03,0 07,02,0 07,02,1 08,01,0 08,01,1 08,02,0 S7
07,04,1 08,03,1 08,04,0 08,04,1 08,05,0 09,03,0 09,03,1 A7
06,03,1 06,04,0 07,03,0 07,03,1 07,04,0 08,02,1 08,03,0 Z7
05,06,1 06,04,1 06,05,0 06,05,1 06,06,0 06,06,1 07,05,0 X7
06,07,1 07,05,1 07,06,0 07,06,1 07,07,0 08,05,1 08,06,0 Y7
08,06,1 09,05,1 09,06,0 09,06,1 09,07,0 09,07,1 09,08,0 P7
02,09,1 03,09,0 03,09,1 03,10,0 03,10,1 04,08,1 04,09,0 W7
03,08,1 04,07,1 04,08,0 05,07,0 05,07,1 05,08,0 06,07,0 U7
02,11,1 03,11,0 03,11,1 04,09,1 04,10,0 04,10,1 04,11,0 V7
04,11,1 05,09,0 05,09,1 05,10,0 05,10,1 05,11,0 06,09,0 Q7
05,08,1 06,08,0 06,08,1 06,09,1 07,08,0 07,08,1 07,09,0 J7
07,07,1 07,09,1 08,07,0 08,07,1 08,08,0 08,08,1 08,09,0 C7
05,11,1 06,10,0 06,10,1 06,11,0 06,11,1 07,10,0 07,10,1 B7

________________________________________
\       \       \   \      /           /
 \       \____   \   \    /___    ____/
  \      /   /   /   /       /\  /   /
   \____/   /   /   /_______/  \/   /
    \       \  /    \   \   \      /
     \____   \/______\   \   \    /
      \   \  /\          /   /\  /
       \   \/  \________/   /  \/
        \       \   \      /   /
         \_______\   \____/   /
          \      /    \      /
           \    /      \    /
           /    \  /\  /\  /\
          /   ___\/  \/  \/  \
         /\  /\      /        \
        /  \/  \    /__________\
       /\       \      /        \
      /  \____   \____/_______   \
     /\       \  /   /   /    \   \
    /  \____   \/   /   /___   \___\
   /       /   /    \      /\       \
  /   ____/___/___   \    /  \_______\
 /   /            \   \   \           \
/___/______________\___\___\___________\

solution 2 (46,159 searches):
00,11,1 01,10,1 01,11,0 01,11,1 02,10,0 02,10,1 02,11,0 D7
07,11,0 07,11,1 08,10,1 08,11,0 08,11,1 09,11,0 09,11,1 E7
08,09,1 08,10,0 09,08,1 09,09,0 09,09,1 09,10,0 09,10,1 G7
06,00,0 06,00,1 06,01,0 06,01,1 06,02,0 07,01,0 07,01,1 H7
07,00,0 07,00,1 08,00,0 08,00,1 09,00,0 09,00,1 10,00,0 I7
12,00,1 12,01,0 13,00,0 13,00,1 14,00,0 14,00,1 15,00,0 L7
11,02,0 11,02,1 12,01,1 12,02,0 13,01,0 13,01,1 14,01,0 N7
10,03,0 10,03,1 11,03,0 11,03,1 12,02,1 12,03,0 13,02,0 R7
09,05,0 09,05,1 09,06,0 10,04,0 10,04,1 10,05,0 11,04,0 M7
10,00,1 10,01,1 11,00,0 11,00,1 11,01,0 11,01,1 12,00,0 B7
09,02,1 09,03,0 09,03,1 09,04,0 09,04,1 10,02,0 10,02,1 J7
07,03,1 08,02,1 08,03,0 09,01,0 09,01,1 09,02,0 10,01,0 P7
06,02,1 06,03,0 07,02,0 07,02,1 08,01,0 08,01,1 08,02,0 S7
06,03,1 06,04,0 06,04,1 06,05,0 06,05,1 07,03,0 07,05,0 C7
07,04,0 07,04,1 07,05,1 08,03,1 08,04,0 08,04,1 08,05,0 A7
02,09,1 03,08,1 03,09,0 03,09,1 03,10,0 03,10,1 04,08,0 T7
02,11,1 03,11,0 03,11,1 04,09,1 04,10,0 04,10,1 04,11,0 V7
04,07,1 04,08,1 04,09,0 05,06,1 05,07,0 05,07,1 05,08,0 U7
06,06,0 06,06,1 06,07,0 07,06,0 07,06,1 08,05,1 08,06,0 Q7
04,11,1 05,09,1 05,10,0 05,10,1 05,11,0 05,11,1 06,10,0 X7
06,10,1 06,11,0 06,11,1 07,09,1 07,10,0 07,10,1 08,09,0 F7
05,08,1 05,09,0 06,07,1 06,08,0 06,08,1 06,09,0 07,07,0 Y7
06,09,1 07,07,1 07,08,0 07,08,1 07,09,0 08,08,0 08,08,1 W7
08,06,1 08,07,0 08,07,1 09,06,1 09,07,0 09,07,1 09,08,0 Z7

________________________________________
\       \       \      /   /           /
 \       \____   \    /   /___    ____/
  \      /   /   /    \      /\  /   /
   \____/   /   /   ___\    /  \/   /
    \      /\  /\  /\   \   \      /
     \    /  \/  \/  \   \___\    /
      \   \   \      /       /\  /
       \___\   \    /   ____/  \/
        \      /\   \  /       /
         \    /  \___\/       /
          \  /        \  /\  /
           \/_______   \/  \/
           /    \   \  /    \
          /   ___\   \/___   \
         /   /       /   /    \
        /   /___    /   /______\
       /\   \   \  /   /        \
      /  \___\   \/   /_______   \
     /\       \   \      /    \   \
    /  \____   \   \____/___   \___\
   /       /   /    \      /\       \
  /   ____/___/______\    /  \_______\
 /   /            \       \           \
/___/______________\_______\___________\

solution 3 (68,690 searches):
00,11,1 01,10,1 01,11,0 01,11,1 02,10,0 02,10,1 02,11,0 D7
07,11,0 07,11,1 08,10,1 08,11,0 08,11,1 09,11,0 09,11,1 E7
08,09,1 08,10,0 09,08,1 09,09,0 09,09,1 09,10,0 09,10,1 G7
06,00,0 06,00,1 06,01,0 06,01,1 06,02,0 07,01,0 07,01,1 H7
07,00,0 07,00,1 08,00,0 08,00,1 09,00,0 09,00,1 10,00,0 I7
12,00,1 12,01,0 13,00,0 13,00,1 14,00,0 14,00,1 15,00,0 L7
11,02,0 11,02,1 12,01,1 12,02,0 13,01,0 13,01,1 14,01,0 N7
10,03,0 10,03,1 11,03,0 11,03,1 12,02,1 12,03,0 13,02,0 R7
09,05,0 09,05,1 09,06,0 10,04,0 10,04,1 10,05,0 11,04,0 M7
10,01,1 10,02,0 10,02,1 11,00,1 11,01,0 11,01,1 12,00,0 F7
09,01,0 09,01,1 09,02,0 09,02,1 10,00,1 10,01,0 11,00,0 T7
06,02,1 06,03,0 07,02,0 07,02,1 08,01,0 08,01,1 08,02,0 S7
02,09,1 03,08,1 03,09,0 03,09,1 03,10,0 03,10,1 04,09,0 X7
02,11,1 03,11,0 03,11,1 04,09,1 04,10,0 04,10,1 04,11,0 V7
04,11,1 05,10,1 05,11,0 05,11,1 06,09,0 06,09,1 06,10,0 Q7
06,10,1 06,11,0 06,11,1 07,09,0 07,09,1 07,10,0 07,10,1 Z7
04,08,1 05,07,1 05,08,0 05,08,1 05,09,0 05,09,1 05,10,0 P7
04,07,1 04,08,0 05,06,1 05,07,0 06,06,0 06,06,1 06,07,0 J7
08,07,1 08,08,1 08,09,0 09,06,1 09,07,0 09,07,1 09,08,0 U7
06,08,0 06,08,1 07,07,1 07,08,0 07,08,1 08,07,0 08,08,0 Y7
06,07,1 07,05,1 07,06,0 07,06,1 07,07,0 08,06,0 08,06,1 W7
08,04,0 08,04,1 08,05,0 08,05,1 09,03,1 09,04,0 09,04,1 B7
07,03,1 07,04,0 07,04,1 08,02,1 08,03,0 08,03,1 09,03,0 A7
06,03,1 06,04,0 06,04,1 06,05,0 06,05,1 07,03,0 07,05,0 C7

________________________________________
\       \       \      /   /           /
 \       \____   \    /   /___    ____/
  \      /   /   /\   \      /\  /   /
   \____/   /   /  \   \    /  \/   /
    \       \  /   /   /   /\      /
     \    ___\/   /___/___/  \    /
      \  /\      /        \   \  /
       \/  \    /___    ___\   \/
        \   \  /\   \   \      /
         \   \/  \   \___\    /
          \      /       /\  /
           \____/   ____/  \/
           /    \  /   /    \
          /   ___\/   /___   \
         /   /   /       /    \
        /   /   /___    /______\
       /\   \       \  /        \
      /  \___\    ___\/_______   \
     /\       \  /   /   /    \   \
    /  \____   \/   /   /___   \___\
   /       /   /    \      /\       \
  /   ____/___/___   \    /  \_______\
 /   /            \   \   \           \
/___/______________\___\___\___________\

solution 4 (229,805 searches):
00,11,1 01,10,1 01,11,0 01,11,1 02,10,0 02,10,1 02,11,0 D7
07,11,0 07,11,1 08,10,1 08,11,0 08,11,1 09,11,0 09,11,1 E7
08,09,1 08,10,0 09,08,1 09,09,0 09,09,1 09,10,0 09,10,1 G7
06,00,0 06,00,1 06,01,0 06,01,1 06,02,0 07,01,0 07,01,1 H7
07,00,0 07,00,1 08,00,0 08,00,1 09,00,0 09,00,1 10,00,0 I7
12,00,1 12,01,0 13,00,0 13,00,1 14,00,0 14,00,1 15,00,0 L7
11,02,0 11,02,1 12,01,1 12,02,0 13,01,0 13,01,1 14,01,0 N7
10,03,0 10,03,1 11,03,0 11,03,1 12,02,1 12,03,0 13,02,0 R7
08,06,1 09,05,1 09,06,0 10,04,0 10,04,1 10,05,0 11,04,0 P7
10,01,1 10,02,0 10,02,1 11,00,1 11,01,0 11,01,1 12,00,0 F7
09,01,0 09,01,1 09,02,0 09,02,1 10,00,1 10,01,0 11,00,0 T7
06,02,1 06,03,0 07,02,0 07,02,1 08,01,0 08,01,1 08,02,0 S7
08,07,1 08,08,1 08,09,0 09,06,1 09,07,0 09,07,1 09,08,0 U7
02,09,1 02,11,1 03,09,0 03,09,1 03,10,0 03,10,1 03,11,0 C7
03,08,1 04,07,1 04,08,0 04,08,1 04,09,0 05,07,0 05,07,1 A7
03,11,1 04,10,1 04,11,0 04,11,1 05,10,1 05,11,0 05,11,1 M7
06,10,1 06,11,0 06,11,1 07,09,0 07,09,1 07,10,0 07,10,1 Z7
04,09,1 04,10,0 05,08,0 05,08,1 05,09,0 05,09,1 05,10,0 Y7
06,08,1 06,09,0 06,09,1 06,10,0 07,08,0 07,08,1 08,08,0 V7
06,07,1 06,08,0 07,06,0 07,06,1 07,07,0 07,07,1 08,07,0 W7
05,06,1 06,05,0 06,05,1 06,06,0 06,06,1 06,07,0 07,05,0 X7
07,05,1 08,04,1 08,05,0 08,05,1 08,06,0 09,04,1 09,05,0 B7
07,03,1 08,02,1 08,03,0 08,03,1 09,03,0 09,03,1 09,04,0 Q7
06,03,1 06,04,0 06,04,1 07,03,0 07,04,0 07,04,1 08,04,0 J7

________________________________________
\       \   \          /   /           /
 \       \   \        /   /___    ____/
  \      /   /\  /\  /\      /\  /   /
   \____/   /  \/  \/  \    /  \/   /
    \      /\      /   /   /\      /
     \____/  \    /   /___/  \    /
      \      /   /\       \   \  /
       \    /___/  \_______\   \/
        \      /\       \      /
         \____/  \    ___\    /
          \      /   /\   \  /
           \    /___/  \   \/
           /    \       \   \
          /______\       \   \
         /        \  /\  /    \
        /   _______\/  \/______\
       /\   \          /        \
      /  \___\    ____/_______   \
     /\       \  /   /   /    \   \
    /  \____   \/   /   /___   \___\
   /       /   /    \      /\       \
  /   ____/___/___   \    /  \_______\
 /   /            \   \   \           \
/___/______________\___\___\___________\

solution 5 (232,004 searches):
00,11,1 01,10,1 01,11,0 01,11,1 02,10,0 02,10,1 02,11,0 D7
07,11,0 07,11,1 08,10,1 08,11,0 08,11,1 09,11,0 09,11,1 E7
08,09,1 08,10,0 09,08,1 09,09,0 09,09,1 09,10,0 09,10,1 G7
06,00,0 06,00,1 06,01,0 06,01,1 06,02,0 07,01,0 07,01,1 H7
07,00,0 07,00,1 08,00,0 08,00,1 09,00,0 09,00,1 10,00,0 I7
12,00,1 12,01,0 13,00,0 13,00,1 14,00,0 14,00,1 15,00,0 L7
11,02,0 11,02,1 12,01,1 12,02,0 13,01,0 13,01,1 14,01,0 N7
10,03,0 10,03,1 11,03,0 11,03,1 12,02,1 12,03,0 13,02,0 R7
08,06,1 09,05,1 09,06,0 10,04,0 10,04,1 10,05,0 11,04,0 P7
10,01,1 10,02,0 10,02,1 11,00,1 11,01,0 11,01,1 12,00,0 F7
09,01,0 09,01,1 09,02,0 09,02,1 10,00,1 10,01,0 11,00,0 T7
06,02,1 06,03,0 07,02,0 07,02,1 08,01,0 08,01,1 08,02,0 S7
08,07,1 08,08,1 08,09,0 09,06,1 09,07,0 09,07,1 09,08,0 U7
02,09,1 02,11,1 03,09,0 03,09,1 03,10,0 03,10,1 03,11,0 C7
03,08,1 04,07,1 04,08,0 05,07,0 05,07,1 05,08,0 05,08,1 V7
04,08,1 04,09,0 04,09,1 04,10,0 05,09,0 05,09,1 05,10,0 Z7
03,11,1 04,10,1 04,11,0 04,11,1 05,10,1 05,11,0 05,11,1 M7
06,09,1 06,10,0 06,10,1 06,11,0 06,11,1 07,10,0 07,10,1 Y7
06,08,1 06,09,0 07,08,0 07,08,1 07,09,0 07,09,1 08,08,0 A7
06,07,1 06,08,0 07,06,0 07,06,1 07,07,0 07,07,1 08,07,0 W7
05,06,1 06,05,0 06,05,1 06,06,0 06,06,1 06,07,0 07,05,0 X7
07,05,1 08,04,1 08,05,0 08,05,1 08,06,0 09,04,1 09,05,0 B7
07,03,1 08,02,1 08,03,0 08,03,1 09,03,0 09,03,1 09,04,0 Q7
06,03,1 06,04,0 06,04,1 07,03,0 07,04,0 07,04,1 08,04,0 J7

________________________________________
\       \   \          /   /           /
 \       \   \        /   /___    ____/
  \      /   /\  /\  /       /\  /   /
   \____/   /  \/  \/   ____/  \/   /
    \      /       /\  /   /\      /
     \____/   ____/  \/   /  \    /
      \   \  /   /\       \   \  /
       \   \/   /  \_______\   \/
        \      /\       \      /
         \____/  \    ___\    /
          \      /   /\   \  /
           \    /___/  \   \/
           /    \       \   \
          /______\       \   \
         /        \  /\  /    \
        /   _______\/  \/______\
       /\   \          /        \
      /  \___\    ____/_______   \
     /\       \  /   /   /    \   \
    /  \____   \/   /   /___   \___\
   /       /   /    \      /\       \
  /   ____/___/___   \    /  \_______\
 /   /            \   \   \           \
/___/______________\___\___\___________\

solution 6 (314,373 searches):
00,11,1 01,10,1 01,11,0 01,11,1 02,10,0 02,10,1 02,11,0 D7
07,11,0 07,11,1 08,10,1 08,11,0 08,11,1 09,11,0 09,11,1 E7
08,09,1 08,10,0 09,08,1 09,09,0 09,09,1 09,10,0 09,10,1 G7
06,00,0 06,00,1 06,01,0 06,01,1 06,02,0 07,01,0 07,01,1 H7
07,00,0 07,00,1 08,00,0 08,00,1 09,00,0 09,00,1 10,00,0 I7
12,00,1 12,01,0 13,00,0 13,00,1 14,00,0 14,00,1 15,00,0 L7
11,02,0 11,02,1 12,01,1 12,02,0 13,01,0 13,01,1 14,01,0 N7
10,03,0 10,03,1 11,03,0 11,03,1 12,02,1 12,03,0 13,02,0 R7
09,03,1 09,04,0 09,04,1 10,04,0 10,04,1 10,05,0 11,04,0 Q7
10,01,1 10,02,0 10,02,1 11,00,1 11,01,0 11,01,1 12,00,0 F7
09,01,0 09,01,1 09,02,0 09,02,1 10,00,1 10,01,0 11,00,0 T7
06,02,1 06,03,0 07,02,0 07,02,1 08,01,0 08,01,1 08,02,0 S7
02,09,1 02,11,1 03,09,0 03,09,1 03,10,0 03,10,1 03,11,0 C7
03,08,1 04,07,1 04,08,0 04,08,1 04,09,0 04,09,1 04,10,0 P7
03,11,1 04,10,1 04,11,0 04,11,1 05,10,1 05,11,0 05,11,1 M7
06,10,1 06,11,0 06,11,1 07,09,0 07,09,1 07,10,0 07,10,1 Z7
05,09,0 05,09,1 05,10,0 06,08,1 06,09,0 06,09,1 06,10,0 B7
08,07,1 08,08,1 08,09,0 09,06,1 09,07,0 09,07,1 09,08,0 U7
07,07,1 07,08,0 07,08,1 08,06,1 08,07,0 08,08,0 09,06,0 J7
07,06,1 08,04,1 08,05,0 08,05,1 08,06,0 09,05,0 09,05,1 W7
07,03,0 07,03,1 08,02,1 08,03,0 08,03,1 08,04,0 09,03,0 X7
06,03,1 06,04,0 06,04,1 06,05,0 06,05,1 07,04,0 07,04,1 Y7
05,06,1 06,06,0 06,06,1 06,07,0 07,05,0 07,05,1 07,06,0 A7
05,07,0 05,07,1 05,08,0 05,08,1 06,07,1 06,08,0 07,07,0 V7

________________________________________
\       \   \          /   /           /
 \       \   \        /   /___    ____/
  \      /   /\  /\  /\      /\  /   /
   \____/   /  \/  \/  \    /  \/   /
    \      /   /       /   /\      /
     \____/   /___    /___/  \    /
      \      /    \  /    \   \  /
       \    /      \/   ___\   \/
        \  /   /\   \   \      /
         \/___/  \___\   \    /
          \       \   \   \  /
           \____   \   \___\/
           /   /   /       /\
          /   /___/   ____/  \
         /       /\  /        \
        /   ____/  \/   _______\
       /\  /        \  /        \
      /  \/___    ___\/_______   \
     /\       \  /   /   /    \   \
    /  \____   \/   /   /___   \___\
   /       /   /    \      /\       \
  /   ____/___/___   \    /  \_______\
 /   /            \   \   \           \
/___/______________\___\___\___________\

solution 7 (327,243 searches):
00,11,1 01,10,1 01,11,0 01,11,1 02,10,0 02,10,1 02,11,0 D7
07,11,0 07,11,1 08,10,1 08,11,0 08,11,1 09,11,0 09,11,1 E7
08,09,1 08,10,0 09,08,1 09,09,0 09,09,1 09,10,0 09,10,1 G7
06,00,0 06,00,1 06,01,0 06,01,1 06,02,0 07,01,0 07,01,1 H7
07,00,0 07,00,1 08,00,0 08,00,1 09,00,0 09,00,1 10,00,0 I7
12,00,1 12,01,0 13,00,0 13,00,1 14,00,0 14,00,1 15,00,0 L7
11,02,0 11,02,1 12,01,1 12,02,0 13,01,0 13,01,1 14,01,0 N7
10,03,0 10,03,1 11,03,0 11,03,1 12,02,1 12,03,0 13,02,0 R7
09,03,1 09,04,0 09,04,1 10,04,0 10,04,1 10,05,0 11,04,0 Q7
10,01,1 10,02,0 10,02,1 11,00,1 11,01,0 11,01,1 12,00,0 F7
09,01,0 09,01,1 09,02,0 09,02,1 10,00,1 10,01,0 11,00,0 T7
07,02,1 07,03,0 07,03,1 08,01,0 08,01,1 08,02,0 08,02,1 Z7
06,02,1 06,03,0 06,03,1 06,04,0 06,04,1 07,02,0 07,04,0 C7
07,04,1 08,03,0 08,03,1 08,04,0 08,04,1 08,05,0 09,03,0 X7
04,07,1 05,06,1 05,07,0 06,05,0 06,05,1 06,06,0 07,05,0 P7
02,09,1 03,08,1 03,09,0 04,08,0 04,08,1 04,09,0 04,09,1 V7
02,11,1 03,09,1 03,10,0 03,10,1 03,11,0 04,10,0 04,10,1 W7
03,11,1 04,11,0 04,11,1 05,10,0 05,10,1 05,11,0 06,10,0 U7
05,11,1 06,10,1 06,11,0 06,11,1 07,09,1 07,10,0 07,10,1 M7
07,08,1 08,07,1 08,08,0 08,08,1 08,09,0 09,07,1 09,08,0 B7
07,07,1 07,08,0 08,06,1 08,07,0 09,06,0 09,06,1 09,07,0 J7
07,05,1 07,06,0 07,06,1 08,05,1 08,06,0 09,05,0 09,05,1 S7
05,09,0 05,09,1 06,08,0 06,08,1 06,09,0 06,09,1 07,09,0 Y7
05,07,1 05,08,0 05,08,1 06,06,1 06,07,0 06,07,1 07,07,0 A7

________________________________________
\       \   \       \      /           /
 \       \   \____   \    /___    ____/
  \      /       /    \      /\  /   /
   \____/   ____/______\    /  \/   /
    \   \  /   /        \  /\      /
     \   \/   /___    ___\/  \    /
      \      /   /   /\       \  /
       \____/   /___/  \       \/
        \   \       \   \  /\  /
         \   \    ___\   \/  \/
          \   \  /    \      /
           \   \/      \____/
           /    \  /\      /\
          /______\/  \____/  \
         /    \      /        \
        /   ___\    /   _______\
       /   /   /    \  /        \
      /   /   /______\/_______   \
     /\   \      /   /   /    \   \
    /  \___\    /   /   /___   \___\
   /       /   /    \      /\       \
  /   ____/___/___   \    /  \_______\
 /   /            \   \   \           \
/___/______________\___\___\___________\

solution 8 (336,102 searches):
00,11,1 01,10,1 01,11,0 01,11,1 02,10,0 02,10,1 02,11,0 D7
07,11,0 07,11,1 08,10,1 08,11,0 08,11,1 09,11,0 09,11,1 E7
08,09,1 08,10,0 09,08,1 09,09,0 09,09,1 09,10,0 09,10,1 G7
06,00,0 06,00,1 06,01,0 06,01,1 06,02,0 07,01,0 07,01,1 H7
07,00,0 07,00,1 08,00,0 08,00,1 09,00,0 09,00,1 10,00,0 I7
12,00,1 12,01,0 13,00,0 13,00,1 14,00,0 14,00,1 15,00,0 L7
11,02,0 11,02,1 12,01,1 12,02,0 13,01,0 13,01,1 14,01,0 N7
10,03,0 10,03,1 11,03,0 11,03,1 12,02,1 12,03,0 13,02,0 R7
09,05,1 09,06,0 09,06,1 10,04,0 10,04,1 10,05,0 11,04,0 Q7
10,00,1 10,01,0 11,00,0 11,00,1 11,01,0 11,01,1 12,00,0 A7
08,02,1 09,01,1 09,02,0 09,02,1 10,01,1 10,02,0 10,02,1 M7
06,02,1 07,02,0 07,02,1 08,01,0 08,01,1 08,02,0 09,01,0 U7
06,03,0 06,03,1 06,04,0 07,03,0 07,03,1 08,03,0 08,03,1 P7
07,04,0 07,04,1 08,04,0 08,04,1 09,03,0 09,03,1 09,04,0 J7
05,06,1 06,04,1 06,05,0 06,05,1 06,06,0 07,05,0 07,05,1 W7
07,06,0 07,06,1 08,05,0 08,05,1 08,06,0 09,04,1 09,05,0 F7
02,09,1 02,11,1 03,09,0 03,09,1 03,10,0 03,10,1 03,11,0 C7
03,08,1 04,07,1 04,08,0 04,08,1 04,09,0 04,09,1 05,07,0 T7
03,11,1 04,10,0 04,10,1 04,11,0 04,11,1 05,10,0 05,10,1 B7
05,11,0 05,11,1 06,10,1 06,11,0 06,11,1 07,10,0 07,10,1 Z7
05,07,1 06,06,1 06,07,0 06,07,1 06,08,0 07,07,0 07,07,1 X7
05,08,0 05,08,1 05,09,0 05,09,1 06,08,1 06,09,0 07,08,0 V7
06,09,1 06,10,0 07,08,1 07,09,0 07,09,1 08,08,0 08,09,0 Y7
08,06,1 08,07,0 08,07,1 08,08,1 09,07,0 09,07,1 09,08,0 S7

________________________________________
\       \   \      /       /           /
 \       \   \    /___    /___    ____/
  \      /   /       /\      /\  /   /
   \____/   /_______/  \____/  \/   /
    \      /   /    \       \      /
     \____/   /      \    ___\    /
      \      /   /\   \   \   \  /
       \    /___/  \___\___\   \/
        \   \          /       /
         \___\    ____/   ____/
          \   \  /    \  /   /
           \   \/___   \/   /
           /       /    \   \
          /   ____/___   \   \
         /\  /        \  /    \
        /  \/_______   \/______\
       /           /   /        \
      /___________/___/_______   \
     /\       \          /    \   \
    /  \____   \        /___   \___\
   /       /    \  /\  /   /\       \
  /   ____/______\/  \/   /  \_______\
 /   /            \       \           \
/___/______________\_______\___________\

solution 9 (472,816 searches):
00,11,1 01,10,1 01,11,0 01,11,1 02,10,0 02,10,1 02,11,0 D7
07,11,0 07,11,1 08,10,1 08,11,0 08,11,1 09,11,0 09,11,1 E7
08,09,1 08,10,0 09,08,1 09,09,0 09,09,1 09,10,0 09,10,1 G7
06,00,0 06,00,1 06,01,0 06,01,1 06,02,0 07,01,0 07,01,1 H7
07,00,0 07,00,1 08,00,0 08,00,1 09,00,0 09,00,1 10,00,0 I7
12,00,1 12,01,0 13,00,0 13,00,1 14,00,0 14,00,1 15,00,0 L7
11,02,0 11,02,1 12,01,1 12,02,0 13,01,0 13,01,1 14,01,0 N7
10,03,0 10,03,1 11,03,0 11,03,1 12,02,1 12,03,0 13,02,0 R7
09,05,1 09,06,0 09,06,1 10,04,0 10,04,1 10,05,0 11,04,0 Q7
10,00,1 10,01,1 11,00,0 11,00,1 11,01,0 11,01,1 12,00,0 B7
09,01,0 09,01,1 09,02,0 09,02,1 10,01,0 10,02,0 10,02,1 U7
06,02,1 06,03,0 07,02,0 07,02,1 08,01,0 08,01,1 08,02,0 S7
02,09,1 02,11,1 03,09,0 03,09,1 03,10,0 03,10,1 03,11,0 C7
03,08,1 04,07,1 04,08,0 04,08,1 04,09,0 04,09,1 05,07,0 T7
03,11,1 04,10,0 04,10,1 04,11,0 05,09,0 05,09,1 05,10,0 F7
04,11,1 05,10,1 05,11,0 06,09,0 06,09,1 06,10,0 07,09,0 P7
05,11,1 06,10,1 06,11,0 06,11,1 07,09,1 07,10,0 07,10,1 M7
07,08,1 08,08,0 08,08,1 08,09,0 09,07,0 09,07,1 09,08,0 A7
06,07,1 06,08,1 07,07,0 07,07,1 07,08,0 08,07,0 08,07,1 Y7
05,07,1 05,08,0 05,08,1 06,06,1 06,07,0 06,08,0 07,06,0 J7
05,06,1 06,04,1 06,05,0 06,05,1 06,06,0 07,05,0 07,05,1 W7
06,03,1 06,04,0 07,03,0 07,03,1 07,04,0 08,02,1 08,03,0 Z7
07,04,1 08,03,1 08,04,0 09,03,0 09,03,1 09,04,0 09,04,1 V7
07,06,1 08,04,1 08,05,0 08,05,1 08,06,0 08,06,1 09,05,0 X7

________________________________________
\       \   \   \   \      /           /
 \       \   \   \   \    /___    ____/
  \      /   /    \   \      /\  /   /
   \____/   /___   \   \    /  \/   /
    \      /   /   /    \  /\      /
     \____/   /___/______\/  \    /
      \      /    \   \       \  /
       \    /   ___\   \____   \/
        \   \   \          /   /
         \___\   \________/___/
          \   \   \      /   /
           \   \___\    /   /
           /       /    \   \
          /   ____/   ___\   \
         /\  /\   \  /   /    \
        /  \/  \   \/   /______\
       /\       \      /        \
      /  \____   \____/_______   \
     /\       \  /       /    \   \
    /  \____   \/   ____/___   \___\
   /       /   /    \      /\       \
  /   ____/___/______\    /  \_______\
 /   /            \       \           \
/___/______________\_______\___________\

solution 10 (484,131 searches):
00,11,1 01,10,1 01,11,0 01,11,1 02,10,0 02,10,1 02,11,0 D7
07,11,0 07,11,1 08,10,1 08,11,0 08,11,1 09,11,0 09,11,1 E7
08,09,1 08,10,0 09,08,1 09,09,0 09,09,1 09,10,0 09,10,1 G7
06,00,0 06,00,1 06,01,0 06,01,1 06,02,0 07,01,0 07,01,1 H7
07,00,0 07,00,1 08,00,0 08,00,1 09,00,0 09,00,1 10,00,0 I7
12,00,1 12,01,0 13,00,0 13,00,1 14,00,0 14,00,1 15,00,0 L7
11,02,0 11,02,1 12,01,1 12,02,0 13,01,0 13,01,1 14,01,0 N7
10,03,0 10,03,1 11,03,0 11,03,1 12,02,1 12,03,0 13,02,0 R7
09,05,1 09,06,0 09,06,1 10,04,0 10,04,1 10,05,0 11,04,0 Q7
10,01,1 10,02,0 10,02,1 11,00,1 11,01,0 11,01,1 12,00,0 F7
09,01,0 09,01,1 09,02,0 09,02,1 10,00,1 10,01,0 11,00,0 T7
06,02,1 07,02,0 07,02,1 07,03,0 08,01,0 08,01,1 08,02,0 A7
06,03,0 06,03,1 06,04,0 06,04,1 07,03,1 07,04,0 07,04,1 U7
08,02,1 08,03,0 08,03,1 08,04,0 08,04,1 09,03,0 09,03,1 Y7
08,05,0 08,05,1 08,06,0 08,06,1 09,04,0 09,04,1 09,05,0 Z7
04,07,1 05,06,1 05,07,0 06,05,0 06,05,1 06,06,0 07,05,0 P7
06,06,1 06,07,1 07,05,1 07,06,0 07,06,1 07,07,0 07,07,1 M7
04,08,0 04,08,1 05,07,1 05,08,0 05,08,1 05,09,0 06,07,0 W7
02,09,1 03,08,1 03,09,0 03,09,1 03,10,0 03,10,1 04,09,0 X7
02,11,1 03,11,0 03,11,1 04,09,1 04,10,0 04,10,1 04,11,0 V7
04,11,1 05,09,1 05,10,0 05,10,1 05,11,0 06,09,0 06,09,1 S7
06,08,0 06,08,1 07,08,0 07,08,1 08,07,0 08,07,1 08,08,0 J7
07,09,0 07,09,1 08,08,1 08,09,0 09,07,0 09,07,1 09,08,0 C7
05,11,1 06,10,0 06,10,1 06,11,0 06,11,1 07,10,0 07,10,1 B7

________________________________________
\       \       \   \      /           /
 \       \____   \   \    /___    ____/
  \      /   /   /   /       /\  /   /
   \____/   /   /   /_______/  \/   /
    \       \  /\      /    \      /
     \    ___\/  \____/___   \    /
      \  /       /        \   \  /
       \/___    /_______   \   \/
        \   \   \      /   /   /
         \   \___\    /___/___/
          \   \      /   /   /
           \   \    /   /   /
           /    \  /    \   \
          /______\/___   \   \
         /       /   /   /    \
        /       /   /___/______\
       /   /\  /       /        \
      /___/  \/   ____/_______   \
     /\       \  /   /   /    \   \
    /  \____   \/   /   /___   \___\
   /       /   /    \      /\       \
  /   ____/___/___   \    /  \_______\
 /   /            \   \   \           \
/___/______________\___\___\___________\

User-requested solution limit reached.
10 solutions, 484,131 searches, duration 0:00:13.865367
