solving HeptiamondsHexagram2:

solution 1:
00,11,1 01,10,1 01,11,0 01,11,1 02,10,0 02,10,1 02,11,0 D7
02,09,1 03,08,1 03,09,0 03,09,1 03,10,0 04,08,0 04,09,0 B7
04,06,1 04,07,0 04,07,1 05,05,1 05,06,0 05,06,1 06,06,0 A7
04,04,0 04,04,1 04,05,0 04,05,1 04,06,0 05,04,0 05,05,0 M7
05,04,1 06,04,0 06,04,1 06,05,0 07,04,0 07,04,1 08,04,0 E7
06,05,1 07,05,0 07,05,1 07,06,0 07,06,1 08,04,1 08,05,0 W7
04,12,1 04,13,0 04,13,1 04,14,0 04,14,1 04,15,0 05,12,0 L7
05,12,1 05,13,0 05,13,1 05,14,0 06,11,0 06,11,1 06,12,0 N7
06,12,1 06,13,0 07,11,0 07,11,1 07,12,0 08,11,0 08,11,1 T7
09,11,0 09,11,1 10,11,0 10,11,1 11,10,1 11,11,0 11,11,1 P7
02,11,1 03,10,1 03,11,0 03,11,1 04,11,0 04,11,1 04,12,0 Q7
04,09,1 04,10,0 04,10,1 05,09,1 05,10,0 06,09,0 06,09,1 S7
05,10,1 05,11,0 05,11,1 06,10,0 06,10,1 07,10,0 07,10,1 J7
07,08,0 07,08,1 07,09,0 07,09,1 08,08,0 08,09,0 08,09,1 U7
08,10,0 08,10,1 09,09,1 09,10,0 09,10,1 10,09,0 10,10,0 Y7
10,09,1 10,10,1 11,08,0 11,08,1 11,09,0 11,09,1 11,10,0 F7
11,07,1 12,05,1 12,06,0 12,06,1 12,07,0 13,05,0 13,06,0 Z7
13,04,0 13,04,1 13,05,1 14,04,0 14,04,1 14,05,0 15,04,0 G7
07,07,1 08,05,1 08,06,0 08,06,1 08,07,0 08,07,1 09,06,0 X7
09,06,1 10,05,1 10,06,0 11,05,0 11,05,1 11,06,0 11,06,1 V7
10,04,1 10,05,0 11,04,0 11,04,1 12,04,0 12,04,1 12,05,0 C7
09,03,1 09,04,0 09,04,1 09,05,0 09,05,1 10,02,1 10,03,0 R7
08,03,1 09,02,1 09,03,0 10,01,1 10,02,0 11,00,1 11,01,0 I7
10,03,1 10,04,0 11,01,1 11,02,0 11,02,1 11,03,0 11,03,1 H7


                       /\
                      /  \
                     /   /\
                    /   /  \
                   /   /   /\
                  /   /   /  \
                 /\   \   \   \
________________/  \___\   \   \________________
\       \          /   /   /       /           /
 \       \    ____/   /___/_______/_______    /
  \      /\  /    \          /        \   \  /
   \____/  \/      \________/___    ___\   \/
    \       \  /\      /       /\   \      /
     \    ___\/  \____/   ____/  \___\    /
      \   \          /    \          /   /
       \___\        /______\        /___/
       /   /        \      /        \   \
      /   /___    ___\    /___    ___\   \
     /\       \  /   /    \   \  /   /    \
    /  \    ___\/   /   ___\   \/   /   ___\
   /    \  /\       \  /   /\      /\   \   \
  /   ___\/  \____   \/   /  \____/  \___\   \
 /    \           \  /   /\          /        \
/______\___________\/   /  \________/__________\
                \   \   \      /
                 \   \   \    /
                  \   \  /   /
                   \   \/   /
                    \   \  /
                     \   \/
                      \  /
                       \/


solution 2:
00,11,1 01,10,1 01,11,0 01,11,1 02,10,0 02,10,1 02,11,0 D7
02,09,1 03,08,1 03,09,0 03,09,1 03,10,0 04,08,0 04,09,0 B7
04,06,1 04,07,0 04,07,1 05,05,1 05,06,0 05,06,1 06,06,0 A7
04,04,0 04,04,1 04,05,0 04,05,1 04,06,0 05,04,0 05,05,0 M7
05,04,1 06,04,0 06,04,1 06,05,0 07,04,0 07,04,1 08,04,0 E7
06,05,1 07,05,0 07,05,1 07,06,0 07,06,1 08,04,1 08,05,0 W7
04,12,1 04,13,0 04,13,1 04,14,0 04,14,1 04,15,0 05,12,0 L7
05,12,1 05,13,0 05,13,1 05,14,0 06,11,0 06,11,1 06,12,0 N7
06,12,1 06,13,0 07,11,0 07,11,1 07,12,0 08,11,0 08,11,1 T7
09,11,0 09,11,1 10,11,0 10,11,1 11,10,1 11,11,0 11,11,1 P7
02,11,1 03,10,1 03,11,0 03,11,1 04,11,0 04,11,1 04,12,0 Q7
04,09,1 04,10,0 04,10,1 05,09,1 05,10,0 06,09,0 06,09,1 S7
05,10,1 05,11,0 05,11,1 06,10,0 06,10,1 07,10,0 07,10,1 J7
07,08,0 07,08,1 07,09,0 07,09,1 08,08,0 08,09,0 08,09,1 U7
08,10,0 08,10,1 09,09,1 09,10,0 09,10,1 10,09,0 10,10,0 Y7
10,09,1 10,10,1 11,08,0 11,08,1 11,09,0 11,09,1 11,10,0 F7
11,07,1 12,05,1 12,06,0 12,06,1 12,07,0 13,05,0 13,06,0 Z7
13,04,0 13,04,1 13,05,1 14,04,0 14,04,1 14,05,0 15,04,0 G7
07,07,1 08,06,0 08,06,1 08,07,0 08,07,1 09,05,1 09,06,0 X7
09,06,1 10,05,1 10,06,0 11,05,0 11,05,1 11,06,0 11,06,1 V7
10,04,1 10,05,0 11,04,0 11,04,1 12,04,0 12,04,1 12,05,0 C7
08,05,1 09,04,1 09,05,0 10,02,1 10,03,0 10,03,1 10,04,0 R7
08,03,1 09,02,1 09,03,0 09,03,1 09,04,0 10,01,1 10,02,0 H7
11,00,1 11,01,0 11,01,1 11,02,0 11,02,1 11,03,0 11,03,1 I7


                       /\
                      /  \
                     /   /\
                    /   /  \
                   /   /   /\
                  /   /   /  \
                 /\   \   \   \
________________/  \___\   \   \________________
\       \          /   /   /       /           /
 \       \    ____/   /___/_______/_______    /
  \      /\  /    \          /        \   \  /
   \____/  \/      \________/___    ___\   \/
    \       \  /\      /       /\   \      /
     \    ___\/  \____/   ____/  \___\    /
      \   \          /    \          /   /
       \___\        /______\        /___/
       /   /        \      /        \   \
      /   /___    ___\    /___    ___\   \
     /\       \  /   /    \   \  /   /    \
    /  \    ___\/   /___   \   \/   /   ___\
   /    \  /\       \   \  /\      /\   \   \
  /   ___\/  \____   \   \/  \____/  \___\   \
 /    \           \  /\   \          /        \
/______\___________\/  \   \________/__________\
                \      /   /   /
                 \    /   /   /
                  \   \  /   /
                   \   \/   /
                    \  /   /
                     \/   /
                      \  /
                       \/


Session interrupted by user.
2 solutions, 3934105 searches, duration 0:34:30.650000
