solving HeptiamondsHexagon10:

solution 1:
00,05,1 00,06,0 00,06,1 00,07,0 01,05,0 01,06,0 01,06,1 A7
01,04,1 01,05,1 02,03,1 02,04,0 02,04,1 02,05,0 03,04,0 B7
03,04,1 04,03,1 04,04,0 04,04,1 05,03,0 05,03,1 05,04,0 D7
03,02,1 03,03,0 03,03,1 04,01,1 04,02,0 05,01,0 05,01,1 C7
04,02,1 04,03,0 05,02,0 05,02,1 06,01,1 06,02,0 07,01,0 N7
05,00,1 06,00,0 06,00,1 06,01,0 07,00,0 07,00,1 08,00,0 E7
06,02,1 06,03,0 07,01,1 07,02,0 08,00,1 08,01,0 09,00,0 I7
06,03,1 07,02,1 07,03,0 08,01,1 08,02,0 09,01,0 09,01,1 L7
09,00,1 10,00,0 10,00,1 10,01,0 11,00,0 11,00,1 11,01,0 F7
10,01,1 10,02,0 10,02,1 10,03,0 10,03,1 11,01,1 11,02,0 Y7
10,04,0 10,04,1 11,02,1 11,03,0 11,03,1 11,04,0 11,04,1 G7
08,04,1 09,03,1 09,04,0 09,04,1 09,05,0 09,05,1 10,05,0 Q7
07,06,1 07,07,0 07,07,1 08,05,0 08,05,1 08,06,0 08,06,1 Z7
09,07,1 10,05,1 10,06,1 10,07,0 11,05,0 11,05,1 11,06,0 J7
08,07,0 08,07,1 08,08,0 09,06,0 09,06,1 09,07,0 10,06,0 M7
07,08,0 07,08,1 07,09,0 07,09,1 08,08,1 08,09,0 09,08,0 V7
05,10,0 05,10,1 06,09,1 06,10,0 06,10,1 06,11,0 07,10,0 X7
03,11,1 04,10,0 04,10,1 04,11,0 04,11,1 05,11,0 05,11,1 H7
00,07,1 01,07,0 01,07,1 02,07,0 02,07,1 02,08,0 03,07,0 P7
00,08,0 00,08,1 00,09,0 01,08,0 01,08,1 01,09,0 01,09,1 U7
00,09,1 00,10,0 00,10,1 00,11,0 00,11,1 01,11,0 01,11,1 R7
02,08,1 02,09,0 03,07,1 03,08,0 03,08,1 04,08,0 04,08,1 T7
01,10,0 01,10,1 02,09,1 02,10,0 02,10,1 02,11,0 03,09,0 W7
02,11,1 03,09,1 03,10,0 03,10,1 03,11,0 04,09,0 04,09,1 S7

            ________________________
           /       /\   \          /\
          /   ____/  \   \    ____/  \
         /   /       /   /   /        \
        /   /___    /   /___/___    ___\
       /\  /   /\   \      /    \  /    \
      /  \/   /  \___\____/      \/      \
     /       /\          /       /   /\   \
    /_______/  \    ____/       /___/  \___\
   /\           \  /           /   /    \   \
  /  \___________\/           /   /___   \   \
 /       /                    \      /    \   \
/   ____/                      \    /______\   \
\   \   \                      /   /    \      /
 \___\   \________            /___/   ___\____/
  \       \       \           \      /       /
   \    ___\       \____       \    /___    /
    \  /   /\      /\   \       \  /   /   /
     \/   /  \____/  \   \       \/   /   /
      \   \       \   \   \      /    \  /
       \   \____   \   \   \____/      \/
        \      /\   \   \      /\  /\  /
         \____/  \___\   \____/  \/  \/
          \           \   \          /
           \___________\___\________/


solution 2:
00,05,1 00,06,0 00,06,1 00,07,0 01,05,0 01,06,0 01,06,1 A7
01,04,1 01,05,1 02,03,1 02,04,0 02,04,1 02,05,0 03,04,0 B7
03,04,1 04,03,1 04,04,0 04,04,1 05,03,0 05,03,1 05,04,0 D7
03,02,1 03,03,0 03,03,1 04,01,1 04,02,0 05,01,0 05,01,1 C7
04,02,1 04,03,0 05,02,0 05,02,1 06,01,1 06,02,0 07,01,0 N7
05,00,1 06,00,0 06,00,1 06,01,0 07,00,0 07,00,1 08,00,0 E7
06,02,1 06,03,0 07,01,1 07,02,0 08,00,1 08,01,0 09,00,0 I7
06,03,1 07,02,1 07,03,0 08,01,1 08,02,0 09,01,0 09,01,1 L7
09,00,1 10,00,0 10,00,1 10,01,0 11,00,0 11,00,1 11,01,0 F7
09,03,1 10,01,1 10,02,0 10,02,1 10,03,0 11,01,1 11,02,0 Y7
09,04,0 09,04,1 10,03,1 10,04,0 11,02,1 11,03,0 11,03,1 Q7
08,04,1 08,05,0 08,05,1 08,06,0 09,05,0 09,05,1 10,05,0 T7
09,06,1 10,04,1 10,05,1 10,06,0 11,04,0 11,04,1 11,05,0 J7
09,07,0 09,07,1 09,08,0 10,06,1 10,07,0 11,05,1 11,06,0 P7
07,06,1 07,07,0 07,07,1 07,08,0 08,06,1 08,07,0 09,06,0 G7
07,08,1 07,09,1 07,10,0 08,07,1 08,08,0 08,08,1 08,09,0 U7
05,10,0 05,10,1 06,09,1 06,10,0 06,10,1 06,11,0 07,09,0 W7
03,11,1 04,10,0 04,10,1 04,11,0 04,11,1 05,11,0 05,11,1 H7
00,07,1 00,08,0 00,08,1 00,09,0 01,07,0 01,07,1 02,07,0 V7
02,09,1 03,09,0 03,09,1 03,10,0 04,08,1 04,09,0 04,09,1 X7
01,10,1 02,10,0 02,10,1 02,11,0 02,11,1 03,10,1 03,11,0 S7
00,09,1 00,10,0 00,10,1 00,11,0 00,11,1 01,11,0 01,11,1 R7
02,07,1 02,08,1 03,07,0 03,07,1 03,08,0 03,08,1 04,08,0 Z7
01,08,0 01,08,1 01,09,0 01,09,1 01,10,0 02,08,0 02,09,0 M7

            ________________________
           /       /    \          /\
          /   ____/      \    ____/  \
         /   /\      /\  /   /       /\
        /   /  \____/  \/___/___    /  \
       /\  /    \          /    \   \   \
      /  \/   ___\____    /      \___\   \
     /   /    \       \  /       /\      /\
    /   /______\    ___\/       /  \    /  \
   /\       \      /           /    \  /    \
  /  \_______\____/           /      \/___   \
 /       /                    \  /\   \   \   \
/   ____/                      \/  \___\   \   \
\   \   \                      /        \   \  /
 \___\   \________            /   _______\   \/
  \       \       \           \  /    \      /
   \    ___\       \____       \/___   \____/
    \  /   /\      /\   \       \   \      /
     \/   /  \____/  \   \       \   \    /
      \   \       \   \   \      /    \  /
       \   \____   \   \   \____/      \/
        \      /\   \   \      /\  /\  /
         \____/  \___\   \____/  \/  \/
          \           \   \          /
           \___________\___\________/


solution 3:
00,05,1 00,06,0 00,06,1 00,07,0 01,05,0 01,06,0 01,06,1 A7
01,04,1 01,05,1 02,03,1 02,04,0 02,04,1 02,05,0 03,04,0 B7
03,04,1 04,03,1 04,04,0 04,04,1 05,03,0 05,03,1 05,04,0 D7
03,02,1 03,03,0 03,03,1 04,01,1 04,02,0 05,01,0 05,01,1 C7
04,02,1 04,03,0 05,02,0 05,02,1 06,01,1 06,02,0 07,01,0 N7
05,00,1 06,00,0 06,00,1 06,01,0 07,00,0 07,00,1 08,00,0 E7
06,02,1 06,03,0 07,01,1 07,02,0 08,00,1 08,01,0 09,00,0 I7
06,03,1 07,02,1 07,03,0 08,01,1 08,02,0 09,01,0 09,01,1 L7
09,00,1 10,00,0 10,00,1 10,01,0 11,00,0 11,00,1 11,01,0 F7
09,03,1 10,01,1 10,02,0 10,02,1 10,03,0 11,01,1 11,02,0 Y7
08,04,1 09,04,0 09,04,1 10,03,1 10,04,0 11,02,1 11,03,0 R7
09,05,0 09,05,1 10,04,1 10,05,0 11,03,1 11,04,0 11,04,1 Q7
07,06,1 07,07,0 07,07,1 08,05,0 08,05,1 08,06,0 08,06,1 Z7
09,06,0 09,06,1 10,05,1 10,06,0 11,05,0 11,05,1 11,06,0 S7
08,07,0 08,07,1 09,07,0 09,07,1 09,08,0 10,06,1 10,07,0 T7
07,08,0 07,08,1 07,09,1 07,10,0 08,08,0 08,08,1 08,09,0 V7
05,10,0 05,10,1 06,09,1 06,10,0 06,10,1 06,11,0 07,09,0 W7
03,11,1 04,10,0 04,10,1 04,11,0 04,11,1 05,11,0 05,11,1 H7
00,07,1 00,08,0 00,08,1 00,09,0 00,09,1 00,10,0 01,09,0 P7
01,07,0 01,07,1 01,08,0 01,08,1 02,07,0 02,07,1 03,07,0 G7
00,10,1 00,11,0 00,11,1 01,09,1 01,10,0 01,11,0 02,09,0 J7
02,08,0 02,08,1 03,07,1 03,08,0 03,08,1 03,09,0 04,08,0 X7
03,09,1 03,10,0 03,10,1 03,11,0 04,08,1 04,09,0 04,09,1 U7
01,10,1 01,11,1 02,09,1 02,10,0 02,10,1 02,11,0 02,11,1 M7

            ________________________
           /    \      /\          /\
          /   ___\    /  \    ____/  \
         /\   \      /   /   /       /\
        /  \   \    /   /___/___    /  \
       /    \   \  /\      /    \   \   \
      /   ___\___\/  \    /      \___\   \
     /   /   /        \  /       /       /\
    /   /   /___    ___\/       /_______/  \
   /\  /        \  /           /   /        \
  /  \/__________\/           /   /_______   \
 /       /                    \      /    \  /\
/   ____/                      \    /___   \/  \
\   \   \                      /   /    \      /
 \___\   \________            /___/___   \____/
  \       \       \           \       \      /
   \    ___\       \____       \____   \    /
    \  /   /\      /\   \       \   \   \  /
     \/   /  \____/  \   \       \   \   \/
      \   \       \   \   \      /    \  /
       \   \____   \   \   \____/      \/
        \      /\   \   \      /\  /\  /
         \____/  \___\   \____/  \/  \/
          \           \   \          /
           \___________\___\________/


solution 4:
00,05,1 00,06,0 00,06,1 00,07,0 01,05,0 01,06,0 01,06,1 A7
01,04,1 01,05,1 02,03,1 02,04,0 02,04,1 02,05,0 03,04,0 B7
03,04,1 04,03,1 04,04,0 04,04,1 05,03,0 05,03,1 05,04,0 D7
03,02,1 03,03,0 03,03,1 04,01,1 04,02,0 05,01,0 05,01,1 C7
04,02,1 04,03,0 05,02,0 05,02,1 06,01,1 06,02,0 07,01,0 N7
05,00,1 06,00,0 06,00,1 06,01,0 07,00,0 07,00,1 08,00,0 E7
06,02,1 06,03,0 07,01,1 07,02,0 08,00,1 08,01,0 09,00,0 I7
06,03,1 07,02,1 07,03,0 08,01,1 08,02,0 09,01,0 09,01,1 L7
09,00,1 10,00,0 10,00,1 10,01,0 11,00,0 11,00,1 11,01,0 F7
09,03,1 10,01,1 10,02,0 10,02,1 10,03,0 11,01,1 11,02,0 Y7
08,04,1 09,04,0 09,04,1 10,03,1 10,04,0 11,02,1 11,03,0 R7
09,05,0 09,05,1 10,04,1 10,05,0 11,03,1 11,04,0 11,04,1 Q7
07,06,1 07,07,0 07,07,1 08,05,0 08,05,1 08,06,0 08,06,1 Z7
09,06,0 09,06,1 10,05,1 10,06,0 11,05,0 11,05,1 11,06,0 S7
08,07,0 08,07,1 09,07,0 09,07,1 09,08,0 10,06,1 10,07,0 T7
07,08,0 07,08,1 07,09,1 07,10,0 08,08,0 08,08,1 08,09,0 V7
05,10,0 05,10,1 06,09,1 06,10,0 06,10,1 06,11,0 07,09,0 W7
03,11,1 04,10,0 04,10,1 04,11,0 04,11,1 05,11,0 05,11,1 H7
00,07,1 00,08,0 00,08,1 00,09,0 00,09,1 00,10,0 01,09,0 P7
01,07,0 01,07,1 01,08,0 01,08,1 02,07,0 02,07,1 03,07,0 G7
00,10,1 00,11,0 01,09,1 01,10,0 02,09,0 02,09,1 02,10,0 J7
02,08,0 02,08,1 03,07,1 03,08,0 03,08,1 03,09,0 04,08,0 X7
03,09,1 03,10,0 03,10,1 03,11,0 04,08,1 04,09,0 04,09,1 U7
00,11,1 01,10,1 01,11,0 01,11,1 02,10,1 02,11,0 02,11,1 M7

            ________________________
           /\          /\          /\
          /  \        /  \    ____/  \
         /\   \  /\  /   /   /       /\
        /  \   \/  \/   /___/___    /  \
       /    \      /\      /    \   \   \
      /   ___\____/  \    /      \___\   \
     /   /   /        \  /       /       /\
    /   /   /___    ___\/       /_______/  \
   /\  /        \  /           /   /        \
  /  \/__________\/           /   /_______   \
 /       /                    \      /    \  /\
/   ____/                      \    /___   \/  \
\   \   \                      /   /    \      /
 \___\   \________            /___/___   \____/
  \       \       \           \       \      /
   \    ___\       \____       \____   \    /
    \  /   /\      /\   \       \   \   \  /
     \/   /  \____/  \   \       \   \   \/
      \   \       \   \   \      /    \  /
       \   \____   \   \   \____/      \/
        \      /\   \   \      /\  /\  /
         \____/  \___\   \____/  \/  \/
          \           \   \          /
           \___________\___\________/


solution 5:
00,05,1 00,06,0 00,06,1 00,07,0 01,05,0 01,06,0 01,06,1 A7
01,04,1 01,05,1 02,03,1 02,04,0 02,04,1 02,05,0 03,04,0 B7
03,04,1 04,03,1 04,04,0 04,04,1 05,03,0 05,03,1 05,04,0 D7
03,02,1 03,03,0 03,03,1 04,01,1 04,02,0 05,01,0 05,01,1 C7
04,02,1 04,03,0 05,02,0 05,02,1 06,01,1 06,02,0 07,01,0 N7
05,00,1 06,00,0 06,00,1 06,01,0 07,00,0 07,00,1 08,00,0 E7
06,02,1 06,03,0 07,01,1 07,02,0 08,00,1 08,01,0 09,00,0 I7
06,03,1 07,02,1 07,03,0 08,01,1 08,02,0 09,01,0 09,01,1 L7
09,00,1 10,00,0 10,00,1 10,01,0 11,00,0 11,00,1 11,01,0 F7
09,03,1 10,01,1 10,02,0 10,02,1 10,03,0 11,01,1 11,02,0 Y7
08,04,1 09,04,0 09,04,1 10,03,1 10,04,0 11,02,1 11,03,0 R7
09,05,0 09,05,1 10,04,1 10,05,0 10,05,1 11,03,1 11,04,0 T7
10,06,0 10,06,1 10,07,0 11,04,1 11,05,0 11,05,1 11,06,0 U7
07,06,1 07,07,0 08,05,0 08,05,1 08,06,0 08,06,1 09,06,0 W7
07,07,1 07,08,0 08,07,0 08,07,1 09,06,1 09,07,0 09,07,1 Q7
07,08,1 07,09,1 07,10,0 08,08,0 08,08,1 08,09,0 09,08,0 G7
05,10,1 05,11,1 06,09,1 06,10,0 06,10,1 06,11,0 07,09,0 Z7
02,11,1 03,10,1 03,11,0 03,11,1 04,11,0 04,11,1 05,11,0 P7
03,09,1 03,10,0 04,09,0 04,09,1 04,10,0 04,10,1 05,10,0 S7
02,08,1 03,07,0 03,07,1 03,08,0 03,08,1 04,08,0 04,08,1 H7
00,07,1 00,08,0 00,08,1 01,07,0 01,07,1 02,07,0 02,07,1 J7
01,10,1 02,09,0 02,09,1 02,10,0 02,10,1 02,11,0 03,09,0 X7
00,10,1 00,11,0 00,11,1 01,09,1 01,10,0 01,11,0 01,11,1 V7
00,09,0 00,09,1 00,10,0 01,08,0 01,08,1 01,09,0 02,08,0 M7

            ________________________
           /       /\           \   \
          /   ____/  \    _______\   \
         /\   \      /\  /    \      /\
        /  \   \    /  \/   ___\    /  \
       /    \  /    \      /    \   \   \
      /___   \/______\____/      \___\   \
     /   /    \          /       /\       \
    /   /______\    ____/       /  \_______\
   /\          /   /           /\          /\
  /  \________/___/           /  \____    /  \
 /       /                    \       \  /    \
/   ____/                      \    ___\/___   \
\   \   \                      /   /       /   /
 \___\   \________            /___/___    /   /
  \       \       \           \       \   \  /
   \    ___\       \____       \____   \   \/
    \  /   /\      /\   \       \   \   \  /
     \/   /  \____/  \   \       \   \   \/
      \   \       \   \   \      /    \  /
       \   \____   \   \   \____/      \/
        \      /\   \   \      /\  /\  /
         \____/  \___\   \____/  \/  \/
          \           \   \          /
           \___________\___\________/


solution 6:
00,05,1 00,06,0 00,06,1 00,07,0 01,05,0 01,06,0 01,06,1 A7
01,04,1 01,05,1 02,03,1 02,04,0 02,04,1 02,05,0 03,04,0 B7
03,04,1 04,03,1 04,04,0 04,04,1 05,03,0 05,03,1 05,04,0 D7
03,02,1 03,03,0 03,03,1 04,01,1 04,02,0 05,01,0 05,01,1 C7
04,02,1 04,03,0 05,02,0 05,02,1 06,01,1 06,02,0 07,01,0 N7
05,00,1 06,00,0 06,00,1 06,01,0 07,00,0 07,00,1 08,00,0 E7
06,02,1 06,03,0 07,01,1 07,02,0 08,00,1 08,01,0 09,00,0 I7
06,03,1 07,02,1 07,03,0 08,01,1 08,02,0 09,01,0 09,01,1 L7
09,00,1 10,00,0 10,00,1 10,01,0 11,00,0 11,00,1 11,01,0 F7
09,03,1 10,01,1 10,02,0 10,02,1 10,03,0 11,01,1 11,02,0 Y7
08,04,1 09,04,0 09,04,1 10,03,1 10,04,0 11,02,1 11,03,0 R7
09,05,0 09,05,1 10,04,1 10,05,0 10,05,1 11,03,1 11,04,0 T7
10,06,0 10,06,1 10,07,0 11,04,1 11,05,0 11,05,1 11,06,0 U7
07,06,1 07,07,0 08,05,0 08,05,1 08,06,0 08,06,1 09,06,0 W7
07,07,1 07,08,0 08,07,0 08,07,1 09,06,1 09,07,0 09,07,1 Q7
07,08,1 07,09,1 07,10,0 08,08,0 08,08,1 08,09,0 09,08,0 G7
05,10,1 05,11,1 06,09,1 06,10,0 06,10,1 06,11,0 07,09,0 Z7
02,11,1 03,10,1 03,11,0 03,11,1 04,11,0 04,11,1 05,11,0 P7
03,09,1 03,10,0 04,09,0 04,09,1 04,10,0 04,10,1 05,10,0 S7
02,08,1 03,07,0 03,07,1 03,08,0 03,08,1 04,08,0 04,08,1 H7
00,07,1 01,07,0 01,07,1 01,08,1 02,07,0 02,07,1 02,08,0 J7
00,08,0 00,08,1 00,09,0 00,09,1 00,10,0 01,08,0 01,09,0 M7
00,10,1 00,11,0 00,11,1 01,09,1 01,10,0 01,11,0 01,11,1 V7
01,10,1 02,09,0 02,09,1 02,10,0 02,10,1 02,11,0 03,09,0 X7

            ________________________
           /       /\           \   \
          /   ____/  \    _______\   \
         /\   \      /\  /    \      /\
        /  \   \    /  \/   ___\    /  \
       /    \  /    \      /    \   \   \
      /   ___\/______\____/      \___\   \
     /    \   \          /       /\       \
    /______\   \    ____/       /  \_______\
   /\          /   /           /\          /\
  /  \________/___/           /  \____    /  \
 /       /                    \       \  /    \
/   ____/                      \    ___\/___   \
\   \   \                      /   /       /   /
 \___\   \________            /___/___    /   /
  \       \       \           \       \   \  /
   \    ___\       \____       \____   \   \/
    \  /   /\      /\   \       \   \   \  /
     \/   /  \____/  \   \       \   \   \/
      \   \       \   \   \      /    \  /
       \   \____   \   \   \____/      \/
        \      /\   \   \      /\  /\  /
         \____/  \___\   \____/  \/  \/
          \           \   \          /
           \___________\___\________/


solution 7:
00,05,1 00,06,0 00,06,1 00,07,0 01,05,0 01,06,0 01,06,1 A7
01,04,1 01,05,1 02,03,1 02,04,0 02,04,1 02,05,0 03,04,0 B7
03,04,1 04,03,1 04,04,0 04,04,1 05,03,0 05,03,1 05,04,0 D7
03,02,1 03,03,0 03,03,1 04,01,1 04,02,0 05,01,0 05,01,1 C7
04,02,1 04,03,0 05,02,0 05,02,1 06,01,1 06,02,0 07,01,0 N7
05,00,1 06,00,0 06,00,1 06,01,0 07,00,0 07,00,1 08,00,0 E7
06,02,1 06,03,0 07,01,1 07,02,0 08,00,1 08,01,0 09,00,0 I7
06,03,1 07,02,1 07,03,0 08,01,1 08,02,0 09,01,0 09,01,1 L7
09,00,1 10,00,0 10,00,1 10,01,0 11,00,0 11,00,1 11,01,0 F7
09,03,1 10,01,1 10,02,0 10,02,1 10,03,0 11,01,1 11,02,0 Y7
09,04,0 09,04,1 10,03,1 10,04,0 10,04,1 11,02,1 11,03,0 T7
10,05,0 10,05,1 10,06,0 11,03,1 11,04,0 11,04,1 11,05,0 U7
08,07,1 09,07,0 09,07,1 10,06,1 10,07,0 11,05,1 11,06,0 R7
07,06,1 08,04,1 08,05,0 08,05,1 08,06,0 09,05,0 09,05,1 W7
07,07,0 07,07,1 07,08,0 08,06,1 08,07,0 09,06,0 09,06,1 Q7
07,08,1 07,09,1 07,10,0 08,08,0 08,08,1 08,09,0 09,08,0 G7
05,10,1 05,11,1 06,09,1 06,10,0 06,10,1 06,11,0 07,09,0 Z7
02,11,1 03,10,1 03,11,0 03,11,1 04,11,0 04,11,1 05,11,0 P7
03,09,1 03,10,0 04,09,0 04,09,1 04,10,0 04,10,1 05,10,0 S7
02,08,1 03,07,0 03,07,1 03,08,0 03,08,1 04,08,0 04,08,1 H7
00,07,1 00,08,0 00,08,1 01,07,0 01,07,1 02,07,0 02,07,1 J7
01,10,1 02,09,0 02,09,1 02,10,0 02,10,1 02,11,0 03,09,0 X7
00,10,1 00,11,0 00,11,1 01,09,1 01,10,0 01,11,0 01,11,1 V7
00,09,0 00,09,1 00,10,0 01,08,0 01,08,1 01,09,0 02,08,0 M7

            ________________________
           /       /\           \   \
          /   ____/  \    _______\   \
         /\   \      /\  /    \      /\
        /  \   \    /  \/   ___\    /  \
       /    \  /    \      /    \   \   \
      /___   \/______\____/      \___\   \
     /   /    \          /       /\       \
    /   /______\    ____/       /  \_______\
   /\          /   /           /    \       \
  /  \________/___/           /___   \____   \
 /       /                    \   \      /\   \
/   ____/                      \   \____/  \   \
\   \   \                      /       /    \  /
 \___\   \________            /   ____/___   \/
  \       \       \           \  /       /   /
   \    ___\       \____       \/___    /   /
    \  /   /\      /\   \       \   \   \  /
     \/   /  \____/  \   \       \   \   \/
      \   \       \   \   \      /    \  /
       \   \____   \   \   \____/      \/
        \      /\   \   \      /\  /\  /
         \____/  \___\   \____/  \/  \/
          \           \   \          /
           \___________\___\________/


solution 8:
00,05,1 00,06,0 00,06,1 00,07,0 01,05,0 01,06,0 01,06,1 A7
01,04,1 01,05,1 02,03,1 02,04,0 02,04,1 02,05,0 03,04,0 B7
03,04,1 04,03,1 04,04,0 04,04,1 05,03,0 05,03,1 05,04,0 D7
03,02,1 03,03,0 03,03,1 04,01,1 04,02,0 05,01,0 05,01,1 C7
04,02,1 04,03,0 05,02,0 05,02,1 06,01,1 06,02,0 07,01,0 N7
05,00,1 06,00,0 06,00,1 06,01,0 07,00,0 07,00,1 08,00,0 E7
06,02,1 06,03,0 07,01,1 07,02,0 08,00,1 08,01,0 09,00,0 I7
06,03,1 07,02,1 07,03,0 08,01,1 08,02,0 09,01,0 09,01,1 L7
09,00,1 10,00,0 10,00,1 10,01,0 11,00,0 11,00,1 11,01,0 F7
09,03,1 10,01,1 10,02,0 10,02,1 10,03,0 11,01,1 11,02,0 Y7
09,04,0 09,04,1 10,03,1 10,04,0 10,04,1 11,02,1 11,03,0 T7
10,05,0 10,05,1 10,06,0 11,03,1 11,04,0 11,04,1 11,05,0 U7
08,07,1 09,07,0 09,07,1 10,06,1 10,07,0 11,05,1 11,06,0 R7
07,06,1 08,04,1 08,05,0 08,05,1 08,06,0 09,05,0 09,05,1 W7
07,07,0 07,07,1 07,08,0 08,06,1 08,07,0 09,06,0 09,06,1 Q7
07,08,1 07,09,1 07,10,0 08,08,0 08,08,1 08,09,0 09,08,0 G7
05,10,1 05,11,1 06,09,1 06,10,0 06,10,1 06,11,0 07,09,0 Z7
02,11,1 03,10,1 03,11,0 03,11,1 04,11,0 04,11,1 05,11,0 P7
03,09,1 03,10,0 04,09,0 04,09,1 04,10,0 04,10,1 05,10,0 S7
02,08,1 03,07,0 03,07,1 03,08,0 03,08,1 04,08,0 04,08,1 H7
00,07,1 01,07,0 01,07,1 01,08,1 02,07,0 02,07,1 02,08,0 J7
00,08,0 00,08,1 00,09,0 00,09,1 00,10,0 01,08,0 01,09,0 M7
00,10,1 00,11,0 00,11,1 01,09,1 01,10,0 01,11,0 01,11,1 V7
01,10,1 02,09,0 02,09,1 02,10,0 02,10,1 02,11,0 03,09,0 X7

            ________________________
           /       /\           \   \
          /   ____/  \    _______\   \
         /\   \      /\  /    \      /\
        /  \   \    /  \/   ___\    /  \
       /    \  /    \      /    \   \   \
      /   ___\/______\____/      \___\   \
     /    \   \          /       /\       \
    /______\   \    ____/       /  \_______\
   /\          /   /           /    \       \
  /  \________/___/           /___   \____   \
 /       /                    \   \      /\   \
/   ____/                      \   \____/  \   \
\   \   \                      /       /    \  /
 \___\   \________            /   ____/___   \/
  \       \       \           \  /       /   /
   \    ___\       \____       \/___    /   /
    \  /   /\      /\   \       \   \   \  /
     \/   /  \____/  \   \       \   \   \/
      \   \       \   \   \      /    \  /
       \   \____   \   \   \____/      \/
        \      /\   \   \      /\  /\  /
         \____/  \___\   \____/  \/  \/
          \           \   \          /
           \___________\___\________/


solution 9:
00,05,1 00,06,0 00,06,1 00,07,0 01,05,0 01,06,0 01,06,1 A7
01,04,1 01,05,1 02,03,1 02,04,0 02,04,1 02,05,0 03,04,0 B7
03,04,1 04,03,1 04,04,0 04,04,1 05,03,0 05,03,1 05,04,0 D7
03,02,1 03,03,0 03,03,1 04,01,1 04,02,0 05,01,0 05,01,1 C7
04,02,1 04,03,0 05,02,0 05,02,1 06,01,1 06,02,0 07,01,0 N7
05,00,1 06,00,0 06,00,1 06,01,0 07,00,0 07,00,1 08,00,0 E7
06,02,1 06,03,0 07,01,1 07,02,0 08,00,1 08,01,0 09,00,0 I7
06,03,1 07,02,1 07,03,0 08,01,1 08,02,0 09,01,0 09,01,1 L7
09,00,1 10,00,0 10,00,1 11,00,0 11,00,1 11,01,0 11,01,1 R7
10,01,0 10,01,1 10,02,0 10,02,1 10,03,0 11,02,0 11,02,1 H7
00,07,1 00,08,0 01,07,0 01,07,1 01,08,0 02,07,0 02,07,1 F7
00,08,1 00,09,0 00,09,1 00,10,0 01,08,1 01,09,0 02,08,0 G7
02,08,1 03,07,0 03,07,1 03,08,0 03,08,1 03,09,0 04,08,0 X7
03,09,1 04,08,1 04,09,0 04,09,1 04,10,0 04,10,1 05,10,0 Q7
02,11,1 03,10,1 03,11,0 03,11,1 04,11,0 04,11,1 05,11,0 P7
05,10,1 05,11,1 06,10,0 06,10,1 06,11,0 07,09,1 07,10,0 Y7
06,09,1 07,07,1 07,08,0 07,08,1 07,09,0 08,07,0 08,07,1 S7
08,08,0 08,08,1 08,09,0 09,07,0 09,07,1 09,08,0 10,07,0 M7
07,06,1 07,07,0 08,05,0 08,05,1 08,06,0 08,06,1 09,06,0 W7
08,04,1 09,03,1 09,04,0 09,04,1 10,03,1 10,04,0 11,03,0 U7
09,05,0 09,05,1 10,04,1 10,05,0 10,05,1 11,03,1 11,04,0 T7
09,06,1 10,06,0 10,06,1 11,04,1 11,05,0 11,05,1 11,06,0 V7
01,09,1 01,10,1 02,09,0 02,09,1 02,10,0 02,10,1 03,10,0 Z7
00,10,1 00,11,0 00,11,1 01,10,0 01,11,0 01,11,1 02,11,0 J7

            ________________________
           /        \           \   \
          /   _______\    _______\   \
         /\   \       \  /    \       \
        /  \___\    ___\/   ___\____   \
       /    \      /\      /    \   \  /\
      /      \____/  \    /      \   \/  \
     /\  /\   \       \  /       /   /    \
    /  \/  \___\    ___\/       /   /___   \
   /\          /   /           /\      /    \
  /  \________/___/           /  \____/______\
 /       /                    \       \       \
/   ____/                      \    ___\____   \
\   \   \                      /   /       /   /
 \___\   \________            /___/___    /   /
  \       \       \           \       \   \  /
   \    ___\       \____       \       \   \/
    \  /   /\      /\   \       \  /\   \  /
     \/   /  \____/  \   \       \/  \___\/
      \   \       \   \   \      /       /
       \   \____   \   \   \____/   ____/
        \      /\   \   \      /   /   /
         \____/  \___\   \____/___/   /
          \           \   \          /
           \___________\___\________/


solution 10:
00,05,1 00,06,0 00,06,1 00,07,0 01,05,0 01,06,0 01,06,1 A7
01,04,1 01,05,1 02,03,1 02,04,0 02,04,1 02,05,0 03,04,0 B7
03,04,1 04,03,1 04,04,0 04,04,1 05,03,0 05,03,1 05,04,0 D7
03,02,1 03,03,0 03,03,1 04,01,1 04,02,0 05,01,0 05,01,1 C7
04,02,1 04,03,0 05,02,0 05,02,1 06,01,1 06,02,0 07,01,0 N7
05,00,1 06,00,0 06,00,1 06,01,0 07,00,0 07,00,1 08,00,0 E7
06,02,1 06,03,0 07,01,1 07,02,0 08,00,1 08,01,0 09,00,0 I7
06,03,1 07,02,1 07,03,0 08,01,1 08,02,0 09,01,0 09,01,1 L7
09,00,1 10,00,0 10,00,1 11,00,0 11,00,1 11,01,0 11,01,1 R7
10,01,0 10,01,1 10,02,0 10,02,1 10,03,0 11,02,0 11,02,1 H7
00,07,1 01,07,0 01,07,1 01,08,0 02,07,0 02,07,1 02,08,0 F7
00,08,0 00,08,1 00,09,0 00,09,1 00,10,0 01,08,1 01,09,0 G7
02,08,1 03,07,0 03,07,1 03,08,0 03,08,1 03,09,0 04,08,0 X7
03,09,1 04,08,1 04,09,0 04,09,1 04,10,0 04,10,1 05,10,0 Q7
02,11,1 03,10,1 03,11,0 03,11,1 04,11,0 04,11,1 05,11,0 P7
05,10,1 05,11,1 06,10,0 06,10,1 06,11,0 07,09,1 07,10,0 Y7
06,09,1 07,07,1 07,08,0 07,08,1 07,09,0 08,07,0 08,07,1 S7
08,08,0 08,08,1 08,09,0 09,07,0 09,07,1 09,08,0 10,07,0 M7
07,06,1 07,07,0 08,05,0 08,05,1 08,06,0 08,06,1 09,06,0 W7
08,04,1 09,03,1 09,04,0 09,04,1 10,03,1 10,04,0 11,03,0 U7
09,05,0 09,05,1 10,04,1 10,05,0 10,05,1 11,03,1 11,04,0 T7
09,06,1 10,06,0 10,06,1 11,04,1 11,05,0 11,05,1 11,06,0 V7
01,09,1 01,10,1 02,09,0 02,09,1 02,10,0 02,10,1 03,10,0 Z7
00,10,1 00,11,0 00,11,1 01,10,0 01,11,0 01,11,1 02,11,0 J7

            ________________________
           /        \           \   \
          /   _______\    _______\   \
         /\   \       \  /    \       \
        /  \___\    ___\/   ___\____   \
       /    \      /\      /    \   \  /\
      /      \____/  \    /      \   \/  \
     /   /\  /\       \  /       /   /    \
    /___/  \/  \    ___\/       /   /___   \
   /\          /   /           /\      /    \
  /  \________/___/           /  \____/______\
 /       /                    \       \       \
/   ____/                      \    ___\____   \
\   \   \                      /   /       /   /
 \___\   \________            /___/___    /   /
  \       \       \           \       \   \  /
   \    ___\       \____       \       \   \/
    \  /   /\      /\   \       \  /\   \  /
     \/   /  \____/  \   \       \/  \___\/
      \   \       \   \   \      /       /
       \   \____   \   \   \____/   ____/
        \      /\   \   \      /   /   /
         \____/  \___\   \____/___/   /
          \           \   \          /
           \___________\___\________/


Session interrupted by user.
10 solutions, 92434 searches, duration 0:00:51.672000
