solving HexiamondsStackedChevrons_6x6:

solution 1:
0,5,1 1,4,1 1,5,0 2,4,0 2,4,1 3,4,0 C6
1,5,1 2,5,0 2,5,1 3,4,1 3,5,0 3,5,1 P6
1,3,1 1,4,0 2,2,0 2,2,1 2,3,0 2,3,1 H6
3,0,0 3,0,1 4,0,0 4,0,1 5,0,0 5,0,1 I6
2,1,1 3,1,0 3,1,1 3,2,0 4,1,0 4,1,1 E6
5,1,0 5,1,1 6,0,0 6,0,1 6,1,0 7,0,0 F6
7,0,1 7,1,0 7,1,1 8,0,0 8,0,1 8,1,0 O6
3,2,1 3,3,0 3,3,1 4,2,0 4,2,1 5,2,0 G6
4,3,0 4,3,1 4,4,0 5,2,1 5,3,0 5,3,1 X6
6,1,1 6,2,0 6,2,1 7,2,0 7,2,1 7,3,0 S6
5,4,0 5,4,1 6,3,0 6,3,1 6,4,0 6,4,1 V6
4,4,1 4,5,0 4,5,1 5,5,0 5,5,1 6,5,0 J6

________________________
\   \          /        \
 \   \____    /   _______\
 /\       \  /\  /       /
/  \_______\/  \/___    /
\      /   /       /   /\
 \    /   /___    /___/  \
 /   /\       \  /       /
/___/  \_______\/   ____/
\          /    \  /    \
 \________/___   \/      \
 /           /    \      /
/___________/______\____/


solution 2:
0,5,1 1,4,1 1,5,0 2,4,0 2,4,1 3,4,0 C6
1,5,1 2,5,0 2,5,1 3,4,1 3,5,0 3,5,1 P6
1,3,1 1,4,0 2,2,0 2,2,1 2,3,0 2,3,1 H6
3,0,0 3,0,1 4,0,0 4,0,1 5,0,0 5,0,1 I6
2,1,1 3,1,0 3,1,1 3,2,0 4,1,0 4,1,1 E6
5,1,0 5,1,1 6,0,0 6,0,1 6,1,0 6,1,1 V6
7,0,0 7,0,1 7,1,0 8,0,0 8,0,1 8,1,0 F6
6,2,0 6,2,1 6,3,0 7,1,1 7,2,0 7,2,1 X6
5,3,1 5,4,0 5,4,1 6,3,1 6,4,0 7,3,0 G6
4,5,0 4,5,1 5,5,0 5,5,1 6,4,1 6,5,0 J6
4,3,1 4,4,0 4,4,1 5,2,0 5,2,1 5,3,0 S6
3,2,1 3,3,0 3,3,1 4,2,0 4,2,1 4,3,0 O6

________________________
\   \          /        \
 \   \____    /_______   \
 /\       \  /   /    \  /
/  \_______\/   /      \/
\      /    \   \  /\   \
 \    /      \   \/  \___\
 /   /\      /   /       /
/___/  \____/___/___    /
\          /       /\  /\
 \________/___    /  \/  \
 /           /   /       /
/___________/___/_______/


solution 3:
0,5,1 1,4,1 1,5,0 2,4,0 2,4,1 3,4,0 C6
1,5,1 2,5,0 2,5,1 3,4,1 3,5,0 3,5,1 P6
1,3,1 1,4,0 2,2,0 2,2,1 2,3,0 2,3,1 H6
2,1,1 3,0,0 3,0,1 3,1,0 3,1,1 4,0,0 X6
3,2,0 3,2,1 3,3,0 4,1,0 4,1,1 4,2,0 F6
4,0,1 5,0,0 5,0,1 5,1,0 6,0,0 6,0,1 E6
3,3,1 4,2,1 4,3,0 5,1,1 5,2,0 6,1,0 I6
7,0,0 7,0,1 7,1,1 8,0,0 8,0,1 8,1,0 G6
5,2,1 6,1,1 6,2,0 6,2,1 7,1,0 7,2,0 V6
5,3,1 5,4,0 6,3,0 6,3,1 7,2,1 7,3,0 S6
4,3,1 4,4,0 4,4,1 4,5,0 4,5,1 5,3,0 J6
5,4,1 5,5,0 5,5,1 6,4,0 6,4,1 6,5,0 O6

________________________
\   \          /   /    \
 \   \____    /   /      \
 /\       \  /   /\      /
/  \_______\/   /  \____/
\      /\   \   \       \
 \    /  \   \___\____   \
 /   /    \   \       \  /
/___/___   \   \    ___\/
\      /   /\   \   \   \
 \    /___/  \___\___\   \
 /    \          /       /
/______\________/_______/


solution 4:
0,5,1 1,4,1 1,5,0 2,4,0 2,4,1 3,4,0 C6
1,5,1 2,5,0 2,5,1 3,4,1 3,5,0 3,5,1 P6
1,3,1 1,4,0 2,2,1 2,3,0 2,3,1 3,3,0 H6
2,1,1 2,2,0 3,1,0 3,1,1 3,2,0 4,1,0 F6
3,0,0 3,0,1 4,0,0 4,0,1 5,0,0 5,0,1 I6
3,2,1 4,1,1 4,2,0 4,2,1 5,1,0 5,2,0 V6
3,3,1 4,3,0 4,3,1 5,3,0 5,3,1 5,4,0 J6
4,4,0 4,4,1 4,5,0 4,5,1 5,4,1 5,5,0 G6
5,5,1 6,3,1 6,4,0 6,4,1 6,5,0 7,3,0 S6
5,1,1 6,0,0 6,0,1 6,1,0 6,1,1 7,0,0 X6
5,2,1 6,2,0 6,2,1 6,3,0 7,2,0 7,2,1 E6
7,0,1 7,1,0 7,1,1 8,0,0 8,0,1 8,1,0 O6

________________________
\   \          /    \   \
 \   \____    /      \   \
 /\       \  /   /\  /   /
/  \_______\/___/  \/   /
\       \          /\   \
 \    ___\________/  \___\
 /\  /\       \          /
/  \/  \    ___\________/
\       \   \      /    \
 \_______\___\    /      \
 /           /    \      /
/___________/______\____/


solution 5:
0,5,1 1,4,1 1,5,0 2,4,0 2,4,1 3,4,0 C6
1,5,1 2,5,0 2,5,1 3,4,1 3,5,0 3,5,1 P6
1,3,1 1,4,0 2,2,1 2,3,0 2,3,1 3,3,0 H6
2,1,1 2,2,0 3,1,0 3,1,1 3,2,0 4,1,0 F6
3,0,0 3,0,1 4,0,0 4,0,1 5,0,0 5,0,1 I6
3,2,1 4,1,1 4,2,0 4,2,1 5,1,0 5,2,0 V6
3,3,1 4,3,0 4,3,1 4,4,0 4,4,1 5,4,0 S6
4,5,0 4,5,1 5,5,0 5,5,1 6,4,1 6,5,0 J6
5,4,1 6,3,0 6,3,1 6,4,0 7,2,1 7,3,0 E6
5,2,1 5,3,0 5,3,1 6,2,0 6,2,1 7,2,0 G6
5,1,1 6,0,0 6,0,1 6,1,0 6,1,1 7,0,0 X6
7,0,1 7,1,0 7,1,1 8,0,0 8,0,1 8,1,0 O6

________________________
\   \          /        \
 \   \____    /_______   \
 /\       \  /    \   \  /
/  \_______\/   ___\   \/
\       \      /   /    \
 \    ___\____/   /___   \
 /\  /\       \       \  /
/  \/  \    ___\_______\/
\       \   \      /    \
 \_______\___\    /      \
 /           /    \      /
/___________/______\____/


solution 6:
0,5,1 1,5,0 1,5,1 2,4,1 2,5,0 3,4,0 C6
2,5,1 3,4,1 3,5,0 3,5,1 4,4,0 4,4,1 F6
4,5,0 4,5,1 5,4,1 5,5,0 5,5,1 6,5,0 E6
6,3,1 6,4,0 6,4,1 7,2,0 7,2,1 7,3,0 S6
6,0,0 6,0,1 7,0,0 7,0,1 8,0,0 8,0,1 I6
6,1,0 6,1,1 6,2,0 7,1,0 7,1,1 8,1,0 P6
5,2,1 5,3,0 5,3,1 5,4,0 6,2,1 6,3,0 V6
2,1,1 3,0,0 3,0,1 3,1,0 3,1,1 4,0,0 X6
1,3,1 1,4,0 1,4,1 2,3,0 2,3,1 2,4,0 O6
2,2,0 2,2,1 3,2,0 3,2,1 4,1,1 4,2,0 J6
3,3,0 3,3,1 4,2,1 4,3,0 4,3,1 5,2,0 H6
4,0,1 4,1,0 5,0,0 5,0,1 5,1,0 5,1,1 G6

________________________
\       \      /        \
 \____   \    /___    ___\
 /    \   \      /\  /   /
/      \___\____/  \/   /
\      /       /    \   \
 \____/___    /      \   \
 /        \   \  /\  /   /
/_______   \___\/  \/___/
\      /\  /   /        \
 \    /  \/   /__________\
 /    \      /           /
/______\____/___________/


solution 7:
0,5,1 1,5,0 1,5,1 2,4,1 2,5,0 3,4,0 C6
2,5,1 3,4,1 3,5,0 3,5,1 4,4,0 4,4,1 F6
4,5,0 4,5,1 5,4,1 5,5,0 5,5,1 6,5,0 E6
6,3,1 6,4,0 6,4,1 7,2,0 7,2,1 7,3,0 S6
7,0,1 7,1,0 7,1,1 8,0,0 8,0,1 8,1,0 O6
1,4,0 1,4,1 2,3,1 2,4,0 3,2,1 3,3,0 J6
1,3,1 2,1,1 2,2,0 2,2,1 2,3,0 3,2,0 H6
3,0,0 3,0,1 4,0,0 4,0,1 5,0,0 5,0,1 I6
3,1,0 3,1,1 4,1,0 4,1,1 4,2,0 5,1,0 P6
5,1,1 6,0,0 6,0,1 6,1,0 6,1,1 7,0,0 X6
3,3,1 4,2,1 4,3,0 4,3,1 5,2,0 5,3,0 V6
5,2,1 5,3,1 5,4,0 6,2,0 6,2,1 6,3,0 G6

________________________
\       \      /        \
 \____   \    /___    ___\
 /    \   \      /\  /   /
/___   \___\____/  \/   /
\   \   \       \   \   \
 \   \   \    ___\   \   \
 /    \  /\   \      /   /
/   ___\/  \___\____/___/
\  /        \      /    \
 \/__________\    /      \
 /           /    \      /
/___________/______\____/


solution 8:
0,5,1 1,5,0 1,5,1 2,4,1 2,5,0 3,4,0 C6
2,5,1 3,4,1 3,5,0 3,5,1 4,4,0 4,4,1 F6
4,5,0 4,5,1 5,3,1 5,4,0 5,4,1 5,5,0 G6
5,5,1 6,3,1 6,4,0 6,4,1 6,5,0 7,3,0 S6
1,4,0 1,4,1 2,3,1 2,4,0 3,2,1 3,3,0 J6
1,3,1 2,1,1 2,2,0 2,2,1 2,3,0 3,2,0 H6
3,0,0 3,0,1 4,0,0 4,0,1 5,0,0 5,0,1 I6
3,1,0 3,1,1 4,1,0 4,1,1 4,2,0 5,1,0 P6
3,3,1 4,2,1 4,3,0 4,3,1 5,2,0 5,3,0 V6
5,1,1 6,0,0 6,0,1 6,1,0 6,1,1 7,0,0 X6
5,2,1 6,2,0 6,2,1 6,3,0 7,2,0 7,2,1 E6
7,0,1 7,1,0 7,1,1 8,0,0 8,0,1 8,1,0 O6

________________________
\       \      /    \   \
 \____   \    /___   \   \
 /    \   \      /   /   /
/___   \___\____/   /   /
\   \   \       \  /\   \
 \   \   \    ___\/  \___\
 /    \  /\   \          /
/   ___\/  \___\________/
\  /        \      /    \
 \/__________\    /      \
 /           /    \      /
/___________/______\____/


solution 9:
0,5,1 1,5,0 1,5,1 2,4,1 2,5,0 3,4,0 C6
2,5,1 3,4,1 3,5,0 3,5,1 4,4,1 4,5,0 F6
4,5,1 5,3,0 5,3,1 5,4,0 5,4,1 5,5,0 J6
5,5,1 6,3,1 6,4,0 6,4,1 6,5,0 7,3,0 S6
3,3,1 4,2,1 4,3,0 4,3,1 4,4,0 5,2,0 H6
1,3,1 1,4,0 1,4,1 2,3,1 2,4,0 3,3,0 G6
2,2,0 2,2,1 2,3,0 3,2,0 3,2,1 4,2,0 P6
2,1,1 3,0,0 3,0,1 3,1,0 3,1,1 4,0,0 X6
4,0,1 4,1,0 4,1,1 5,0,0 5,0,1 5,1,0 O6
6,0,0 6,0,1 7,0,0 7,0,1 8,0,0 8,0,1 I6
5,1,1 5,2,1 6,1,0 6,1,1 6,2,0 7,1,0 V6
6,2,1 6,3,0 7,1,1 7,2,0 7,2,1 8,1,0 E6

________________________
\       \       \   \   \
 \____   \       \   \   \
 /    \   \  /\  /   /   /
/      \___\/  \/   /   /
\  /\   \      /   /\   \
 \/  \___\    /___/  \___\
 /        \   \   \      /
/__________\___\   \    /
\      /    \       \   \
 \    /      \_______\___\
 /    \      /           /
/______\____/___________/


solution 10:
0,5,1 1,5,0 1,5,1 2,4,1 2,5,0 3,4,0 C6
2,5,1 3,4,1 3,5,0 4,3,0 4,3,1 4,4,0 J6
3,5,1 4,4,1 4,5,0 5,3,1 5,4,0 6,3,0 I6
4,5,1 5,4,1 5,5,0 5,5,1 6,4,1 6,5,0 F6
6,2,1 6,3,1 6,4,0 7,2,0 7,2,1 7,3,0 G6
7,0,1 7,1,0 7,1,1 8,0,0 8,0,1 8,1,0 O6
1,4,0 1,4,1 2,3,1 2,4,0 3,3,0 3,3,1 S6
1,3,1 2,2,0 2,2,1 2,3,0 3,1,1 3,2,0 E6
2,1,1 3,0,0 3,0,1 3,1,0 4,0,0 4,0,1 H6
5,1,1 5,2,0 5,2,1 5,3,0 6,1,1 6,2,0 V6
5,0,0 5,0,1 6,0,0 6,0,1 6,1,0 7,0,0 P6
3,2,1 4,1,0 4,1,1 4,2,0 4,2,1 5,1,0 X6

________________________
\       \   \   \       \
 \____   \   \   \       \
 /    \   \   \   \  /\  /
/___   \___\   \   \/  \/
\   \      /   /\   \   \
 \   \____/___/  \___\   \
 /    \      /    \      /
/___   \    /      \____/
\   \  /    \  /\  /    \
 \   \/______\/  \/      \
 /       /        \      /
/_______/__________\____/

...

solution 933:
0,5,1 1,4,0 1,4,1 1,5,0 1,5,1 2,4,0 X6
3,0,0 3,0,1 3,1,0 3,1,1 4,0,0 4,0,1 V6
1,3,1 2,1,1 2,2,0 2,2,1 2,3,0 2,3,1 P6
4,1,0 4,1,1 5,0,0 5,0,1 5,1,0 6,0,0 F6
3,2,0 3,2,1 4,2,0 4,2,1 4,3,0 4,3,1 C6
2,4,1 3,3,0 3,3,1 3,4,0 3,4,1 4,4,0 H6
2,5,0 2,5,1 3,5,0 3,5,1 4,5,0 4,5,1 I6
5,4,1 5,5,0 5,5,1 6,4,0 6,4,1 6,5,0 O6
4,4,1 5,3,1 5,4,0 6,2,0 6,2,1 6,3,0 J6
5,1,1 5,2,0 5,2,1 5,3,0 6,1,0 6,1,1 G6
6,3,1 7,1,1 7,2,0 7,2,1 7,3,0 8,1,0 S6
6,0,1 7,0,0 7,0,1 7,1,0 8,0,0 8,0,1 E6

________________________
\      /           /    \
 \    /___________/      \
 /    \       \   \      /
/______\    ___\   \____/
\      /   /   /\   \   \
 \    /___/   /  \   \   \
 /   /       /   /   /   /
/   /_______/   /___/   /
\  /   /    \      /\   \
 \/   /___   \____/  \___\
 /       /    \          /
/_______/______\________/


933 solutions, 493803 searches, duration 0:02:04.675775
