solving HexiamondsSpinner4:

solution 1:
2,4,1 2,5,0 2,5,1 3,4,0 3,4,1 3,5,0 O6
0,6,0 0,6,1 1,6,0 1,6,1 2,6,0 2,6,1 I6
0,4,1 0,5,0 0,5,1 1,4,0 1,5,0 1,5,1 G6
1,3,1 1,4,1 2,3,0 2,3,1 2,4,0 3,3,0 V6
3,2,1 4,2,0 4,2,1 4,3,0 4,3,1 5,3,0 S6
4,1,1 5,1,0 5,1,1 5,2,0 6,1,0 6,1,1 E6
5,0,1 6,0,0 6,0,1 7,0,0 7,0,1 7,1,0 J6
5,2,1 6,2,0 6,2,1 6,3,0 7,1,1 7,2,0 H6
4,4,1 4,5,0 4,5,1 4,6,0 5,4,0 5,5,0 F6
3,6,0 3,6,1 3,7,0 3,7,1 4,7,0 4,7,1 C6
4,6,1 5,5,1 5,6,0 5,6,1 5,7,0 6,6,0 X6
5,4,1 6,3,1 6,4,0 6,4,1 6,5,0 6,5,1 P6

                  ________
                 /       /\
    ____________/   ____/  \
   /           /   /\       \
  /___________/___/  \    ___\
 /       /    \  /    \  /   /
/   ____/      \/   ___\/   /
\   \   \      /\   \      /
 \___\   \____/__\___\    /
  \       \  /    \  /\  /
   \_______\/   ___\/  \/
        \      /\       \
         \____/  \____   \
          \          /\  /
           \________/  \/
            \          /
             \________/

solution 2:
2,4,1 2,5,0 2,5,1 3,4,0 3,4,1 3,5,0 O6
0,6,0 0,6,1 1,6,0 1,6,1 2,6,0 2,6,1 I6
0,4,1 0,5,0 0,5,1 1,4,0 1,5,0 1,5,1 G6
1,3,1 1,4,1 2,3,0 2,3,1 2,4,0 3,3,0 V6
3,2,1 4,2,0 4,2,1 4,3,0 4,3,1 5,3,0 S6
4,1,1 5,0,1 5,1,0 5,1,1 5,2,0 6,0,0 H6
6,0,1 7,0,0 7,0,1 7,1,0 7,1,1 7,2,0 J6
5,2,1 6,1,0 6,1,1 6,2,0 6,2,1 6,3,0 E6
4,4,1 4,5,0 4,5,1 4,6,0 5,4,0 5,5,0 F6
3,6,0 3,6,1 3,7,0 3,7,1 4,7,0 4,7,1 C6
4,6,1 5,5,1 5,6,0 5,6,1 5,7,0 6,6,0 X6
5,4,1 6,3,1 6,4,0 6,4,1 6,5,0 6,5,1 P6

                  ________
                 /       /\
    ____________/   ____/  \
   /           /   /\       \
  /___________/___/  \    ___\
 /       /    \  /    \  /   /
/   ____/      \/   ___\/   /
\   \   \      /\   \      /
 \___\   \____/__\___\    /
  \       \  /    \  /\  /
   \_______\/   ___\/  \/
        \      /\      /\
         \____/  \    /  \
          \      /   /   /
           \    /___/   /
            \   \      /
             \___\____/

solution 3:
4,2,1 4,3,0 4,3,1 5,2,0 5,2,1 5,3,0 O6
3,2,1 4,1,1 4,2,0 5,0,1 5,1,0 6,0,0 I6
5,1,1 6,0,1 6,1,0 7,0,0 7,0,1 7,1,0 G6
6,1,1 6,2,0 6,2,1 6,3,0 7,1,1 7,2,0 V6
5,4,1 6,3,1 6,4,0 6,4,1 6,5,0 6,5,1 P6
4,4,1 4,5,0 4,5,1 4,6,0 5,4,0 5,5,0 F6
4,6,1 5,5,1 5,6,0 5,6,1 5,7,0 6,6,0 X6
3,6,0 3,6,1 3,7,0 3,7,1 4,7,0 4,7,1 C6
2,5,1 2,6,0 2,6,1 3,4,0 3,4,1 3,5,0 S6
1,4,1 1,5,0 1,5,1 1,6,0 1,6,1 2,5,0 E6
0,4,1 0,5,0 0,5,1 0,6,0 0,6,1 1,4,0 J6
1,3,1 2,3,0 2,3,1 2,4,0 2,4,1 3,3,0 H6

                  ________
                 /       /\
    ____________/   ____/  \
   /   /   /   /   /\       \
  /   /   /   /___/  \    ___\
 /   /    \   \  /    \  /   /
/   /   ___\   \/   ___\/   /
\   \  /   /   /\   \      /
 \___\/   /___/__\___\    /
  \       \  /    \  /\  /
   \_______\/      \/  \/
        \   \      /    \
         \   \____/      \
          \   \   \  /\  /
           \   \   \/  \/
            \   \      /
             \___\____/

solution 4:
4,2,1 4,3,0 4,3,1 5,2,0 5,2,1 5,3,0 O6
3,2,1 4,1,1 4,2,0 5,0,1 5,1,0 6,0,0 I6
5,1,1 6,0,1 6,1,0 7,0,0 7,0,1 7,1,0 G6
6,1,1 6,2,0 6,2,1 6,3,0 7,1,1 7,2,0 V6
5,4,1 6,3,1 6,4,0 6,4,1 6,5,0 6,5,1 P6
4,4,1 4,5,0 4,5,1 4,6,0 5,4,0 5,5,0 F6
4,6,1 5,5,1 5,6,0 5,6,1 5,7,0 6,6,0 X6
3,6,0 3,6,1 3,7,0 3,7,1 4,7,0 4,7,1 C6
2,5,1 2,6,0 2,6,1 3,4,0 3,4,1 3,5,0 S6
0,6,0 0,6,1 1,5,1 1,6,0 1,6,1 2,5,0 H6
1,4,1 1,5,0 2,3,1 2,4,0 2,4,1 3,3,0 E6
0,4,1 0,5,0 0,5,1 1,3,1 1,4,0 2,3,0 J6

                  ________
                 /       /\
    ____________/   ____/  \
   /       /   /   /\       \
  /___    /   /___/  \    ___\
 /   /\   \   \  /    \  /   /
/   /  \___\   \/   ___\/   /
\   \      /   /\   \      /
 \   \    /___/__\___\    /
  \   \   \  /    \  /\  /
   \___\___\/      \/  \/
        \   \      /    \
         \   \____/      \
          \   \   \  /\  /
           \   \   \/  \/
            \   \      /
             \___\____/

4 solutions, 9,690 searches, duration 0:00:02.510510
