solving HexiamondsSpikedHexagon3:

solution 1:
0,3,1 1,3,0 1,3,1 2,2,1 2,3,0 3,2,0 C6
0,4,0 0,4,1 1,4,0 1,4,1 1,5,0 2,4,0 P6
3,1,0 3,1,1 4,0,1 4,1,0 4,1,1 5,1,0 E6
0,6,1 1,5,1 1,6,0 1,6,1 1,7,0 2,6,0 X6
2,4,1 2,5,0 2,5,1 3,4,0 3,4,1 3,5,0 O6
2,3,1 3,2,1 3,3,0 3,3,1 4,2,0 4,2,1 F6
2,6,1 3,5,1 3,6,0 3,6,1 3,7,0 4,5,0 H6
3,7,1 4,5,1 4,6,0 4,6,1 4,7,0 5,5,0 S6
4,4,0 4,4,1 5,4,0 5,4,1 6,4,0 6,4,1 I6
6,1,1 6,2,0 6,2,1 6,3,0 6,3,1 7,3,0 J6
4,3,0 4,3,1 5,2,0 5,2,1 5,3,0 5,3,1 V6
5,1,1 6,0,1 6,1,0 7,0,0 7,0,1 7,1,0 G6

                    ____
           /\      /\   \
      ____/  \____/  \   \
      \       \      /   /
       \    ___\    /   /
       /\  /    \   \   \
  ____/  \/      \___\___\____
 /        \      /           /
/__________\____/___________/
\       \      /       /    \
 \____   \    /___    /   ___\
      \   \      /   /   /
       \___\____/___/   /
       /        \   \  /\
      /___    ___\   \/  \
          \  /    \      /
           \/      \____/

solution 2:
0,3,1 1,3,0 1,3,1 2,2,1 2,3,0 3,2,0 C6
0,4,0 0,4,1 1,4,0 1,4,1 1,5,0 2,4,0 P6
3,1,0 3,1,1 4,0,1 4,1,0 4,1,1 5,1,0 E6
0,6,1 1,5,1 1,6,0 1,6,1 1,7,0 2,6,0 X6
2,4,1 2,5,0 2,5,1 3,4,0 3,4,1 3,5,0 O6
2,3,1 3,2,1 3,3,0 3,3,1 4,2,0 4,2,1 F6
2,6,1 3,6,0 3,6,1 3,7,0 3,7,1 4,7,0 S6
3,5,1 4,5,0 4,5,1 4,6,0 4,6,1 5,5,0 H6
4,4,0 4,4,1 5,4,0 5,4,1 6,4,0 6,4,1 I6
6,1,1 6,2,0 6,2,1 6,3,0 6,3,1 7,3,0 J6
4,3,0 4,3,1 5,2,0 5,2,1 5,3,0 5,3,1 V6
5,1,1 6,0,1 6,1,0 7,0,0 7,0,1 7,1,0 G6

                    ____
           /\      /    \
      ____/  \____/   ___\
      \       \      /   /
       \    ___\____/   /
       /\  /    \       \
  ____/  \/      \_______\____
 /        \      /           /
/__________\____/___________/
\       \      /       /    \
 \____   \    /___    /   ___\
      \   \      /   /   /
       \___\____/___/   /
       /        \   \  /\
      /___    ___\   \/  \
          \  /    \      /
           \/      \____/

solution 3:
0,3,1 1,3,0 1,3,1 2,2,1 2,3,0 3,2,0 C6
0,4,0 0,4,1 1,4,0 1,4,1 1,5,0 2,4,0 P6
3,1,0 3,1,1 4,0,1 4,1,0 4,1,1 5,1,0 E6
0,6,1 1,5,1 1,6,0 1,6,1 1,7,0 2,6,0 X6
2,4,1 2,5,0 2,5,1 3,4,0 3,4,1 3,5,0 O6
2,3,1 3,2,1 3,3,0 3,3,1 4,2,0 4,3,0 V6
2,6,1 3,5,1 3,6,0 3,6,1 3,7,0 4,5,0 H6
3,7,1 4,5,1 4,6,0 4,6,1 4,7,0 5,5,0 S6
4,4,0 4,4,1 5,4,0 5,4,1 6,4,0 6,4,1 I6
6,1,1 6,2,0 6,2,1 6,3,0 6,3,1 7,3,0 J6
4,2,1 4,3,1 5,2,0 5,2,1 5,3,0 5,3,1 F6
5,1,1 6,0,1 6,1,0 7,0,0 7,0,1 7,1,0 G6

                    ____
           /\      /\   \
      ____/  \____/  \   \
      \       \      /   /
       \    ___\    /   /
       /\  /    \   \   \
  ____/  \/      \___\___\____
 /        \      /           /
/__________\____/___________/
\       \       \      /    \
 \____   \    ___\    /   ___\
      \   \   \      /   /
       \___\___\____/   /
       /        \   \  /\
      /___    ___\   \/  \
          \  /    \      /
           \/      \____/

solution 4:
0,3,1 1,3,0 1,3,1 2,2,1 2,3,0 3,2,0 C6
0,4,0 0,4,1 1,4,0 1,4,1 1,5,0 2,4,0 P6
3,1,0 3,1,1 4,0,1 4,1,0 4,1,1 5,1,0 E6
0,6,1 1,5,1 1,6,0 1,6,1 1,7,0 2,6,0 X6
2,4,1 2,5,0 2,5,1 3,4,0 3,4,1 3,5,0 O6
2,3,1 3,2,1 3,3,0 3,3,1 4,2,0 4,3,0 V6
2,6,1 3,6,0 3,6,1 3,7,0 3,7,1 4,7,0 S6
3,5,1 4,5,0 4,5,1 4,6,0 4,6,1 5,5,0 H6
4,4,0 4,4,1 5,4,0 5,4,1 6,4,0 6,4,1 I6
6,1,1 6,2,0 6,2,1 6,3,0 6,3,1 7,3,0 J6
4,2,1 4,3,1 5,2,0 5,2,1 5,3,0 5,3,1 F6
5,1,1 6,0,1 6,1,0 7,0,0 7,0,1 7,1,0 G6

                    ____
           /\      /    \
      ____/  \____/   ___\
      \       \      /   /
       \    ___\____/   /
       /\  /    \       \
  ____/  \/      \_______\____
 /        \      /           /
/__________\____/___________/
\       \       \      /    \
 \____   \    ___\    /   ___\
      \   \   \      /   /
       \___\___\____/   /
       /        \   \  /\
      /___    ___\   \/  \
          \  /    \      /
           \/      \____/

4 solutions, 24,381 searches, duration 0:00:06.952478
