solving HexiamondsIrregularHexagon7x8:

solution 1:
0,5,1 0,6,0 0,6,1 0,7,0 0,7,1 1,6,0 E6
1,6,1 1,7,0 2,4,1 2,5,0 2,5,1 2,6,0 C6
0,4,1 0,5,0 1,4,0 1,4,1 1,5,0 1,5,1 G6
3,4,0 3,4,1 3,5,0 4,3,1 4,4,0 5,3,0 P6
0,2,1 0,3,0 0,3,1 0,4,0 1,3,0 1,3,1 H6
0,1,1 0,2,0 1,1,0 1,1,1 1,2,0 2,1,0 F6
1,0,1 2,0,0 2,0,1 3,0,0 3,0,1 3,1,0 J6
1,2,1 2,1,1 2,2,0 2,2,1 2,3,0 3,2,0 X6
2,3,1 2,4,0 3,3,0 3,3,1 4,2,1 4,3,0 S6
3,1,1 3,2,1 4,1,0 4,1,1 4,2,0 5,1,0 V6
4,0,0 4,0,1 5,0,0 5,0,1 6,0,0 6,0,1 I6
5,1,1 5,2,0 5,2,1 6,1,0 6,1,1 6,2,0 O6

            ____
           /   /\
          /   /  \
         /    \   \
        /   ___\   \
       /\  /   /   /\
      /  \/   /   /  \
     /\      /\  /    \
    /  \____/  \/___   \
   /       /\       \   \
  /   ____/  \____   \___\
 /\  /\       \   \  /    \
/  \/  \    ___\   \/      \
\       \  /\       \      /
 \_______\/  \_______\____/
  \          /           /
   \________/___________/


solution 2:
0,5,1 0,6,0 0,6,1 0,7,0 0,7,1 1,6,0 E6
1,6,1 1,7,0 2,4,1 2,5,0 2,5,1 2,6,0 C6
0,4,1 0,5,0 1,4,0 1,4,1 1,5,0 1,5,1 G6
3,4,0 3,4,1 3,5,0 4,3,1 4,4,0 5,3,0 P6
0,3,1 0,4,0 1,2,1 1,3,0 2,2,0 2,2,1 J6
1,3,1 2,3,0 2,3,1 2,4,0 3,2,1 3,3,0 H6
3,3,1 4,1,1 4,2,0 4,2,1 4,3,0 5,1,0 S6
4,0,0 4,0,1 5,0,0 5,0,1 6,0,0 6,0,1 I6
2,1,1 3,0,1 3,1,0 3,1,1 3,2,0 4,1,0 X6
5,1,1 5,2,0 5,2,1 6,1,0 6,1,1 6,2,0 O6
0,1,1 0,2,0 0,2,1 0,3,0 1,1,0 1,2,0 F6
1,0,1 1,1,1 2,0,0 2,0,1 2,1,0 3,0,0 V6

            ____
           /   /\
          /   /  \
         /    \   \
        /   ___\   \
       /\  /   /   /\
      /  \/   /   /  \
     /\      /\  /    \
    /  \____/  \/___   \
   /\   \       \   \   \
  /  \   \____   \   \___\
 /    \      /\  /   /    \
/   ___\____/  \/   /      \
\   \   \       \   \      /
 \___\   \    ___\___\____/
  \       \  /           /
   \_______\/___________/


solution 3:
0,5,1 0,6,0 0,6,1 0,7,0 0,7,1 1,6,0 E6
1,6,1 1,7,0 2,4,1 2,5,0 2,5,1 2,6,0 C6
0,4,1 0,5,0 1,4,0 1,4,1 1,5,0 1,5,1 G6
3,4,0 3,4,1 3,5,0 4,3,1 4,4,0 5,3,0 P6
0,3,1 0,4,0 1,2,1 1,3,0 2,2,0 2,2,1 J6
1,3,1 2,3,0 2,3,1 2,4,0 3,2,1 3,3,0 H6
3,3,1 4,1,1 4,2,0 4,2,1 4,3,0 5,1,0 S6
4,0,0 4,0,1 5,0,0 5,0,1 6,0,0 6,0,1 I6
2,1,1 3,0,1 3,1,0 3,1,1 3,2,0 4,1,0 X6
5,1,1 5,2,0 5,2,1 6,1,0 6,1,1 6,2,0 O6
0,1,1 0,2,0 0,2,1 0,3,0 1,1,1 1,2,0 V6
1,0,1 1,1,0 2,0,0 2,0,1 2,1,0 3,0,0 F6

            ____
           /   /\
          /   /  \
         /    \   \
        /   ___\   \
       /\  /   /   /\
      /  \/   /   /  \
     /\      /\  /    \
    /  \____/  \/___   \
   /\   \       \   \   \
  /  \   \____   \   \___\
 /    \      /\  /   /    \
/      \____/  \/   /      \
\  /\  /\       \   \      /
 \/  \/  \    ___\___\____/
  \       \  /           /
   \_______\/___________/


solution 4:
0,5,1 0,6,0 0,6,1 0,7,0 0,7,1 1,6,0 E6
1,6,1 1,7,0 2,4,1 2,5,0 2,5,1 2,6,0 C6
0,4,1 0,5,0 1,4,0 1,4,1 1,5,0 1,5,1 G6
3,4,1 3,5,0 4,3,0 4,3,1 4,4,0 5,3,0 P6
2,3,0 2,3,1 2,4,0 3,3,0 3,3,1 3,4,0 F6
0,3,0 0,3,1 0,4,0 1,2,1 1,3,0 1,3,1 X6
0,1,1 0,2,0 0,2,1 1,1,0 1,1,1 1,2,0 O6
1,0,1 2,0,0 2,0,1 2,1,0 2,1,1 3,1,0 S6
3,0,0 3,0,1 4,0,0 4,0,1 5,0,0 5,0,1 I6
2,2,0 2,2,1 3,1,1 3,2,0 3,2,1 4,1,0 H6
5,1,0 5,1,1 6,0,0 6,0,1 6,1,0 6,1,1 V6
4,1,1 4,2,0 4,2,1 5,2,0 5,2,1 6,2,0 J6

            ____
           /   /\
          /   /  \
         /    \   \
        /   ___\   \
       /\  /   /   /\
      /  \/   /   /  \
     /\      /\  /\   \
    /  \____/  \/  \   \
   /       /       /    \
  /___    /_______/______\
 /    \  /       /        \
/      \/___    /   _______\
\      /    \   \  /       /
 \____/   ___\___\/___    /
  \      /           /   /
   \____/___________/___/


solution 5:
0,5,1 0,6,0 0,6,1 0,7,0 0,7,1 1,6,0 E6
1,6,1 1,7,0 2,4,1 2,5,0 2,5,1 2,6,0 C6
1,4,0 1,4,1 1,5,0 1,5,1 2,3,1 2,4,0 H6
0,3,1 0,4,0 0,4,1 0,5,0 1,3,0 1,3,1 G6
3,3,0 3,3,1 3,4,0 3,4,1 3,5,0 4,4,0 P6
0,1,1 0,2,0 0,2,1 0,3,0 1,1,0 1,2,0 F6
1,0,1 1,1,1 2,0,0 2,0,1 2,1,0 3,0,0 V6
1,2,1 2,1,1 2,2,0 2,2,1 2,3,0 3,2,0 X6
3,2,1 4,2,0 4,2,1 4,3,0 4,3,1 5,3,0 S6
4,0,0 4,0,1 5,0,0 5,0,1 6,0,0 6,0,1 I6
3,0,1 3,1,0 3,1,1 4,1,0 4,1,1 5,1,0 J6
5,1,1 5,2,0 5,2,1 6,1,0 6,1,1 6,2,0 O6

            ____
           /   /\
          /   /  \
         /    \   \
        /   ___\   \
       /\  /   /   /\
      /  \/   /   /  \
     /   /    \  /    \
    /   /___   \/   ___\
   /\      /\  /   /    \
  /  \____/  \/___/   ___\
 /    \       \      /    \
/   ___\    ___\____/      \
\   \   \  /        \      /
 \___\   \/   _______\____/
  \       \  /           /
   \_______\/___________/


solution 6:
0,5,1 0,6,0 0,6,1 0,7,0 0,7,1 1,6,0 E6
1,6,1 1,7,0 2,4,1 2,5,0 2,5,1 2,6,0 C6
1,4,0 1,4,1 1,5,0 1,5,1 2,3,1 2,4,0 H6
0,3,1 0,4,0 0,4,1 0,5,0 1,3,0 1,3,1 G6
3,3,0 3,3,1 3,4,0 3,4,1 3,5,0 4,4,0 P6
0,1,1 0,2,0 0,2,1 0,3,0 1,1,1 1,2,0 V6
1,0,1 1,1,0 2,0,0 2,0,1 2,1,0 3,0,0 F6
1,2,1 2,1,1 2,2,0 2,2,1 2,3,0 3,2,0 X6
3,2,1 4,2,0 4,2,1 4,3,0 4,3,1 5,3,0 S6
4,0,0 4,0,1 5,0,0 5,0,1 6,0,0 6,0,1 I6
3,0,1 3,1,0 3,1,1 4,1,0 4,1,1 5,1,0 J6
5,1,1 5,2,0 5,2,1 6,1,0 6,1,1 6,2,0 O6

            ____
           /   /\
          /   /  \
         /    \   \
        /   ___\   \
       /\  /   /   /\
      /  \/   /   /  \
     /   /    \  /    \
    /   /___   \/   ___\
   /\      /\  /   /    \
  /  \____/  \/___/   ___\
 /    \       \      /    \
/      \    ___\____/      \
\  /\  /\  /        \      /
 \/  \/  \/   _______\____/
  \       \  /           /
   \_______\/___________/


solution 7:
0,5,1 0,6,0 0,6,1 0,7,0 0,7,1 1,6,0 E6
1,6,1 1,7,0 2,4,1 2,5,0 2,5,1 2,6,0 C6
1,4,0 1,4,1 1,5,0 1,5,1 2,3,1 2,4,0 H6
0,2,1 0,3,0 0,3,1 0,4,0 0,4,1 0,5,0 I6
0,1,1 0,2,0 1,0,1 1,1,0 1,1,1 1,2,0 V6
3,4,0 3,4,1 3,5,0 4,3,1 4,4,0 5,3,0 P6
2,0,0 2,0,1 2,1,0 3,0,0 3,0,1 3,1,0 F6
1,2,1 1,3,0 1,3,1 2,1,1 2,2,0 2,3,0 G6
2,2,1 3,2,0 3,2,1 3,3,0 3,3,1 4,3,0 S6
3,1,1 4,0,0 4,0,1 4,1,0 4,1,1 5,0,0 X6
4,2,0 4,2,1 5,2,0 5,2,1 6,1,1 6,2,0 J6
5,0,1 5,1,0 5,1,1 6,0,0 6,0,1 6,1,0 O6

            ____
           /   /\
          /   /  \
         /    \   \
        /   ___\   \
       /\  /   /   /\
      /  \/   /   /  \
     /   /    \  /    \
    /   /___   \/___   \
   /   /    \  /    \   \
  /   /   ___\/   ___\___\
 /\  /\   \      /        \
/  \/  \   \____/_______   \
\      /\  /\      /    \  /
 \    /  \/  \    /      \/
  \  /       /    \      /
   \/_______/______\____/


solution 8:
0,5,1 0,6,0 0,6,1 0,7,0 0,7,1 1,6,0 E6
1,5,1 1,6,1 1,7,0 2,5,0 2,5,1 2,6,0 G6
2,4,0 2,4,1 3,3,1 3,4,0 3,4,1 3,5,0 H6
0,4,0 0,4,1 0,5,0 1,4,0 1,4,1 1,5,0 F6
4,3,0 4,3,1 4,4,0 5,2,1 5,3,0 6,2,0 P6
5,0,0 5,0,1 6,0,0 6,0,1 6,1,0 6,1,1 C6
4,1,1 4,2,0 4,2,1 5,1,0 5,1,1 5,2,0 O6
2,3,1 3,1,1 3,2,0 3,2,1 3,3,0 4,1,0 S6
2,0,0 2,0,1 3,0,0 3,0,1 4,0,0 4,0,1 I6
0,1,1 0,2,0 1,0,1 1,1,0 1,1,1 1,2,0 V6
0,2,1 0,3,0 0,3,1 1,3,0 1,3,1 2,3,0 J6
1,2,1 2,1,0 2,1,1 2,2,0 2,2,1 3,1,0 X6

            ____
           /   /\
          /   /  \
         /    \   \
        /   ___\   \
       /\  /\      /\
      /  \/  \____/  \
     /       /       /\
    /_______/___    /  \
   /        \   \  /    \
  /   _______\   \/___   \
 /\  /\      /   /    \   \
/  \/  \    /   /      \___\
\      /    \   \      /   /
 \    /______\___\____/   /
  \  /           /       /
   \/___________/_______/


solution 9:
0,5,1 0,6,0 0,6,1 0,7,0 0,7,1 1,6,0 E6
1,5,1 1,6,1 1,7,0 2,5,0 2,5,1 2,6,0 G6
2,4,1 3,4,0 3,4,1 3,5,0 4,3,1 4,4,0 H6
5,2,1 5,3,0 6,0,1 6,1,0 6,1,1 6,2,0 C6
5,0,0 5,0,1 5,1,0 5,1,1 5,2,0 6,0,0 P6
0,4,0 0,4,1 0,5,0 1,4,0 1,4,1 1,5,0 F6
2,3,1 2,4,0 3,3,0 3,3,1 4,2,1 4,3,0 S6
3,1,1 3,2,0 3,2,1 4,1,0 4,1,1 4,2,0 O6
2,0,0 2,0,1 3,0,0 3,0,1 4,0,0 4,0,1 I6
0,1,1 0,2,0 1,0,1 1,1,0 1,1,1 1,2,0 V6
0,2,1 0,3,0 0,3,1 1,3,0 1,3,1 2,3,0 J6
1,2,1 2,1,0 2,1,1 2,2,0 2,2,1 3,1,0 X6

            ____
           /   /\
          /   /  \
         /    \   \
        /   ___\   \
       /\  /\      /\
      /  \/  \____/  \
     /       /\       \
    /_______/  \____   \
   /        \       \  /\
  /   _______\____   \/  \
 /\  /\      /    \  /\   \
/  \/  \    /      \/  \   \
\      /    \      /   /   /
 \    /______\____/   /   /
  \  /           /    \  /
   \/___________/______\/


solution 10:
0,5,1 0,6,0 0,6,1 0,7,0 0,7,1 1,6,0 E6
1,5,1 1,6,1 1,7,0 2,5,0 2,5,1 2,6,0 G6
2,4,1 3,4,0 3,4,1 3,5,0 4,3,1 4,4,0 H6
5,1,0 5,1,1 5,2,0 5,2,1 5,3,0 6,2,0 P6
5,0,0 5,0,1 6,0,0 6,0,1 6,1,0 6,1,1 C6
0,4,0 0,4,1 0,5,0 1,4,0 1,4,1 1,5,0 F6
2,3,1 2,4,0 3,3,0 3,3,1 4,2,1 4,3,0 S6
3,1,1 3,2,0 3,2,1 4,1,0 4,1,1 4,2,0 O6
2,0,0 2,0,1 3,0,0 3,0,1 4,0,0 4,0,1 I6
0,1,1 0,2,0 1,0,1 1,1,0 1,1,1 1,2,0 V6
0,2,1 0,3,0 0,3,1 1,3,0 1,3,1 2,3,0 J6
1,2,1 2,1,0 2,1,1 2,2,0 2,2,1 3,1,0 X6

            ____
           /   /\
          /   /  \
         /    \   \
        /   ___\   \
       /\  /\      /\
      /  \/  \____/  \
     /       /\       \
    /_______/  \____   \
   /        \       \  /\
  /   _______\____   \/  \
 /\  /\      /    \  /    \
/  \/  \    /      \/   ___\
\      /    \      /   /   /
 \    /______\____/___/   /
  \  /           /       /
   \/___________/_______/

...

solution 5885:
0,7,1 1,5,1 1,6,0 1,6,1 1,7,0 2,5,0 S6
0,5,0 0,5,1 0,6,0 0,6,1 0,7,0 1,5,0 P6
2,4,1 2,5,1 2,6,0 3,4,0 3,4,1 3,5,0 G6
3,3,1 4,2,1 4,3,0 4,3,1 4,4,0 5,3,0 X6
5,1,1 5,2,0 5,2,1 6,1,0 6,1,1 6,2,0 O6
4,0,1 5,0,0 5,0,1 5,1,0 6,0,0 6,0,1 E6
2,0,1 2,1,1 3,0,0 3,0,1 3,1,0 4,0,0 V6
1,0,1 1,1,0 1,1,1 1,2,0 2,0,0 2,1,0 F6
0,1,1 0,2,0 0,2,1 0,3,0 0,3,1 0,4,0 I6
2,3,0 2,3,1 3,2,1 3,3,0 4,1,1 4,2,0 J6
0,4,1 1,3,0 1,3,1 1,4,0 1,4,1 2,4,0 H6
1,2,1 2,2,0 2,2,1 3,1,1 3,2,0 4,1,0 C6

            ____
           /\   \
          /  \   \
         /   /   /\
        /   /   /  \
       /    \   \   \
      /______\___\   \
     /\       \      /\
    /  \    ___\____/  \
   /   /   /    \       \
  /   /___/___   \    ___\
 /   /\       \   \  /    \
/   /  \____   \   \/      \
\  /    \   \   \  /\      /
 \/   ___\   \___\/  \____/
  \   \       \          /
   \___\_______\________/


5885 solutions, 1599472 searches, duration 0:06:18.570731
