solving Hexiamonds5x2SemiregularHexagon1:

solution 1:
1,2,1 1,3,0 1,3,1 2,2,0 2,2,1 2,3,0 O6
2,1,1 3,1,0 3,1,1 3,2,0 4,1,0 4,1,1 E6
4,2,0 4,2,1 5,0,1 5,1,0 5,1,1 5,2,0 G6
6,1,0 6,1,1 7,1,0 7,1,1 7,2,0 7,2,1 C6
5,2,1 6,2,0 6,2,1 6,3,0 6,3,1 7,3,0 S6
3,2,1 3,3,0 3,3,1 3,4,0 3,4,1 3,5,0 I6
4,3,0 4,3,1 4,4,0 4,4,1 5,3,0 5,3,1 V6
4,5,1 5,4,0 5,4,1 5,5,0 5,5,1 6,4,0 X6
3,5,1 3,6,0 3,6,1 3,7,0 4,5,0 4,6,0 F6
1,7,1 2,5,1 2,6,0 2,6,1 2,7,0 2,7,1 P6
0,5,1 1,5,0 1,5,1 1,6,0 1,6,1 1,7,0 J6
1,4,0 1,4,1 2,3,1 2,4,0 2,4,1 2,5,0 H6

          ________
         /\      /\
        /  \    /  \
       /   /   /    \
  ____/   /   /   ___\____
  \      /\  /\   \      /
   \____/  \/  \___\    /
   /       /   /   /    \
  /___    /   /   /______\
 /    \  /   /       /    \
/      \/   /_______/   ___\
\      /\  /    \      /   /
 \____/  \/___   \____/   /
  \          /   /       /
   \________/   /_______/
            \  /
             \/

solution 2:
1,2,1 1,3,0 1,3,1 2,2,0 2,2,1 2,3,0 O6
2,1,1 3,1,0 3,1,1 3,2,0 4,1,0 4,1,1 E6
5,0,1 5,1,0 5,1,1 5,2,0 6,1,0 6,1,1 H6
6,3,1 7,1,0 7,1,1 7,2,0 7,2,1 7,3,0 J6
0,5,1 1,4,0 1,4,1 1,5,0 1,5,1 2,4,0 X6
2,3,1 3,2,1 3,3,0 3,3,1 4,2,0 4,2,1 F6
3,5,0 3,5,1 4,5,0 4,5,1 5,5,0 5,5,1 I6
4,4,1 5,3,1 5,4,0 5,4,1 6,3,0 6,4,0 V6
4,3,0 4,3,1 5,2,1 5,3,0 6,2,0 6,2,1 S6
2,4,1 2,5,0 2,5,1 3,4,0 3,4,1 4,4,0 G6
1,6,0 1,6,1 1,7,0 1,7,1 2,7,0 2,7,1 C6
2,6,0 2,6,1 3,6,0 3,6,1 3,7,0 4,6,0 P6

          ________
         /       /\
        /   ____/  \
       /   /        \
  ____/___/__________\____
  \      /   /           /
   \    /   /___________/
   /    \       \       \
  /______\_______\    ___\
 /    \      /    \   \   \
/      \    /___   \___\   \
\      /\      /\      /   /
 \____/  \____/  \____/   /
  \          /       /   /
   \________/   ____/___/
            \  /
             \/

solution 3:
1,2,1 1,3,0 1,3,1 2,2,0 2,2,1 2,3,0 O6
2,1,1 3,1,0 3,1,1 3,2,0 4,1,0 4,1,1 E6
5,0,1 5,1,0 5,1,1 6,1,0 6,1,1 7,1,0 J6
6,2,0 6,2,1 7,1,1 7,2,0 7,2,1 7,3,0 H6
0,5,1 1,4,0 1,4,1 1,5,0 1,5,1 2,4,0 X6
5,4,1 5,5,0 5,5,1 6,3,0 6,3,1 6,4,0 S6
2,3,1 2,4,1 3,2,1 3,3,0 3,3,1 3,4,0 F6
4,2,0 4,2,1 4,3,0 4,3,1 5,2,0 5,2,1 V6
3,4,1 4,4,0 4,4,1 5,3,0 5,3,1 5,4,0 G6
1,6,0 1,6,1 1,7,0 1,7,1 2,7,0 2,7,1 C6
2,6,0 2,6,1 3,6,0 3,6,1 3,7,0 4,6,0 P6
2,5,0 2,5,1 3,5,0 3,5,1 4,5,0 4,5,1 I6

          ________
         /       /\
        /   ____/  \
       /   /        \
  ____/___/__________\____
  \      /           /   /
   \    /___________/   /
   /    \   \       \   \
  /______\   \____   \   \
 /    \      /   /   /   /\
/      \    /   /___/___/  \
\      /\  /       /       /
 \____/  \/_______/___    /
  \          /        \  /
   \________/   _______\/
            \  /
             \/

solution 4:
1,2,1 1,3,0 1,3,1 2,2,0 2,2,1 2,3,0 O6
2,1,1 3,1,0 3,1,1 3,2,0 4,1,0 4,1,1 E6
5,0,1 5,1,0 5,1,1 6,1,0 6,1,1 6,2,0 S6
6,2,1 6,3,0 7,1,0 7,1,1 7,2,0 7,2,1 H6
5,4,1 5,5,0 5,5,1 6,3,1 6,4,0 7,3,0 J6
0,5,1 1,4,0 1,4,1 1,5,0 1,5,1 2,4,0 X6
2,3,1 2,4,1 3,2,1 3,3,0 3,3,1 3,4,0 F6
4,2,0 4,2,1 4,3,0 4,3,1 5,2,0 5,2,1 V6
3,4,1 4,4,0 4,4,1 5,3,0 5,3,1 5,4,0 G6
1,6,0 1,6,1 1,7,0 1,7,1 2,7,0 2,7,1 C6
2,6,0 2,6,1 3,6,0 3,6,1 3,7,0 4,6,0 P6
2,5,0 2,5,1 3,5,0 3,5,1 4,5,0 4,5,1 I6

          ________
         /       /\
        /   ____/  \
       /   /        \
  ____/___/__________\____
  \      /           /   /
   \    /___________/   /
   /    \   \       \   \
  /______\   \____   \   \
 /    \      /   /   /\   \
/      \    /   /___/  \___\
\      /\  /       /\      /
 \____/  \/_______/  \    /
  \          /       /   /
   \________/   ____/___/
            \  /
             \/

solution 5:
1,2,1 1,3,0 1,3,1 2,2,0 2,2,1 2,3,0 O6
2,1,1 3,1,0 3,1,1 3,2,0 4,1,0 4,1,1 E6
5,0,1 5,1,0 5,1,1 6,1,0 6,1,1 6,2,0 S6
6,3,1 7,1,0 7,1,1 7,2,0 7,2,1 7,3,0 J6
4,3,1 5,2,1 5,3,0 5,3,1 6,2,1 6,3,0 F6
3,2,1 3,3,1 4,2,0 4,2,1 4,3,0 5,2,0 V6
1,4,0 1,4,1 2,3,1 2,4,0 2,4,1 3,3,0 H6
0,5,1 1,5,0 1,5,1 2,5,0 2,5,1 3,5,0 I6
3,4,0 3,4,1 3,5,1 4,4,0 4,4,1 4,5,0 G6
1,6,0 1,6,1 1,7,0 1,7,1 2,7,0 2,7,1 C6
2,6,0 2,6,1 3,6,0 3,6,1 3,7,0 4,6,0 P6
4,5,1 5,4,0 5,4,1 5,5,0 5,5,1 6,4,0 X6

          ________
         /       /\
        /   ____/  \
       /   /        \
  ____/___/__________\____
  \           \   \      /
   \___________\   \    /
   /       /       /    \
  /___    /_______/______\
 /    \   \   \       \   \
/      \___\   \       \   \
\      /\       \  /\  /   /
 \____/  \_______\/  \/   /
  \          /       /   /
   \________/   ____/___/
            \  /
             \/

solution 6:
1,2,1 1,3,0 1,3,1 2,2,0 2,2,1 2,3,0 O6
2,1,1 3,1,0 3,1,1 3,2,0 4,1,0 4,1,1 E6
5,0,1 5,1,0 5,1,1 6,1,0 6,1,1 6,2,0 S6
6,3,1 7,1,0 7,1,1 7,2,0 7,2,1 7,3,0 J6
5,2,0 5,2,1 5,3,0 5,3,1 6,2,1 6,3,0 G6
2,3,1 3,2,1 3,3,0 3,3,1 4,2,0 4,2,1 F6
3,4,0 3,4,1 4,3,0 4,3,1 4,4,0 4,4,1 V6
4,5,1 5,4,0 5,4,1 5,5,0 5,5,1 6,4,0 X6
0,5,1 1,4,0 1,4,1 1,5,0 2,4,0 2,4,1 H6
1,5,1 2,5,0 2,5,1 3,5,0 3,5,1 4,5,0 I6
1,6,0 1,6,1 1,7,0 1,7,1 2,7,0 2,7,1 C6
2,6,0 2,6,1 3,6,0 3,6,1 3,7,0 4,6,0 P6

          ________
         /       /\
        /   ____/  \
       /   /        \
  ____/___/__________\____
  \   \           \      /
   \   \___________\    /
   /       /       /    \
  /_______/___    /______\
 /    \      /   /    \   \
/      \    /___/      \   \
\      /\      /   /\  /   /
 \____/  \____/___/  \/   /
  \          /       /   /
   \________/   ____/___/
            \  /
             \/

solution 7:
1,2,1 1,3,0 1,3,1 2,2,0 2,2,1 2,3,0 O6
2,1,1 3,1,0 3,1,1 3,2,0 3,2,1 4,1,0 H6
4,1,1 4,2,0 4,2,1 4,3,0 5,0,1 5,1,0 C6
0,5,1 1,5,0 1,5,1 1,6,0 2,5,0 2,5,1 E6
1,4,0 1,4,1 2,3,1 2,4,0 3,3,0 3,3,1 S6
2,4,1 3,4,0 3,4,1 4,4,0 4,4,1 5,4,0 I6
4,5,0 4,5,1 4,6,0 5,4,1 5,5,0 5,5,1 X6
4,3,1 5,1,1 5,2,0 5,2,1 5,3,0 5,3,1 P6
1,6,1 2,6,0 2,6,1 3,5,0 3,5,1 3,6,0 G6
1,7,0 1,7,1 2,7,0 2,7,1 3,6,1 3,7,0 J6
6,1,0 6,1,1 6,2,0 7,1,0 7,1,1 7,2,0 F6
6,2,1 6,3,0 6,3,1 6,4,0 7,2,1 7,3,0 V6

          ________
         /        \
        /_______   \
       /\       \  /\
  ____/  \____   \/  \____
  \          /   /       /
   \________/___/___    /
   /    \           \  /\
  /___   \___________\/  \
 /    \      /\      /    \
/      \____/  \    /      \
\      /   /   /   /\  /\  /
 \____/   /   /   /  \/  \/
  \       \   \  /       /
   \_______\   \/_______/
            \  /
             \/

solution 8:
1,2,1 1,3,0 1,3,1 2,2,0 2,2,1 2,3,0 O6
2,1,1 3,1,0 3,1,1 3,2,0 3,2,1 4,1,0 H6
4,1,1 4,2,0 4,2,1 4,3,0 5,0,1 5,1,0 C6
0,5,1 1,5,0 1,5,1 1,6,0 2,5,0 2,5,1 E6
1,4,0 1,4,1 2,3,1 2,4,0 3,3,0 3,3,1 S6
2,4,1 3,4,0 3,4,1 4,4,0 4,4,1 5,4,0 I6
4,5,0 4,5,1 4,6,0 5,4,1 5,5,0 5,5,1 X6
4,3,1 5,1,1 5,2,0 5,2,1 5,3,0 5,3,1 P6
1,6,1 2,6,0 2,6,1 3,5,0 3,5,1 3,6,0 G6
1,7,0 1,7,1 2,7,0 2,7,1 3,6,1 3,7,0 J6
6,1,0 6,1,1 6,2,0 6,2,1 7,1,0 7,1,1 V6
6,3,0 6,3,1 6,4,0 7,2,0 7,2,1 7,3,0 F6

          ________
         /        \
        /_______   \
       /\       \  /\
  ____/  \____   \/  \____
  \          /   /       /
   \________/___/___    /
   /    \           \  /\
  /___   \___________\/  \
 /    \      /\      /    \
/      \____/  \    /___   \
\      /   /   /   /   /   /
 \____/   /   /   /   /___/
  \       \   \  /       /
   \_______\   \/_______/
            \  /
             \/

solution 9:
1,2,1 1,3,0 1,3,1 2,2,0 2,2,1 2,3,0 O6
2,1,1 3,1,0 3,1,1 3,2,0 3,2,1 4,1,0 H6
4,1,1 4,2,0 4,2,1 5,0,1 5,1,0 5,2,0 G6
5,1,1 6,1,0 6,1,1 7,1,0 7,1,1 7,2,0 J6
6,2,1 6,3,0 6,3,1 6,4,0 7,2,1 7,3,0 V6
4,4,1 5,2,1 5,3,0 5,3,1 5,4,0 6,2,0 S6
4,5,0 4,5,1 4,6,0 5,4,1 5,5,0 5,5,1 X6
3,4,1 3,5,0 3,5,1 3,6,0 3,6,1 3,7,0 I6
3,3,0 3,3,1 3,4,0 4,3,0 4,3,1 4,4,0 F6
0,5,1 1,4,0 1,4,1 1,5,0 2,3,1 2,4,0 E6
1,5,1 1,6,0 1,6,1 1,7,0 2,4,1 2,5,0 C6
1,7,1 2,5,1 2,6,0 2,6,1 2,7,0 2,7,1 P6

          ________
         /\      /\
        /  \    /  \
       /   /   /   /\
  ____/   /   /   /  \____
  \   \   \  /   /       /
   \   \   \/   /___    /
   /    \  /\  /\   \  /\
  /___   \/  \/  \   \/  \
 /    \  /       /   /    \
/      \/_______/   /      \
\      /   /    \   \  /\  /
 \____/   /   ___\___\/  \/
  \       \   \          /
   \_______\   \________/
            \  /
             \/

solution 10:
1,2,1 1,3,0 1,3,1 2,2,0 2,2,1 2,3,0 O6
2,1,1 3,1,0 3,1,1 3,2,0 3,2,1 4,1,0 H6
5,0,1 5,1,0 5,1,1 5,2,0 5,2,1 5,3,0 I6
3,3,1 4,1,1 4,2,0 4,2,1 4,3,0 4,3,1 P6
2,3,1 2,4,0 2,4,1 2,5,0 2,5,1 3,3,0 J6
0,5,1 1,4,0 1,4,1 1,5,0 1,5,1 1,6,0 E6
3,4,0 3,4,1 3,5,0 4,4,0 4,4,1 4,5,0 F6
4,5,1 5,4,0 5,4,1 5,5,0 5,5,1 6,4,0 X6
1,6,1 1,7,0 2,6,0 2,6,1 3,5,1 3,6,0 S6
1,7,1 2,7,0 2,7,1 3,6,1 3,7,0 4,6,0 C6
5,3,1 6,3,0 6,3,1 7,2,0 7,2,1 7,3,0 G6
6,1,0 6,1,1 6,2,0 6,2,1 7,1,0 7,1,1 V6

          ________
         /\       \
        /  \____   \
       /\       \   \
  ____/  \____   \___\____
  \      /   /\  /\      /
   \    /   /  \/  \    /
   /   /   /       /    \
  /___/   /_______/______\
 /    \   \      /\       \
/      \___\    /  \____   \
\      /   /   /   /   /   /
 \____/   /   /   /   /___/
  \       \  /   /       /
   \_______\/   /_______/
            \  /
             \/

...

solution 419:
6,2,1 6,3,0 6,3,1 7,2,0 7,2,1 7,3,0 O6
5,2,0 5,2,1 6,1,1 6,2,0 7,1,0 7,1,1 S6
4,1,0 4,1,1 5,0,1 5,1,0 5,1,1 6,1,0 E6
4,5,1 5,4,0 5,4,1 5,5,0 5,5,1 6,4,0 X6
3,4,1 4,3,1 4,4,0 4,4,1 5,3,0 5,3,1 F6
2,6,0 2,6,1 3,6,0 3,6,1 3,7,0 4,6,0 P6
1,6,0 1,6,1 1,7,0 1,7,1 2,7,0 2,7,1 C6
1,5,1 2,5,0 2,5,1 3,5,0 3,5,1 4,5,0 I6
0,5,1 1,4,0 1,4,1 1,5,0 2,4,0 2,4,1 H6
3,2,1 3,3,1 3,4,0 4,2,0 4,2,1 4,3,0 G6
1,3,1 2,2,1 2,3,0 2,3,1 3,2,0 3,3,0 V6
1,2,1 1,3,0 2,1,1 2,2,0 3,1,0 3,1,1 J6

          ________
         /       /\
        /   ____/  \
       /   /        \
  ____/___/__________\____
  \   \           \      /
   \   \___________\    /
   /       /\      /    \
  /_______/  \    /______\
 /\       \   \      /    \
/  \    ___\   \____/      \
\   \   \      /    \      /
 \   \___\____/___   \____/
  \      /        \      /
   \____/___    ___\____/
            \  /
             \/

419 solutions, 222,086 searches, duration 0:00:59.040000
