solving HexiamondsChevron_4x9:

solution 1:
07,2,0 07,2,1 07,3,0 07,3,1 08,3,0 08,3,1 C6
08,1,1 08,2,0 08,2,1 09,0,1 09,1,0 10,0,0 J6
07,1,0 07,1,1 08,0,0 08,0,1 08,1,0 09,0,0 F6
05,1,1 06,0,0 06,0,1 06,1,0 07,0,0 07,0,1 H6
05,2,1 06,1,1 06,2,0 06,2,1 06,3,0 06,3,1 P6
03,3,0 03,3,1 04,3,0 04,3,1 05,3,0 05,3,1 I6
03,2,1 04,1,1 04,2,0 04,2,1 05,1,0 05,2,0 V6
03,1,0 03,1,1 04,0,1 04,1,0 05,0,0 05,0,1 S6
02,0,1 02,1,0 02,1,1 03,0,0 03,0,1 04,0,0 G6
00,1,1 00,2,0 01,0,1 01,1,0 01,1,1 02,0,0 E6
00,2,1 00,3,0 00,3,1 01,2,0 01,2,1 01,3,0 O6
01,3,1 02,2,0 02,2,1 02,3,0 02,3,1 03,2,0 X6

    ____________________________________
   /    \      /           /   /       /
  /      \    /___________/   /   ____/
 /\      /    \       \      /   /   /
/  \____/______\    ___\    /___/   /
\      /   /    \   \   \  /    \   \
 \    /   /___   \___\   \/___   \   \
  \   \       \      /       /    \   \
   \___\_______\____/_______/______\___\


solution 2:
07,2,0 07,2,1 07,3,0 07,3,1 08,3,0 08,3,1 C6
08,1,1 08,2,0 08,2,1 09,0,1 09,1,0 10,0,0 J6
07,0,0 07,0,1 08,0,0 08,0,1 08,1,0 09,0,0 P6
05,2,1 05,3,0 05,3,1 06,2,1 06,3,0 06,3,1 F6
05,1,1 06,1,0 06,1,1 06,2,0 07,1,0 07,1,1 E6
04,1,1 05,0,0 05,0,1 05,1,0 06,0,0 06,0,1 H6
03,3,1 04,2,0 04,2,1 04,3,0 04,3,1 05,2,0 X6
03,0,1 03,1,0 03,1,1 04,0,0 04,0,1 04,1,0 O6
01,0,1 01,1,1 02,0,0 02,0,1 02,1,0 03,0,0 V6
00,1,1 00,2,0 00,2,1 01,1,0 01,2,0 01,2,1 G6
00,3,0 00,3,1 01,3,0 01,3,1 02,3,0 02,3,1 I6
02,1,1 02,2,0 02,2,1 03,2,0 03,2,1 03,3,0 S6

    ____________________________________
   /           /\      /       /       /
  /___________/  \    /       /   ____/
 /       /       /    \  /\  /   /   /
/   ____/   ____/______\/  \/___/   /
\   \   \  /    \   \          /\   \
 \___\   \/      \   \________/  \   \
  \       \      /       /        \   \
   \_______\____/_______/__________\___\


solution 3:
07,2,0 07,2,1 07,3,0 07,3,1 08,3,0 08,3,1 C6
08,1,1 08,2,0 08,2,1 09,0,1 09,1,0 10,0,0 J6
07,0,0 07,0,1 08,0,0 08,0,1 08,1,0 09,0,0 P6
05,2,1 05,3,0 05,3,1 06,2,1 06,3,0 06,3,1 F6
06,0,1 06,1,0 06,1,1 06,2,0 07,1,0 07,1,1 H6
03,2,1 03,3,0 03,3,1 04,2,0 04,3,0 04,3,1 G6
04,2,1 05,0,1 05,1,0 05,1,1 05,2,0 06,0,0 S6
00,3,0 00,3,1 01,3,0 01,3,1 02,3,0 02,3,1 I6
03,1,1 04,0,0 04,0,1 04,1,0 04,1,1 05,0,0 X6
01,2,1 02,1,1 02,2,0 02,2,1 03,1,0 03,2,0 V6
01,0,1 02,0,0 02,0,1 02,1,0 03,0,0 03,0,1 E6
00,1,1 00,2,0 00,2,1 01,1,0 01,1,1 01,2,0 O6

    ____________________________________
   /           /       /       /       /
  /___________/   ____/       /   ____/
 /    \       \   \   \  /\  /   /   /
/      \    ___\___\   \/  \/___/   /
\      /\   \      /   /       /\   \
 \____/  \___\    /   /   ____/  \   \
  \          /    \   \  /        \   \
   \________/______\___\/__________\___\


solution 4:
07,2,0 07,2,1 08,2,0 08,2,1 08,3,0 08,3,1 C6
05,3,0 05,3,1 06,3,0 06,3,1 07,3,0 07,3,1 I6
08,1,0 08,1,1 09,0,0 09,0,1 09,1,0 10,0,0 F6
07,0,0 07,0,1 07,1,0 07,1,1 08,0,0 08,0,1 V6
05,2,1 06,0,1 06,1,0 06,1,1 06,2,0 06,2,1 P6
03,2,1 03,3,0 03,3,1 04,2,0 04,3,0 04,3,1 G6
04,2,1 05,0,1 05,1,0 05,1,1 05,2,0 06,0,0 S6
03,1,1 04,0,0 04,0,1 04,1,0 04,1,1 05,0,0 X6
01,3,0 01,3,1 02,2,1 02,3,0 02,3,1 03,2,0 H6
00,1,1 00,2,0 00,2,1 00,3,0 00,3,1 01,2,0 E6
01,2,1 02,1,1 02,2,0 03,0,0 03,0,1 03,1,0 J6
01,0,1 01,1,0 01,1,1 02,0,0 02,0,1 02,1,0 O6

    ____________________________________
   /   /       /       /           /   /
  /   /___    /   ____/___________/   /
 /    \   \   \   \   \      /       /
/   ___\   \___\___\   \    /_______/
\  /    \   \      /   /   /   /    \
 \/      \   \    /   /   /   /___   \
  \      /   /    \   \  /       /    \
   \____/___/______\___\/_______/______\


solution 5:
07,2,0 07,2,1 08,2,0 08,2,1 08,3,0 08,3,1 C6
05,3,0 05,3,1 06,3,0 06,3,1 07,3,0 07,3,1 I6
08,1,0 08,1,1 09,0,0 09,0,1 09,1,0 10,0,0 F6
07,0,0 07,0,1 07,1,0 07,1,1 08,0,0 08,0,1 V6
05,2,1 06,0,1 06,1,0 06,1,1 06,2,0 06,2,1 P6
04,2,1 04,3,0 04,3,1 05,1,0 05,1,1 05,2,0 S6
04,0,1 04,1,0 04,1,1 05,0,0 05,0,1 06,0,0 G6
02,3,1 03,2,0 03,2,1 03,3,0 03,3,1 04,2,0 X6
02,0,1 03,0,0 03,0,1 03,1,0 03,1,1 04,0,0 H6
00,1,1 00,2,0 01,0,1 01,1,0 01,1,1 02,0,0 E6
01,3,1 02,1,0 02,1,1 02,2,0 02,2,1 02,3,0 J6
00,2,1 00,3,0 00,3,1 01,2,0 01,2,1 01,3,0 O6

    ____________________________________
   /    \   \      /   /           /   /
  /      \   \    /   /___________/   /
 /\      /   /    \   \      /       /
/  \____/   /______\   \    /_______/
\      /   /   /   /   /   /   /    \
 \    /___/   /   /___/   /   /___   \
  \   \       \       \  /       /    \
   \___\_______\_______\/_______/______\


solution 6:
07,2,0 07,2,1 08,2,0 08,2,1 08,3,0 08,3,1 C6
05,3,0 05,3,1 06,3,0 06,3,1 07,3,0 07,3,1 I6
08,0,1 08,1,1 09,0,0 09,0,1 09,1,0 10,0,0 V6
07,0,0 07,0,1 07,1,0 07,1,1 08,0,0 08,1,0 F6
05,2,1 06,0,1 06,1,0 06,1,1 06,2,0 06,2,1 P6
03,2,1 03,3,0 03,3,1 04,2,0 04,3,0 04,3,1 G6
04,2,1 05,0,1 05,1,0 05,1,1 05,2,0 06,0,0 S6
03,1,1 04,0,0 04,0,1 04,1,0 04,1,1 05,0,0 X6
01,3,0 01,3,1 02,2,1 02,3,0 02,3,1 03,2,0 H6
00,1,1 00,2,0 00,2,1 00,3,0 00,3,1 01,2,0 E6
01,2,1 02,1,1 02,2,0 03,0,0 03,0,1 03,1,0 J6
01,0,1 01,1,0 01,1,1 02,0,0 02,0,1 02,1,0 O6

    ____________________________________
   /   /       /       /           /   /
  /   /___    /   ____/___________/   /
 /    \   \   \   \   \      /       /
/   ___\   \___\___\   \    /_______/
\  /    \   \      /   /   /    \   \
 \/      \   \    /   /   /   ___\   \
  \      /   /    \   \  /    \       \
   \____/___/______\___\/______\_______\


solution 7:
07,2,0 07,2,1 08,2,0 08,2,1 08,3,0 08,3,1 C6
05,3,0 05,3,1 06,3,0 06,3,1 07,3,0 07,3,1 I6
08,0,1 08,1,1 09,0,0 09,0,1 09,1,0 10,0,0 V6
07,0,0 07,0,1 07,1,0 07,1,1 08,0,0 08,1,0 F6
05,2,1 06,0,1 06,1,0 06,1,1 06,2,0 06,2,1 P6
04,2,1 04,3,0 04,3,1 05,1,0 05,1,1 05,2,0 S6
04,0,1 04,1,0 04,1,1 05,0,0 05,0,1 06,0,0 G6
02,3,1 03,2,0 03,2,1 03,3,0 03,3,1 04,2,0 X6
02,0,1 03,0,0 03,0,1 03,1,0 03,1,1 04,0,0 H6
00,1,1 00,2,0 01,0,1 01,1,0 01,1,1 02,0,0 E6
01,3,1 02,1,0 02,1,1 02,2,0 02,2,1 02,3,0 J6
00,2,1 00,3,0 00,3,1 01,2,0 01,2,1 01,3,0 O6

    ____________________________________
   /    \   \      /   /           /   /
  /      \   \    /   /___________/   /
 /\      /   /    \   \      /       /
/  \____/   /______\   \    /_______/
\      /   /   /   /   /   /    \   \
 \    /___/   /   /___/   /   ___\   \
  \   \       \       \  /    \       \
   \___\_______\_______\/______\_______\


solution 8:
07,2,0 07,2,1 08,2,0 08,2,1 08,3,0 08,3,1 C6
05,3,1 06,2,1 06,3,0 06,3,1 07,3,0 07,3,1 P6
08,1,0 08,1,1 09,0,0 09,0,1 09,1,0 10,0,0 F6
06,0,0 06,0,1 07,0,0 07,0,1 08,0,0 08,0,1 I6
05,2,1 06,1,0 06,1,1 06,2,0 07,1,0 07,1,1 H6
03,3,1 04,2,1 04,3,0 04,3,1 05,2,0 05,3,0 V6
03,2,1 03,3,0 04,1,1 04,2,0 05,1,0 05,1,1 J6
03,1,0 03,1,1 04,0,1 04,1,0 05,0,0 05,0,1 S6
02,0,1 02,1,0 02,1,1 03,0,0 03,0,1 04,0,0 G6
00,1,1 00,2,0 01,0,1 01,1,0 01,1,1 02,0,0 E6
00,2,1 00,3,0 00,3,1 01,2,0 01,2,1 01,3,0 O6
01,3,1 02,2,0 02,2,1 02,3,0 02,3,1 03,2,0 X6

    ____________________________________
   /    \      /\       \          /   /
  /      \    /  \    ___\    ____/   /
 /\      /    \   \   \   \  /       /
/  \____/______\   \___\   \/_______/
\      /   /    \      /       /    \
 \    /   /___   \____/_______/___   \
  \   \       \      /           /    \
   \___\_______\____/___________/______\


solution 9:
07,2,0 07,2,1 08,2,0 08,2,1 08,3,0 08,3,1 C6
05,3,1 06,2,1 06,3,0 06,3,1 07,3,0 07,3,1 P6
08,1,0 08,1,1 09,0,0 09,0,1 09,1,0 10,0,0 F6
06,0,0 06,0,1 07,0,0 07,0,1 08,0,0 08,0,1 I6
05,2,1 05,3,0 06,1,1 06,2,0 07,1,0 07,1,1 J6
03,3,1 04,2,0 04,2,1 04,3,0 04,3,1 05,2,0 X6
04,0,1 05,0,0 05,0,1 05,1,0 05,1,1 06,1,0 S6
03,1,0 03,1,1 03,2,0 03,2,1 04,1,0 04,1,1 V6
02,0,1 02,1,0 02,1,1 03,0,0 03,0,1 04,0,0 G6
00,1,1 00,2,0 01,0,1 01,1,0 01,1,1 02,0,0 E6
01,3,1 02,2,0 02,2,1 02,3,0 02,3,1 03,3,0 H6
00,2,1 00,3,0 00,3,1 01,2,0 01,2,1 01,3,0 O6

    ____________________________________
   /    \       \      /\          /   /
  /      \    ___\    /  \    ____/   /
 /\      /   /   /    \   \  /       /
/  \____/___/   /______\   \/_______/
\      /   /       /    \      /    \
 \    /   /_______/   ___\____/___   \
  \   \       \      /           /    \
   \___\_______\____/___________/______\


solution 10:
07,2,0 07,2,1 08,2,0 08,2,1 08,3,0 08,3,1 C6
05,3,1 06,2,1 06,3,0 06,3,1 07,3,0 07,3,1 P6
08,1,0 08,1,1 09,0,0 09,0,1 09,1,0 10,0,0 F6
07,0,0 07,0,1 07,1,0 07,1,1 08,0,0 08,0,1 V6
04,0,1 04,1,0 04,1,1 05,0,0 05,0,1 05,1,0 O6
05,1,1 06,0,0 06,0,1 06,1,0 06,1,1 06,2,0 E6
03,2,1 04,2,0 04,2,1 05,2,0 05,2,1 05,3,0 J6
02,3,0 02,3,1 03,3,0 03,3,1 04,3,0 04,3,1 I6
02,2,1 03,0,1 03,1,0 03,1,1 03,2,0 04,0,0 S6
00,3,0 00,3,1 01,2,1 01,3,0 01,3,1 02,2,0 H6
01,1,1 02,0,0 02,0,1 02,1,0 02,1,1 03,0,0 X6
00,1,1 00,2,0 00,2,1 01,0,1 01,1,0 01,2,0 G6

    ____________________________________
   /       /           /\          /   /
  /___    /___________/  \    ____/   /
 /    \   \   \          /\  /       /
/   ___\___\   \________/  \/_______/
\   \      /   /    \      /   /    \
 \   \    /   /      \    /   /___   \
  \  /    \   \      /   /       /    \
   \/______\___\____/___/_______/______\

...

solution 142:
07,3,0 07,3,1 08,2,0 08,2,1 08,3,0 08,3,1 V6
08,0,0 08,0,1 09,0,0 09,0,1 09,1,0 10,0,0 P6
06,1,0 06,1,1 07,1,0 07,1,1 08,1,0 08,1,1 I6
05,0,1 05,1,0 06,0,0 06,0,1 07,0,0 07,0,1 J6
05,3,1 06,2,1 06,3,0 06,3,1 07,2,0 07,2,1 F6
03,3,1 04,3,0 04,3,1 05,2,1 05,3,0 06,2,0 C6
03,2,1 03,3,0 04,2,0 04,2,1 05,1,1 05,2,0 S6
03,1,1 04,0,0 04,0,1 04,1,0 04,1,1 05,0,0 X6
01,3,0 01,3,1 02,2,1 02,3,0 02,3,1 03,2,0 H6
00,2,1 00,3,0 00,3,1 01,2,0 01,2,1 02,2,0 G6
00,1,1 00,2,0 01,0,1 01,1,0 01,1,1 02,0,0 E6
02,0,1 02,1,0 02,1,1 03,0,0 03,0,1 03,1,0 O6

    ____________________________________
   /   /       /\       \      /       /
  /   /___    /  \____   \    /___    /
 /\       \   \       \   \      /   /
/  \_______\___\____   \___\____/___/
\      /    \      /\  /           /\
 \    /      \    /  \/___________/  \
  \   \      /    \          /        \
   \___\____/______\________/__________\


142 solutions, 62486 searches, duration 0:00:14.765807
