solving HexiamondsInfinity2:

solution 1:
0,2,1 0,3,0 0,3,1 1,2,0 1,2,1 1,3,0 O6
1,1,1 2,0,1 2,1,0 2,1,1 2,2,0 3,0,0 H6
0,4,0 0,4,1 0,5,0 0,5,1 1,5,0 1,5,1 C6
1,3,1 1,4,0 1,4,1 2,4,0 2,4,1 2,5,0 S6
3,0,1 3,1,0 3,1,1 3,2,0 4,0,0 4,0,1 G6
2,3,1 3,2,1 3,3,0 3,3,1 4,2,1 4,3,0 F6
3,4,0 3,4,1 4,3,1 4,4,0 4,4,1 5,4,0 E6
3,5,0 3,5,1 4,5,0 4,5,1 5,4,1 5,5,0 J6
4,1,0 4,1,1 4,2,0 5,0,1 5,1,0 6,0,0 P6
5,1,1 5,2,0 6,0,1 6,1,0 6,1,1 6,2,0 V6
5,3,1 6,2,1 6,3,0 6,3,1 6,4,0 7,3,0 X6
7,0,0 7,0,1 7,1,0 7,1,1 7,2,0 7,2,1 I6

      ________    ________
     /       /\  /        \
    /   ____/  \/_______   \
   /   /       /        \  /\
  /___/   ____/___    ___\/  \
 /    \  /\       \  /\       \
/      \/  \       \/  \    ___\
\      /\  /\  /\  /\  /\  /   /
 \____/  \/  \/  \/  \/  \/   /
  \      /   /    \      /   /
   \    /   /___   \    /   /
    \   \      /\   \  /   /
     \___\____/  \___\/___/

solution 2:
0,2,1 0,3,0 0,3,1 1,2,0 1,2,1 1,3,0 O6
1,1,1 2,0,1 2,1,0 2,1,1 2,2,0 3,0,0 H6
0,4,0 0,4,1 1,3,1 1,4,0 1,4,1 2,4,0 E6
0,5,0 0,5,1 1,5,0 1,5,1 2,4,1 2,5,0 J6
3,0,1 3,1,0 3,1,1 3,2,0 4,0,0 4,0,1 G6
2,3,1 3,2,1 3,3,0 3,3,1 4,2,1 4,3,0 F6
4,1,0 4,1,1 4,2,0 5,0,1 5,1,0 6,0,0 P6
5,1,1 5,2,0 6,0,1 6,1,0 6,1,1 6,2,0 V6
7,0,0 7,0,1 7,1,0 7,1,1 7,2,0 7,2,1 I6
3,4,0 3,4,1 3,5,0 3,5,1 4,5,0 4,5,1 C6
4,3,1 4,4,0 4,4,1 5,4,0 5,4,1 5,5,0 S6
5,3,1 6,2,1 6,3,0 6,3,1 6,4,0 7,3,0 X6

      ________    ________
     /        \  /       /\
    /_______   \/   ____/  \
   /        \  /   /       /\
  /___    ___\/___/   ____/  \
 /    \  /\       \  /\       \
/      \/  \       \/  \    ___\
\      /\  /\  /\  /\  /\  /   /
 \____/  \/  \/  \/  \/  \/   /
  \      /   /    \      /   /
   \    /   /___   \    /   /
    \   \      /\   \  /   /
     \___\____/  \___\/___/

solution 3:
0,3,1 0,4,0 0,4,1 1,3,0 1,3,1 1,4,0 O6
0,2,1 0,3,0 1,1,1 1,2,0 1,2,1 2,2,0 H6
0,5,0 0,5,1 1,4,1 1,5,0 1,5,1 2,5,0 E6
2,0,1 2,1,0 2,1,1 3,0,0 3,1,0 3,1,1 G6
3,0,1 4,0,0 4,0,1 4,1,0 4,1,1 5,1,0 S6
5,0,1 5,1,1 6,0,0 6,0,1 6,1,0 7,0,0 V6
7,0,1 7,1,0 7,1,1 7,2,0 7,2,1 7,3,0 I6
5,3,1 6,1,1 6,2,0 6,2,1 6,3,0 6,3,1 P6
4,5,0 4,5,1 5,4,0 5,4,1 5,5,0 6,4,0 F6
2,4,0 2,4,1 3,4,0 3,4,1 3,5,0 3,5,1 C6
2,3,1 3,2,0 3,2,1 3,3,0 3,3,1 4,2,0 X6
4,2,1 4,3,0 4,3,1 4,4,0 4,4,1 5,2,0 J6

      ________    ________
     /        \  /   /    \
    /___    ___\/   /___   \
   /    \  /       /   /    \
  /      \/_______/   /______\
 /\      /\      /   /\      /\
/  \____/  \    /   /  \    /  \
\       \  /    \   \  /   /   /
 \    ___\/______\___\/   /   /
  \  /       /    \   \  /   /
   \/   ____/   ___\   \/   /
    \   \      /\       \  /
     \___\____/  \_______\/

solution 4:
0,3,1 0,4,0 0,4,1 1,3,0 1,3,1 1,4,0 O6
0,2,1 0,3,0 1,1,1 1,2,0 1,2,1 2,2,0 H6
0,5,0 0,5,1 1,4,1 1,5,0 1,5,1 2,5,0 E6
2,0,1 2,1,0 3,0,0 3,0,1 4,0,0 4,0,1 J6
2,1,1 3,1,0 3,1,1 4,1,0 4,1,1 5,1,0 I6
5,0,1 5,1,1 6,0,0 6,0,1 6,1,0 7,0,0 V6
6,1,1 6,2,0 6,2,1 7,0,1 7,1,0 7,1,1 F6
5,3,1 6,3,0 6,3,1 7,2,0 7,2,1 7,3,0 G6
4,4,0 4,4,1 5,4,0 5,4,1 5,5,0 6,4,0 P6
3,4,0 3,4,1 3,5,0 3,5,1 4,5,0 4,5,1 C6
2,3,1 2,4,0 2,4,1 3,2,0 3,2,1 3,3,0 S6
3,3,1 4,2,0 4,2,1 4,3,0 4,3,1 5,2,0 X6

      ________    ________
     /        \  /       /\
    /___    ___\/   ____/  \
   /    \  /   /   /        \
  /      \/   /___/__________\
 /\      /\   \      /\       \
/  \____/  \   \    /  \____   \
\       \  /   /    \  /   /   /
 \    ___\/___/______\/   /___/
  \  /\           \   \      /
   \/  \___________\   \    /
    \          /\       \  /
     \________/  \_______\/

solution 5:
0,3,1 0,4,0 0,4,1 1,3,0 1,3,1 1,4,0 O6
0,2,1 0,3,0 1,1,1 1,2,0 2,0,1 2,1,0 I6
1,2,1 2,1,1 2,2,0 3,0,0 3,0,1 3,1,0 J6
0,5,0 0,5,1 1,4,1 1,5,0 1,5,1 2,5,0 E6
3,1,1 4,0,0 4,0,1 4,1,0 4,1,1 5,1,0 H6
5,0,1 5,1,1 6,0,0 6,0,1 6,1,0 7,0,0 V6
6,1,1 6,2,0 6,2,1 7,0,1 7,1,0 7,1,1 F6
5,3,1 6,3,0 6,3,1 7,2,0 7,2,1 7,3,0 G6
4,4,0 4,4,1 5,4,0 5,4,1 5,5,0 6,4,0 P6
3,4,0 3,4,1 3,5,0 3,5,1 4,5,0 4,5,1 C6
2,3,1 2,4,0 2,4,1 3,2,0 3,2,1 3,3,0 S6
3,3,1 4,2,0 4,2,1 4,3,0 4,3,1 5,2,0 X6

      ________    ________
     /        \  /       /\
    /___    ___\/   ____/  \
   /    \  /   /   /        \
  /      \/   /___/__________\
 /\      /\   \      /\       \
/  \____/  \   \    /  \____   \
\   \   \  /   /    \  /   /   /
 \   \   \/___/______\/   /___/
  \   \   \       \   \      /
   \   \   \    ___\   \    /
    \  /   /   /\       \  /
     \/___/___/  \_______\/

solution 6:
0,3,1 0,4,0 0,4,1 1,3,0 1,3,1 1,4,0 O6
0,2,1 0,3,0 1,2,0 1,2,1 2,1,1 2,2,0 S6
1,1,1 2,0,1 2,1,0 3,0,0 3,0,1 4,0,0 C6
0,5,0 0,5,1 1,4,1 1,5,0 1,5,1 2,5,0 E6
3,1,0 3,1,1 3,2,0 3,2,1 4,0,1 4,1,0 H6
2,3,1 2,4,0 2,4,1 3,3,0 3,4,0 3,4,1 G6
3,5,0 3,5,1 4,4,0 4,4,1 4,5,0 4,5,1 V6
3,3,1 4,2,0 4,2,1 4,3,0 4,3,1 5,2,0 X6
4,1,1 5,0,1 5,1,0 5,1,1 6,0,0 6,0,1 F6
5,4,0 5,4,1 5,5,0 6,3,1 6,4,0 7,3,0 P6
5,3,1 6,1,0 6,1,1 6,2,0 6,2,1 6,3,0 J6
7,0,0 7,0,1 7,1,0 7,1,1 7,2,0 7,2,1 I6

      ________    ________
     /        \  /       /\
    /___    ___\/___    /  \
   /    \  /       /   /    \
  /      \/   ____/___/___   \
 /\      /\   \      /\   \   \
/  \____/  \___\    /  \   \___\
\       \  /   /    \  /   /   /
 \____   \/   /______\/   /   /
  \   \  /    \      /   /   /
   \   \/___   \    /___/   /
    \       \  /\      /   /
     \_______\/  \____/___/

solution 7:
0,3,1 0,4,0 0,4,1 1,3,0 1,3,1 1,4,0 O6
0,2,1 0,3,0 1,2,0 1,2,1 2,1,1 2,2,0 S6
1,1,1 2,0,1 2,1,0 3,0,0 3,0,1 4,0,0 C6
0,5,0 0,5,1 1,4,1 1,5,0 1,5,1 2,5,0 E6
2,3,1 3,1,0 3,1,1 3,2,0 3,2,1 3,3,0 J6
2,4,0 2,4,1 3,4,0 3,4,1 3,5,0 4,4,0 P6
3,3,1 4,2,0 4,2,1 4,3,0 4,3,1 5,2,0 X6
4,0,1 4,1,0 4,1,1 5,0,1 5,1,0 6,0,0 G6
3,5,1 4,4,1 4,5,0 4,5,1 5,4,1 5,5,0 F6
5,1,1 6,0,1 6,1,0 6,1,1 6,2,0 7,0,0 H6
7,0,1 7,1,0 7,1,1 7,2,0 7,2,1 7,3,0 I6
5,3,1 5,4,0 6,2,1 6,3,0 6,3,1 6,4,0 V6

      ________    ________
     /        \  /\       \
    /___    ___\/  \       \
   /    \  /        \  /\  /\
  /      \/__________\/  \/  \
 /\      /\   \      /\      /\
/  \____/  \   \    /  \    /  \
\       \  /   /    \  /\  /   /
 \____   \/   /______\/  \/   /
  \   \  /   /    \      /   /
   \   \/___/      \    /   /
    \       \  /\   \   \  /
     \_______\/  \___\___\/

solution 8:
0,3,1 0,4,0 0,4,1 1,3,0 1,3,1 1,4,0 O6
0,2,1 0,3,0 1,2,0 1,2,1 2,1,1 2,2,0 S6
1,1,1 2,0,1 2,1,0 3,0,0 3,0,1 4,0,0 C6
0,5,0 0,5,1 1,4,1 1,5,0 1,5,1 2,5,0 E6
2,3,1 3,1,0 3,1,1 3,2,0 3,2,1 3,3,0 J6
2,4,0 2,4,1 3,4,0 3,4,1 3,5,0 4,4,0 P6
3,3,1 4,2,0 4,2,1 4,3,0 4,3,1 5,2,0 X6
4,0,1 4,1,0 4,1,1 5,0,1 5,1,0 6,0,0 G6
3,5,1 4,4,1 4,5,0 4,5,1 5,4,0 5,5,0 V6
5,3,1 5,4,1 6,2,1 6,3,0 6,3,1 6,4,0 F6
7,0,1 7,1,0 7,1,1 7,2,0 7,2,1 7,3,0 I6
5,1,1 6,0,1 6,1,0 6,1,1 6,2,0 7,0,0 H6

      ________    ________
     /        \  /\       \
    /___    ___\/  \    ___\
   /    \  /        \   \   \
  /      \/__________\___\   \
 /\      /\   \      /\      /\
/  \____/  \   \    /  \    /  \
\       \  /   /    \  /\  /   /
 \____   \/   /______\/  \/   /
  \   \  /   /    \      /   /
   \   \/___/      \    /   /
    \       \  /\   \   \  /
     \_______\/  \___\___\/

solution 9:
0,3,1 0,4,0 0,4,1 1,3,0 1,3,1 1,4,0 O6
0,2,1 0,3,0 1,2,0 1,2,1 2,1,1 2,2,0 S6
1,1,1 2,0,1 2,1,0 3,0,0 3,0,1 4,0,0 C6
0,5,0 0,5,1 1,4,1 1,5,0 1,5,1 2,4,0 H6
2,4,1 2,5,0 3,4,0 3,4,1 3,5,0 3,5,1 G6
2,3,1 3,2,0 3,2,1 3,3,0 3,3,1 4,2,0 X6
3,1,0 3,1,1 4,0,1 4,1,0 4,1,1 5,1,0 E6
5,0,1 5,1,1 6,0,0 6,0,1 6,1,0 7,0,0 V6
4,2,1 4,3,0 4,3,1 4,4,0 4,4,1 5,2,0 J6
4,5,0 4,5,1 5,4,0 5,4,1 5,5,0 6,4,0 F6
5,3,1 6,1,1 6,2,0 6,2,1 6,3,0 6,3,1 P6
7,0,1 7,1,0 7,1,1 7,2,0 7,2,1 7,3,0 I6

      ________    ________
     /       /\  /   /    \
    /___    /  \/   /___   \
   /    \   \      /   /    \
  /      \___\____/   /______\
 /\      /\      /   /\      /\
/  \____/  \    /   /  \    /  \
\       \  /    \   \  /   /   /
 \____   \/______\___\/   /   /
  \   \  /        \   \  /   /
   \   \/___    ___\   \/   /
    \       \  /\       \  /
     \_______\/  \_______\/

solution 10:
0,3,1 0,4,0 0,4,1 1,3,0 1,3,1 1,4,0 O6
0,2,1 0,3,0 1,2,0 1,2,1 2,1,1 2,2,0 S6
1,1,1 2,0,1 2,1,0 3,0,0 3,0,1 3,1,0 G6
0,5,0 0,5,1 1,4,1 1,5,0 1,5,1 2,5,0 E6
3,1,1 4,0,0 4,0,1 4,1,0 4,1,1 5,1,0 H6
5,0,1 5,1,1 6,0,0 6,0,1 6,1,0 7,0,0 V6
7,0,1 7,1,0 7,1,1 7,2,0 7,2,1 7,3,0 I6
5,3,1 6,1,1 6,2,0 6,2,1 6,3,0 6,3,1 P6
4,5,0 4,5,1 5,4,0 5,4,1 5,5,0 6,4,0 F6
2,4,0 2,4,1 3,4,0 3,4,1 3,5,0 3,5,1 C6
2,3,1 3,2,0 3,2,1 3,3,0 3,3,1 4,2,0 X6
4,2,1 4,3,0 4,3,1 4,4,0 4,4,1 5,2,0 J6

      ________    ________
     /        \  /   /    \
    /___    ___\/   /___   \
   /    \  /       /   /    \
  /      \/_______/   /______\
 /\      /\      /   /\      /\
/  \____/  \    /   /  \    /  \
\       \  /    \   \  /   /   /
 \____   \/______\___\/   /   /
  \   \  /\       \   \  /   /
   \   \/  \    ___\   \/   /
    \      /   /\       \  /
     \____/___/  \_______\/

...

solution 33:
5,3,1 5,4,0 5,4,1 6,3,0 6,3,1 6,4,0 O6
3,5,0 3,5,1 4,4,1 4,5,0 4,5,1 5,5,0 E6
6,1,1 6,2,0 6,2,1 7,2,0 7,2,1 7,3,0 S6
6,0,0 6,0,1 7,0,0 7,0,1 7,1,0 7,1,1 C6
4,1,1 5,0,1 5,1,0 5,1,1 5,2,0 6,1,0 X6
2,3,1 3,1,1 3,2,0 3,2,1 3,3,0 3,3,1 P6
3,4,1 4,2,0 4,2,1 4,3,0 4,3,1 4,4,0 J6
2,1,1 3,0,1 3,1,0 4,0,0 4,0,1 4,1,0 G6
0,2,1 1,1,1 1,2,0 2,0,1 2,1,0 3,0,0 I6
0,3,0 0,3,1 1,2,1 1,3,0 1,3,1 2,2,0 H6
0,4,0 0,4,1 0,5,0 0,5,1 1,4,0 1,4,1 V6
1,5,0 1,5,1 2,4,0 2,4,1 2,5,0 3,4,0 F6

      ________    ________
     /   /    \  /        \
    /   /___   \/___    ___\
   /       /    \   \  /    \
  /_______/______\   \/      \
 /       /\      /   /\      /\
/___    /  \    /   /  \____/  \
\   \   \  /   /   /\  /       /
 \   \___\/   /___/  \/   ____/
  \   \   \  /\       \  /   /
   \   \   \/  \    ___\/   /
    \   \      /\  /       /
     \___\____/  \/_______/

33 solutions, 32,755 searches, duration 0:00:06.655794
