solving OneSidedHexiamondsHexagramHexagon1:

solution 1:
00,08,1 01,07,1 01,08,0 02,07,0 02,07,1 03,07,0 C6
01,08,1 02,08,0 02,08,1 02,09,0 03,08,0 03,08,1 E6
02,09,1 03,09,0 03,09,1 03,10,0 03,10,1 03,11,0 j6
06,02,1 07,01,1 07,02,0 08,00,1 08,01,0 08,01,1 P6
05,02,1 05,03,0 05,03,1 06,02,0 06,03,0 06,03,1 G6
03,03,0 03,03,1 03,04,0 03,04,1 04,03,0 04,03,1 V6
07,07,1 07,08,1 08,07,0 08,07,1 08,08,0 08,08,1 f6
09,02,1 09,03,0 09,03,1 10,03,0 10,03,1 11,03,0 J6
03,07,1 04,07,0 04,07,1 04,08,0 04,08,1 05,08,0 s6
05,07,0 05,07,1 06,06,1 06,07,0 07,06,0 07,06,1 S6
04,09,0 04,09,1 04,10,0 05,08,1 05,09,0 05,09,1 X6
06,07,1 06,08,0 06,08,1 06,09,0 07,07,0 07,08,0 F6
02,06,0 02,06,1 03,06,0 03,06,1 04,06,0 04,06,1 I6
02,05,1 03,05,0 03,05,1 04,04,0 04,04,1 04,05,0 g6
04,05,1 05,04,0 05,04,1 05,05,0 06,04,0 06,04,1 H6
08,05,1 08,06,0 08,06,1 09,05,0 09,05,1 09,06,0 O6
07,02,1 08,02,0 08,02,1 08,03,0 08,03,1 09,02,0 h6
07,03,0 07,03,1 07,04,0 07,04,1 07,05,0 07,05,1 i6
08,04,0 08,04,1 08,05,0 09,04,0 09,04,1 10,04,0 p6

                 /\
                /  \
               /   /\
          ____/   /  \____
         /\      /       /\
________/  \____/___    /  \________
\   \          /    \  /    \      /
 \   \________/   ___\/   ___\    /
  \       \      /    \   \      /
   \_______\____/___   \___\____/
   /           /    \      /    \
  /___________/      \____/      \
  \       \   \      /   /\      /
   \____   \   \____/   /  \____/
   /   /   /       /   /        \
  /   /___/_______/   /__________\
 /       /       /   /   /        \
/_______/   ____/___/   /   _______\
        \   \   \       \  /
         \___\   \_______\/
              \      /
               \    /
                \  /
                 \/

solution 2:
00,08,1 01,07,1 01,08,0 02,07,0 02,07,1 03,07,0 C6
01,08,1 02,08,0 02,08,1 02,09,0 03,08,0 03,08,1 E6
02,09,1 03,09,0 03,09,1 03,10,0 03,10,1 03,11,0 j6
06,02,1 07,01,1 07,02,0 08,00,1 08,01,0 08,01,1 P6
05,02,1 05,03,0 05,03,1 06,02,0 06,03,0 06,03,1 G6
03,03,0 03,03,1 03,04,0 03,04,1 04,03,0 04,03,1 V6
07,07,1 07,08,1 08,07,0 08,07,1 08,08,0 08,08,1 f6
09,02,1 09,03,0 09,03,1 10,03,0 10,03,1 11,03,0 J6
03,07,1 04,07,0 04,07,1 04,08,0 04,08,1 05,08,0 s6
05,07,0 05,07,1 06,06,1 06,07,0 07,06,0 07,06,1 S6
04,09,0 04,09,1 04,10,0 05,08,1 05,09,0 05,09,1 X6
06,07,1 06,08,0 06,08,1 06,09,0 07,07,0 07,08,0 F6
02,05,1 02,06,0 02,06,1 03,05,0 03,05,1 04,05,0 g6
03,06,0 03,06,1 04,05,1 04,06,0 04,06,1 05,05,0 H6
04,04,0 04,04,1 05,04,0 05,04,1 06,04,0 06,04,1 I6
08,05,1 08,06,0 08,06,1 09,05,0 09,05,1 09,06,0 O6
07,02,1 08,02,0 08,02,1 08,03,0 08,03,1 09,02,0 h6
07,03,0 07,03,1 07,04,0 07,04,1 07,05,0 07,05,1 i6
08,04,0 08,04,1 08,05,0 09,04,0 09,04,1 10,04,0 p6

                 /\
                /  \
               /   /\
          ____/   /  \____
         /\      /       /\
________/  \____/___    /  \________
\   \          /    \  /    \      /
 \   \________/   ___\/   ___\    /
  \       \      /    \   \      /
   \_______\____/___   \___\____/
   /   /       /    \      /    \
  /   /___    /      \____/      \
  \       \   \      /   /\      /
   \_______\___\____/   /  \____/
   /   /           /   /        \
  /   /___________/   /__________\
 /       /       /   /   /        \
/_______/   ____/___/   /   _______\
        \   \   \       \  /
         \___\   \_______\/
              \      /
               \    /
                \  /
                 \/

solution 3:
00,08,1 01,07,1 01,08,0 02,07,0 02,07,1 03,07,0 C6
01,08,1 02,08,0 02,08,1 02,09,0 03,08,0 03,08,1 E6
02,09,1 03,09,0 03,09,1 03,10,0 03,10,1 03,11,0 j6
07,01,1 08,00,1 08,01,0 08,01,1 08,02,0 08,02,1 p6
07,03,1 08,03,0 08,03,1 09,02,0 09,02,1 09,03,0 g6
09,03,1 09,04,0 10,03,0 10,03,1 10,04,0 11,03,0 f6
08,06,1 08,07,0 08,07,1 08,08,0 08,08,1 09,06,0 J6
08,05,0 08,05,1 08,06,0 09,04,1 09,05,0 09,05,1 X6
07,04,0 07,04,1 07,05,0 07,05,1 08,04,0 08,04,1 V6
03,03,0 03,03,1 03,04,0 03,04,1 03,05,0 04,03,0 P6
02,05,1 02,06,0 02,06,1 03,05,1 03,06,0 03,06,1 F6
03,07,1 04,05,1 04,06,0 04,06,1 04,07,0 05,05,0 S6
04,03,1 04,04,0 04,04,1 04,05,0 05,04,0 05,04,1 H6
05,02,1 05,03,0 05,03,1 06,02,0 06,02,1 06,03,0 O6
06,03,1 06,04,0 06,04,1 07,02,0 07,02,1 07,03,0 s6
06,08,1 06,09,0 07,07,0 07,07,1 07,08,0 07,08,1 h6
06,06,1 06,07,0 06,07,1 06,08,0 07,06,0 07,06,1 G6
04,07,1 04,08,0 04,08,1 04,09,0 04,09,1 04,10,0 I6
05,07,0 05,07,1 05,08,0 05,08,1 05,09,0 05,09,1 i6

                 /\
                /  \
               /   /\
          ____/   /  \____
         /\      /   /   /\
________/  \____/   /   /  \________
\   \          /   /   /\      /   /
 \   \________/   /   /  \    /   /
  \       \   \  /   /   /   /   /
   \_______\   \/___/   /___/   /
   /       /   /    \      /\   \
  /       /   /      \____/  \___\
  \  /\  /\   \      /   /       /
   \/  \/  \___\____/   /___    /
   /   /       /   /       /\  /\
  /   /   ____/   /_______/  \/  \
 /    \  /    \   \       \       \
/______\/      \   \____   \_______\
        \      /   /   /   /
         \____/___/   /___/
              \      /
               \    /
                \  /
                 \/

solution 4:
00,08,1 01,07,1 01,08,0 02,07,0 02,07,1 03,07,0 C6
01,08,1 02,08,0 02,08,1 02,09,0 03,08,0 03,08,1 E6
02,09,1 03,09,0 03,09,1 03,10,0 03,10,1 03,11,0 j6
07,01,1 08,00,1 08,01,0 08,01,1 08,02,0 08,02,1 p6
07,03,1 08,03,0 08,03,1 09,02,0 09,02,1 09,03,0 g6
09,03,1 09,04,0 10,03,0 10,03,1 10,04,0 11,03,0 f6
08,06,1 08,07,0 08,07,1 08,08,0 08,08,1 09,06,0 J6
08,05,0 08,05,1 08,06,0 09,04,1 09,05,0 09,05,1 X6
07,04,0 07,04,1 07,05,0 07,05,1 08,04,0 08,04,1 V6
03,03,0 03,03,1 03,04,0 03,04,1 03,05,0 04,03,0 P6
02,05,1 02,06,0 02,06,1 03,05,1 03,06,0 03,06,1 F6
03,07,1 04,05,1 04,06,0 04,06,1 04,07,0 05,05,0 S6
04,03,1 04,04,0 04,04,1 04,05,0 05,04,0 05,04,1 H6
05,02,1 05,03,0 05,03,1 06,02,0 06,02,1 06,03,0 O6
06,03,1 06,04,0 06,04,1 07,02,0 07,02,1 07,03,0 s6
07,06,0 07,06,1 07,07,0 07,07,1 07,08,0 07,08,1 i6
04,07,1 04,08,0 04,08,1 04,09,0 04,09,1 04,10,0 I6
05,07,0 05,07,1 05,08,0 05,08,1 06,06,1 06,07,0 h6
05,09,0 05,09,1 06,07,1 06,08,0 06,08,1 06,09,0 G6

                 /\
                /  \
               /   /\
          ____/   /  \____
         /\      /   /    \
________/  \____/   /___   \________
\   \          /   /   /   /   /   /
 \   \________/   /   /   /   /   /
  \       \   \  /    \  /   /   /
   \_______\   \/___   \/   /   /
   /       /   /    \  /   /\   \
  /       /   /      \/___/  \___\
  \  /\  /\   \      /   /       /
   \/  \/  \___\____/   /___    /
   /   /       /   /       /\  /\
  /   /   ____/   /_______/  \/  \
 /    \  /    \   \       \       \
/______\/      \   \____   \_______\
        \      /   /   /   /
         \____/___/   /___/
              \      /
               \    /
                \  /
                 \/

solution 5:
00,08,1 01,07,1 01,08,0 02,07,0 02,07,1 03,07,0 C6
01,08,1 02,08,0 02,08,1 02,09,0 03,08,0 03,08,1 E6
02,09,1 03,09,0 03,09,1 03,10,0 03,10,1 03,11,0 j6
07,01,1 08,00,1 08,01,0 08,01,1 08,02,0 08,02,1 p6
07,03,1 08,03,0 08,03,1 09,02,0 09,02,1 09,03,0 g6
09,03,1 09,04,0 10,03,0 10,03,1 10,04,0 11,03,0 f6
08,06,1 08,07,0 08,07,1 08,08,0 08,08,1 09,06,0 J6
08,05,0 08,05,1 08,06,0 09,04,1 09,05,0 09,05,1 X6
07,04,0 07,04,1 07,05,0 07,05,1 08,04,0 08,04,1 V6
03,03,0 03,03,1 03,04,0 03,04,1 03,05,0 04,03,0 P6
02,05,1 02,06,0 02,06,1 03,05,1 03,06,0 03,06,1 F6
03,07,1 04,05,1 04,06,0 04,06,1 04,07,0 05,05,0 S6
04,03,1 04,04,0 04,04,1 04,05,0 05,04,0 05,04,1 H6
05,02,1 05,03,0 05,03,1 06,02,0 06,02,1 06,03,0 O6
06,03,1 06,04,0 06,04,1 07,02,0 07,02,1 07,03,0 s6
07,06,0 07,06,1 07,07,0 07,07,1 07,08,0 07,08,1 i6
06,06,1 06,07,0 06,07,1 06,08,0 06,08,1 06,09,0 I6
04,07,1 04,08,0 04,08,1 04,09,0 05,07,0 05,07,1 G6
04,09,1 04,10,0 05,08,0 05,08,1 05,09,0 05,09,1 h6

                 /\
                /  \
               /   /\
          ____/   /  \____
         /\      /\      /\
________/  \____/  \    /  \________
\   \          /   /   /   /   /   /
 \   \________/   /___/   /   /   /
  \       \   \      /   /   /   /
   \_______\   \____/   /   /   /
   /       /   /    \  /   /\   \
  /       /   /      \/___/  \___\
  \  /\  /\   \      /   /       /
   \/  \/  \___\____/   /___    /
   /   /       /   /       /\  /\
  /   /   ____/   /_______/  \/  \
 /    \  /    \   \       \       \
/______\/      \   \____   \_______\
        \      /   /   /   /
         \____/___/   /___/
              \      /
               \    /
                \  /
                 \/

solution 6:
00,08,1 01,07,1 01,08,0 02,07,0 02,07,1 03,07,0 C6
01,08,1 02,08,0 02,08,1 02,09,0 02,09,1 03,08,0 h6
03,08,1 03,09,0 03,09,1 03,10,0 03,10,1 03,11,0 I6
07,01,1 07,02,1 08,00,1 08,01,0 08,01,1 08,02,0 F6
08,06,0 08,06,1 08,07,0 08,07,1 08,08,0 08,08,1 i6
08,05,0 08,05,1 09,04,1 09,05,0 09,05,1 09,06,0 H6
09,03,1 09,04,0 10,03,0 10,03,1 10,04,0 11,03,0 f6
03,03,0 03,03,1 03,04,0 03,04,1 04,03,0 04,03,1 V6
04,08,1 04,09,0 04,09,1 04,10,0 05,08,0 05,08,1 G6
05,09,0 05,09,1 06,08,1 06,09,0 07,08,0 07,08,1 S6
03,07,1 04,06,1 04,07,0 04,07,1 04,08,0 05,07,0 X6
05,07,1 06,07,0 06,07,1 06,08,0 07,07,0 07,07,1 E6
06,06,1 07,04,1 07,05,0 07,05,1 07,06,0 07,06,1 P6
05,02,1 05,03,0 05,03,1 06,02,0 06,02,1 07,02,0 g6
08,03,1 08,04,0 08,04,1 09,02,0 09,02,1 09,03,0 s6
06,03,0 06,03,1 07,03,0 07,03,1 08,02,1 08,03,0 j6
05,04,0 05,04,1 05,05,0 06,04,0 06,04,1 07,04,0 p6
03,06,1 04,04,0 04,04,1 04,05,0 04,05,1 04,06,0 J6
02,05,1 02,06,0 02,06,1 03,05,0 03,05,1 03,06,0 O6

                 /\
                /  \
               /   /\
          ____/   /  \____
         /   /   /   /    \
________/   /   /   /___   \________
\   \       \  /\      /\      /   /
 \   \_______\/  \____/  \____/   /
  \       \       \          /   /
   \_______\    ___\________/   /
   /    \   \  /    \      /   /\
  /      \   \/      \    /___/  \
  \      /   /\      /   /       /
   \____/   /  \____/   /___    /
   /   /   /        \  /   /\  /\
  /   /___/__________\/   /  \/  \
 /       /   /        \   \       \
/_______/   /_______   \   \_______\
        \       \   \  /   /
         \_______\   \/___/
              \      /
               \    /
                \  /
                 \/

solution 7:
00,08,1 01,07,1 01,08,0 02,07,0 02,07,1 03,07,0 C6
01,08,1 02,08,0 02,08,1 02,09,0 02,09,1 03,08,0 h6
03,08,1 03,09,0 03,09,1 03,10,0 03,10,1 03,11,0 I6
07,01,1 07,02,0 07,02,1 08,00,1 08,01,0 08,01,1 f6
08,06,1 08,07,0 08,07,1 08,08,0 08,08,1 09,06,0 J6
09,04,1 09,05,0 09,05,1 10,03,1 10,04,0 11,03,0 j6
03,03,0 03,03,1 03,04,0 03,04,1 04,03,0 04,03,1 V6
02,05,1 02,06,0 02,06,1 03,05,0 03,06,0 03,06,1 G6
03,07,1 04,05,1 04,06,0 04,06,1 04,07,0 05,05,0 S6
03,05,1 04,04,0 04,04,1 04,05,0 05,03,1 05,04,0 E6
05,02,1 05,03,0 06,02,0 06,02,1 06,03,0 06,03,1 g6
05,04,1 06,04,0 06,04,1 07,04,0 07,04,1 08,04,0 i6
07,03,0 07,03,1 08,02,0 08,02,1 08,03,0 09,02,0 F6
08,03,1 09,02,1 09,03,0 09,03,1 09,04,0 10,03,0 X6
07,05,0 07,05,1 08,04,1 08,05,0 08,05,1 08,06,0 H6
06,06,1 06,07,0 06,07,1 07,06,0 07,06,1 07,07,0 O6
04,07,1 05,07,0 05,07,1 05,08,0 05,08,1 06,08,0 s6
04,08,0 04,08,1 04,09,0 04,09,1 04,10,0 05,09,0 p6
05,09,1 06,08,1 06,09,0 07,07,1 07,08,0 07,08,1 P6

                 /\
                /  \
               /   /\
          ____/   /  \____
         /   /   /    \   \
________/   /   /   ___\   \________
\   \       \  /   /    \      /   /
 \   \_______\/___/   ___\    /   /
  \       \   \      /    \  /   /
   \_______\   \____/      \/   /
   /       /   /    \      /\   \
  /   ____/   /      \____/  \___\
  \   \   \   \      /       /   /
   \___\   \___\____/___    /   /
   /   /    \           \  /\   \
  /   /___   \___________\/  \   \
 /       /\  /   /    \       \   \
/_______/  \/   /___   \    ___\___\
        \      /   /    \  /
         \____/   /______\/
              \      /
               \    /
                \  /
                 \/

solution 8:
00,08,1 01,07,1 01,08,0 02,07,0 02,07,1 03,07,0 C6
01,08,1 02,08,0 02,08,1 02,09,0 02,09,1 03,08,0 h6
03,08,1 03,09,0 03,09,1 03,10,0 03,10,1 03,11,0 I6
06,02,1 07,01,1 07,02,0 07,02,1 08,00,1 08,01,0 p6
08,01,1 08,02,0 08,02,1 09,02,0 09,02,1 09,03,0 S6
09,03,1 09,04,0 10,03,0 10,03,1 10,04,0 11,03,0 f6
05,02,1 05,03,0 05,03,1 05,04,0 06,02,0 06,03,0 F6
03,03,0 03,03,1 03,04,0 03,04,1 04,03,0 04,03,1 V6
03,06,1 04,04,0 04,04,1 04,05,0 04,05,1 04,06,0 J6
02,05,1 02,06,0 02,06,1 03,05,0 03,05,1 03,06,0 O6
05,04,1 05,05,0 06,03,1 06,04,0 06,04,1 07,03,0 E6
03,07,1 04,06,1 04,07,0 04,07,1 04,08,0 05,07,0 X6
04,09,1 04,10,0 05,09,0 05,09,1 06,08,1 06,09,0 s6
04,08,1 04,09,0 05,07,1 05,08,0 06,06,1 06,07,0 i6
05,08,1 06,07,1 06,08,0 07,07,0 07,07,1 07,08,0 G6
07,08,1 08,06,1 08,07,0 08,07,1 08,08,0 08,08,1 P6
08,05,0 08,05,1 09,04,1 09,05,0 09,05,1 09,06,0 H6
07,03,1 07,04,0 08,03,0 08,03,1 08,04,0 08,04,1 g6
07,04,1 07,05,0 07,05,1 07,06,0 07,06,1 08,06,0 j6

                 /\
                /  \
               /   /\
          ____/   /  \____
         /   /   /\       \
________/   /   /  \____   \________
\   \       \  /\   \   \  /\      /
 \   \_______\/  \   \   \/  \    /
  \       \       \   \      /   /
   \_______\    ___\   \____/   /
   /    \   \  /    \  /    \  /\
  /      \   \/      \/   ___\/  \
  \      /   /\      /   /       /
   \____/   /  \____/   /___    /
   /   /   /\      /\  /   /\  /\
  /   /___/  \    /  \/   /  \/  \
 /       /    \   \      /\       \
/_______/   ___\___\____/  \_______\
        \   \      /       /
         \___\    /   ____/
              \   \  /
               \   \/
                \  /
                 \/

solution 9:
00,08,1 01,07,1 01,08,0 02,07,0 02,07,1 03,07,0 C6
01,08,1 02,08,0 02,08,1 02,09,0 03,07,1 03,08,0 h6
03,10,1 03,11,0 04,09,1 04,10,0 05,08,1 05,09,0 i6
02,09,1 03,08,1 03,09,0 03,09,1 03,10,0 04,09,0 X6
05,09,1 06,07,1 06,08,0 06,08,1 06,09,0 07,08,0 H6
07,07,1 07,08,1 08,07,0 08,07,1 08,08,0 08,08,1 f6
07,01,1 08,00,1 08,01,0 08,01,1 08,02,0 08,02,1 p6
07,03,1 08,03,0 08,03,1 09,02,0 09,02,1 09,03,0 g6
08,05,1 09,04,1 09,05,0 10,03,1 10,04,0 11,03,0 I6
08,04,0 08,04,1 08,05,0 09,03,1 09,04,0 10,03,0 P6
07,06,1 07,07,0 08,06,0 08,06,1 09,05,1 09,06,0 s6
05,07,0 05,07,1 06,06,1 06,07,0 07,05,1 07,06,0 J6
04,06,1 04,07,0 04,07,1 04,08,0 04,08,1 05,08,0 j6
06,03,1 06,04,0 06,04,1 07,04,0 07,04,1 07,05,0 S6
06,02,0 06,02,1 06,03,0 07,02,0 07,02,1 07,03,0 F6
03,03,0 03,03,1 03,04,0 03,04,1 04,03,0 04,03,1 V6
04,04,0 04,04,1 05,02,1 05,03,0 05,03,1 05,04,0 G6
03,06,1 04,05,0 04,05,1 04,06,0 05,04,1 05,05,0 E6
02,05,1 02,06,0 02,06,1 03,05,0 03,05,1 03,06,0 O6

                 /\
                /  \
               /\   \
          ____/  \   \____
         /\       \   \   \
________/  \    ___\   \   \________
\   \       \  /    \  /    \      /
 \   \____   \/   ___\/   ___\    /
  \       \  /   /    \  /\      /
   \_______\/   /___   \/  \____/
   /    \   \  /    \   \       \
  /      \   \/      \   \____   \
  \      /    \      /\  /\   \  /
   \____/___   \____/  \/  \   \/
   /   /    \  /       /    \   \
  /   /___   \/   ____/___   \   \
 /       /   /\  /\       \   \   \
/_______/   /  \/  \____   \___\___\
        \  /       /   /   /
         \/_______/   /___/
              \      /
               \    /
                \  /
                 \/

solution 10:
00,08,1 01,07,1 01,08,0 02,07,0 02,07,1 03,07,0 C6
01,08,1 02,08,0 02,08,1 02,09,0 02,09,1 03,09,0 s6
03,10,0 03,10,1 03,11,0 04,09,1 04,10,0 05,09,0 P6
03,08,1 03,09,1 04,07,1 04,08,0 04,08,1 04,09,0 F6
03,06,1 03,07,1 03,08,0 04,06,0 04,06,1 04,07,0 g6
05,09,1 06,07,1 06,08,0 06,08,1 06,09,0 07,08,0 H6
05,07,0 05,07,1 05,08,0 05,08,1 06,06,1 06,07,0 h6
07,07,1 07,08,1 08,07,0 08,07,1 08,08,0 08,08,1 f6
08,00,1 08,01,0 08,01,1 08,02,0 08,02,1 09,02,0 j6
09,02,1 09,03,0 09,03,1 10,03,0 10,03,1 11,03,0 J6
03,03,0 03,03,1 03,04,0 03,04,1 04,03,0 04,03,1 V6
02,05,1 02,06,0 02,06,1 03,05,0 03,05,1 03,06,0 O6
04,04,0 04,04,1 05,02,1 05,03,0 05,03,1 05,04,0 G6
04,05,0 04,05,1 05,04,1 05,05,0 06,04,0 06,04,1 S6
06,02,0 06,02,1 06,03,0 07,01,1 07,02,0 07,02,1 X6
06,03,1 07,03,0 07,03,1 07,04,0 08,03,0 08,03,1 E6
07,06,0 07,06,1 07,07,0 08,06,0 08,06,1 09,06,0 p6
07,04,1 08,04,0 08,04,1 09,04,0 09,04,1 10,04,0 i6
07,05,0 07,05,1 08,05,0 08,05,1 09,05,0 09,05,1 I6

                 /\
                /  \
               /    \
          ____/___   \____
         /    \   \   \   \
________/   ___\   \___\   \________
\   \      /\      /   /    \      /
 \   \____/  \    /   /   ___\    /
  \       \   \  /    \  /\      /
   \_______\   \/___   \/  \____/
   /    \      /    \  /        \
  /      \____/      \/__________\
  \      /    \      /           /
   \____/___   \____/___________/
   /   /    \      /\           \
  /   /___   \____/  \___________\
 /       /   /\          /        \
/_______/   /  \________/   _______\
        \  /       /    \  /
         \/___    /   ___\/
              \  /   /
               \/   /
                \  /
                 \/

...

solution 54:
00,08,1 01,07,1 01,08,0 02,06,0 02,06,1 02,07,0 j6
03,09,1 03,10,0 03,10,1 03,11,0 04,09,0 04,10,0 F6
06,02,1 07,01,1 07,02,0 08,00,1 08,01,0 08,01,1 P6
04,03,0 04,03,1 05,02,1 05,03,0 05,03,1 06,02,0 H6
02,05,1 03,03,0 03,03,1 03,04,0 03,04,1 03,05,0 J6
07,07,1 07,08,1 08,07,0 08,07,1 08,08,0 08,08,1 f6
09,04,1 09,05,0 10,03,0 10,03,1 10,04,0 11,03,0 p6
08,05,0 08,05,1 08,06,0 08,06,1 09,05,1 09,06,0 g6
04,04,0 04,04,1 04,05,1 05,04,0 05,04,1 05,05,0 G6
02,07,1 03,05,1 03,06,0 03,06,1 03,07,0 04,05,0 S6
01,08,1 02,08,0 02,08,1 02,09,0 02,09,1 03,09,0 s6
03,08,0 03,08,1 04,08,0 04,08,1 05,08,0 05,08,1 I6
04,09,1 05,09,0 05,09,1 06,08,1 06,09,0 07,08,0 C6
03,07,1 04,06,0 04,06,1 04,07,0 04,07,1 05,07,0 h6
05,07,1 06,06,1 06,07,0 06,07,1 06,08,0 07,07,0 X6
07,04,0 07,04,1 07,05,0 07,05,1 07,06,0 07,06,1 i6
06,03,0 06,03,1 06,04,0 06,04,1 07,03,0 07,03,1 V6
07,02,1 08,02,0 08,02,1 08,03,0 09,02,0 09,02,1 E6
08,03,1 08,04,0 08,04,1 09,03,0 09,03,1 09,04,0 O6

                 /\
                /  \
               /    \
          ____/   ___\____
         /    \   \       \
________/   ___\___\____   \________
\   \      /           /\   \      /
 \   \____/___________/  \___\    /
  \   \   \       \       \      /
   \   \   \    ___\    ___\____/
   /   /   /   /    \  /   /    \
  /___/   /___/      \/   /      \
  \   \   \   \      /   /   /\  /
   \   \___\   \____/   /___/  \/
   /   /       /   /   /    \   \
  /   /_______/   /___/      \   \
 /   /       /       /\      /    \
/___/___    /_______/  \____/______\
        \   \   \          /
         \___\   \________/
              \      /
               \    /
                \  /
                 \/

54 solutions, 6,403,162 searches, duration 0:23:33.141418
