solving OneSidedHeptiamondsSemiregularHexagon11x4_1:

solution 1 (5,670,312 searches):
00,13,1 00,14,0 00,14,1 01,13,1 01,14,0 01,14,1 02,13,0 A7
00,12,1 00,13,0 01,11,1 01,12,0 01,12,1 01,13,0 02,12,0 B7
00,10,1 00,11,0 00,11,1 00,12,0 01,10,0 01,10,1 01,11,0 D7
00,09,1 00,10,0 01,09,0 01,09,1 02,09,0 02,09,1 02,10,0 C7
02,10,1 02,11,0 02,11,1 03,10,1 03,11,0 03,11,1 04,11,0 F7
03,07,1 03,08,0 03,08,1 03,09,0 03,09,1 03,10,0 04,08,0 E7
02,12,1 03,12,0 03,12,1 03,13,0 04,11,1 04,12,0 05,11,0 H7
02,13,1 02,14,0 02,14,1 03,13,1 03,14,0 04,12,1 04,13,0 J7
03,14,1 04,13,1 04,14,0 05,12,1 05,13,0 06,11,1 06,12,0 I7
05,11,1 05,12,0 06,09,1 06,10,0 06,10,1 06,11,0 07,09,0 N7
04,10,1 05,09,1 05,10,0 05,10,1 06,08,0 06,08,1 06,09,0 Q7
07,09,1 07,10,0 07,10,1 07,11,0 08,09,1 08,10,0 09,09,0 G7
04,07,1 04,08,1 05,06,1 05,07,0 05,07,1 05,08,0 05,08,1 M7
02,06,0 02,06,1 03,06,0 03,06,1 04,06,0 04,06,1 04,07,0 L7
00,08,0 00,08,1 00,09,0 01,08,0 01,08,1 02,08,0 02,08,1 P7
01,06,0 01,06,1 01,07,0 01,07,1 02,07,0 02,07,1 03,07,0 R7
00,05,0 00,05,1 00,06,0 00,06,1 00,07,0 00,07,1 01,05,0 p7
01,05,1 02,05,0 02,05,1 03,04,0 03,04,1 03,05,0 03,05,1 g7
04,05,1 05,05,0 05,05,1 05,06,0 06,04,1 06,05,0 06,05,1 X7
05,02,1 05,03,0 05,03,1 05,04,1 06,03,0 06,03,1 06,04,0 S7
06,06,0 06,06,1 07,05,0 07,05,1 07,06,0 07,06,1 08,06,0 Y7
06,07,0 06,07,1 07,07,0 07,07,1 08,06,1 08,07,0 09,06,0 r7
07,04,0 07,04,1 08,03,1 08,04,0 08,04,1 08,05,0 08,05,1 h7
07,08,0 07,08,1 08,07,1 08,08,0 09,06,1 09,07,0 09,07,1 q7
08,08,1 08,09,0 09,08,0 09,08,1 10,07,0 10,07,1 10,08,0 s7
09,05,1 10,05,0 10,05,1 10,06,0 10,06,1 11,04,1 11,05,0 w7
11,05,1 11,06,0 11,06,1 11,07,0 12,04,0 12,04,1 12,05,0 n7
12,05,1 12,06,0 13,04,0 13,04,1 13,05,0 14,03,1 14,04,0 e7
10,04,1 11,03,0 11,03,1 11,04,0 12,02,0 12,02,1 12,03,0 f7
12,03,1 13,03,0 13,03,1 14,01,1 14,02,0 14,02,1 14,03,0 V7
13,01,0 13,01,1 13,02,0 13,02,1 14,00,0 14,00,1 14,01,0 z7
11,01,1 12,00,0 12,00,1 12,01,0 12,01,1 13,00,0 13,00,1 b7
09,03,0 09,03,1 10,02,1 10,03,0 10,03,1 11,02,0 11,02,1 Z7
09,01,0 09,01,1 10,01,0 10,01,1 10,02,0 11,00,1 11,01,0 t7
08,00,1 08,01,0 09,00,0 09,00,1 10,00,0 10,00,1 11,00,0 l7
07,03,1 08,01,1 08,02,0 08,02,1 08,03,0 09,02,0 09,02,1 W7
06,02,0 06,02,1 07,01,0 07,01,1 07,02,0 07,02,1 07,03,0 y7
05,01,1 06,00,1 06,01,0 06,01,1 07,00,0 07,00,1 08,00,0 U7
03,01,1 04,00,1 04,01,0 05,00,0 05,00,1 05,01,0 06,00,0 u7
02,01,1 02,02,0 02,02,1 03,00,1 03,01,0 03,02,0 04,00,0 j7
00,03,1 00,04,0 00,04,1 01,02,1 01,03,0 01,03,1 02,03,0 a7
01,04,0 01,04,1 02,03,1 02,04,0 02,04,1 03,02,1 03,03,0 T7
03,03,1 04,01,1 04,02,0 04,02,1 04,03,0 04,03,1 05,02,0 x7

                      ________________
                     /       /    \   \
                    /       /      \   \
                   /\  /\   \  /\   \   \
                  /  \/  \___\/  \   \   \
                 /\       \       \  /\   \
                /  \    ___\____   \/  \   \
               /    \  /        \   \   \  /\
              /      \/       ___\___\   \/  \
             /\      /\  /\  /\      /   /    \
            /  \____/  \/  \/  \    /   /      \
           /\          /   /    \   \   \  /\   \
          /  \________/   /______\   \___\/  \___\
         /           /    \      /   /    \       \
        /___________/   ___\    /___/___   \____   \
       /   /        \  /\      /        \      /   /\
      /   /   _______\/  \    /_______   \    /___/  \
     /   /   /           /\  /        \   \  /   /   /\
    /   /___/___________/  \/___    ___\___\/   /   /  \
   /    \          /\          /   /   /\       \   \   \
  /______\____    /  \____    /___/   /  \____   \   \   \
 /   /       /   /    \   \  /       /    \   \  /   /    \
/   /___    /___/______\   \/___    /______\   \/___/___   \
\       \   \      /       /\   \  /       /    \       \  /
 \    ___\   \    /   ____/  \   \/___    /___   \____   \/
  \  /    \  /    \  /       /       /\      /   /   /   /
   \/   ___\/   ___\/___    /   ____/  \____/___/   /   /
    \   \   \  /\      /   /\  /        \      /    \  /
     \   \   \/  \    /___/  \/_______   \    /___   \/
      \   \       \       \           \  /       /   /
       \___\_______\_______\___________\/_______/___/

solution 2 (15,902,415 searches):
00,13,1 00,14,0 00,14,1 01,13,1 01,14,0 01,14,1 02,13,0 A7
00,12,1 00,13,0 01,11,1 01,12,0 01,12,1 01,13,0 02,12,0 B7
00,10,1 00,11,0 00,11,1 00,12,0 01,10,0 01,10,1 01,11,0 D7
00,09,1 00,10,0 01,09,0 01,09,1 02,09,0 02,09,1 02,10,0 C7
02,10,1 02,11,0 02,11,1 03,10,1 03,11,0 03,11,1 04,11,0 F7
03,07,1 03,08,0 03,08,1 03,09,0 03,09,1 03,10,0 04,08,0 E7
02,12,1 03,12,0 03,12,1 03,13,0 04,11,1 04,12,0 05,11,0 H7
02,13,1 02,14,0 02,14,1 03,13,1 03,14,0 04,12,1 04,13,0 J7
03,14,1 04,13,1 04,14,0 05,12,1 05,13,0 06,11,1 06,12,0 I7
05,11,1 05,12,0 06,09,1 06,10,0 06,10,1 06,11,0 07,09,0 N7
04,10,1 05,09,1 05,10,0 05,10,1 06,08,0 06,08,1 06,09,0 Q7
07,09,1 07,10,0 07,10,1 07,11,0 08,09,1 08,10,0 09,09,0 G7
04,07,1 04,08,1 05,06,1 05,07,0 05,07,1 05,08,0 05,08,1 M7
02,06,0 02,06,1 03,06,0 03,06,1 04,06,0 04,06,1 04,07,0 L7
00,08,0 00,08,1 00,09,0 01,08,0 01,08,1 02,08,0 02,08,1 P7
01,06,0 01,06,1 01,07,0 01,07,1 02,07,0 02,07,1 03,07,0 R7
00,05,0 00,05,1 00,06,0 00,06,1 00,07,0 00,07,1 01,05,0 p7
01,05,1 02,05,0 02,05,1 03,04,0 03,04,1 03,05,0 03,05,1 g7
04,05,1 05,05,0 05,05,1 05,06,0 06,04,1 06,05,0 06,05,1 X7
05,02,1 05,03,0 05,03,1 05,04,1 06,03,0 06,03,1 06,04,0 S7
06,06,0 06,06,1 06,07,0 07,05,1 07,06,0 08,05,0 08,05,1 q7
07,03,0 07,03,1 07,04,0 07,04,1 07,05,0 08,04,0 08,04,1 h7
06,07,1 07,06,1 07,07,0 07,07,1 08,06,0 08,06,1 09,06,0 U7
07,08,0 07,08,1 08,07,0 08,07,1 08,08,0 08,08,1 08,09,0 y7
02,03,1 02,04,0 02,04,1 03,03,0 03,03,1 04,03,0 04,03,1 j7
00,03,1 00,04,0 00,04,1 01,02,1 01,03,0 01,04,0 01,04,1 V7
01,03,1 02,01,1 02,02,0 02,02,1 02,03,0 03,02,0 03,02,1 W7
03,00,1 03,01,0 04,00,0 04,00,1 05,00,0 05,00,1 06,00,0 l7
03,01,1 04,01,0 04,01,1 04,02,0 04,02,1 05,01,0 05,02,0 z7
05,01,1 06,01,0 06,01,1 06,02,0 06,02,1 07,02,0 07,02,1 n7
06,00,1 07,00,0 07,00,1 07,01,0 08,00,0 08,00,1 09,00,0 e7
07,01,1 08,01,0 08,01,1 08,02,0 08,02,1 09,00,1 09,01,0 w7
08,03,0 08,03,1 09,02,0 09,02,1 09,03,0 09,03,1 10,03,0 Y7
09,01,1 10,00,0 10,00,1 10,01,0 10,01,1 10,02,0 11,00,0 x7
09,07,0 09,07,1 09,08,0 09,08,1 10,06,1 10,07,0 10,08,0 a7
10,07,1 11,05,0 11,05,1 11,06,0 11,06,1 11,07,0 12,06,0 T7
09,05,1 09,06,1 10,04,1 10,05,0 10,05,1 10,06,0 11,04,0 Z7
10,02,1 10,03,1 11,01,1 11,02,0 11,02,1 11,03,0 12,02,0 b7
11,00,1 11,01,0 12,00,0 12,00,1 12,01,0 12,01,1 13,01,0 s7
13,00,0 13,00,1 13,01,1 14,00,0 14,00,1 14,01,0 14,01,1 u7
11,03,1 11,04,1 12,03,0 12,03,1 12,04,0 12,04,1 12,05,0 f7
12,02,1 13,02,0 13,02,1 13,03,0 13,03,1 13,04,0 14,02,0 t7
12,05,1 13,04,1 13,05,0 14,02,1 14,03,0 14,03,1 14,04,0 r7

                      ________________
                     /       /    \   \
                    /       /      \   \
                   /\  /\   \  /\   \   \
                  /  \/  \___\/  \   \   \
                 /\       \       \  /\   \
                /  \    ___\____   \/  \   \
               /    \  /        \   \   \  /\
              /      \/       ___\___\   \/  \
             /\      /\  /\  /\      /   /    \
            /  \____/  \/  \/  \    /   /      \
           /\          /   /    \   \   \  /\   \
          /  \________/   /______\   \___\/  \___\
         /           /    \      /   /       /    \
        /___________/   ___\    /___/___    /   ___\
       /   /        \  /\      /\      /   /    \   \
      /   /   _______\/  \    /  \    /___/___   \   \
     /   /   /           /\  /    \       \   \  /    \
    /   /___/___________/  \/___   \_______\   \/   ___\
   /    \          /\          /\      /\      /   /\   \
  /______\____    /  \____    /  \____/  \    /___/  \   \
 /       /   /   /    \   \  /       /    \   \      /\   \
/   ____/   /___/______\   \/   ____/______\___\    /  \   \
\   \   \          /       /   /        \   \      /   /   /
 \   \   \________/   ____/___/___    ___\   \____/   /   /
  \  /       /    \  /       /   /   /\       \       \  /
   \/   ____/   ___\/   ____/   /___/  \    ___\_______\/
    \  /\       \      /\       \      /\  /    \      /
     \/  \_______\____/  \____   \    /  \/   ___\    /
      \           \           \  /    \      /       /
       \___________\___________\/______\____/_______/

solution 3 (15,902,500 searches):
00,13,1 00,14,0 00,14,1 01,13,1 01,14,0 01,14,1 02,13,0 A7
00,12,1 00,13,0 01,11,1 01,12,0 01,12,1 01,13,0 02,12,0 B7
00,10,1 00,11,0 00,11,1 00,12,0 01,10,0 01,10,1 01,11,0 D7
00,09,1 00,10,0 01,09,0 01,09,1 02,09,0 02,09,1 02,10,0 C7
02,10,1 02,11,0 02,11,1 03,10,1 03,11,0 03,11,1 04,11,0 F7
03,07,1 03,08,0 03,08,1 03,09,0 03,09,1 03,10,0 04,08,0 E7
02,12,1 03,12,0 03,12,1 03,13,0 04,11,1 04,12,0 05,11,0 H7
02,13,1 02,14,0 02,14,1 03,13,1 03,14,0 04,12,1 04,13,0 J7
03,14,1 04,13,1 04,14,0 05,12,1 05,13,0 06,11,1 06,12,0 I7
05,11,1 05,12,0 06,09,1 06,10,0 06,10,1 06,11,0 07,09,0 N7
04,10,1 05,09,1 05,10,0 05,10,1 06,08,0 06,08,1 06,09,0 Q7
07,09,1 07,10,0 07,10,1 07,11,0 08,09,1 08,10,0 09,09,0 G7
04,07,1 04,08,1 05,06,1 05,07,0 05,07,1 05,08,0 05,08,1 M7
02,06,0 02,06,1 03,06,0 03,06,1 04,06,0 04,06,1 04,07,0 L7
00,08,0 00,08,1 00,09,0 01,08,0 01,08,1 02,08,0 02,08,1 P7
01,06,0 01,06,1 01,07,0 01,07,1 02,07,0 02,07,1 03,07,0 R7
00,05,0 00,05,1 00,06,0 00,06,1 00,07,0 00,07,1 01,05,0 p7
01,05,1 02,05,0 02,05,1 03,04,0 03,04,1 03,05,0 03,05,1 g7
04,05,1 05,05,0 05,05,1 05,06,0 06,04,1 06,05,0 06,05,1 X7
05,02,1 05,03,0 05,03,1 05,04,1 06,03,0 06,03,1 06,04,0 S7
06,06,0 06,06,1 06,07,0 07,05,1 07,06,0 08,05,0 08,05,1 q7
07,03,0 07,03,1 07,04,0 07,04,1 07,05,0 08,04,0 08,04,1 h7
06,07,1 07,06,1 07,07,0 07,07,1 08,06,0 08,06,1 09,06,0 U7
07,08,0 07,08,1 08,07,0 08,07,1 08,08,0 08,08,1 08,09,0 y7
02,03,1 02,04,0 02,04,1 03,03,0 03,03,1 04,03,0 04,03,1 j7
00,03,1 00,04,0 00,04,1 01,02,1 01,03,0 01,04,0 01,04,1 V7
01,03,1 02,01,1 02,02,0 02,02,1 02,03,0 03,02,0 03,02,1 W7
03,00,1 03,01,0 04,00,0 04,00,1 05,00,0 05,00,1 06,00,0 l7
03,01,1 04,01,0 04,01,1 04,02,0 04,02,1 05,01,0 05,02,0 z7
05,01,1 06,01,0 06,01,1 06,02,0 06,02,1 07,02,0 07,02,1 n7
06,00,1 07,00,0 07,00,1 07,01,0 08,00,0 08,00,1 09,00,0 e7
07,01,1 08,01,0 08,01,1 08,02,0 08,02,1 09,00,1 09,01,0 w7
08,03,0 08,03,1 09,02,0 09,02,1 09,03,0 09,03,1 10,03,0 Y7
09,01,1 10,00,0 10,00,1 10,01,0 10,01,1 10,02,0 11,00,0 x7
09,06,1 09,07,0 09,07,1 09,08,0 09,08,1 10,07,0 10,08,0 f7
10,07,1 11,05,1 11,06,0 11,06,1 11,07,0 12,05,0 12,06,0 Z7
09,05,1 10,04,1 10,05,0 10,05,1 10,06,0 10,06,1 11,04,0 T7
12,05,1 13,04,1 13,05,0 14,02,1 14,03,0 14,03,1 14,04,0 r7
11,03,1 11,04,1 11,05,0 12,03,0 12,03,1 12,04,0 12,04,1 a7
12,02,1 13,02,0 13,02,1 13,03,0 13,03,1 13,04,0 14,02,0 t7
10,02,1 10,03,1 11,01,1 11,02,0 11,02,1 11,03,0 12,02,0 b7
11,00,1 11,01,0 12,00,0 12,00,1 12,01,0 12,01,1 13,01,0 s7
13,00,0 13,00,1 13,01,1 14,00,0 14,00,1 14,01,0 14,01,1 u7

                      ________________
                     /       /    \   \
                    /       /      \   \
                   /\  /\   \  /\   \   \
                  /  \/  \___\/  \   \   \
                 /\       \       \  /\   \
                /  \    ___\____   \/  \   \
               /    \  /        \   \   \  /\
              /      \/       ___\___\   \/  \
             /\      /\  /\  /\      /   /    \
            /  \____/  \/  \/  \    /   /      \
           /\          /   /    \   \   \  /\   \
          /  \________/   /______\   \___\/  \___\
         /           /    \      /   /       /    \
        /___________/   ___\    /___/___    /   ___\
       /   /        \  /\      /\      /   /    \   \
      /   /   _______\/  \    /  \    /___/   ___\   \
     /   /   /           /\  /    \       \  /   /    \
    /   /___/___________/  \/___   \_______\/   /   ___\
   /    \          /\          /\      /\      /\   \   \
  /______\____    /  \____    /  \____/  \    /  \___\   \
 /       /   /   /    \   \  /       /    \   \      /\   \
/   ____/   /___/______\   \/   ____/______\___\    /  \   \
\   \   \          /       /   /        \   \      /   /   /
 \   \   \________/   ____/___/___    ___\   \____/   /   /
  \  /       /    \  /       /   /   /\       \       \  /
   \/   ____/   ___\/   ____/   /___/  \    ___\_______\/
    \  /\       \      /\       \      /\  /    \      /
     \/  \_______\____/  \____   \    /  \/   ___\    /
      \           \           \  /    \      /       /
       \___________\___________\/______\____/_______/

solution 4 (21,429,896 searches):
00,13,1 00,14,0 00,14,1 01,13,1 01,14,0 01,14,1 02,13,0 A7
00,12,1 00,13,0 01,11,1 01,12,0 01,12,1 01,13,0 02,12,0 B7
00,10,1 00,11,0 00,11,1 00,12,0 01,10,0 01,10,1 01,11,0 D7
00,09,1 00,10,0 01,09,0 01,09,1 02,09,0 02,09,1 02,10,0 C7
02,10,1 02,11,0 02,11,1 03,10,1 03,11,0 03,11,1 04,11,0 F7
03,07,1 03,08,0 03,08,1 03,09,0 03,09,1 03,10,0 04,08,0 E7
02,12,1 03,12,0 03,12,1 03,13,0 04,11,1 04,12,0 05,11,0 H7
02,13,1 02,14,0 02,14,1 03,13,1 03,14,0 04,12,1 04,13,0 J7
03,14,1 04,13,1 04,14,0 05,12,1 05,13,0 06,11,1 06,12,0 I7
05,11,1 05,12,0 06,09,1 06,10,0 06,10,1 06,11,0 07,09,0 N7
04,10,1 05,09,1 05,10,0 05,10,1 06,08,0 06,08,1 06,09,0 Q7
07,09,1 07,10,0 07,10,1 07,11,0 08,09,1 08,10,0 09,09,0 G7
04,07,1 04,08,1 05,06,1 05,07,0 05,07,1 05,08,0 05,08,1 M7
02,06,0 02,06,1 03,06,0 03,06,1 04,06,0 04,06,1 04,07,0 L7
00,08,0 00,08,1 00,09,0 01,08,0 01,08,1 02,08,0 02,08,1 P7
01,06,0 01,06,1 01,07,0 01,07,1 02,07,0 02,07,1 03,07,0 R7
00,05,0 00,05,1 00,06,0 00,06,1 00,07,0 00,07,1 01,05,0 p7
01,05,1 02,05,0 02,05,1 03,04,0 03,04,1 03,05,0 03,05,1 g7
04,05,1 05,05,0 05,05,1 05,06,0 06,04,1 06,05,0 06,05,1 X7
05,02,1 05,03,0 05,03,1 05,04,1 06,03,0 06,03,1 06,04,0 S7
06,06,0 06,06,1 06,07,0 06,07,1 07,05,1 07,06,0 08,05,0 t7
07,03,1 07,04,0 07,04,1 07,05,0 08,03,1 08,04,0 08,04,1 b7
07,06,1 07,07,0 07,07,1 07,08,0 08,05,1 08,06,0 08,06,1 u7
07,08,1 08,07,0 08,07,1 08,08,0 09,07,0 09,07,1 10,07,0 h7
08,08,1 08,09,0 09,08,0 09,08,1 10,07,1 10,08,0 11,07,0 n7
02,03,1 02,04,0 02,04,1 03,03,0 03,03,1 04,03,0 04,03,1 j7
00,03,1 00,04,0 00,04,1 01,02,1 01,03,0 01,04,0 01,04,1 V7
01,03,1 02,01,1 02,02,0 02,02,1 02,03,0 03,02,0 03,02,1 W7
03,00,1 03,01,0 04,00,0 04,00,1 05,00,0 05,00,1 06,00,0 l7
03,01,1 04,01,0 04,01,1 04,02,0 04,02,1 05,01,0 05,02,0 z7
05,01,1 06,00,1 06,01,0 06,01,1 06,02,0 06,02,1 07,00,0 T7
07,01,1 07,02,0 07,02,1 07,03,0 08,02,0 08,02,1 08,03,0 Z7
07,00,1 07,01,0 08,00,0 08,00,1 08,01,0 08,01,1 09,00,0 a7
09,00,1 09,01,0 10,00,0 10,00,1 10,01,0 11,00,0 11,00,1 f7
09,01,1 09,02,0 09,02,1 09,03,0 09,03,1 10,03,0 10,03,1 r7
09,05,1 09,06,0 10,04,1 10,05,0 10,05,1 11,04,0 11,05,0 Y7
09,06,1 10,06,0 10,06,1 11,05,1 11,06,0 11,06,1 12,06,0 e7
10,01,1 10,02,0 11,01,0 11,01,1 12,00,0 12,00,1 12,01,0 s7
10,02,1 11,02,0 11,02,1 11,03,0 11,03,1 12,01,1 12,02,0 w7
12,05,1 13,03,1 13,04,0 13,04,1 13,05,0 14,03,1 14,04,0 y7
11,04,1 12,03,0 12,03,1 12,04,0 12,04,1 12,05,0 13,03,0 x7
12,02,1 13,01,1 13,02,0 13,02,1 14,02,0 14,02,1 14,03,0 q7
13,00,0 13,00,1 13,01,0 14,00,0 14,00,1 14,01,0 14,01,1 U7

                      ________________
                     /       /    \   \
                    /       /      \   \
                   /\  /\   \  /\   \   \
                  /  \/  \___\/  \   \   \
                 /\       \       \  /\   \
                /  \    ___\____   \/  \   \
               /    \  /        \   \   \  /\
              /      \/       ___\___\   \/  \
             /\      /\  /\  /\      /   /    \
            /  \____/  \/  \/  \    /   /      \
           /\          /   /    \   \   \  /\   \
          /  \________/   /______\   \___\/  \___\
         /           /    \      /   /\   \       \
        /___________/   ___\    /___/  \   \____   \
       /   /        \  /\      /   /   /        \   \
      /   /   _______\/  \    /   /   /__________\___\
     /   /   /           /\  /    \      /\           \
    /   /___/___________/  \/___   \    /  \____    ___\
   /    \          /\          /\   \  /\       \  /\   \
  /______\____    /  \____    /  \___\/  \    ___\/  \   \
 /       /   /   /    \   \  /       /    \   \      /    \
/   ____/   /___/______\   \/       /______\___\    /      \
\   \   \          /       /\  /\  /       /   /    \  /\  /
 \   \   \________/   ____/  \/  \/   ____/   /______\/  \/
  \  /       /    \  /   /       /   /\       \          /
   \/   ____/   ___\/   /   ____/   /  \____   \    ____/
    \  /\       \      /\  /   /\  /\       \  /\  /   /
     \/  \_______\    /  \/   /  \/  \____   \/  \/   /
      \           \   \       \          /   /       /
       \___________\___\_______\________/___/_______/

solution 5 (21,739,962 searches):
00,13,1 00,14,0 00,14,1 01,13,1 01,14,0 01,14,1 02,13,0 A7
00,12,1 00,13,0 01,11,1 01,12,0 01,12,1 01,13,0 02,12,0 B7
00,10,1 00,11,0 00,11,1 00,12,0 01,10,0 01,10,1 01,11,0 D7
00,09,1 00,10,0 01,09,0 01,09,1 02,09,0 02,09,1 02,10,0 C7
02,10,1 02,11,0 02,11,1 03,10,1 03,11,0 03,11,1 04,11,0 F7
03,07,1 03,08,0 03,08,1 03,09,0 03,09,1 03,10,0 04,08,0 E7
02,12,1 03,12,0 03,12,1 03,13,0 04,11,1 04,12,0 05,11,0 H7
02,13,1 02,14,0 02,14,1 03,13,1 03,14,0 04,12,1 04,13,0 J7
03,14,1 04,13,1 04,14,0 05,12,1 05,13,0 06,11,1 06,12,0 I7
05,11,1 05,12,0 06,09,1 06,10,0 06,10,1 06,11,0 07,09,0 N7
04,10,1 05,09,1 05,10,0 05,10,1 06,08,0 06,08,1 06,09,0 Q7
07,09,1 07,10,0 07,10,1 07,11,0 08,09,1 08,10,0 09,09,0 G7
04,07,1 04,08,1 05,06,1 05,07,0 05,07,1 05,08,0 05,08,1 M7
02,06,0 02,06,1 03,06,0 03,06,1 04,06,0 04,06,1 04,07,0 L7
00,08,0 00,08,1 00,09,0 01,08,0 01,08,1 02,08,0 02,08,1 P7
01,06,0 01,06,1 01,07,0 01,07,1 02,07,0 02,07,1 03,07,0 R7
00,05,0 00,05,1 00,06,0 00,06,1 00,07,0 00,07,1 01,05,0 p7
01,05,1 02,05,0 02,05,1 03,04,0 03,04,1 03,05,0 03,05,1 g7
04,05,1 05,05,0 05,05,1 05,06,0 06,04,1 06,05,0 06,05,1 X7
05,02,1 05,03,0 05,03,1 05,04,1 06,03,0 06,03,1 06,04,0 S7
06,06,0 06,06,1 06,07,0 06,07,1 07,05,1 07,06,0 08,05,0 t7
07,03,0 07,03,1 07,04,0 07,04,1 07,05,0 08,04,0 08,04,1 h7
02,03,1 02,04,0 02,04,1 03,03,0 03,03,1 04,03,0 04,03,1 j7
00,03,1 00,04,0 00,04,1 01,02,1 01,03,0 01,04,0 01,04,1 V7
01,03,1 02,01,1 02,02,0 02,02,1 02,03,0 03,02,0 03,02,1 W7
03,00,1 03,01,0 04,00,0 04,00,1 05,00,0 05,00,1 06,00,0 l7
03,01,1 04,01,0 04,01,1 04,02,0 04,02,1 05,01,0 05,02,0 z7
05,01,1 06,01,0 06,01,1 06,02,0 06,02,1 07,02,0 07,02,1 n7
06,00,1 07,00,0 07,00,1 07,01,0 08,00,0 08,00,1 09,00,0 e7
07,01,1 08,01,0 08,01,1 08,02,0 08,02,1 09,00,1 09,01,0 w7
08,03,0 08,03,1 09,02,0 09,02,1 09,03,0 09,03,1 10,03,0 Y7
09,01,1 10,00,0 10,00,1 10,01,0 10,01,1 10,02,0 11,00,0 x7
07,06,1 07,07,0 07,07,1 08,05,1 08,06,0 08,06,1 09,06,0 a7
07,08,0 07,08,1 08,07,0 08,07,1 08,08,0 08,08,1 08,09,0 y7
09,06,1 09,07,0 09,07,1 09,08,0 09,08,1 10,07,0 10,08,0 f7
10,07,1 11,05,1 11,06,0 11,06,1 11,07,0 12,05,0 12,06,0 Z7
09,05,1 10,04,1 10,05,0 10,05,1 10,06,0 10,06,1 11,04,0 T7
11,03,1 11,04,1 11,05,0 12,02,1 12,03,0 12,03,1 12,04,0 U7
10,02,1 10,03,1 11,01,1 11,02,0 11,02,1 11,03,0 12,02,0 b7
11,00,1 11,01,0 12,00,0 12,00,1 12,01,0 12,01,1 13,01,0 s7
12,05,1 13,04,1 13,05,0 14,02,1 14,03,0 14,03,1 14,04,0 r7
12,04,1 13,02,0 13,02,1 13,03,0 13,03,1 13,04,0 14,02,0 q7
13,00,0 13,00,1 13,01,1 14,00,0 14,00,1 14,01,0 14,01,1 u7

                      ________________
                     /       /    \   \
                    /       /      \   \
                   /\  /\   \  /\   \   \
                  /  \/  \___\/  \   \   \
                 /\       \       \  /\   \
                /  \    ___\____   \/  \   \
               /    \  /        \   \   \  /\
              /      \/       ___\___\   \/  \
             /\      /\  /\  /\      /   /    \
            /  \____/  \/  \/  \    /   /      \
           /\          /   /    \   \   \  /\   \
          /  \________/   /______\   \___\/  \___\
         /           /    \      /   /       /    \
        /___________/   ___\    /___/___    /   ___\
       /   /        \  /\      /   /   /   /    \   \
      /   /   _______\/  \    /   /   /___/   ___\   \
     /   /   /           /\  /    \       \  /   /    \
    /   /___/___________/  \/___   \    ___\/   /   ___\
   /    \          /\          /\   \  /\      /\   \   \
  /______\____    /  \____    /  \___\/  \    /  \___\   \
 /       /   /   /    \   \  /       /    \   \   \   \   \
/   ____/   /___/______\   \/   ____/______\___\   \   \   \
\   \   \          /       /   /        \   \      /   /   /
 \   \   \________/   ____/___/___    ___\   \    /   /   /
  \  /       /    \  /       /   /   /\       \  /    \  /
   \/   ____/   ___\/   ____/   /___/  \    ___\/______\/
    \  /\       \      /\       \      /\  /    \      /
     \/  \_______\____/  \____   \    /  \/   ___\    /
      \           \           \  /    \      /       /
       \___________\___________\/______\____/_______/

solution 6 (27,402,746 searches):
00,13,1 00,14,0 00,14,1 01,13,1 01,14,0 01,14,1 02,13,0 A7
00,12,1 00,13,0 01,11,1 01,12,0 01,12,1 01,13,0 02,12,0 B7
00,10,1 00,11,0 00,11,1 00,12,0 01,10,0 01,10,1 01,11,0 D7
00,09,1 00,10,0 01,09,0 01,09,1 02,09,0 02,09,1 02,10,0 C7
02,10,1 02,11,0 02,11,1 03,10,1 03,11,0 03,11,1 04,11,0 F7
03,07,1 03,08,0 03,08,1 03,09,0 03,09,1 03,10,0 04,08,0 E7
02,12,1 03,12,0 03,12,1 03,13,0 04,11,1 04,12,0 05,11,0 H7
02,13,1 02,14,0 02,14,1 03,13,1 03,14,0 04,12,1 04,13,0 J7
03,14,1 04,13,1 04,14,0 05,12,1 05,13,0 06,11,1 06,12,0 I7
05,11,1 05,12,0 06,09,1 06,10,0 06,10,1 06,11,0 07,09,0 N7
04,10,1 05,09,1 05,10,0 05,10,1 06,08,0 06,08,1 06,09,0 Q7
07,09,1 07,10,0 07,10,1 07,11,0 08,09,1 08,10,0 09,09,0 G7
04,07,1 04,08,1 05,06,1 05,07,0 05,07,1 05,08,0 05,08,1 M7
02,06,0 02,06,1 03,06,0 03,06,1 04,06,0 04,06,1 04,07,0 L7
00,08,0 00,08,1 00,09,0 01,08,0 01,08,1 02,08,0 02,08,1 P7
01,06,0 01,06,1 01,07,0 01,07,1 02,07,0 02,07,1 03,07,0 R7
00,05,0 00,05,1 00,06,0 00,06,1 00,07,0 00,07,1 01,05,0 p7
01,05,1 02,05,0 02,05,1 03,04,0 03,04,1 03,05,0 03,05,1 g7
04,05,1 05,05,0 05,05,1 05,06,0 06,04,1 06,05,0 06,05,1 X7
05,02,1 05,03,0 05,03,1 05,04,1 06,03,0 06,03,1 06,04,0 S7
06,06,0 06,06,1 06,07,0 06,07,1 07,05,0 07,05,1 07,06,0 z7
00,03,1 00,04,0 00,04,1 01,02,1 01,03,0 01,04,0 01,04,1 V7
01,03,1 02,03,0 02,03,1 02,04,0 02,04,1 03,02,1 03,03,0 w7
03,03,1 04,01,1 04,02,0 04,02,1 04,03,0 04,03,1 05,02,0 x7
02,01,1 02,02,0 02,02,1 03,00,1 03,01,0 03,02,0 04,00,0 j7
03,01,1 04,00,1 04,01,0 05,00,0 05,00,1 05,01,0 06,00,0 u7
05,01,1 06,00,1 06,01,0 06,01,1 07,00,0 07,00,1 08,00,0 U7
06,02,0 06,02,1 07,02,0 07,02,1 07,03,0 07,03,1 08,03,0 n7
07,04,0 07,04,1 08,03,1 08,04,0 08,04,1 08,05,0 08,05,1 h7
07,01,0 07,01,1 08,00,1 08,01,0 08,01,1 08,02,0 09,00,0 W7
08,02,1 09,01,0 09,01,1 09,02,0 09,02,1 09,03,0 09,03,1 e7
09,00,1 10,00,0 10,00,1 10,01,0 10,01,1 10,02,0 11,00,0 t7
07,07,1 07,08,0 07,08,1 08,08,0 08,08,1 08,09,0 09,08,0 q7
07,06,1 07,07,0 08,06,0 08,06,1 08,07,0 08,07,1 09,07,0 s7
09,07,1 09,08,1 10,07,0 10,07,1 10,08,0 11,06,1 11,07,0 Y7
11,05,1 12,05,0 12,05,1 12,06,0 13,04,0 13,04,1 13,05,0 a7
09,06,0 09,06,1 10,05,1 10,06,0 10,06,1 11,05,0 11,06,0 y7
09,05,1 10,04,1 10,05,0 11,04,0 11,04,1 12,04,0 12,04,1 r7
13,02,1 13,03,0 13,03,1 14,02,1 14,03,0 14,03,1 14,04,0 Z7
12,01,1 13,01,0 13,01,1 14,00,1 14,01,0 14,01,1 14,02,0 T7
11,03,0 11,03,1 12,02,0 12,02,1 12,03,0 12,03,1 13,02,0 b7
10,02,1 10,03,0 10,03,1 11,01,1 11,02,0 11,02,1 12,01,0 f7
11,00,1 11,01,0 12,00,0 12,00,1 13,00,0 13,00,1 14,00,0 l7

                      ________________
                     /       /    \   \
                    /       /      \   \
                   /\  /\   \  /\   \   \
                  /  \/  \___\/  \   \   \
                 /\       \       \  /\   \
                /  \    ___\____   \/  \   \
               /    \  /        \   \   \  /\
              /      \/       ___\___\   \/  \
             /\      /\  /\  /\      /   /    \
            /  \____/  \/  \/  \    /   /      \
           /\          /   /    \   \   \  /\   \
          /  \________/   /______\   \___\/  \___\
         /           /    \      /   /        \   \
        /___________/   ___\    /___/   _______\   \
       /   /        \  /\      /   /\  /    \       \
      /   /   _______\/  \    /   /  \/   ___\____   \
     /   /   /           /\  /    \      /        \  /\
    /   /___/___________/  \/___   \____/___    ___\/  \
   /    \          /\          /   /   /\   \   \       \
  /______\____    /  \____    /___/   /  \   \___\____   \
 /       /   /   /    \   \  /       /    \          /   /\
/   ____/   /___/______\   \/___    /______\________/___/  \
\   \       \      /       /    \  /   /   /       /       /
 \   \____   \    /   ____/   ___\/   /   /___    /       /
  \  /    \  /    \  /       /\      /\      /    \  /\  /
   \/   ___\/   ___\/_______/  \    /  \    /______\/  \/
    \   \   \  /\      /       /   /   /\   \          /
     \   \   \/  \    /___    /___/   /  \___\____    /
      \   \       \       \   \       \           \  /
       \___\_______\_______\___\_______\___________\/

solution 7 (34,852,156 searches):
00,13,1 00,14,0 00,14,1 01,13,1 01,14,0 01,14,1 02,13,0 A7
00,12,1 00,13,0 01,11,1 01,12,0 01,12,1 01,13,0 02,12,0 B7
00,10,1 00,11,0 00,11,1 00,12,0 01,10,0 01,10,1 01,11,0 D7
00,09,1 00,10,0 01,09,0 01,09,1 02,09,0 02,09,1 02,10,0 C7
02,10,1 02,11,0 02,11,1 03,10,1 03,11,0 03,11,1 04,11,0 F7
03,07,1 03,08,0 03,08,1 03,09,0 03,09,1 03,10,0 04,08,0 E7
02,12,1 03,12,0 03,12,1 03,13,0 04,11,1 04,12,0 05,11,0 H7
02,13,1 02,14,0 02,14,1 03,13,1 03,14,0 04,12,1 04,13,0 J7
03,14,1 04,13,1 04,14,0 05,12,1 05,13,0 06,11,1 06,12,0 I7
05,11,1 05,12,0 06,09,1 06,10,0 06,10,1 06,11,0 07,09,0 N7
04,10,1 05,09,1 05,10,0 05,10,1 06,08,0 06,08,1 06,09,0 Q7
07,09,1 07,10,0 07,10,1 07,11,0 08,09,1 08,10,0 09,09,0 G7
04,07,1 04,08,1 05,06,1 05,07,0 05,07,1 05,08,0 05,08,1 M7
02,06,0 02,06,1 03,06,0 03,06,1 04,06,0 04,06,1 04,07,0 L7
00,08,0 00,08,1 00,09,0 01,08,0 01,08,1 02,08,0 02,08,1 P7
01,06,0 01,06,1 01,07,0 01,07,1 02,07,0 02,07,1 03,07,0 R7
00,05,0 00,05,1 00,06,0 00,06,1 00,07,0 00,07,1 01,05,0 p7
01,05,1 02,05,0 02,05,1 03,04,0 03,04,1 03,05,0 03,05,1 g7
04,05,1 05,05,0 05,05,1 05,06,0 06,04,1 06,05,0 06,05,1 X7
05,04,1 06,02,1 06,03,0 06,03,1 06,04,0 07,02,0 07,02,1 S7
05,01,0 05,01,1 05,02,0 05,02,1 05,03,0 05,03,1 06,02,0 e7
03,02,0 03,02,1 04,01,1 04,02,0 04,02,1 04,03,0 04,03,1 h7
02,01,1 02,02,0 02,02,1 03,00,1 03,01,0 03,01,1 04,00,0 f7
04,00,1 04,01,0 05,00,0 05,00,1 06,00,0 06,00,1 07,00,0 l7
06,01,0 06,01,1 07,00,1 07,01,0 07,01,1 08,00,0 08,01,0 y7
01,03,1 02,03,0 02,03,1 02,04,0 02,04,1 03,03,0 03,03,1 Y7
00,03,1 00,04,0 00,04,1 01,02,1 01,03,0 01,04,0 01,04,1 V7
08,00,1 09,00,0 09,00,1 09,01,0 09,01,1 09,02,0 10,00,0 t7
07,03,0 07,03,1 07,04,0 08,01,1 08,02,0 08,02,1 08,03,0 u7
06,06,0 06,06,1 06,07,0 06,07,1 07,05,0 07,05,1 07,06,0 z7
07,04,1 08,03,1 08,04,0 08,04,1 08,05,0 08,05,1 09,03,0 T7
07,06,1 07,07,0 07,07,1 08,06,0 08,06,1 09,06,0 09,06,1 j7
07,08,0 07,08,1 08,07,0 08,07,1 08,08,0 09,07,0 09,07,1 Z7
08,08,1 08,09,0 09,08,0 09,08,1 10,07,1 10,08,0 11,07,0 n7
10,06,1 10,07,0 11,06,0 11,06,1 12,05,0 12,05,1 12,06,0 s7
09,05,1 10,04,1 10,05,0 10,05,1 10,06,0 11,05,0 11,05,1 x7
10,00,1 10,01,0 11,00,0 11,00,1 11,01,0 11,01,1 12,00,0 a7
09,02,1 09,03,1 10,01,1 10,02,0 10,02,1 10,03,0 11,02,0 b7
11,02,1 12,00,1 12,01,0 12,01,1 12,02,0 13,01,0 13,01,1 W7
10,03,1 11,03,0 11,03,1 11,04,0 11,04,1 12,02,1 12,03,0 w7
13,00,0 13,00,1 14,00,0 14,00,1 14,01,0 14,01,1 14,02,0 r7
13,02,0 13,02,1 13,03,0 13,03,1 14,02,1 14,03,0 14,03,1 U7
12,03,1 12,04,0 12,04,1 13,04,0 13,04,1 13,05,0 14,04,0 q7

                      ________________
                     /       /    \   \
                    /       /      \   \
                   /\  /\   \  /\   \   \
                  /  \/  \___\/  \   \   \
                 /\       \       \  /\   \
                /  \    ___\____   \/  \   \
               /    \  /        \   \   \  /\
              /      \/       ___\___\   \/  \
             /\      /\  /\  /\      /   /    \
            /  \____/  \/  \/  \    /   /      \
           /\          /   /    \   \   \  /\   \
          /  \________/   /______\   \___\/  \___\
         /           /    \      /   /    \       \
        /___________/   ___\    /___/___   \____   \
       /   /        \  /\      /   /   /       /\   \
      /   /   _______\/  \    /   /   /_______/  \___\
     /   /   /           /\  /    \          /\       \
    /   /___/___________/  \/___   \________/  \____   \
   /    \          /\          /   /   /\          /   /\
  /______\____    /  \____    /___/   /  \    ____/___/  \
 /       /   /   /    \   \  /\      /    \  /   /        \
/   ____/   /___/______\   \/  \    /______\/   /   _______\
\   \          /   /   /   /    \   \   \       \  /       /
 \   \________/   /   /   /___   \___\   \____   \/       /
  \  /   /       /    \      /   /\       \   \  /   /\  /
   \/   /___    /   ___\____/   /  \    ___\   \/___/  \/
    \      /\  /   /        \  /   /\  /   /       /   /
     \    /  \/___/___    ___\/   /  \/   /   ____/   /
      \   \           \   \       \       \  /       /
       \___\___________\___\_______\_______\/_______/

solution 8 (38,860,868 searches):
00,13,1 00,14,0 00,14,1 01,13,1 01,14,0 01,14,1 02,13,0 A7
00,12,1 00,13,0 01,11,1 01,12,0 01,12,1 01,13,0 02,12,0 B7
00,10,1 00,11,0 00,11,1 00,12,0 01,10,0 01,10,1 01,11,0 D7
00,09,1 00,10,0 01,09,0 01,09,1 02,09,0 02,09,1 02,10,0 C7
02,10,1 02,11,0 02,11,1 03,10,1 03,11,0 03,11,1 04,11,0 F7
03,07,1 03,08,0 03,08,1 03,09,0 03,09,1 03,10,0 04,08,0 E7
02,12,1 03,12,0 03,12,1 03,13,0 04,11,1 04,12,0 05,11,0 H7
02,13,1 02,14,0 02,14,1 03,13,1 03,14,0 04,12,1 04,13,0 J7
03,14,1 04,13,1 04,14,0 05,12,1 05,13,0 06,11,1 06,12,0 I7
05,11,1 05,12,0 06,09,1 06,10,0 06,10,1 06,11,0 07,09,0 N7
04,10,1 05,09,1 05,10,0 05,10,1 06,08,0 06,08,1 06,09,0 Q7
07,09,1 07,10,0 07,10,1 07,11,0 08,09,1 08,10,0 09,09,0 G7
04,07,1 04,08,1 05,06,1 05,07,0 05,07,1 05,08,0 05,08,1 M7
02,06,0 02,06,1 03,06,0 03,06,1 04,06,0 04,06,1 04,07,0 L7
00,08,0 00,08,1 00,09,0 01,08,0 01,08,1 02,08,0 02,08,1 P7
01,06,0 01,06,1 01,07,0 01,07,1 02,07,0 02,07,1 03,07,0 R7
00,05,0 00,05,1 00,06,0 00,06,1 00,07,0 00,07,1 01,05,0 p7
01,05,1 02,05,0 02,05,1 03,04,0 03,04,1 03,05,0 03,05,1 g7
04,05,1 05,05,0 05,05,1 05,06,0 06,04,1 06,05,0 06,05,1 X7
05,04,1 06,02,1 06,03,0 06,03,1 06,04,0 07,02,0 07,02,1 S7
04,02,1 05,02,0 05,02,1 05,03,0 05,03,1 06,01,1 06,02,0 w7
02,03,1 02,04,0 02,04,1 03,03,0 03,03,1 04,03,0 04,03,1 j7
00,03,1 00,04,0 00,04,1 01,02,1 01,03,0 01,04,0 01,04,1 V7
01,03,1 02,01,1 02,02,0 02,02,1 02,03,0 03,02,0 03,02,1 W7
03,00,1 03,01,0 04,00,0 04,00,1 05,00,0 05,00,1 06,00,0 l7
03,01,1 04,01,0 04,01,1 04,02,0 05,01,0 05,01,1 06,01,0 e7
06,00,1 07,00,0 07,00,1 07,01,0 07,01,1 08,00,0 08,01,0 z7
08,00,1 09,00,0 09,00,1 09,01,0 09,01,1 09,02,0 10,00,0 t7
08,01,1 08,02,0 08,02,1 08,03,0 08,03,1 09,03,0 09,03,1 r7
07,03,0 07,03,1 07,04,0 07,04,1 07,05,0 08,04,0 08,04,1 h7
06,06,0 06,06,1 06,07,0 07,05,1 07,06,0 08,05,0 08,05,1 q7
06,07,1 07,06,1 07,07,0 07,07,1 07,08,0 07,08,1 08,06,0 T7
08,08,1 08,09,0 09,08,0 09,08,1 10,07,1 10,08,0 11,07,0 n7
08,06,1 08,07,0 08,07,1 08,08,0 09,05,1 09,06,0 09,07,0 U7
09,06,1 09,07,1 10,06,0 10,06,1 10,07,0 11,06,0 11,06,1 y7
11,04,1 11,05,0 11,05,1 12,04,1 12,05,0 12,05,1 12,06,0 Z7
10,03,1 10,04,1 10,05,0 10,05,1 11,03,0 11,03,1 11,04,0 s7
13,04,0 13,04,1 13,05,0 14,02,1 14,03,0 14,03,1 14,04,0 u7
12,02,1 12,03,0 12,03,1 12,04,0 13,02,1 13,03,0 13,03,1 b7
13,01,1 13,02,0 14,00,0 14,00,1 14,01,0 14,01,1 14,02,0 Y7
09,02,1 10,01,1 10,02,0 10,02,1 10,03,0 11,02,0 11,02,1 x7
10,00,1 10,01,0 11,00,0 11,00,1 11,01,0 12,00,0 12,00,1 f7
11,01,1 12,01,0 12,01,1 12,02,0 13,00,0 13,00,1 13,01,0 a7

                      ________________
                     /       /    \   \
                    /       /      \   \
                   /\  /\   \  /\   \   \
                  /  \/  \___\/  \   \   \
                 /\       \       \  /\   \
                /  \    ___\____   \/  \   \
               /    \  /        \   \   \  /\
              /      \/       ___\___\   \/  \
             /\      /\  /\  /\      /   /    \
            /  \____/  \/  \/  \    /   /      \
           /\          /   /    \   \   \  /\   \
          /  \________/   /______\   \___\/  \___\
         /           /    \      /   /   /\       \
        /___________/   ___\    /___/   /  \____   \
       /   /        \  /\      /\      /    \   \   \
      /   /   _______\/  \    /  \    /   ___\   \___\
     /   /   /           /\  /    \   \   \          /\
    /   /___/___________/  \/___   \___\   \________/  \
   /    \          /\          /\      /\  /   /       /\
  /______\____    /  \____    /  \____/  \/   /       /  \
 /       /   /   /    \   \  /       /    \   \  /\  /    \
/   ____/   /___/______\   \/   ____/______\   \/  \/___   \
\   \   \          /   /   /   /       /\      /       /   /
 \   \   \________/   /   /___/   ____/  \____/       /   /
  \  /       /\       \      /   /\          /\  /\  /\  /
   \/   ____/  \____   \____/   /  \    ____/  \/  \/  \/
    \  /\           \  /    \  /   /\  /\       \      /
     \/  \___________\/   ___\/   /  \/  \____   \    /
      \           \       \       \          /   /   /
       \___________\_______\_______\________/___/___/

solution 9 (42,624,164 searches):
00,13,1 00,14,0 00,14,1 01,13,1 01,14,0 01,14,1 02,13,0 A7
00,12,1 00,13,0 01,11,1 01,12,0 01,12,1 01,13,0 02,12,0 B7
00,10,1 00,11,0 00,11,1 00,12,0 01,10,0 01,10,1 01,11,0 D7
00,09,1 00,10,0 01,09,0 01,09,1 02,09,0 02,09,1 02,10,0 C7
02,10,1 02,11,0 02,11,1 03,10,1 03,11,0 03,11,1 04,11,0 F7
03,07,1 03,08,0 03,08,1 03,09,0 03,09,1 03,10,0 04,08,0 E7
02,12,1 03,12,0 03,12,1 03,13,0 04,11,1 04,12,0 05,11,0 H7
02,13,1 02,14,0 02,14,1 03,13,1 03,14,0 04,12,1 04,13,0 J7
03,14,1 04,13,1 04,14,0 05,12,1 05,13,0 06,11,1 06,12,0 I7
05,11,1 05,12,0 06,09,1 06,10,0 06,10,1 06,11,0 07,09,0 N7
04,10,1 05,09,1 05,10,0 05,10,1 06,08,0 06,08,1 06,09,0 Q7
07,09,1 07,10,0 07,10,1 07,11,0 08,09,1 08,10,0 09,09,0 G7
04,07,1 04,08,1 05,06,1 05,07,0 05,07,1 05,08,0 05,08,1 M7
02,06,0 02,06,1 03,06,0 03,06,1 04,06,0 04,06,1 04,07,0 L7
00,08,0 00,08,1 00,09,0 01,08,0 01,08,1 02,08,0 02,08,1 P7
01,06,0 01,06,1 01,07,0 01,07,1 02,07,0 02,07,1 03,07,0 R7
00,05,0 00,05,1 00,06,0 00,06,1 00,07,0 00,07,1 01,05,0 p7
01,05,1 02,05,0 02,05,1 03,04,0 03,04,1 03,05,0 03,05,1 g7
04,05,1 05,05,0 05,05,1 05,06,0 06,04,1 06,05,0 06,05,1 X7
05,04,1 06,02,1 06,03,0 06,03,1 06,04,0 07,02,0 07,02,1 S7
05,02,0 05,02,1 05,03,0 05,03,1 06,01,0 06,01,1 06,02,0 z7
02,03,1 02,04,0 02,04,1 03,03,0 03,03,1 04,03,0 04,03,1 j7
00,03,1 00,04,0 00,04,1 01,02,1 01,03,0 01,04,0 01,04,1 V7
01,03,1 02,01,1 02,02,0 02,02,1 02,03,0 03,01,1 03,02,0 y7
03,00,1 03,01,0 04,00,0 04,00,1 05,00,0 05,00,1 06,00,0 l7
03,02,1 04,01,0 04,01,1 04,02,0 04,02,1 05,01,0 05,01,1 b7
06,00,1 07,00,0 07,00,1 07,01,0 08,00,0 08,00,1 09,00,0 e7
07,01,1 08,01,0 08,01,1 08,02,0 08,02,1 09,00,1 09,01,0 w7
07,03,0 07,03,1 07,04,0 07,04,1 07,05,0 08,04,0 08,04,1 h7
08,03,0 08,03,1 09,02,0 09,02,1 09,03,0 09,03,1 10,03,0 Y7
09,01,1 10,00,0 10,00,1 10,01,0 10,01,1 10,02,0 11,00,0 x7
06,06,0 06,06,1 06,07,0 07,05,1 07,06,0 08,05,0 08,05,1 q7
06,07,1 07,06,1 07,07,0 07,07,1 07,08,0 07,08,1 08,06,0 T7
08,08,1 08,09,0 09,08,0 09,08,1 10,07,1 10,08,0 11,07,0 n7
08,06,1 08,07,0 08,07,1 08,08,0 09,05,1 09,06,0 09,07,0 U7
09,06,1 09,07,1 10,05,1 10,06,0 10,06,1 10,07,0 11,05,0 Z7
10,03,1 10,04,1 10,05,0 11,03,0 11,03,1 11,04,0 11,04,1 a7
11,05,1 11,06,0 11,06,1 12,04,0 12,04,1 12,05,0 12,06,0 s7
12,05,1 13,04,1 13,05,0 14,02,1 14,03,0 14,03,1 14,04,0 r7
12,03,0 12,03,1 13,02,1 13,03,0 13,03,1 13,04,0 14,02,0 W7
10,02,1 11,01,1 11,02,0 11,02,1 12,01,1 12,02,0 13,01,0 u7
11,00,1 11,01,0 12,00,0 12,00,1 12,01,0 13,00,0 13,00,1 f7
12,02,1 13,01,1 13,02,0 14,00,0 14,00,1 14,01,0 14,01,1 t7

                      ________________
                     /       /    \   \
                    /       /      \   \
                   /\  /\   \  /\   \   \
                  /  \/  \___\/  \   \   \
                 /\       \       \  /\   \
                /  \    ___\____   \/  \   \
               /    \  /        \   \   \  /\
              /      \/       ___\___\   \/  \
             /\      /\  /\  /\      /   /    \
            /  \____/  \/  \/  \    /   /      \
           /\          /   /    \   \   \  /\   \
          /  \________/   /______\   \___\/  \___\
         /           /    \      /   /   /\       \
        /___________/   ___\    /___/   /  \____   \
       /   /        \  /\      /\      /    \   \   \
      /   /   _______\/  \    /  \    /   ___\   \___\
     /   /   /           /\  /    \   \   \      /    \
    /   /___/___________/  \/___   \___\   \    /   ___\
   /    \          /\          /\      /\  /\   \   \   \
  /______\____    /  \____    /  \____/  \/  \___\   \   \
 /       /   /   /    \   \  /       /    \      /   /\   \
/   ____/   /___/______\   \/   ____/______\    /___/  \   \
\   \   \          /   /   /   /        \      /       /   /
 \   \   \________/   /   /___/___    ___\____/___    /   /
  \  /    \      /    \      /   /   /\       \   \   \  /
   \/      \    /___   \____/   /___/  \       \   \___\/
    \  /\  /       /   /\       \      /\  /\   \      /
     \/  \/_______/___/  \____   \    /  \/  \___\    /
      \           \           \  /    \          /   /
       \___________\___________\/______\________/___/

solution 10 (43,565,089 searches):
00,13,1 00,14,0 00,14,1 01,13,1 01,14,0 01,14,1 02,13,0 A7
00,12,1 00,13,0 01,11,1 01,12,0 01,12,1 01,13,0 02,12,0 B7
00,10,1 00,11,0 00,11,1 00,12,0 01,10,0 01,10,1 01,11,0 D7
00,09,1 00,10,0 01,09,0 01,09,1 02,09,0 02,09,1 02,10,0 C7
02,10,1 02,11,0 02,11,1 03,10,1 03,11,0 03,11,1 04,11,0 F7
03,07,1 03,08,0 03,08,1 03,09,0 03,09,1 03,10,0 04,08,0 E7
02,12,1 03,12,0 03,12,1 03,13,0 04,11,1 04,12,0 05,11,0 H7
02,13,1 02,14,0 02,14,1 03,13,1 03,14,0 04,12,1 04,13,0 J7
03,14,1 04,13,1 04,14,0 05,12,1 05,13,0 06,11,1 06,12,0 I7
05,11,1 05,12,0 06,09,1 06,10,0 06,10,1 06,11,0 07,09,0 N7
04,10,1 05,09,1 05,10,0 05,10,1 06,08,0 06,08,1 06,09,0 Q7
07,09,1 07,10,0 07,10,1 07,11,0 08,09,1 08,10,0 09,09,0 G7
04,07,1 04,08,1 05,06,1 05,07,0 05,07,1 05,08,0 05,08,1 M7
02,06,0 02,06,1 03,06,0 03,06,1 04,06,0 04,06,1 04,07,0 L7
00,08,0 00,08,1 00,09,0 01,08,0 01,08,1 02,08,0 02,08,1 P7
01,06,0 01,06,1 01,07,0 01,07,1 02,07,0 02,07,1 03,07,0 R7
00,05,0 00,05,1 00,06,0 00,06,1 00,07,0 00,07,1 01,05,0 p7
01,05,1 02,05,0 02,05,1 03,04,0 03,04,1 03,05,0 03,05,1 g7
04,05,1 05,05,0 05,05,1 05,06,0 06,04,1 06,05,0 06,05,1 X7
05,04,1 06,02,0 06,02,1 06,03,0 06,03,1 06,04,0 07,03,0 T7
04,03,1 05,01,1 05,02,0 05,02,1 05,03,0 05,03,1 06,01,0 q7
04,00,1 04,01,0 05,00,0 05,00,1 06,00,0 06,00,1 07,00,0 l7
02,01,1 02,02,0 02,02,1 03,00,1 03,01,0 03,01,1 04,00,0 f7
03,02,0 03,02,1 04,01,1 04,02,0 04,02,1 04,03,0 05,01,0 W7
01,03,1 02,03,0 02,03,1 02,04,0 02,04,1 03,03,0 03,03,1 Y7
00,03,1 00,04,0 00,04,1 01,02,1 01,03,0 01,04,0 01,04,1 V7
06,01,1 07,00,1 07,01,0 08,00,0 08,00,1 09,00,0 09,00,1 r7
07,01,1 07,02,0 07,02,1 08,01,0 08,02,0 08,02,1 08,03,0 S7
07,03,1 07,04,0 07,04,1 07,05,0 08,03,1 08,04,0 08,04,1 b7
08,01,1 09,01,0 09,01,1 10,00,0 10,00,1 10,01,0 11,00,0 U7
06,06,0 06,06,1 06,07,0 06,07,1 07,05,1 07,06,0 08,05,0 t7
09,02,0 09,02,1 10,01,1 10,02,0 10,02,1 11,01,0 11,01,1 Z7
09,03,0 09,03,1 10,03,0 10,03,1 11,02,0 11,02,1 11,03,0 j7
11,00,1 12,00,0 12,00,1 12,01,0 13,00,0 13,00,1 14,00,0 e7
13,01,0 13,01,1 14,00,1 14,01,0 14,01,1 14,02,0 14,02,1 h7
11,03,1 11,04,0 11,04,1 12,01,1 12,02,0 12,02,1 12,03,0 n7
12,03,1 12,04,0 13,02,0 13,02,1 13,03,0 13,03,1 14,03,0 w7
12,04,1 12,05,0 13,04,0 13,04,1 13,05,0 14,03,1 14,04,0 z7
10,07,1 11,05,1 11,06,0 11,06,1 11,07,0 12,05,1 12,06,0 y7
09,07,1 09,08,0 09,08,1 10,06,0 10,06,1 10,07,0 10,08,0 s7
07,08,1 08,07,0 08,07,1 08,08,0 08,08,1 08,09,0 09,07,0 x7
07,06,1 07,07,0 07,07,1 07,08,0 08,05,1 08,06,0 08,06,1 u7
09,05,1 09,06,0 09,06,1 10,04,1 10,05,0 10,05,1 11,05,0 a7

                      ________________
                     /       /    \   \
                    /       /      \   \
                   /\  /\   \  /\   \   \
                  /  \/  \___\/  \   \   \
                 /\       \       \  /\   \
                /  \    ___\____   \/  \   \
               /    \  /        \   \   \  /\
              /      \/       ___\___\   \/  \
             /\      /\  /\  /\      /   /    \
            /  \____/  \/  \/  \    /   /      \
           /\          /   /    \   \   \  /\   \
          /  \________/   /______\   \___\/  \___\
         /           /    \      /   /\      /    \
        /___________/   ___\    /___/  \    /   ___\
       /   /        \  /\      /   /   /    \   \   \
      /   /   _______\/  \    /   /   /______\   \   \
     /   /   /           /\  /    \      /   /   /    \
    /   /___/___________/  \/___   \    /   /___/      \
   /    \          /\          /\   \  /\       \  /\  /\
  /______\____    /  \____    /  \___\/  \    ___\/  \/  \
 /       /   /   /    \   \  /       /    \  /   /\       \
/   ____/   /___/______\   \/       /______\/   /  \____   \
\   \          /\      /    \  /\  /        \   \       \  /
 \   \________/  \    /   ___\/  \/_______   \   \    ___\/
  \  /   /       /   /   /       /       /   /   /   /   /
   \/   /___    /   /___/   ____/___    /___/   /___/   /
    \      /\   \   \   \   \       \      /\  /       /
     \    /  \___\___\   \___\____   \____/  \/___    /
      \   \           \          /    \           \  /
       \___\___________\________/______\___________\/

User-requested solution limit reached.
10 solutions, 43,565,089 searches, duration 0:20:24.248989
