solving OneSidedPolyiamonds12345Hexagon2:

solution 1 (62 searches):
0,3,0 0,3,1 0,4,0 1,3,0 T4
0,2,1 1,2,0 D2
1,1,1 2,1,0 2,1,1 2,2,0 C4
1,2,1 T1
2,0,1 3,0,0 3,0,1 3,1,0 4,0,0 p5
4,0,1 4,1,0 4,1,1 5,0,0 5,0,1 C5
5,1,0 5,1,1 5,2,0 5,2,1 5,3,0 I5
0,4,1 0,5,0 0,5,1 I3
1,4,1 1,5,0 1,5,1 2,5,0 2,5,1 L5
1,3,1 1,4,0 2,3,0 2,3,1 3,3,0 l5
2,2,1 3,2,0 3,2,1 4,2,0 i4
2,4,1 3,3,1 3,4,0 3,4,1 3,5,0 P5
4,2,1 4,3,0 4,3,1 4,4,0 I4

      ____________
     /   /       /\
    /   /   ____/  \
   /\  /\  /\      /\
  /  \/  \/__\    /  \
 /    \       \  /   /\
/______\_______\/   /  \
\   \  /\       \  /   /
 \___\/  \_______\/   /
  \      /\  /   /   /
   \____/  \/   /___/
    \       \      /
     \_______\____/

solution 2 (123 searches):
0,3,0 0,3,1 0,4,0 1,3,0 T4
0,2,1 1,2,0 D2
1,1,1 2,1,0 2,1,1 2,2,0 C4
1,2,1 T1
2,0,1 3,0,0 3,0,1 3,1,0 4,0,0 p5
4,0,1 4,1,0 4,1,1 5,0,0 5,0,1 C5
5,1,0 5,1,1 5,2,0 5,2,1 5,3,0 I5
0,4,1 0,5,0 0,5,1 1,5,0 1,5,1 L5
1,3,1 1,4,0 1,4,1 2,2,1 2,3,0 l5
2,4,1 2,5,0 3,3,1 3,4,0 i4
2,3,1 3,2,0 3,2,1 3,3,0 4,2,0 P5
4,2,1 4,3,0 4,3,1 4,4,0 I4
2,5,1 3,4,1 3,5,0 I3

      ____________
     /       /\   \
    /   ____/  \   \
   /\  /   /\   \  /\
  /  \/   /__\   \/  \
 /    \   \   \  /   /\
/______\   \   \/   /  \
\   \  /\  /    \  /   /
 \___\/  \/______\/   /
  \      /\  /   /   /
   \____/  \/   /___/
    \       \      /
     \_______\____/

solution 3 (125 searches):
0,3,0 0,3,1 0,4,0 1,3,0 T4
0,2,1 1,2,0 D2
1,1,1 2,1,0 2,1,1 2,2,0 C4
1,2,1 T1
2,0,1 3,0,0 3,0,1 3,1,0 4,0,0 p5
4,0,1 4,1,0 4,1,1 5,0,0 5,0,1 C5
5,1,0 5,1,1 5,2,0 5,2,1 5,3,0 I5
0,4,1 0,5,0 0,5,1 1,5,0 1,5,1 L5
1,3,1 1,4,0 1,4,1 2,2,1 2,3,0 l5
2,4,1 2,5,0 3,3,1 3,4,0 i4
2,3,1 3,2,0 3,2,1 3,3,0 4,2,0 P5
2,5,1 3,4,1 3,5,0 4,4,0 I4
4,2,1 4,3,0 4,3,1 I3

      ____________
     /       /\   \
    /   ____/  \   \
   /\  /   /\   \   \
  /  \/   /__\   \___\
 /    \   \   \  /   /\
/______\   \   \/   /  \
\   \  /\  /    \  /   /
 \___\/  \/______\/   /
  \      /\  /   /   /
   \____/  \/   /___/
    \       \      /
     \_______\____/

solution 4 (144 searches):
0,3,0 0,3,1 0,4,0 1,3,0 T4
0,2,1 1,2,0 D2
1,1,1 2,1,0 2,1,1 2,2,0 C4
1,2,1 T1
2,0,1 3,0,0 3,0,1 3,1,0 4,0,0 p5
4,0,1 4,1,0 4,1,1 5,0,0 5,0,1 C5
5,1,0 5,1,1 5,2,0 5,2,1 5,3,0 I5
0,4,1 0,5,0 0,5,1 1,3,1 1,4,0 l5
1,4,1 1,5,0 1,5,1 2,5,0 2,5,1 L5
2,2,1 2,3,0 2,3,1 I3
3,2,0 3,2,1 4,2,0 4,2,1 I4
3,4,1 3,5,0 4,3,1 4,4,0 i4
2,4,1 3,3,0 3,3,1 3,4,0 4,3,0 P5

      ____________
     /   /       /\
    /   /   ____/  \
   /\   \  /\   \   \
  /  \   \/__\   \   \
 /    \  /   /    \  /\
/______\/   /______\/  \
\   \  /\  /       /   /
 \___\/  \/_______/   /
  \      /\  /   /   /
   \____/  \/   /___/
    \       \      /
     \_______\____/

solution 5 (147 searches):
0,3,0 0,3,1 0,4,0 1,3,0 T4
0,2,1 1,2,0 D2
1,1,1 2,1,0 2,1,1 2,2,0 C4
1,2,1 T1
2,0,1 3,0,0 3,0,1 3,1,0 4,0,0 p5
4,0,1 4,1,0 4,1,1 5,0,0 5,0,1 C5
5,1,0 5,1,1 5,2,0 5,2,1 5,3,0 I5
0,4,1 0,5,0 0,5,1 1,3,1 1,4,0 l5
1,4,1 1,5,0 1,5,1 2,5,0 2,5,1 L5
2,2,1 2,3,0 2,3,1 I3
3,2,0 3,2,1 3,3,0 4,2,0 4,2,1 P5
2,4,1 3,3,1 3,4,0 4,3,0 I4
3,4,1 3,5,0 4,3,1 4,4,0 i4

      ____________
     /   /       /\
    /   /   ____/  \
   /\   \  /\   \   \
  /  \   \/__\   \   \
 /    \  /   /\   \  /\
/______\/   /  \___\/  \
\   \  /\  /       /   /
 \___\/  \/_______/   /
  \      /\  /   /   /
   \____/  \/   /___/
    \       \      /
     \_______\____/

solution 6 (159 searches):
0,3,0 0,3,1 0,4,0 1,3,0 T4
0,2,1 1,2,0 D2
1,1,1 2,1,0 2,1,1 2,2,0 C4
1,2,1 T1
2,0,1 3,0,0 3,0,1 3,1,0 4,0,0 p5
4,0,1 4,1,0 4,1,1 5,0,0 5,0,1 C5
5,1,0 5,1,1 5,2,0 5,2,1 5,3,0 I5
0,4,1 0,5,0 0,5,1 1,3,1 1,4,0 l5
1,4,1 1,5,0 1,5,1 2,5,0 2,5,1 L5
2,2,1 3,2,0 3,2,1 4,2,0 i4
2,3,0 2,3,1 3,3,0 I3
2,4,1 3,3,1 3,4,0 3,4,1 3,5,0 P5
4,2,1 4,3,0 4,3,1 4,4,0 I4

      ____________
     /   /       /\
    /   /   ____/  \
   /\   \  /\      /\
  /  \   \/__\    /  \
 /    \  /    \  /   /\
/______\/______\/   /  \
\   \  /\       \  /   /
 \___\/  \_______\/   /
  \      /\  /   /   /
   \____/  \/   /___/
    \       \      /
     \_______\____/

solution 7 (258 searches):
0,3,0 0,3,1 0,4,0 1,3,0 T4
0,2,1 1,2,0 D2
1,1,1 2,1,0 2,1,1 2,2,0 C4
1,2,1 T1
2,0,1 3,0,0 3,0,1 3,1,0 4,0,0 p5
4,0,1 4,1,0 4,1,1 5,0,0 5,0,1 C5
5,1,0 5,1,1 5,2,0 5,2,1 i4
0,4,1 0,5,0 0,5,1 1,5,0 1,5,1 L5
1,3,1 1,4,0 1,4,1 2,2,1 2,3,0 l5
2,5,0 2,5,1 3,5,0 I3
2,4,1 3,3,1 3,4,0 4,2,1 4,3,0 I5
2,3,1 3,2,0 3,2,1 3,3,0 4,2,0 P5
3,4,1 4,3,1 4,4,0 5,3,0 I4

      ____________
     /       /    \
    /   ____/______\
   /\  /   /\   \   \
  /  \/   /__\   \   \
 /    \   \   \   \   \
/______\   \   \   \___\
\   \  /\  /    \  /   /
 \___\/  \/______\/   /
  \      /\  /   /   /
   \____/  \/   /___/
    \       \      /
     \_______\____/

solution 8 (280 searches):
0,3,0 0,3,1 0,4,0 1,3,0 T4
0,2,1 1,2,0 D2
1,1,1 2,1,0 2,1,1 2,2,0 C4
1,2,1 T1
2,0,1 3,0,0 3,0,1 3,1,0 4,0,0 p5
4,0,1 4,1,0 4,1,1 5,0,0 5,0,1 C5
5,1,0 5,1,1 5,2,0 5,2,1 i4
0,4,1 0,5,0 0,5,1 1,3,1 1,4,0 l5
1,4,1 1,5,0 1,5,1 2,5,0 2,5,1 L5
2,2,1 2,3,0 2,3,1 I3
3,2,0 3,2,1 4,2,0 4,2,1 I4
2,4,1 3,3,0 3,3,1 3,4,0 4,3,0 P5
3,4,1 3,5,0 4,3,1 4,4,0 5,3,0 I5

      ____________
     /   /       /\
    /   /   ____/  \
   /\   \  /\   \   \
  /  \   \/__\   \   \
 /    \  /   /    \   \
/______\/   /______\___\
\   \  /\  /       /   /
 \___\/  \/_______/   /
  \      /\  /   /   /
   \____/  \/   /___/
    \       \      /
     \_______\____/

solution 9 (285 searches):
0,3,0 0,3,1 0,4,0 1,3,0 T4
0,2,1 1,2,0 D2
1,1,1 2,1,0 2,1,1 2,2,0 C4
1,2,1 T1
2,0,1 3,0,0 3,0,1 3,1,0 4,0,0 p5
4,0,1 4,1,0 4,1,1 5,0,0 5,0,1 C5
5,1,0 5,1,1 5,2,0 5,2,1 i4
0,4,1 0,5,0 0,5,1 1,3,1 1,4,0 l5
1,4,1 1,5,0 1,5,1 2,5,0 2,5,1 L5
2,2,1 2,3,0 2,3,1 I3
3,2,0 3,2,1 3,3,0 4,2,0 4,2,1 P5
3,4,1 3,5,0 4,3,1 4,4,0 5,3,0 I5
2,4,1 3,3,1 3,4,0 4,3,0 I4

      ____________
     /   /       /\
    /   /   ____/  \
   /\   \  /\   \   \
  /  \   \/__\   \   \
 /    \  /   /\   \   \
/______\/   /  \___\___\
\   \  /\  /       /   /
 \___\/  \/_______/   /
  \      /\  /   /   /
   \____/  \/   /___/
    \       \      /
     \_______\____/

solution 10 (335 searches):
0,3,0 0,3,1 0,4,0 1,3,0 T4
0,2,1 1,2,0 D2
1,1,1 2,1,0 2,1,1 2,2,0 C4
1,2,1 T1
2,0,1 3,0,0 3,0,1 3,1,0 4,0,0 p5
4,0,1 4,1,0 4,1,1 5,0,0 5,0,1 C5
4,2,1 4,3,0 5,1,0 5,1,1 5,2,0 l5
4,3,1 4,4,0 5,2,1 5,3,0 i4
2,4,1 3,3,1 3,4,0 3,4,1 3,5,0 P5
1,4,1 1,5,0 1,5,1 2,5,0 2,5,1 L5
0,4,1 0,5,0 0,5,1 I3
1,3,1 1,4,0 2,2,1 2,3,0 3,2,0 I5
2,3,1 3,2,1 3,3,0 4,2,0 I4

      ____________
     /   /       /\
    /   /   ____/  \
   /\  /\  /\      /\
  /  \/  \/__\    /  \
 /    \   \   \  /\   \
/______\   \   \/  \   \
\   \  /\   \   \   \  /
 \___\/  \___\___\   \/
  \      /\  /   /   /
   \____/  \/   /___/
    \       \      /
     \_______\____/

...

solution 6407223 (115,460,444 searches):
4,2,1 5,1,1 5,2,0 5,2,1 T4
3,3,1 4,3,0 4,3,1 4,4,0 5,3,0 p5
1,5,1 2,5,0 2,5,1 3,4,1 3,5,0 l5
2,4,1 3,4,0 D2
0,4,0 0,4,1 0,5,0 0,5,1 i4
1,5,0 T1
1,2,1 1,3,0 1,3,1 1,4,0 1,4,1 I5
0,2,1 0,3,0 0,3,1 1,2,0 C4
1,1,1 2,0,1 2,1,0 3,0,0 3,0,1 L5
2,1,1 2,2,0 3,1,0 I3
4,0,0 4,0,1 5,0,0 5,0,1 I4
3,2,1 4,1,0 4,1,1 4,2,0 5,1,0 P5
2,2,1 2,3,0 2,3,1 3,2,0 3,3,0 C5

      ____________
     /   /\       \
    /   /__\____   \
   /   /   /\   \  /\
  /___/   /__\___\/  \
 /   /   /    \       \
/   /   /   ___\_______\
\   \  /\   \   \      /
 \___\/  \___\   \    /
  \   \   \  /    \  /
   \   \___\/______\/
    \      /       /
     \____/_______/

solution 6407224 (115,460,447 searches):
4,2,1 5,1,1 5,2,0 5,2,1 T4
3,3,1 4,3,0 4,3,1 4,4,0 5,3,0 p5
1,5,1 2,5,0 2,5,1 3,4,1 3,5,0 l5
2,4,1 3,4,0 D2
0,4,0 0,4,1 0,5,0 0,5,1 i4
1,5,0 T1
1,2,1 1,3,0 1,3,1 1,4,0 1,4,1 I5
0,2,1 0,3,0 0,3,1 1,2,0 C4
1,1,1 2,0,1 2,1,0 3,0,0 3,0,1 L5
2,1,1 2,2,0 3,1,0 I3
4,0,0 4,0,1 4,1,0 5,0,0 5,0,1 P5
3,2,1 4,1,1 4,2,0 5,1,0 I4
2,2,1 2,3,0 2,3,1 3,2,0 3,3,0 C5

      ____________
     /   /\       \
    /   /__\____   \
   /   /   /\   \  /\
  /___/   /__\___\/  \
 /   /   /    \       \
/   /   /   ___\_______\
\   \  /\   \   \      /
 \___\/  \___\   \    /
  \   \   \  /\   \  /
   \   \___\/  \___\/
    \      /       /
     \____/_______/

6,407,224 solutions, 115,460,460 searches, duration 2:43:56.235443
