solving OneSidedHexiamondsKnobbedHexagon1:

solution 1:
0,4,1 1,4,0 1,4,1 2,3,1 2,4,0 3,3,0 C6
0,5,0 0,5,1 1,5,0 1,5,1 2,5,0 2,5,1 I6
1,6,0 1,6,1 1,7,0 2,6,0 2,6,1 2,7,0 F6
0,8,1 0,9,0 0,9,1 1,7,1 1,8,0 1,9,0 g6
1,8,1 2,8,0 2,8,1 3,7,1 3,8,0 3,8,1 p6
2,7,1 3,6,0 3,6,1 3,7,0 4,6,0 4,6,1 H6
2,4,1 3,4,0 3,4,1 3,5,0 3,5,1 4,4,0 h6
5,7,0 5,7,1 5,8,0 5,8,1 5,9,0 6,7,0 P6
4,7,0 4,7,1 4,8,0 4,8,1 4,9,0 4,9,1 i6
3,2,1 3,3,1 4,2,0 4,2,1 4,3,0 4,3,1 f6
4,0,1 4,1,0 4,1,1 5,0,0 5,0,1 5,1,0 O6
7,1,0 7,1,1 8,0,1 8,1,0 9,0,0 9,0,1 S6
7,2,1 7,3,0 8,1,1 8,2,0 8,2,1 9,1,0 E6
6,4,0 6,4,1 6,5,0 6,5,1 7,4,0 7,4,1 V6
5,5,1 5,6,0 5,6,1 6,6,0 6,6,1 7,6,0 J6
5,3,1 6,2,0 6,2,1 6,3,0 6,3,1 7,2,0 X6
5,1,1 5,2,0 5,2,1 5,3,0 6,1,0 6,1,1 G6
7,5,0 7,5,1 8,5,0 8,5,1 9,4,1 9,5,0 j6
7,3,1 8,3,0 8,3,1 8,4,0 8,4,1 9,4,0 s6

          ____            ____
         /    \          /   /\
        /   ___\________/   /  \
        \   \          /   /   /
         \   \____    /   /   /
         /\  /\   \  /   /    \
        /  \/  \   \/___/______\
       /       /       /        \
  ____/_______/_______/   _______\____
 /           /   /    \  /   /        \
/___________/   /      \/   /_______   \
\       \       \      /       /    \  /
 \____   \_______\____/_______/   ___\/
      \   \      /\      /\      /
       \___\    /  \    /  \____/
        \      /   /    \      /
         \____/   /______\    /
         /    \      /    \   \
        /      \____/___   \___\
        \      /        \      /
         \____/          \____/

solution 2:
0,4,1 1,4,0 1,4,1 2,3,1 2,4,0 3,3,0 C6
0,5,0 0,5,1 1,5,0 1,5,1 2,5,0 2,5,1 I6
1,6,0 1,6,1 2,6,0 2,6,1 3,5,1 3,6,0 j6
2,4,1 3,3,1 3,4,0 3,4,1 3,5,0 4,4,0 X6
0,8,1 0,9,0 0,9,1 1,7,0 1,7,1 1,8,0 s6
1,8,1 1,9,0 2,7,0 2,7,1 2,8,0 2,8,1 h6
3,2,1 4,0,1 4,1,0 4,1,1 4,2,0 5,0,0 S6
5,0,1 5,1,0 5,1,1 5,2,0 6,1,0 6,1,1 H6
4,2,1 4,3,0 4,3,1 5,2,1 5,3,0 5,3,1 F6
4,8,0 4,8,1 4,9,0 4,9,1 5,8,1 5,9,0 g6
3,7,0 3,7,1 3,8,0 3,8,1 4,7,0 4,7,1 V6
3,6,1 4,6,0 4,6,1 5,6,0 5,6,1 5,7,0 J6
5,7,1 5,8,0 6,6,0 6,6,1 6,7,0 7,6,0 p6
8,0,1 8,1,0 8,1,1 9,0,0 9,0,1 9,1,0 O6
6,2,0 6,2,1 6,3,0 7,1,0 7,1,1 7,2,0 f6
7,4,1 8,3,1 8,4,0 8,4,1 9,4,0 9,4,1 P6
6,5,1 7,5,0 7,5,1 8,5,0 8,5,1 9,5,0 i6
5,5,1 6,4,0 6,4,1 6,5,0 7,3,1 7,4,0 E6
6,3,1 7,2,1 7,3,0 8,2,0 8,2,1 8,3,0 G6

          ____            ____
         /   /\          /    \
        /   /  \________/      \
        \   \      /   /   /\  /
         \   \    /   /___/  \/
         /   /   /       /\   \
        /___/___/_______/  \   \
       /        \          /    \
  ____/_______   \________/______\____
 /           /\  /    \   \           \
/___________/  \/      \   \___________\
\       \       \      /    \          /
 \____   \    ___\____/___   \    ____/
      \   \  /       /\   \  /\  /
       \___\/       /  \   \/  \/
        \   \  /\  /    \      /
         \   \/  \/___   \____/
         /   /       /   /    \
        /   /   ____/___/      \
        \   \  /        \      /
         \___\/          \____/

solution 3:
0,4,1 1,4,0 1,4,1 2,3,1 2,4,0 3,3,0 C6
0,5,0 0,5,1 1,5,0 1,5,1 2,5,0 2,5,1 I6
1,6,0 1,6,1 1,7,0 2,6,0 2,6,1 3,6,0 p6
2,4,1 3,4,0 3,4,1 3,5,0 3,5,1 4,4,0 h6
0,8,1 0,9,0 0,9,1 1,7,1 1,8,0 1,9,0 g6
1,8,1 2,8,0 2,8,1 3,8,0 3,8,1 4,8,0 i6
2,7,0 2,7,1 3,6,1 3,7,0 3,7,1 4,6,0 H6
4,8,1 4,9,0 4,9,1 5,8,0 5,8,1 5,9,0 O6
3,3,1 4,2,1 4,3,0 4,3,1 5,3,0 5,3,1 P6
3,2,1 4,0,1 4,1,0 4,1,1 4,2,0 5,0,0 S6
5,0,1 5,1,0 5,1,1 5,2,0 5,2,1 6,1,0 E6
7,1,1 8,0,1 8,1,0 9,0,0 9,0,1 9,1,0 G6
6,1,1 6,2,0 6,2,1 6,3,0 6,3,1 7,1,0 J6
7,2,0 7,2,1 7,3,0 8,1,1 8,2,0 8,2,1 X6
6,4,0 6,4,1 6,5,0 6,5,1 7,4,0 7,4,1 V6
7,3,1 8,3,0 8,3,1 8,4,0 8,4,1 9,4,0 s6
7,5,0 7,5,1 8,5,0 8,5,1 9,4,1 9,5,0 j6
4,6,1 4,7,0 4,7,1 5,5,1 5,6,0 5,6,1 f6
5,7,0 5,7,1 6,6,0 6,6,1 6,7,0 7,6,0 F6

          ____            ____
         /    \          /    \
        /   ___\________/      \
        \   \           \      /
         \   \___________\____/
         /\  /       /   /    \
        /  \/___    /   /___   \
       /        \   \      /    \
  ____/__________\___\    /______\____
 /           /   /    \  /   /        \
/___________/   /      \/   /_______   \
\       \       \      /       /    \  /
 \____   \_______\____/_______/   ___\/
      \   \          /   /\      /
       \___\    ____/   /  \____/
        \   \  /   /   /       /
         \   \/   /   /___    /
         /   /    \   \   \  /\
        /   /   ___\___\   \/  \
        \   \  /        \      /
         \___\/          \____/

solution 4:
0,4,1 1,4,0 1,4,1 2,3,1 2,4,0 3,3,0 C6
0,5,0 0,5,1 1,5,0 1,5,1 1,6,0 2,5,0 P6
2,4,1 2,5,1 3,3,1 3,4,0 3,4,1 3,5,0 F6
0,8,1 0,9,0 0,9,1 1,7,1 1,8,0 2,7,0 j6
1,6,1 1,7,0 2,6,0 2,6,1 3,5,1 3,6,0 s6
1,8,1 1,9,0 2,7,1 2,8,0 3,6,1 3,7,0 i6
2,8,1 3,8,0 3,8,1 4,7,1 4,8,0 4,8,1 p6
4,9,0 4,9,1 5,7,1 5,8,0 5,8,1 5,9,0 G6
3,7,1 4,6,0 4,6,1 4,7,0 5,5,1 5,6,0 E6
5,6,1 5,7,0 6,6,0 6,6,1 6,7,0 7,6,0 f6
4,3,1 4,4,0 5,2,1 5,3,0 5,3,1 6,3,0 h6
3,2,1 4,1,1 4,2,0 4,2,1 4,3,0 5,2,0 X6
4,0,1 4,1,0 5,0,0 5,0,1 5,1,0 5,1,1 g6
6,1,0 6,1,1 6,2,0 6,2,1 7,1,0 7,1,1 V6
8,0,1 8,1,0 8,1,1 9,0,0 9,0,1 9,1,0 O6
6,3,1 7,2,0 7,2,1 7,3,0 8,2,0 8,2,1 H6
6,4,0 6,4,1 7,3,1 7,4,0 8,3,0 8,3,1 S6
6,5,0 6,5,1 7,5,0 7,5,1 8,5,0 8,5,1 I6
7,4,1 8,4,0 8,4,1 9,4,0 9,4,1 9,5,0 J6

          ____            ____
         /   /\          /    \
        /   /  \________/___   \
        \   \   \          /   /
         \   \   \____    /   /
         /\   \   \   \  /\  /\
        /  \___\   \   \/  \/  \
       /\       \  /    \       \
  ____/  \____   \/___   \_______\____
 /        \   \  /    \  /           /\
/__________\   \/      \/___________/  \
\       \      /\      /    \          /
 \____   \    /  \____/___   \________/
      \   \  /\       \   \      /
       \___\/  \    ___\   \____/
        \       \  /   /       /
         \    ___\/   /_______/
         /\  /   /       /    \
        /  \/   /_______/      \
        \      /        \      /
         \____/          \____/

solution 5:
0,4,1 1,4,0 1,4,1 2,3,1 2,4,0 3,3,0 C6
0,5,0 0,5,1 1,5,0 1,5,1 1,6,0 2,5,0 P6
2,4,1 3,3,1 3,4,0 4,2,1 4,3,0 5,2,0 I6
3,2,1 4,0,1 4,1,0 4,1,1 4,2,0 5,0,0 S6
5,0,1 5,1,0 5,1,1 6,1,0 6,1,1 7,1,0 J6
4,3,1 4,4,0 5,2,1 5,3,0 5,3,1 6,2,0 E6
3,4,1 3,5,0 3,5,1 3,6,0 3,6,1 4,6,0 j6
1,6,1 1,7,0 1,7,1 2,5,1 2,6,0 2,6,1 f6
0,8,1 0,9,0 0,9,1 1,8,0 1,8,1 1,9,0 O6
2,7,0 2,7,1 2,8,0 2,8,1 3,7,0 3,7,1 V6
3,8,0 3,8,1 4,7,1 4,8,0 4,8,1 5,7,0 H6
4,9,0 4,9,1 5,7,1 5,8,0 5,8,1 5,9,0 G6
4,6,1 4,7,0 5,5,1 5,6,0 6,4,1 6,5,0 i6
5,6,1 6,5,1 6,6,0 6,6,1 6,7,0 7,6,0 X6
7,5,1 8,5,0 8,5,1 9,4,0 9,4,1 9,5,0 g6
7,4,1 7,5,0 8,3,0 8,3,1 8,4,0 8,4,1 h6
6,3,0 6,3,1 6,4,0 7,3,0 7,3,1 7,4,0 F6
8,1,1 8,2,0 8,2,1 9,0,0 9,0,1 9,1,0 s6
6,2,1 7,1,1 7,2,0 7,2,1 8,0,1 8,1,0 p6

          ____            ____
         /    \          /    \
        /      \________/___   \
        \      /   /       /   /
         \____/   /___    /   /
         /   /       /\   \  /\
        /   /_______/  \___\/  \
       /\      /    \   \       \
  ____/  \    /   ___\   \    ___\____
 /        \  /   /    \   \  /\       \
/__________\/   /      \   \/  \____   \
\       \   \  /\      /\  /\      /   /
 \____   \   \/  \____/  \/  \    /___/
      \   \   \      /       /   /
       \___\   \    /_______/___/
        \   \   \   \      /   /
         \   \___\___\    /   /
         /   /        \   \   \
        /   /   _______\   \   \
        \   \  /        \  /   /
         \___\/          \/___/

solution 6:
0,4,1 1,4,0 1,4,1 2,3,1 2,4,0 3,3,0 C6
0,5,0 0,5,1 1,5,0 1,5,1 2,4,1 2,5,0 j6
0,8,1 0,9,0 0,9,1 1,8,1 1,9,0 2,8,0 G6
1,7,0 1,7,1 1,8,0 2,7,0 2,7,1 3,7,0 p6
1,6,0 1,6,1 2,6,0 2,6,1 3,6,0 3,6,1 I6
2,5,1 3,4,0 3,4,1 3,5,0 3,5,1 4,4,0 X6
2,8,1 3,7,1 3,8,0 3,8,1 4,7,0 4,7,1 F6
4,6,0 4,6,1 5,5,1 5,6,0 5,6,1 6,5,0 H6
4,8,0 4,8,1 4,9,0 4,9,1 5,8,1 5,9,0 g6
5,7,0 5,7,1 5,8,0 6,6,0 6,6,1 6,7,0 f6
3,3,1 4,3,0 4,3,1 5,3,0 5,3,1 6,3,0 i6
3,2,1 4,0,1 4,1,0 4,1,1 4,2,0 5,0,0 S6
4,2,1 5,0,1 5,1,0 5,1,1 5,2,0 5,2,1 P6
6,1,0 6,1,1 6,2,0 6,2,1 7,1,0 7,1,1 V6
8,0,1 8,1,0 8,1,1 9,0,0 9,0,1 9,1,0 O6
7,4,1 8,4,0 8,4,1 9,4,0 9,4,1 9,5,0 J6
6,5,1 7,5,0 7,5,1 7,6,0 8,5,0 8,5,1 E6
6,3,1 6,4,0 6,4,1 7,2,0 7,2,1 7,3,0 s6
7,3,1 7,4,0 8,2,0 8,2,1 8,3,0 8,3,1 h6

          ____            ____
         /    \          /    \
        /      \________/      \
        \  /\   \      /   /\  /
         \/  \___\    /___/  \/
         /        \      /    \
        /__________\____/___   \
       /           /       /   /\
  ____/___________/___    /___/  \____
 /        \      /    \   \          /\
/_______   \    /      \___\________/  \
\       \  /    \      /   /\          /
 \____   \/______\____/   /  \________/
      \   \           \   \      /
       \___\___________\   \    /
        \   \      /   /   /   /
         \   \    /   /___/___/
         /   /   /       /    \
        /   /   /_______/      \
        \   \  /        \      /
         \___\/          \____/

solution 7:
0,4,1 1,4,0 1,4,1 2,3,1 2,4,0 3,3,0 C6
0,5,0 0,5,1 1,5,0 1,5,1 2,4,1 2,5,0 j6
0,8,1 0,9,0 0,9,1 1,8,0 1,8,1 1,9,0 O6
1,6,0 1,6,1 1,7,0 1,7,1 2,6,0 2,6,1 V6
2,5,1 3,4,0 3,4,1 3,5,0 3,5,1 4,4,0 X6
2,7,0 2,7,1 2,8,0 3,6,0 3,6,1 3,7,0 f6
2,8,1 3,7,1 3,8,0 3,8,1 4,7,0 4,7,1 F6
4,6,0 4,6,1 5,5,1 5,6,0 5,6,1 6,6,0 E6
4,8,0 4,8,1 4,9,0 4,9,1 5,8,1 5,9,0 g6
5,7,0 5,7,1 5,8,0 6,6,1 6,7,0 7,6,0 P6
7,4,0 7,4,1 8,4,0 8,4,1 9,4,0 9,4,1 I6
6,5,1 7,5,0 7,5,1 8,5,0 8,5,1 9,5,0 i6
6,3,1 6,4,0 6,4,1 6,5,0 7,3,0 7,3,1 G6
8,1,1 8,2,0 8,2,1 8,3,0 8,3,1 9,1,0 J6
7,1,0 7,1,1 8,0,1 8,1,0 9,0,0 9,0,1 S6
6,1,1 6,2,0 6,2,1 6,3,0 7,2,0 7,2,1 H6
4,0,1 5,0,0 5,0,1 5,1,0 5,1,1 6,1,0 s6
3,3,1 4,3,0 4,3,1 5,2,1 5,3,0 5,3,1 p6
3,2,1 4,1,0 4,1,1 4,2,0 4,2,1 5,2,0 h6

          ____            ____
         /    \          /    \
        /      \________/      \
        \      /\      /   /\  /
         \____/  \    /___/  \/
         /   /    \      /    \
        /   /___   \____/___   \
       /       /   /        \   \
  ____/_______/___/___    ___\___\____
 /        \      /    \  /\           \
/_______   \    /      \/  \___________\
\       \  /    \      /   /           /
 \____   \/______\____/   /___________/
      \   \          /\      /   /
       \___\____    /  \____/   /
        \       \  /       /   /
         \    ___\/   ____/   /
         /   /    \  /    \   \
        /___/   ___\/___   \___\
        \      /        \      /
         \____/          \____/

solution 8:
0,4,1 1,4,0 1,4,1 2,3,1 2,4,0 3,3,0 C6
0,5,0 0,5,1 1,5,0 1,5,1 2,4,1 2,5,0 j6
0,8,1 0,9,0 0,9,1 1,8,0 1,8,1 1,9,0 O6
1,6,0 1,6,1 1,7,0 1,7,1 2,6,0 2,7,0 f6
2,5,1 3,4,0 3,4,1 3,5,0 3,5,1 4,4,0 X6
2,6,1 3,6,0 3,6,1 4,6,0 4,6,1 5,6,0 i6
2,7,1 2,8,0 2,8,1 3,7,0 3,7,1 4,7,0 g6
3,8,0 3,8,1 4,7,1 4,8,0 4,8,1 4,9,0 H6
4,9,1 5,7,0 5,7,1 5,8,0 5,8,1 5,9,0 J6
6,6,1 6,7,0 7,5,0 7,5,1 7,6,0 8,5,0 p6
8,4,0 8,4,1 8,5,1 9,4,0 9,4,1 9,5,0 G6
5,5,1 5,6,1 6,4,1 6,5,0 6,5,1 6,6,0 F6
7,3,0 7,3,1 7,4,0 7,4,1 8,3,0 8,3,1 V6
6,1,1 6,2,0 6,2,1 6,3,0 6,3,1 6,4,0 I6
3,3,1 4,2,1 4,3,0 4,3,1 5,3,0 5,3,1 P6
3,2,1 4,0,1 4,1,0 4,1,1 4,2,0 5,0,0 S6
5,0,1 5,1,0 5,1,1 5,2,0 5,2,1 6,1,0 E6
7,1,0 7,1,1 7,2,0 7,2,1 8,0,1 8,1,0 h6
8,1,1 8,2,0 8,2,1 9,0,0 9,0,1 9,1,0 s6

          ____            ____
         /    \          /\   \
        /      \________/  \   \
        \      /   /       /   /
         \____/   /___    /   /
         /    \       \  /   /\
        /   ___\_______\/___/  \
       /    \           \   \   \
  ____/______\___________\   \   \____
 /        \      /    \      /    \   \
/_______   \    /      \    /______\   \
\       \  /    \      /\  /   /       /
 \____   \/______\____/  \/   /_______/
      \   \          /   /       /
       \___\    ____/   /_______/
        \   \  /   /   /   /   /
         \   \/   /   /   /   /
         /   /    \  /    \   \
        /   /   ___\/___   \   \
        \   \  /        \  /   /
         \___\/          \/___/

solution 9:
0,4,1 1,4,0 1,4,1 2,3,1 2,4,0 3,3,0 C6
0,5,0 0,5,1 1,5,0 1,5,1 2,4,1 2,5,0 j6
0,9,0 0,9,1 1,8,1 1,9,0 2,8,0 2,8,1 S6
0,8,1 1,7,0 1,7,1 1,8,0 2,7,0 2,7,1 H6
1,6,0 1,6,1 2,6,0 2,6,1 3,6,0 3,6,1 I6
2,5,1 3,4,0 3,4,1 3,5,0 3,5,1 4,4,0 X6
3,7,0 3,7,1 3,8,0 3,8,1 4,7,0 4,7,1 V6
4,6,0 4,6,1 5,5,1 5,6,0 5,6,1 6,6,0 E6
4,8,0 4,8,1 4,9,0 4,9,1 5,8,1 5,9,0 g6
5,7,0 5,7,1 5,8,0 6,6,1 6,7,0 7,6,0 P6
8,4,0 8,4,1 8,5,1 9,4,0 9,4,1 9,5,0 G6
6,4,1 6,5,0 6,5,1 7,5,0 7,5,1 8,5,0 J6
4,0,1 5,0,0 5,0,1 5,1,0 5,1,1 6,1,0 s6
3,2,1 4,1,0 4,1,1 4,2,0 4,2,1 5,2,0 h6
3,3,1 4,3,0 4,3,1 5,3,0 5,3,1 6,3,0 i6
6,3,1 6,4,0 7,2,0 7,2,1 7,3,0 8,2,0 p6
5,2,1 6,1,1 6,2,0 6,2,1 7,1,0 7,1,1 F6
7,3,1 7,4,0 7,4,1 8,2,1 8,3,0 8,3,1 f6
8,0,1 8,1,0 8,1,1 9,0,0 9,0,1 9,1,0 O6

          ____            ____
         /    \          /    \
        /___   \________/      \
        \   \      /   /   /\  /
         \   \____/   /___/  \/
         /       /       /    \
        /_______/_______/___   \
       /           /        \   \
  ____/___________/___    ___\___\____
 /        \      /    \  /        \   \
/_______   \    /      \/   _______\   \
\       \  /    \      /\  /   /       /
 \____   \/______\____/  \/   /_______/
      \   \           \   \      /
       \___\___________\   \    /
        \       \      /    \  /
         \    ___\    /______\/
         /   /    \      /    \
        /___/   ___\____/      \
        \      /        \      /
         \____/          \____/

solution 10:
0,4,1 1,4,0 1,4,1 2,3,1 2,4,0 3,3,0 C6
0,5,0 0,5,1 1,5,0 1,5,1 2,4,1 2,5,0 j6
0,8,1 0,9,0 0,9,1 1,7,1 1,8,0 1,9,0 g6
1,6,0 1,6,1 1,7,0 2,5,1 2,6,0 2,6,1 X6
1,8,1 2,7,0 2,7,1 2,8,0 2,8,1 3,8,0 h6
3,3,1 3,4,0 3,4,1 3,5,0 3,5,1 4,4,0 E6
3,6,0 3,6,1 3,7,0 3,7,1 4,6,0 4,7,0 f6
3,8,1 4,8,0 4,8,1 4,9,0 4,9,1 5,9,0 s6
4,7,1 5,6,1 5,7,0 5,7,1 5,8,0 5,8,1 p6
4,6,1 5,5,1 5,6,0 6,5,0 6,5,1 6,6,0 G6
6,6,1 6,7,0 7,5,1 7,6,0 8,5,0 8,5,1 J6
8,3,1 8,4,0 8,4,1 9,4,0 9,4,1 9,5,0 S6
5,0,0 5,0,1 5,1,0 5,1,1 5,2,0 5,2,1 i6
3,2,1 4,0,1 4,1,0 4,1,1 4,2,0 4,2,1 P6
4,3,0 4,3,1 5,3,0 5,3,1 6,3,0 6,3,1 I6
6,1,0 6,1,1 6,2,0 6,2,1 7,1,0 7,1,1 V6
8,0,1 8,1,0 8,1,1 9,0,0 9,0,1 9,1,0 O6
7,2,0 7,2,1 7,3,0 8,2,0 8,2,1 8,3,0 F6
6,4,0 6,4,1 7,3,1 7,4,0 7,4,1 7,5,0 H6

          ____            ____
         /    \          /    \
        /   ___\________/   ___\
        \   \       \      /   /
         \   \    ___\____/   /
         /\  /   /    \      /\
        /  \/___/   ___\    /  \
       /       /    \   \  /\   \
  ____/___    /______\   \/  \   \____
 /        \  /   /    \      /\      /\
/_______   \/   /      \____/  \____/  \
\       \  /    \      /       /       /
 \____   \/   ___\____/___    /   ____/
      \   \  /           /\  /\  /
       \___\/___________/  \/  \/
        \      /   /   /       /
         \    /   /   /_______/
         /   /   /       /    \
        /   /   /_______/      \
        \  /   /        \      /
         \/___/          \____/

...

solution 137:
0,4,1 0,5,0 1,4,0 1,4,1 2,3,1 2,4,0 s6
0,5,1 1,5,0 1,5,1 1,6,0 2,4,1 2,5,0 h6
0,8,1 0,9,0 0,9,1 1,8,0 1,8,1 1,9,0 O6
3,2,1 4,0,1 4,1,0 4,1,1 4,2,0 5,0,0 S6
5,0,1 5,1,0 5,1,1 6,1,0 6,1,1 7,1,0 J6
7,1,1 7,2,0 7,2,1 8,0,1 8,1,0 9,0,0 j6
8,1,1 8,2,0 8,2,1 8,3,0 9,0,1 9,1,0 C6
7,5,1 8,5,0 8,5,1 9,4,0 9,4,1 9,5,0 g6
6,5,1 7,4,1 7,5,0 8,3,1 8,4,0 8,4,1 P6
5,6,1 5,7,0 6,6,0 6,6,1 6,7,0 7,6,0 f6
4,9,0 4,9,1 5,7,1 5,8,0 5,8,1 5,9,0 G6
2,8,1 3,8,0 3,8,1 4,7,1 4,8,0 4,8,1 p6
5,2,0 5,2,1 5,3,0 5,3,1 6,2,0 6,2,1 V6
6,3,0 6,3,1 6,4,0 7,3,0 7,3,1 7,4,0 F6
4,6,1 4,7,0 5,5,1 5,6,0 6,4,1 6,5,0 i6
3,3,0 3,3,1 3,4,0 4,2,1 4,3,0 4,3,1 X6
1,6,1 2,5,1 2,6,0 3,4,1 3,5,0 4,4,0 I6
3,5,1 3,6,0 3,6,1 3,7,0 3,7,1 4,6,0 E6
1,7,0 1,7,1 2,6,1 2,7,0 2,7,1 2,8,0 H6

          ____            ____
         /    \          /    \
        /      \________/___   \
        \      /\          /   /
         \____/  \____    /   /
         /       /   /\  /\  /\
        /___    /   /  \/  \/  \
       /\   \  /    \   \       \
  ____/  \   \/   ___\   \_______\____
 /\       \   \  /    \   \   \       \
/  \____   \   \/      \   \   \____   \
\       \  /\   \      /\  /\      /   /
 \____   \/  \___\____/  \/  \    /___/
      \  /       /   /       /\  /
       \/___    /   /_______/  \/
        \   \  /       /   /   /
         \   \/_______/   /   /
         /   /        \   \   \
        /   /   _______\   \   \
        \   \  /        \   \  /
         \___\/          \___\/

137 solutions, 6,711,092 searches, duration 0:24:57.955024
