solving OneSidedHexiamondsBumpyTriangle:

solution 1 (3,801 searches):
1,6,0 1,6,1 2,6,0 2,6,1 3,6,0 3,6,1 I6
1,5,1 2,4,1 2,5,0 3,4,0 3,4,1 4,4,0 C6
2,5,1 3,5,0 3,5,1 4,5,0 4,5,1 4,6,0 J6
2,3,1 2,4,0 3,2,0 3,2,1 3,3,0 3,3,1 h6
3,1,1 4,0,1 4,1,0 4,1,1 5,0,0 5,0,1 F6
5,1,0 5,1,1 5,2,0 6,0,0 6,0,1 6,1,0 f6
4,2,0 4,2,1 4,3,0 4,3,1 5,2,1 5,3,0 g6
6,1,1 6,2,0 6,2,1 6,3,0 7,1,0 7,1,1 G6
4,4,1 5,3,1 5,4,0 5,4,1 6,4,0 6,4,1 P6
6,3,1 7,2,0 7,2,1 7,3,0 7,3,1 8,2,0 X6
8,2,1 8,3,0 8,3,1 9,3,0 9,3,1 9,4,0 S6
7,6,1 8,5,0 8,5,1 8,6,0 9,4,1 9,5,0 E6
7,4,0 7,4,1 7,5,0 7,5,1 8,4,0 8,4,1 V6
6,5,0 6,5,1 6,6,0 6,6,1 6,7,0 7,6,0 p6
5,5,0 5,5,1 5,6,0 5,6,1 5,7,0 5,7,1 i6
2,7,0 2,7,1 3,7,0 3,7,1 4,6,1 4,7,0 j6
2,8,1 2,9,0 3,8,0 3,8,1 4,7,1 4,8,0 s6
0,7,1 0,8,0 0,8,1 1,7,0 1,7,1 1,8,0 O6
0,9,0 0,9,1 1,8,1 1,9,0 1,9,1 2,8,0 H6

    ________
   /       /\
  /___    /  \____
 /    \   \       \
/      \___\____   \____
\      /        \  /   /\
 \____/_______   \/   /  \____
 /           /\  /   /    \   \
/___________/  \/   /   ___\   \
\   \          /   /   /   /    \
 \   \________/___/___/   /___   \
 /\       \          /       /\  /
/  \_______\    ____/_______/  \/
\      /    \  /\      /       /
 \    /      \/  \    /   ____/
 /   /   /\  /   /    \  /
/___/___/  \/   /______\/
\      /    \      /
 \    /___   \____/
  \      /   /
   \____/___/

solution 2 (3,832 searches):
1,6,0 1,6,1 2,6,0 2,6,1 3,6,0 3,6,1 I6
1,5,1 2,4,1 2,5,0 3,4,0 3,4,1 4,4,0 C6
2,5,1 3,5,0 3,5,1 4,5,0 4,5,1 4,6,0 J6
2,3,1 2,4,0 3,2,0 3,2,1 3,3,0 3,3,1 h6
3,1,1 4,0,1 4,1,0 4,1,1 5,0,0 5,0,1 F6
5,1,0 5,1,1 5,2,0 6,0,0 6,0,1 6,1,0 f6
4,2,0 4,2,1 4,3,0 4,3,1 5,2,1 5,3,0 g6
6,1,1 6,2,0 6,2,1 6,3,0 7,1,0 7,1,1 G6
4,4,1 5,3,1 5,4,0 5,4,1 5,5,0 6,4,0 X6
6,3,1 7,2,0 7,2,1 7,3,0 7,3,1 7,4,0 E6
8,2,0 8,2,1 8,3,0 8,3,1 8,4,0 9,3,0 p6
8,4,1 8,5,0 9,3,1 9,4,0 9,4,1 9,5,0 V6
6,6,1 6,7,0 7,6,0 7,6,1 8,5,1 8,6,0 s6
5,6,1 6,5,1 6,6,0 7,4,1 7,5,0 7,5,1 P6
4,6,1 4,7,0 5,5,1 5,6,0 6,4,1 6,5,0 i6
3,8,0 3,8,1 4,7,1 4,8,0 5,7,0 5,7,1 S6
1,8,1 2,7,0 2,7,1 2,8,0 3,7,0 3,7,1 H6
0,7,1 0,8,0 0,8,1 1,7,0 1,7,1 1,8,0 O6
0,9,0 0,9,1 1,9,0 1,9,1 2,8,1 2,9,0 j6

    ________
   /        \
  /_______   \____
 /    \   \  /    \
/      \   \/___   \____
\      /       /\      /\
 \____/_______/  \____/  \____
 /           /\   \   \       \
/___________/  \   \   \____   \
\   \          /\   \      /\  /\
 \   \________/  \   \    /  \/  \
 /\       \       \  /\  /\      /
/  \_______\    ___\/  \/  \    /
\      /    \  /\      /    \  /
 \    /      \/  \    /   ___\/
 /   /   /\  /   /   /   /
/___/___/  \/   /___/___/
\      /    \      /
 \    /___   \____/
  \      /   /
   \____/___/

solution 3 (4,514 searches):
1,6,0 1,6,1 2,6,0 2,6,1 3,6,0 3,6,1 I6
1,5,1 2,4,1 2,5,0 3,4,0 3,4,1 4,4,0 C6
2,5,1 3,5,0 3,5,1 4,5,0 4,5,1 4,6,0 J6
2,3,1 2,4,0 3,2,0 3,2,1 3,3,0 3,3,1 h6
3,1,1 4,0,1 4,1,0 4,1,1 5,0,0 5,0,1 F6
5,1,0 5,1,1 5,2,0 6,0,0 6,0,1 6,1,0 f6
4,2,0 4,2,1 4,3,0 4,3,1 5,2,1 5,3,0 g6
6,1,1 6,2,0 6,2,1 7,1,0 7,1,1 7,2,0 O6
4,4,1 5,3,1 5,4,0 5,4,1 6,4,0 6,4,1 P6
6,3,0 6,3,1 7,2,1 7,3,0 7,3,1 8,2,0 H6
8,2,1 8,3,0 8,3,1 9,3,0 9,3,1 9,4,0 S6
7,6,1 8,5,0 8,5,1 8,6,0 9,4,1 9,5,0 E6
7,4,0 7,4,1 7,5,0 7,5,1 8,4,0 8,4,1 V6
6,5,0 6,5,1 6,6,0 6,6,1 6,7,0 7,6,0 p6
5,5,0 5,5,1 5,6,0 5,6,1 5,7,0 5,7,1 i6
2,7,0 2,7,1 3,7,0 3,7,1 4,6,1 4,7,0 j6
2,8,1 2,9,0 3,8,0 3,8,1 4,7,1 4,8,0 s6
0,7,1 0,8,0 0,8,1 0,9,0 1,7,0 1,7,1 G6
0,9,1 1,8,0 1,8,1 1,9,0 1,9,1 2,8,0 X6

    ________
   /\      /\
  /  \    /  \____
 /   /    \       \
/   /______\____   \____
\      /        \  /   /\
 \____/_______   \/   /  \____
 /           /\  /   /    \   \
/___________/  \/   /   ___\   \
\   \          /   /   /   /    \
 \   \________/___/___/   /___   \
 /\       \          /       /\  /
/  \_______\    ____/_______/  \/
\      /    \  /       /       /
 \    /      \/___    /   ____/
 /   /   /\  /    \   \  /
/___/___/  \/      \___\/
\      /    \      /
 \    /___   \____/
  \      /   /
   \____/___/

solution 4 (5,100 searches):
1,6,0 1,6,1 2,6,0 2,6,1 3,6,0 3,6,1 I6
1,5,1 2,4,1 2,5,0 3,4,0 3,4,1 4,4,0 C6
2,5,1 3,5,0 3,5,1 4,5,0 4,5,1 4,6,0 J6
2,3,1 2,4,0 3,2,0 3,2,1 3,3,0 3,3,1 h6
3,1,1 4,0,1 4,1,0 4,1,1 5,0,0 5,0,1 F6
5,1,0 5,1,1 5,2,0 6,0,0 6,0,1 6,1,0 f6
4,2,0 4,2,1 4,3,0 4,3,1 5,2,1 5,3,0 g6
6,1,1 6,2,0 6,2,1 7,1,0 7,1,1 7,2,0 O6
4,4,1 5,3,1 5,4,0 5,4,1 5,5,0 6,4,0 X6
6,3,0 6,3,1 7,2,1 7,3,0 7,3,1 7,4,0 H6
8,2,0 8,2,1 8,3,0 8,3,1 8,4,0 9,3,0 p6
8,4,1 8,5,0 9,3,1 9,4,0 9,4,1 9,5,0 V6
6,6,1 6,7,0 7,6,0 7,6,1 8,5,1 8,6,0 s6
5,6,1 6,5,1 6,6,0 7,4,1 7,5,0 7,5,1 P6
4,6,1 4,7,0 5,5,1 5,6,0 6,4,1 6,5,0 i6
3,8,0 3,8,1 4,7,1 4,8,0 5,7,0 5,7,1 S6
1,7,1 2,7,0 2,7,1 2,8,0 3,7,0 3,7,1 E6
0,7,1 0,8,0 0,8,1 1,7,0 1,8,0 1,8,1 G6
0,9,0 0,9,1 1,9,0 1,9,1 2,8,1 2,9,0 j6

    ________
   /        \
  /_______   \____
 /       /\  /    \
/   ____/  \/___   \____
\   \          /\      /\
 \___\________/  \____/  \____
 /           /\   \   \       \
/___________/  \   \   \____   \
\   \          /\   \      /\  /\
 \   \________/  \   \    /  \/  \
 /\       \       \  /\  /\      /
/  \_______\    ___\/  \/  \    /
\      /    \  /       /    \  /
 \    /      \/___    /   ___\/
 /   /   /\  /    \  /   /
/___/___/  \/      \/___/
\      /    \      /
 \    /___   \____/
  \      /   /
   \____/___/

solution 5 (16,044 searches):
1,6,0 1,6,1 2,6,0 2,6,1 3,6,0 3,6,1 I6
1,5,1 2,4,1 2,5,0 3,4,0 3,4,1 4,4,0 C6
2,5,1 3,5,0 3,5,1 4,5,0 4,5,1 4,6,0 J6
2,3,1 2,4,0 3,2,0 3,2,1 3,3,0 3,3,1 h6
3,1,1 4,0,1 4,1,0 4,1,1 4,2,0 5,0,0 H6
5,0,1 5,1,0 5,1,1 6,0,0 6,0,1 6,1,0 O6
4,2,1 4,3,0 4,3,1 5,2,0 5,2,1 6,2,0 g6
6,1,1 7,1,0 7,1,1 7,2,0 7,2,1 8,2,0 s6
5,3,0 5,3,1 6,2,1 6,3,0 6,3,1 7,3,0 E6
4,4,1 5,4,0 5,4,1 6,4,0 6,4,1 7,4,0 i6
7,3,1 8,2,1 8,3,0 8,3,1 9,3,0 9,3,1 P6
4,6,1 4,7,0 5,5,0 5,5,1 5,6,0 6,5,0 p6
3,8,0 3,8,1 4,7,1 4,8,0 5,7,0 5,7,1 S6
2,7,1 2,8,0 2,8,1 2,9,0 3,7,0 3,7,1 G6
0,8,1 0,9,0 0,9,1 1,8,1 1,9,0 1,9,1 F6
0,7,1 0,8,0 1,7,0 1,7,1 1,8,0 2,7,0 f6
5,6,1 6,5,1 6,6,0 6,6,1 6,7,0 7,6,0 X6
7,5,1 7,6,1 8,5,0 8,5,1 8,6,0 9,5,0 V6
7,4,1 7,5,0 8,4,0 8,4,1 9,4,0 9,4,1 j6

    ________
   /       /\
  /       /  \____
 /\  /\  /   /    \
/  \/  \/   /___   \____
\       \      /\      /\
 \_______\____/  \____/  \____
 /           /\   \       \   \
/___________/  \   \    ___\   \
\   \          /    \  /\       \
 \   \________/______\/  \_______\
 /\       \           \          /
/  \_______\___________\________/
\      /   /        \          /
 \    /   /___    ___\    ____/
 /   /\       \  /    \  /
/___/  \_______\/   ___\/
\      /    \      /
 \    /      \____/
  \   \      /
   \___\____/

solution 6 (18,886 searches):
1,6,0 1,6,1 2,6,0 2,6,1 3,6,0 3,6,1 I6
1,5,1 2,4,1 2,5,0 3,4,0 3,4,1 4,4,0 C6
2,5,1 3,5,0 3,5,1 4,5,0 4,5,1 4,6,0 J6
2,3,1 2,4,0 3,2,0 3,2,1 3,3,0 3,3,1 h6
3,1,1 4,0,1 4,1,0 4,1,1 4,2,0 5,0,0 H6
5,0,1 5,1,0 6,0,0 6,0,1 6,1,0 6,1,1 g6
7,1,0 7,1,1 7,2,0 7,2,1 7,3,0 8,2,0 p6
4,2,1 4,3,0 4,3,1 5,1,1 5,2,0 5,2,1 f6
5,3,0 5,3,1 6,2,0 6,2,1 6,3,0 6,3,1 V6
4,4,1 5,4,0 5,4,1 6,4,0 6,4,1 7,4,0 i6
7,3,1 7,4,1 8,2,1 8,3,0 8,3,1 8,4,0 F6
8,4,1 9,3,0 9,3,1 9,4,0 9,4,1 9,5,0 E6
5,5,0 5,5,1 5,6,0 5,6,1 5,7,0 6,5,0 P6
5,7,1 6,5,1 6,6,0 6,6,1 6,7,0 7,5,0 S6
7,5,1 7,6,0 7,6,1 8,5,0 8,5,1 8,6,0 O6
2,7,0 2,7,1 3,7,0 3,7,1 4,6,1 4,7,0 j6
2,8,1 2,9,0 3,8,0 3,8,1 4,7,1 4,8,0 s6
0,7,1 0,8,0 0,8,1 0,9,0 1,7,0 1,7,1 G6
0,9,1 1,8,0 1,8,1 1,9,0 1,9,1 2,8,0 X6

    ________
   /\      /\
  /  \    /  \____
 /   /    \       \
/   /______\____   \____
\      /        \  /\   \
 \____/_______   \/  \   \____
 /           /\  /   /   /    \
/___________/  \/   /   /      \
\   \          /    \   \      /\
 \   \________/______\___\____/  \
 /\       \           \   \      /
/  \_______\___________\   \    /
\      /   /       /\      /   /
 \    /   /___    /  \    /___/
 /   /\      /   /    \  /
/___/  \    /___/   ___\/
\      /\  /   /   /
 \    /  \/   /___/
  \   \      /
   \___\____/

solution 7 (22,837 searches):
1,6,0 1,6,1 2,6,0 2,6,1 3,6,0 3,6,1 I6
1,5,1 2,4,1 2,5,0 3,4,0 3,4,1 4,4,0 C6
2,5,1 3,5,0 3,5,1 4,5,0 4,5,1 4,6,0 J6
2,3,1 2,4,0 3,2,0 3,2,1 3,3,0 3,3,1 h6
3,1,1 4,0,1 4,1,0 4,1,1 5,0,0 5,1,0 V6
5,0,1 6,0,0 6,0,1 6,1,0 6,1,1 7,1,0 s6
4,2,0 4,2,1 4,3,0 5,1,1 5,2,0 5,2,1 X6
4,3,1 5,3,0 5,3,1 6,2,0 6,2,1 6,3,0 g6
4,4,1 5,4,0 5,4,1 6,3,1 6,4,0 6,4,1 p6
7,1,1 7,2,0 7,2,1 8,2,0 8,2,1 8,3,0 S6
7,3,0 7,3,1 7,4,0 7,4,1 7,5,0 7,5,1 i6
5,5,0 5,5,1 5,6,0 5,6,1 5,7,0 6,5,0 P6
5,7,1 6,5,1 6,6,0 6,6,1 6,7,0 7,6,0 H6
7,6,1 8,5,1 8,6,0 9,4,0 9,4,1 9,5,0 j6
8,3,1 8,4,0 8,4,1 8,5,0 9,3,0 9,3,1 G6
3,7,1 3,8,1 4,6,1 4,7,0 4,7,1 4,8,0 F6
2,7,0 2,7,1 2,8,0 2,8,1 3,7,0 3,8,0 f6
0,9,0 0,9,1 1,8,1 1,9,0 1,9,1 2,9,0 E6
0,7,1 0,8,0 0,8,1 1,7,0 1,7,1 1,8,0 O6

    ________
   /        \
  /___    ___\____
 /    \  /    \   \
/      \/   ___\   \____
\      /    \      /\   \
 \____/______\    /  \   \____
 /           /\  /   /    \   \
/___________/  \/   /   ___\   \
\   \          /    \  /   /\   \
 \   \________/______\/   /  \   \
 /\       \          /   /   /   /
/  \_______\____    /   /   /___/
\      /\       \  /   /\      /
 \    /  \____   \/___/  \____/
 /   /       /   /       /
/___/___    /___/   ____/
\       \  /    \  /
 \    ___\/   ___\/
  \   \      /
   \___\____/

solution 8 (25,344 searches):
1,6,0 1,6,1 2,6,0 2,6,1 3,6,0 3,6,1 I6
1,5,1 2,4,1 2,5,0 3,4,0 3,4,1 4,4,0 C6
2,5,1 3,5,0 3,5,1 4,5,0 4,5,1 4,6,0 J6
2,3,1 2,4,0 3,2,0 3,2,1 3,3,0 3,3,1 h6
3,1,1 4,0,1 4,1,0 4,1,1 4,2,0 5,1,0 X6
5,0,0 5,0,1 5,1,1 6,0,0 6,0,1 6,1,0 G6
4,2,1 4,3,0 4,3,1 5,2,0 5,2,1 6,2,0 g6
6,1,1 6,2,1 7,1,0 7,1,1 7,2,0 7,2,1 f6
8,2,0 8,2,1 8,3,0 8,3,1 8,4,0 9,3,0 p6
8,4,1 8,5,0 9,3,1 9,4,0 9,4,1 9,5,0 V6
6,6,1 6,7,0 7,6,0 7,6,1 8,5,1 8,6,0 s6
4,4,1 5,3,0 5,3,1 5,4,0 5,4,1 5,5,0 E6
6,3,0 6,3,1 6,4,0 7,3,0 7,3,1 7,4,0 F6
5,6,1 6,5,1 6,6,0 7,4,1 7,5,0 7,5,1 P6
4,6,1 4,7,0 5,5,1 5,6,0 6,4,1 6,5,0 i6
3,8,0 3,8,1 4,7,1 4,8,0 5,7,0 5,7,1 S6
1,8,1 2,7,0 2,7,1 2,8,0 3,7,0 3,7,1 H6
0,7,1 0,8,0 0,8,1 1,7,0 1,7,1 1,8,0 O6
0,9,0 0,9,1 1,9,0 1,9,1 2,8,1 2,9,0 j6

    ________
   /        \
  /_______   \____
 /    \   \  /    \
/      \   \/___   \____
\      /       /\      /\
 \____/_______/  \____/  \____
 /           /\   \   \       \
/___________/  \   \   \____   \
\   \          /\   \      /\  /\
 \   \________/  \   \    /  \/  \
 /\       \      /\  /\  /\      /
/  \_______\    /  \/  \/  \    /
\      /   /   /       /    \  /
 \    /   /___/_______/   ___\/
 /   /\       \      /   /
/___/  \_______\    /___/
\       \   \      /
 \    ___\   \____/
  \  /       /
   \/_______/

solution 9 (26,380 searches):
1,6,0 1,6,1 2,6,0 2,6,1 3,6,0 3,6,1 I6
1,5,1 2,4,1 2,5,0 3,4,0 3,4,1 4,4,0 C6
2,5,1 3,5,0 3,5,1 4,5,0 4,5,1 4,6,0 J6
2,3,1 2,4,0 3,2,0 3,2,1 3,3,0 3,3,1 h6
3,1,1 4,0,1 4,1,0 4,1,1 4,2,0 5,1,0 X6
5,0,0 5,0,1 5,1,1 6,0,0 6,0,1 6,1,0 G6
4,2,1 4,3,0 5,2,0 5,2,1 6,2,0 6,2,1 j6
6,1,1 7,1,0 7,1,1 7,2,0 7,2,1 8,2,0 s6
4,3,1 4,4,1 5,3,0 5,3,1 5,4,0 6,3,0 V6
0,7,1 0,8,0 0,8,1 1,7,0 1,7,1 1,8,0 O6
0,9,0 0,9,1 1,8,1 1,9,0 1,9,1 2,9,0 E6
2,7,0 2,7,1 2,8,0 2,8,1 3,7,0 3,8,0 f6
3,7,1 3,8,1 4,6,1 4,7,0 4,7,1 4,8,0 F6
5,5,0 5,5,1 5,6,0 5,6,1 5,7,0 5,7,1 i6
5,4,1 6,3,1 6,4,0 6,4,1 6,5,0 7,3,0 H6
6,6,0 6,6,1 6,7,0 7,6,0 7,6,1 8,6,0 p6
8,2,1 8,3,0 8,3,1 9,3,0 9,3,1 9,4,0 S6
6,5,1 7,3,1 7,4,0 7,4,1 7,5,0 7,5,1 P6
8,4,0 8,4,1 8,5,0 8,5,1 9,4,1 9,5,0 g6

    ________
   /        \
  /___    ___\____
 /    \  /    \   \
/      \/   ___\   \____
\      /    \      /   /\
 \____/______\    /   /  \____
 /           /\  /   /        \
/___________/  \/   /__________\
\   \          /   /\      /    \
 \   \________/___/  \    /      \
 /\       \   \      /   /   /\  /
/  \_______\   \    /   /___/  \/
\      /\       \   \  /       /
 \    /  \_______\___\/   ____/
 /   /\          /    \  /
/___/  \________/   ___\/
\       \   \      /
 \    ___\   \____/
  \  /       /
   \/_______/

solution 10 (40,237 searches):
1,6,0 1,6,1 2,6,0 2,6,1 3,6,0 3,6,1 I6
1,5,1 2,4,1 2,5,0 3,4,0 3,4,1 4,4,0 C6
2,5,1 3,5,0 3,5,1 4,5,0 4,5,1 4,6,0 J6
2,3,1 2,4,0 3,2,1 3,3,0 3,3,1 4,3,0 h6
3,1,1 3,2,0 4,0,1 4,1,0 4,1,1 5,0,0 E6
4,2,0 4,2,1 5,1,0 5,1,1 5,2,0 5,2,1 V6
5,0,1 6,0,0 6,0,1 6,1,0 6,1,1 7,1,0 s6
4,3,1 5,3,0 5,3,1 6,2,0 6,2,1 6,3,0 g6
4,4,1 5,4,0 5,4,1 6,4,0 6,4,1 7,4,0 i6
6,3,1 7,1,1 7,2,0 7,2,1 7,3,0 8,2,0 H6
7,3,1 8,2,1 8,3,0 8,3,1 9,3,0 9,3,1 P6
4,6,1 4,7,0 5,5,0 5,5,1 5,6,0 6,5,0 p6
3,8,0 3,8,1 4,7,1 4,8,0 5,7,0 5,7,1 S6
2,7,1 2,8,0 2,8,1 2,9,0 3,7,0 3,7,1 G6
0,8,1 0,9,0 0,9,1 1,8,1 1,9,0 1,9,1 F6
0,7,1 0,8,0 1,7,0 1,7,1 1,8,0 2,7,0 f6
5,6,1 6,5,1 6,6,0 6,6,1 6,7,0 7,6,0 X6
7,6,1 8,5,1 8,6,0 9,4,0 9,4,1 9,5,0 j6
7,4,1 7,5,0 7,5,1 8,4,0 8,4,1 8,5,0 O6

    ________
   /       /\
  /       /  \____
 /\  /\  /   /    \
/  \/  \/   /___   \____
\       \      /\      /\
 \_______\____/  \____/  \____
 /           /\   \       \   \
/___________/  \   \    ___\   \
\   \          /    \  /    \   \
 \   \________/______\/      \   \
 /\       \           \      /   /
/  \_______\___________\____/___/
\       \       \   \          /
 \    ___\____   \   \    ____/
 /\  /       /   /    \  /
/  \/___    /___/   ___\/
\      /   /    \  /
 \    /___/   ___\/
  \   \      /
   \___\____/

...

solution 968743 (1,394,146,911 searches):
7,4,0 7,4,1 8,4,0 8,4,1 9,4,0 9,4,1 I6
7,3,1 8,2,1 8,3,0 8,3,1 9,3,0 9,3,1 P6
6,5,1 7,5,0 7,5,1 8,5,0 8,5,1 9,5,0 i6
6,6,0 6,6,1 6,7,0 7,6,0 7,6,1 8,6,0 p6
4,7,1 4,8,0 5,6,0 5,6,1 5,7,0 5,7,1 h6
6,1,1 7,1,0 7,1,1 7,2,0 7,2,1 8,2,0 s6
2,7,1 2,8,0 3,7,0 3,7,1 3,8,0 3,8,1 g6
0,9,1 1,8,1 1,9,0 1,9,1 2,8,1 2,9,0 f6
0,7,1 0,8,0 0,8,1 0,9,0 1,7,0 1,8,0 F6
3,6,0 3,6,1 4,5,1 4,6,0 4,6,1 4,7,0 H6
1,6,0 1,6,1 1,7,1 2,6,0 2,6,1 2,7,0 G6
1,5,1 2,4,0 2,4,1 2,5,0 2,5,1 3,4,0 X6
2,3,1 3,1,1 3,2,0 3,2,1 3,3,0 4,1,0 S6
4,0,1 4,1,1 5,0,0 5,0,1 5,1,0 6,0,0 V6
4,2,0 4,2,1 5,1,1 5,2,0 6,0,1 6,1,0 J6
3,3,1 4,3,0 4,3,1 5,2,1 5,3,0 6,2,0 C6
6,2,1 6,3,0 6,3,1 6,4,0 6,4,1 7,3,0 E6
3,4,1 3,5,0 3,5,1 4,4,0 4,4,1 4,5,0 O6
5,3,1 5,4,0 5,4,1 5,5,0 5,5,1 6,5,0 j6

    ________
   /\       \
  /  \       \____
 /    \  /\  /   /\
/   ___\/  \/   /  \____
\   \   \      /\      /\
 \___\   \____/  \    /  \____
 /       /       /   /        \
/_______/___    /___/__________\
\      /    \  /    \           \
 \    /      \/   ___\___________\
 /    \      /   /   /           /
/______\____/   /   /___________/
\   \       \  /    \          /
 \   \____   \/   ___\    ____/
 /   /    \   \  /    \  /
/   /___   \___\/   ___\/
\   \   \   \      /
 \___\   \   \____/
  \       \  /
   \_______\/

solution 968744 (1,394,147,120 searches):
7,4,0 7,4,1 8,4,0 8,4,1 9,4,0 9,4,1 I6
7,3,1 8,2,1 8,3,0 8,3,1 9,3,0 9,3,1 P6
6,5,1 7,5,0 7,5,1 8,5,0 8,5,1 9,5,0 i6
6,6,0 6,6,1 6,7,0 7,6,0 7,6,1 8,6,0 p6
4,7,1 4,8,0 5,6,0 5,6,1 5,7,0 5,7,1 h6
6,1,1 7,1,0 7,1,1 7,2,0 7,2,1 8,2,0 s6
2,7,1 2,8,0 3,7,0 3,7,1 3,8,0 3,8,1 g6
0,9,1 1,8,1 1,9,0 1,9,1 2,8,1 2,9,0 f6
0,7,1 0,8,0 0,8,1 0,9,0 1,7,0 1,8,0 F6
3,6,1 4,5,1 4,6,0 4,6,1 4,7,0 5,5,0 H6
5,5,1 6,3,1 6,4,0 6,4,1 6,5,0 7,3,0 S6
1,6,1 1,7,1 2,6,0 2,6,1 2,7,0 3,6,0 V6
1,5,1 1,6,0 2,5,0 2,5,1 3,5,0 3,5,1 j6
4,4,1 4,5,0 5,3,1 5,4,0 5,4,1 6,3,0 E6
5,1,0 5,1,1 5,2,0 5,2,1 6,2,0 6,2,1 C6
4,0,1 5,0,0 5,0,1 6,0,0 6,0,1 6,1,0 J6
3,3,1 4,2,1 4,3,0 4,3,1 4,4,0 5,3,0 X6
3,1,1 3,2,0 3,2,1 4,1,0 4,1,1 4,2,0 O6
2,3,1 2,4,0 2,4,1 3,3,0 3,4,0 3,4,1 G6

    ________
   /\       \
  /  \       \____
 /    \  /\  /   /\
/   ___\/  \/   /  \____
\   \   \      /\      /\
 \___\   \____/  \    /  \____
 /\       \      /   /        \
/  \_______\    /___/__________\
\          /\   \   \           \
 \________/  \___\   \___________\
 /       /\      /   /           /
/   ____/  \    /   /___________/
\   \       \   \   \          /
 \___\    ___\___\___\    ____/
 /    \  /       /    \  /
/      \/   ____/   ___\/
\      /   /\      /
 \____/___/  \____/
  \          /
   \________/

968,744 solutions, 1,394,149,092 searches, duration 2:23:21.748657
