solving OneSidedPolyiamonds12345SemiRegularHexagon4x2:

solution 1 (25 searches):
0,2,0 0,2,1 0,3,0 1,2,0 T4
0,1,1 1,1,0 D2
1,0,1 2,0,0 2,0,1 2,1,0 C4
1,1,1 T1
3,0,0 3,0,1 3,1,0 I3
4,0,0 4,0,1 5,0,0 5,0,1 I4
2,1,1 2,2,0 2,2,1 3,1,1 3,2,0 C5
1,2,1 1,3,0 1,3,1 2,3,0 2,3,1 L5
0,3,1 0,4,0 0,4,1 0,5,0 0,5,1 I5
1,4,0 1,4,1 1,5,0 1,5,1 2,4,0 p5
2,4,1 2,5,0 3,3,0 3,3,1 3,4,0 l5
4,2,1 4,3,0 5,1,1 5,2,0 i4
3,2,1 4,1,0 4,1,1 4,2,0 5,1,0 P5

        ________
       /   /   /\
      /   /   /  \
     /   /    \   \
    /   /______\   \
   /\  /       /   /\
  /  \/   ____/___/  \
 /    \  /    \   \   \
/______\/      \   \   \
\   \  /\  /\  /    \  /
 \___\/  \/  \/______\/
  \      /   /       /
   \____/___/_______/

solution 2 (62 searches):
0,2,0 0,2,1 0,3,0 1,2,0 T4
0,1,1 1,1,0 D2
1,0,1 2,0,0 2,0,1 2,1,0 C4
1,1,1 T1
3,0,0 3,0,1 3,1,0 I3
4,0,0 4,0,1 5,0,0 5,0,1 I4
2,1,1 2,2,0 2,2,1 3,1,1 3,2,0 C5
0,3,1 0,4,0 1,2,1 1,3,0 i4
0,4,1 0,5,0 0,5,1 1,5,0 1,5,1 L5
1,3,1 1,4,0 2,3,0 2,3,1 3,3,0 l5
1,4,1 2,4,0 2,4,1 2,5,0 3,4,0 p5
3,3,1 4,2,1 4,3,0 5,1,1 5,2,0 I5
3,2,1 4,1,0 4,1,1 4,2,0 5,1,0 P5

        ________
       /       /\
      /   ____/  \
     /\  /\       \
    /  \/  \_______\
   /\   \       \   \
  /  \   \_______\   \
 /    \  /    \   \   \
/______\/      \   \   \
\   \  /\  /\  /    \  /
 \___\/  \/  \/______\/
  \      /   /       /
   \____/___/_______/

solution 3 (109 searches):
0,2,0 0,2,1 0,3,0 1,2,0 T4
0,1,1 1,1,0 D2
1,0,1 2,0,0 2,0,1 2,1,0 C4
1,1,1 T1
3,0,0 3,0,1 3,1,0 I3
4,0,0 4,0,1 5,0,0 5,0,1 I4
2,1,1 2,2,0 2,2,1 3,1,1 3,2,0 C5
0,3,1 1,2,1 1,3,0 1,3,1 2,3,0 p5
0,4,0 0,4,1 0,5,0 1,4,0 1,4,1 P5
0,5,1 1,5,0 1,5,1 2,4,1 2,5,0 l5
2,3,1 2,4,0 3,2,1 3,3,0 4,2,0 I5
4,1,0 4,1,1 5,1,0 5,1,1 5,2,0 L5
3,3,1 3,4,0 4,2,1 4,3,0 i4

        ________
       /\       \
      /  \____   \
     /       /\  /\
    /_______/  \/  \
   /\       \   \   \
  /  \    ___\   \   \
 /    \  /    \   \  /\
/______\/      \___\/  \
\   \  /\  /\  /       /
 \___\/  \/  \/_______/
  \      /   /       /
   \____/___/_______/

solution 4 (127 searches):
0,2,0 0,2,1 0,3,0 1,2,0 T4
0,1,1 1,1,0 D2
1,0,1 2,0,0 2,0,1 2,1,0 C4
1,1,1 T1
3,0,0 3,0,1 3,1,0 I3
4,0,0 4,0,1 5,0,0 5,0,1 I4
2,1,1 2,2,0 2,2,1 3,1,1 3,2,0 C5
0,3,1 1,2,1 1,3,0 1,3,1 2,3,0 p5
0,4,0 0,4,1 0,5,0 0,5,1 1,5,0 l5
1,4,0 1,4,1 2,3,1 2,4,0 3,3,0 L5
1,5,1 2,4,1 2,5,0 3,3,1 3,4,0 I5
4,2,1 4,3,0 5,1,1 5,2,0 i4
3,2,1 4,1,0 4,1,1 4,2,0 5,1,0 P5

        ________
       /    \   \
      /   ___\   \
     /   /    \   \
    /___/___   \   \
   /\       \   \  /\
  /  \    ___\___\/  \
 /    \  /    \   \   \
/______\/      \   \   \
\   \  /\  /\  /    \  /
 \___\/  \/  \/______\/
  \      /   /       /
   \____/___/_______/

solution 5 (136 searches):
0,2,0 0,2,1 0,3,0 1,2,0 T4
0,1,1 1,1,0 D2
1,0,1 2,0,0 2,0,1 2,1,0 C4
1,1,1 T1
3,0,0 3,0,1 3,1,0 I3
4,0,0 4,0,1 5,0,0 5,0,1 I4
2,1,1 2,2,0 2,2,1 2,3,0 2,3,1 I5
0,3,1 1,2,1 1,3,0 1,3,1 1,4,0 P5
0,4,0 0,4,1 0,5,0 0,5,1 i4
1,4,1 1,5,0 1,5,1 2,4,0 2,5,0 C5
2,4,1 3,2,1 3,3,0 3,3,1 3,4,0 L5
3,1,1 3,2,0 4,1,0 4,1,1 5,1,0 l5
4,2,0 4,2,1 4,3,0 5,1,1 5,2,0 p5

        ________
       /   /    \
      /   /   ___\
     /   /\   \   \
    /___/  \___\   \
   /\      /   /   /\
  /  \    /   /   /  \
 /    \  /   /\  /    \
/______\/   /  \/___   \
\   \  /\  /\       \  /
 \___\/  \/  \_______\/
  \      /   /       /
   \____/___/_______/

solution 6 (212 searches):
0,2,0 0,2,1 0,3,0 1,2,0 T4
0,1,1 1,1,0 D2
1,0,1 2,0,0 2,0,1 2,1,0 C4
1,1,1 T1
3,0,0 3,0,1 3,1,0 I3
4,0,0 4,0,1 5,0,0 5,0,1 I4
0,3,1 1,2,1 1,3,0 2,1,1 2,2,0 I5
0,4,0 0,4,1 0,5,0 1,4,0 1,4,1 P5
0,5,1 1,5,0 1,5,1 2,4,1 2,5,0 l5
1,3,1 2,2,1 2,3,0 3,2,0 3,2,1 L5
2,3,1 2,4,0 3,3,0 3,3,1 3,4,0 C5
3,1,1 4,1,0 4,1,1 5,1,0 i4
4,2,0 4,2,1 4,3,0 5,1,1 5,2,0 p5

        ________
       /\       \
      /  \____   \
     /       /\  /\
    /_______/  \/  \
   /\   \   \      /\
  /  \   \   \____/  \
 /    \   \      /    \
/______\   \____/___   \
\   \  /\  /\       \  /
 \___\/  \/  \_______\/
  \      /   /       /
   \____/___/_______/

solution 7 (214 searches):
0,2,0 0,2,1 0,3,0 1,2,0 T4
0,1,1 1,1,0 D2
1,0,1 2,0,0 2,0,1 2,1,0 C4
1,1,1 T1
3,0,0 3,0,1 3,1,0 I3
4,0,0 4,0,1 5,0,0 5,0,1 I4
0,3,1 1,2,1 1,3,0 2,1,1 2,2,0 I5
0,4,0 0,4,1 0,5,0 1,4,0 1,4,1 P5
0,5,1 1,5,0 1,5,1 2,4,1 2,5,0 l5
1,3,1 2,2,1 2,3,0 3,2,0 3,2,1 L5
2,3,1 2,4,0 3,3,0 3,3,1 3,4,0 C5
3,1,1 4,1,0 4,1,1 4,2,0 5,1,0 p5
4,2,1 4,3,0 5,1,1 5,2,0 i4

        ________
       /\       \
      /  \____   \
     /       /\  /\
    /_______/  \/  \
   /\   \   \      /\
  /  \   \   \____/  \
 /    \   \      /\   \
/______\   \____/  \   \
\   \  /\  /\       \  /
 \___\/  \/  \_______\/
  \      /   /       /
   \____/___/_______/

solution 8 (313 searches):
0,2,0 0,2,1 0,3,0 1,2,0 T4
0,1,1 1,1,0 D2
1,0,1 2,0,0 2,0,1 2,1,0 C4
1,1,1 T1
3,0,0 3,0,1 3,1,0 I3
4,0,0 4,0,1 5,0,0 5,0,1 I4
0,3,1 1,2,1 1,3,0 2,1,1 2,2,0 I5
0,4,0 0,4,1 0,5,0 0,5,1 1,4,0 p5
1,3,1 2,2,1 2,3,0 2,3,1 2,4,0 P5
1,4,1 1,5,0 1,5,1 2,4,1 2,5,0 C5
3,2,1 3,3,0 3,3,1 3,4,0 4,2,0 L5
3,1,1 3,2,0 4,1,0 4,1,1 5,1,0 l5
4,2,1 4,3,0 5,1,1 5,2,0 i4

        ________
       /   /    \
      /   /      \
     /    \  /\  /\
    /______\/  \/  \
   /\   \      /   /\
  /  \   \    /   /  \
 /    \   \  /\   \   \
/______\   \/  \___\   \
\   \  /\  /\       \  /
 \___\/  \/  \_______\/
  \      /   /       /
   \____/___/_______/

solution 9 (366 searches):
0,2,0 0,2,1 0,3,0 1,2,0 T4
0,1,1 1,1,0 D2
1,0,1 2,0,0 2,0,1 2,1,0 C4
1,1,1 T1
3,0,0 3,0,1 3,1,0 I3
4,0,0 4,0,1 5,0,0 5,0,1 I4
2,1,1 2,2,0 2,2,1 3,2,0 3,2,1 L5
3,1,1 4,1,0 4,1,1 5,1,0 5,1,1 I5
3,3,1 4,2,0 4,2,1 4,3,0 5,2,0 P5
0,3,1 1,2,1 1,3,0 1,3,1 2,3,0 p5
2,3,1 2,4,0 2,4,1 3,3,0 3,4,0 C5
0,4,0 0,4,1 0,5,0 0,5,1 i4
1,4,0 1,4,1 1,5,0 1,5,1 2,5,0 l5

        ________
       /   /    \
      /   /   ___\
     /   /   /    \
    /___/___/   ___\
   /\       \   \   \
  /  \    ___\___\   \
 /    \  /       /    \
/______\/   ____/______\
\   \  /\  /\          /
 \___\/  \/  \________/
  \      /   /       /
   \____/___/_______/

solution 10 (378 searches):
0,2,0 0,2,1 0,3,0 1,2,0 T4
0,1,1 1,1,0 D2
1,0,1 2,0,0 2,0,1 2,1,0 C4
1,1,1 T1
3,0,0 3,0,1 3,1,0 I3
4,0,0 4,0,1 5,0,0 5,0,1 I4
2,1,1 2,2,0 2,2,1 3,2,0 3,2,1 L5
3,1,1 4,1,0 4,1,1 5,1,0 i4
4,2,0 4,2,1 4,3,0 5,1,1 5,2,0 p5
0,3,1 0,4,0 0,4,1 1,2,1 1,3,0 l5
0,5,0 0,5,1 1,4,0 1,4,1 1,5,0 C5
1,3,1 2,3,0 2,3,1 3,3,0 3,3,1 I5
1,5,1 2,4,0 2,4,1 2,5,0 3,4,0 P5

        ________
       /    \   \
      /___   \   \
     /   /   /    \
    /   /___/______\
   /\   \          /\
  /  \   \________/  \
 /    \  /       /    \
/______\/   ____/___   \
\   \  /\  /\       \  /
 \___\/  \/  \_______\/
  \      /   /       /
   \____/___/_______/

...

solution 56524163 (831,609,076 searches):
4,1,1 5,0,1 5,1,0 5,1,1 T4
3,0,1 4,0,0 4,0,1 4,1,0 5,0,0 p5
3,2,1 3,3,0 4,2,0 4,2,1 5,2,0 l5
4,3,0 T1
2,4,1 2,5,0 3,3,1 3,4,0 i4
0,4,1 0,5,0 0,5,1 1,5,0 1,5,1 L5
1,1,1 2,0,0 2,0,1 2,1,0 3,0,0 P5
1,0,1 1,1,0 D2
0,1,1 0,2,0 0,2,1 0,3,0 I4
0,3,1 0,4,0 1,3,0 1,3,1 1,4,0 C5
1,4,1 2,3,0 2,3,1 2,4,0 C4
1,2,0 1,2,1 2,2,0 2,2,1 3,2,0 I5
2,1,1 3,1,0 3,1,1 I3

        ________
       /       /\
      /   ____/  \
     /\  /\   \   \
    /  \/  \   \   \
   /\      /   /\  /\
  /  \____/___/  \/__\
 /   /        \       \
/   /__________\_______\
\  /\   \      /\      /
 \/  \   \____/  \    /
  \  /    \       \  /
   \/______\_______\/

solution 56524164 (831,609,103 searches):
4,1,1 5,0,1 5,1,0 5,1,1 T4
3,0,1 4,0,0 4,0,1 4,1,0 5,0,0 p5
3,2,1 3,3,0 4,2,0 4,2,1 5,2,0 l5
4,3,0 T1
2,4,1 2,5,0 3,3,1 3,4,0 i4
0,4,1 0,5,0 0,5,1 1,5,0 1,5,1 L5
1,1,1 2,0,0 2,0,1 2,1,0 3,0,0 P5
0,1,1 1,0,1 1,1,0 I3
0,2,0 0,2,1 0,3,0 0,3,1 0,4,0 I5
1,2,0 1,2,1 2,2,0 2,2,1 I4
1,3,0 1,3,1 D2
1,4,0 1,4,1 2,3,0 2,3,1 2,4,0 C5
2,1,1 3,1,0 3,1,1 3,2,0 C4

        ________
       /       /\
      /   ____/  \
     /\  /    \   \
    /  \/___   \   \
   /   /   /   /\  /\
  /   /___/___/  \/__\
 /   /       /\       \
/___/_______/  \_______\
\   \   \      /\      /
 \   \   \____/  \    /
  \  /    \       \  /
   \/______\_______\/

56,524,164 solutions, 831,609,106 searches, duration 11:52:32.595556
