solving OneSidedPolyiamonds123456Triangle8:

solution 1:
00,10,1 00,11,0 00,11,1 00,12,0 01,09,1 01,10,0 C6
01,10,1 01,11,0 D2
10,01,0 10,01,1 11,00,0 11,00,1 11,01,0 12,00,0 F6
09,00,1 09,01,0 10,00,0 10,00,1 C4
00,00,0 00,00,1 00,01,1 01,00,0 01,00,1 01,01,0 G6
00,01,0 T1
00,09,0 00,09,1 00,10,0 I3
02,08,1 02,09,0 02,09,1 02,10,0 I4
03,07,0 03,07,1 03,08,0 03,08,1 03,09,0 I5
04,05,1 04,06,0 04,06,1 04,07,0 04,07,1 04,08,0 I6
05,06,0 05,06,1 05,07,0 06,05,1 06,06,0 07,05,0 P6
08,02,0 08,02,1 09,01,1 09,02,0 09,02,1 10,02,0 E6
07,02,1 07,03,0 07,03,1 08,03,0 08,03,1 09,03,0 J6
06,04,1 06,05,0 07,04,0 07,04,1 08,04,0 l5
07,01,0 07,01,1 08,00,1 08,01,0 08,01,1 09,00,0 H6
06,00,1 06,01,0 06,01,1 07,00,0 07,00,1 08,00,0 g6
04,01,0 04,01,1 05,00,1 05,01,0 06,00,0 L5
03,00,1 04,00,0 04,00,1 05,00,0 i4
02,00,0 02,00,1 02,01,0 03,00,0 T4
00,07,1 00,08,0 00,08,1 01,08,0 01,08,1 01,09,0 S6
01,07,1 02,06,1 02,07,0 02,07,1 02,08,0 P5
00,06,1 00,07,0 01,06,0 01,06,1 01,07,0 C5
00,04,0 00,04,1 00,05,0 00,05,1 00,06,0 01,05,0 p6
03,05,1 03,06,0 03,06,1 04,04,0 04,04,1 04,05,0 s6
02,05,0 02,05,1 02,06,0 03,04,1 03,05,0 p5
05,03,1 05,04,0 05,04,1 05,05,0 06,03,1 06,04,0 V6
05,02,1 05,03,0 06,02,0 06,02,1 06,03,0 07,02,0 f6
00,02,0 00,02,1 00,03,0 01,01,1 01,02,0 01,02,1 X6
03,02,1 04,02,0 04,02,1 04,03,0 04,03,1 05,02,0 h6
00,03,1 01,03,0 01,03,1 02,03,0 02,03,1 03,03,0 i6
01,04,0 01,04,1 02,04,0 02,04,1 03,03,1 03,04,0 j6
02,01,1 02,02,0 02,02,1 03,01,0 03,01,1 03,02,0 O6

                         /\
                        /  \
                       /   /\
                      /   /  \
                     /\   \  /\
                    /  \   \/  \
                   /   /\  /   /\
                  /___/  \/   /  \
                 /       /\  /   /\
                /   ____/  \/   /  \
               /\  /\      /   /   /\
              /  \/  \    /___/   /  \
             /\      /\  /   /   /    \
            /  \____/  \/   /   /___   \
           /    \  /    \   \  /\  /\   \
          /   ___\/___   \   \/  \/  \___\
         /   /        \  /   /    \       \
        /___/_______   \/___/      \_______\
       /\           \  /   /\  /\  /        \
      /  \___________\/   /  \/  \/   _______\
     /       /    \       \       \  /        \
    /___    /      \_______\_______\/___    ___\
   /\   \  /\      /    \  /   /       /\  /    \
  /__\   \/  \____/___   \/   /___    /  \/___   \
 /       /    \       \   \       \   \      /    \
/_______/______\_______\___\_______\___\____/______\

solution 2:
00,10,1 00,11,0 00,11,1 00,12,0 01,09,1 01,10,0 C6
01,10,1 01,11,0 D2
10,01,0 10,01,1 11,00,0 11,00,1 11,01,0 12,00,0 F6
09,00,1 09,01,0 10,00,0 10,00,1 C4
00,00,0 00,00,1 00,01,1 01,00,0 01,00,1 01,01,0 G6
00,01,0 T1
00,09,0 00,09,1 00,10,0 I3
02,08,1 02,09,0 02,09,1 02,10,0 I4
03,07,0 03,07,1 03,08,0 03,08,1 03,09,0 I5
04,05,1 04,06,0 04,06,1 04,07,0 04,07,1 04,08,0 I6
05,06,0 05,06,1 05,07,0 06,05,1 06,06,0 07,05,0 P6
08,02,0 08,02,1 09,01,1 09,02,0 09,02,1 10,02,0 E6
07,02,1 07,03,0 07,03,1 08,03,0 08,03,1 09,03,0 J6
06,04,1 06,05,0 07,04,0 07,04,1 08,04,0 l5
07,01,0 07,01,1 08,00,1 08,01,0 08,01,1 09,00,0 H6
06,00,1 06,01,0 06,01,1 07,00,0 07,00,1 08,00,0 g6
04,01,0 04,01,1 05,00,1 05,01,0 06,00,0 L5
03,00,1 04,00,0 04,00,1 05,00,0 i4
02,00,0 02,00,1 02,01,0 03,00,0 T4
00,07,1 00,08,0 00,08,1 01,08,0 01,08,1 01,09,0 S6
01,07,1 02,06,1 02,07,0 02,07,1 02,08,0 P5
00,06,1 00,07,0 01,06,0 01,06,1 01,07,0 02,06,0 f6
00,05,1 00,06,0 01,04,1 01,05,0 02,03,1 02,04,0 i6
00,03,1 00,04,0 00,04,1 00,05,0 01,03,1 01,04,0 V6
00,02,0 00,02,1 00,03,0 01,01,1 01,02,0 p5
01,02,1 01,03,0 02,02,0 02,02,1 02,03,0 C5
02,01,1 03,01,0 03,01,1 03,02,0 03,02,1 03,03,0 j6
02,04,1 02,05,0 02,05,1 03,04,0 03,04,1 03,05,0 O6
03,05,1 03,06,0 03,06,1 04,04,0 04,04,1 04,05,0 s6
05,03,0 05,03,1 05,04,0 05,04,1 05,05,0 06,04,0 p6
03,03,1 04,02,0 04,02,1 04,03,0 04,03,1 05,02,0 X6
05,02,1 06,02,0 06,02,1 06,03,0 06,03,1 07,02,0 h6

                         /\
                        /  \
                       /   /\
                      /   /  \
                     /\   \  /\
                    /  \   \/  \
                   /   /\  /   /\
                  /___/  \/   /  \
                 /       /\  /   /\
                /   ____/  \/   /  \
               /\  /\      /   /   /\
              /  \/  \    /___/   /  \
             /\       \  /   /   /    \
            /  \_______\/   /   /___   \
           /\   \  /    \   \  /\  /\   \
          /  \   \/      \   \/  \/  \___\
         /    \   \      /   /    \       \
        /      \   \____/___/   ___\_______\
       /\  /\  /\  /\      /   /   /        \
      /  \/  \/  \/  \    /___/   /   _______\
     /    \      /   /    \       \  /        \
    /___   \____/   /______\_______\/___    ___\
   /\   \  /\      /    \  /   /       /\  /    \
  /__\   \/  \____/___   \/   /___    /  \/___   \
 /       /    \       \   \       \   \      /    \
/_______/______\_______\___\_______\___\____/______\

solution 3:
00,10,1 00,11,0 00,11,1 00,12,0 01,09,1 01,10,0 C6
01,10,1 01,11,0 D2
10,01,0 10,01,1 11,00,0 11,00,1 11,01,0 12,00,0 F6
09,00,1 09,01,0 10,00,0 10,00,1 C4
00,00,0 00,00,1 00,01,1 01,00,0 01,00,1 01,01,0 G6
00,01,0 T1
00,09,0 00,09,1 00,10,0 I3
02,08,1 02,09,0 02,09,1 02,10,0 I4
03,07,0 03,07,1 03,08,0 03,08,1 03,09,0 I5
04,05,1 04,06,0 04,06,1 04,07,0 04,07,1 04,08,0 I6
05,06,0 05,06,1 05,07,0 06,05,1 06,06,0 07,05,0 P6
08,02,0 08,02,1 09,01,1 09,02,0 09,02,1 10,02,0 E6
07,02,1 07,03,0 07,03,1 08,03,0 08,03,1 09,03,0 J6
06,04,1 06,05,0 07,04,0 07,04,1 08,04,0 l5
07,01,0 07,01,1 08,00,1 08,01,0 08,01,1 09,00,0 H6
06,00,1 06,01,0 06,01,1 07,00,0 07,00,1 08,00,0 g6
04,01,0 04,01,1 05,00,1 05,01,0 06,00,0 L5
03,00,1 04,00,0 04,00,1 05,00,0 i4
01,01,1 02,00,0 02,00,1 02,01,0 02,01,1 03,00,0 X6
00,02,0 00,02,1 00,03,0 01,02,0 T4
00,07,1 00,08,0 00,08,1 01,08,0 01,08,1 01,09,0 S6
01,07,1 02,06,1 02,07,0 02,07,1 02,08,0 P5
00,06,1 00,07,0 01,06,0 01,06,1 01,07,0 02,06,0 f6
00,04,1 00,05,0 00,05,1 00,06,0 01,04,1 01,05,0 V6
00,03,1 00,04,0 01,03,0 01,03,1 01,04,0 C5
05,03,0 05,03,1 05,04,0 05,04,1 05,05,0 06,04,0 p6
05,02,1 06,02,0 06,02,1 06,03,0 06,03,1 07,02,0 h6
03,01,0 03,01,1 03,02,0 03,02,1 03,03,0 03,03,1 i6
01,02,1 02,02,0 02,02,1 02,03,0 02,03,1 02,04,0 j6
04,02,0 04,02,1 04,03,0 04,03,1 05,02,0 p5
02,04,1 02,05,0 02,05,1 03,04,0 03,04,1 03,05,0 O6
03,05,1 03,06,0 03,06,1 04,04,0 04,04,1 04,05,0 s6

                         /\
                        /  \
                       /   /\
                      /   /  \
                     /\   \  /\
                    /  \   \/  \
                   /   /\  /   /\
                  /___/  \/   /  \
                 /       /\  /   /\
                /   ____/  \/   /  \
               /\  /\      /   /   /\
              /  \/  \    /___/   /  \
             /\       \  /   /   /    \
            /  \_______\/   /   /___   \
           /    \  /    \   \  /\  /\   \
          /      \/      \   \/  \/  \___\
         /\  /\  /\      /   /    \       \
        /  \/  \/  \____/___/   ___\_______\
       /\      /   /   /   /   /   /        \
      /  \____/   /   /   /___/   /   _______\
     /    \      /   /    \       \  /        \
    /______\____/   /______\_______\/___    ___\
   /\   \      /   /    \  /   /       /\  /    \
  /__\   \    /___/___   \/   /___    /  \/___   \
 /       /    \       \   \       \   \      /    \
/_______/______\_______\___\_______\___\____/______\

solution 4:
00,10,1 00,11,0 00,11,1 00,12,0 01,09,1 01,10,0 C6
01,10,1 01,11,0 D2
10,01,0 10,01,1 11,00,0 11,00,1 11,01,0 12,00,0 F6
09,00,1 09,01,0 10,00,0 10,00,1 C4
00,00,0 00,00,1 00,01,1 01,00,0 01,00,1 01,01,0 G6
00,01,0 T1
00,09,0 00,09,1 00,10,0 I3
02,08,1 02,09,0 02,09,1 02,10,0 I4
03,07,0 03,07,1 03,08,0 03,08,1 03,09,0 I5
04,05,1 04,06,0 04,06,1 04,07,0 04,07,1 04,08,0 I6
05,06,0 05,06,1 05,07,0 06,05,1 06,06,0 07,05,0 P6
08,02,0 08,02,1 09,01,1 09,02,0 09,02,1 10,02,0 E6
07,02,1 07,03,0 07,03,1 08,03,0 08,03,1 09,03,0 J6
06,04,1 06,05,0 07,04,0 07,04,1 08,04,0 l5
07,01,0 07,01,1 08,00,1 08,01,0 08,01,1 09,00,0 H6
06,00,1 06,01,0 06,01,1 07,00,0 07,00,1 08,00,0 g6
04,01,0 04,01,1 05,00,1 05,01,0 06,00,0 L5
03,00,1 04,00,0 04,00,1 05,00,0 i4
01,01,1 02,00,0 02,00,1 02,01,0 02,01,1 03,00,0 X6
00,02,0 00,02,1 00,03,0 00,03,1 01,02,0 01,02,1 V6
00,07,1 00,08,0 00,08,1 01,08,0 01,08,1 01,09,0 S6
01,07,1 02,06,1 02,07,0 02,07,1 02,08,0 P5
00,06,1 00,07,0 01,06,0 01,06,1 01,07,0 02,06,0 f6
00,05,0 00,05,1 00,06,0 01,05,0 T4
00,04,0 00,04,1 01,04,0 01,04,1 02,03,1 02,04,0 j6
01,03,0 01,03,1 02,02,0 02,02,1 02,03,0 C5
03,01,0 03,01,1 03,02,0 03,02,1 03,03,0 03,03,1 i6
02,04,1 02,05,0 02,05,1 03,04,0 03,04,1 03,05,0 O6
03,05,1 03,06,0 03,06,1 04,04,0 04,04,1 04,05,0 s6
04,02,0 04,02,1 04,03,0 04,03,1 05,02,0 p5
05,02,1 06,02,0 06,02,1 06,03,0 06,03,1 07,02,0 h6
05,03,0 05,03,1 05,04,0 05,04,1 05,05,0 06,04,0 p6

                         /\
                        /  \
                       /   /\
                      /   /  \
                     /\   \  /\
                    /  \   \/  \
                   /   /\  /   /\
                  /___/  \/   /  \
                 /       /\  /   /\
                /   ____/  \/   /  \
               /\  /\      /   /   /\
              /  \/  \    /___/   /  \
             /\       \  /   /   /    \
            /  \_______\/   /   /___   \
           /    \  /    \   \  /\  /\   \
          /______\/      \   \/  \/  \___\
         /        \      /   /    \       \
        /_______   \____/___/   ___\_______\
       /   /    \  /   /   /   /   /        \
      /   /___   \/   /   /___/   /   _______\
     /       /   /   /    \       \  /        \
    /_______/___/   /______\_______\/___    ___\
   /\   \      /   /    \  /   /       /\  /    \
  /__\   \    /___/___   \/   /___    /  \/___   \
 /       /    \       \   \       \   \      /    \
/_______/______\_______\___\_______\___\____/______\

solution 5:
00,10,1 00,11,0 00,11,1 00,12,0 01,09,1 01,10,0 C6
01,10,1 01,11,0 D2
10,01,0 10,01,1 11,00,0 11,00,1 11,01,0 12,00,0 F6
09,00,1 09,01,0 10,00,0 10,00,1 C4
00,00,0 00,00,1 00,01,1 01,00,0 01,00,1 01,01,0 G6
00,01,0 T1
00,09,0 00,09,1 00,10,0 I3
02,08,1 02,09,0 02,09,1 02,10,0 I4
03,07,0 03,07,1 03,08,0 03,08,1 03,09,0 I5
04,05,1 04,06,0 04,06,1 04,07,0 04,07,1 04,08,0 I6
05,06,0 05,06,1 05,07,0 06,05,1 06,06,0 07,05,0 P6
08,02,0 08,02,1 09,01,1 09,02,0 09,02,1 10,02,0 E6
07,02,1 07,03,0 07,03,1 08,03,0 08,03,1 09,03,0 J6
06,04,1 06,05,0 07,04,0 07,04,1 08,04,0 l5
07,01,0 07,01,1 08,00,1 08,01,0 08,01,1 09,00,0 H6
06,00,1 06,01,0 06,01,1 07,00,0 07,00,1 08,00,0 g6
04,01,0 04,01,1 05,00,1 05,01,0 06,00,0 L5
03,00,1 04,00,0 04,00,1 05,00,0 i4
01,01,1 02,00,0 02,00,1 02,01,0 02,01,1 03,00,0 X6
00,02,0 00,02,1 00,03,0 00,03,1 00,04,0 00,04,1 i6
01,02,0 01,02,1 01,03,0 02,02,0 02,02,1 P5
03,01,0 03,01,1 03,02,0 03,02,1 03,03,0 04,02,0 p6
00,05,0 00,05,1 00,06,0 01,04,0 01,04,1 01,05,0 f6
01,03,1 02,03,0 02,03,1 02,04,0 02,04,1 02,05,0 j6
01,08,0 01,08,1 01,09,0 02,07,1 02,08,0 p5
00,07,1 00,08,0 00,08,1 01,07,0 01,07,1 C5
00,06,1 00,07,0 01,06,0 01,06,1 02,05,1 02,06,0 s6
02,06,1 02,07,0 03,05,0 03,05,1 03,06,0 03,06,1 h6
06,02,0 06,02,1 06,03,0 07,02,0 T4
05,03,1 05,04,0 05,04,1 05,05,0 06,03,1 06,04,0 V6
03,03,1 03,04,0 03,04,1 04,04,0 04,04,1 04,05,0 S6
04,02,1 04,03,0 04,03,1 05,02,0 05,02,1 05,03,0 O6

                         /\
                        /  \
                       /   /\
                      /   /  \
                     /\   \  /\
                    /  \   \/  \
                   /   /\  /   /\
                  /___/  \/   /  \
                 /   /    \  /   /\
                /   /___   \/   /  \
               /\      /\  /   /   /\
              /  \____/  \/___/   /  \
             /\       \      /   /    \
            /  \____   \    /   /___   \
           /    \  /\  /   /\  /\  /\   \
          /___   \/  \/___/  \/  \/  \___\
         /   /   /   /       /    \       \
        /   /___/   /   ____/      \_______\
       /   /\      /\  /    \  /\  /        \
      /   /  \____/  \/      \/  \/   _______\
     /   /       /    \      /    \  /        \
    /___/_______/   ___\____/______\/___    ___\
   /\   \      /   /    \  /   /       /\  /    \
  /__\   \    /___/___   \/   /___    /  \/___   \
 /       /    \       \   \       \   \      /    \
/_______/______\_______\___\_______\___\____/______\

solution 6:
00,10,1 00,11,0 00,11,1 00,12,0 01,09,1 01,10,0 C6
01,10,1 01,11,0 D2
10,01,0 10,01,1 11,00,0 11,00,1 11,01,0 12,00,0 F6
09,00,1 09,01,0 10,00,0 10,00,1 C4
00,00,0 00,00,1 00,01,1 01,00,0 01,00,1 01,01,0 G6
00,01,0 T1
00,09,0 00,09,1 00,10,0 I3
02,08,1 02,09,0 02,09,1 02,10,0 I4
03,07,0 03,07,1 03,08,0 03,08,1 03,09,0 I5
04,05,1 04,06,0 04,06,1 04,07,0 04,07,1 04,08,0 I6
05,06,0 05,06,1 05,07,0 06,05,1 06,06,0 07,05,0 P6
08,02,0 08,02,1 09,01,1 09,02,0 09,02,1 10,02,0 E6
07,02,1 07,03,0 07,03,1 08,03,0 08,03,1 09,03,0 J6
06,04,1 06,05,0 07,04,0 07,04,1 08,04,0 l5
07,01,0 07,01,1 08,00,1 08,01,0 08,01,1 09,00,0 H6
06,00,1 06,01,0 06,01,1 07,00,0 07,00,1 08,00,0 g6
04,01,0 04,01,1 05,00,1 05,01,0 06,00,0 L5
03,00,1 04,00,0 04,00,1 05,00,0 i4
01,01,1 02,00,0 02,00,1 02,01,0 02,01,1 03,00,0 X6
00,02,0 00,02,1 00,03,0 01,02,0 01,02,1 02,02,0 p6
02,02,1 02,03,0 03,01,0 03,01,1 03,02,0 03,02,1 h6
01,08,0 01,08,1 01,09,0 02,08,0 T4
00,07,1 00,08,0 00,08,1 01,07,0 01,07,1 C5
00,06,0 00,06,1 00,07,0 01,06,0 01,06,1 P5
02,05,0 02,05,1 02,06,0 02,06,1 02,07,0 02,07,1 i6
03,05,1 03,06,0 03,06,1 04,04,0 04,04,1 04,05,0 s6
02,03,1 03,03,0 03,03,1 03,04,0 03,04,1 03,05,0 j6
00,05,0 00,05,1 01,04,1 01,05,0 02,04,0 02,04,1 S6
00,03,1 00,04,0 00,04,1 01,03,0 01,03,1 01,04,0 O6
04,02,0 04,02,1 04,03,0 04,03,1 05,02,0 05,03,0 f6
05,02,1 05,03,1 06,02,0 06,02,1 06,03,0 07,02,0 V6
05,04,0 05,04,1 05,05,0 06,03,1 06,04,0 p5

                         /\
                        /  \
                       /   /\
                      /   /  \
                     /\   \  /\
                    /  \   \/  \
                   /   /\  /   /\
                  /___/  \/   /  \
                 /   /    \  /   /\
                /   /______\/   /  \
               /\      /   /   /   /\
              /  \____/   /___/   /  \
             /       /   /   /   /    \
            /_______/   /   /   /___   \
           /    \  /   /\   \  /\  /\   \
          /___   \/___/  \   \/  \/  \___\
         /    \      /   /   /    \       \
        /      \____/   /___/___   \_______\
       /\      /\      /    \   \  /        \
      /  \____/  \____/   ___\   \/   _______\
     /        \      /    \       \  /        \
    /__________\    /______\_______\/___    ___\
   /\   \      /   /    \  /   /       /\  /    \
  /__\   \    /___/___   \/   /___    /  \/___   \
 /       /    \       \   \       \   \      /    \
/_______/______\_______\___\_______\___\____/______\

solution 7:
00,10,1 00,11,0 00,11,1 00,12,0 01,09,1 01,10,0 C6
01,10,1 01,11,0 D2
10,01,0 10,01,1 11,00,0 11,00,1 11,01,0 12,00,0 F6
09,00,1 09,01,0 10,00,0 10,00,1 C4
00,00,0 00,00,1 00,01,1 01,00,0 01,00,1 01,01,0 G6
00,01,0 T1
00,09,0 00,09,1 00,10,0 I3
02,08,1 02,09,0 02,09,1 02,10,0 I4
03,07,0 03,07,1 03,08,0 03,08,1 03,09,0 I5
04,05,1 04,06,0 04,06,1 04,07,0 04,07,1 04,08,0 I6
05,06,0 05,06,1 05,07,0 06,05,1 06,06,0 07,05,0 P6
08,02,0 08,02,1 09,01,1 09,02,0 09,02,1 10,02,0 E6
07,02,1 07,03,0 07,03,1 08,03,0 08,03,1 09,03,0 J6
06,04,1 06,05,0 07,04,0 07,04,1 08,04,0 l5
07,01,0 07,01,1 08,00,1 08,01,0 08,01,1 09,00,0 H6
06,00,1 06,01,0 06,01,1 07,00,0 07,00,1 08,00,0 g6
04,01,0 04,01,1 05,00,1 05,01,0 06,00,0 L5
03,00,1 04,00,0 04,00,1 05,00,0 i4
01,01,1 02,00,0 02,00,1 02,01,0 02,01,1 03,00,0 X6
00,02,0 00,02,1 00,03,0 01,02,0 01,02,1 02,02,0 p6
02,02,1 02,03,0 03,01,0 03,01,1 03,02,0 03,02,1 h6
01,08,0 01,08,1 01,09,0 02,08,0 T4
00,07,1 00,08,0 00,08,1 01,07,0 01,07,1 C5
00,06,0 00,06,1 00,07,0 01,06,0 01,06,1 P5
02,05,0 02,05,1 02,06,0 02,06,1 02,07,0 02,07,1 i6
03,05,1 03,06,0 03,06,1 04,04,0 04,04,1 04,05,0 s6
02,03,1 03,03,0 03,03,1 03,04,0 03,04,1 03,05,0 j6
00,05,0 00,05,1 01,04,1 01,05,0 02,04,0 02,04,1 S6
00,03,1 00,04,0 00,04,1 01,03,0 01,03,1 01,04,0 O6
04,02,0 04,02,1 04,03,0 04,03,1 05,02,0 05,03,0 f6
05,02,1 06,02,0 06,02,1 06,03,0 07,02,0 p5
05,03,1 05,04,0 05,04,1 05,05,0 06,03,1 06,04,0 V6

                         /\
                        /  \
                       /   /\
                      /   /  \
                     /\   \  /\
                    /  \   \/  \
                   /   /\  /   /\
                  /___/  \/   /  \
                 /   /    \  /   /\
                /   /______\/   /  \
               /\      /   /   /   /\
              /  \____/   /___/   /  \
             /       /   /   /   /    \
            /_______/   /   /   /___   \
           /    \  /   /\   \  /\  /\   \
          /___   \/___/  \   \/  \/  \___\
         /    \      /   /   /    \       \
        /      \____/   /___/      \_______\
       /\      /\      /    \  /\  /        \
      /  \____/  \____/   ___\/  \/   _______\
     /        \      /    \       \  /        \
    /__________\    /______\_______\/___    ___\
   /\   \      /   /    \  /   /       /\  /    \
  /__\   \    /___/___   \/   /___    /  \/___   \
 /       /    \       \   \       \   \      /    \
/_______/______\_______\___\_______\___\____/______\

solution 8:
00,10,1 00,11,0 00,11,1 00,12,0 01,09,1 01,10,0 C6
01,10,1 01,11,0 D2
10,01,0 10,01,1 11,00,0 11,00,1 11,01,0 12,00,0 F6
09,00,1 09,01,0 10,00,0 10,00,1 C4
00,00,0 00,00,1 00,01,1 01,00,0 01,00,1 01,01,0 G6
00,01,0 T1
00,09,0 00,09,1 00,10,0 I3
02,08,1 02,09,0 02,09,1 02,10,0 I4
03,07,0 03,07,1 03,08,0 03,08,1 03,09,0 I5
04,05,1 04,06,0 04,06,1 04,07,0 04,07,1 04,08,0 I6
05,06,0 05,06,1 05,07,0 06,05,1 06,06,0 07,05,0 P6
08,02,0 08,02,1 09,01,1 09,02,0 09,02,1 10,02,0 E6
07,02,1 07,03,0 07,03,1 08,03,0 08,03,1 09,03,0 J6
06,04,1 06,05,0 07,04,0 07,04,1 08,04,0 l5
07,01,0 07,01,1 08,00,1 08,01,0 08,01,1 09,00,0 H6
06,00,1 06,01,0 06,01,1 07,00,0 07,00,1 08,00,0 g6
04,01,0 04,01,1 05,00,1 05,01,0 06,00,0 L5
03,00,1 04,00,0 04,00,1 05,00,0 i4
01,01,1 02,00,0 02,00,1 02,01,0 02,01,1 03,00,0 X6
00,02,0 00,02,1 00,03,0 01,02,0 01,02,1 02,02,0 p6
02,02,1 02,03,0 03,01,0 03,01,1 03,02,0 03,02,1 h6
01,08,0 01,08,1 01,09,0 02,08,0 T4
00,07,1 00,08,0 00,08,1 01,07,0 01,07,1 C5
00,06,0 00,06,1 00,07,0 01,06,0 01,06,1 P5
02,05,0 02,05,1 02,06,0 02,06,1 02,07,0 02,07,1 i6
03,05,1 03,06,0 03,06,1 04,04,0 04,04,1 04,05,0 s6
02,03,1 03,03,0 03,03,1 03,04,0 03,04,1 03,05,0 j6
00,05,0 00,05,1 01,04,1 01,05,0 02,04,0 02,04,1 S6
00,03,1 00,04,0 00,04,1 01,03,0 01,03,1 01,04,0 O6
04,02,0 04,02,1 04,03,0 04,03,1 05,02,0 p5
05,03,1 05,04,0 05,04,1 05,05,0 06,03,1 06,04,0 V6
05,02,1 05,03,0 06,02,0 06,02,1 06,03,0 07,02,0 f6

                         /\
                        /  \
                       /   /\
                      /   /  \
                     /\   \  /\
                    /  \   \/  \
                   /   /\  /   /\
                  /___/  \/   /  \
                 /   /    \  /   /\
                /   /______\/   /  \
               /\      /   /   /   /\
              /  \____/   /___/   /  \
             /       /   /   /   /    \
            /_______/   /   /   /___   \
           /    \  /   /\   \  /\  /\   \
          /___   \/___/  \   \/  \/  \___\
         /    \      /   /   /    \       \
        /      \____/   /___/      \_______\
       /\      /\      /   /\  /\  /        \
      /  \____/  \____/   /  \/  \/   _______\
     /        \      /    \       \  /        \
    /__________\    /______\_______\/___    ___\
   /\   \      /   /    \  /   /       /\  /    \
  /__\   \    /___/___   \/   /___    /  \/___   \
 /       /    \       \   \       \   \      /    \
/_______/______\_______\___\_______\___\____/______\

solution 9:
00,10,1 00,11,0 00,11,1 00,12,0 01,09,1 01,10,0 C6
01,10,1 01,11,0 D2
10,01,0 10,01,1 11,00,0 11,00,1 11,01,0 12,00,0 F6
09,00,1 09,01,0 10,00,0 10,00,1 C4
00,00,0 00,00,1 00,01,1 01,00,0 01,00,1 01,01,0 G6
00,01,0 T1
00,09,0 00,09,1 00,10,0 I3
02,08,1 02,09,0 02,09,1 02,10,0 I4
03,07,0 03,07,1 03,08,0 03,08,1 03,09,0 I5
04,05,1 04,06,0 04,06,1 04,07,0 04,07,1 04,08,0 I6
05,06,0 05,06,1 05,07,0 06,05,1 06,06,0 07,05,0 P6
08,02,0 08,02,1 09,01,1 09,02,0 09,02,1 10,02,0 E6
07,02,1 07,03,0 07,03,1 08,03,0 08,03,1 09,03,0 J6
06,04,1 06,05,0 07,04,0 07,04,1 08,04,0 l5
07,01,0 07,01,1 08,00,1 08,01,0 08,01,1 09,00,0 H6
06,00,1 06,01,0 06,01,1 07,00,0 07,00,1 08,00,0 g6
04,01,0 04,01,1 05,00,1 05,01,0 06,00,0 L5
03,00,1 04,00,0 04,00,1 05,00,0 i4
01,01,1 02,00,0 02,00,1 02,01,0 02,01,1 03,00,0 X6
00,02,0 00,02,1 00,03,0 01,02,0 01,02,1 02,02,0 p6
02,02,1 03,01,0 03,01,1 03,02,0 03,02,1 04,02,0 h6
00,07,1 00,08,0 00,08,1 01,08,0 01,08,1 01,09,0 S6
01,07,1 02,06,1 02,07,0 02,07,1 02,08,0 P5
00,06,1 00,07,0 01,06,0 01,06,1 01,07,0 C5
03,05,1 03,06,0 03,06,1 04,04,0 04,04,1 04,05,0 s6
00,05,0 00,05,1 00,06,0 01,04,1 01,05,0 p5
00,03,1 00,04,0 00,04,1 01,03,0 01,03,1 01,04,0 O6
02,04,1 02,05,0 02,05,1 02,06,0 03,04,1 03,05,0 V6
02,03,0 02,03,1 02,04,0 03,03,0 T4
03,03,1 03,04,0 04,03,0 04,03,1 05,03,0 05,03,1 j6
04,02,1 05,02,0 05,02,1 06,02,0 06,02,1 07,02,0 i6
05,04,0 05,04,1 05,05,0 06,03,0 06,03,1 06,04,0 f6

                         /\
                        /  \
                       /   /\
                      /   /  \
                     /\   \  /\
                    /  \   \/  \
                   /   /\  /   /\
                  /___/  \/   /  \
                 /       /\  /   /\
                /   ____/  \/   /  \
               /\  /\      /   /   /\
              /  \/  \    /___/   /  \
             /\      /\  /   /   /    \
            /  \____/  \/   /   /___   \
           /    \  /    \   \  /\  /\   \
          /___   \/      \   \/  \/  \___\
         /    \  /\  /\  /   /    \       \
        /      \/  \/  \/___/___   \_______\
       /\      /    \          /   /        \
      /  \____/______\________/___/   _______\
     /        \       \           \  /        \
    /__________\    ___\___________\/___    ___\
   /\   \      /   /    \  /   /       /\  /    \
  /__\   \    /___/___   \/   /___    /  \/___   \
 /       /    \       \   \       \   \      /    \
/_______/______\_______\___\_______\___\____/______\

solution 10:
00,10,1 00,11,0 00,11,1 00,12,0 01,09,1 01,10,0 C6
01,10,1 01,11,0 D2
10,01,0 10,01,1 11,00,0 11,00,1 11,01,0 12,00,0 F6
09,00,1 09,01,0 10,00,0 10,00,1 C4
00,00,0 00,00,1 00,01,1 01,00,0 01,00,1 01,01,0 G6
00,01,0 T1
00,09,0 00,09,1 00,10,0 I3
02,08,1 02,09,0 02,09,1 02,10,0 I4
03,07,0 03,07,1 03,08,0 03,08,1 03,09,0 I5
04,05,1 04,06,0 04,06,1 04,07,0 04,07,1 04,08,0 I6
05,06,0 05,06,1 05,07,0 06,05,1 06,06,0 07,05,0 P6
08,02,0 08,02,1 09,01,1 09,02,0 09,02,1 10,02,0 E6
07,02,1 07,03,0 07,03,1 08,03,0 08,03,1 09,03,0 J6
06,04,1 06,05,0 07,04,0 07,04,1 08,04,0 l5
07,01,0 07,01,1 08,00,1 08,01,0 08,01,1 09,00,0 H6
06,00,1 06,01,0 06,01,1 07,00,0 07,00,1 08,00,0 g6
04,01,0 04,01,1 05,00,1 05,01,0 06,00,0 L5
03,00,1 04,00,0 04,00,1 05,00,0 i4
01,01,1 02,00,0 02,00,1 02,01,0 02,01,1 03,00,0 X6
00,02,0 00,02,1 00,03,0 01,02,0 01,02,1 02,02,0 p6
02,02,1 03,01,0 03,01,1 03,02,0 03,02,1 04,02,0 h6
00,07,1 00,08,0 00,08,1 01,08,0 01,08,1 01,09,0 S6
01,07,1 02,06,1 02,07,0 02,07,1 02,08,0 P5
00,06,0 00,06,1 00,07,0 01,06,0 T4
01,06,1 01,07,0 02,05,1 02,06,0 03,04,1 03,05,0 i6
03,05,1 03,06,0 03,06,1 04,04,0 04,04,1 04,05,0 s6
05,03,1 05,04,0 05,04,1 05,05,0 06,03,1 06,04,0 V6
05,02,1 06,02,0 06,02,1 06,03,0 07,02,0 p5
04,02,1 04,03,0 04,03,1 05,02,0 05,03,0 C5
02,04,0 02,04,1 02,05,0 03,03,0 03,03,1 03,04,0 f6
00,03,1 00,04,0 01,03,0 01,03,1 02,03,0 02,03,1 j6
00,04,1 00,05,0 00,05,1 01,04,0 01,04,1 01,05,0 O6

                         /\
                        /  \
                       /   /\
                      /   /  \
                     /\   \  /\
                    /  \   \/  \
                   /   /\  /   /\
                  /___/  \/   /  \
                 /       /\  /   /\
                /   ____/  \/   /  \
               /\  /\      /   /   /\
              /  \/  \    /___/   /  \
             /    \   \  /   /   /    \
            /______\   \/   /   /___   \
           /    \  /\   \   \  /\  /\   \
          /      \/  \   \   \/  \/  \___\
         /\      /    \  /   /    \       \
        /  \____/___   \/___/      \_______\
       /\          /   /    \  /\  /        \
      /  \________/___/   ___\/  \/   _______\
     /        \       \   \       \  /        \
    /__________\    ___\___\_______\/___    ___\
   /\   \      /   /    \  /   /       /\  /    \
  /__\   \    /___/___   \/   /___    /  \/___   \
 /       /    \       \   \       \   \      /    \
/_______/______\_______\___\_______\___\____/______\

User-requested solution limit reached.
10 solutions, 29,781 searches, duration 0:00:09.944000
