solving Polyiamonds12345ElongatedHexOnHex2:

solution 1 (23 searches):
3,0,1 3,1,0 3,1,1 4,0,0 C4
2,2,1 2,3,0 2,3,1 3,2,0 3,2,1 C5
5,0,0 5,0,1 D2
4,1,0 4,1,1 4,2,0 5,1,0 T4
5,2,1 6,1,0 6,1,1 6,2,0 7,1,0 P5
6,2,1 7,1,1 7,2,0 I3
3,3,1 4,2,1 4,3,0 5,1,1 5,2,0 I5
0,2,0 0,2,1 1,2,0 1,2,1 I4
1,1,0 1,1,1 2,1,0 2,1,1 2,2,0 L5
0,1,1 T1

            ________
           /   /\   \
  ________/   /__\   \________
 /       /\      /\   \   \   \
/_______/  \____/  \   \   \   \
\  /       /   /    \  /    \  /
 \/_______/   /______\/______\/
          \   \  /   /
           \___\/___/

solution 2 (24 searches):
3,0,1 3,1,0 3,1,1 4,0,0 C4
2,2,1 2,3,0 2,3,1 3,2,0 3,2,1 C5
5,0,0 5,0,1 D2
4,1,0 4,1,1 4,2,0 5,1,0 T4
5,2,1 6,1,0 6,1,1 6,2,0 7,1,0 P5
6,2,1 7,1,1 7,2,0 I3
3,3,1 4,2,1 4,3,0 5,1,1 5,2,0 I5
0,2,0 0,2,1 1,2,0 1,2,1 I4
1,1,0 1,1,1 2,1,0 2,1,1 2,2,0 L5
0,1,1 T1

            ________
           /   /\   \
  ________/   /__\   \________
 /       /\      /\   \   \   \
/_______/  \____/  \   \   \   \
\  /       /   /    \  /    \  /
 \/_______/   /______\/______\/
          \   \  /   /
           \___\/___/

solution 3 (27 searches):
3,0,1 3,1,0 3,1,1 4,0,0 C4
2,2,1 2,3,0 2,3,1 3,2,0 3,2,1 C5
5,0,0 5,0,1 D2
4,1,0 4,1,1 4,2,0 5,1,0 T4
5,2,1 6,1,0 6,1,1 6,2,0 7,1,0 P5
6,2,1 7,1,1 7,2,0 I3
3,3,1 4,2,1 4,3,0 5,1,1 5,2,0 I5
0,1,1 0,2,0 0,2,1 1,2,0 1,2,1 L5
1,1,0 1,1,1 2,1,0 2,1,1 I4
2,2,0 T1

            ________
           /   /\   \
  ________/   /__\   \________
 /       /\      /\   \   \   \
/   ____/__\____/  \   \   \   \
\  /       /   /    \  /    \  /
 \/_______/   /______\/______\/
          \   \  /   /
           \___\/___/

solution 4 (30 searches):
3,0,1 3,1,0 3,1,1 4,0,0 C4
2,2,1 2,3,0 2,3,1 3,2,0 3,2,1 C5
5,0,0 5,0,1 D2
4,1,0 4,1,1 4,2,0 5,1,0 T4
5,2,1 6,1,0 6,1,1 6,2,0 7,1,0 P5
6,2,1 7,1,1 7,2,0 I3
3,3,1 4,2,1 4,3,0 5,1,1 5,2,0 I5
0,1,1 0,2,0 1,1,0 1,1,1 2,1,0 L5
0,2,1 1,2,0 1,2,1 2,2,0 I4
2,1,1 T1

            ________
           /   /\   \
  ________/   /__\   \________
 /\       \      /\   \   \   \
/  \_______\____/  \   \   \   \
\       \  /   /    \  /    \  /
 \_______\/   /______\/______\/
          \   \  /   /
           \___\/___/

solution 5 (31 searches):
3,0,1 3,1,0 3,1,1 4,0,0 C4
2,2,1 2,3,0 2,3,1 3,2,0 3,2,1 C5
5,0,0 5,0,1 D2
4,1,0 4,1,1 4,2,0 5,1,0 T4
5,2,1 6,1,0 6,1,1 6,2,0 7,1,0 P5
6,2,1 7,1,1 7,2,0 I3
3,3,1 4,2,1 4,3,0 5,1,1 5,2,0 I5
0,1,1 0,2,0 1,1,0 1,1,1 2,1,0 L5
0,2,1 1,2,0 1,2,1 2,2,0 I4
2,1,1 T1

            ________
           /   /\   \
  ________/   /__\   \________
 /\       \      /\   \   \   \
/  \_______\____/  \   \   \   \
\       \  /   /    \  /    \  /
 \_______\/   /______\/______\/
          \   \  /   /
           \___\/___/

solution 6 (35 searches):
3,0,1 3,1,0 3,1,1 4,0,0 C4
2,2,1 2,3,0 2,3,1 3,2,0 3,2,1 C5
5,0,0 5,0,1 D2
4,1,0 4,1,1 4,2,0 5,1,0 T4
5,2,1 6,1,0 6,1,1 6,2,0 7,1,0 P5
6,2,1 7,1,1 7,2,0 I3
3,3,1 4,2,1 4,3,0 5,1,1 5,2,0 I5
0,2,0 T1
0,1,1 1,1,0 1,1,1 2,1,0 I4
0,2,1 1,2,0 1,2,1 2,1,1 2,2,0 L5

            ________
           /   /\   \
  ________/   /__\   \________
 /\       \      /\   \   \   \
/__\____   \____/  \   \   \   \
\       \  /   /    \  /    \  /
 \_______\/   /______\/______\/
          \   \  /   /
           \___\/___/

solution 7 (54 searches):
3,0,1 3,1,0 3,1,1 4,0,0 C4
2,2,1 2,3,0 2,3,1 3,2,0 3,2,1 C5
5,0,0 5,0,1 D2
6,1,0 6,1,1 6,2,0 7,1,0 T4
6,2,1 7,1,1 7,2,0 I3
0,2,0 0,2,1 1,2,0 1,2,1 2,2,0 I5
4,1,0 4,1,1 4,2,0 5,1,0 5,1,1 P5
3,3,1 4,2,1 4,3,0 5,2,0 5,2,1 L5
1,1,0 1,1,1 2,1,0 2,1,1 I4
0,1,1 T1

            ________
           /   /\   \
  ________/   /__\   \________
 /        \      /\      /\   \
/__________\____/  \____/  \   \
\  /       /   /       /    \  /
 \/_______/   /_______/______\/
          \   \  /   /
           \___\/___/

solution 8 (55 searches):
3,0,1 3,1,0 3,1,1 4,0,0 C4
2,2,1 2,3,0 2,3,1 3,2,0 3,2,1 C5
5,0,0 5,0,1 D2
6,1,0 6,1,1 6,2,0 7,1,0 T4
6,2,1 7,1,1 7,2,0 I3
0,2,0 0,2,1 1,2,0 1,2,1 2,2,0 I5
4,1,0 4,1,1 4,2,0 5,1,0 5,1,1 P5
3,3,1 4,2,1 4,3,0 5,2,0 5,2,1 L5
1,1,0 1,1,1 2,1,0 2,1,1 I4
0,1,1 T1

            ________
           /   /\   \
  ________/   /__\   \________
 /        \      /\      /\   \
/__________\____/  \____/  \   \
\  /       /   /       /    \  /
 \/_______/   /_______/______\/
          \   \  /   /
           \___\/___/

solution 9 (57 searches):
3,0,1 3,1,0 3,1,1 4,0,0 C4
2,2,1 2,3,0 2,3,1 3,2,0 3,2,1 C5
5,0,0 5,0,1 D2
6,1,0 6,1,1 6,2,0 7,1,0 T4
6,2,1 7,1,1 7,2,0 I3
0,2,0 0,2,1 1,2,0 1,2,1 2,2,0 I5
4,1,0 4,1,1 4,2,0 5,1,0 5,1,1 P5
3,3,1 4,2,1 4,3,0 5,2,0 5,2,1 L5
0,1,1 1,1,0 1,1,1 2,1,0 I4
2,1,1 T1

            ________
           /   /\   \
  ________/   /__\   \________
 /        \      /\      /\   \
/__________\____/  \____/  \   \
\       \  /   /       /    \  /
 \_______\/   /_______/______\/
          \   \  /   /
           \___\/___/

solution 10 (58 searches):
3,0,1 3,1,0 3,1,1 4,0,0 C4
2,2,1 2,3,0 2,3,1 3,2,0 3,2,1 C5
5,0,0 5,0,1 D2
6,1,0 6,1,1 6,2,0 7,1,0 T4
6,2,1 7,1,1 7,2,0 I3
0,2,0 0,2,1 1,2,0 1,2,1 2,2,0 I5
4,1,0 4,1,1 4,2,0 5,1,0 5,1,1 P5
3,3,1 4,2,1 4,3,0 5,2,0 5,2,1 L5
0,1,1 1,1,0 1,1,1 2,1,0 I4
2,1,1 T1

            ________
           /   /\   \
  ________/   /__\   \________
 /        \      /\      /\   \
/__________\____/  \____/  \   \
\       \  /   /       /    \  /
 \_______\/   /_______/______\/
          \   \  /   /
           \___\/___/

User-requested solution limit reached.
10 solutions, 58 searches, duration 0:00:00.148411
