solving Polyiamonds12345Snake:

solution 1 (1,374 searches):
06,5,1 06,6,0 06,6,1 I3
05,5,1 05,6,0 05,6,1 06,5,0 C4
00,0,0 00,0,1 00,1,0 00,1,1 I4
01,0,0 01,0,1 D2
01,1,0 01,1,1 01,2,0 02,1,0 02,1,1 P5
01,2,1 02,2,0 02,2,1 03,2,0 03,2,1 I5
02,3,0 02,3,1 03,3,0 03,3,1 03,4,0 L5
04,3,0 T1
03,4,1 04,3,1 04,4,0 04,4,1 T4
04,5,0 04,5,1 05,4,0 05,4,1 05,5,0 C5

                                  ________
                                 /   /   /
                            ____/   /   /
                           /    \   \  /
                      ____/___   \___\/
                     /\      /   /
                ____/  \    /___/
               /       /\  /
          ____/_______/__\/
         /\          /
    ____/  \________/
   /   /       /
  /   /_______/
 /   /   /
/___/___/

solution 2 (1,381 searches):
06,5,1 06,6,0 06,6,1 I3
05,5,1 05,6,0 05,6,1 06,5,0 C4
00,0,0 00,0,1 00,1,0 00,1,1 I4
01,0,0 01,0,1 D2
01,1,0 01,1,1 01,2,0 02,1,0 02,1,1 P5
01,2,1 02,2,0 02,2,1 02,3,0 02,3,1 L5
03,2,0 03,2,1 03,3,0 03,3,1 03,4,0 I5
04,3,0 T1
03,4,1 04,3,1 04,4,0 04,4,1 T4
04,5,0 04,5,1 05,4,0 05,4,1 05,5,0 C5

                                  ________
                                 /   /   /
                            ____/   /   /
                           /    \   \  /
                      ____/___   \___\/
                     /\      /   /
                ____/  \    /___/
               /   /   /\  /
          ____/   /   /__\/
         /\      /   /
    ____/  \____/___/
   /   /       /
  /   /_______/
 /   /   /
/___/___/

solution 3 (1,536 searches):
06,5,1 06,6,0 06,6,1 I3
05,5,1 05,6,0 05,6,1 06,5,0 C4
00,0,0 00,0,1 01,0,0 01,0,1 I4
00,1,0 00,1,1 D2
01,1,0 01,1,1 01,2,0 02,1,0 02,1,1 P5
01,2,1 02,2,0 02,2,1 03,2,0 03,2,1 I5
02,3,0 02,3,1 03,3,0 03,3,1 03,4,0 L5
04,3,0 T1
03,4,1 04,3,1 04,4,0 04,4,1 T4
04,5,0 04,5,1 05,4,0 05,4,1 05,5,0 C5

                                  ________
                                 /   /   /
                            ____/   /   /
                           /    \   \  /
                      ____/___   \___\/
                     /\      /   /
                ____/  \    /___/
               /       /\  /
          ____/_______/__\/
         /\          /
    ____/  \________/
   /   /       /
  /___/_______/
 /       /
/_______/

solution 4 (1,543 searches):
06,5,1 06,6,0 06,6,1 I3
05,5,1 05,6,0 05,6,1 06,5,0 C4
00,0,0 00,0,1 01,0,0 01,0,1 I4
00,1,0 00,1,1 D2
01,1,0 01,1,1 01,2,0 02,1,0 02,1,1 P5
01,2,1 02,2,0 02,2,1 02,3,0 02,3,1 L5
03,2,0 03,2,1 03,3,0 03,3,1 03,4,0 I5
04,3,0 T1
03,4,1 04,3,1 04,4,0 04,4,1 T4
04,5,0 04,5,1 05,4,0 05,4,1 05,5,0 C5

                                  ________
                                 /   /   /
                            ____/   /   /
                           /    \   \  /
                      ____/___   \___\/
                     /\      /   /
                ____/  \    /___/
               /   /   /\  /
          ____/   /   /__\/
         /\      /   /
    ____/  \____/___/
   /   /       /
  /___/_______/
 /       /
/_______/

solution 5 (1,813 searches):
06,5,1 06,6,0 06,6,1 I3
05,5,1 05,6,0 05,6,1 06,5,0 C4
00,0,0 00,0,1 00,1,0 01,0,0 01,0,1 P5
00,1,1 01,1,0 01,1,1 02,1,0 I4
01,2,0 01,2,1 D2
02,1,1 02,2,0 02,2,1 02,3,0 02,3,1 I5
03,2,0 03,2,1 03,3,0 03,3,1 04,3,0 L5
03,4,0 T1
03,4,1 04,3,1 04,4,0 04,4,1 T4
04,5,0 04,5,1 05,4,0 05,4,1 05,5,0 C5

                                  ________
                                 /   /   /
                            ____/   /   /
                           /    \   \  /
                      ____/___   \___\/
                     /\      /   /
                ____/__\    /___/
               /   /    \  /
          ____/   /   ___\/
         /   /   /   /
    ____/___/   /___/
   /\       \  /
  /  \_______\/
 /       /
/_______/

solution 6 (1,820 searches):
06,5,1 06,6,0 06,6,1 I3
05,5,1 05,6,0 05,6,1 06,5,0 C4
00,0,0 00,0,1 00,1,0 01,0,0 01,0,1 P5
00,1,1 01,1,0 01,1,1 02,1,0 I4
01,2,0 01,2,1 D2
02,1,1 02,2,0 02,2,1 03,2,0 03,2,1 L5
02,3,0 02,3,1 03,3,0 03,3,1 04,3,0 I5
03,4,0 T1
03,4,1 04,3,1 04,4,0 04,4,1 T4
04,5,0 04,5,1 05,4,0 05,4,1 05,5,0 C5

                                  ________
                                 /   /   /
                            ____/   /   /
                           /    \   \  /
                      ____/___   \___\/
                     /\      /   /
                ____/__\    /___/
               /        \  /
          ____/__________\/
         /   /       /
    ____/___/   ____/
   /\       \  /
  /  \_______\/
 /       /
/_______/

solution 7 (1,869 searches):
06,5,1 06,6,0 06,6,1 I3
05,5,1 05,6,0 05,6,1 06,5,0 C4
00,0,0 00,0,1 00,1,0 01,0,0 01,0,1 P5
00,1,1 01,1,0 01,1,1 02,1,0 02,1,1 I5
01,2,0 01,2,1 D2
02,2,0 02,2,1 02,3,0 03,2,0 T4
02,3,1 03,3,0 03,3,1 03,4,0 03,4,1 L5
03,2,1 T1
04,3,0 04,3,1 04,4,0 04,4,1 I4
04,5,0 04,5,1 05,4,0 05,4,1 05,5,0 C5

                                  ________
                                 /   /   /
                            ____/   /   /
                           /    \   \  /
                      ____/___   \___\/
                     /   /   /   /
                ____/   /   /___/
               /\      /   /
          ____/  \____/___/
         /   /    \  /
    ____/___/______\/
   /\          /
  /  \________/
 /       /
/_______/

solution 8 (1,875 searches):
06,5,1 06,6,0 06,6,1 I3
05,5,1 05,6,0 05,6,1 06,5,0 C4
00,0,0 00,0,1 00,1,0 01,0,0 01,0,1 P5
00,1,1 01,1,0 01,1,1 02,1,0 02,1,1 I5
01,2,0 01,2,1 D2
02,2,0 02,2,1 02,3,0 03,2,0 T4
02,3,1 T1
03,2,1 03,3,0 03,3,1 04,3,0 04,3,1 L5
03,4,0 03,4,1 04,4,0 04,4,1 I4
04,5,0 04,5,1 05,4,0 05,4,1 05,5,0 C5

                                  ________
                                 /   /   /
                            ____/   /   /
                           /    \   \  /
                      ____/___   \___\/
                     /       /   /
                ____/_______/___/
               /\  /       /
          ____/  \/   ____/
         /   /    \  /
    ____/___/______\/
   /\          /
  /  \________/
 /       /
/_______/

solution 9 (1,894 searches):
06,5,1 06,6,0 06,6,1 I3
05,5,1 05,6,0 05,6,1 06,5,0 C4
00,0,0 00,0,1 00,1,0 01,0,0 01,0,1 P5
00,1,1 01,1,0 01,1,1 02,1,0 02,1,1 I5
01,2,0 01,2,1 D2
03,4,1 04,3,1 04,4,0 04,4,1 T4
04,5,0 04,5,1 05,4,0 05,4,1 05,5,0 C5
02,3,0 02,3,1 03,3,0 03,3,1 03,4,0 L5
02,2,0 02,2,1 03,2,0 03,2,1 I4
04,3,0 T1

                                  ________
                                 /   /   /
                            ____/   /   /
                           /    \   \  /
                      ____/___   \___\/
                     /\      /   /
                ____/  \    /___/
               /       /\  /
          ____/_______/__\/
         /   /       /
    ____/___/_______/
   /\          /
  /  \________/
 /       /
/_______/

solution 10 (1,898 searches):
06,5,1 06,6,0 06,6,1 I3
05,5,1 05,6,0 05,6,1 06,5,0 C4
00,0,0 00,0,1 00,1,0 01,0,0 01,0,1 P5
00,1,1 01,1,0 01,1,1 02,1,0 02,1,1 I5
01,2,0 01,2,1 D2
03,4,1 04,3,1 04,4,0 04,4,1 T4
04,5,0 04,5,1 05,4,0 05,4,1 05,5,0 C5
03,4,0 T1
03,2,0 03,2,1 03,3,0 03,3,1 04,3,0 L5
02,2,0 02,2,1 02,3,0 02,3,1 I4

                                  ________
                                 /   /   /
                            ____/   /   /
                           /    \   \  /
                      ____/___   \___\/
                     /\      /   /
                ____/__\    /___/
               /   /    \  /
          ____/   /   ___\/
         /   /   /   /
    ____/___/___/___/
   /\          /
  /  \________/
 /       /
/_______/

...

solution 2267 (29,649 searches):
05,6,1 06,5,1 06,6,0 06,6,1 T4
06,5,0 T1
04,5,1 05,4,1 05,5,0 05,5,1 05,6,0 P5
00,0,0 00,0,1 01,0,0 01,0,1 01,1,0 L5
00,1,0 00,1,1 D2
04,4,1 04,5,0 05,4,0 I3
02,1,1 02,2,0 02,2,1 02,3,0 02,3,1 I5
01,1,1 01,2,0 01,2,1 02,1,0 C4
03,2,0 03,2,1 03,3,0 03,3,1 I4
03,4,0 03,4,1 04,3,0 04,3,1 04,4,0 C5

                                  ________
                                 /\      /
                            ____/  \    /
                           /\      /\  /
                      ____/  \    /__\/
                     /    \   \  /
                ____/___   \___\/
               /   /   /   /
          ____/   /   /___/
         /   /   /   /
    ____/   /   /___/
   /   /\   \  /
  /___/  \___\/
 /       /
/_______/

solution 2268 (29,654 searches):
05,6,1 06,5,1 06,6,0 06,6,1 T4
06,5,0 T1
04,5,1 05,4,1 05,5,0 05,5,1 05,6,0 P5
00,0,0 00,0,1 01,0,0 01,0,1 01,1,0 L5
00,1,0 00,1,1 D2
04,4,1 04,5,0 05,4,0 I3
01,2,1 02,2,0 02,2,1 03,2,0 03,2,1 I5
01,1,1 01,2,0 02,1,0 02,1,1 C4
02,3,0 02,3,1 03,3,0 03,3,1 I4
03,4,0 03,4,1 04,3,0 04,3,1 04,4,0 C5

                                  ________
                                 /\      /
                            ____/  \    /
                           /\      /\  /
                      ____/  \    /__\/
                     /    \   \  /
                ____/___   \___\/
               /       /   /
          ____/_______/___/
         /\          /
    ____/  \________/
   /   /\      /
  /___/  \____/
 /       /
/_______/

2,268 solutions, 29,657 searches, duration 0:00:02.128446
