solving Polyiamonds1234567ElongatedHexagon2x10_1:

solution 1 (12,483 searches):
00,09,1 00,10,0 00,10,1 01,09,0 01,09,1 01,10,0 O6
00,11,0 00,11,1 00,12,0 00,12,1 01,10,1 01,11,0 01,12,0 A7
01,08,1 02,07,1 02,08,0 02,08,1 02,09,0 03,07,0 03,08,0 B7
00,13,0 00,13,1 01,12,1 01,13,0 C4
00,14,0 00,14,1 00,15,0 00,15,1 01,15,0 01,15,1 C6
00,16,0 00,16,1 D2
00,17,0 00,17,1 01,16,0 01,16,1 01,17,0 C5
00,18,0 00,18,1 01,17,1 01,18,0 02,16,0 02,16,1 02,17,0 C7
00,19,0 00,19,1 01,18,1 01,19,0 01,19,1 02,19,0 E6
02,17,1 02,18,0 02,18,1 03,17,0 03,17,1 03,18,0 04,17,0 D7
03,06,1 04,06,0 04,06,1 04,07,0 05,06,0 05,06,1 06,06,0 E7
03,07,1 T1
04,05,1 05,04,1 05,05,0 05,05,1 06,04,0 06,04,1 F6
06,05,0 06,05,1 07,04,1 07,05,0 07,05,1 08,04,1 08,05,0 F7
06,03,1 07,02,1 07,03,0 07,03,1 07,04,0 08,02,0 H6
08,01,1 08,02,1 08,03,0 09,01,0 09,01,1 09,02,0 G6
09,00,1 10,00,0 10,00,1 I3
11,00,0 11,00,1 11,01,0 11,01,1 I4
08,03,1 08,04,0 09,02,1 09,03,0 09,03,1 09,04,0 09,04,1 G7
10,01,0 10,01,1 10,02,0 10,02,1 10,03,0 11,02,0 11,02,1 H7
11,03,0 11,03,1 11,04,0 11,04,1 11,05,0 I5
10,03,1 10,04,0 10,04,1 10,05,0 10,05,1 10,06,0 I6
11,05,1 11,06,0 11,06,1 11,07,0 11,07,1 11,08,0 11,08,1 I7
08,07,0 08,07,1 09,07,0 09,07,1 10,06,1 10,07,0 J6
08,05,1 09,05,0 09,05,1 09,06,0 09,06,1 L5
07,06,1 07,07,0 07,07,1 07,08,0 07,08,1 08,06,0 08,06,1 J7
04,07,1 04,08,0 05,07,0 05,07,1 06,06,1 06,07,0 07,06,0 N7
04,09,1 05,08,1 05,09,0 05,09,1 06,07,1 06,08,0 06,08,1 M7
02,09,1 03,08,1 03,09,0 03,09,1 04,08,1 04,09,0 05,08,0 U7
01,11,1 02,10,0 02,10,1 02,11,0 03,10,0 P5
04,10,1 04,11,0 04,11,1 04,12,0 04,12,1 04,13,0 05,10,0 L7
02,11,1 02,12,0 02,12,1 02,13,0 03,10,1 03,11,0 04,10,0 R7
02,13,1 03,11,1 03,12,0 03,12,1 03,13,0 03,13,1 P6
01,13,1 01,14,0 01,14,1 02,14,0 02,14,1 02,15,0 03,14,0 Q7
02,15,1 03,14,1 03,15,0 03,15,1 T4
03,16,0 03,16,1 04,15,0 04,15,1 04,16,0 04,16,1 05,16,0 Y7
09,08,0 09,08,1 09,09,0 10,07,1 10,08,0 10,08,1 X6
07,09,1 07,10,0 07,10,1 08,08,0 08,08,1 08,09,0 S6
05,11,0 05,11,1 06,09,1 06,10,0 06,10,1 06,11,0 07,09,0 S7
08,09,1 08,10,0 08,10,1 08,11,0 09,09,1 09,10,0 V6
10,09,0 10,09,1 10,10,1 10,11,0 11,09,0 11,09,1 11,10,0 V7
08,11,1 08,12,1 09,10,1 09,11,0 09,11,1 09,12,0 10,10,0 Z7
05,15,1 06,14,1 06,15,0 07,13,0 07,13,1 07,14,0 08,13,0 P7
06,12,1 06,13,0 07,11,0 07,11,1 07,12,0 07,12,1 08,12,0 W7
04,13,1 05,12,0 05,12,1 05,13,0 05,13,1 06,11,1 06,12,0 X7
04,14,0 04,14,1 05,14,0 05,14,1 05,15,0 06,13,1 06,14,0 T7

                    ________
                   /        \
                  /___    ___\
                 /    \  /    \
                /___   \/      \
               /    \   \       \
              /___   \   \_______\
             /   /   /   /        \
            /___/___/___/___    ___\
           /       /\      /   /\   \
          /   ____/  \    /___/  \   \
         /   /        \  /        \   \
        /___/   _______\/_______   \   \
       /    \  /\      /\      /\  /    \
      /___   \/  \    /  \    /  \/______\
     /    \  /   /   /   /    \       \   \
    /   ___\/   /   /   /___   \    ___\   \
   /    \   \   \  /   /    \  /   /\      /\
  /___   \   \   \/   /___   \/___/  \    /  \
 /    \  /    \   \   \  /   /   /    \   \   \
/      \/______\___\___\/   /   /      \___\   \
\      /\       \      /\   \   \  /\  /       /
 \____/  \       \    /__\___\   \/  \/_______/
  \       \  /\   \      /   /   /       /   /
   \    ___\/  \___\    /   /___/___    /   /
    \   \  /\       \  /   /        \  /   /
     \___\/  \____   \/   /_______   \/   /
      \           \   \      /   /\  /   /
       \___________\___\____/   /  \/   /
        \      /        \      /   /\  /
         \    /___       \____/   /  \/
          \      /\  /\  /   /   /   /
           \____/  \/  \/   /   /   /
            \      /\      /\  /   /
             \    /  \    /  \/___/
              \   \   \  /       /
               \___\   \/   ____/
                \      /   /   /
                 \____/___/   /
                  \      /   /
                   \____/___/

solution 2 (12,636 searches):
00,09,1 00,10,0 00,10,1 01,09,0 01,09,1 01,10,0 O6
00,11,0 00,11,1 00,12,0 00,12,1 01,10,1 01,11,0 01,12,0 A7
01,08,1 02,07,1 02,08,0 02,08,1 02,09,0 03,07,0 03,08,0 B7
00,13,0 00,13,1 01,12,1 01,13,0 C4
00,14,0 00,14,1 00,15,0 00,15,1 01,15,0 01,15,1 C6
00,16,0 00,16,1 D2
00,17,0 00,17,1 01,16,0 01,16,1 01,17,0 C5
00,18,0 00,18,1 01,17,1 01,18,0 02,16,0 02,16,1 02,17,0 C7
00,19,0 00,19,1 01,18,1 01,19,0 01,19,1 02,19,0 E6
02,17,1 02,18,0 02,18,1 03,17,0 03,17,1 03,18,0 04,17,0 D7
03,06,1 04,06,0 04,06,1 04,07,0 05,06,0 05,06,1 06,06,0 E7
03,07,1 T1
04,05,1 05,04,1 05,05,0 05,05,1 06,04,0 06,04,1 F6
06,05,0 06,05,1 07,04,1 07,05,0 07,05,1 08,04,1 08,05,0 F7
06,03,1 07,02,1 07,03,0 07,03,1 07,04,0 08,02,0 H6
08,01,1 08,02,1 08,03,0 09,01,0 09,01,1 09,02,0 G6
09,00,1 10,00,0 10,00,1 I3
11,00,0 11,00,1 11,01,0 11,01,1 I4
08,03,1 08,04,0 09,02,1 09,03,0 09,03,1 09,04,0 09,04,1 G7
10,01,0 10,01,1 10,02,0 10,02,1 10,03,0 11,02,0 11,02,1 H7
11,03,0 11,03,1 11,04,0 11,04,1 11,05,0 I5
10,03,1 10,04,0 10,04,1 10,05,0 10,05,1 10,06,0 I6
11,05,1 11,06,0 11,06,1 11,07,0 11,07,1 11,08,0 11,08,1 I7
08,07,0 08,07,1 09,07,0 09,07,1 10,06,1 10,07,0 J6
08,05,1 09,05,0 09,05,1 09,06,0 09,06,1 L5
07,06,1 07,07,0 07,07,1 07,08,0 07,08,1 08,06,0 08,06,1 J7
04,07,1 04,08,0 05,07,0 05,07,1 06,06,1 06,07,0 07,06,0 N7
04,09,1 05,08,1 05,09,0 05,09,1 06,07,1 06,08,0 06,08,1 M7
02,09,1 03,08,1 03,09,0 03,09,1 04,08,1 04,09,0 05,08,0 U7
01,11,1 02,10,0 02,10,1 02,11,0 03,10,0 P5
04,10,1 04,11,0 04,11,1 04,12,0 04,12,1 04,13,0 05,10,0 L7
02,11,1 02,12,0 02,12,1 02,13,0 03,10,1 03,11,0 04,10,0 R7
02,13,1 03,11,1 03,12,0 03,12,1 03,13,0 03,13,1 P6
01,13,1 01,14,0 01,14,1 02,14,0 02,14,1 02,15,0 03,14,0 Q7
02,15,1 03,14,1 03,15,0 03,15,1 T4
03,16,0 03,16,1 04,15,0 04,15,1 04,16,0 04,16,1 05,16,0 Y7
09,08,0 09,08,1 09,09,0 10,07,1 10,08,0 10,08,1 X6
06,09,1 06,10,0 07,09,0 07,09,1 08,08,0 08,08,1 08,09,0 S7
10,09,0 10,09,1 10,10,1 10,11,0 11,09,0 11,09,1 11,10,0 V7
05,11,0 05,11,1 06,10,1 06,11,0 07,10,0 07,10,1 S6
08,09,1 08,10,0 08,10,1 08,11,0 09,09,1 09,10,0 V6
08,11,1 08,12,1 09,10,1 09,11,0 09,11,1 09,12,0 10,10,0 Z7
05,15,1 06,14,1 06,15,0 07,13,0 07,13,1 07,14,0 08,13,0 P7
06,12,1 06,13,0 07,11,0 07,11,1 07,12,0 07,12,1 08,12,0 W7
04,13,1 05,12,0 05,12,1 05,13,0 05,13,1 06,11,1 06,12,0 X7
04,14,0 04,14,1 05,14,0 05,14,1 05,15,0 06,13,1 06,14,0 T7

                    ________
                   /        \
                  /___    ___\
                 /    \  /    \
                /___   \/      \
               /    \   \       \
              /___   \   \_______\
             /   /   /   /        \
            /___/___/___/___    ___\
           /       /\      /   /\   \
          /   ____/  \    /___/  \   \
         /   /        \  /        \   \
        /___/   _______\/_______   \   \
       /    \  /\      /\      /\  /    \
      /___   \/  \    /  \    /  \/______\
     /    \  /   /   /   /    \       \   \
    /   ___\/   /   /   /___   \    ___\   \
   /    \   \   \  /   /    \  /   /\      /\
  /___   \   \   \/   /___   \/___/  \    /  \
 /    \  /    \   \   \  /\      /    \   \   \
/      \/______\___\___\/  \____/      \___\   \
\      /\       \      /\       \  /\  /       /
 \____/  \       \    /__\____   \/  \/_______/
  \       \  /\   \      /   /   /       /   /
   \    ___\/  \___\    /   /___/___    /   /
    \   \  /\       \  /   /        \  /   /
     \___\/  \____   \/   /_______   \/   /
      \           \   \      /   /\  /   /
       \___________\___\____/   /  \/   /
        \      /        \      /   /\  /
         \    /___       \____/   /  \/
          \      /\  /\  /   /   /   /
           \____/  \/  \/   /   /   /
            \      /\      /\  /   /
             \    /  \    /  \/___/
              \   \   \  /       /
               \___\   \/   ____/
                \      /   /   /
                 \____/___/   /
                  \      /   /
                   \____/___/

solution 3 (24,914 searches):
00,09,1 00,10,0 00,10,1 01,09,0 01,09,1 01,10,0 O6
00,11,0 00,11,1 00,12,0 00,12,1 01,10,1 01,11,0 01,12,0 A7
01,08,1 02,07,1 02,08,0 02,08,1 02,09,0 03,07,0 03,08,0 B7
00,13,0 00,13,1 01,12,1 01,13,0 C4
00,14,0 00,14,1 00,15,0 00,15,1 01,15,0 01,15,1 C6
00,16,0 00,16,1 D2
00,17,0 00,17,1 01,16,0 01,16,1 01,17,0 C5
00,18,0 00,18,1 01,17,1 01,18,0 02,16,0 02,16,1 02,17,0 C7
00,19,0 00,19,1 01,18,1 01,19,0 01,19,1 02,19,0 E6
02,17,1 02,18,0 02,18,1 03,17,0 03,17,1 03,18,0 04,17,0 D7
03,06,1 04,06,0 04,06,1 04,07,0 05,06,0 05,06,1 06,06,0 E7
03,07,1 T1
04,05,1 05,04,1 05,05,0 05,05,1 06,04,0 06,04,1 F6
06,05,0 06,05,1 07,04,1 07,05,0 07,05,1 08,04,1 08,05,0 F7
06,03,1 07,02,1 07,03,0 07,03,1 07,04,0 08,02,0 H6
08,01,1 08,02,1 08,03,0 09,01,0 09,01,1 09,02,0 G6
09,00,1 10,00,0 10,00,1 I3
11,00,0 11,00,1 11,01,0 11,01,1 I4
08,03,1 08,04,0 09,02,1 09,03,0 09,03,1 09,04,0 09,04,1 G7
10,01,0 10,01,1 10,02,0 10,02,1 10,03,0 11,02,0 11,02,1 H7
11,03,0 11,03,1 11,04,0 11,04,1 11,05,0 I5
10,03,1 10,04,0 10,04,1 10,05,0 10,05,1 10,06,0 I6
11,05,1 11,06,0 11,06,1 11,07,0 11,07,1 11,08,0 11,08,1 I7
08,07,0 08,07,1 09,07,0 09,07,1 10,06,1 10,07,0 J6
08,05,1 09,05,0 09,05,1 09,06,0 09,06,1 L5
07,06,1 07,07,0 07,07,1 07,08,0 07,08,1 08,06,0 08,06,1 J7
04,07,1 04,08,0 05,07,0 05,07,1 06,06,1 06,07,0 07,06,0 N7
04,09,1 05,08,1 05,09,0 05,09,1 06,07,1 06,08,0 06,08,1 M7
02,09,1 03,08,1 03,09,0 03,09,1 04,08,1 04,09,0 05,08,0 U7
01,11,1 02,10,0 02,10,1 02,11,0 03,10,0 P5
04,10,1 04,11,0 04,11,1 04,12,0 04,12,1 04,13,0 05,10,0 L7
02,11,1 02,12,0 02,12,1 02,13,0 03,10,1 03,11,0 04,10,0 R7
02,13,1 03,11,1 03,12,0 03,12,1 03,13,0 03,13,1 P6
01,13,1 01,14,0 01,14,1 02,14,0 02,14,1 02,15,0 03,14,0 Q7
02,15,1 03,15,0 03,15,1 03,16,0 03,16,1 04,15,0 04,16,0 Z7
04,15,1 04,16,1 05,15,0 05,15,1 05,16,0 06,15,0 V6
03,14,1 04,13,1 04,14,0 04,14,1 T4
09,08,0 09,08,1 09,09,0 10,07,1 10,08,0 10,08,1 X6
06,09,1 06,10,0 07,09,0 07,09,1 08,08,0 08,08,1 08,09,0 S7
10,09,0 10,09,1 10,10,1 10,11,0 11,09,0 11,09,1 11,10,0 V7
05,11,0 05,11,1 05,12,0 05,12,1 05,13,0 05,13,1 06,11,0 P7
05,14,0 05,14,1 06,13,0 06,13,1 06,14,0 06,14,1 07,14,0 Y7
06,10,1 07,10,0 07,10,1 07,11,0 07,11,1 08,09,1 08,10,0 W7
06,11,1 06,12,0 06,12,1 07,12,0 07,12,1 07,13,0 S6
07,13,1 08,11,0 08,11,1 08,12,0 08,12,1 08,13,0 09,12,0 T7
08,10,1 09,09,1 09,10,0 09,10,1 09,11,0 09,11,1 10,10,0 X7

                    ________
                   /        \
                  /___    ___\
                 /    \  /    \
                /___   \/      \
               /    \   \       \
              /___   \   \_______\
             /   /   /   /    \   \
            /___/___/___/   ___\   \
           /       /\       \       \
          /   ____/  \_______\_______\
         /   /        \      /        \
        /___/   _______\    /___    ___\
       /    \  /\      /\  /   /   /\   \
      /___   \/  \    /  \/   /___/  \   \
     /    \  /   /   /   /   /       /    \
    /   ___\/   /   /   /   /   ____/   ___\
   /    \   \   \  /   /    \  /   /   /   /\
  /___   \   \   \/   /______\/   /___/   /  \
 /    \  /    \   \   \  /\       \       \   \
/      \/______\___\___\/  \____   \    ___\   \
\      /\       \      /\       \  /\  /       /
 \____/  \       \    /__\____   \/  \/_______/
  \       \  /\   \      /   /   /       /   /
   \    ___\/  \___\    /   /___/___    /   /
    \   \  /\       \  /   /        \  /   /
     \___\/  \____   \/   /_______   \/   /
      \           \   \      /   /\  /   /
       \___________\___\____/   /  \/   /
        \      /        \      /   /\  /
         \    /___       \____/   /  \/
          \      /\  /\  /   /   /   /
           \____/  \/  \/   /   /   /
            \      /\      /\  /   /
             \    /  \    /  \/___/
              \   \   \  /       /
               \___\   \/   ____/
                \      /   /   /
                 \____/___/   /
                  \      /   /
                   \____/___/

solution 4 (57,785 searches):
00,09,1 00,10,0 00,10,1 01,09,0 01,09,1 01,10,0 O6
00,11,0 00,11,1 00,12,0 00,12,1 01,10,1 01,11,0 01,12,0 A7
01,08,1 02,07,1 02,08,0 02,08,1 02,09,0 03,07,0 03,08,0 B7
00,13,0 00,13,1 01,12,1 01,13,0 C4
00,14,0 00,14,1 00,15,0 00,15,1 01,15,0 01,15,1 C6
00,16,0 00,16,1 D2
00,17,0 00,17,1 01,16,0 01,16,1 01,17,0 C5
00,18,0 00,18,1 01,17,1 01,18,0 02,16,0 02,16,1 02,17,0 C7
00,19,0 00,19,1 01,18,1 01,19,0 01,19,1 02,19,0 E6
02,17,1 02,18,0 02,18,1 03,17,0 03,17,1 03,18,0 04,17,0 D7
03,06,1 04,06,0 04,06,1 04,07,0 05,06,0 05,06,1 06,06,0 E7
03,07,1 T1
04,05,1 05,04,1 05,05,0 05,05,1 06,04,0 06,04,1 F6
06,05,0 06,05,1 07,04,1 07,05,0 07,05,1 08,04,1 08,05,0 F7
06,03,1 07,02,1 07,03,0 07,03,1 07,04,0 08,02,0 H6
08,01,1 08,02,1 08,03,0 09,01,0 09,01,1 09,02,0 G6
09,00,1 10,00,0 10,00,1 I3
11,00,0 11,00,1 11,01,0 11,01,1 I4
08,03,1 08,04,0 09,02,1 09,03,0 09,03,1 09,04,0 09,04,1 G7
10,01,0 10,01,1 10,02,0 10,02,1 10,03,0 11,02,0 11,02,1 H7
11,03,0 11,03,1 11,04,0 11,04,1 11,05,0 I5
10,03,1 10,04,0 10,04,1 10,05,0 10,05,1 10,06,0 I6
11,05,1 11,06,0 11,06,1 11,07,0 11,07,1 11,08,0 11,08,1 I7
08,07,0 08,07,1 09,07,0 09,07,1 10,06,1 10,07,0 J6
08,05,1 09,05,0 09,05,1 09,06,0 09,06,1 L5
07,06,1 07,07,0 07,07,1 07,08,0 07,08,1 08,06,0 08,06,1 J7
04,07,1 04,08,0 05,07,0 05,07,1 06,06,1 06,07,0 07,06,0 N7
04,09,1 05,08,1 05,09,0 05,09,1 06,07,1 06,08,0 06,08,1 M7
02,09,1 03,08,1 03,09,0 03,09,1 04,08,1 04,09,0 05,08,0 U7
01,11,1 02,10,0 02,10,1 02,11,0 03,10,0 P5
04,10,1 04,11,0 04,11,1 04,12,0 04,12,1 04,13,0 05,10,0 L7
02,11,1 03,10,1 03,11,0 03,11,1 03,12,0 03,12,1 04,10,0 T7
01,13,1 01,14,0 01,14,1 02,12,0 02,12,1 02,13,0 S6
02,13,1 02,14,0 02,14,1 02,15,0 02,15,1 03,15,0 03,15,1 R7
03,13,0 03,13,1 03,14,0 03,14,1 04,13,1 04,14,0 05,13,0 V7
03,16,0 03,16,1 04,15,0 04,15,1 04,16,0 04,16,1 05,16,0 Y7
04,14,1 05,13,1 05,14,0 05,14,1 05,15,0 06,14,0 X6
05,15,1 06,14,1 06,15,0 07,13,0 07,13,1 07,14,0 08,13,0 P7
05,12,1 06,12,0 06,12,1 06,13,0 06,13,1 07,11,1 07,12,0 W7
05,11,0 05,11,1 05,12,0 06,10,1 06,11,0 06,11,1 07,11,0 X7
06,09,1 06,10,0 07,09,0 07,09,1 07,10,0 07,10,1 08,10,0 S7
08,08,0 08,08,1 08,09,0 09,08,0 T4
08,09,1 09,08,1 09,09,0 09,09,1 10,07,1 10,08,0 P6
10,08,1 10,09,0 10,09,1 10,10,0 11,09,0 11,09,1 11,10,0 Z7
09,10,1 09,11,0 09,11,1 09,12,0 10,10,1 10,11,0 V6
07,12,1 08,10,1 08,11,0 08,11,1 08,12,0 08,12,1 09,10,0 Q7

                    ________
                   /        \
                  /___    ___\
                 /    \  /    \
                /___   \/      \
               /    \   \       \
              /___   \   \_______\
             /   /   /   /        \
            /___/___/___/___    ___\
           /       /       /   /\   \
          /   ____/   ____/___/  \   \
         /   /   /   /    \       \   \
        /___/   /   /      \    ___\   \
       /    \   \  /   /\   \  /   /    \
      /___   \   \/___/  \___\/   /______\
     /    \  /   /   /   /\       \      /\
    /   ___\/___/   /   /  \____   \    /  \
   /    \   \      /   /        \  /   /    \
  /___   \   \    /   /___    ___\/   /      \
 /    \  /    \   \   \  /\  /    \   \  /\  /\
/      \/______\___\___\/  \/   ___\___\/  \/  \
\      /\       \      /\      /\      /       /
 \____/  \       \    /__\____/  \    /   ____/
  \       \  /\   \      /   /    \   \  /   /
   \    ___\/  \___\    /   /______\   \/   /
    \   \  /\       \  /   /        \  /   /
     \___\/  \____   \/   /_______   \/   /
      \           \   \      /   /\  /   /
       \___________\___\____/   /  \/   /
        \      /        \      /   /\  /
         \    /___       \____/   /  \/
          \      /\  /\  /   /   /   /
           \____/  \/  \/   /   /   /
            \      /\      /\  /   /
             \    /  \    /  \/___/
              \   \   \  /       /
               \___\   \/   ____/
                \      /   /   /
                 \____/___/   /
                  \      /   /
                   \____/___/

solution 5 (79,487 searches):
00,09,1 00,10,0 00,10,1 01,09,0 01,09,1 01,10,0 O6
00,11,0 00,11,1 00,12,0 00,12,1 01,10,1 01,11,0 01,12,0 A7
01,08,1 02,07,1 02,08,0 02,08,1 02,09,0 03,07,0 03,08,0 B7
00,13,0 00,13,1 01,12,1 01,13,0 C4
00,14,0 00,14,1 00,15,0 00,15,1 01,15,0 01,15,1 C6
00,16,0 00,16,1 D2
00,17,0 00,17,1 01,16,0 01,16,1 01,17,0 C5
00,18,0 00,18,1 01,17,1 01,18,0 02,16,0 02,16,1 02,17,0 C7
00,19,0 00,19,1 01,18,1 01,19,0 01,19,1 02,19,0 E6
02,17,1 02,18,0 02,18,1 03,17,0 03,17,1 03,18,0 04,17,0 D7
03,06,1 04,06,0 04,06,1 04,07,0 05,06,0 05,06,1 06,06,0 E7
03,07,1 T1
04,05,1 05,04,1 05,05,0 05,05,1 06,04,0 06,04,1 F6
06,05,0 06,05,1 07,04,1 07,05,0 07,05,1 08,04,1 08,05,0 F7
06,03,1 07,02,1 07,03,0 07,03,1 07,04,0 08,02,0 H6
08,01,1 08,02,1 08,03,0 09,01,0 09,01,1 09,02,0 G6
09,00,1 10,00,0 10,00,1 I3
11,00,0 11,00,1 11,01,0 11,01,1 I4
08,03,1 08,04,0 09,02,1 09,03,0 09,03,1 09,04,0 09,04,1 G7
10,01,0 10,01,1 10,02,0 10,02,1 10,03,0 11,02,0 11,02,1 H7
11,03,0 11,03,1 11,04,0 11,04,1 11,05,0 I5
10,03,1 10,04,0 10,04,1 10,05,0 10,05,1 10,06,0 I6
11,05,1 11,06,0 11,06,1 11,07,0 11,07,1 11,08,0 11,08,1 I7
08,07,0 08,07,1 09,07,0 09,07,1 10,06,1 10,07,0 J6
08,05,1 09,05,0 09,05,1 09,06,0 09,06,1 L5
07,06,1 07,07,0 07,07,1 07,08,0 07,08,1 08,06,0 08,06,1 J7
04,07,1 04,08,0 05,07,0 05,07,1 06,06,1 06,07,0 07,06,0 N7
04,09,1 05,08,1 05,09,0 05,09,1 06,07,1 06,08,0 06,08,1 M7
02,09,1 03,08,1 03,09,0 03,09,1 04,08,1 04,09,0 05,08,0 U7
01,11,1 02,10,0 02,10,1 02,11,0 03,10,0 P5
04,10,1 04,11,0 04,11,1 04,12,0 04,12,1 04,13,0 05,10,0 L7
02,11,1 03,10,1 03,11,0 03,11,1 03,12,0 03,12,1 04,10,0 T7
01,13,1 01,14,0 02,12,0 02,12,1 02,13,0 02,13,1 03,13,0 W7
01,14,1 02,14,0 02,14,1 02,15,0 02,15,1 03,15,0 S6
03,13,1 03,14,0 03,14,1 04,13,1 04,14,0 05,13,0 05,13,1 S7
03,15,1 03,16,0 03,16,1 04,14,1 04,15,0 04,16,0 04,16,1 V7
04,15,1 05,14,0 05,14,1 05,15,0 05,15,1 05,16,0 06,15,0 X7
06,14,1 07,12,1 07,13,0 07,13,1 07,14,0 08,12,1 08,13,0 Y7
05,12,1 06,11,1 06,12,0 06,12,1 06,13,0 06,13,1 06,14,0 P7
05,11,0 05,11,1 05,12,0 06,11,0 T4
06,09,1 06,10,0 06,10,1 07,10,0 07,10,1 07,11,0 08,10,0 Q7
07,09,0 07,09,1 08,08,0 08,08,1 08,09,0 08,09,1 V6
07,11,1 07,12,0 08,11,0 08,11,1 08,12,0 09,10,1 09,11,0 Z7
09,11,1 09,12,0 10,10,0 10,10,1 10,11,0 11,10,0 P6
09,08,0 09,08,1 09,09,0 10,07,1 10,08,0 10,08,1 X6
08,10,1 09,09,1 09,10,0 10,09,0 10,09,1 11,09,0 11,09,1 R7

                    ________
                   /        \
                  /___    ___\
                 /    \  /    \
                /___   \/      \
               /    \   \       \
              /___   \   \_______\
             /   /   /   /       /\
            /___/___/___/   ____/  \
           /       /    \   \       \
          /   ____/   ___\   \    ___\
         /   /\      /    \  /   /\   \
        /___/  \____/      \/___/  \   \
       /    \       \  /\      /   /    \
      /___   \    ___\/  \____/   /      \
     /    \  /   /   /   /\      /\  /\  /\
    /   ___\/___/   /   /  \    /  \/  \/  \
   /    \   \      /   /    \  /\       \   \
  /___   \   \    /   /______\/  \____   \   \
 /    \  /    \   \   \  /        \   \  /    \
/      \/______\___\___\/   _______\   \/______\
\      /\       \      /\  /       /\          /
 \____/  \       \    /__\/___    /  \________/
  \       \  /\   \      /   /   /       /   /
   \    ___\/  \___\    /   /___/___    /   /
    \   \  /\       \  /   /        \  /   /
     \___\/  \____   \/   /_______   \/   /
      \           \   \      /   /\  /   /
       \___________\___\____/   /  \/   /
        \      /        \      /   /\  /
         \    /___       \____/   /  \/
          \      /\  /\  /   /   /   /
           \____/  \/  \/   /   /   /
            \      /\      /\  /   /
             \    /  \    /  \/___/
              \   \   \  /       /
               \___\   \/   ____/
                \      /   /   /
                 \____/___/   /
                  \      /   /
                   \____/___/

solution 6 (84,016 searches):
00,09,1 00,10,0 00,10,1 01,09,0 01,09,1 01,10,0 O6
00,11,0 00,11,1 00,12,0 00,12,1 01,10,1 01,11,0 01,12,0 A7
01,08,1 02,07,1 02,08,0 02,08,1 02,09,0 03,07,0 03,08,0 B7
00,13,0 00,13,1 01,12,1 01,13,0 C4
00,14,0 00,14,1 00,15,0 00,15,1 01,15,0 01,15,1 C6
00,16,0 00,16,1 D2
00,17,0 00,17,1 01,16,0 01,16,1 01,17,0 C5
00,18,0 00,18,1 01,17,1 01,18,0 02,16,0 02,16,1 02,17,0 C7
00,19,0 00,19,1 01,18,1 01,19,0 01,19,1 02,19,0 E6
02,17,1 02,18,0 02,18,1 03,17,0 03,17,1 03,18,0 04,17,0 D7
03,06,1 04,06,0 04,06,1 04,07,0 05,06,0 05,06,1 06,06,0 E7
03,07,1 T1
04,05,1 05,04,1 05,05,0 05,05,1 06,04,0 06,04,1 F6
06,05,0 06,05,1 07,04,1 07,05,0 07,05,1 08,04,1 08,05,0 F7
06,03,1 07,02,1 07,03,0 07,03,1 07,04,0 08,02,0 H6
08,01,1 08,02,1 08,03,0 09,01,0 09,01,1 09,02,0 G6
09,00,1 10,00,0 10,00,1 I3
11,00,0 11,00,1 11,01,0 11,01,1 I4
08,03,1 08,04,0 09,02,1 09,03,0 09,03,1 09,04,0 09,04,1 G7
10,01,0 10,01,1 10,02,0 10,02,1 10,03,0 11,02,0 11,02,1 H7
11,03,0 11,03,1 11,04,0 11,04,1 11,05,0 I5
10,03,1 10,04,0 10,04,1 10,05,0 10,05,1 10,06,0 I6
11,05,1 11,06,0 11,06,1 11,07,0 11,07,1 11,08,0 11,08,1 I7
08,07,0 08,07,1 09,07,0 09,07,1 10,06,1 10,07,0 J6
08,05,1 09,05,0 09,05,1 09,06,0 09,06,1 L5
07,06,1 07,07,0 07,07,1 07,08,0 07,08,1 08,06,0 08,06,1 J7
04,07,1 04,08,0 05,07,0 05,07,1 06,06,1 06,07,0 07,06,0 N7
04,09,1 05,08,1 05,09,0 05,09,1 06,07,1 06,08,0 06,08,1 M7
02,09,1 03,08,1 03,09,0 03,09,1 04,08,1 04,09,0 05,08,0 U7
01,11,1 02,10,0 02,10,1 02,11,0 03,10,0 P5
04,10,1 04,11,0 04,11,1 04,12,0 04,12,1 04,13,0 05,10,0 L7
02,11,1 03,10,1 03,11,0 03,11,1 03,12,0 03,12,1 04,10,0 T7
01,13,1 01,14,0 02,12,0 02,12,1 02,13,0 02,13,1 03,13,0 W7
01,14,1 02,14,0 02,14,1 02,15,0 03,13,1 03,14,0 03,14,1 X7
02,15,1 03,15,0 03,15,1 03,16,0 03,16,1 04,16,0 S6
04,14,1 04,15,0 04,15,1 04,16,1 05,15,0 05,15,1 05,16,0 S7
04,13,1 04,14,0 05,12,1 05,13,0 06,11,1 06,12,0 06,12,1 P7
05,11,0 05,11,1 05,12,0 06,11,0 T4
05,14,0 05,14,1 06,14,0 06,14,1 06,15,0 07,14,0 P6
05,13,1 06,13,0 06,13,1 07,11,1 07,12,0 07,12,1 07,13,0 V7
07,13,1 08,11,1 08,12,0 08,12,1 08,13,0 09,11,1 09,12,0 Y7
06,09,1 06,10,0 06,10,1 07,10,0 07,10,1 07,11,0 08,10,0 Q7
07,09,0 07,09,1 08,08,0 08,08,1 08,09,0 08,09,1 V6
08,10,1 08,11,0 09,09,1 09,10,0 10,09,0 10,09,1 11,09,0 R7
09,08,0 09,08,1 09,09,0 10,07,1 10,08,0 10,08,1 X6
09,10,1 09,11,0 10,10,0 10,10,1 10,11,0 11,09,1 11,10,0 Z7

                    ________
                   /        \
                  /___    ___\
                 /    \  /    \
                /___   \/      \
               /    \   \       \
              /___   \   \_______\
             /   /   /   /    \   \
            /___/___/___/   ___\   \
           /       /\      /       /\
          /   ____/  \____/   ____/  \
         /   /\          /\  /        \
        /___/  \____    /  \/__________\
       /    \       \  /\   \       \   \
      /___   \    ___\/  \   \____   \   \
     /    \  /   /   /   /\      /   /    \
    /   ___\/___/   /   /  \    /   /      \
   /    \   \      /   /    \  /\  /\  /\  /\
  /___   \   \    /   /______\/  \/  \/  \/  \
 /    \  /    \   \   \  /        \   \       \
/      \/______\___\___\/   _______\   \____   \
\      /\       \      /\  /       /\       \  /
 \____/  \       \    /__\/___    /  \_______\/
  \       \  /\   \      /   /   /       /   /
   \    ___\/  \___\    /   /___/___    /   /
    \   \  /\       \  /   /        \  /   /
     \___\/  \____   \/   /_______   \/   /
      \           \   \      /   /\  /   /
       \___________\___\____/   /  \/   /
        \      /        \      /   /\  /
         \    /___       \____/   /  \/
          \      /\  /\  /   /   /   /
           \____/  \/  \/   /   /   /
            \      /\      /\  /   /
             \    /  \    /  \/___/
              \   \   \  /       /
               \___\   \/   ____/
                \      /   /   /
                 \____/___/   /
                  \      /   /
                   \____/___/

solution 7 (84,051 searches):
00,09,1 00,10,0 00,10,1 01,09,0 01,09,1 01,10,0 O6
00,11,0 00,11,1 00,12,0 00,12,1 01,10,1 01,11,0 01,12,0 A7
01,08,1 02,07,1 02,08,0 02,08,1 02,09,0 03,07,0 03,08,0 B7
00,13,0 00,13,1 01,12,1 01,13,0 C4
00,14,0 00,14,1 00,15,0 00,15,1 01,15,0 01,15,1 C6
00,16,0 00,16,1 D2
00,17,0 00,17,1 01,16,0 01,16,1 01,17,0 C5
00,18,0 00,18,1 01,17,1 01,18,0 02,16,0 02,16,1 02,17,0 C7
00,19,0 00,19,1 01,18,1 01,19,0 01,19,1 02,19,0 E6
02,17,1 02,18,0 02,18,1 03,17,0 03,17,1 03,18,0 04,17,0 D7
03,06,1 04,06,0 04,06,1 04,07,0 05,06,0 05,06,1 06,06,0 E7
03,07,1 T1
04,05,1 05,04,1 05,05,0 05,05,1 06,04,0 06,04,1 F6
06,05,0 06,05,1 07,04,1 07,05,0 07,05,1 08,04,1 08,05,0 F7
06,03,1 07,02,1 07,03,0 07,03,1 07,04,0 08,02,0 H6
08,01,1 08,02,1 08,03,0 09,01,0 09,01,1 09,02,0 G6
09,00,1 10,00,0 10,00,1 I3
11,00,0 11,00,1 11,01,0 11,01,1 I4
08,03,1 08,04,0 09,02,1 09,03,0 09,03,1 09,04,0 09,04,1 G7
10,01,0 10,01,1 10,02,0 10,02,1 10,03,0 11,02,0 11,02,1 H7
11,03,0 11,03,1 11,04,0 11,04,1 11,05,0 I5
10,03,1 10,04,0 10,04,1 10,05,0 10,05,1 10,06,0 I6
11,05,1 11,06,0 11,06,1 11,07,0 11,07,1 11,08,0 11,08,1 I7
08,07,0 08,07,1 09,07,0 09,07,1 10,06,1 10,07,0 J6
08,05,1 09,05,0 09,05,1 09,06,0 09,06,1 L5
07,06,1 07,07,0 07,07,1 07,08,0 07,08,1 08,06,0 08,06,1 J7
04,07,1 04,08,0 05,07,0 05,07,1 06,06,1 06,07,0 07,06,0 N7
04,09,1 05,08,1 05,09,0 05,09,1 06,07,1 06,08,0 06,08,1 M7
02,09,1 03,08,1 03,09,0 03,09,1 04,08,1 04,09,0 05,08,0 U7
01,11,1 02,10,0 02,10,1 02,11,0 03,10,0 P5
04,10,1 04,11,0 04,11,1 04,12,0 04,12,1 04,13,0 05,10,0 L7
02,11,1 03,10,1 03,11,0 03,11,1 03,12,0 03,12,1 04,10,0 T7
01,13,1 01,14,0 02,12,0 02,12,1 02,13,0 02,13,1 03,13,0 W7
01,14,1 02,14,0 02,14,1 02,15,0 03,13,1 03,14,0 03,14,1 X7
02,15,1 03,15,0 03,15,1 03,16,0 03,16,1 04,16,0 S6
04,14,1 04,15,0 04,15,1 04,16,1 05,15,0 05,15,1 05,16,0 S7
04,13,1 04,14,0 05,12,1 05,13,0 06,11,1 06,12,0 06,12,1 P7
05,11,0 05,11,1 05,12,0 06,11,0 T4
05,14,0 05,14,1 06,14,0 06,14,1 06,15,0 07,14,0 P6
05,13,1 06,13,0 06,13,1 07,11,1 07,12,0 07,12,1 07,13,0 V7
07,13,1 08,11,1 08,12,0 08,12,1 08,13,0 09,11,0 09,12,0 Z7
09,10,1 09,11,1 10,10,0 10,10,1 10,11,0 11,09,1 11,10,0 Y7
08,10,1 08,11,0 09,09,1 09,10,0 10,09,0 10,09,1 11,09,0 R7
06,09,1 06,10,0 06,10,1 07,10,0 07,10,1 07,11,0 08,10,0 Q7
07,09,0 07,09,1 08,08,0 08,08,1 08,09,0 08,09,1 V6
09,08,0 09,08,1 09,09,0 10,07,1 10,08,0 10,08,1 X6

                    ________
                   /        \
                  /___    ___\
                 /    \  /    \
                /___   \/      \
               /    \   \       \
              /___   \   \_______\
             /   /   /   /    \   \
            /___/___/___/   ___\   \
           /       /\      /       /\
          /   ____/  \____/   ____/  \
         /   /\          /\  /        \
        /___/  \____    /  \/__________\
       /    \       \  /\   \       \   \
      /___   \    ___\/  \   \____   \   \
     /    \  /   /   /   /\      /   /    \
    /   ___\/___/   /   /  \    /   /   ___\
   /    \   \      /   /    \  /\  /\   \   \
  /___   \   \    /   /______\/  \/  \___\   \
 /    \  /    \   \   \  /        \   \       \
/      \/______\___\___\/   _______\   \____   \
\      /\       \      /\  /       /\       \  /
 \____/  \       \    /__\/___    /  \_______\/
  \       \  /\   \      /   /   /       /   /
   \    ___\/  \___\    /   /___/___    /   /
    \   \  /\       \  /   /        \  /   /
     \___\/  \____   \/   /_______   \/   /
      \           \   \      /   /\  /   /
       \___________\___\____/   /  \/   /
        \      /        \      /   /\  /
         \    /___       \____/   /  \/
          \      /\  /\  /   /   /   /
           \____/  \/  \/   /   /   /
            \      /\      /\  /   /
             \    /  \    /  \/___/
              \   \   \  /       /
               \___\   \/   ____/
                \      /   /   /
                 \____/___/   /
                  \      /   /
                   \____/___/

solution 8 (90,175 searches):
00,09,1 00,10,0 00,10,1 01,09,0 01,09,1 01,10,0 O6
00,11,0 00,11,1 00,12,0 00,12,1 01,10,1 01,11,0 01,12,0 A7
01,08,1 02,07,1 02,08,0 02,08,1 02,09,0 03,07,0 03,08,0 B7
00,13,0 00,13,1 01,12,1 01,13,0 C4
00,14,0 00,14,1 00,15,0 00,15,1 01,15,0 01,15,1 C6
00,16,0 00,16,1 D2
00,17,0 00,17,1 01,16,0 01,16,1 01,17,0 C5
00,18,0 00,18,1 01,17,1 01,18,0 02,16,0 02,16,1 02,17,0 C7
00,19,0 00,19,1 01,18,1 01,19,0 01,19,1 02,19,0 E6
02,17,1 02,18,0 02,18,1 03,17,0 03,17,1 03,18,0 04,17,0 D7
03,06,1 04,06,0 04,06,1 04,07,0 05,06,0 05,06,1 06,06,0 E7
03,07,1 T1
04,05,1 05,04,1 05,05,0 05,05,1 06,04,0 06,04,1 F6
06,05,0 06,05,1 07,04,1 07,05,0 07,05,1 08,04,1 08,05,0 F7
06,03,1 07,02,1 07,03,0 07,03,1 07,04,0 08,02,0 H6
08,01,1 08,02,1 08,03,0 09,01,0 09,01,1 09,02,0 G6
09,00,1 10,00,0 10,00,1 I3
11,00,0 11,00,1 11,01,0 11,01,1 I4
08,03,1 08,04,0 09,02,1 09,03,0 09,03,1 09,04,0 09,04,1 G7
10,01,0 10,01,1 10,02,0 10,02,1 10,03,0 11,02,0 11,02,1 H7
11,03,0 11,03,1 11,04,0 11,04,1 11,05,0 I5
10,03,1 10,04,0 10,04,1 10,05,0 10,05,1 10,06,0 I6
11,05,1 11,06,0 11,06,1 11,07,0 11,07,1 11,08,0 11,08,1 I7
08,07,0 08,07,1 09,07,0 09,07,1 10,06,1 10,07,0 J6
08,05,1 09,05,0 09,05,1 09,06,0 09,06,1 L5
07,06,1 07,07,0 07,07,1 07,08,0 07,08,1 08,06,0 08,06,1 J7
04,07,1 04,08,0 05,07,0 05,07,1 06,06,1 06,07,0 07,06,0 N7
04,09,1 05,08,1 05,09,0 05,09,1 06,07,1 06,08,0 06,08,1 M7
02,09,1 03,08,1 03,09,0 03,09,1 04,08,1 04,09,0 05,08,0 U7
01,11,1 02,10,0 02,10,1 02,11,0 03,10,0 P5
04,10,1 04,11,0 04,11,1 04,12,0 04,12,1 04,13,0 05,10,0 L7
02,11,1 03,10,1 03,11,0 03,11,1 03,12,0 03,12,1 04,10,0 T7
01,13,1 01,14,0 02,12,0 02,12,1 02,13,0 02,13,1 03,13,0 W7
01,14,1 02,14,0 02,14,1 02,15,0 03,13,1 03,14,0 03,14,1 X7
02,15,1 03,15,0 03,15,1 03,16,0 03,16,1 04,16,0 S6
04,15,1 04,16,1 05,15,0 05,15,1 05,16,0 06,15,0 V6
04,14,1 04,15,0 05,14,0 05,14,1 06,13,1 06,14,0 06,14,1 Q7
04,13,1 04,14,0 05,11,0 05,11,1 05,12,0 05,12,1 05,13,0 R7
05,13,1 06,12,1 06,13,0 07,11,1 07,12,0 07,12,1 P6
07,13,0 07,13,1 07,14,0 08,13,0 T4
06,09,1 06,10,0 06,10,1 06,11,0 06,11,1 06,12,0 07,11,0 P7
09,08,0 09,08,1 09,09,0 10,07,1 10,08,0 10,08,1 X6
07,09,0 07,09,1 07,10,0 07,10,1 08,08,0 08,08,1 08,09,0 Z7
08,09,1 08,10,0 08,10,1 08,11,0 08,11,1 09,09,1 09,10,0 Y7
08,12,0 08,12,1 09,10,1 09,11,0 09,11,1 09,12,0 10,10,0 S7
10,09,0 10,09,1 10,10,1 10,11,0 11,09,0 11,09,1 11,10,0 V7

                    ________
                   /        \
                  /___    ___\
                 /    \  /    \
                /___   \/      \
               /    \   \       \
              /___   \   \_______\
             /   /   /   /    \   \
            /___/___/___/   ___\   \
           /       /\      /\       \
          /   ____/  \____/  \_______\
         /   /\          /\          /\
        /___/  \____    /  \____    /  \
       /    \       \  /\   \   \  /    \
      /___   \    ___\/  \   \   \/______\
     /    \  /   /   /   /   /\      /    \
    /   ___\/___/   /   /   /  \    /___   \
   /    \   \      /   /   /    \  /   /   /\
  /___   \   \    /   /___/   ___\/   /   /  \
 /    \  /    \   \   \  /   /   /    \   \   \
/      \/______\___\___\/   /   /      \___\   \
\      /\       \      /\  /    \  /\  /       /
 \____/  \       \    /__\/___   \/  \/_______/
  \       \  /\   \      /   /   /       /   /
   \    ___\/  \___\    /   /___/___    /   /
    \   \  /\       \  /   /        \  /   /
     \___\/  \____   \/   /_______   \/   /
      \           \   \      /   /\  /   /
       \___________\___\____/   /  \/   /
        \      /        \      /   /\  /
         \    /___       \____/   /  \/
          \      /\  /\  /   /   /   /
           \____/  \/  \/   /   /   /
            \      /\      /\  /   /
             \    /  \    /  \/___/
              \   \   \  /       /
               \___\   \/   ____/
                \      /   /   /
                 \____/___/   /
                  \      /   /
                   \____/___/

solution 9 (90,826 searches):
00,09,1 00,10,0 00,10,1 01,09,0 01,09,1 01,10,0 O6
00,11,0 00,11,1 00,12,0 00,12,1 01,10,1 01,11,0 01,12,0 A7
01,08,1 02,07,1 02,08,0 02,08,1 02,09,0 03,07,0 03,08,0 B7
00,13,0 00,13,1 01,12,1 01,13,0 C4
00,14,0 00,14,1 00,15,0 00,15,1 01,15,0 01,15,1 C6
00,16,0 00,16,1 D2
00,17,0 00,17,1 01,16,0 01,16,1 01,17,0 C5
00,18,0 00,18,1 01,17,1 01,18,0 02,16,0 02,16,1 02,17,0 C7
00,19,0 00,19,1 01,18,1 01,19,0 01,19,1 02,19,0 E6
02,17,1 02,18,0 02,18,1 03,17,0 03,17,1 03,18,0 04,17,0 D7
03,06,1 04,06,0 04,06,1 04,07,0 05,06,0 05,06,1 06,06,0 E7
03,07,1 T1
04,05,1 05,04,1 05,05,0 05,05,1 06,04,0 06,04,1 F6
06,05,0 06,05,1 07,04,1 07,05,0 07,05,1 08,04,1 08,05,0 F7
06,03,1 07,02,1 07,03,0 07,03,1 07,04,0 08,02,0 H6
08,01,1 08,02,1 08,03,0 09,01,0 09,01,1 09,02,0 G6
09,00,1 10,00,0 10,00,1 I3
11,00,0 11,00,1 11,01,0 11,01,1 I4
08,03,1 08,04,0 09,02,1 09,03,0 09,03,1 09,04,0 09,04,1 G7
10,01,0 10,01,1 10,02,0 10,02,1 10,03,0 11,02,0 11,02,1 H7
11,03,0 11,03,1 11,04,0 11,04,1 11,05,0 I5
10,03,1 10,04,0 10,04,1 10,05,0 10,05,1 10,06,0 I6
11,05,1 11,06,0 11,06,1 11,07,0 11,07,1 11,08,0 11,08,1 I7
08,07,0 08,07,1 09,07,0 09,07,1 10,06,1 10,07,0 J6
08,05,1 09,05,0 09,05,1 09,06,0 09,06,1 L5
07,06,1 07,07,0 07,07,1 07,08,0 07,08,1 08,06,0 08,06,1 J7
04,07,1 04,08,0 05,07,0 05,07,1 06,06,1 06,07,0 07,06,0 N7
04,09,1 05,08,1 05,09,0 05,09,1 06,07,1 06,08,0 06,08,1 M7
02,09,1 03,08,1 03,09,0 03,09,1 04,08,1 04,09,0 05,08,0 U7
01,11,1 02,10,0 02,10,1 02,11,0 03,10,0 P5
04,10,1 04,11,0 04,11,1 04,12,0 04,12,1 04,13,0 05,10,0 L7
02,11,1 03,10,1 03,11,0 03,11,1 03,12,0 03,12,1 04,10,0 T7
01,13,1 01,14,0 02,12,0 02,12,1 02,13,0 02,13,1 03,13,0 W7
01,14,1 02,14,0 02,14,1 02,15,0 03,13,1 03,14,0 03,14,1 X7
02,15,1 03,15,0 03,15,1 03,16,0 03,16,1 04,16,0 S6
04,15,1 04,16,1 05,15,0 05,15,1 05,16,0 06,15,0 V6
04,14,1 04,15,0 05,14,0 05,14,1 06,13,1 06,14,0 06,14,1 Q7
04,13,1 04,14,0 05,12,1 05,13,0 05,13,1 06,12,0 06,13,0 Y7
05,11,0 05,11,1 05,12,0 06,10,1 06,11,0 06,11,1 X6
06,09,1 06,10,0 07,09,0 07,09,1 08,08,0 08,08,1 08,09,0 S7
07,13,0 07,13,1 07,14,0 08,13,0 T4
08,09,1 08,10,0 08,10,1 09,08,0 09,08,1 09,09,0 09,09,1 Z7
10,07,1 10,08,0 10,08,1 10,09,0 10,09,1 11,09,0 11,09,1 R7
06,12,1 07,10,0 07,10,1 07,11,0 07,11,1 07,12,0 07,12,1 P7
08,11,0 08,11,1 08,12,0 08,12,1 09,11,1 09,12,0 10,11,0 V7
09,10,0 09,10,1 09,11,0 10,10,0 10,10,1 11,10,0 P6

                    ________
                   /        \
                  /___    ___\
                 /    \  /    \
                /___   \/      \
               /    \   \       \
              /___   \   \_______\
             /   /   /   /    \   \
            /___/___/___/   ___\   \
           /       /\      /\       \
          /   ____/  \____/  \_______\
         /   /\          /\          /\
        /___/  \____    /  \____    /  \
       /    \       \  /\       \  /    \
      /___   \    ___\/  \    ___\/______\
     /    \  /   /   /   /\   \      /    \
    /   ___\/___/   /   /  \___\    /      \
   /    \   \      /   /       /   /   /\   \
  /___   \   \    /   /___    /   /___/  \___\
 /    \  /    \   \   \  /\  /   /   /        \
/      \/______\___\___\/  \/___/   /__________\
\      /\       \      /\       \      /       /
 \____/  \       \    /__\____   \    /   ____/
  \       \  /\   \      /   /   /   /   /   /
   \    ___\/  \___\    /   /___/___/   /   /
    \   \  /\       \  /   /        \  /   /
     \___\/  \____   \/   /_______   \/   /
      \           \   \      /   /\  /   /
       \___________\___\____/   /  \/   /
        \      /        \      /   /\  /
         \    /___       \____/   /  \/
          \      /\  /\  /   /   /   /
           \____/  \/  \/   /   /   /
            \      /\      /\  /   /
             \    /  \    /  \/___/
              \   \   \  /       /
               \___\   \/   ____/
                \      /   /   /
                 \____/___/   /
                  \      /   /
                   \____/___/

solution 10 (98,109 searches):
00,09,1 00,10,0 00,10,1 01,09,0 01,09,1 01,10,0 O6
00,11,0 00,11,1 00,12,0 00,12,1 01,10,1 01,11,0 01,12,0 A7
01,08,1 02,07,1 02,08,0 02,08,1 02,09,0 03,07,0 03,08,0 B7
00,13,0 00,13,1 01,12,1 01,13,0 C4
00,14,0 00,14,1 00,15,0 00,15,1 01,15,0 01,15,1 C6
00,16,0 00,16,1 D2
00,17,0 00,17,1 01,16,0 01,16,1 01,17,0 C5
00,18,0 00,18,1 01,17,1 01,18,0 02,16,0 02,16,1 02,17,0 C7
00,19,0 00,19,1 01,18,1 01,19,0 01,19,1 02,19,0 E6
02,17,1 02,18,0 02,18,1 03,17,0 03,17,1 03,18,0 04,17,0 D7
03,06,1 04,06,0 04,06,1 04,07,0 05,06,0 05,06,1 06,06,0 E7
03,07,1 T1
04,05,1 05,04,1 05,05,0 05,05,1 06,04,0 06,04,1 F6
06,05,0 06,05,1 07,04,1 07,05,0 07,05,1 08,04,1 08,05,0 F7
06,03,1 07,02,1 07,03,0 07,03,1 07,04,0 08,02,0 H6
08,01,1 08,02,1 08,03,0 09,01,0 09,01,1 09,02,0 G6
09,00,1 10,00,0 10,00,1 I3
11,00,0 11,00,1 11,01,0 11,01,1 I4
08,03,1 08,04,0 09,02,1 09,03,0 09,03,1 09,04,0 09,04,1 G7
10,01,0 10,01,1 10,02,0 10,02,1 10,03,0 11,02,0 11,02,1 H7
11,03,0 11,03,1 11,04,0 11,04,1 11,05,0 I5
10,03,1 10,04,0 10,04,1 10,05,0 10,05,1 10,06,0 I6
11,05,1 11,06,0 11,06,1 11,07,0 11,07,1 11,08,0 11,08,1 I7
08,07,0 08,07,1 09,07,0 09,07,1 10,06,1 10,07,0 J6
08,05,1 09,05,0 09,05,1 09,06,0 09,06,1 L5
07,06,1 07,07,0 07,07,1 07,08,0 07,08,1 08,06,0 08,06,1 J7
04,07,1 04,08,0 05,07,0 05,07,1 06,06,1 06,07,0 07,06,0 N7
04,09,1 05,08,1 05,09,0 05,09,1 06,07,1 06,08,0 06,08,1 M7
02,09,1 03,08,1 03,09,0 03,09,1 04,08,1 04,09,0 05,08,0 U7
01,11,1 02,10,0 02,10,1 02,11,0 03,10,0 P5
04,10,1 04,11,0 04,11,1 04,12,0 04,12,1 04,13,0 05,10,0 L7
02,11,1 03,10,1 03,11,0 03,11,1 03,12,0 03,12,1 04,10,0 T7
01,13,1 01,14,0 02,12,0 02,12,1 02,13,0 02,13,1 03,13,0 W7
01,14,1 02,14,0 02,14,1 02,15,0 03,13,1 03,14,0 03,14,1 X7
02,15,1 03,15,0 03,15,1 03,16,0 03,16,1 04,16,0 S6
04,15,1 04,16,1 05,15,0 05,15,1 05,16,0 06,14,1 06,15,0 Y7
04,14,0 04,14,1 04,15,0 05,14,0 05,14,1 06,13,1 06,14,0 Q7
07,13,0 07,13,1 07,14,0 08,13,0 T4
04,13,1 05,12,1 05,13,0 05,13,1 06,12,0 06,13,0 V6
05,11,0 05,11,1 05,12,0 06,10,1 06,11,0 06,11,1 X6
06,09,1 06,10,0 07,09,0 07,09,1 08,08,0 08,08,1 08,09,0 S7
08,09,1 08,10,0 08,10,1 09,08,0 09,08,1 09,09,0 09,09,1 Z7
10,07,1 10,08,0 10,08,1 10,09,0 10,09,1 11,09,0 11,09,1 R7
06,12,1 07,10,0 07,10,1 07,11,0 07,11,1 07,12,0 07,12,1 P7
08,11,0 08,11,1 08,12,0 08,12,1 09,11,1 09,12,0 10,11,0 V7
09,10,0 09,10,1 09,11,0 10,10,0 10,10,1 11,10,0 P6

                    ________
                   /        \
                  /___    ___\
                 /    \  /    \
                /___   \/      \
               /    \   \       \
              /___   \   \_______\
             /   /   /   /    \   \
            /___/___/___/   ___\   \
           /       /\      /\       \
          /   ____/  \____/  \____   \
         /   /\          /        \  /\
        /___/  \____    /_______   \/  \
       /    \       \  /\       \  /    \
      /___   \    ___\/  \    ___\/______\
     /    \  /   /   /   /\   \      /    \
    /   ___\/___/   /   /  \___\    /      \
   /    \   \      /   /       /   /   /\   \
  /___   \   \    /   /___    /   /___/  \___\
 /    \  /    \   \   \  /\  /   /   /        \
/      \/______\___\___\/  \/___/   /__________\
\      /\       \      /\       \      /       /
 \____/  \       \    /__\____   \    /   ____/
  \       \  /\   \      /   /   /   /   /   /
   \    ___\/  \___\    /   /___/___/   /   /
    \   \  /\       \  /   /        \  /   /
     \___\/  \____   \/   /_______   \/   /
      \           \   \      /   /\  /   /
       \___________\___\____/   /  \/   /
        \      /        \      /   /\  /
         \    /___       \____/   /  \/
          \      /\  /\  /   /   /   /
           \____/  \/  \/   /   /   /
            \      /\      /\  /   /
             \    /  \    /  \/___/
              \   \   \  /       /
               \___\   \/   ____/
                \      /   /   /
                 \____/___/   /
                  \      /   /
                   \____/___/

User-requested solution limit reached.
10 solutions, 98,109 searches, duration 0:00:17.027718
