solving Polyiamonds1234567Hexagon1:

solution 1 (911 searches):
07,04,1 07,05,0 07,05,1 07,06,0 08,03,1 08,04,0 C6
08,04,1 08,05,0 09,04,0 09,04,1 09,05,0 09,05,1 10,04,0 A7
06,07,1 06,08,0 D2
00,06,1 00,07,0 00,07,1 01,06,0 01,06,1 01,07,0 O6
00,08,0 00,08,1 00,09,0 00,09,1 01,07,1 01,08,0 01,08,1 B7
01,05,1 02,05,0 02,05,1 02,06,0 C4
02,04,1 02,06,1 03,04,0 03,04,1 03,05,0 03,05,1 03,06,0 C7
03,03,1 04,02,1 04,03,0 04,03,1 05,02,0 05,02,1 05,03,0 D7
05,01,1 06,01,0 06,01,1 06,02,0 07,01,0 07,01,1 E6
06,00,1 07,00,0 07,00,1 I3
08,00,0 08,00,1 08,01,0 08,01,1 08,02,0 08,02,1 09,01,0 E7
09,00,0 09,00,1 09,01,1 10,00,0 10,00,1 10,01,0 G6
09,02,0 09,02,1 09,03,0 09,03,1 10,02,0 10,03,0 F6
10,01,1 10,02,1 11,00,0 11,00,1 11,01,0 11,01,1 11,02,0 F7
12,00,0 12,00,1 12,01,0 12,01,1 12,02,0 13,00,0 13,00,1 G7
12,02,1 12,03,0 13,01,0 13,01,1 13,02,0 13,02,1 H6
10,03,1 10,04,1 11,03,0 11,03,1 11,04,0 C5
11,02,1 T1
06,04,1 06,05,0 07,02,1 07,03,0 07,03,1 07,04,0 08,03,0 H7
05,03,1 06,02,1 06,03,0 07,02,0 I4
04,05,1 05,04,1 05,05,0 06,03,1 06,04,0 I5
04,04,0 04,04,1 04,05,0 05,04,0 T4
03,07,1 03,08,0 04,06,1 04,07,0 05,05,1 05,06,0 I6
02,07,0 02,07,1 03,06,1 03,07,0 04,06,0 L5
02,08,0 02,08,1 02,09,0 02,09,1 02,10,0 02,10,1 02,11,0 I7
00,10,0 00,10,1 01,09,0 01,09,1 01,10,0 01,10,1 V6
00,11,0 00,11,1 00,12,0 00,12,1 00,13,0 00,13,1 01,13,0 L7
01,11,0 01,11,1 01,12,0 01,12,1 02,12,0 02,12,1 03,12,0 R7
01,13,1 02,13,0 02,13,1 03,12,1 03,13,0 04,12,0 04,12,1 N7
03,13,1 04,13,0 04,13,1 05,12,1 05,13,0 05,13,1 P6
03,08,1 04,07,1 04,08,0 04,08,1 04,09,0 P5
02,11,1 03,09,0 03,09,1 03,10,0 03,10,1 03,11,0 J6
03,11,1 04,11,0 04,11,1 05,11,0 05,11,1 05,12,0 06,11,0 P7
04,09,1 04,10,0 04,10,1 05,08,1 05,09,0 05,10,0 05,10,1 V7
05,09,1 06,08,1 06,09,0 06,09,1 06,10,0 06,10,1 07,10,0 Q7
06,12,1 06,13,0 06,13,1 07,12,1 07,13,0 08,11,1 08,12,0 J7
06,11,1 06,12,0 07,11,0 07,11,1 07,12,0 08,10,1 08,11,0 Z7
09,10,0 09,10,1 09,11,0 10,09,0 10,09,1 10,10,0 11,09,0 M7
07,08,1 07,09,0 07,09,1 07,10,1 08,09,0 08,09,1 08,10,0 S7
08,08,1 09,08,0 09,08,1 09,09,0 09,09,1 10,07,1 10,08,0 W7
08,07,1 08,08,0 09,06,0 09,06,1 09,07,0 09,07,1 10,06,0 X7
10,05,0 10,05,1 11,04,1 11,05,0 11,05,1 12,03,1 12,04,0 T7
10,06,1 10,07,0 11,06,0 11,06,1 12,05,1 12,06,0 S6
12,04,1 12,05,0 13,03,0 13,03,1 13,04,0 13,04,1 13,05,0 Y7
10,08,1 11,07,0 11,07,1 11,08,0 11,08,1 12,07,0 X6
12,06,1 12,07,1 12,08,0 13,05,1 13,06,0 13,06,1 13,07,0 U7

              ____________________________
             /    \       \          /    \
            /   ___\____   \____    /      \
           /   /        \      /\  /\  /\   \
          /   /   _______\____/  \/  \/  \   \
         /   /   /\   \           \       \  /\
        /___/___/  \   \___________\____   \/  \
       /       /   /   /       /    \   \  /    \
      /___    /   /   /   ____/   ___\   \/___   \
     /   /   /   /   /\   \      /       /   /    \
    /   /___/   /___/  \   \    /   ____/   /______\
   /       /   /\      /\  /\  /\  /\       \      /\
  /___    /___/  \    /  \/  \/  \/  \____   \    /  \
 /    \  /    \   \  /    \  /    \      /\  /    \   \
/      \/___   \   \/      \/      \    /  \/______\   \
\      /\   \   \   \      /\      /    \       \      /
 \____/  \   \___\   \    /  \    /______\____   \    /
  \      /   /\   \  /\  /   /\  /   /       /\  /\  /
   \____/   /  \   \/  \/   /  \/   /___    /  \/  \/
    \      /    \   \   \   \       \   \   \      /
     \____/______\   \   \   \_______\   \   \    /
      \       \   \  /    \  /    \      /\  /   /
       \       \   \/   ___\/   ___\____/  \/___/
        \      /\   \  /   /    \   \  /\      /
         \____/  \___\/   /______\   \/  \    /
          \          /    \   \      /   /   /
           \________/   ___\   \    /   /___/
            \      /   /       /   /       /
             \____/___/_______/___/_______/

solution 2 (11,688 searches):
07,04,1 07,05,0 07,05,1 07,06,0 08,03,1 08,04,0 C6
08,04,1 08,05,0 09,04,0 09,04,1 09,05,0 09,05,1 10,04,0 A7
06,07,1 06,08,0 D2
00,06,1 00,07,0 00,07,1 01,06,0 01,06,1 01,07,0 O6
00,08,0 00,08,1 00,09,0 00,09,1 01,07,1 01,08,0 01,08,1 B7
01,05,1 02,05,0 02,05,1 02,06,0 C4
02,04,1 02,06,1 03,04,0 03,04,1 03,05,0 03,05,1 03,06,0 C7
03,03,1 04,02,1 04,03,0 04,03,1 05,02,0 05,02,1 05,03,0 D7
05,01,1 06,01,0 06,01,1 06,02,0 07,01,0 07,01,1 E6
06,00,1 07,00,0 07,00,1 I3
08,00,0 08,00,1 08,01,0 08,01,1 08,02,0 08,02,1 09,01,0 E7
09,00,0 09,00,1 09,01,1 10,00,0 10,00,1 10,01,0 G6
09,02,0 09,02,1 09,03,0 09,03,1 10,02,0 10,03,0 F6
10,01,1 10,02,1 11,00,0 11,00,1 11,01,0 11,01,1 11,02,0 F7
12,00,0 12,00,1 12,01,0 12,01,1 12,02,0 13,00,0 13,00,1 G7
12,02,1 12,03,0 13,01,0 13,01,1 13,02,0 13,02,1 H6
10,03,1 10,04,1 11,03,0 11,03,1 11,04,0 C5
11,02,1 T1
06,04,1 06,05,0 07,02,1 07,03,0 07,03,1 07,04,0 08,03,0 H7
05,03,1 06,02,1 06,03,0 07,02,0 I4
04,05,1 05,04,1 05,05,0 06,03,1 06,04,0 I5
04,04,0 04,04,1 04,05,0 05,04,0 T4
03,07,1 03,08,0 04,06,1 04,07,0 05,05,1 05,06,0 I6
02,07,0 02,07,1 03,06,1 03,07,0 04,06,0 L5
02,08,0 02,08,1 02,09,0 02,09,1 02,10,0 02,10,1 02,11,0 I7
00,10,0 00,10,1 01,09,0 01,09,1 01,10,0 01,10,1 V6
00,11,0 00,11,1 00,12,0 00,12,1 00,13,0 00,13,1 01,13,0 L7
01,11,0 01,11,1 01,12,0 01,12,1 02,12,0 02,12,1 03,12,0 R7
01,13,1 02,13,0 02,13,1 03,12,1 03,13,0 04,12,0 04,12,1 N7
03,13,1 04,13,0 04,13,1 05,12,1 05,13,0 05,13,1 P6
03,08,1 04,07,1 04,08,0 04,08,1 04,09,0 P5
02,11,1 03,09,0 03,09,1 03,10,0 03,10,1 03,11,0 J6
03,11,1 04,10,1 04,11,0 04,11,1 05,11,0 05,11,1 05,12,0 Q7
04,09,1 04,10,0 05,08,1 05,09,0 05,09,1 06,08,1 06,09,0 Z7
05,10,0 05,10,1 06,09,1 06,10,0 06,10,1 07,08,1 07,09,0 T7
06,12,0 06,12,1 06,13,0 06,13,1 07,12,1 07,13,0 08,12,0 V7
06,11,0 06,11,1 07,09,1 07,10,0 07,10,1 07,11,0 08,09,0 S7
07,11,1 07,12,0 08,10,0 08,10,1 08,11,0 08,11,1 09,11,0 W7
12,03,1 12,04,0 12,04,1 12,05,0 12,05,1 13,03,0 13,03,1 J7
12,06,1 13,04,0 13,04,1 13,05,0 13,05,1 13,06,0 13,06,1 P7
11,07,0 11,07,1 11,08,0 12,07,0 12,07,1 12,08,0 13,07,0 M7
09,10,1 10,08,1 10,09,0 10,09,1 10,10,0 11,08,1 11,09,0 Y7
08,09,1 09,08,0 09,08,1 09,09,0 09,09,1 09,10,0 10,08,0 X7
08,07,1 08,08,0 08,08,1 09,06,0 09,06,1 09,07,0 S6
09,07,1 10,06,1 10,07,0 10,07,1 11,06,0 11,06,1 12,06,0 U7
10,05,0 10,05,1 10,06,0 11,04,1 11,05,0 11,05,1 X6

              ____________________________
             /    \       \          /    \
            /   ___\____   \____    /      \
           /   /        \      /\  /   /\   \
          /   /   _______\____/  \/___/  \___\
         /   /   /\   \          /    \       \
        /___/___/  \   \    ____/___   \    ___\
       /       /   /   /\  /       /   /   /\   \
      /___    /   /   /  \/___    /   /___/  \   \
     /   /   /   /   /\       \   \   \      /    \
    /   /___/   /___/  \       \   \___\    /      \
   /       /   /\      /\  /\  /\  /   /    \  /\  /\
  /___    /___/  \    /  \/  \/  \/   /______\/  \/  \
 /    \  /    \   \  /    \  /    \   \      /        \
/      \/___   \   \/      \/      \   \    /__________\
\      /\   \   \   \      /\      /   /\       \      /
 \____/  \   \___\   \    /  \    /___/  \_______\    /
  \      /   /\   \  /\  /   /\  /   /       /   /   /
   \____/   /  \   \/  \/   /  \/   /___    /   /   /
    \      /    \   \   \   \       \   \  /   /   /
     \____/______\   \   \   \_______\   \/   /___/
      \       \   \  /    \  /    \      /\      /
       \       \   \/   ___\/   ___\____/  \____/
        \      /\   \  /   /    \   \  /\      /
         \____/  \___\/   /______\   \/  \    /
          \          /    \   \      /   /   /
           \________/   ___\   \    /   /___/
            \      /   /       /   /       /
             \____/___/_______/___/_______/

solution 3 (41,486 searches):
07,04,1 07,05,0 07,05,1 07,06,0 08,03,1 08,04,0 C6
08,04,1 08,05,0 09,04,0 09,04,1 09,05,0 09,05,1 10,04,0 A7
06,07,1 06,08,0 D2
00,06,1 00,07,0 00,07,1 01,06,0 01,06,1 01,07,0 O6
00,08,0 00,08,1 00,09,0 00,09,1 01,07,1 01,08,0 01,08,1 B7
01,05,1 02,05,0 02,05,1 02,06,0 C4
02,04,1 02,06,1 03,04,0 03,04,1 03,05,0 03,05,1 03,06,0 C7
03,03,1 04,02,1 04,03,0 04,03,1 05,02,0 05,02,1 05,03,0 D7
05,01,1 06,01,0 06,01,1 06,02,0 07,01,0 07,01,1 E6
06,00,1 07,00,0 07,00,1 I3
08,00,0 08,00,1 08,01,0 08,01,1 08,02,0 08,02,1 09,01,0 E7
09,00,0 09,00,1 09,01,1 10,00,0 10,00,1 10,01,0 G6
09,02,0 09,02,1 09,03,0 09,03,1 10,02,0 10,03,0 F6
10,01,1 10,02,1 11,00,0 11,00,1 11,01,0 11,01,1 11,02,0 F7
12,00,0 12,00,1 12,01,0 12,01,1 12,02,0 13,00,0 13,00,1 G7
12,02,1 12,03,0 13,01,0 13,01,1 13,02,0 13,02,1 H6
10,03,1 10,04,1 11,03,0 11,03,1 11,04,0 C5
11,02,1 T1
06,04,1 06,05,0 07,02,1 07,03,0 07,03,1 07,04,0 08,03,0 H7
05,03,1 06,02,1 06,03,0 07,02,0 I4
04,05,1 05,04,1 05,05,0 06,03,1 06,04,0 I5
04,04,0 04,04,1 04,05,0 05,04,0 T4
03,07,1 03,08,0 04,06,1 04,07,0 05,05,1 05,06,0 I6
02,07,0 02,07,1 03,06,1 03,07,0 04,06,0 L5
02,08,0 02,08,1 02,09,0 02,09,1 02,10,0 02,10,1 02,11,0 I7
00,10,0 00,10,1 01,09,0 01,09,1 01,10,0 01,10,1 V6
00,11,0 00,11,1 00,12,0 00,12,1 00,13,0 00,13,1 01,13,0 L7
01,11,0 01,11,1 01,12,0 01,12,1 02,12,0 02,12,1 03,12,0 R7
01,13,1 02,13,0 02,13,1 03,12,1 03,13,0 04,12,0 04,12,1 N7
03,13,1 04,13,0 04,13,1 05,12,1 05,13,0 05,13,1 P6
03,08,1 04,07,1 04,08,0 04,08,1 04,09,0 P5
02,11,1 03,09,0 03,09,1 03,10,0 03,10,1 03,11,0 J6
03,11,1 04,10,1 04,11,0 04,11,1 05,10,0 05,10,1 06,10,0 U7
04,09,1 04,10,0 05,08,1 05,09,0 05,09,1 06,08,1 06,09,0 Z7
05,11,0 05,11,1 05,12,0 06,10,1 06,11,0 06,11,1 07,11,0 X7
06,12,0 06,12,1 06,13,0 06,13,1 07,12,1 07,13,0 08,12,0 V7
07,11,1 07,12,0 08,11,0 08,11,1 09,10,1 09,11,0 S6
06,09,1 07,09,0 07,09,1 07,10,0 07,10,1 08,08,1 08,09,0 W7
07,08,1 08,07,1 08,08,0 09,06,0 09,06,1 09,07,0 09,07,1 T7
10,05,0 10,05,1 11,04,1 11,05,0 12,03,1 12,04,0 12,04,1 Q7
12,05,1 13,03,0 13,03,1 13,04,0 13,04,1 13,05,0 13,05,1 P7
10,06,0 10,06,1 11,05,1 11,06,0 11,06,1 12,05,0 12,06,0 Y7
10,07,0 10,07,1 10,08,0 11,07,0 11,07,1 11,08,0 12,07,0 M7
11,08,1 12,06,1 12,07,1 12,08,0 13,06,0 13,06,1 13,07,0 J7
08,09,1 08,10,0 08,10,1 09,08,0 09,08,1 09,09,0 09,10,0 S7
09,09,1 10,08,1 10,09,0 10,09,1 10,10,0 11,09,0 X6

              ____________________________
             /    \       \          /    \
            /   ___\____   \____    /      \
           /   /        \      /\  /   /\   \
          /   /   _______\____/  \/___/  \___\
         /   /   /\   \      /        \       \
        /___/___/  \   \    /___    ___\____   \
       /       /   /   /\       \  /   /    \  /\
      /___    /   /   /  \_______\/   /   ___\/  \
     /   /   /   /   /\       \       \   \       \
    /   /___/   /___/  \       \____   \   \    ___\
   /       /   /\      /\  /\  /\   \  /   /\  /\   \
  /___    /___/  \    /  \/  \/  \   \/___/  \/  \   \
 /    \  /    \   \  /    \  /    \      /        \   \
/      \/___   \   \/      \/      \    /__________\   \
\      /\   \   \   \      /\      /   /        \      /
 \____/  \   \___\   \    /  \    /___/___    ___\____/
  \      /   /\   \  /\  /   /\  /   /    \   \      /
   \____/   /  \   \/  \/   /  \/   /___   \___\    /
    \      /    \   \   \   \       \   \      /   /
     \____/______\   \   \   \_______\   \    /   /
      \       \   \  /    \  /    \      /\  /   /
       \       \   \/   ___\/   ___\____/  \/___/
        \      /\   \  /   /    \   \  /\      /
         \____/  \___\/   /______\   \/  \    /
          \          /    \   \      /   /   /
           \________/   ___\   \    /   /___/
            \      /   /       /   /       /
             \____/___/_______/___/_______/

solution 4 (41,981 searches):
07,04,1 07,05,0 07,05,1 07,06,0 08,03,1 08,04,0 C6
08,04,1 08,05,0 09,04,0 09,04,1 09,05,0 09,05,1 10,04,0 A7
06,07,1 06,08,0 D2
00,06,1 00,07,0 00,07,1 01,06,0 01,06,1 01,07,0 O6
00,08,0 00,08,1 00,09,0 00,09,1 01,07,1 01,08,0 01,08,1 B7
01,05,1 02,05,0 02,05,1 02,06,0 C4
02,04,1 02,06,1 03,04,0 03,04,1 03,05,0 03,05,1 03,06,0 C7
03,03,1 04,02,1 04,03,0 04,03,1 05,02,0 05,02,1 05,03,0 D7
05,01,1 06,01,0 06,01,1 06,02,0 07,01,0 07,01,1 E6
06,00,1 07,00,0 07,00,1 I3
08,00,0 08,00,1 08,01,0 08,01,1 08,02,0 08,02,1 09,01,0 E7
09,00,0 09,00,1 09,01,1 10,00,0 10,00,1 10,01,0 G6
09,02,0 09,02,1 09,03,0 09,03,1 10,02,0 10,03,0 F6
10,01,1 10,02,1 11,00,0 11,00,1 11,01,0 11,01,1 11,02,0 F7
12,00,0 12,00,1 12,01,0 12,01,1 12,02,0 13,00,0 13,00,1 G7
12,02,1 12,03,0 13,01,0 13,01,1 13,02,0 13,02,1 H6
10,03,1 10,04,1 11,03,0 11,03,1 11,04,0 C5
11,02,1 T1
06,04,1 06,05,0 07,02,1 07,03,0 07,03,1 07,04,0 08,03,0 H7
05,03,1 06,02,1 06,03,0 07,02,0 I4
04,05,1 05,04,1 05,05,0 06,03,1 06,04,0 I5
04,04,0 04,04,1 04,05,0 05,04,0 T4
03,07,1 03,08,0 04,06,1 04,07,0 05,05,1 05,06,0 I6
02,07,0 02,07,1 03,06,1 03,07,0 04,06,0 L5
02,08,0 02,08,1 02,09,0 02,09,1 02,10,0 02,10,1 02,11,0 I7
00,10,0 00,10,1 01,09,0 01,09,1 01,10,0 01,10,1 V6
00,11,0 00,11,1 00,12,0 00,12,1 00,13,0 00,13,1 01,13,0 L7
01,11,0 01,11,1 01,12,0 01,12,1 02,12,0 02,12,1 03,12,0 R7
01,13,1 02,13,0 02,13,1 03,12,1 03,13,0 04,12,0 04,12,1 N7
03,13,1 04,13,0 04,13,1 05,12,1 05,13,0 05,13,1 P6
03,08,1 04,07,1 04,08,0 04,08,1 04,09,0 P5
02,11,1 03,09,0 03,09,1 03,10,0 03,10,1 03,11,0 J6
03,11,1 04,10,1 04,11,0 04,11,1 05,10,0 05,10,1 06,10,0 U7
04,09,1 04,10,0 05,08,1 05,09,0 05,09,1 06,08,1 06,09,0 Z7
05,11,0 05,11,1 05,12,0 06,10,1 06,11,0 06,11,1 07,11,0 X7
06,12,0 06,12,1 06,13,0 06,13,1 07,12,1 07,13,0 08,12,0 V7
07,11,1 07,12,0 08,11,0 08,11,1 09,10,0 09,10,1 09,11,0 S7
06,09,1 07,09,0 07,09,1 07,10,0 07,10,1 08,08,1 08,09,0 W7
07,08,1 08,07,1 08,08,0 09,06,0 09,06,1 09,07,0 09,07,1 T7
08,09,1 08,10,0 08,10,1 09,08,0 09,08,1 09,09,0 S6
09,09,1 10,08,1 10,09,0 10,09,1 10,10,0 11,09,0 X6
10,05,0 10,05,1 11,04,1 11,05,0 12,03,1 12,04,0 12,04,1 Q7
12,05,1 13,03,0 13,03,1 13,04,0 13,04,1 13,05,0 13,05,1 P7
10,06,0 10,06,1 11,05,1 11,06,0 11,06,1 12,05,0 12,06,0 Y7
10,07,0 10,07,1 10,08,0 11,07,0 11,07,1 11,08,0 12,07,0 M7
11,08,1 12,06,1 12,07,1 12,08,0 13,06,0 13,06,1 13,07,0 J7

              ____________________________
             /    \       \          /    \
            /   ___\____   \____    /      \
           /   /        \      /\  /   /\   \
          /   /   _______\____/  \/___/  \___\
         /   /   /\   \      /        \       \
        /___/___/  \   \    /___    ___\____   \
       /       /   /   /\       \  /   /   /   /\
      /___    /   /   /  \_______\/   /   /___/  \
     /   /   /   /   /\       \       \   \       \
    /   /___/   /___/  \       \____   \   \    ___\
   /       /   /\      /\  /\  /\   \  /   /\  /\   \
  /___    /___/  \    /  \/  \/  \   \/___/  \/  \   \
 /    \  /    \   \  /    \  /    \      /        \   \
/      \/___   \   \/      \/      \    /__________\   \
\      /\   \   \   \      /\      /   /        \      /
 \____/  \   \___\   \    /  \    /___/___    ___\____/
  \      /   /\   \  /\  /   /\  /   /    \   \      /
   \____/   /  \   \/  \/   /  \/   /___   \___\    /
    \      /    \   \   \   \       \   \      /   /
     \____/______\   \   \   \_______\   \    /   /
      \       \   \  /    \  /    \      /\  /   /
       \       \   \/   ___\/   ___\____/  \/___/
        \      /\   \  /   /    \   \  /\      /
         \____/  \___\/   /______\   \/  \    /
          \          /    \   \      /   /   /
           \________/   ___\   \    /   /___/
            \      /   /       /   /       /
             \____/___/_______/___/_______/

solution 5 (51,164 searches):
07,04,1 07,05,0 07,05,1 07,06,0 08,03,1 08,04,0 C6
08,04,1 08,05,0 09,04,0 09,04,1 09,05,0 09,05,1 10,04,0 A7
06,07,1 06,08,0 D2
00,06,1 00,07,0 00,07,1 01,06,0 01,06,1 01,07,0 O6
00,08,0 00,08,1 00,09,0 00,09,1 01,07,1 01,08,0 01,08,1 B7
01,05,1 02,05,0 02,05,1 02,06,0 C4
02,04,1 02,06,1 03,04,0 03,04,1 03,05,0 03,05,1 03,06,0 C7
03,03,1 04,02,1 04,03,0 04,03,1 05,02,0 05,02,1 05,03,0 D7
05,01,1 06,01,0 06,01,1 06,02,0 07,01,0 07,01,1 E6
06,00,1 07,00,0 07,00,1 I3
08,00,0 08,00,1 08,01,0 08,01,1 08,02,0 08,02,1 09,01,0 E7
09,00,0 09,00,1 09,01,1 10,00,0 10,00,1 10,01,0 G6
09,02,0 09,02,1 09,03,0 09,03,1 10,02,0 10,03,0 F6
10,01,1 10,02,1 11,00,0 11,00,1 11,01,0 11,01,1 11,02,0 F7
12,00,0 12,00,1 12,01,0 12,01,1 12,02,0 13,00,0 13,00,1 G7
12,02,1 12,03,0 13,01,0 13,01,1 13,02,0 13,02,1 H6
10,03,1 10,04,1 11,03,0 11,03,1 11,04,0 C5
11,02,1 T1
06,04,1 06,05,0 07,02,1 07,03,0 07,03,1 07,04,0 08,03,0 H7
05,03,1 06,02,1 06,03,0 07,02,0 I4
04,05,1 05,04,1 05,05,0 06,03,1 06,04,0 I5
04,04,0 04,04,1 04,05,0 05,04,0 T4
03,07,1 03,08,0 04,06,1 04,07,0 05,05,1 05,06,0 I6
02,07,0 02,07,1 03,06,1 03,07,0 04,06,0 L5
02,08,0 02,08,1 02,09,0 02,09,1 02,10,0 02,10,1 02,11,0 I7
00,10,0 00,10,1 01,09,0 01,09,1 01,10,0 01,10,1 V6
00,11,0 00,11,1 00,12,0 00,12,1 00,13,0 00,13,1 01,13,0 L7
01,11,0 01,11,1 01,12,0 01,12,1 02,12,0 02,12,1 03,12,0 R7
01,13,1 02,13,0 02,13,1 03,12,1 03,13,0 04,12,0 04,12,1 N7
03,13,1 04,13,0 04,13,1 05,12,1 05,13,0 05,13,1 P6
03,08,1 04,07,1 04,08,0 04,08,1 04,09,0 P5
02,11,1 03,09,0 03,09,1 03,10,0 03,10,1 03,11,0 J6
03,11,1 04,10,0 04,10,1 04,11,0 04,11,1 05,10,0 X6
04,09,1 05,08,1 05,09,0 05,09,1 06,08,1 06,09,0 06,09,1 M7
05,11,1 05,12,0 06,11,0 06,11,1 06,12,0 06,12,1 06,13,0 J7
05,10,1 05,11,0 06,10,0 06,10,1 07,09,1 07,10,0 S6
06,13,1 07,11,0 07,11,1 07,12,0 07,12,1 07,13,0 08,12,0 T7
07,08,1 07,09,0 08,08,0 08,08,1 08,09,0 08,09,1 09,09,0 S7
07,10,1 08,10,0 08,10,1 08,11,0 08,11,1 09,10,0 09,11,0 Z7
09,09,1 09,10,1 10,09,0 10,09,1 10,10,0 11,08,1 11,09,0 Y7
12,05,1 13,03,0 13,03,1 13,04,0 13,04,1 13,05,0 13,05,1 P7
12,06,0 12,06,1 12,07,1 12,08,0 13,06,0 13,06,1 13,07,0 V7
10,05,0 10,05,1 11,04,1 11,05,0 12,03,1 12,04,0 12,04,1 Q7
10,06,0 10,06,1 11,05,1 11,06,0 11,06,1 11,07,0 12,05,0 W7
08,07,1 09,06,0 09,06,1 09,07,0 09,07,1 09,08,0 10,07,0 X7
09,08,1 10,07,1 10,08,0 10,08,1 11,07,1 11,08,0 12,07,0 U7

              ____________________________
             /    \       \          /\   \
            /   ___\____   \____    /  \   \
           /   /        \      /\  /   /    \
          /   /   _______\____/  \/   /   ___\
         /   /   /\   \      /\      /   /    \
        /___/___/  \   \    /  \____/___/   ___\
       /       /   /   /    \       \       \   \
      /___    /   /   /______\____   \_______\   \
     /   /   /   /   /\          /\  /    \       \
    /   /___/   /___/  \        /  \/   ___\____   \
   /       /   /\      /\  /\  /\      /\       \  /\
  /___    /___/  \    /  \/  \/  \____/  \       \/  \
 /    \  /    \   \  /    \  /    \       \  /\   \   \
/      \/___   \   \/      \/      \    ___\/  \___\   \
\      /\   \   \   \      /\      /   /       /       /
 \____/  \   \___\   \    /  \    /___/___    /_______/
  \      /   /\   \  /\  /   /\  /   /    \   \      /
   \____/   /  \   \/  \/   /  \/   /___   \___\    /
    \      /    \   \   \   \       \   \      /   /
     \____/______\   \   \   \_______\   \    /   /
      \       \   \  /    \  /    \      /\  /   /
       \       \   \/   ___\/   ___\____/  \/___/
        \      /\   \  /   /    \   \  /\      /
         \____/  \___\/   /______\   \/  \    /
          \          /    \   \      /   /   /
           \________/   ___\   \    /   /___/
            \      /   /       /   /       /
             \____/___/_______/___/_______/

solution 6 (51,855 searches):
07,04,1 07,05,0 07,05,1 07,06,0 08,03,1 08,04,0 C6
08,04,1 08,05,0 09,04,0 09,04,1 09,05,0 09,05,1 10,04,0 A7
06,07,1 06,08,0 D2
00,06,1 00,07,0 00,07,1 01,06,0 01,06,1 01,07,0 O6
00,08,0 00,08,1 00,09,0 00,09,1 01,07,1 01,08,0 01,08,1 B7
01,05,1 02,05,0 02,05,1 02,06,0 C4
02,04,1 02,06,1 03,04,0 03,04,1 03,05,0 03,05,1 03,06,0 C7
03,03,1 04,02,1 04,03,0 04,03,1 05,02,0 05,02,1 05,03,0 D7
05,01,1 06,01,0 06,01,1 06,02,0 07,01,0 07,01,1 E6
06,00,1 07,00,0 07,00,1 I3
08,00,0 08,00,1 08,01,0 08,01,1 08,02,0 08,02,1 09,01,0 E7
09,00,0 09,00,1 09,01,1 10,00,0 10,00,1 10,01,0 G6
09,02,0 09,02,1 09,03,0 09,03,1 10,02,0 10,03,0 F6
10,01,1 10,02,1 11,00,0 11,00,1 11,01,0 11,01,1 11,02,0 F7
12,00,0 12,00,1 12,01,0 12,01,1 12,02,0 13,00,0 13,00,1 G7
12,02,1 12,03,0 13,01,0 13,01,1 13,02,0 13,02,1 H6
10,03,1 10,04,1 11,03,0 11,03,1 11,04,0 C5
11,02,1 T1
06,04,1 06,05,0 07,02,1 07,03,0 07,03,1 07,04,0 08,03,0 H7
05,03,1 06,02,1 06,03,0 07,02,0 I4
04,05,1 05,04,1 05,05,0 06,03,1 06,04,0 I5
04,04,0 04,04,1 04,05,0 05,04,0 T4
03,07,1 03,08,0 04,06,1 04,07,0 05,05,1 05,06,0 I6
02,07,0 02,07,1 03,06,1 03,07,0 04,06,0 L5
02,08,0 02,08,1 02,09,0 02,09,1 02,10,0 02,10,1 02,11,0 I7
00,10,0 00,10,1 01,09,0 01,09,1 01,10,0 01,10,1 V6
00,11,0 00,11,1 00,12,0 00,12,1 00,13,0 00,13,1 01,13,0 L7
01,11,0 01,11,1 01,12,0 01,12,1 02,12,0 02,12,1 03,12,0 R7
01,13,1 02,13,0 02,13,1 03,12,1 03,13,0 04,12,0 04,12,1 N7
03,13,1 04,13,0 04,13,1 05,12,1 05,13,0 05,13,1 P6
03,08,1 04,07,1 04,08,0 04,08,1 04,09,0 P5
02,11,1 03,09,0 03,09,1 03,10,0 03,10,1 03,11,0 J6
03,11,1 04,10,0 04,10,1 04,11,0 04,11,1 05,10,0 X6
04,09,1 05,08,1 05,09,0 05,09,1 06,08,1 06,09,0 06,09,1 M7
05,11,1 05,12,0 06,11,0 06,11,1 06,12,0 06,12,1 06,13,0 J7
05,10,1 05,11,0 06,10,0 06,10,1 07,09,0 07,09,1 07,10,0 S7
06,13,1 07,11,0 07,11,1 07,12,0 07,12,1 07,13,0 08,12,0 T7
12,05,1 13,03,0 13,03,1 13,04,0 13,04,1 13,05,0 13,05,1 P7
10,05,0 10,05,1 11,04,1 11,05,0 12,03,1 12,04,0 12,04,1 Q7
10,06,0 10,06,1 11,05,1 11,06,0 11,06,1 11,07,0 12,05,0 W7
08,07,1 09,06,0 09,06,1 09,07,0 09,07,1 09,08,0 10,07,0 X7
07,08,1 08,08,0 08,08,1 08,09,0 08,09,1 09,09,0 S6
07,10,1 08,10,0 08,10,1 08,11,0 08,11,1 09,10,0 09,11,0 Z7
09,09,1 09,10,1 10,09,0 10,09,1 10,10,0 11,08,1 11,09,0 Y7
12,06,0 12,06,1 12,07,1 12,08,0 13,06,0 13,06,1 13,07,0 V7
09,08,1 10,07,1 10,08,0 10,08,1 11,07,1 11,08,0 12,07,0 U7

              ____________________________
             /    \       \          /\   \
            /   ___\____   \____    /  \   \
           /   /        \      /\  /   /    \
          /   /   _______\____/  \/   /   ___\
         /   /   /\   \      /\      /   /    \
        /___/___/  \   \    /  \____/___/   ___\
       /       /   /   /    \       \       \   \
      /___    /   /   /______\____   \_______\   \
     /   /   /   /   /\          /   /    \       \
    /   /___/   /___/  \        /___/   ___\____   \
   /       /   /\      /\  /\  /\      /\       \  /\
  /___    /___/  \    /  \/  \/  \____/  \       \/  \
 /    \  /    \   \  /    \  /    \       \  /\   \   \
/      \/___   \   \/      \/      \    ___\/  \___\   \
\      /\   \   \   \      /\      /   /       /       /
 \____/  \   \___\   \    /  \    /___/___    /_______/
  \      /   /\   \  /\  /   /\  /   /    \   \      /
   \____/   /  \   \/  \/   /  \/   /___   \___\    /
    \      /    \   \   \   \       \   \      /   /
     \____/______\   \   \   \_______\   \    /   /
      \       \   \  /    \  /    \      /\  /   /
       \       \   \/   ___\/   ___\____/  \/___/
        \      /\   \  /   /    \   \  /\      /
         \____/  \___\/   /______\   \/  \    /
          \          /    \   \      /   /   /
           \________/   ___\   \    /   /___/
            \      /   /       /   /       /
             \____/___/_______/___/_______/

solution 7 (54,355 searches):
07,04,1 07,05,0 07,05,1 07,06,0 08,03,1 08,04,0 C6
08,04,1 08,05,0 09,04,0 09,04,1 09,05,0 09,05,1 10,04,0 A7
06,07,1 06,08,0 D2
00,06,1 00,07,0 00,07,1 01,06,0 01,06,1 01,07,0 O6
00,08,0 00,08,1 00,09,0 00,09,1 01,07,1 01,08,0 01,08,1 B7
01,05,1 02,05,0 02,05,1 02,06,0 C4
02,04,1 02,06,1 03,04,0 03,04,1 03,05,0 03,05,1 03,06,0 C7
03,03,1 04,02,1 04,03,0 04,03,1 05,02,0 05,02,1 05,03,0 D7
05,01,1 06,01,0 06,01,1 06,02,0 07,01,0 07,01,1 E6
06,00,1 07,00,0 07,00,1 I3
08,00,0 08,00,1 08,01,0 08,01,1 08,02,0 08,02,1 09,01,0 E7
09,00,0 09,00,1 09,01,1 10,00,0 10,00,1 10,01,0 G6
09,02,0 09,02,1 09,03,0 09,03,1 10,02,0 10,03,0 F6
10,01,1 10,02,1 11,00,0 11,00,1 11,01,0 11,01,1 11,02,0 F7
12,00,0 12,00,1 12,01,0 12,01,1 12,02,0 13,00,0 13,00,1 G7
12,02,1 12,03,0 13,01,0 13,01,1 13,02,0 13,02,1 H6
10,03,1 10,04,1 11,03,0 11,03,1 11,04,0 C5
11,02,1 T1
06,04,1 06,05,0 07,02,1 07,03,0 07,03,1 07,04,0 08,03,0 H7
05,03,1 06,02,1 06,03,0 07,02,0 I4
04,05,1 05,04,1 05,05,0 06,03,1 06,04,0 I5
04,04,0 04,04,1 04,05,0 05,04,0 T4
03,07,1 03,08,0 04,06,1 04,07,0 05,05,1 05,06,0 I6
02,07,0 02,07,1 03,06,1 03,07,0 04,06,0 L5
02,08,0 02,08,1 02,09,0 02,09,1 02,10,0 02,10,1 02,11,0 I7
00,10,0 00,10,1 01,09,0 01,09,1 01,10,0 01,10,1 V6
00,11,0 00,11,1 00,12,0 00,12,1 00,13,0 00,13,1 01,13,0 L7
01,11,0 01,11,1 01,12,0 01,12,1 02,12,0 02,12,1 03,12,0 R7
01,13,1 02,13,0 02,13,1 03,12,1 03,13,0 04,12,0 04,12,1 N7
03,13,1 04,13,0 04,13,1 05,12,1 05,13,0 05,13,1 P6
03,08,1 04,07,1 04,08,0 04,08,1 04,09,0 P5
02,11,1 03,09,0 03,09,1 03,10,0 03,10,1 03,11,0 J6
03,11,1 04,10,0 04,10,1 04,11,0 04,11,1 05,10,0 X6
04,09,1 05,08,1 05,09,0 05,09,1 06,08,1 06,09,0 06,09,1 M7
05,11,1 05,12,0 06,11,0 06,11,1 07,10,1 07,11,0 S6
05,10,1 05,11,0 06,10,0 06,10,1 07,09,0 07,09,1 07,10,0 S7
06,12,0 06,12,1 06,13,0 06,13,1 07,12,1 07,13,0 08,12,0 V7
07,11,1 07,12,0 08,10,0 08,10,1 08,11,0 08,11,1 09,11,0 W7
07,08,1 08,07,1 08,08,0 08,08,1 08,09,0 08,09,1 09,08,0 X7
09,08,1 09,09,0 09,09,1 09,10,0 09,10,1 10,08,0 10,08,1 J7
10,09,0 10,09,1 10,10,0 11,08,1 11,09,0 12,07,1 12,08,0 P7
12,06,0 12,06,1 13,05,0 13,05,1 13,06,0 13,06,1 13,07,0 Y7
10,06,1 11,06,0 11,06,1 11,07,0 11,07,1 11,08,0 12,07,0 Q7
09,06,0 09,06,1 09,07,0 09,07,1 10,06,0 10,07,0 10,07,1 U7
10,05,0 10,05,1 11,04,1 11,05,0 11,05,1 12,03,1 12,04,0 T7
12,04,1 12,05,0 12,05,1 13,03,0 13,03,1 13,04,0 13,04,1 Z7

              ____________________________
             /    \       \          /    \
            /   ___\____   \____    /      \
           /   /        \      /\  /   /\   \
          /   /   _______\____/  \/___/  \___\
         /   /   /\   \      /\       \       \
        /___/___/  \   \    /  \____   \    ___\
       /       /   /   /    \       \  /   /   /\
      /___    /   /   /______\____   \/___/   /  \
     /   /   /   /   /\          /   /   /   /    \
    /   /___/   /___/  \        /___/   /   /___   \
   /       /   /\      /\  /\  /\       \      /\   \
  /___    /___/  \    /  \/  \/  \    ___\____/  \   \
 /    \  /    \   \  /    \  /    \  /       /    \  /\
/      \/___   \   \/      \/      \/   ____/   ___\/  \
\      /\   \   \   \      /\      /    \      /       /
 \____/  \   \___\   \    /  \    /______\____/___    /
  \      /   /\   \  /\  /   /\  /   /       /   /   /
   \____/   /  \   \/  \/   /  \/   /___    /   /___/
    \      /    \   \   \   \       \   \   \      /
     \____/______\   \   \   \_______\   \   \    /
      \       \   \  /    \  /    \      /\  /   /
       \       \   \/   ___\/   ___\____/  \/___/
        \      /\   \  /   /    \   \  /\      /
         \____/  \___\/   /______\   \/  \    /
          \          /    \   \      /   /   /
           \________/   ___\   \    /   /___/
            \      /   /       /   /       /
             \____/___/_______/___/_______/

solution 8 (54,384 searches):
07,04,1 07,05,0 07,05,1 07,06,0 08,03,1 08,04,0 C6
08,04,1 08,05,0 09,04,0 09,04,1 09,05,0 09,05,1 10,04,0 A7
06,07,1 06,08,0 D2
00,06,1 00,07,0 00,07,1 01,06,0 01,06,1 01,07,0 O6
00,08,0 00,08,1 00,09,0 00,09,1 01,07,1 01,08,0 01,08,1 B7
01,05,1 02,05,0 02,05,1 02,06,0 C4
02,04,1 02,06,1 03,04,0 03,04,1 03,05,0 03,05,1 03,06,0 C7
03,03,1 04,02,1 04,03,0 04,03,1 05,02,0 05,02,1 05,03,0 D7
05,01,1 06,01,0 06,01,1 06,02,0 07,01,0 07,01,1 E6
06,00,1 07,00,0 07,00,1 I3
08,00,0 08,00,1 08,01,0 08,01,1 08,02,0 08,02,1 09,01,0 E7
09,00,0 09,00,1 09,01,1 10,00,0 10,00,1 10,01,0 G6
09,02,0 09,02,1 09,03,0 09,03,1 10,02,0 10,03,0 F6
10,01,1 10,02,1 11,00,0 11,00,1 11,01,0 11,01,1 11,02,0 F7
12,00,0 12,00,1 12,01,0 12,01,1 12,02,0 13,00,0 13,00,1 G7
12,02,1 12,03,0 13,01,0 13,01,1 13,02,0 13,02,1 H6
10,03,1 10,04,1 11,03,0 11,03,1 11,04,0 C5
11,02,1 T1
06,04,1 06,05,0 07,02,1 07,03,0 07,03,1 07,04,0 08,03,0 H7
05,03,1 06,02,1 06,03,0 07,02,0 I4
04,05,1 05,04,1 05,05,0 06,03,1 06,04,0 I5
04,04,0 04,04,1 04,05,0 05,04,0 T4
03,07,1 03,08,0 04,06,1 04,07,0 05,05,1 05,06,0 I6
02,07,0 02,07,1 03,06,1 03,07,0 04,06,0 L5
02,08,0 02,08,1 02,09,0 02,09,1 02,10,0 02,10,1 02,11,0 I7
00,10,0 00,10,1 01,09,0 01,09,1 01,10,0 01,10,1 V6
00,11,0 00,11,1 00,12,0 00,12,1 00,13,0 00,13,1 01,13,0 L7
01,11,0 01,11,1 01,12,0 01,12,1 02,12,0 02,12,1 03,12,0 R7
01,13,1 02,13,0 02,13,1 03,12,1 03,13,0 04,12,0 04,12,1 N7
03,13,1 04,13,0 04,13,1 05,12,1 05,13,0 05,13,1 P6
03,08,1 04,07,1 04,08,0 04,08,1 04,09,0 P5
02,11,1 03,09,0 03,09,1 03,10,0 03,10,1 03,11,0 J6
03,11,1 04,10,0 04,10,1 04,11,0 04,11,1 05,10,0 X6
04,09,1 05,08,1 05,09,0 05,09,1 06,08,1 06,09,0 06,09,1 M7
05,11,1 05,12,0 06,11,0 06,11,1 07,10,1 07,11,0 S6
05,10,1 05,11,0 06,10,0 06,10,1 07,09,0 07,09,1 07,10,0 S7
06,12,0 06,12,1 06,13,0 06,13,1 07,12,1 07,13,0 08,12,0 V7
07,11,1 07,12,0 08,10,0 08,10,1 08,11,0 08,11,1 09,11,0 W7
07,08,1 08,07,1 08,08,0 08,08,1 08,09,0 08,09,1 09,08,0 X7
09,08,1 09,09,0 09,09,1 09,10,0 09,10,1 10,08,0 10,08,1 J7
10,09,0 10,09,1 10,10,0 11,08,1 11,09,0 12,07,1 12,08,0 P7
12,05,1 12,06,0 12,06,1 13,05,1 13,06,0 13,06,1 13,07,0 Z7
12,04,1 12,05,0 13,03,0 13,03,1 13,04,0 13,04,1 13,05,0 Y7
10,05,0 10,05,1 11,04,1 11,05,0 11,05,1 12,03,1 12,04,0 T7
10,06,1 11,06,0 11,06,1 11,07,0 11,07,1 11,08,0 12,07,0 Q7
09,06,0 09,06,1 09,07,0 09,07,1 10,06,0 10,07,0 10,07,1 U7

              ____________________________
             /    \       \          /    \
            /   ___\____   \____    /      \
           /   /        \      /\  /   /\   \
          /   /   _______\____/  \/___/  \___\
         /   /   /\   \      /\       \       \
        /___/___/  \   \    /  \____   \    ___\
       /       /   /   /    \       \  /   /   /\
      /___    /   /   /______\____   \/___/   /  \
     /   /   /   /   /\          /   /   /   /    \
    /   /___/   /___/  \        /___/   /   /___   \
   /       /   /\      /\  /\  /\       \      /\   \
  /___    /___/  \    /  \/  \/  \    ___\____/  \   \
 /    \  /    \   \  /    \  /    \  /       /    \  /\
/      \/___   \   \/      \/      \/   ____/   ___\/  \
\      /\   \   \   \      /\      /    \      /       /
 \____/  \   \___\   \    /  \    /______\____/       /
  \      /   /\   \  /\  /   /\  /   /       /\  /\  /
   \____/   /  \   \/  \/   /  \/   /___    /  \/  \/
    \      /    \   \   \   \       \   \   \      /
     \____/______\   \   \   \_______\   \   \    /
      \       \   \  /    \  /    \      /\  /   /
       \       \   \/   ___\/   ___\____/  \/___/
        \      /\   \  /   /    \   \  /\      /
         \____/  \___\/   /______\   \/  \    /
          \          /    \   \      /   /   /
           \________/   ___\   \    /   /___/
            \      /   /       /   /       /
             \____/___/_______/___/_______/

solution 9 (87,180 searches):
07,04,1 07,05,0 07,05,1 07,06,0 08,03,1 08,04,0 C6
08,04,1 08,05,0 09,04,0 09,04,1 09,05,0 09,05,1 10,04,0 A7
06,07,1 06,08,0 D2
00,06,1 00,07,0 00,07,1 01,06,0 01,06,1 01,07,0 O6
00,08,0 00,08,1 00,09,0 00,09,1 01,07,1 01,08,0 01,08,1 B7
01,05,1 02,05,0 02,05,1 02,06,0 C4
02,04,1 02,06,1 03,04,0 03,04,1 03,05,0 03,05,1 03,06,0 C7
03,03,1 04,02,1 04,03,0 04,03,1 05,02,0 05,02,1 05,03,0 D7
05,01,1 06,01,0 06,01,1 06,02,0 07,01,0 07,01,1 E6
06,00,1 07,00,0 07,00,1 I3
08,00,0 08,00,1 08,01,0 08,01,1 08,02,0 08,02,1 09,01,0 E7
09,00,0 09,00,1 09,01,1 10,00,0 10,00,1 10,01,0 G6
09,02,0 09,02,1 09,03,0 09,03,1 10,02,0 10,03,0 F6
10,01,1 10,02,1 11,00,0 11,00,1 11,01,0 11,01,1 11,02,0 F7
12,00,0 12,00,1 12,01,0 12,01,1 12,02,0 13,00,0 13,00,1 G7
12,02,1 12,03,0 13,01,0 13,01,1 13,02,0 13,02,1 H6
10,03,1 10,04,1 11,03,0 11,03,1 11,04,0 C5
11,02,1 T1
06,04,1 06,05,0 07,02,1 07,03,0 07,03,1 07,04,0 08,03,0 H7
05,03,1 06,02,1 06,03,0 07,02,0 I4
04,05,1 05,04,1 05,05,0 06,03,1 06,04,0 I5
04,04,0 04,04,1 04,05,0 05,04,0 T4
03,07,1 03,08,0 04,06,1 04,07,0 05,05,1 05,06,0 I6
02,07,0 02,07,1 03,06,1 03,07,0 04,06,0 L5
02,08,0 02,08,1 02,09,0 02,09,1 02,10,0 02,10,1 02,11,0 I7
00,10,0 00,10,1 01,09,0 01,09,1 01,10,0 01,10,1 V6
00,11,0 00,11,1 00,12,0 00,12,1 00,13,0 00,13,1 01,13,0 L7
01,11,0 01,11,1 01,12,0 01,12,1 02,12,0 02,12,1 03,12,0 R7
01,13,1 02,13,0 02,13,1 03,12,1 03,13,0 04,12,0 04,12,1 N7
03,13,1 04,13,0 04,13,1 05,12,1 05,13,0 05,13,1 P6
03,08,1 04,07,1 04,08,0 04,08,1 04,09,0 P5
02,11,1 03,09,0 03,09,1 03,10,0 03,10,1 03,11,0 03,11,1 P7
04,09,1 04,10,0 04,10,1 04,11,0 05,08,1 05,09,0 05,09,1 U7
06,08,1 06,09,0 06,09,1 06,10,1 07,09,0 07,09,1 07,10,0 S7
04,11,1 05,10,0 05,10,1 05,11,0 05,11,1 05,12,0 06,10,0 X7
06,11,0 06,11,1 06,12,0 06,12,1 06,13,0 07,11,0 07,12,0 M7
06,13,1 07,11,1 07,12,1 07,13,0 08,11,0 08,11,1 08,12,0 J7
07,10,1 08,09,1 08,10,0 08,10,1 09,10,0 09,10,1 09,11,0 Q7
07,08,1 08,07,1 08,08,0 09,06,0 09,06,1 09,07,0 09,07,1 T7
08,08,1 08,09,0 09,08,0 09,08,1 10,07,1 10,08,0 S6
09,09,0 09,09,1 10,08,1 10,09,0 10,09,1 10,10,0 11,08,0 W7
11,07,0 11,07,1 11,08,1 11,09,0 12,07,0 12,07,1 12,08,0 V7
12,06,0 12,06,1 13,05,0 13,05,1 13,06,0 13,06,1 13,07,0 Y7
10,06,0 10,06,1 10,07,0 11,05,1 11,06,0 11,06,1 X6
10,05,0 10,05,1 11,04,1 11,05,0 12,03,1 12,04,0 J6
12,04,1 12,05,0 12,05,1 13,03,0 13,03,1 13,04,0 13,04,1 Z7

              ____________________________
             /    \       \          /\   \
            /   ___\____   \____    /  \   \
           /   /        \      /\  /    \   \
          /   /   _______\____/  \/   ___\   \
         /   /   /\      /\      /    \      /\
        /___/___/  \    /  \    /______\____/  \
       /       /   /   /   /    \   \          /\
      /___    /   /   /   /______\   \    ____/  \
     /   /   /   /   /\      /       /\  /       /\
    /   /___/   /___/  \    /   ____/  \/___    /  \
   /       /   /\      /\  /\  /\   \       \   \   \
  /___    /___/  \    /  \/  \/  \   \____   \___\   \
 /    \  /    \   \  /    \  /    \      /\  /       /\
/      \/___   \   \/      \/      \    /  \/_______/  \
\      /\   \   \   \      /\      /   /       /       /
 \____/  \   \___\   \    /  \    /___/___    /___    /
  \      /   /\   \  /\  /   /\  /   /    \  /   /   /
   \____/   /  \   \/  \/   /  \/   /___   \/   /___/
    \      /    \   \   \   \       \   \   \      /
     \____/______\   \   \   \_______\   \   \    /
      \       \   \  /    \  /    \      /\  /   /
       \       \   \/   ___\/   ___\____/  \/___/
        \      /\   \  /   /    \   \  /\      /
         \____/  \___\/   /______\   \/  \    /
          \          /    \   \      /   /   /
           \________/   ___\   \    /   /___/
            \      /   /       /   /       /
             \____/___/_______/___/_______/

solution 10 (87,184 searches):
07,04,1 07,05,0 07,05,1 07,06,0 08,03,1 08,04,0 C6
08,04,1 08,05,0 09,04,0 09,04,1 09,05,0 09,05,1 10,04,0 A7
06,07,1 06,08,0 D2
00,06,1 00,07,0 00,07,1 01,06,0 01,06,1 01,07,0 O6
00,08,0 00,08,1 00,09,0 00,09,1 01,07,1 01,08,0 01,08,1 B7
01,05,1 02,05,0 02,05,1 02,06,0 C4
02,04,1 02,06,1 03,04,0 03,04,1 03,05,0 03,05,1 03,06,0 C7
03,03,1 04,02,1 04,03,0 04,03,1 05,02,0 05,02,1 05,03,0 D7
05,01,1 06,01,0 06,01,1 06,02,0 07,01,0 07,01,1 E6
06,00,1 07,00,0 07,00,1 I3
08,00,0 08,00,1 08,01,0 08,01,1 08,02,0 08,02,1 09,01,0 E7
09,00,0 09,00,1 09,01,1 10,00,0 10,00,1 10,01,0 G6
09,02,0 09,02,1 09,03,0 09,03,1 10,02,0 10,03,0 F6
10,01,1 10,02,1 11,00,0 11,00,1 11,01,0 11,01,1 11,02,0 F7
12,00,0 12,00,1 12,01,0 12,01,1 12,02,0 13,00,0 13,00,1 G7
12,02,1 12,03,0 13,01,0 13,01,1 13,02,0 13,02,1 H6
10,03,1 10,04,1 11,03,0 11,03,1 11,04,0 C5
11,02,1 T1
06,04,1 06,05,0 07,02,1 07,03,0 07,03,1 07,04,0 08,03,0 H7
05,03,1 06,02,1 06,03,0 07,02,0 I4
04,05,1 05,04,1 05,05,0 06,03,1 06,04,0 I5
04,04,0 04,04,1 04,05,0 05,04,0 T4
03,07,1 03,08,0 04,06,1 04,07,0 05,05,1 05,06,0 I6
02,07,0 02,07,1 03,06,1 03,07,0 04,06,0 L5
02,08,0 02,08,1 02,09,0 02,09,1 02,10,0 02,10,1 02,11,0 I7
00,10,0 00,10,1 01,09,0 01,09,1 01,10,0 01,10,1 V6
00,11,0 00,11,1 00,12,0 00,12,1 00,13,0 00,13,1 01,13,0 L7
01,11,0 01,11,1 01,12,0 01,12,1 02,12,0 02,12,1 03,12,0 R7
01,13,1 02,13,0 02,13,1 03,12,1 03,13,0 04,12,0 04,12,1 N7
03,13,1 04,13,0 04,13,1 05,12,1 05,13,0 05,13,1 P6
03,08,1 04,07,1 04,08,0 04,08,1 04,09,0 P5
02,11,1 03,09,0 03,09,1 03,10,0 03,10,1 03,11,0 03,11,1 P7
04,09,1 04,10,0 04,10,1 04,11,0 05,08,1 05,09,0 05,09,1 U7
06,08,1 06,09,0 06,09,1 06,10,1 07,09,0 07,09,1 07,10,0 S7
04,11,1 05,10,0 05,10,1 05,11,0 05,11,1 05,12,0 06,10,0 X7
06,11,0 06,11,1 06,12,0 06,12,1 06,13,0 07,11,0 07,12,0 M7
06,13,1 07,11,1 07,12,1 07,13,0 08,11,0 08,11,1 08,12,0 J7
07,10,1 08,09,1 08,10,0 08,10,1 09,10,0 09,10,1 09,11,0 Q7
07,08,1 08,07,1 08,08,0 09,06,0 09,06,1 09,07,0 09,07,1 T7
08,08,1 08,09,0 09,08,0 09,08,1 10,07,1 10,08,0 S6
09,09,0 09,09,1 10,08,1 10,09,0 10,09,1 10,10,0 11,08,0 W7
11,07,0 11,07,1 11,08,1 11,09,0 12,07,0 12,07,1 12,08,0 V7
12,05,1 12,06,0 12,06,1 13,05,1 13,06,0 13,06,1 13,07,0 Z7
10,06,0 10,06,1 10,07,0 11,05,1 11,06,0 11,06,1 X6
10,05,0 10,05,1 11,04,1 11,05,0 12,03,1 12,04,0 J6
12,04,1 12,05,0 13,03,0 13,03,1 13,04,0 13,04,1 13,05,0 Y7

              ____________________________
             /    \       \          /\   \
            /   ___\____   \____    /  \   \
           /   /        \      /\  /    \   \
          /   /   _______\____/  \/   ___\   \
         /   /   /\      /\      /    \      /\
        /___/___/  \    /  \    /______\____/  \
       /       /   /   /   /    \   \          /\
      /___    /   /   /   /______\   \    ____/  \
     /   /   /   /   /\      /       /\  /       /\
    /   /___/   /___/  \    /   ____/  \/___    /  \
   /       /   /\      /\  /\  /\   \       \   \   \
  /___    /___/  \    /  \/  \/  \   \____   \___\   \
 /    \  /    \   \  /    \  /    \      /\  /       /\
/      \/___   \   \/      \/      \    /  \/_______/  \
\      /\   \   \   \      /\      /   /       /       /
 \____/  \   \___\   \    /  \    /___/___    /       /
  \      /   /\   \  /\  /   /\  /   /    \  /\  /\  /
   \____/   /  \   \/  \/   /  \/   /___   \/  \/  \/
    \      /    \   \   \   \       \   \   \      /
     \____/______\   \   \   \_______\   \   \    /
      \       \   \  /    \  /    \      /\  /   /
       \       \   \/   ___\/   ___\____/  \/___/
        \      /\   \  /   /    \   \  /\      /
         \____/  \___\/   /______\   \/  \    /
          \          /    \   \      /   /   /
           \________/   ___\   \    /   /___/
            \      /   /       /   /       /
             \____/___/_______/___/_______/

User-requested solution limit reached.
10 solutions, 87,184 searches, duration 0:00:11.110751
