solving DorianCube5Towers:

solution 1:
0,0,2 0,1,1 0,1,2 0,1,3 0,2,2 X5
0,1,0 0,2,0 0,2,1 1,1,0 1,1,1 A5
0,0,0 0,0,1 1,0,0 1,0,1 1,0,2 P5
0,0,4 0,1,4 0,2,3 0,2,4 1,0,4 J15
0,0,3 1,0,3 1,1,2 1,1,3 1,1,4 T25
2,0,3 2,0,4 3,0,2 3,0,3 4,0,3 F5
3,0,4 3,1,3 3,1,4 4,0,4 4,1,4 Q5
3,1,2 4,0,1 4,0,2 4,1,2 4,1,3 S25
2,0,1 2,0,2 3,0,1 3,1,0 3,1,1 V15
2,0,0 3,0,0 4,0,0 4,1,0 4,1,1 L45
0,3,0 0,4,0 1,4,0 2,4,0 2,4,1 L15
0,3,1 0,3,2 0,4,2 1,3,0 1,3,1 N15
0,4,1 1,4,1 1,4,2 2,4,2 2,4,3 W5
0,3,4 0,4,3 0,4,4 1,4,4 2,4,4 L35
0,3,3 1,3,2 1,3,3 1,3,4 1,4,3 T15
3,3,2 3,3,3 3,3,4 4,2,4 4,3,4 J45
3,4,2 3,4,3 3,4,4 4,4,2 4,4,4 U5
4,2,1 4,2,2 4,2,3 4,3,3 4,4,3 V5
3,3,0 3,4,0 3,4,1 4,2,0 4,3,0 S15
3,3,1 4,3,1 4,3,2 4,4,0 4,4,1 N25
1,2,0 1,2,1 2,2,1 2,3,1 2,3,2 V25
2,1,0 2,1,1 2,2,0 2,3,0 3,2,0 J25
1,2,2 2,2,2 3,2,1 3,2,2 3,2,3 T5
2,1,2 2,1,3 2,2,3 2,3,3 2,3,4 Z5
1,2,3 1,2,4 2,1,4 2,2,4 3,2,4 L25

L15 L15 L15 S15 N25     W5  W5  L15 S15 N25     N15 W5  W5  U5  U5      L35 T15 W5  U5  V5      L35 L35 L35 U5  U5
L15 N15 J25 S15 S15     N15 N15 V25 N25 N25     N15 T15 V25 J45 N25     T15 T15 Z5  J45 V5      L35 T15 Z5  J45 J45
A5  V25 J25 J25 S15     A5  V25 V25 T5  V5      X5  T5  T5  T5  V5      J15 L25 Z5  T5  V5      J15 L25 L25 L25 J45
A5  A5  J25 V15 L45     X5  A5  J25 V15 L45     X5  T25 Z5  S25 S25     X5  T25 Z5  Q5  S25     J15 T25 L25 Q5  Q5
P5  P5  L45 L45 L45     P5  P5  V15 V15 S25     X5  P5  V15 F5  S25     T25 T25 F5  F5  F5      J15 J15 F5  Q5  Q5

solution 2:
0,0,2 0,1,1 0,1,2 0,1,3 0,2,2 X5
0,1,0 0,2,0 0,2,1 1,1,0 1,1,1 A5
0,0,0 0,0,1 1,0,0 1,0,1 1,0,2 P5
0,0,4 0,1,4 0,2,3 0,2,4 1,0,4 J15
0,0,3 1,0,3 1,1,2 1,1,3 1,1,4 T25
2,0,3 2,0,4 3,0,2 3,0,3 4,0,3 F5
3,0,4 3,1,3 3,1,4 4,0,4 4,1,4 Q5
3,1,2 4,0,1 4,0,2 4,1,2 4,1,3 S25
2,0,1 2,0,2 3,0,1 3,1,0 3,1,1 V15
2,0,0 3,0,0 4,0,0 4,1,0 4,1,1 L45
0,3,0 0,4,0 1,4,0 2,4,0 2,4,1 L15
0,3,1 0,3,2 0,4,2 1,3,0 1,3,1 N15
0,4,1 1,4,1 1,4,2 2,4,2 2,4,3 W5
0,3,4 0,4,3 0,4,4 1,4,4 2,4,4 L35
0,3,3 1,3,2 1,3,3 1,3,4 1,4,3 T15
3,3,2 3,3,3 3,3,4 4,2,4 4,3,4 J45
3,4,2 3,4,3 3,4,4 4,4,2 4,4,4 U5
4,2,1 4,2,2 4,2,3 4,3,3 4,4,3 V5
3,3,0 3,4,0 3,4,1 4,2,0 4,3,0 S15
3,3,1 4,3,1 4,3,2 4,4,0 4,4,1 N25
1,2,0 1,2,1 2,2,1 2,3,1 2,3,2 V25
2,1,0 2,1,1 2,2,0 2,3,0 3,2,0 J25
1,2,2 1,2,3 2,2,2 3,2,1 3,2,2 Z5
2,1,2 2,1,3 2,1,4 2,2,3 2,3,3 T5
1,2,4 2,2,4 2,3,4 3,2,3 3,2,4 L25

L15 L15 L15 S15 N25     W5  W5  L15 S15 N25     N15 W5  W5  U5  U5      L35 T15 W5  U5  V5      L35 L35 L35 U5  U5
L15 N15 J25 S15 S15     N15 N15 V25 N25 N25     N15 T15 V25 J45 N25     T15 T15 T5  J45 V5      L35 T15 L25 J45 J45
A5  V25 J25 J25 S15     A5  V25 V25 Z5  V5      X5  Z5  Z5  Z5  V5      J15 Z5  T5  L25 V5      J15 L25 L25 L25 J45
A5  A5  J25 V15 L45     X5  A5  J25 V15 L45     X5  T25 T5  S25 S25     X5  T25 T5  Q5  S25     J15 T25 T5  Q5  Q5
P5  P5  L45 L45 L45     P5  P5  V15 V15 S25     X5  P5  V15 F5  S25     T25 T25 F5  F5  F5      J15 J15 F5  Q5  Q5

solution 3:
0,0,2 0,1,1 0,1,2 0,1,3 0,2,2 X5
0,1,0 0,2,0 0,2,1 1,1,0 1,1,1 A5
0,0,0 0,0,1 1,0,0 1,0,1 1,0,2 P5
0,0,4 0,1,4 0,2,3 0,2,4 1,0,4 J15
0,0,3 1,0,3 1,1,2 1,1,3 1,1,4 T25
2,0,3 2,0,4 3,0,2 3,0,3 4,0,3 F5
3,0,4 3,1,3 3,1,4 4,0,4 4,1,4 Q5
3,1,2 4,0,1 4,0,2 4,1,2 4,1,3 S25
2,0,1 2,0,2 3,0,1 3,1,0 3,1,1 V15
2,0,0 3,0,0 4,0,0 4,1,0 4,1,1 L45
0,3,0 0,4,0 1,4,0 2,4,0 2,4,1 L15
0,3,1 0,3,2 0,4,2 1,3,0 1,3,1 N15
0,4,1 1,4,1 1,4,2 2,4,2 2,4,3 W5
0,3,4 0,4,3 0,4,4 1,4,4 2,4,4 L35
0,3,3 1,3,2 1,3,3 1,3,4 1,4,3 T15
3,3,2 3,3,3 3,3,4 4,2,4 4,3,4 J45
3,4,2 3,4,3 3,4,4 4,4,2 4,4,4 U5
4,2,1 4,2,2 4,2,3 4,3,3 4,4,3 V5
3,3,0 3,4,0 3,4,1 4,2,0 4,3,0 S15
3,3,1 4,3,1 4,3,2 4,4,0 4,4,1 N25
1,2,1 1,2,2 2,2,2 2,3,2 2,3,3 V25
2,1,0 2,1,1 2,1,2 2,2,1 2,3,1 T5
1,2,0 2,2,0 2,3,0 3,2,0 3,2,1 J25
1,2,3 1,2,4 2,2,3 3,2,2 3,2,3 Z5
2,1,3 2,1,4 2,2,4 2,3,4 3,2,4 L25

L15 L15 L15 S15 N25     W5  W5  L15 S15 N25     N15 W5  W5  U5  U5      L35 T15 W5  U5  V5      L35 L35 L35 U5  U5
L15 N15 J25 S15 S15     N15 N15 T5  N25 N25     N15 T15 V25 J45 N25     T15 T15 V25 J45 V5      L35 T15 L25 J45 J45
A5  J25 J25 J25 S15     A5  V25 T5  J25 V5      X5  V25 V25 Z5  V5      J15 Z5  Z5  Z5  V5      J15 Z5  L25 L25 J45
A5  A5  T5  V15 L45     X5  A5  T5  V15 L45     X5  T25 T5  S25 S25     X5  T25 L25 Q5  S25     J15 T25 L25 Q5  Q5
P5  P5  L45 L45 L45     P5  P5  V15 V15 S25     X5  P5  V15 F5  S25     T25 T25 F5  F5  F5      J15 J15 F5  Q5  Q5

solution 4:
0,0,2 0,1,1 0,1,2 0,1,3 0,2,2 X5
0,1,0 0,2,0 0,2,1 1,1,0 1,1,1 A5
0,0,0 0,0,1 1,0,0 1,0,1 1,0,2 P5
0,0,4 0,1,4 0,2,3 0,2,4 1,0,4 J15
0,0,3 1,0,3 1,1,2 1,1,3 1,1,4 T25
2,0,3 2,0,4 3,0,2 3,0,3 4,0,3 F5
3,0,4 3,1,3 3,1,4 4,0,4 4,1,4 Q5
3,1,2 4,0,1 4,0,2 4,1,2 4,1,3 S25
2,0,1 2,0,2 3,0,1 3,1,0 3,1,1 V15
2,0,0 3,0,0 4,0,0 4,1,0 4,1,1 L45
0,3,0 0,4,0 1,4,0 2,4,0 2,4,1 L15
0,3,1 0,3,2 0,4,2 1,3,0 1,3,1 N15
0,4,1 1,4,1 1,4,2 2,4,2 2,4,3 W5
0,3,4 0,4,3 0,4,4 1,4,4 2,4,4 L35
0,3,3 1,3,2 1,3,3 1,3,4 1,4,3 T15
3,3,2 3,3,3 3,3,4 4,2,4 4,3,4 J45
3,4,2 3,4,3 3,4,4 4,4,2 4,4,4 U5
4,2,1 4,2,2 4,2,3 4,3,3 4,4,3 V5
3,3,0 3,4,0 3,4,1 4,2,0 4,3,0 S15
3,3,1 4,3,1 4,3,2 4,4,0 4,4,1 N25
1,2,1 1,2,2 2,2,2 2,3,2 2,3,3 V25
1,2,3 2,2,3 3,2,2 3,2,3 3,2,4 T5
1,2,4 2,1,3 2,1,4 2,2,4 2,3,4 J25
2,1,1 2,1,2 2,2,1 2,3,0 2,3,1 Z5
1,2,0 2,1,0 2,2,0 3,2,0 3,2,1 L25

L15 L15 L15 S15 N25     W5  W5  L15 S15 N25     N15 W5  W5  U5  U5      L35 T15 W5  U5  V5      L35 L35 L35 U5  U5
L15 N15 Z5  S15 S15     N15 N15 Z5  N25 N25     N15 T15 V25 J45 N25     T15 T15 V25 J45 V5      L35 T15 J25 J45 J45
A5  L25 L25 L25 S15     A5  V25 Z5  L25 V5      X5  V25 V25 T5  V5      J15 T5  T5  T5  V5      J15 J25 J25 T5  J45
A5  A5  L25 V15 L45     X5  A5  Z5  V15 L45     X5  T25 Z5  S25 S25     X5  T25 J25 Q5  S25     J15 T25 J25 Q5  Q5
P5  P5  L45 L45 L45     P5  P5  V15 V15 S25     X5  P5  V15 F5  S25     T25 T25 F5  F5  F5      J15 J15 F5  Q5  Q5

solution 5:
0,0,2 0,1,1 0,1,2 0,1,3 0,2,2 X5
0,1,0 0,2,0 0,2,1 1,1,0 1,1,1 A5
0,0,0 0,0,1 1,0,0 1,0,1 1,0,2 P5
0,0,4 0,1,4 0,2,3 0,2,4 1,0,4 J15
0,0,3 1,0,3 1,1,2 1,1,3 1,1,4 T25
2,0,3 2,0,4 3,0,2 3,0,3 4,0,3 F5
3,0,4 3,1,3 3,1,4 4,0,4 4,1,4 Q5
3,1,2 4,0,1 4,0,2 4,1,2 4,1,3 S25
2,0,1 2,0,2 3,0,1 3,1,0 3,1,1 V15
2,0,0 3,0,0 4,0,0 4,1,0 4,1,1 L45
0,3,0 0,4,0 1,4,0 2,4,0 2,4,1 L15
0,3,1 0,3,2 0,4,2 1,3,0 1,3,1 N15
0,4,1 1,4,1 1,4,2 2,4,2 2,4,3 W5
0,3,4 0,4,3 0,4,4 1,4,4 2,4,4 L35
0,3,3 1,3,2 1,3,3 1,3,4 1,4,3 T15
3,3,2 3,3,3 3,3,4 4,2,4 4,3,4 J45
3,4,2 3,4,3 3,4,4 4,4,2 4,4,4 U5
4,2,1 4,2,2 4,2,3 4,3,3 4,4,3 V5
3,3,0 3,4,0 3,4,1 4,2,0 4,3,0 S15
3,3,1 4,3,1 4,3,2 4,4,0 4,4,1 N25
1,2,2 1,2,3 2,2,3 2,3,3 2,3,4 V25
1,2,4 2,1,4 2,2,4 3,2,3 3,2,4 J25
2,1,1 2,1,2 2,1,3 2,2,2 2,3,2 T5
1,2,0 1,2,1 2,2,1 3,2,1 3,2,2 Z5
2,1,0 2,2,0 2,3,0 2,3,1 3,2,0 L25

L15 L15 L15 S15 N25     W5  W5  L15 S15 N25     N15 W5  W5  U5  U5      L35 T15 W5  U5  V5      L35 L35 L35 U5  U5
L15 N15 L25 S15 S15     N15 N15 L25 N25 N25     N15 T15 T5  J45 N25     T15 T15 V25 J45 V5      L35 T15 V25 J45 J45
A5  Z5  L25 L25 S15     A5  Z5  Z5  Z5  V5      X5  V25 T5  Z5  V5      J15 V25 V25 J25 V5      J15 J25 J25 J25 J45
A5  A5  L25 V15 L45     X5  A5  T5  V15 L45     X5  T25 T5  S25 S25     X5  T25 T5  Q5  S25     J15 T25 J25 Q5  Q5
P5  P5  L45 L45 L45     P5  P5  V15 V15 S25     X5  P5  V15 F5  S25     T25 T25 F5  F5  F5      J15 J15 F5  Q5  Q5

solution 6:
0,0,2 0,1,1 0,1,2 0,1,3 0,2,2 X5
0,1,0 0,2,0 0,2,1 1,1,0 1,1,1 A5
0,0,0 0,0,1 1,0,0 1,0,1 1,0,2 P5
0,0,4 0,1,4 0,2,3 0,2,4 1,0,4 J15
0,0,3 1,0,3 1,1,2 1,1,3 1,1,4 T25
2,0,3 2,0,4 3,0,2 3,0,3 4,0,3 F5
3,0,4 3,1,3 3,1,4 4,0,4 4,1,4 Q5
3,1,2 4,0,1 4,0,2 4,1,2 4,1,3 S25
2,0,1 2,0,2 3,0,1 3,1,0 3,1,1 V15
2,0,0 3,0,0 4,0,0 4,1,0 4,1,1 L45
0,3,0 0,4,0 1,4,0 2,4,0 2,4,1 L15
0,3,1 0,3,2 0,4,2 1,3,0 1,3,1 N15
0,4,1 1,4,1 1,4,2 2,4,2 2,4,3 W5
0,3,4 0,4,3 0,4,4 1,4,4 2,4,4 L35
0,3,3 1,3,2 1,3,3 1,3,4 1,4,3 T15
3,3,2 3,3,3 3,3,4 4,2,4 4,3,4 J45
3,4,2 3,4,3 3,4,4 4,4,2 4,4,4 U5
4,2,1 4,2,2 4,2,3 4,3,3 4,4,3 V5
3,3,0 3,4,0 3,4,1 4,2,0 4,3,0 S15
3,3,1 4,3,1 4,3,2 4,4,0 4,4,1 N25
1,2,2 1,2,3 2,2,3 2,3,3 2,3,4 V25
1,2,4 2,1,4 2,2,4 3,2,3 3,2,4 J25
2,1,2 2,1,3 2,2,2 2,3,1 2,3,2 Z5
1,2,1 2,2,1 3,2,0 3,2,1 3,2,2 T5
1,2,0 2,1,0 2,1,1 2,2,0 2,3,0 L25

L15 L15 L15 S15 N25     W5  W5  L15 S15 N25     N15 W5  W5  U5  U5      L35 T15 W5  U5  V5      L35 L35 L35 U5  U5
L15 N15 L25 S15 S15     N15 N15 Z5  N25 N25     N15 T15 Z5  J45 N25     T15 T15 V25 J45 V5      L35 T15 V25 J45 J45
A5  L25 L25 T5  S15     A5  T5  T5  T5  V5      X5  V25 Z5  T5  V5      J15 V25 V25 J25 V5      J15 J25 J25 J25 J45
A5  A5  L25 V15 L45     X5  A5  L25 V15 L45     X5  T25 Z5  S25 S25     X5  T25 Z5  Q5  S25     J15 T25 J25 Q5  Q5
P5  P5  L45 L45 L45     P5  P5  V15 V15 S25     X5  P5  V15 F5  S25     T25 T25 F5  F5  F5      J15 J15 F5  Q5  Q5

solution 7:
0,0,2 0,1,1 0,1,2 0,1,3 0,2,2 X5
0,1,0 0,2,0 0,2,1 1,1,0 1,1,1 A5
0,0,0 0,0,1 1,0,0 1,0,1 1,0,2 P5
0,0,4 0,1,4 0,2,3 0,2,4 1,0,4 J15
0,0,3 1,0,3 1,1,2 1,1,3 1,1,4 T25
2,0,3 2,0,4 3,0,2 3,0,3 4,0,3 F5
3,0,4 3,1,3 3,1,4 4,0,4 4,1,4 Q5
3,1,2 4,0,1 4,0,2 4,1,2 4,1,3 S25
2,0,1 2,0,2 3,0,1 3,1,0 3,1,1 V15
2,0,0 3,0,0 4,0,0 4,1,0 4,1,1 L45
0,3,0 0,4,0 1,4,0 2,4,0 2,4,1 L15
0,3,1 0,3,2 0,4,2 1,3,0 1,3,1 N15
0,4,1 1,4,1 1,4,2 2,4,2 2,4,3 W5
0,3,4 0,4,3 0,4,4 1,4,4 2,4,4 L35
0,3,3 1,3,2 1,3,3 1,3,4 1,4,3 T15
3,3,2 3,3,3 3,3,4 4,2,4 4,3,4 J45
3,4,2 3,4,3 3,4,4 4,4,2 4,4,4 U5
4,2,1 4,2,2 4,2,3 4,3,3 4,4,3 V5
3,3,0 3,4,0 3,4,1 4,2,0 4,3,0 S15
3,3,1 4,3,1 4,3,2 4,4,0 4,4,1 N25
2,1,1 2,1,2 2,2,1 3,2,0 3,2,1 V25
1,2,0 2,1,0 2,2,0 2,3,0 2,3,1 J25
1,2,1 1,2,2 1,2,3 2,2,2 3,2,2 T5
2,1,3 2,1,4 2,2,3 2,3,2 2,3,3 Z5
1,2,4 2,2,4 2,3,4 3,2,3 3,2,4 L25

L15 L15 L15 S15 N25     W5  W5  L15 S15 N25     N15 W5  W5  U5  U5      L35 T15 W5  U5  V5      L35 L35 L35 U5  U5
L15 N15 J25 S15 S15     N15 N15 J25 N25 N25     N15 T15 Z5  J45 N25     T15 T15 Z5  J45 V5      L35 T15 L25 J45 J45
A5  J25 J25 V25 S15     A5  T5  V25 V25 V5      X5  T5  T5  T5  V5      J15 T5  Z5  L25 V5      J15 L25 L25 L25 J45
A5  A5  J25 V15 L45     X5  A5  V25 V15 L45     X5  T25 V25 S25 S25     X5  T25 Z5  Q5  S25     J15 T25 Z5  Q5  Q5
P5  P5  L45 L45 L45     P5  P5  V15 V15 S25     X5  P5  V15 F5  S25     T25 T25 F5  F5  F5      J15 J15 F5  Q5  Q5

solution 8:
0,0,2 0,1,1 0,1,2 0,1,3 0,2,2 X5
0,1,0 0,2,0 0,2,1 1,1,0 1,1,1 A5
0,0,0 0,0,1 1,0,0 1,0,1 1,0,2 P5
0,0,4 0,1,4 0,2,3 0,2,4 1,0,4 J15
0,0,3 1,0,3 1,1,2 1,1,3 1,1,4 T25
2,0,3 2,0,4 3,0,2 3,0,3 4,0,3 F5
3,0,4 3,1,3 3,1,4 4,0,4 4,1,4 Q5
3,1,2 4,0,1 4,0,2 4,1,2 4,1,3 S25
2,0,1 2,0,2 3,0,1 3,1,0 3,1,1 V15
2,0,0 3,0,0 4,0,0 4,1,0 4,1,1 L45
0,3,0 0,4,0 1,4,0 2,4,0 2,4,1 L15
0,3,1 0,3,2 0,4,2 1,3,0 1,3,1 N15
0,4,1 1,4,1 1,4,2 2,4,2 2,4,3 W5
0,3,4 0,4,3 0,4,4 1,4,4 2,4,4 L35
0,3,3 1,3,2 1,3,3 1,3,4 1,4,3 T15
3,3,2 3,3,3 3,3,4 4,2,4 4,3,4 J45
3,4,2 3,4,3 3,4,4 4,4,2 4,4,4 U5
4,2,1 4,2,2 4,2,3 4,3,3 4,4,3 V5
3,3,0 3,4,0 3,4,1 4,2,0 4,3,0 S15
3,3,1 4,3,1 4,3,2 4,4,0 4,4,1 N25
2,1,1 2,1,2 2,2,1 3,2,0 3,2,1 V25
1,2,0 2,1,0 2,2,0 2,3,0 2,3,1 J25
1,2,1 1,2,2 2,2,2 3,2,2 3,2,3 Z5
2,1,3 2,2,3 2,3,2 2,3,3 2,3,4 T5
1,2,3 1,2,4 2,1,4 2,2,4 3,2,4 L25

L15 L15 L15 S15 N25     W5  W5  L15 S15 N25     N15 W5  W5  U5  U5      L35 T15 W5  U5  V5      L35 L35 L35 U5  U5
L15 N15 J25 S15 S15     N15 N15 J25 N25 N25     N15 T15 T5  J45 N25     T15 T15 T5  J45 V5      L35 T15 T5  J45 J45
A5  J25 J25 V25 S15     A5  Z5  V25 V25 V5      X5  Z5  Z5  Z5  V5      J15 L25 T5  Z5  V5      J15 L25 L25 L25 J45
A5  A5  J25 V15 L45     X5  A5  V25 V15 L45     X5  T25 V25 S25 S25     X5  T25 T5  Q5  S25     J15 T25 L25 Q5  Q5
P5  P5  L45 L45 L45     P5  P5  V15 V15 S25     X5  P5  V15 F5  S25     T25 T25 F5  F5  F5      J15 J15 F5  Q5  Q5

solution 9:
0,0,2 0,1,1 0,1,2 0,1,3 0,2,2 X5
0,1,0 0,2,0 0,2,1 1,1,0 1,1,1 A5
0,0,0 0,0,1 1,0,0 1,0,1 1,0,2 P5
0,0,4 0,1,4 0,2,3 0,2,4 1,0,4 J15
0,0,3 1,0,3 1,1,2 1,1,3 1,1,4 T25
2,0,3 2,0,4 3,0,2 3,0,3 4,0,3 F5
3,0,4 3,1,3 3,1,4 4,0,4 4,1,4 Q5
3,1,2 4,0,1 4,0,2 4,1,2 4,1,3 S25
2,0,1 2,0,2 3,0,1 3,1,0 3,1,1 V15
2,0,0 3,0,0 4,0,0 4,1,0 4,1,1 L45
0,3,0 0,4,0 1,4,0 2,4,0 2,4,1 L15
0,3,1 0,3,2 0,4,2 1,3,0 1,3,1 N15
0,4,1 1,4,1 1,4,2 2,4,2 2,4,3 W5
0,3,4 0,4,3 0,4,4 1,4,4 2,4,4 L35
0,3,3 1,3,2 1,3,3 1,3,4 1,4,3 T15
3,3,2 3,3,3 3,3,4 4,2,4 4,3,4 J45
3,4,2 3,4,3 3,4,4 4,4,2 4,4,4 U5
4,2,1 4,2,2 4,2,3 4,3,3 4,4,3 V5
3,3,0 3,4,0 3,4,1 4,2,0 4,3,0 S15
3,3,1 4,3,1 4,3,2 4,4,0 4,4,1 N25
2,1,2 2,1,3 2,2,2 3,2,1 3,2,2 V25
1,2,2 1,2,3 1,2,4 2,2,3 3,2,3 T5
2,1,4 2,2,4 2,3,3 2,3,4 3,2,4 J25
2,1,0 2,1,1 2,2,1 2,3,1 2,3,2 Z5
1,2,0 1,2,1 2,2,0 2,3,0 3,2,0 L25

L15 L15 L15 S15 N25     W5  W5  L15 S15 N25     N15 W5  W5  U5  U5      L35 T15 W5  U5  V5      L35 L35 L35 U5  U5
L15 N15 L25 S15 S15     N15 N15 Z5  N25 N25     N15 T15 Z5  J45 N25     T15 T15 J25 J45 V5      L35 T15 J25 J45 J45
A5  L25 L25 L25 S15     A5  L25 Z5  V25 V5      X5  T5  V25 V25 V5      J15 T5  T5  T5  V5      J15 T5  J25 J25 J45
A5  A5  Z5  V15 L45     X5  A5  Z5  V15 L45     X5  T25 V25 S25 S25     X5  T25 V25 Q5  S25     J15 T25 J25 Q5  Q5
P5  P5  L45 L45 L45     P5  P5  V15 V15 S25     X5  P5  V15 F5  S25     T25 T25 F5  F5  F5      J15 J15 F5  Q5  Q5

solution 10:
0,0,2 0,1,1 0,1,2 0,1,3 0,2,2 X5
0,1,0 0,2,0 0,2,1 1,1,0 1,1,1 A5
0,0,0 0,0,1 1,0,0 1,0,1 1,0,2 P5
0,0,4 0,1,4 0,2,3 0,2,4 1,0,4 J15
0,0,3 1,0,3 1,1,2 1,1,3 1,1,4 T25
2,0,3 2,0,4 3,0,2 3,0,3 4,0,3 F5
3,0,4 3,1,3 3,1,4 4,0,4 4,1,4 Q5
3,1,2 4,0,1 4,0,2 4,1,2 4,1,3 S25
2,0,1 2,0,2 3,0,1 3,1,0 3,1,1 V15
2,0,0 3,0,0 4,0,0 4,1,0 4,1,1 L45
0,3,0 0,4,0 1,4,0 2,4,0 2,4,1 L15
0,3,1 0,3,2 0,4,2 1,3,0 1,3,1 N15
0,4,1 1,4,1 1,4,2 2,4,2 2,4,3 W5
0,3,4 0,4,3 0,4,4 1,4,4 2,4,4 L35
0,3,3 1,3,2 1,3,3 1,3,4 1,4,3 T15
3,3,2 3,3,3 3,3,4 4,2,4 4,3,4 J45
3,4,2 3,4,3 3,4,4 4,4,2 4,4,4 U5
4,2,1 4,2,2 4,2,3 4,3,3 4,4,3 V5
3,3,0 3,4,0 3,4,1 4,2,0 4,3,0 S15
3,3,1 4,3,1 4,3,2 4,4,0 4,4,1 N25
2,1,2 2,1,3 2,2,2 3,2,1 3,2,2 V25
2,1,1 2,2,1 2,3,0 2,3,1 2,3,2 T5
1,2,0 1,2,1 2,1,0 2,2,0 3,2,0 J25
1,2,2 1,2,3 2,2,3 3,2,3 3,2,4 Z5
1,2,4 2,1,4 2,2,4 2,3,3 2,3,4 L25

L15 L15 L15 S15 N25     W5  W5  L15 S15 N25     N15 W5  W5  U5  U5      L35 T15 W5  U5  V5      L35 L35 L35 U5  U5
L15 N15 T5  S15 S15     N15 N15 T5  N25 N25     N15 T15 T5  J45 N25     T15 T15 L25 J45 V5      L35 T15 L25 J45 J45
A5  J25 J25 J25 S15     A5  J25 T5  V25 V5      X5  Z5  V25 V25 V5      J15 Z5  Z5  Z5  V5      J15 L25 L25 Z5  J45
A5  A5  J25 V15 L45     X5  A5  T5  V15 L45     X5  T25 V25 S25 S25     X5  T25 V25 Q5  S25     J15 T25 L25 Q5  Q5
P5  P5  L45 L45 L45     P5  P5  V15 V15 S25     X5  P5  V15 F5  S25     T25 T25 F5  F5  F5      J15 J15 F5  Q5  Q5

...

solution 1511919:
0,0,2 0,1,1 0,1,2 0,1,3 0,2,2 X5
0,1,0 0,2,0 0,2,1 1,0,0 1,1,0 S15
0,0,0 0,0,1 1,0,1 1,1,1 1,1,2 V25
0,0,4 0,1,4 0,2,3 0,2,4 1,1,4 J25
0,0,3 1,0,2 1,0,3 1,0,4 1,1,3 T15
2,0,0 3,0,0 3,1,0 3,1,1 4,1,0 S25
2,0,1 3,0,1 4,0,0 4,0,1 4,1,1 L35
2,0,2 2,0,3 3,0,2 4,0,2 4,1,2 L15
2,0,4 3,0,3 3,0,4 3,1,4 4,1,4 N25
3,1,2 3,1,3 4,0,3 4,0,4 4,1,3 V15
0,4,0 1,4,0 2,4,0 2,4,1 2,4,2 V5
0,3,0 0,3,1 0,4,1 1,3,0 1,3,1 Q5
0,4,2 1,4,1 1,4,2 1,4,3 2,4,3 F5
0,3,3 0,4,3 0,4,4 1,4,4 2,4,4 L45
0,3,2 0,3,4 1,3,2 1,3,3 1,3,4 U5
3,3,1 4,2,0 4,3,0 4,3,1 4,4,0 T25
3,3,0 3,4,0 3,4,1 4,4,1 4,4,2 N15
4,2,1 4,2,2 4,3,2 4,3,3 4,4,3 W5
3,4,4 4,2,3 4,2,4 4,3,4 4,4,4 J15
3,3,2 3,3,3 3,3,4 3,4,2 3,4,3 P5
1,2,0 1,2,1 1,2,2 2,2,1 3,2,1 T5
2,1,0 2,2,0 2,3,0 2,3,1 3,2,0 L25
2,1,1 2,1,2 2,2,2 2,3,2 2,3,3 Z5
2,2,4 2,3,4 3,2,2 3,2,3 3,2,4 J45
1,2,3 1,2,4 2,1,3 2,1,4 2,2,3 A5

V5  V5  V5  N15 T25     Q5  F5  V5  N15 N15     F5  F5  V5  P5  N15     L45 F5  F5  P5  W5      L45 L45 L45 J15 J15
Q5  Q5  L25 N15 T25     Q5  Q5  L25 T25 T25     U5  U5  Z5  P5  W5      L45 U5  Z5  P5  W5      U5  U5  J45 P5  J15
S15 T5  L25 L25 T25     S15 T5  T5  T5  W5      X5  T5  Z5  J45 W5      J25 A5  A5  J45 J15     J25 A5  J45 J45 J15
S15 S15 L25 S25 S25     X5  V25 Z5  S25 L35     X5  V25 Z5  V15 L15     X5  T15 A5  V15 V15     J25 J25 A5  N25 N25
V25 S15 S25 S25 L35     V25 V25 L35 L35 L35     X5  T15 L15 L15 L15     T15 T15 L15 N25 V15     J25 T15 N25 N25 V15

solution 1511920:
0,0,2 0,1,1 0,1,2 0,1,3 0,2,2 X5
0,1,0 0,2,0 0,2,1 1,0,0 1,1,0 S15
0,0,0 0,0,1 1,0,1 1,1,1 1,1,2 V25
0,0,4 0,1,4 0,2,3 0,2,4 1,1,4 J25
0,0,3 1,0,2 1,0,3 1,0,4 1,1,3 T15
2,0,0 3,0,0 3,1,0 3,1,1 4,1,0 S25
2,0,1 3,0,1 4,0,0 4,0,1 4,1,1 L35
2,0,2 2,0,3 3,0,2 4,0,2 4,1,2 L15
2,0,4 3,0,3 3,0,4 3,1,4 4,1,4 N25
3,1,2 3,1,3 4,0,3 4,0,4 4,1,3 V15
0,4,0 1,4,0 2,4,0 2,4,1 2,4,2 V5
0,3,0 0,3,1 0,4,1 1,3,0 1,3,1 Q5
0,4,2 1,4,1 1,4,2 1,4,3 2,4,3 F5
0,3,3 0,4,3 0,4,4 1,4,4 2,4,4 L45
0,3,2 0,3,4 1,3,2 1,3,3 1,3,4 U5
3,3,1 4,2,0 4,3,0 4,3,1 4,4,0 T25
3,3,0 3,4,0 3,4,1 4,4,1 4,4,2 N15
4,2,1 4,2,2 4,3,2 4,3,3 4,4,3 W5
3,4,4 4,2,3 4,2,4 4,3,4 4,4,4 J15
3,3,2 3,3,3 3,3,4 3,4,2 3,4,3 P5
1,2,0 1,2,1 2,2,1 3,2,1 3,2,2 Z5
2,1,0 2,2,0 2,3,0 2,3,1 3,2,0 L25
2,1,1 2,1,2 2,1,3 2,2,2 2,3,2 T5
1,2,2 1,2,3 1,2,4 2,1,4 2,2,4 J45
2,2,3 2,3,3 2,3,4 3,2,3 3,2,4 A5

V5  V5  V5  N15 T25     Q5  F5  V5  N15 N15     F5  F5  V5  P5  N15     L45 F5  F5  P5  W5      L45 L45 L45 J15 J15
Q5  Q5  L25 N15 T25     Q5  Q5  L25 T25 T25     U5  U5  T5  P5  W5      L45 U5  A5  P5  W5      U5  U5  A5  P5  J15
S15 Z5  L25 L25 T25     S15 Z5  Z5  Z5  W5      X5  J45 T5  Z5  W5      J25 J45 A5  A5  J15     J25 J45 J45 A5  J15
S15 S15 L25 S25 S25     X5  V25 T5  S25 L35     X5  V25 T5  V15 L15     X5  T15 T5  V15 V15     J25 J25 J45 N25 N25
V25 S15 S25 S25 L35     V25 V25 L35 L35 L35     X5  T15 L15 L15 L15     T15 T15 L15 N25 V15     J25 T15 N25 N25 V15

Session interrupted by user.
1,511,920 solutions, 14,424,631,719 searches, duration 35 days, 16:41:05.267000
