solving PentacubesSteppedPyramid4:

solution 1 (16,579 searches):
0,0,0 0,1,0 1,1,0 1,2,0 2,1,0 F5
1,0,0 2,0,0 3,0,0 4,0,0 5,0,0 I5
0,2,0 0,3,0 0,4,0 1,4,0 1,4,1 J45
7,0,0 8,0,0 8,1,0 8,2,0 8,3,0 L5
4,1,0 4,1,1 5,1,0 6,0,0 6,1,0 J15
6,2,0 7,1,0 7,2,0 7,3,0 7,3,1 J25
0,8,0 1,7,0 1,8,0 2,7,0 3,7,0 N5
2,8,0 3,8,0 4,6,0 4,7,0 4,8,0 V5
0,5,0 0,6,0 0,7,0 1,5,0 1,5,1 L45
1,6,0 2,4,0 2,4,1 2,5,0 2,6,0 L15
7,6,0 7,7,0 7,8,0 8,7,0 8,8,0 P5
6,5,0 7,5,0 7,5,1 8,5,0 8,6,0 L25
6,3,1 6,4,1 7,4,0 7,4,1 8,4,0 N15
5,7,0 5,7,1 5,8,0 6,7,0 6,8,0 Q5
5,5,0 5,5,1 5,6,0 6,5,1 6,6,0 A5
1,3,0 1,3,1 2,3,1 2,3,2 2,4,2 S15
4,3,0 4,4,0 4,5,0 5,4,0 6,4,0 T5
4,3,1 5,3,0 5,3,1 5,4,1 6,3,0 S25
4,2,1 5,1,1 5,2,0 5,2,1 5,2,2 T15
2,2,0 3,1,0 3,1,1 3,2,0 4,2,0 T25
2,3,0 3,3,0 3,3,1 3,4,0 3,5,0 L35
3,2,1 3,2,2 3,3,2 3,4,1 3,4,2 U5
3,5,1 3,6,0 3,6,1 3,6,2 3,7,1 X5
2,5,1 2,5,2 3,5,2 3,5,3 4,5,3 W5
4,4,1 4,5,1 4,6,1 4,7,1 5,6,1 Y5
4,6,2 5,5,2 5,5,3 5,6,2 6,5,2 N25
4,4,2 4,5,2 5,4,2 6,3,2 6,4,2 Z5
3,3,3 3,4,3 4,2,2 4,3,2 4,3,3 V15
4,4,3 4,4,4 5,3,2 5,3,3 5,4,3 V25

N5  N5  V5  V5  V5  Q5  Q5  P5  P5
L45 N5  N5  N5  V5  Q5  Q5  P5  P5                  X5  Y5  Q5
L45 L15 L15 X5  V5  A5  A5  P5  L25                 X5  Y5  Y5                              X5  N25 N25
L45 L45 L15 L35 T5  A5  L25 L25 L25         L45 W5  X5  Y5  A5  A5  L25                 W5  W5  Z5  N25 N25                         W5  W5  N25
J45 J45 L15 L35 T5  T5  T5  N15 N15         J45 L15 U5  Y5  S25 N15 N15                 S15 U5  Z5  Z5  Z5                          V15 V25 V25                                 V25
J45 S15 L35 L35 T5  S25 S25 J25 L5          S15 S15 L35 S25 S25 N15 J25                 S15 U5  V15 V25 Z5                          V15 V15 V25
J45 F5  T25 T25 T25 T15 J25 J25 L5                  U5  T15 T15                             U5  V15 T15
F5  F5  F5  T25 J15 J15 J15 J25 L5                  T25 J15 T15
F5  I5  I5  I5  I5  I5  J15 L5  L5

solution 2 (30,582 searches):
0,0,0 0,1,0 1,1,0 1,2,0 2,1,0 F5
1,0,0 2,0,0 3,0,0 4,0,0 5,0,0 I5
0,2,0 0,3,0 0,4,0 1,4,0 1,4,1 J45
7,0,0 8,0,0 8,1,0 8,2,0 8,3,0 L5
4,1,0 4,1,1 5,1,0 6,0,0 6,1,0 J15
6,2,0 7,1,0 7,2,0 7,3,0 7,3,1 J25
0,8,0 1,7,0 1,8,0 2,7,0 3,7,0 N5
2,8,0 3,8,0 4,6,0 4,7,0 4,8,0 V5
0,5,0 0,6,0 0,7,0 1,5,0 1,5,1 L45
1,6,0 2,4,0 2,4,1 2,5,0 2,6,0 L15
7,6,0 7,7,0 7,8,0 8,7,0 8,8,0 P5
6,5,0 7,5,0 7,5,1 8,5,0 8,6,0 L25
6,3,1 6,4,1 7,4,0 7,4,1 8,4,0 N15
5,7,0 5,7,1 5,8,0 6,7,0 6,8,0 Q5
5,5,0 5,5,1 5,6,0 6,5,1 6,6,0 A5
1,3,0 1,3,1 2,3,1 2,3,2 2,4,2 S15
4,3,0 4,4,0 5,4,0 6,3,0 6,4,0 U5
2,3,0 3,3,0 3,4,0 3,5,0 4,5,0 Z5
2,2,0 3,1,0 3,1,1 3,2,0 4,2,0 T25
4,2,1 4,3,1 5,1,1 5,2,0 5,2,1 N25
3,2,1 3,2,2 4,2,2 4,3,2 4,3,3 V25
5,2,2 5,3,0 5,3,1 5,3,2 5,3,3 Y5
4,4,2 5,4,2 6,3,2 6,4,2 6,5,2 T5
3,3,1 3,4,1 3,4,2 4,4,1 5,4,1 L35
3,3,2 3,3,3 3,4,3 4,4,3 4,4,4 V15
4,5,2 5,4,3 5,5,2 5,5,3 5,6,2 S25
2,5,1 2,5,2 3,5,2 3,5,3 4,5,3 W5
3,5,1 3,6,0 3,6,1 3,6,2 3,7,1 X5
4,5,1 4,6,1 4,6,2 4,7,1 5,6,1 T15

N5  N5  V5  V5  V5  Q5  Q5  P5  P5
L45 N5  N5  N5  V5  Q5  Q5  P5  P5                  X5  T15 Q5
L45 L15 L15 X5  V5  A5  A5  P5  L25                 X5  T15 T15                             X5  T15 S25
L45 L45 L15 Z5  Z5  A5  L25 L25 L25         L45 W5  X5  T15 A5  A5  L25                 W5  W5  S25 S25 T5                          W5  W5  S25
J45 J45 L15 Z5  U5  U5  U5  N15 N15         J45 L15 L35 L35 L35 N15 N15                 S15 L35 T5  T5  T5                          V15 V15 S25                                 V15
J45 S15 Z5  Z5  U5  Y5  U5  J25 L5          S15 S15 L35 N25 Y5  N15 J25                 S15 V15 V25 Y5  T5                          V15 V25 Y5
J45 F5  T25 T25 T25 N25 J25 J25 L5                  V25 N25 N25                             V25 V25 Y5
F5  F5  F5  T25 J15 J15 J15 J25 L5                  T25 J15 N25
F5  I5  I5  I5  I5  I5  J15 L5  L5

solution 3 (46,397 searches):
0,0,0 0,1,0 1,1,0 1,2,0 2,1,0 F5
1,0,0 2,0,0 3,0,0 4,0,0 5,0,0 I5
0,2,0 0,3,0 0,4,0 1,4,0 1,4,1 J45
7,0,0 8,0,0 8,1,0 8,2,0 8,3,0 L5
4,1,0 4,1,1 5,1,0 6,0,0 6,1,0 J15
6,2,0 7,1,0 7,2,0 7,3,0 7,3,1 J25
0,8,0 1,7,0 1,8,0 2,7,0 3,7,0 N5
2,8,0 3,8,0 4,6,0 4,7,0 4,8,0 V5
0,5,0 0,6,0 0,7,0 1,5,0 1,5,1 L45
1,6,0 2,4,0 2,4,1 2,5,0 2,6,0 L15
7,6,0 7,7,0 7,8,0 8,7,0 8,8,0 P5
6,5,0 7,5,0 7,5,1 8,5,0 8,6,0 L25
6,3,1 6,4,1 7,4,0 7,4,1 8,4,0 N15
5,7,0 5,7,1 5,8,0 6,7,0 6,8,0 Q5
5,5,0 5,5,1 5,6,0 6,5,1 6,6,0 A5
1,3,0 1,3,1 2,3,1 2,3,2 2,4,2 S15
4,4,0 4,5,0 5,4,0 6,3,0 6,4,0 Z5
3,6,0 3,6,1 3,6,2 3,7,1 4,7,1 T25
3,5,1 4,5,1 4,6,1 4,6,2 5,6,1 S25
2,5,1 2,5,2 3,5,2 3,5,3 4,5,3 W5
3,4,0 3,4,1 3,5,0 4,3,1 4,4,1 V15
2,3,0 3,3,0 3,3,1 3,3,2 4,3,0 T5
2,2,0 3,1,0 3,2,0 4,2,0 5,2,0 Y5
3,1,1 3,2,1 4,2,1 5,1,1 5,2,1 U5
3,2,2 4,2,2 4,3,2 4,3,3 5,3,3 V25
3,3,3 3,4,2 3,4,3 4,4,3 4,4,4 N25
5,2,2 5,3,0 5,3,1 5,3,2 6,3,2 L35
4,4,2 5,4,1 5,4,2 5,4,3 6,4,2 X5
4,5,2 5,5,2 5,5,3 5,6,2 6,5,2 T15

N5  N5  V5  V5  V5  Q5  Q5  P5  P5
L45 N5  N5  N5  V5  Q5  Q5  P5  P5                  T25 T25 Q5
L45 L15 L15 T25 V5  A5  A5  P5  L25                 T25 S25 S25                             T25 S25 T15
L45 L45 L15 V15 Z5  A5  L25 L25 L25         L45 W5  S25 S25 A5  A5  L25                 W5  W5  T15 T15 T15                         W5  W5  T15
J45 J45 L15 V15 Z5  Z5  Z5  N15 N15         J45 L15 V15 V15 X5  N15 N15                 S15 N25 X5  X5  X5                          N25 N25 X5                                  N25
J45 S15 T5  T5  T5  L35 Z5  J25 L5          S15 S15 T5  V15 L35 N15 J25                 S15 T5  V25 L35 L35                         N25 V25 V25
J45 F5  Y5  Y5  Y5  Y5  J25 J25 L5                  U5  U5  U5                              V25 V25 L35
F5  F5  F5  Y5  J15 J15 J15 J25 L5                  U5  J15 U5
F5  I5  I5  I5  I5  I5  J15 L5  L5

solution 4 (50,078 searches):
0,0,0 0,1,0 1,1,0 1,2,0 2,1,0 F5
1,0,0 2,0,0 3,0,0 4,0,0 5,0,0 I5
0,2,0 0,3,0 0,4,0 1,4,0 1,4,1 J45
7,0,0 8,0,0 8,1,0 8,2,0 8,3,0 L5
4,1,0 4,1,1 5,1,0 6,0,0 6,1,0 J15
6,2,0 7,1,0 7,2,0 7,3,0 7,3,1 J25
0,8,0 1,7,0 1,8,0 2,7,0 3,7,0 N5
2,8,0 3,8,0 4,6,0 4,7,0 4,8,0 V5
0,5,0 0,6,0 0,7,0 1,5,0 1,5,1 L45
1,6,0 2,4,0 2,4,1 2,5,0 2,6,0 L15
7,6,0 7,7,0 7,8,0 8,7,0 8,8,0 P5
6,5,0 7,5,0 7,5,1 8,5,0 8,6,0 L25
6,3,1 6,4,1 7,4,0 7,4,1 8,4,0 N15
5,7,0 5,7,1 5,8,0 6,7,0 6,8,0 Q5
5,5,0 5,5,1 5,6,0 6,5,1 6,6,0 A5
1,3,0 1,3,1 2,3,1 2,3,2 2,4,2 S15
4,4,0 4,5,0 5,4,0 6,3,0 6,4,0 Z5
3,5,1 3,6,0 3,6,1 3,6,2 3,7,1 X5
2,5,1 2,5,2 3,5,2 3,5,3 4,5,3 W5
4,5,1 4,6,1 4,6,2 4,7,1 5,6,1 T15
3,4,0 3,4,1 3,5,0 4,3,1 4,4,1 V15
2,3,0 3,3,0 3,3,1 3,3,2 4,3,0 T5
2,2,0 3,1,0 3,2,0 4,2,0 5,2,0 Y5
3,1,1 3,2,1 4,2,1 5,1,1 5,2,1 U5
3,2,2 4,2,2 4,3,2 4,3,3 5,3,3 V25
5,2,2 5,3,0 5,3,1 5,3,2 6,3,2 L35
3,3,3 3,4,2 3,4,3 4,4,3 4,4,4 N25
5,5,2 5,5,3 5,6,2 6,4,2 6,5,2 S25
4,4,2 4,5,2 5,4,1 5,4,2 5,4,3 T25

N5  N5  V5  V5  V5  Q5  Q5  P5  P5
L45 N5  N5  N5  V5  Q5  Q5  P5  P5                  X5  T15 Q5
L45 L15 L15 X5  V5  A5  A5  P5  L25                 X5  T15 T15                             X5  T15 S25
L45 L45 L15 V15 Z5  A5  L25 L25 L25         L45 W5  X5  T15 A5  A5  L25                 W5  W5  T25 S25 S25                         W5  W5  S25
J45 J45 L15 V15 Z5  Z5  Z5  N15 N15         J45 L15 V15 V15 T25 N15 N15                 S15 N25 T25 T25 S25                         N25 N25 T25                                 N25
J45 S15 T5  T5  T5  L35 Z5  J25 L5          S15 S15 T5  V15 L35 N15 J25                 S15 T5  V25 L35 L35                         N25 V25 V25
J45 F5  Y5  Y5  Y5  Y5  J25 J25 L5                  U5  U5  U5                              V25 V25 L35
F5  F5  F5  Y5  J15 J15 J15 J25 L5                  U5  J15 U5
F5  I5  I5  I5  I5  I5  J15 L5  L5

solution 5 (189,270 searches):
0,0,0 0,1,0 1,1,0 1,2,0 2,1,0 F5
1,0,0 2,0,0 3,0,0 4,0,0 5,0,0 I5
0,2,0 0,3,0 0,4,0 1,4,0 1,4,1 J45
7,0,0 8,0,0 8,1,0 8,2,0 8,3,0 L5
4,1,0 4,1,1 5,1,0 6,0,0 6,1,0 J15
6,2,0 7,1,0 7,2,0 7,3,0 7,3,1 J25
0,8,0 1,7,0 1,8,0 2,7,0 3,7,0 N5
2,8,0 3,8,0 4,6,0 4,7,0 4,8,0 V5
0,5,0 0,6,0 0,7,0 1,5,0 1,5,1 L45
1,6,0 2,4,0 2,4,1 2,5,0 2,6,0 L15
7,6,0 7,7,0 7,8,0 8,7,0 8,8,0 P5
6,5,0 7,5,0 7,5,1 8,5,0 8,6,0 L25
6,3,1 6,4,1 7,4,0 7,4,1 8,4,0 N15
5,7,0 5,7,1 5,8,0 6,7,0 6,8,0 Q5
5,5,0 5,5,1 5,6,0 6,5,1 6,6,0 A5
1,3,0 2,2,0 2,3,0 3,1,0 3,2,0 W5
1,3,1 2,3,1 2,3,2 2,4,2 3,3,1 T25
3,1,1 3,2,1 4,2,1 5,1,1 5,2,1 U5
4,4,0 4,5,0 5,4,0 6,3,0 6,4,0 Z5
4,2,0 4,3,0 4,3,1 4,4,1 5,2,0 S15
3,3,0 3,4,0 3,4,1 3,5,0 3,6,0 Y5
5,2,2 5,3,0 5,3,1 5,3,2 6,3,2 L35
3,2,2 4,2,2 4,3,2 4,3,3 5,3,3 V25
4,4,2 5,4,1 5,4,2 5,4,3 6,4,2 X5
3,3,2 3,3,3 3,4,3 4,4,3 4,4,4 V15
4,5,3 5,5,2 5,5,3 5,6,2 6,5,2 S25
2,5,1 3,5,1 3,6,1 3,7,1 4,5,1 T5
4,5,2 4,6,1 4,6,2 4,7,1 5,6,1 N25
2,5,2 3,4,2 3,5,2 3,5,3 3,6,2 T15

N5  N5  V5  V5  V5  Q5  Q5  P5  P5
L45 N5  N5  N5  V5  Q5  Q5  P5  P5                  T5  N25 Q5
L45 L15 L15 Y5  V5  A5  A5  P5  L25                 T5  N25 N25                             T15 N25 S25
L45 L45 L15 Y5  Z5  A5  L25 L25 L25         L45 T5  T5  T5  A5  A5  L25                 T15 T15 N25 S25 S25                         T15 S25 S25
J45 J45 L15 Y5  Z5  Z5  Z5  N15 N15         J45 L15 Y5  S15 X5  N15 N15                 T25 T15 X5  X5  X5                          V15 V15 X5                                  V15
J45 W5  W5  Y5  S15 L35 Z5  J25 L5          T25 T25 T25 S15 L35 N15 J25                 T25 V15 V25 L35 L35                         V15 V25 V25
J45 F5  W5  W5  S15 S15 J25 J25 L5                  U5  U5  U5                              V25 V25 L35
F5  F5  F5  W5  J15 J15 J15 J25 L5                  U5  J15 U5
F5  I5  I5  I5  I5  I5  J15 L5  L5

solution 6 (201,510 searches):
0,0,0 0,1,0 1,1,0 1,2,0 2,1,0 F5
1,0,0 2,0,0 3,0,0 4,0,0 5,0,0 I5
0,2,0 0,3,0 0,4,0 1,4,0 1,4,1 J45
7,0,0 8,0,0 8,1,0 8,2,0 8,3,0 L5
4,1,0 4,1,1 5,1,0 6,0,0 6,1,0 J15
6,2,0 7,1,0 7,2,0 7,3,0 7,3,1 J25
0,8,0 1,7,0 1,8,0 2,7,0 3,7,0 N5
2,8,0 3,8,0 4,6,0 4,7,0 4,8,0 V5
0,5,0 0,6,0 0,7,0 1,5,0 1,5,1 L45
1,6,0 2,4,0 2,4,1 2,5,0 2,6,0 L15
7,6,0 7,7,0 7,8,0 8,7,0 8,8,0 P5
6,5,0 7,5,0 7,5,1 8,5,0 8,6,0 L25
6,3,1 6,4,1 7,4,0 7,4,1 8,4,0 N15
5,7,0 5,7,1 5,8,0 6,7,0 6,8,0 Q5
5,5,0 5,5,1 5,6,0 6,5,1 6,6,0 A5
1,3,0 2,2,0 2,3,0 3,1,0 3,2,0 W5
1,3,1 2,3,1 2,3,2 2,4,2 3,4,2 V15
3,1,1 3,2,1 3,2,2 4,2,1 4,3,1 N25
5,1,1 5,2,0 5,2,1 5,2,2 5,3,1 X5
4,2,0 4,3,0 5,3,0 6,3,0 6,4,0 Z5
3,3,0 3,4,0 3,4,1 4,4,0 5,4,0 L35
3,3,1 3,3,2 3,3,3 4,2,2 4,3,2 T25
5,3,2 5,5,2 6,3,2 6,4,2 6,5,2 U5
5,3,3 5,4,1 5,4,2 5,4,3 5,5,3 T5
3,4,3 4,3,3 4,4,2 4,4,3 4,4,4 T15
2,5,2 3,5,2 3,6,1 3,6,2 3,7,1 S15
2,5,1 3,5,0 3,5,1 3,6,0 4,5,0 S25
3,5,3 4,5,2 4,5,3 4,6,2 5,6,2 V25
4,4,1 4,5,1 4,6,1 4,7,1 5,6,1 Y5

N5  N5  V5  V5  V5  Q5  Q5  P5  P5
L45 N5  N5  N5  V5  Q5  Q5  P5  P5                  S15 Y5  Q5
L45 L15 L15 S25 V5  A5  A5  P5  L25                 S15 Y5  Y5                              S15 V25 V25
L45 L45 L15 S25 S25 A5  L25 L25 L25         L45 S25 S25 Y5  A5  A5  L25                 S15 S15 V25 U5  U5                          V25 V25 T5
J45 J45 L15 L35 L35 L35 Z5  N15 N15         J45 L15 L35 Y5  T5  N15 N15                 V15 V15 T15 T5  U5                          T15 T15 T5                                  T15
J45 W5  W5  L35 Z5  Z5  Z5  J25 L5          V15 V15 T25 N25 X5  N15 J25                 V15 T25 T25 U5  U5                          T25 T15 T5
J45 F5  W5  W5  Z5  X5  J25 J25 L5                  N25 N25 X5                              N25 T25 X5
F5  F5  F5  W5  J15 J15 J15 J25 L5                  N25 J15 X5
F5  I5  I5  I5  I5  I5  J15 L5  L5

solution 7 (201,513 searches):
0,0,0 0,1,0 1,1,0 1,2,0 2,1,0 F5
1,0,0 2,0,0 3,0,0 4,0,0 5,0,0 I5
0,2,0 0,3,0 0,4,0 1,4,0 1,4,1 J45
7,0,0 8,0,0 8,1,0 8,2,0 8,3,0 L5
4,1,0 4,1,1 5,1,0 6,0,0 6,1,0 J15
6,2,0 7,1,0 7,2,0 7,3,0 7,3,1 J25
0,8,0 1,7,0 1,8,0 2,7,0 3,7,0 N5
2,8,0 3,8,0 4,6,0 4,7,0 4,8,0 V5
0,5,0 0,6,0 0,7,0 1,5,0 1,5,1 L45
1,6,0 2,4,0 2,4,1 2,5,0 2,6,0 L15
7,6,0 7,7,0 7,8,0 8,7,0 8,8,0 P5
6,5,0 7,5,0 7,5,1 8,5,0 8,6,0 L25
6,3,1 6,4,1 7,4,0 7,4,1 8,4,0 N15
5,7,0 5,7,1 5,8,0 6,7,0 6,8,0 Q5
5,5,0 5,5,1 5,6,0 6,5,1 6,6,0 A5
1,3,0 2,2,0 2,3,0 3,1,0 3,2,0 W5
1,3,1 2,3,1 2,3,2 2,4,2 3,4,2 V15
3,1,1 3,2,1 3,2,2 4,2,1 4,3,1 N25
5,1,1 5,2,0 5,2,1 5,2,2 5,3,1 X5
4,2,0 4,3,0 5,3,0 6,3,0 6,4,0 Z5
3,3,0 3,4,0 3,4,1 4,4,0 5,4,0 L35
3,3,1 3,3,2 3,3,3 4,2,2 4,3,2 T25
5,3,2 5,5,2 6,3,2 6,4,2 6,5,2 U5
5,3,3 5,4,1 5,4,2 5,4,3 5,5,3 T5
3,4,3 4,3,3 4,4,2 4,4,3 4,4,4 T15
2,5,1 2,5,2 3,5,2 3,5,3 3,6,2 S25
4,5,2 4,5,3 4,6,2 5,6,1 5,6,2 V25
3,5,1 4,4,1 4,5,1 4,6,1 4,7,1 Y5
3,5,0 3,6,0 3,6,1 3,7,1 4,5,0 S15

N5  N5  V5  V5  V5  Q5  Q5  P5  P5
L45 N5  N5  N5  V5  Q5  Q5  P5  P5                  S15 Y5  Q5
L45 L15 L15 S15 V5  A5  A5  P5  L25                 S15 Y5  V25                             S25 V25 V25
L45 L45 L15 S15 S15 A5  L25 L25 L25         L45 S25 Y5  Y5  A5  A5  L25                 S25 S25 V25 U5  U5                          S25 V25 T5
J45 J45 L15 L35 L35 L35 Z5  N15 N15         J45 L15 L35 Y5  T5  N15 N15                 V15 V15 T15 T5  U5                          T15 T15 T5                                  T15
J45 W5  W5  L35 Z5  Z5  Z5  J25 L5          V15 V15 T25 N25 X5  N15 J25                 V15 T25 T25 U5  U5                          T25 T15 T5
J45 F5  W5  W5  Z5  X5  J25 J25 L5                  N25 N25 X5                              N25 T25 X5
F5  F5  F5  W5  J15 J15 J15 J25 L5                  N25 J15 X5
F5  I5  I5  I5  I5  I5  J15 L5  L5

solution 8 (202,943 searches):
0,0,0 0,1,0 1,1,0 1,2,0 2,1,0 F5
1,0,0 2,0,0 3,0,0 4,0,0 5,0,0 I5
0,2,0 0,3,0 0,4,0 1,4,0 1,4,1 J45
7,0,0 8,0,0 8,1,0 8,2,0 8,3,0 L5
4,1,0 4,1,1 5,1,0 6,0,0 6,1,0 J15
6,2,0 7,1,0 7,2,0 7,3,0 7,3,1 J25
0,8,0 1,7,0 1,8,0 2,7,0 3,7,0 N5
2,8,0 3,8,0 4,6,0 4,7,0 4,8,0 V5
0,5,0 0,6,0 0,7,0 1,5,0 1,5,1 L45
1,6,0 2,4,0 2,4,1 2,5,0 2,6,0 L15
7,6,0 7,7,0 7,8,0 8,7,0 8,8,0 P5
6,5,0 7,5,0 7,5,1 8,5,0 8,6,0 L25
6,3,1 6,4,1 7,4,0 7,4,1 8,4,0 N15
5,7,0 5,7,1 5,8,0 6,7,0 6,8,0 Q5
5,5,0 5,5,1 5,6,0 6,5,1 6,6,0 A5
1,3,0 2,2,0 2,3,0 3,1,0 3,2,0 W5
1,3,1 2,3,1 2,3,2 2,4,2 3,4,2 V15
3,1,1 3,2,1 4,2,1 4,2,2 4,3,1 N25
5,1,1 5,2,0 5,2,1 5,2,2 5,3,1 X5
4,2,0 4,3,0 5,3,0 6,3,0 6,4,0 Z5
3,2,2 3,3,1 3,3,2 3,3,3 4,3,2 T15
3,3,0 3,4,0 3,4,1 4,4,0 5,4,0 L35
2,5,2 3,5,2 3,6,1 3,6,2 3,7,1 S15
2,5,1 3,5,0 3,5,1 3,6,0 4,5,0 S25
4,5,1 4,6,1 4,7,1 5,6,1 5,6,2 T25
3,4,3 3,5,3 4,5,2 4,5,3 4,6,2 V25
4,3,3 4,4,1 4,4,2 4,4,3 4,4,4 Y5
5,3,3 5,4,1 5,4,2 5,4,3 5,5,3 T5
5,3,2 5,5,2 6,3,2 6,4,2 6,5,2 U5

N5  N5  V5  V5  V5  Q5  Q5  P5  P5
L45 N5  N5  N5  V5  Q5  Q5  P5  P5                  S15 T25 Q5
L45 L15 L15 S25 V5  A5  A5  P5  L25                 S15 T25 T25                             S15 V25 T25
L45 L45 L15 S25 S25 A5  L25 L25 L25         L45 S25 S25 T25 A5  A5  L25                 S15 S15 V25 U5  U5                          V25 V25 T5
J45 J45 L15 L35 L35 L35 Z5  N15 N15         J45 L15 L35 Y5  T5  N15 N15                 V15 V15 Y5  T5  U5                          V25 Y5  T5                                  Y5
J45 W5  W5  L35 Z5  Z5  Z5  J25 L5          V15 V15 T15 N25 X5  N15 J25                 V15 T15 T15 U5  U5                          T15 Y5  T5
J45 F5  W5  W5  Z5  X5  J25 J25 L5                  N25 N25 X5                              T15 N25 X5
F5  F5  F5  W5  J15 J15 J15 J25 L5                  N25 J15 X5
F5  I5  I5  I5  I5  I5  J15 L5  L5

solution 9 (257,286 searches):
0,0,0 0,1,0 1,1,0 1,2,0 2,1,0 F5
1,0,0 2,0,0 3,0,0 4,0,0 5,0,0 I5
0,2,0 0,3,0 0,4,0 1,4,0 1,4,1 J45
7,0,0 8,0,0 8,1,0 8,2,0 8,3,0 L5
4,1,0 4,1,1 5,1,0 6,0,0 6,1,0 J15
6,2,0 7,1,0 7,2,0 7,3,0 7,3,1 J25
0,8,0 1,7,0 1,8,0 2,7,0 3,7,0 N5
2,8,0 3,8,0 4,6,0 4,7,0 4,8,0 V5
0,5,0 0,6,0 0,7,0 1,5,0 1,5,1 L45
1,6,0 2,4,0 2,4,1 2,5,0 2,6,0 L15
7,6,0 7,7,0 7,8,0 8,7,0 8,8,0 P5
6,5,0 7,5,0 7,5,1 8,5,0 8,6,0 L25
6,3,1 6,4,1 7,4,0 7,4,1 8,4,0 N15
5,7,0 5,7,1 5,8,0 6,7,0 6,8,0 Q5
5,5,0 5,5,1 5,6,0 6,5,1 6,6,0 A5
1,3,0 2,2,0 2,3,0 3,1,0 3,2,0 W5
1,3,1 2,3,1 3,3,0 3,3,1 4,3,1 Y5
3,1,1 3,2,1 3,2,2 4,2,0 4,2,1 S25
4,2,2 4,3,2 5,1,1 5,2,1 5,2,2 V15
5,2,0 5,3,0 5,3,1 6,3,0 6,4,0 N25
2,3,2 3,3,2 3,3,3 3,4,2 3,5,2 L35
2,4,2 2,5,1 2,5,2 3,5,0 3,5,1 S15
3,6,0 3,6,1 3,6,2 3,7,1 4,7,1 T25
3,4,0 4,3,0 4,4,0 4,5,0 5,4,0 X5
3,4,1 4,4,1 4,5,1 4,6,1 5,6,1 Z5
5,3,2 5,5,2 6,3,2 6,4,2 6,5,2 U5
5,3,3 5,4,1 5,4,2 5,4,3 5,5,3 T5
3,5,3 4,5,2 4,5,3 4,6,2 5,6,2 V25
3,4,3 4,3,3 4,4,2 4,4,3 4,4,4 T15

N5  N5  V5  V5  V5  Q5  Q5  P5  P5
L45 N5  N5  N5  V5  Q5  Q5  P5  P5                  T25 T25 Q5
L45 L15 L15 T25 V5  A5  A5  P5  L25                 T25 Z5  Z5                              T25 V25 V25
L45 L45 L15 S15 X5  A5  L25 L25 L25         L45 S15 S15 Z5  A5  A5  L25                 S15 L35 V25 U5  U5                          V25 V25 T5
J45 J45 L15 X5  X5  X5  N25 N15 N15         J45 L15 Z5  Z5  T5  N15 N15                 S15 L35 T15 T5  U5                          T15 T15 T5                                  T15
J45 W5  W5  Y5  X5  N25 N25 J25 L5          Y5  Y5  Y5  Y5  N25 N15 J25                 L35 L35 V15 U5  U5                          L35 T15 T5
J45 F5  W5  W5  S25 N25 J25 J25 L5                  S25 S25 V15                             S25 V15 V15
F5  F5  F5  W5  J15 J15 J15 J25 L5                  S25 J15 V15
F5  I5  I5  I5  I5  I5  J15 L5  L5

solution 10 (261,707 searches):
0,0,0 0,1,0 1,1,0 1,2,0 2,1,0 F5
1,0,0 2,0,0 3,0,0 4,0,0 5,0,0 I5
0,2,0 0,3,0 0,4,0 1,4,0 1,4,1 J45
7,0,0 8,0,0 8,1,0 8,2,0 8,3,0 L5
4,1,0 4,1,1 5,1,0 6,0,0 6,1,0 J15
6,2,0 7,1,0 7,2,0 7,3,0 7,3,1 J25
0,8,0 1,7,0 1,8,0 2,7,0 3,7,0 N5
2,8,0 3,8,0 4,6,0 4,7,0 4,8,0 V5
0,5,0 0,6,0 0,7,0 1,5,0 1,5,1 L45
1,6,0 2,4,0 2,4,1 2,5,0 2,6,0 L15
7,6,0 7,7,0 7,8,0 8,7,0 8,8,0 P5
6,5,0 7,5,0 7,5,1 8,5,0 8,6,0 L25
6,3,1 6,4,1 7,4,0 7,4,1 8,4,0 N15
5,7,0 5,7,1 5,8,0 6,7,0 6,8,0 Q5
5,5,0 5,5,1 5,6,0 6,5,1 6,6,0 A5
1,3,0 2,2,0 2,3,0 3,1,0 3,2,0 W5
1,3,1 2,3,1 3,3,0 3,3,1 4,3,1 Y5
3,1,1 3,2,1 3,2,2 4,2,2 4,3,2 V25
4,2,1 5,1,1 5,2,0 5,2,1 5,2,2 T15
4,2,0 4,3,0 5,3,0 6,3,0 6,4,0 Z5
4,4,1 4,5,0 4,5,1 4,5,2 4,6,1 X5
3,5,0 3,6,0 3,6,1 3,7,1 4,7,1 S15
3,4,0 3,4,1 4,4,0 5,4,0 5,4,1 U5
5,5,2 5,5,3 5,6,1 5,6,2 6,5,2 S25
2,5,1 3,5,1 3,5,2 3,6,2 4,6,2 V15
2,3,2 2,4,2 2,5,2 3,4,2 4,4,2 T5
3,3,2 3,3,3 3,4,3 3,5,3 4,3,3 L35
4,4,3 4,4,4 4,5,3 5,4,2 5,4,3 N25
5,3,1 5,3,2 5,3,3 6,3,2 6,4,2 T25

N5  N5  V5  V5  V5  Q5  Q5  P5  P5
L45 N5  N5  N5  V5  Q5  Q5  P5  P5                  S15 S15 Q5
L45 L15 L15 S15 V5  A5  A5  P5  L25                 S15 X5  S25                             V15 V15 S25
L45 L45 L15 S15 X5  A5  L25 L25 L25         L45 V15 V15 X5  A5  A5  L25                 T5  V15 X5  S25 S25                         L35 N25 S25
J45 J45 L15 U5  U5  U5  Z5  N15 N15         J45 L15 U5  X5  U5  N15 N15                 T5  T5  T5  N25 T25                         L35 N25 N25                                 N25
J45 W5  W5  Y5  Z5  Z5  Z5  J25 L5          Y5  Y5  Y5  Y5  T25 N15 J25                 T5  L35 V25 T25 T25                         L35 L35 T25
J45 F5  W5  W5  Z5  T15 J25 J25 L5                  V25 T15 T15                             V25 V25 T15
F5  F5  F5  W5  J15 J15 J15 J25 L5                  V25 J15 T15
F5  I5  I5  I5  I5  I5  J15 L5  L5

User-requested solution limit reached.
10 solutions, 261,707 searches, duration 0:05:02.073918
