solving PentacubesTruncatedTetrahedron:

solution 1:
0,8,8 1,8,8 2,8,8 3,8,8 4,8,8 I5
8,0,8 8,1,8 8,2,8 8,3,7 8,3,8 L5
7,1,8 7,2,7 7,2,8 8,1,7 8,2,7 A5
7,7,2 8,7,1 8,7,2 8,8,0 8,8,1 N15
1,7,8 2,6,8 2,7,8 3,7,7 3,7,8 J25
1,8,7 2,7,7 2,8,6 2,8,7 3,8,6 N25
6,8,2 6,8,3 7,8,1 7,8,2 8,8,2 F5
7,4,5 7,4,6 8,2,6 8,3,6 8,4,6 J45
7,5,5 8,3,5 8,4,5 8,5,5 8,5,6 L35
8,4,4 8,5,4 8,6,4 8,6,5 8,7,5 N5
8,5,3 8,6,2 8,6,3 8,7,3 8,8,3 Y5
6,2,8 6,3,8 7,3,6 7,3,7 7,3,8 L45
4,4,8 5,3,8 5,4,7 5,4,8 5,5,7 S25
6,3,7 6,4,7 7,4,7 8,4,7 8,5,7 Z5
6,4,8 7,4,8 7,5,7 7,5,8 8,4,8 T25
3,8,5 3,8,7 4,8,5 4,8,6 4,8,7 U5
4,8,4 5,8,3 5,8,4 5,8,5 6,8,4 X5
3,5,8 4,5,7 4,5,8 4,6,7 5,6,7 V25
3,6,7 3,6,8 4,6,8 5,5,8 5,6,8 L15
4,7,7 4,7,8 5,7,7 5,7,8 6,7,7 P5
3,7,6 4,7,5 4,7,6 5,7,4 5,7,5 W5
4,6,6 5,6,6 5,7,6 5,8,6 5,8,7 J15
6,5,7 6,5,8 6,6,7 6,6,8 7,6,7 Q5
5,5,6 6,4,6 6,5,5 6,5,6 7,5,6 T15
6,6,6 6,7,6 6,8,6 7,6,6 8,6,6 V5
5,6,5 6,6,5 6,7,5 6,8,5 7,6,5 T5
7,7,5 7,7,6 7,8,4 7,8,5 8,8,4 S15
6,6,4 6,7,3 6,7,4 7,7,3 7,8,3 V15
7,5,4 7,6,3 7,6,4 7,7,4 8,7,4 L25

                                N15                                 F5  N15                             F5  F5  F5                          X5  F5  V15 Y5                      X5  X5  X5  S15 S15                 U5  U5  X5  T5  S15                 N25 N25 U5  J15 V5                  N25 N25 U5  U5  J15                 I5  I5  I5  I5  I5
                                                                        N15                                 N15 N15                             V15 V15 Y5                          W5  V15 L25 L25                     W5  W5  T5  S15 N5                  W5  W5  J15 V5  S15                 N25 J25 P5  P5  P5                  J25 J25 J25 P5  P5
                                                                                                                Y5                                  L25 Y5                              V15 L25 N5                          T5  T5  T5  N5                      J15 J15 V5  V5  V5                  L15 V25 V25 Q5  Q5                  J25 L15 L15 L15 Q5
                                                                                                                                                        Y5                                  L25 N5                              T15 L35 L35                         T15 T15 T15 L35                     V25 S25 Q5  T25 Z5                  V25 V25 L15 Q5  T25
                                                                                                                                                                                                N5                                  J45 L35                             T15 J45 J45                         S25 Z5  Z5  Z5                      S25 S25 T25 T25 T25
                                                                                                                                                                                                                                        L35                                 L45 J45                             Z5  L45 L5                          S25 L45 L45 L5
                                                                                                                                                                                                                                                                                J45                                 A5  A5                              L45 A5  L5
                                                                                                                                                                                                                                                                                                                        A5                                  A5  L5
                                                                                                                                                                                                                                                                                                                                                                L5

solution 2:
0,8,8 1,8,8 2,8,8 3,8,8 4,8,8 I5
8,0,8 8,1,8 8,2,8 8,3,7 8,3,8 L5
7,1,8 7,2,7 7,2,8 8,1,7 8,2,7 A5
7,7,2 8,7,1 8,7,2 8,8,0 8,8,1 N15
1,7,8 2,6,8 2,7,8 3,7,7 3,7,8 J25
1,8,7 2,7,7 2,8,6 2,8,7 3,8,6 N25
6,8,2 6,8,3 7,8,1 7,8,2 8,8,2 F5
7,4,5 7,4,6 8,2,6 8,3,6 8,4,6 J45
7,5,5 8,3,5 8,4,5 8,5,5 8,5,6 L35
8,4,4 8,5,4 8,6,4 8,6,5 8,7,5 N5
8,5,3 8,6,2 8,6,3 8,7,3 8,8,3 Y5
6,2,8 6,3,8 7,3,6 7,3,7 7,3,8 L45
5,3,8 5,4,8 5,5,8 6,5,8 7,5,8 V5
3,5,8 3,6,8 4,4,8 4,5,8 4,6,8 P5
7,4,7 7,4,8 8,4,7 8,4,8 8,5,7 Q5
5,4,7 6,3,7 6,4,6 6,4,7 6,4,8 T15
3,8,5 3,8,7 4,8,5 4,8,6 4,8,7 U5
4,8,4 5,8,3 5,8,4 5,8,5 6,8,4 X5
3,7,6 4,7,6 4,7,7 4,7,8 5,7,8 Z5
3,6,7 4,5,7 4,6,6 4,6,7 5,5,7 S25
6,7,3 7,5,4 7,6,3 7,6,4 7,7,3 S15
7,8,3 7,8,4 7,8,5 8,7,4 8,8,4 T25
4,7,5 5,7,5 5,7,6 5,8,6 6,8,6 V15
5,7,7 5,8,7 6,6,7 6,7,7 7,6,7 W5
5,5,6 5,6,6 5,6,7 5,6,8 6,6,8 J15
5,7,4 6,6,4 6,7,4 7,7,4 7,7,5 L25
5,6,5 6,6,5 6,7,5 6,8,5 7,6,5 T5
6,5,5 6,5,6 6,6,6 6,7,6 7,7,6 L15
6,5,7 7,5,6 7,5,7 7,6,6 8,6,6 V25

                                N15                                 F5  N15                             F5  F5  F5                          X5  F5  T25 Y5                      X5  X5  X5  T25 T25                 U5  U5  X5  T5  T25                 N25 N25 U5  V15 V15                 N25 N25 U5  U5  W5                  I5  I5  I5  I5  I5
                                                                        N15                                 N15 N15                             S15 S15 Y5                          L25 L25 L25 T25                     V15 V15 T5  L25 N5                  Z5  Z5  V15 L15 L15                 N25 J25 Z5  W5  W5                  J25 J25 J25 Z5  Z5
                                                                                                                Y5                                  S15 Y5                              L25 S15 N5                          T5  T5  T5  N5                      S25 J15 L15 V25 V25                 S25 S25 J15 W5  W5                  J25 P5  P5  J15 J15
                                                                                                                                                        Y5                                  S15 N5                              L15 L35 L35                         J15 L15 V25 L35                     S25 S25 V25 V25 Q5                  P5  P5  V5  V5  V5
                                                                                                                                                                                                N5                                  J45 L35                             T15 J45 J45                         T15 T15 Q5  Q5                      P5  V5  T15 Q5  Q5
                                                                                                                                                                                                                                        L35                                 L45 J45                             T15 L45 L5                          V5  L45 L45 L5
                                                                                                                                                                                                                                                                                J45                                 A5  A5                              L45 A5  L5
                                                                                                                                                                                                                                                                                                                        A5                                  A5  L5
                                                                                                                                                                                                                                                                                                                                                                L5

solution 3:
0,8,8 1,8,8 2,8,8 3,8,8 4,8,8 I5
8,0,8 8,1,8 8,2,8 8,3,7 8,3,8 L5
7,1,8 7,2,7 7,2,8 8,1,7 8,2,7 A5
7,7,2 8,7,1 8,7,2 8,8,0 8,8,1 N15
1,7,8 2,6,8 2,7,8 3,7,7 3,7,8 J25
1,8,7 2,7,7 2,8,6 2,8,7 3,8,6 N25
6,8,2 6,8,3 7,8,1 7,8,2 8,8,2 F5
7,4,5 7,4,6 8,2,6 8,3,6 8,4,6 J45
7,5,5 8,3,5 8,4,5 8,5,5 8,5,6 L35
8,4,4 8,5,4 8,6,4 8,6,5 8,7,5 N5
8,5,3 8,6,2 8,6,3 8,7,3 8,8,3 Y5
6,2,8 6,3,8 7,3,6 7,3,7 7,3,8 L45
5,3,8 5,4,8 6,4,8 7,4,8 7,5,8 Z5
6,3,7 6,4,7 7,4,7 8,4,7 8,4,8 L15
6,5,7 6,6,7 7,5,7 7,6,7 8,5,7 P5
5,5,6 6,4,6 6,5,5 6,5,6 7,5,6 T15
6,6,6 7,6,6 7,7,5 7,7,6 8,6,6 T25
5,4,7 5,5,7 5,5,8 6,5,8 6,6,8 V25
3,5,8 4,4,8 4,5,7 4,5,8 4,6,7 S25
3,6,7 3,6,8 4,6,8 5,6,8 5,7,8 J15
3,8,5 3,8,7 4,8,5 4,8,6 4,8,7 U5
3,7,6 4,7,6 4,7,7 4,7,8 5,7,6 T5
4,6,6 5,6,5 5,6,6 5,6,7 5,7,7 L25
5,8,6 5,8,7 6,8,5 6,8,6 7,8,5 W5
4,7,5 5,7,5 6,7,5 6,7,6 6,7,7 V5
4,8,4 5,8,3 5,8,4 5,8,5 6,8,4 X5
6,7,3 7,5,4 7,6,3 7,6,4 7,7,3 S15
5,7,4 6,6,4 6,6,5 6,7,4 7,6,5 V15
7,7,4 7,8,3 7,8,4 8,7,4 8,8,4 Q5

                                N15                                 F5  N15                             F5  F5  F5                          X5  F5  Q5  Y5                      X5  X5  X5  Q5  Q5                  U5  U5  X5  W5  W5                  N25 N25 U5  W5  W5                  N25 N25 U5  U5  W5                  I5  I5  I5  I5  I5
                                                                        N15                                 N15 N15                             S15 S15 Y5                          V15 V15 Q5  Q5                      V5  V5  V5  T25 N5                  T5  T5  T5  V5  T25                 N25 J25 T5  L25 V5                  J25 J25 J25 T5  J15
                                                                                                                Y5                                  S15 Y5                              V15 S15 N5                          L25 V15 V15 N5                      L25 L25 T25 T25 T25                 J15 S25 L25 P5  P5                  J25 J15 J15 J15 V25
                                                                                                                                                        Y5                                  S15 N5                              T15 L35 L35                         T15 T15 T15 L35                     S25 V25 P5  P5  P5                  S25 S25 V25 V25 Z5
                                                                                                                                                                                                N5                                  J45 L35                             T15 J45 J45                         V25 L15 L15 L15                     S25 Z5  Z5  Z5  L15
                                                                                                                                                                                                                                        L35                                 L45 J45                             L15 L45 L5                          Z5  L45 L45 L5
                                                                                                                                                                                                                                                                                J45                                 A5  A5                              L45 A5  L5
                                                                                                                                                                                                                                                                                                                        A5                                  A5  L5
                                                                                                                                                                                                                                                                                                                                                                L5

solution 4:
0,8,8 1,8,8 2,8,8 3,8,8 4,8,8 I5
8,0,8 8,1,8 8,2,8 8,3,7 8,3,8 L5
7,1,8 7,2,7 7,2,8 8,1,7 8,2,7 A5
7,7,2 8,7,1 8,7,2 8,8,0 8,8,1 N15
1,7,8 2,6,8 2,7,8 3,7,7 3,7,8 J25
1,8,7 2,7,7 2,8,6 2,8,7 3,8,6 N25
6,8,2 6,8,3 7,8,1 7,8,2 8,8,2 F5
7,4,5 7,4,6 8,2,6 8,3,6 8,4,6 J45
7,5,5 8,3,5 8,4,5 8,5,5 8,5,6 L35
8,4,4 8,5,4 8,6,4 8,6,5 8,7,5 N5
8,5,3 8,6,2 8,6,3 8,7,3 8,8,3 Y5
5,3,8 6,2,8 6,3,7 6,3,8 6,4,7 S25
7,3,6 7,3,7 7,4,7 7,5,7 8,5,7 L15
7,3,8 7,4,8 7,5,8 8,4,7 8,4,8 T25
3,8,7 4,8,6 4,8,7 5,8,6 5,8,7 P5
3,8,5 4,7,5 4,8,4 4,8,5 5,8,5 T15
5,8,3 5,8,4 6,8,4 7,8,3 7,8,4 U5
7,6,3 7,7,3 7,7,4 8,7,4 8,8,4 V25
7,5,4 7,6,4 7,6,5 7,6,6 8,6,6 J15
6,5,5 6,6,4 6,6,5 6,7,3 6,7,4 W5
5,7,4 5,7,5 6,7,5 7,7,5 7,7,6 Z5
6,7,6 6,7,7 6,8,5 6,8,6 7,8,5 S15
3,7,6 4,6,6 4,7,6 5,7,6 5,7,7 L25
5,5,6 6,4,6 6,5,6 6,6,6 7,5,6 X5
5,6,5 5,6,6 5,6,7 6,6,7 7,6,7 V5
4,5,7 4,6,7 4,7,7 4,7,8 5,7,8 L45
3,5,8 3,6,7 3,6,8 4,5,8 4,6,8 Q5
5,4,7 5,5,7 6,5,7 6,5,8 6,6,8 V15
4,4,8 5,4,8 5,5,8 5,6,8 6,4,8 T5

                                N15                                 F5  N15                             F5  F5  F5                          U5  F5  U5  Y5                      T15 U5  U5  U5  V25                 T15 T15 T15 S15 S15                 N25 N25 P5  P5  S15                 N25 N25 P5  P5  P5                  I5  I5  I5  I5  I5
                                                                        N15                                 N15 N15                             W5  V25 Y5                          Z5  W5  V25 V25                     T15 Z5  Z5  Z5  N5                  L25 L25 L25 S15 Z5                  N25 J25 L45 L25 S15                 J25 J25 J25 L45 L45
                                                                                                                Y5                                  V25 Y5                              W5  J15 N5                          V5  W5  J15 N5                      L25 V5  X5  J15 J15                 Q5  L45 V5  V5  V5                  J25 Q5  Q5  T5  V15
                                                                                                                                                        Y5                                  J15 N5                              W5  L35 L35                         X5  X5  X5  L35                     L45 V15 V15 L15 L15                 Q5  Q5  T5  V15 T25
                                                                                                                                                                                                N5                                  J45 L35                             X5  J45 J45                         V15 S25 L15 T25                     T5  T5  T5  T25 T25
                                                                                                                                                                                                                                        L35                                 L15 J45                             S25 L15 L5                          S25 S25 T25 L5
                                                                                                                                                                                                                                                                                J45                                 A5  A5                              S25 A5  L5
                                                                                                                                                                                                                                                                                                                        A5                                  A5  L5
                                                                                                                                                                                                                                                                                                                                                                L5

solution 5:
0,8,8 1,8,8 2,8,8 3,8,8 4,8,8 I5
8,0,8 8,1,8 8,2,8 8,3,7 8,3,8 L5
7,1,8 7,2,7 7,2,8 8,1,7 8,2,7 A5
7,7,2 8,7,1 8,7,2 8,8,0 8,8,1 N15
1,7,8 2,6,8 2,7,8 3,7,7 3,7,8 J25
1,8,7 2,7,7 2,8,6 2,8,7 3,8,6 N25
6,8,2 6,8,3 7,8,1 7,8,2 8,8,2 F5
7,4,5 7,4,6 8,2,6 8,3,6 8,4,6 J45
7,5,5 8,3,5 8,4,5 8,5,5 8,5,6 L35
8,4,4 8,5,4 8,6,4 8,6,5 8,7,5 N5
8,5,3 8,6,2 8,6,3 8,7,3 8,8,3 Y5
5,3,8 6,2,8 6,3,7 6,3,8 6,4,7 S25
7,3,6 7,3,7 7,3,8 7,4,7 7,5,7 T5
6,4,8 7,4,8 8,4,7 8,4,8 8,5,7 L45
5,4,7 5,5,7 6,5,7 6,5,8 7,5,8 S15
5,5,6 6,4,6 6,5,5 6,5,6 7,5,6 T15
3,8,5 3,8,7 4,8,5 4,8,6 4,8,7 U5
4,8,4 5,8,3 5,8,4 5,8,5 6,8,4 X5
3,7,6 4,7,5 4,7,6 5,7,4 5,7,5 W5
4,4,8 5,4,8 5,5,8 5,6,8 6,6,8 Z5
3,5,8 3,6,7 3,6,8 4,6,7 4,7,7 V15
4,5,7 4,5,8 4,6,8 4,7,8 5,7,8 L15
4,6,6 5,6,6 5,7,6 5,8,6 5,8,7 J15
5,6,7 5,7,7 6,6,7 6,7,7 7,6,7 P5
6,6,6 6,7,6 6,8,6 7,6,6 8,6,6 V5
5,6,5 6,6,4 6,6,5 6,7,4 7,6,5 T25
7,5,4 7,6,3 7,6,4 7,7,4 8,7,4 L25
6,7,3 7,7,3 7,8,3 7,8,4 8,8,4 V25
6,7,5 6,8,5 7,7,5 7,7,6 7,8,5 Q5

                                N15                                 F5  N15                             F5  F5  F5                          X5  F5  V25 Y5                      X5  X5  X5  V25 V25                 U5  U5  X5  Q5  Q5                  N25 N25 U5  J15 V5                  N25 N25 U5  U5  J15                 I5  I5  I5  I5  I5
                                                                        N15                                 N15 N15                             V25 V25 Y5                          W5  T25 L25 L25                     W5  W5  Q5  Q5  N5                  W5  W5  J15 V5  Q5                  N25 J25 V15 P5  P5                  J25 J25 J25 L15 L15
                                                                                                                Y5                                  L25 Y5                              T25 L25 N5                          T25 T25 T25 N5                      J15 J15 V5  V5  V5                  V15 V15 P5  P5  P5                  J25 V15 L15 Z5  Z5
                                                                                                                                                        Y5                                  L25 N5                              T15 L35 L35                         T15 T15 T15 L35                     L15 S15 S15 T5  L45                 V15 L15 Z5  S15 S15
                                                                                                                                                                                                N5                                  J45 L35                             T15 J45 J45                         S15 S25 T5  L45                     Z5  Z5  L45 L45 L45
                                                                                                                                                                                                                                        L35                                 T5  J45                             S25 T5  L5                          S25 S25 T5  L5
                                                                                                                                                                                                                                                                                J45                                 A5  A5                              S25 A5  L5
                                                                                                                                                                                                                                                                                                                        A5                                  A5  L5
                                                                                                                                                                                                                                                                                                                                                                L5

solution 6:
0,8,8 1,8,8 2,8,8 3,8,8 4,8,8 I5
8,0,8 8,1,8 8,2,8 8,3,7 8,3,8 L5
7,1,8 7,2,7 7,2,8 8,1,7 8,2,7 A5
7,7,2 8,7,1 8,7,2 8,8,0 8,8,1 N15
1,7,8 2,6,8 2,7,8 3,7,7 3,7,8 J25
1,8,7 2,7,7 2,8,6 2,8,7 3,8,6 N25
6,8,2 6,8,3 7,8,1 7,8,2 8,8,2 F5
7,4,5 7,4,6 8,2,6 8,3,6 8,4,6 J45
7,5,5 8,3,5 8,4,5 8,5,5 8,5,6 L35
8,4,4 8,5,4 8,6,4 8,6,5 8,7,5 N5
8,5,3 8,6,2 8,6,3 8,7,3 8,8,3 Y5
5,3,8 6,2,8 6,3,7 6,3,8 6,4,7 S25
7,3,6 7,3,7 7,4,7 7,5,7 7,5,8 Z5
7,3,8 7,4,8 8,4,7 8,4,8 8,5,7 V25
3,8,5 3,8,7 4,8,5 4,8,6 4,8,7 U5
4,8,4 5,7,4 5,8,3 5,8,4 6,8,4 T15
7,5,4 7,6,4 7,6,5 7,6,6 8,6,6 J15
7,6,3 7,7,3 7,7,4 7,8,3 8,7,4 T25
7,7,5 7,7,6 7,8,4 7,8,5 8,8,4 S15
6,5,5 6,6,4 6,6,5 6,7,3 6,7,4 W5
5,5,6 6,4,6 6,5,6 6,6,6 7,5,6 X5
3,7,6 4,6,6 4,7,6 5,7,6 5,7,7 L25
4,7,5 5,7,5 5,8,5 5,8,6 5,8,7 L45
6,7,5 6,7,6 6,7,7 6,8,5 6,8,6 P5
5,4,7 5,5,7 5,6,5 5,6,6 5,6,7 V5
6,5,7 6,5,8 6,6,7 6,6,8 7,6,7 Q5
4,4,8 5,4,8 5,5,8 5,6,8 6,4,8 T5
3,5,8 3,6,7 3,6,8 4,6,7 4,7,7 V15
4,5,7 4,5,8 4,6,8 4,7,8 5,7,8 L15

                                N15                                 F5  N15                             F5  F5  F5                          T15 F5  T25 Y5                      T15 T15 T15 S15 S15                 U5  U5  L45 P5  S15                 N25 N25 U5  L45 P5                  N25 N25 U5  U5  L45                 I5  I5  I5  I5  I5
                                                                        N15                                 N15 N15                             W5  T25 Y5                          T15 W5  T25 T25                     L45 L45 P5  S15 N5                  L25 L25 L25 P5  S15                 N25 J25 V15 L25 P5                  J25 J25 J25 L15 L15
                                                                                                                Y5                                  T25 Y5                              W5  J15 N5                          V5  W5  J15 N5                      L25 V5  X5  J15 J15                 V15 V15 V5  Q5  Q5                  J25 V15 L15 T5  Q5
                                                                                                                                                        Y5                                  J15 N5                              W5  L35 L35                         X5  X5  X5  L35                     L15 V5  Q5  Z5  V25                 V15 L15 T5  Q5  Z5
                                                                                                                                                                                                N5                                  J45 L35                             X5  J45 J45                         V5  S25 Z5  V25                     T5  T5  T5  V25 V25
                                                                                                                                                                                                                                        L35                                 Z5  J45                             S25 Z5  L5                          S25 S25 V25 L5
                                                                                                                                                                                                                                                                                J45                                 A5  A5                              S25 A5  L5
                                                                                                                                                                                                                                                                                                                        A5                                  A5  L5
                                                                                                                                                                                                                                                                                                                                                                L5

solution 7:
0,8,8 1,8,8 2,8,8 3,8,8 4,8,8 I5
8,0,8 8,1,8 8,2,8 8,3,7 8,3,8 L5
7,1,8 7,2,7 7,2,8 8,1,7 8,2,7 A5
7,7,2 8,7,1 8,7,2 8,8,0 8,8,1 N15
1,7,8 2,6,8 2,7,8 3,7,7 3,7,8 J25
1,8,7 2,7,7 2,8,6 2,8,7 3,8,6 N25
6,8,2 6,8,3 7,8,1 7,8,2 8,8,2 F5
7,4,5 7,4,6 8,2,6 8,3,6 8,4,6 J45
7,5,5 8,3,5 8,4,5 8,5,5 8,5,6 L35
8,4,4 8,5,4 8,6,4 8,6,5 8,7,5 N5
8,5,3 8,6,2 8,6,3 8,7,3 8,8,3 Y5
6,2,8 6,3,7 6,3,8 6,4,6 6,4,7 W5
7,3,6 7,3,7 7,4,7 7,5,7 8,5,7 L15
7,3,8 7,4,8 7,5,8 8,4,7 8,4,8 T25
4,4,8 5,3,8 5,4,8 5,5,8 6,4,8 X5
3,5,8 3,6,7 3,6,8 4,6,6 4,6,7 S15
3,8,5 3,8,7 4,8,5 4,8,6 4,8,7 U5
3,7,6 4,7,6 4,7,7 4,7,8 5,7,8 Z5
4,5,7 4,5,8 4,6,8 5,4,7 5,5,7 V25
4,8,4 5,7,4 5,8,3 5,8,4 5,8,5 T15
4,7,5 5,6,5 5,6,6 5,7,5 6,6,6 V15
5,5,6 6,5,6 6,5,7 6,5,8 7,5,6 T5
5,6,7 5,6,8 6,6,7 6,6,8 7,6,7 P5
7,5,4 7,6,4 7,6,5 7,6,6 8,6,6 J15
6,5,5 6,6,5 6,7,5 6,7,6 7,7,6 L45
5,7,6 5,7,7 5,8,6 5,8,7 6,7,7 Q5
6,6,4 6,7,4 6,8,4 6,8,5 6,8,6 V5
7,7,5 7,8,3 7,8,4 7,8,5 8,8,4 L25
6,7,3 7,6,3 7,7,3 7,7,4 8,7,4 S25

                                N15                                 F5  N15                             F5  F5  F5                          T15 F5  L25 Y5                      T15 T15 V5  L25 L25                 U5  U5  T15 V5  L25                 N25 N25 U5  Q5  V5                  N25 N25 U5  U5  Q5                  I5  I5  I5  I5  I5
                                                                        N15                                 N15 N15                             S25 S25 Y5                          T15 V5  S25 S25                     V15 V15 L45 L25 N5                  Z5  Z5  Q5  L45 L45                 N25 J25 Z5  Q5  Q5                  J25 J25 J25 Z5  Z5
                                                                                                                Y5                                  S25 Y5                              V5  J15 N5                          V15 L45 J15 N5                      S15 V15 V15 J15 J15                 S15 S15 P5  P5  P5                  J25 S15 V25 P5  P5
                                                                                                                                                        Y5                                  J15 N5                              L45 L35 L35                         T5  T5  T5  L35                     V25 V25 T5  L15 L15                 S15 V25 X5  T5  T25
                                                                                                                                                                                                N5                                  J45 L35                             W5  J45 J45                         V25 W5  L15 T25                     X5  X5  X5  T25 T25
                                                                                                                                                                                                                                        L35                                 L15 J45                             W5  L15 L5                          X5  W5  T25 L5
                                                                                                                                                                                                                                                                                J45                                 A5  A5                              W5  A5  L5
                                                                                                                                                                                                                                                                                                                        A5                                  A5  L5
                                                                                                                                                                                                                                                                                                                                                                L5

solution 8:
0,8,8 1,8,8 2,8,8 3,8,8 4,8,8 I5
8,0,8 8,1,8 8,2,8 8,3,7 8,3,8 L5
7,1,8 7,2,7 7,2,8 8,1,7 8,2,7 A5
7,7,2 8,7,1 8,7,2 8,8,0 8,8,1 N15
1,7,8 2,6,8 2,7,8 3,7,7 3,7,8 J25
1,8,7 2,7,7 2,8,6 2,8,7 3,8,6 N25
6,8,2 6,8,3 7,8,1 7,8,2 8,8,2 F5
7,4,5 7,4,6 8,2,6 8,3,6 8,4,6 J45
7,5,5 8,3,5 8,4,5 8,5,5 8,5,6 L35
8,4,4 8,5,4 8,6,4 8,6,5 8,7,5 N5
8,5,3 8,6,2 8,6,3 8,7,3 8,8,3 Y5
6,2,8 6,3,7 6,3,8 6,4,6 6,4,7 W5
7,3,6 7,3,7 7,4,7 7,5,7 8,5,7 L15
7,3,8 7,4,8 7,5,8 8,4,7 8,4,8 T25
4,4,8 5,3,8 5,4,8 5,5,8 6,4,8 X5
3,5,8 4,5,8 4,6,8 4,7,8 5,7,8 Z5
3,6,7 3,6,8 4,5,7 4,6,6 4,6,7 S25
3,8,5 3,8,7 4,8,5 4,8,6 4,8,7 U5
3,7,6 4,7,5 4,7,6 5,7,5 5,7,6 P5
4,8,4 5,7,4 5,8,3 5,8,4 6,8,4 T15
5,4,7 5,5,7 5,6,7 5,6,8 6,6,8 L45
4,7,7 5,7,7 5,8,6 5,8,7 6,8,6 V15
5,5,6 6,5,6 6,5,7 6,5,8 7,5,6 T5
5,8,5 6,8,5 7,6,5 7,7,5 7,8,5 V5
6,6,7 6,7,7 7,6,6 7,6,7 8,6,6 S15
7,5,4 7,6,3 7,6,4 7,7,4 8,7,4 L25
5,6,5 5,6,6 6,5,5 6,6,5 6,6,6 Q5
6,6,4 6,7,4 6,7,5 6,7,6 7,7,6 J15
6,7,3 7,7,3 7,8,3 7,8,4 8,8,4 V25

                                N15                                 F5  N15                             F5  F5  F5                          T15 F5  V25 Y5                      T15 T15 T15 V25 V25                 U5  U5  V5  V5  V5                  N25 N25 U5  V15 V15                 N25 N25 U5  U5  V15                 I5  I5  I5  I5  I5
                                                                        N15                                 N15 N15                             V25 V25 Y5                          T15 J15 L25 L25                     P5  P5  J15 V5  N5                  P5  P5  P5  J15 J15                 N25 J25 V15 V15 S15                 J25 J25 J25 Z5  Z5
                                                                                                                Y5                                  L25 Y5                              J15 L25 N5                          Q5  Q5  V5  N5                      S25 Q5  Q5  S15 S15                 S25 S25 L45 S15 S15                 J25 S25 Z5  L45 L45
                                                                                                                                                        Y5                                  L25 N5                              Q5  L35 L35                         T5  T5  T5  L35                     S25 L45 T5  L15 L15                 Z5  Z5  X5  T5  T25
                                                                                                                                                                                                N5                                  J45 L35                             W5  J45 J45                         L45 W5  L15 T25                     X5  X5  X5  T25 T25
                                                                                                                                                                                                                                        L35                                 L15 J45                             W5  L15 L5                          X5  W5  T25 L5
                                                                                                                                                                                                                                                                                J45                                 A5  A5                              W5  A5  L5
                                                                                                                                                                                                                                                                                                                        A5                                  A5  L5
                                                                                                                                                                                                                                                                                                                                                                L5

solution 9:
0,8,8 1,8,8 2,8,8 3,8,8 4,8,8 I5
8,0,8 8,1,8 8,2,8 8,3,7 8,3,8 L5
7,1,8 7,2,7 7,2,8 8,1,7 8,2,7 A5
7,7,2 8,7,1 8,7,2 8,8,0 8,8,1 N15
1,7,8 2,6,8 2,7,8 3,7,7 3,7,8 J25
1,8,7 2,7,7 2,8,6 2,8,7 3,8,6 N25
6,8,2 6,8,3 7,8,1 7,8,2 8,8,2 F5
7,4,5 7,4,6 8,2,6 8,3,6 8,4,6 J45
7,5,5 8,3,5 8,4,5 8,5,5 8,5,6 L35
8,4,4 8,5,4 8,6,4 8,6,5 8,7,5 N5
8,5,3 8,6,2 8,6,3 8,7,3 8,8,3 Y5
6,2,8 6,3,7 6,3,8 6,4,6 6,4,7 W5
7,3,6 7,3,7 7,4,7 7,5,7 7,5,8 Z5
7,3,8 7,4,8 8,4,7 8,4,8 8,5,7 V25
4,4,8 5,3,8 5,4,8 5,5,8 6,4,8 X5
3,5,8 3,6,7 3,6,8 4,6,6 4,6,7 S15
4,5,7 4,5,8 4,6,8 4,7,8 5,7,8 L15
3,8,5 3,8,7 4,8,5 4,8,6 4,8,7 U5
3,7,6 4,7,5 4,7,6 5,7,5 5,7,6 P5
4,8,4 5,7,4 5,8,3 5,8,4 6,8,4 T15
5,4,7 5,5,7 5,6,7 5,6,8 6,6,8 L45
4,7,7 5,7,7 5,8,6 5,8,7 6,8,6 V15
5,5,6 6,5,6 6,5,7 6,5,8 7,5,6 T5
5,8,5 6,8,5 7,8,3 7,8,4 7,8,5 V5
6,7,3 6,7,4 7,7,4 8,7,4 8,8,4 J15
6,6,4 7,5,4 7,6,3 7,6,4 7,7,3 S25
7,6,5 7,6,6 7,6,7 7,7,5 8,6,6 L25
5,6,5 5,6,6 6,5,5 6,6,5 6,7,5 T25
6,6,6 6,6,7 6,7,6 6,7,7 7,7,6 Q5

                                N15                                 F5  N15                             F5  F5  F5                          T15 F5  V5  Y5                      T15 T15 T15 V5  J15                 U5  U5  V5  V5  V5                  N25 N25 U5  V15 V15                 N25 N25 U5  U5  V15                 I5  I5  I5  I5  I5
                                                                        N15                                 N15 N15                             J15 S25 Y5                          T15 J15 J15 J15                     P5  P5  T25 L25 N5                  P5  P5  P5  Q5  Q5                  N25 J25 V15 V15 Q5                  J25 J25 J25 L15 L15
                                                                                                                Y5                                  S25 Y5                              S25 S25 N5                          T25 T25 L25 N5                      S15 T25 Q5  L25 L25                 S15 S15 L45 Q5  L25                 J25 S15 L15 L45 L45
                                                                                                                                                        Y5                                  S25 N5                              T25 L35 L35                         T5  T5  T5  L35                     L15 L45 T5  Z5  V25                 S15 L15 X5  T5  Z5
                                                                                                                                                                                                N5                                  J45 L35                             W5  J45 J45                         L45 W5  Z5  V25                     X5  X5  X5  V25 V25
                                                                                                                                                                                                                                        L35                                 Z5  J45                             W5  Z5  L5                          X5  W5  V25 L5
                                                                                                                                                                                                                                                                                J45                                 A5  A5                              W5  A5  L5
                                                                                                                                                                                                                                                                                                                        A5                                  A5  L5
                                                                                                                                                                                                                                                                                                                                                                L5

solution 10:
0,8,8 1,8,8 2,8,8 3,8,8 4,8,8 I5
8,0,8 8,1,8 8,2,8 8,3,7 8,3,8 L5
7,1,8 7,2,7 7,2,8 8,1,7 8,2,7 A5
7,7,2 8,7,1 8,7,2 8,8,0 8,8,1 N15
1,7,8 2,6,8 2,7,8 3,7,7 3,7,8 J25
1,8,7 2,7,7 2,8,6 2,8,7 3,8,6 N25
6,8,2 6,8,3 7,8,1 7,8,2 8,8,2 F5
7,4,5 7,4,6 8,2,6 8,3,6 8,4,6 J45
7,5,5 8,3,5 8,4,5 8,5,5 8,5,6 L35
8,4,4 8,5,4 8,6,4 8,6,5 8,7,5 N5
8,5,3 8,6,2 8,6,3 8,7,3 8,8,3 Y5
6,2,8 6,3,7 6,3,8 6,4,6 6,4,7 W5
7,3,6 7,3,7 7,4,7 7,5,7 7,5,8 Z5
7,3,8 7,4,8 8,4,7 8,4,8 8,5,7 V25
4,4,8 5,3,8 5,4,8 5,5,8 6,4,8 X5
3,5,8 3,6,7 3,6,8 4,6,7 4,7,7 V15
3,8,5 3,8,7 4,8,5 4,8,6 4,8,7 U5
3,7,6 4,6,6 4,7,6 5,7,6 5,7,7 L25
5,8,5 5,8,6 5,8,7 6,8,5 6,8,6 P5
4,8,4 5,7,4 5,8,3 5,8,4 6,8,4 T15
4,7,5 5,7,5 6,7,3 6,7,4 6,7,5 V5
4,5,7 4,5,8 4,6,8 4,7,8 5,7,8 L15
7,5,4 7,6,4 7,6,5 7,6,6 8,6,6 J15
7,6,3 7,7,3 7,7,4 7,8,3 8,7,4 T25
7,7,5 7,7,6 7,8,4 7,8,5 8,8,4 S15
5,6,5 5,6,6 6,5,5 6,6,4 6,6,5 S25
5,4,7 5,5,7 5,6,7 5,6,8 6,6,8 L45
5,5,6 6,5,6 6,5,7 6,5,8 7,5,6 T5
6,6,6 6,6,7 6,7,6 6,7,7 7,6,7 Q5

                                N15                                 F5  N15                             F5  F5  F5                          T15 F5  T25 Y5                      T15 T15 T15 S15 S15                 U5  U5  P5  P5  S15                 N25 N25 U5  P5  P5                  N25 N25 U5  U5  P5                  I5  I5  I5  I5  I5
                                                                        N15                                 N15 N15                             V5  T25 Y5                          T15 V5  T25 T25                     V5  V5  V5  S15 N5                  L25 L25 L25 Q5  S15                 N25 J25 V15 L25 Q5                  J25 J25 J25 L15 L15
                                                                                                                Y5                                  T25 Y5                              S25 J15 N5                          S25 S25 J15 N5                      L25 S25 Q5  J15 J15                 V15 V15 L45 Q5  Q5                  J25 V15 L15 L45 L45
                                                                                                                                                        Y5                                  J15 N5                              S25 L35 L35                         T5  T5  T5  L35                     L15 L45 T5  Z5  V25                 V15 L15 X5  T5  Z5
                                                                                                                                                                                                N5                                  J45 L35                             W5  J45 J45                         L45 W5  Z5  V25                     X5  X5  X5  V25 V25
                                                                                                                                                                                                                                        L35                                 Z5  J45                             W5  Z5  L5                          X5  W5  V25 L5
                                                                                                                                                                                                                                                                                J45                                 A5  A5                              W5  A5  L5
                                                                                                                                                                                                                                                                                                                        A5                                  A5  L5
                                                                                                                                                                                                                                                                                                                                                                L5

solution 11:
0,8,8 1,8,8 2,8,8 3,8,8 4,8,8 I5
8,0,8 8,1,8 8,2,8 8,3,7 8,3,8 L5
7,1,8 7,2,7 7,2,8 8,1,7 8,2,7 A5
7,7,2 8,7,1 8,7,2 8,8,0 8,8,1 N15
1,7,8 2,6,8 2,7,8 3,7,7 3,7,8 J25
1,8,7 2,7,7 2,8,6 2,8,7 3,8,6 N25
6,8,2 6,8,3 7,8,1 7,8,2 8,8,2 F5
7,4,5 7,4,6 8,2,6 8,3,6 8,4,6 J45
7,5,5 8,3,5 8,4,5 8,5,5 8,5,6 L35
8,4,4 8,5,4 8,6,4 8,6,5 8,7,5 N5
8,5,3 8,6,2 8,6,3 8,7,3 8,8,3 Y5
4,4,8 5,3,8 5,4,8 6,2,8 6,3,8 W5
7,3,6 7,3,7 7,4,7 7,5,7 7,5,8 Z5
7,3,8 7,4,8 8,4,7 8,4,8 8,5,7 V25
6,3,7 6,4,6 6,4,7 6,4,8 6,5,7 X5
3,8,5 3,8,7 4,8,5 4,8,6 4,8,7 U5
4,8,4 5,7,4 5,8,3 5,8,4 6,7,4 S25
6,7,3 7,7,3 7,7,4 7,7,5 7,8,5 L15
6,8,4 7,8,3 7,8,4 8,7,4 8,8,4 L25
6,6,4 7,5,4 7,6,3 7,6,4 7,6,5 T15
6,6,6 6,6,7 7,6,6 7,6,7 8,6,6 P5
5,5,6 6,5,5 6,5,6 6,6,5 7,5,6 T25
5,4,7 5,5,7 5,6,5 5,6,6 5,6,7 V5
4,5,7 4,5,8 5,5,8 6,5,8 6,6,8 J15
3,5,8 3,6,7 3,6,8 4,6,6 4,6,7 S15
3,7,6 4,7,6 4,7,7 4,7,8 5,7,6 T5
4,6,8 5,6,8 5,7,7 5,7,8 6,7,7 V15
6,7,5 6,7,6 6,8,5 6,8,6 7,7,6 Q5
4,7,5 5,7,5 5,8,5 5,8,6 5,8,7 L45

                                N15                                 F5  N15                             F5  F5  F5                          S25 F5  L25 Y5                      S25 S25 L25 L25 L25                 U5  U5  L45 Q5  L15                 N25 N25 U5  L45 Q5                  N25 N25 U5  U5  L45                 I5  I5  I5  I5  I5
                                                                        N15                                 N15 N15                             L15 L15 Y5                          S25 S25 L15 L25                     L45 L45 Q5  L15 N5                  T5  T5  T5  Q5  Q5                  N25 J25 T5  V15 V15                 J25 J25 J25 T5  V15
                                                                                                                Y5                                  T15 Y5                              T15 T15 N5                          V5  T25 T15 N5                      S15 V5  P5  P5  P5                  S15 S15 V5  P5  P5                  J25 S15 V15 V15 J15
                                                                                                                                                        Y5                                  T15 N5                              T25 L35 L35                         T25 T25 T25 L35                     J15 V5  X5  Z5  V25                 S15 J15 J15 J15 Z5
                                                                                                                                                                                                N5                                  J45 L35                             X5  J45 J45                         V5  X5  Z5  V25                     W5  W5  X5  V25 V25
                                                                                                                                                                                                                                        L35                                 Z5  J45                             X5  Z5  L5                          W5  W5  V25 L5
                                                                                                                                                                                                                                                                                J45                                 A5  A5                              W5  A5  L5
                                                                                                                                                                                                                                                                                                                        A5                                  A5  L5
                                                                                                                                                                                                                                                                                                                                                                L5

solution 12:
0,8,8 1,8,8 2,8,8 3,8,8 4,8,8 I5
8,0,8 8,1,8 8,2,8 8,3,7 8,3,8 L5
7,1,8 7,2,7 7,2,8 8,1,7 8,2,7 A5
7,7,2 8,7,1 8,7,2 8,8,0 8,8,1 N15
1,7,8 2,6,8 2,7,8 3,7,7 3,7,8 J25
1,8,7 2,7,7 2,8,6 2,8,7 3,8,6 N25
6,8,2 6,8,3 7,8,1 7,8,2 8,8,2 F5
7,4,5 7,4,6 8,2,6 8,3,6 8,4,6 J45
7,5,5 8,3,5 8,4,5 8,5,5 8,5,6 L35
8,4,4 8,5,4 8,6,4 8,6,5 8,7,5 N5
8,5,3 8,6,2 8,6,3 8,7,3 8,8,3 Y5
5,3,8 6,2,8 6,3,8 6,4,8 7,3,8 X5
6,3,7 7,3,6 7,3,7 7,4,7 7,4,8 S25
7,5,6 7,5,7 8,4,7 8,4,8 8,5,7 V15
5,6,8 5,7,8 6,5,8 6,6,8 7,5,8 W5
3,8,5 3,8,7 4,8,5 4,8,6 4,8,7 U5
4,8,4 5,7,4 5,8,3 5,8,4 6,8,4 T15
3,7,6 4,6,6 4,7,6 5,7,6 5,7,7 L25
5,8,5 5,8,6 5,8,7 6,8,5 6,8,6 P5
4,7,5 5,5,6 5,6,5 5,6,6 5,7,5 S15
4,4,8 5,4,7 5,4,8 5,5,7 5,6,7 L45
3,5,8 4,5,8 4,6,8 4,7,8 5,5,8 T5
3,6,7 3,6,8 4,5,7 4,6,7 4,7,7 T25
6,4,6 6,4,7 6,5,7 6,6,7 7,6,7 L15
6,5,5 6,5,6 6,6,6 6,7,6 6,7,7 Z5
7,6,5 7,6,6 7,7,5 7,7,6 8,6,6 Q5
6,6,4 6,6,5 6,7,5 7,5,4 7,6,4 V25
6,7,3 6,7,4 7,7,4 8,7,4 8,8,4 J15
7,6,3 7,7,3 7,8,3 7,8,4 7,8,5 V5

                                N15                                 F5  N15                             F5  F5  F5                          T15 F5  V5  Y5                      T15 T15 T15 V5  J15                 U5  U5  P5  P5  V5                  N25 N25 U5  P5  P5                  N25 N25 U5  U5  P5                  I5  I5  I5  I5  I5
                                                                        N15                                 N15 N15                             J15 V5  Y5                          T15 J15 J15 J15                     S15 S15 V25 Q5  N5                  L25 L25 L25 Z5  Q5                  N25 J25 T25 L25 Z5                  J25 J25 J25 T5  W5
                                                                                                                Y5                                  V5  Y5                              V25 V25 N5                          S15 V25 Q5  N5                      L25 S15 Z5  Q5  Q5                  T25 T25 L45 L15 L15                 J25 T25 T5  W5  W5
                                                                                                                                                        Y5                                  V25 N5                              Z5  L35 L35                         S15 Z5  V15 L35                     T25 L45 L15 V15 V15                 T5  T5  T5  W5  W5
                                                                                                                                                                                                N5                                  J45 L35                             L15 J45 J45                         L45 L15 S25 V15                     L45 L45 X5  S25 V15
                                                                                                                                                                                                                                        L35                                 S25 J45                             S25 S25 L5                          X5  X5  X5  L5
                                                                                                                                                                                                                                                                                J45                                 A5  A5                              X5  A5  L5
                                                                                                                                                                                                                                                                                                                        A5                                  A5  L5
                                                                                                                                                                                                                                                                                                                                                                L5

solution 13:
0,8,8 1,8,8 2,8,8 3,8,8 4,8,8 I5
8,0,8 8,1,8 8,2,8 8,3,7 8,3,8 L5
7,1,8 7,2,7 7,2,8 8,1,7 8,2,7 A5
7,7,2 8,7,1 8,7,2 8,8,0 8,8,1 N15
1,7,8 2,6,8 2,7,8 3,7,7 3,7,8 J25
1,8,7 2,7,7 2,8,6 2,8,7 3,8,6 N25
6,8,2 6,8,3 7,8,1 7,8,2 8,8,2 F5
7,4,5 7,4,6 8,2,6 8,3,6 8,4,6 J45
7,5,5 8,3,5 8,4,5 8,5,5 8,5,6 L35
8,4,4 8,5,4 8,6,4 8,6,5 8,7,5 N5
8,5,3 8,6,2 8,6,3 8,7,3 8,8,3 Y5
5,3,8 6,2,8 6,3,8 6,4,8 7,3,8 X5
6,3,7 7,3,6 7,3,7 7,4,7 7,4,8 S25
7,5,6 7,5,7 8,4,7 8,4,8 8,5,7 V15
5,6,8 5,7,8 6,5,8 6,6,8 7,5,8 W5
3,8,5 3,8,7 4,8,5 4,8,6 4,8,7 U5
4,8,4 5,7,4 5,8,3 5,8,4 6,8,4 T15
3,7,6 4,6,6 4,7,6 5,7,6 5,7,7 L25
5,8,5 5,8,6 5,8,7 6,8,5 6,8,6 P5
4,7,5 5,5,6 5,6,5 5,6,6 5,7,5 S15
4,4,8 5,4,7 5,4,8 5,5,7 5,6,7 L45
3,5,8 4,5,8 4,6,8 4,7,8 5,5,8 T5
3,6,7 3,6,8 4,5,7 4,6,7 4,7,7 T25
6,4,6 6,4,7 6,5,7 6,6,7 7,6,7 L15
6,5,5 6,5,6 6,6,6 6,7,6 6,7,7 Z5
6,7,5 7,6,6 7,7,5 7,7,6 8,6,6 V25
6,6,4 6,6,5 7,5,4 7,6,4 7,6,5 Q5
6,7,3 6,7,4 7,7,4 8,7,4 8,8,4 J15
7,6,3 7,7,3 7,8,3 7,8,4 7,8,5 V5

                                N15                                 F5  N15                             F5  F5  F5                          T15 F5  V5  Y5                      T15 T15 T15 V5  J15                 U5  U5  P5  P5  V5                  N25 N25 U5  P5  P5                  N25 N25 U5  U5  P5                  I5  I5  I5  I5  I5
                                                                        N15                                 N15 N15                             J15 V5  Y5                          T15 J15 J15 J15                     S15 S15 V25 V25 N5                  L25 L25 L25 Z5  V25                 N25 J25 T25 L25 Z5                  J25 J25 J25 T5  W5
                                                                                                                Y5                                  V5  Y5                              Q5  Q5  N5                          S15 Q5  Q5  N5                      L25 S15 Z5  V25 V25                 T25 T25 L45 L15 L15                 J25 T25 T5  W5  W5
                                                                                                                                                        Y5                                  Q5  N5                              Z5  L35 L35                         S15 Z5  V15 L35                     T25 L45 L15 V15 V15                 T5  T5  T5  W5  W5
                                                                                                                                                                                                N5                                  J45 L35                             L15 J45 J45                         L45 L15 S25 V15                     L45 L45 X5  S25 V15
                                                                                                                                                                                                                                        L35                                 S25 J45                             S25 S25 L5                          X5  X5  X5  L5
                                                                                                                                                                                                                                                                                J45                                 A5  A5                              X5  A5  L5
                                                                                                                                                                                                                                                                                                                        A5                                  A5  L5
                                                                                                                                                                                                                                                                                                                                                                L5

solution 14:
0,8,8 1,8,8 2,8,8 3,8,8 4,8,8 I5
8,0,8 8,1,8 8,2,8 8,3,7 8,3,8 L5
7,1,8 7,2,7 7,2,8 8,1,7 8,2,7 A5
7,7,2 8,7,1 8,7,2 8,8,0 8,8,1 N15
1,7,8 2,6,8 2,7,8 3,7,7 3,7,8 J25
1,8,7 2,7,7 2,8,6 2,8,7 3,8,6 N25
6,8,2 6,8,3 7,8,1 7,8,2 8,8,2 F5
7,4,5 7,4,6 8,2,6 8,3,6 8,4,6 J45
7,5,5 8,3,5 8,4,5 8,5,5 8,5,6 L35
7,5,4 7,6,4 7,7,4 8,4,4 8,5,4 N5
7,6,3 8,5,3 8,6,2 8,6,3 8,6,4 T15
7,3,6 7,3,7 7,4,7 7,5,7 8,5,7 L15
7,3,8 7,4,8 7,5,8 8,4,7 8,4,8 T25
4,4,8 5,3,8 5,4,8 6,2,8 6,3,8 W5
6,3,7 6,4,6 6,4,7 6,4,8 6,5,7 X5
3,8,5 3,8,7 4,8,5 4,8,6 4,8,7 U5
4,8,4 5,8,3 5,8,4 5,8,5 5,8,6 Y5
3,7,6 4,7,6 4,7,7 4,7,8 5,7,6 T5
4,7,5 5,6,5 5,7,4 5,7,5 6,6,5 S25
6,6,4 6,7,3 6,7,4 7,7,3 7,8,3 V15
8,7,3 8,7,4 8,7,5 8,8,3 8,8,4 P5
3,6,7 4,6,7 5,6,7 5,7,7 5,8,7 V5
3,5,8 3,6,8 4,6,8 5,6,8 5,7,8 Z5
4,5,7 4,5,8 5,5,8 6,5,8 6,6,8 J15
4,6,6 5,4,7 5,5,6 5,5,7 5,6,6 S15
6,5,5 6,5,6 7,5,6 7,6,6 7,6,7 V25
7,6,5 7,7,5 7,8,5 8,6,5 8,6,6 L45
6,6,6 6,6,7 6,7,6 6,7,7 7,7,6 Q5
6,7,5 6,8,4 6,8,5 6,8,6 7,8,4 L25

                                N15                                 F5  N15                             F5  F5  F5                          Y5  F5  V15 P5                      Y5  Y5  L25 L25 P5                  U5  U5  Y5  L25 L45                 N25 N25 U5  Y5  L25                 N25 N25 U5  U5  V5                  I5  I5  I5  I5  I5
                                                                        N15                                 N15 N15                             V15 V15 P5                          S25 V15 N5  P5                      S25 S25 L25 L45 P5                  T5  T5  T5  Q5  Q5                  N25 J25 T5  V5  Q5                  J25 J25 J25 T5  Z5
                                                                                                                T15                                 T15 T15                             V15 N5  T15                         S25 S25 L45 L45                     S15 S15 Q5  V25 L45                 V5  V5  V5  Q5  V25                 J25 Z5  Z5  Z5  J15
                                                                                                                                                        T15                                 N5  N5                              V25 L35 L35                         S15 V25 V25 L35                     J15 S15 X5  L15 L15                 Z5  J15 J15 J15 T25
                                                                                                                                                                                                N5                                  J45 L35                             X5  J45 J45                         S15 X5  L15 T25                     W5  W5  X5  T25 T25
                                                                                                                                                                                                                                        L35                                 L15 J45                             X5  L15 L5                          W5  W5  T25 L5
                                                                                                                                                                                                                                                                                J45                                 A5  A5                              W5  A5  L5
                                                                                                                                                                                                                                                                                                                        A5                                  A5  L5
                                                                                                                                                                                                                                                                                                                                                                L5

solution 15:
0,8,8 1,8,8 2,8,8 3,8,8 4,8,8 I5
8,0,8 8,1,8 8,2,8 8,3,7 8,3,8 L5
7,1,8 7,2,7 7,2,8 8,1,7 8,2,7 A5
7,7,2 8,7,1 8,7,2 8,8,0 8,8,1 N15
1,7,8 2,6,8 2,7,8 3,7,7 3,7,8 J25
1,8,7 2,7,7 2,8,6 2,8,7 3,8,6 N25
6,8,2 6,8,3 7,8,1 7,8,2 8,8,2 F5
7,4,5 7,4,6 8,2,6 8,3,6 8,4,6 J45
7,5,5 8,3,5 8,4,5 8,5,5 8,5,6 L35
7,5,4 7,6,4 7,7,4 8,4,4 8,5,4 N5
7,6,3 8,5,3 8,6,2 8,6,3 8,6,4 T15
7,3,6 7,3,7 7,4,7 7,5,7 8,5,7 L15
7,3,8 7,4,8 7,5,8 8,4,7 8,4,8 T25
4,4,8 5,3,8 5,4,8 6,2,8 6,3,8 W5
6,3,7 6,4,6 6,4,7 6,4,8 6,5,7 X5
3,8,5 3,8,7 4,8,5 4,8,6 4,8,7 U5
4,8,4 5,8,3 5,8,4 6,8,4 7,8,4 Y5
6,6,4 6,7,3 6,7,4 7,7,3 7,8,3 V15
8,7,3 8,7,4 8,7,5 8,8,3 8,8,4 P5
3,7,6 4,7,6 4,7,7 4,7,8 5,7,6 T5
4,7,5 5,6,5 5,7,4 5,7,5 6,6,5 S25
6,5,5 6,5,6 7,5,6 7,6,6 7,6,7 V25
7,6,5 7,7,5 7,8,5 8,6,5 8,6,6 L45
5,8,5 5,8,6 6,7,5 6,8,5 6,8,6 Q5
5,7,7 5,8,7 6,7,6 6,7,7 7,7,6 S15
3,6,7 4,6,7 5,4,7 5,5,7 5,6,7 V5
4,6,6 5,5,6 5,6,6 6,6,6 6,6,7 L25
3,5,8 3,6,8 4,6,8 5,6,8 5,7,8 Z5
4,5,7 4,5,8 5,5,8 6,5,8 6,6,8 J15

                                N15                                 F5  N15                             F5  F5  F5                          Y5  F5  V15 P5                      Y5  Y5  Y5  Y5  P5                  U5  U5  Q5  Q5  L45                 N25 N25 U5  Q5  Q5                  N25 N25 U5  U5  S15                 I5  I5  I5  I5  I5
                                                                        N15                                 N15 N15                             V15 V15 P5                          S25 V15 N5  P5                      S25 S25 Q5  L45 P5                  T5  T5  T5  S15 S15                 N25 J25 T5  S15 S15                 J25 J25 J25 T5  Z5
                                                                                                                T15                                 T15 T15                             V15 N5  T15                         S25 S25 L45 L45                     L25 L25 L25 V25 L45                 V5  V5  V5  L25 V25                 J25 Z5  Z5  Z5  J15
                                                                                                                                                        T15                                 N5  N5                              V25 L35 L35                         L25 V25 V25 L35                     J15 V5  X5  L15 L15                 Z5  J15 J15 J15 T25
                                                                                                                                                                                                N5                                  J45 L35                             X5  J45 J45                         V5  X5  L15 T25                     W5  W5  X5  T25 T25
                                                                                                                                                                                                                                        L35                                 L15 J45                             X5  L15 L5                          W5  W5  T25 L5
                                                                                                                                                                                                                                                                                J45                                 A5  A5                              W5  A5  L5
                                                                                                                                                                                                                                                                                                                        A5                                  A5  L5
                                                                                                                                                                                                                                                                                                                                                                L5

solution 16:
0,8,8 1,8,8 2,8,8 3,8,8 4,8,8 I5
8,0,8 8,1,8 8,2,8 8,3,7 8,3,8 L5
7,1,8 7,2,7 7,2,8 8,1,7 8,2,7 A5
7,7,2 8,7,1 8,7,2 8,8,0 8,8,1 N15
1,7,8 2,6,8 2,7,8 3,7,7 3,7,8 J25
1,8,7 2,7,7 2,8,6 2,8,7 3,8,6 N25
6,8,2 6,8,3 7,8,1 7,8,2 8,8,2 F5
7,4,5 7,4,6 8,2,6 8,3,6 8,4,6 J45
7,5,5 8,3,5 8,4,5 8,5,5 8,5,6 L35
7,5,4 7,6,4 7,7,4 8,4,4 8,5,4 N5
7,6,3 8,5,3 8,6,2 8,6,3 8,6,4 T15
7,3,6 7,3,7 7,4,7 8,4,7 8,4,8 V15
5,3,8 6,2,8 6,3,8 6,4,8 7,3,8 X5
6,5,7 7,4,8 7,5,7 7,5,8 8,5,7 T25
5,4,7 5,4,8 5,5,8 6,3,7 6,4,7 V25
3,6,7 4,4,8 4,5,7 4,5,8 4,6,7 S15
3,5,8 3,6,8 4,6,8 5,6,8 5,7,8 Z5
6,5,8 6,6,6 6,6,7 6,6,8 7,6,7 L25
6,4,6 6,5,5 6,5,6 6,6,4 6,6,5 W5
7,5,6 7,6,5 7,6,6 8,6,5 8,6,6 Q5
3,8,5 3,8,7 4,8,5 4,8,6 4,8,7 U5
6,7,3 7,7,3 8,7,3 8,7,4 8,7,5 V5
7,8,3 7,8,4 7,8,5 8,8,3 8,8,4 P5
4,8,4 5,7,4 5,8,3 5,8,4 6,7,4 S25
6,7,6 6,8,4 6,8,5 6,8,6 7,7,6 L45
3,7,6 4,7,5 4,7,6 4,7,7 4,7,8 Y5
5,6,5 5,7,5 5,8,5 6,7,5 7,7,5 T5
4,6,6 5,6,6 5,7,6 5,8,6 5,8,7 J15
5,5,6 5,5,7 5,6,7 5,7,7 6,7,7 L15

                                N15                                 F5  N15                             F5  F5  F5                          S25 F5  P5  P5                      S25 S25 L45 P5  P5                  U5  U5  T5  L45 P5                  N25 N25 U5  J15 L45                 N25 N25 U5  U5  J15                 I5  I5  I5  I5  I5
                                                                        N15                                 N15 N15                             V5  V5  V5                          S25 S25 N5  V5                      Y5  T5  T5  T5  V5                  Y5  Y5  J15 L45 L45                 N25 J25 Y5  L15 L15                 J25 J25 J25 Y5  Z5
                                                                                                                T15                                 T15 T15                             W5  N5  T15                         T5  W5  Q5  Q5                      J15 J15 L25 Q5  Q5                  S15 S15 L15 L25 L25                 J25 Z5  Z5  Z5  L25
                                                                                                                                                        T15                                 N5  N5                              W5  L35 L35                         L15 W5  Q5  L35                     S15 L15 T25 T25 T25                 Z5  S15 V25 L25 T25
                                                                                                                                                                                                N5                                  J45 L35                             W5  J45 J45                         V25 V25 V15 V15                     S15 V25 X5  T25 V15
                                                                                                                                                                                                                                        L35                                 V15 J45                             V25 V15 L5                          X5  X5  X5  L5
                                                                                                                                                                                                                                                                                J45                                 A5  A5                              X5  A5  L5
                                                                                                                                                                                                                                                                                                                        A5                                  A5  L5
                                                                                                                                                                                                                                                                                                                                                                L5

Session interrupted by user.
16 solutions, 195,056,210 searches, duration 23:57:43.220000
