solving Pentacubes4Cubes3:

solution 1 (1,329,529,819 searches):
0,1,0 1,0,0 1,1,0 1,2,0 2,1,0 X5
0,0,0 0,0,1 0,1,1 0,1,2 0,2,1 F5
0,2,0 0,3,0 0,3,1 1,2,1 1,3,1 A5
2,2,0 2,2,1 2,2,2 2,2,3 2,2,4 I5
2,0,0 2,0,1 2,0,2 2,1,2 3,0,0 J15
0,0,2 1,0,1 1,0,2 1,0,3 1,1,1 J25
0,0,3 0,1,3 0,2,3 1,2,3 1,2,4 J45
0,2,2 0,3,2 1,3,2 2,3,2 2,3,3 L15
1,1,2 1,1,3 1,1,4 1,1,5 1,2,2 L5
0,2,4 0,3,3 0,3,4 0,3,5 1,3,3 L25
0,1,4 0,1,5 0,1,6 0,2,6 1,1,6 L35
0,3,6 1,2,6 1,3,6 2,2,6 2,3,6 P5
2,1,4 2,1,5 2,1,6 2,2,5 2,3,5 T5
0,2,5 1,2,5 1,3,4 1,3,5 2,3,4 V15
2,0,3 3,0,2 3,0,3 3,1,2 3,2,2 L45
2,1,3 3,1,3 3,2,3 4,2,2 4,2,3 N15
2,4,2 3,3,2 3,3,3 3,4,1 3,4,2 N25
2,1,1 3,1,1 4,1,1 4,1,2 5,1,2 N5
2,3,0 3,1,0 3,2,0 3,3,0 3,4,0 Y5
3,0,1 4,0,1 5,0,1 5,0,2 5,0,3 V5
4,0,2 4,0,3 4,1,3 5,1,3 5,2,3 S15
3,2,1 3,3,1 4,2,1 5,1,1 5,2,1 Z5
5,2,2 6,1,2 6,2,1 6,2,2 6,2,3 T15
6,0,1 6,0,2 6,0,3 6,1,1 6,1,3 U5
1,3,0 1,4,0 2,4,0 2,5,0 3,5,0 W5
1,4,1 1,4,2 1,5,2 2,3,1 2,4,1 V25
1,5,0 1,5,1 1,6,0 1,6,1 2,6,0 Q5
2,5,1 3,5,1 3,6,0 3,6,1 3,6,2 T25
1,6,2 2,5,2 2,6,1 2,6,2 3,5,2 S25

    Q5  Q5  T25                     Q5  S25 T25                     S25 S25 T25
    Q5  W5  W5                      Q5  T25 T25                     V25 S25 S25
    W5  W5  Y5                      V25 V25 N25                     V25 N25 N25
A5  W5  Y5  Y5                  A5  A5  V25 Z5                  L15 L15 L15 N25                 L25 L25 L15 N25                 L25 V15 V15                     L25 V15 T5                      P5  P5  P5
A5  X5  I5  Y5                  F5  A5  I5  Z5  Z5  Z5  T15     L15 L5  I5  L45 N15 T15 T15     J45 J45 I5  N15 N15 S15 T15     L25 J45 I5                      V15 V15 T5                      L35 P5  P5
X5  X5  X5  Y5                  F5  J25 N5  N5  N5  Z5  U5      F5  L5  J15 L45 N5  N5  T15     J45 L5  N15 N15 S15 S15 U5      L35 L5  T5                      L35 L5  T5                      L35 L35 T5
F5  X5  J15 J15                 F5  J25 J15 V5  V5  V5  U5      J25 J25 J15 L45 S15 V5  U5      J45 J25 L45 L45 S15 V5  U5

solution 2 (1,329,561,431 searches):
0,1,0 1,0,0 1,1,0 1,2,0 2,1,0 X5
0,0,0 0,0,1 0,1,1 0,1,2 0,2,1 F5
0,2,0 0,3,0 0,3,1 1,2,1 1,3,1 A5
2,2,0 2,2,1 2,2,2 2,2,3 2,2,4 I5
2,0,0 2,0,1 2,0,2 2,1,2 3,0,0 J15
0,0,2 1,0,1 1,0,2 1,0,3 1,1,1 J25
0,0,3 0,1,3 0,2,3 1,2,3 1,2,4 J45
0,2,2 0,3,2 1,3,2 2,3,2 2,3,3 L15
1,1,2 1,1,3 1,1,4 1,1,5 1,2,2 L5
0,2,4 0,3,3 0,3,4 0,3,5 1,3,3 L25
0,1,4 0,1,5 0,1,6 0,2,6 1,1,6 L35
0,3,6 1,2,6 1,3,6 2,2,6 2,3,6 P5
2,1,4 2,1,5 2,1,6 2,2,5 2,3,5 T5
0,2,5 1,2,5 1,3,4 1,3,5 2,3,4 V15
2,0,3 3,0,2 3,0,3 3,1,2 3,2,2 L45
2,1,3 3,1,3 3,2,3 4,2,2 4,2,3 N15
2,4,2 3,3,2 3,3,3 3,4,1 3,4,2 N25
2,1,1 3,0,1 3,1,0 3,1,1 4,0,1 S25
2,3,0 3,2,0 3,3,0 3,3,1 3,4,0 T15
3,2,1 4,2,1 5,0,1 5,1,1 5,2,1 V5
1,3,0 1,4,0 2,4,0 2,5,0 2,6,0 N5
2,3,1 2,4,1 2,5,1 2,6,1 3,5,1 Y5
3,5,0 3,5,2 3,6,0 3,6,1 3,6,2 U5
1,4,1 1,4,2 1,5,0 1,5,1 1,6,0 W5
1,5,2 1,6,1 1,6,2 2,5,2 2,6,2 Q5
4,0,2 4,1,1 4,1,2 5,0,2 5,0,3 V25
4,0,3 4,1,3 5,1,3 6,1,3 6,2,3 Z5
5,2,2 5,2,3 6,1,1 6,2,1 6,2,2 S15
5,1,2 6,0,1 6,0,2 6,0,3 6,1,2 T25

    W5  N5  U5                      Q5  Y5  U5                      Q5  Q5  U5
    W5  N5  U5                      W5  Y5  Y5                      Q5  Q5  U5
    N5  N5  T15                     W5  Y5  N25                     W5  N25 N25
A5  N5  T15 T15                 A5  A5  Y5  T15                 L15 L15 L15 N25                 L25 L25 L15 N25                 L25 V15 V15                     L25 V15 T5                      P5  P5  P5
A5  X5  I5  T15                 F5  A5  I5  V5  V5  V5  S15     L15 L5  I5  L45 N15 S15 S15     J45 J45 I5  N15 N15 S15 Z5      L25 J45 I5                      V15 V15 T5                      L35 P5  P5
X5  X5  X5  S25                 F5  J25 S25 S25 V25 V5  S15     F5  L5  J15 L45 V25 T25 T25     J45 L5  N15 N15 Z5  Z5  Z5      L35 L5  T5                      L35 L5  T5                      L35 L35 T5
F5  X5  J15 J15                 F5  J25 J15 S25 S25 V5  T25     J25 J25 J15 L45 V25 V25 T25     J45 J25 L45 L45 Z5  V25 T25

solution 3 (1,329,561,568 searches):
0,1,0 1,0,0 1,1,0 1,2,0 2,1,0 X5
0,0,0 0,0,1 0,1,1 0,1,2 0,2,1 F5
0,2,0 0,3,0 0,3,1 1,2,1 1,3,1 A5
2,2,0 2,2,1 2,2,2 2,2,3 2,2,4 I5
2,0,0 2,0,1 2,0,2 2,1,2 3,0,0 J15
0,0,2 1,0,1 1,0,2 1,0,3 1,1,1 J25
0,0,3 0,1,3 0,2,3 1,2,3 1,2,4 J45
0,2,2 0,3,2 1,3,2 2,3,2 2,3,3 L15
1,1,2 1,1,3 1,1,4 1,1,5 1,2,2 L5
0,2,4 0,3,3 0,3,4 0,3,5 1,3,3 L25
0,1,4 0,1,5 0,1,6 0,2,6 1,1,6 L35
0,3,6 1,2,6 1,3,6 2,2,6 2,3,6 P5
2,1,4 2,1,5 2,1,6 2,2,5 2,3,5 T5
0,2,5 1,2,5 1,3,4 1,3,5 2,3,4 V15
2,0,3 3,0,2 3,0,3 3,1,2 3,2,2 L45
2,1,3 3,1,3 3,2,3 4,2,2 4,2,3 N15
2,4,2 3,3,2 3,3,3 3,4,1 3,4,2 N25
2,1,1 3,0,1 3,1,0 3,1,1 4,0,1 S25
2,3,0 3,2,0 3,3,0 3,3,1 3,4,0 T15
3,2,1 4,2,1 5,0,1 5,1,1 5,2,1 V5
1,4,1 1,5,1 1,6,1 2,3,1 2,4,1 N5
1,3,0 1,4,0 1,5,0 1,6,0 2,4,0 Y5
1,4,2 1,5,2 2,5,2 3,5,2 3,6,2 Z5
1,6,2 2,6,1 2,6,2 3,6,0 3,6,1 W5
2,5,0 2,5,1 2,6,0 3,5,0 3,5,1 Q5
4,0,2 4,1,1 4,1,2 5,0,2 5,0,3 V25
4,0,3 4,1,3 5,1,3 5,2,2 5,2,3 S15
5,1,2 6,1,2 6,2,1 6,2,2 6,2,3 T25
6,0,1 6,0,2 6,0,3 6,1,1 6,1,3 U5

    Y5  Q5  W5                      N5  W5  W5                      W5  W5  Z5
    Y5  Q5  Q5                      N5  Q5  Q5                      Z5  Z5  Z5
    Y5  Y5  T15                     N5  N5  N25                     Z5  N25 N25
A5  Y5  T15 T15                 A5  A5  N5  T15                 L15 L15 L15 N25                 L25 L25 L15 N25                 L25 V15 V15                     L25 V15 T5                      P5  P5  P5
A5  X5  I5  T15                 F5  A5  I5  V5  V5  V5  T25     L15 L5  I5  L45 N15 S15 T25     J45 J45 I5  N15 N15 S15 T25     L25 J45 I5                      V15 V15 T5                      L35 P5  P5
X5  X5  X5  S25                 F5  J25 S25 S25 V25 V5  U5      F5  L5  J15 L45 V25 T25 T25     J45 L5  N15 N15 S15 S15 U5      L35 L5  T5                      L35 L5  T5                      L35 L35 T5
F5  X5  J15 J15                 F5  J25 J15 S25 S25 V5  U5      J25 J25 J15 L45 V25 V25 U5      J45 J25 L45 L45 S15 V25 U5

solution 4 (1,329,561,570 searches):
0,1,0 1,0,0 1,1,0 1,2,0 2,1,0 X5
0,0,0 0,0,1 0,1,1 0,1,2 0,2,1 F5
0,2,0 0,3,0 0,3,1 1,2,1 1,3,1 A5
2,2,0 2,2,1 2,2,2 2,2,3 2,2,4 I5
2,0,0 2,0,1 2,0,2 2,1,2 3,0,0 J15
0,0,2 1,0,1 1,0,2 1,0,3 1,1,1 J25
0,0,3 0,1,3 0,2,3 1,2,3 1,2,4 J45
0,2,2 0,3,2 1,3,2 2,3,2 2,3,3 L15
1,1,2 1,1,3 1,1,4 1,1,5 1,2,2 L5
0,2,4 0,3,3 0,3,4 0,3,5 1,3,3 L25
0,1,4 0,1,5 0,1,6 0,2,6 1,1,6 L35
0,3,6 1,2,6 1,3,6 2,2,6 2,3,6 P5
2,1,4 2,1,5 2,1,6 2,2,5 2,3,5 T5
0,2,5 1,2,5 1,3,4 1,3,5 2,3,4 V15
2,0,3 3,0,2 3,0,3 3,1,2 3,2,2 L45
2,1,3 3,1,3 3,2,3 4,2,2 4,2,3 N15
2,4,2 3,3,2 3,3,3 3,4,1 3,4,2 N25
2,1,1 3,0,1 3,1,0 3,1,1 4,0,1 S25
2,3,0 3,2,0 3,3,0 3,3,1 3,4,0 T15
3,2,1 4,2,1 5,0,1 5,1,1 5,2,1 V5
1,4,1 1,5,1 1,6,1 2,3,1 2,4,1 N5
1,3,0 1,4,0 1,5,0 1,6,0 2,4,0 Y5
1,4,2 1,5,2 2,5,2 3,5,2 3,6,2 Z5
1,6,2 2,6,1 2,6,2 3,6,0 3,6,1 W5
2,5,0 2,5,1 2,6,0 3,5,0 3,5,1 Q5
4,0,2 4,1,1 4,1,2 5,0,2 5,0,3 V25
4,0,3 4,1,3 5,1,3 5,2,2 5,2,3 S15
5,1,2 6,0,3 6,1,2 6,1,3 6,2,3 T25
6,0,1 6,0,2 6,1,1 6,2,1 6,2,2 U5

    Y5  Q5  W5                      N5  W5  W5                      W5  W5  Z5
    Y5  Q5  Q5                      N5  Q5  Q5                      Z5  Z5  Z5
    Y5  Y5  T15                     N5  N5  N25                     Z5  N25 N25
A5  Y5  T15 T15                 A5  A5  N5  T15                 L15 L15 L15 N25                 L25 L25 L15 N25                 L25 V15 V15                     L25 V15 T5                      P5  P5  P5
A5  X5  I5  T15                 F5  A5  I5  V5  V5  V5  U5      L15 L5  I5  L45 N15 S15 U5      J45 J45 I5  N15 N15 S15 T25     L25 J45 I5                      V15 V15 T5                      L35 P5  P5
X5  X5  X5  S25                 F5  J25 S25 S25 V25 V5  U5      F5  L5  J15 L45 V25 T25 T25     J45 L5  N15 N15 S15 S15 T25     L35 L5  T5                      L35 L5  T5                      L35 L35 T5
F5  X5  J15 J15                 F5  J25 J15 S25 S25 V5  U5      J25 J25 J15 L45 V25 V25 U5      J45 J25 L45 L45 S15 V25 T25

solution 5 (1,329,561,572 searches):
0,1,0 1,0,0 1,1,0 1,2,0 2,1,0 X5
0,0,0 0,0,1 0,1,1 0,1,2 0,2,1 F5
0,2,0 0,3,0 0,3,1 1,2,1 1,3,1 A5
2,2,0 2,2,1 2,2,2 2,2,3 2,2,4 I5
2,0,0 2,0,1 2,0,2 2,1,2 3,0,0 J15
0,0,2 1,0,1 1,0,2 1,0,3 1,1,1 J25
0,0,3 0,1,3 0,2,3 1,2,3 1,2,4 J45
0,2,2 0,3,2 1,3,2 2,3,2 2,3,3 L15
1,1,2 1,1,3 1,1,4 1,1,5 1,2,2 L5
0,2,4 0,3,3 0,3,4 0,3,5 1,3,3 L25
0,1,4 0,1,5 0,1,6 0,2,6 1,1,6 L35
0,3,6 1,2,6 1,3,6 2,2,6 2,3,6 P5
2,1,4 2,1,5 2,1,6 2,2,5 2,3,5 T5
0,2,5 1,2,5 1,3,4 1,3,5 2,3,4 V15
2,0,3 3,0,2 3,0,3 3,1,2 3,2,2 L45
2,1,3 3,1,3 3,2,3 4,2,2 4,2,3 N15
2,4,2 3,3,2 3,3,3 3,4,1 3,4,2 N25
2,1,1 3,0,1 3,1,0 3,1,1 4,0,1 S25
2,3,0 3,2,0 3,3,0 3,3,1 3,4,0 T15
3,2,1 4,2,1 5,0,1 5,1,1 5,2,1 V5
1,4,1 1,5,1 1,6,1 2,3,1 2,4,1 N5
1,3,0 1,4,0 1,5,0 1,6,0 2,4,0 Y5
1,4,2 1,5,2 2,5,2 3,5,2 3,6,2 Z5
1,6,2 2,6,1 2,6,2 3,6,0 3,6,1 W5
2,5,0 2,5,1 2,6,0 3,5,0 3,5,1 Q5
4,0,2 4,1,1 4,1,2 5,0,2 5,0,3 V25
4,0,3 4,1,3 5,1,3 5,2,2 5,2,3 S15
5,1,2 6,0,1 6,0,2 6,0,3 6,1,2 T25
6,1,1 6,1,3 6,2,1 6,2,2 6,2,3 U5

    Y5  Q5  W5                      N5  W5  W5                      W5  W5  Z5
    Y5  Q5  Q5                      N5  Q5  Q5                      Z5  Z5  Z5
    Y5  Y5  T15                     N5  N5  N25                     Z5  N25 N25
A5  Y5  T15 T15                 A5  A5  N5  T15                 L15 L15 L15 N25                 L25 L25 L15 N25                 L25 V15 V15                     L25 V15 T5                      P5  P5  P5
A5  X5  I5  T15                 F5  A5  I5  V5  V5  V5  U5      L15 L5  I5  L45 N15 S15 U5      J45 J45 I5  N15 N15 S15 U5      L25 J45 I5                      V15 V15 T5                      L35 P5  P5
X5  X5  X5  S25                 F5  J25 S25 S25 V25 V5  U5      F5  L5  J15 L45 V25 T25 T25     J45 L5  N15 N15 S15 S15 U5      L35 L5  T5                      L35 L5  T5                      L35 L35 T5
F5  X5  J15 J15                 F5  J25 J15 S25 S25 V5  T25     J25 J25 J15 L45 V25 V25 T25     J45 J25 L45 L45 S15 V25 T25

solution 6 (1,329,561,574 searches):
0,1,0 1,0,0 1,1,0 1,2,0 2,1,0 X5
0,0,0 0,0,1 0,1,1 0,1,2 0,2,1 F5
0,2,0 0,3,0 0,3,1 1,2,1 1,3,1 A5
2,2,0 2,2,1 2,2,2 2,2,3 2,2,4 I5
2,0,0 2,0,1 2,0,2 2,1,2 3,0,0 J15
0,0,2 1,0,1 1,0,2 1,0,3 1,1,1 J25
0,0,3 0,1,3 0,2,3 1,2,3 1,2,4 J45
0,2,2 0,3,2 1,3,2 2,3,2 2,3,3 L15
1,1,2 1,1,3 1,1,4 1,1,5 1,2,2 L5
0,2,4 0,3,3 0,3,4 0,3,5 1,3,3 L25
0,1,4 0,1,5 0,1,6 0,2,6 1,1,6 L35
0,3,6 1,2,6 1,3,6 2,2,6 2,3,6 P5
2,1,4 2,1,5 2,1,6 2,2,5 2,3,5 T5
0,2,5 1,2,5 1,3,4 1,3,5 2,3,4 V15
2,0,3 3,0,2 3,0,3 3,1,2 3,2,2 L45
2,1,3 3,1,3 3,2,3 4,2,2 4,2,3 N15
2,4,2 3,3,2 3,3,3 3,4,1 3,4,2 N25
2,1,1 3,0,1 3,1,0 3,1,1 4,0,1 S25
2,3,0 3,2,0 3,3,0 3,3,1 3,4,0 T15
3,2,1 4,2,1 5,0,1 5,1,1 5,2,1 V5
1,4,1 1,5,1 1,6,1 2,3,1 2,4,1 N5
1,3,0 1,4,0 1,5,0 1,6,0 2,4,0 Y5
1,4,2 1,5,2 2,5,2 3,5,2 3,6,2 Z5
1,6,2 2,6,1 2,6,2 3,6,0 3,6,1 W5
2,5,0 2,5,1 2,6,0 3,5,0 3,5,1 Q5
4,0,2 4,1,1 4,1,2 5,0,2 5,0,3 V25
4,0,3 4,1,3 5,1,3 5,2,2 5,2,3 S15
5,1,2 6,0,1 6,1,1 6,1,2 6,2,1 T25
6,0,2 6,0,3 6,1,3 6,2,2 6,2,3 U5

    Y5  Q5  W5                      N5  W5  W5                      W5  W5  Z5
    Y5  Q5  Q5                      N5  Q5  Q5                      Z5  Z5  Z5
    Y5  Y5  T15                     N5  N5  N25                     Z5  N25 N25
A5  Y5  T15 T15                 A5  A5  N5  T15                 L15 L15 L15 N25                 L25 L25 L15 N25                 L25 V15 V15                     L25 V15 T5                      P5  P5  P5
A5  X5  I5  T15                 F5  A5  I5  V5  V5  V5  T25     L15 L5  I5  L45 N15 S15 U5      J45 J45 I5  N15 N15 S15 U5      L25 J45 I5                      V15 V15 T5                      L35 P5  P5
X5  X5  X5  S25                 F5  J25 S25 S25 V25 V5  T25     F5  L5  J15 L45 V25 T25 T25     J45 L5  N15 N15 S15 S15 U5      L35 L5  T5                      L35 L5  T5                      L35 L35 T5
F5  X5  J15 J15                 F5  J25 J15 S25 S25 V5  T25     J25 J25 J15 L45 V25 V25 U5      J45 J25 L45 L45 S15 V25 U5

solution 7 (1,329,561,838 searches):
0,1,0 1,0,0 1,1,0 1,2,0 2,1,0 X5
0,0,0 0,0,1 0,1,1 0,1,2 0,2,1 F5
0,2,0 0,3,0 0,3,1 1,2,1 1,3,1 A5
2,2,0 2,2,1 2,2,2 2,2,3 2,2,4 I5
2,0,0 2,0,1 2,0,2 2,1,2 3,0,0 J15
0,0,2 1,0,1 1,0,2 1,0,3 1,1,1 J25
0,0,3 0,1,3 0,2,3 1,2,3 1,2,4 J45
0,2,2 0,3,2 1,3,2 2,3,2 2,3,3 L15
1,1,2 1,1,3 1,1,4 1,1,5 1,2,2 L5
0,2,4 0,3,3 0,3,4 0,3,5 1,3,3 L25
0,1,4 0,1,5 0,1,6 0,2,6 1,1,6 L35
0,3,6 1,2,6 1,3,6 2,2,6 2,3,6 P5
2,1,4 2,1,5 2,1,6 2,2,5 2,3,5 T5
0,2,5 1,2,5 1,3,4 1,3,5 2,3,4 V15
2,0,3 3,0,2 3,0,3 3,1,2 3,2,2 L45
2,1,3 3,1,3 3,2,3 4,2,2 4,2,3 N15
2,4,2 3,3,2 3,3,3 3,4,1 3,4,2 N25
2,1,1 3,0,1 3,1,0 3,1,1 4,0,1 S25
2,3,0 3,2,0 3,3,0 3,3,1 3,4,0 T15
3,2,1 4,1,1 4,2,1 5,0,1 5,1,1 W5
1,4,1 1,5,1 1,6,1 2,3,1 2,4,1 N5
1,3,0 1,4,0 1,5,0 1,6,0 2,4,0 Y5
1,4,2 1,5,2 2,5,2 3,5,2 3,6,2 Z5
1,6,2 2,5,0 2,5,1 2,6,1 2,6,2 S15
2,6,0 3,5,0 3,5,1 3,6,0 3,6,1 Q5
5,1,2 5,2,1 5,2,2 6,1,2 6,1,3 V25
4,1,2 4,1,3 5,0,3 5,1,3 5,2,3 T25
4,0,2 4,0,3 5,0,2 6,0,2 6,0,3 U5
6,0,1 6,1,1 6,2,1 6,2,2 6,2,3 V5

    Y5  Q5  Q5                      N5  S15 Q5                      S15 S15 Z5
    Y5  S15 Q5                      N5  S15 Q5                      Z5  Z5  Z5
    Y5  Y5  T15                     N5  N5  N25                     Z5  N25 N25
A5  Y5  T15 T15                 A5  A5  N5  T15                 L15 L15 L15 N25                 L25 L25 L15 N25                 L25 V15 V15                     L25 V15 T5                      P5  P5  P5
A5  X5  I5  T15                 F5  A5  I5  W5  W5  V25 V5      L15 L5  I5  L45 N15 V25 V5      J45 J45 I5  N15 N15 T25 V5      L25 J45 I5                      V15 V15 T5                      L35 P5  P5
X5  X5  X5  S25                 F5  J25 S25 S25 W5  W5  V5      F5  L5  J15 L45 T25 V25 V25     J45 L5  N15 N15 T25 T25 V25     L35 L5  T5                      L35 L5  T5                      L35 L35 T5
F5  X5  J15 J15                 F5  J25 J15 S25 S25 W5  V5      J25 J25 J15 L45 U5  U5  U5      J45 J25 L45 L45 U5  T25 U5

solution 8 (1,329,562,249 searches):
0,1,0 1,0,0 1,1,0 1,2,0 2,1,0 X5
0,0,0 0,0,1 0,1,1 0,1,2 0,2,1 F5
0,2,0 0,3,0 0,3,1 1,2,1 1,3,1 A5
2,2,0 2,2,1 2,2,2 2,2,3 2,2,4 I5
2,0,0 2,0,1 2,0,2 2,1,2 3,0,0 J15
0,0,2 1,0,1 1,0,2 1,0,3 1,1,1 J25
0,0,3 0,1,3 0,2,3 1,2,3 1,2,4 J45
0,2,2 0,3,2 1,3,2 2,3,2 2,3,3 L15
1,1,2 1,1,3 1,1,4 1,1,5 1,2,2 L5
0,2,4 0,3,3 0,3,4 0,3,5 1,3,3 L25
0,1,4 0,1,5 0,1,6 0,2,6 1,1,6 L35
0,3,6 1,2,6 1,3,6 2,2,6 2,3,6 P5
2,1,4 2,1,5 2,1,6 2,2,5 2,3,5 T5
0,2,5 1,2,5 1,3,4 1,3,5 2,3,4 V15
2,0,3 3,0,2 3,0,3 3,1,2 3,2,2 L45
2,1,3 3,1,3 3,2,3 4,2,2 4,2,3 N15
2,4,2 3,3,2 3,3,3 3,4,1 3,4,2 N25
2,1,1 3,0,1 3,1,0 3,1,1 4,0,1 S25
2,3,0 3,2,0 3,3,0 3,3,1 3,4,0 T15
3,2,1 4,1,1 4,2,1 5,2,1 6,2,1 Y5
1,3,0 1,4,0 2,4,0 2,5,0 2,6,0 N5
1,4,1 1,4,2 1,5,2 2,3,1 2,4,1 V25
1,6,0 1,6,1 1,6,2 2,6,2 3,6,2 V5
1,5,0 1,5,1 2,5,1 2,5,2 3,5,2 W5
2,6,1 3,5,0 3,5,1 3,6,0 3,6,1 Q5
6,0,1 6,1,1 6,1,2 6,1,3 6,2,3 Z5
5,0,1 5,1,1 5,1,2 5,2,2 6,2,2 S15
4,1,2 4,1,3 5,0,3 5,1,3 5,2,3 T25
4,0,2 4,0,3 5,0,2 6,0,2 6,0,3 U5

    V5  N5  Q5                      V5  Q5  Q5                      V5  V5  V5
    W5  N5  Q5                      W5  W5  Q5                      V25 W5  W5
    N5  N5  T15                     V25 V25 N25                     V25 N25 N25
A5  N5  T15 T15                 A5  A5  V25 T15                 L15 L15 L15 N25                 L25 L25 L15 N25                 L25 V15 V15                     L25 V15 T5                      P5  P5  P5
A5  X5  I5  T15                 F5  A5  I5  Y5  Y5  Y5  Y5      L15 L5  I5  L45 N15 S15 S15     J45 J45 I5  N15 N15 T25 Z5      L25 J45 I5                      V15 V15 T5                      L35 P5  P5
X5  X5  X5  S25                 F5  J25 S25 S25 Y5  S15 Z5      F5  L5  J15 L45 T25 S15 Z5      J45 L5  N15 N15 T25 T25 Z5      L35 L5  T5                      L35 L5  T5                      L35 L35 T5
F5  X5  J15 J15                 F5  J25 J15 S25 S25 S15 Z5      J25 J25 J15 L45 U5  U5  U5      J45 J25 L45 L45 U5  T25 U5

solution 9 (1,329,562,263 searches):
0,1,0 1,0,0 1,1,0 1,2,0 2,1,0 X5
0,0,0 0,0,1 0,1,1 0,1,2 0,2,1 F5
0,2,0 0,3,0 0,3,1 1,2,1 1,3,1 A5
2,2,0 2,2,1 2,2,2 2,2,3 2,2,4 I5
2,0,0 2,0,1 2,0,2 2,1,2 3,0,0 J15
0,0,2 1,0,1 1,0,2 1,0,3 1,1,1 J25
0,0,3 0,1,3 0,2,3 1,2,3 1,2,4 J45
0,2,2 0,3,2 1,3,2 2,3,2 2,3,3 L15
1,1,2 1,1,3 1,1,4 1,1,5 1,2,2 L5
0,2,4 0,3,3 0,3,4 0,3,5 1,3,3 L25
0,1,4 0,1,5 0,1,6 0,2,6 1,1,6 L35
0,3,6 1,2,6 1,3,6 2,2,6 2,3,6 P5
2,1,4 2,1,5 2,1,6 2,2,5 2,3,5 T5
0,2,5 1,2,5 1,3,4 1,3,5 2,3,4 V15
2,0,3 3,0,2 3,0,3 3,1,2 3,2,2 L45
2,1,3 3,1,3 3,2,3 4,2,2 4,2,3 N15
2,4,2 3,3,2 3,3,3 3,4,1 3,4,2 N25
2,1,1 3,0,1 3,1,0 3,1,1 4,0,1 S25
2,3,0 3,2,0 3,3,0 3,3,1 3,4,0 T15
3,2,1 4,1,1 4,2,1 5,2,1 6,2,1 Y5
1,3,0 1,4,0 2,4,0 2,5,0 2,6,0 N5
1,4,1 1,4,2 1,5,2 2,3,1 2,4,1 V25
1,6,0 1,6,1 1,6,2 2,6,2 3,6,2 V5
1,5,0 1,5,1 2,5,1 2,5,2 3,5,2 W5
2,6,1 3,5,0 3,5,1 3,6,0 3,6,1 Q5
4,0,3 5,0,3 5,1,3 5,2,3 6,2,3 Z5
4,1,2 4,1,3 5,1,2 5,2,2 6,2,2 S15
4,0,2 5,0,1 5,0,2 5,1,1 6,0,2 T25
6,0,1 6,0,3 6,1,1 6,1,2 6,1,3 U5

    V5  N5  Q5                      V5  Q5  Q5                      V5  V5  V5
    W5  N5  Q5                      W5  W5  Q5                      V25 W5  W5
    N5  N5  T15                     V25 V25 N25                     V25 N25 N25
A5  N5  T15 T15                 A5  A5  V25 T15                 L15 L15 L15 N25                 L25 L25 L15 N25                 L25 V15 V15                     L25 V15 T5                      P5  P5  P5
A5  X5  I5  T15                 F5  A5  I5  Y5  Y5  Y5  Y5      L15 L5  I5  L45 N15 S15 S15     J45 J45 I5  N15 N15 Z5  Z5      L25 J45 I5                      V15 V15 T5                      L35 P5  P5
X5  X5  X5  S25                 F5  J25 S25 S25 Y5  T25 U5      F5  L5  J15 L45 S15 S15 U5      J45 L5  N15 N15 S15 Z5  U5      L35 L5  T5                      L35 L5  T5                      L35 L35 T5
F5  X5  J15 J15                 F5  J25 J15 S25 S25 T25 U5      J25 J25 J15 L45 T25 T25 T25     J45 J25 L45 L45 Z5  Z5  U5

solution 10 (1,329,562,271 searches):
0,1,0 1,0,0 1,1,0 1,2,0 2,1,0 X5
0,0,0 0,0,1 0,1,1 0,1,2 0,2,1 F5
0,2,0 0,3,0 0,3,1 1,2,1 1,3,1 A5
2,2,0 2,2,1 2,2,2 2,2,3 2,2,4 I5
2,0,0 2,0,1 2,0,2 2,1,2 3,0,0 J15
0,0,2 1,0,1 1,0,2 1,0,3 1,1,1 J25
0,0,3 0,1,3 0,2,3 1,2,3 1,2,4 J45
0,2,2 0,3,2 1,3,2 2,3,2 2,3,3 L15
1,1,2 1,1,3 1,1,4 1,1,5 1,2,2 L5
0,2,4 0,3,3 0,3,4 0,3,5 1,3,3 L25
0,1,4 0,1,5 0,1,6 0,2,6 1,1,6 L35
0,3,6 1,2,6 1,3,6 2,2,6 2,3,6 P5
2,1,4 2,1,5 2,1,6 2,2,5 2,3,5 T5
0,2,5 1,2,5 1,3,4 1,3,5 2,3,4 V15
2,0,3 3,0,2 3,0,3 3,1,2 3,2,2 L45
2,1,3 3,1,3 3,2,3 4,2,2 4,2,3 N15
2,4,2 3,3,2 3,3,3 3,4,1 3,4,2 N25
2,1,1 3,0,1 3,1,0 3,1,1 4,0,1 S25
2,3,0 3,2,0 3,3,0 3,3,1 3,4,0 T15
3,2,1 4,1,1 4,2,1 5,2,1 6,2,1 Y5
1,3,0 1,4,0 2,4,0 2,5,0 2,6,0 N5
1,4,1 1,4,2 1,5,2 2,3,1 2,4,1 V25
1,6,0 1,6,1 1,6,2 2,6,2 3,6,2 V5
1,5,0 1,5,1 2,5,1 2,5,2 3,5,2 W5
2,6,1 3,5,0 3,5,1 3,6,0 3,6,1 Q5
4,0,2 4,0,3 5,0,2 6,0,1 6,0,2 Z5
4,1,2 4,1,3 5,0,1 5,1,1 5,1,2 S15
5,2,2 6,1,1 6,1,2 6,1,3 6,2,2 T25
5,0,3 5,1,3 5,2,3 6,0,3 6,2,3 U5

    V5  N5  Q5                      V5  Q5  Q5                      V5  V5  V5
    W5  N5  Q5                      W5  W5  Q5                      V25 W5  W5
    N5  N5  T15                     V25 V25 N25                     V25 N25 N25
A5  N5  T15 T15                 A5  A5  V25 T15                 L15 L15 L15 N25                 L25 L25 L15 N25                 L25 V15 V15                     L25 V15 T5                      P5  P5  P5
A5  X5  I5  T15                 F5  A5  I5  Y5  Y5  Y5  Y5      L15 L5  I5  L45 N15 T25 T25     J45 J45 I5  N15 N15 U5  U5      L25 J45 I5                      V15 V15 T5                      L35 P5  P5
X5  X5  X5  S25                 F5  J25 S25 S25 Y5  S15 T25     F5  L5  J15 L45 S15 S15 T25     J45 L5  N15 N15 S15 U5  T25     L35 L5  T5                      L35 L5  T5                      L35 L35 T5
F5  X5  J15 J15                 F5  J25 J15 S25 S25 S15 Z5      J25 J25 J15 L45 Z5  Z5  Z5      J45 J25 L45 L45 Z5  U5  U5

User-requested solution limit reached.
10 solutions, 1,329,562,271 searches, duration 2:07:44.407717
