solving PentacubesPlus9x5x6Steps:

solution 1 (9,827 searches):
0,0,0 0,1,0 0,1,1 1,0,0 1,1,1 A5
3,1,0 4,0,0 4,1,0 4,2,0 5,0,0 F5
2,0,0 2,1,0 2,2,0 2,2,1 3,0,0 L15
2,1,1 3,1,1 3,2,1 3,3,1 3,3,2 J15
5,1,0 5,2,0 5,3,0 5,4,0 5,5,0 I5
4,1,1 5,1,1 5,2,1 5,2,2 5,3,1 J25
3,2,0 3,3,0 3,4,0 3,4,1 4,4,0 J35
4,3,0 4,3,1 4,3,2 4,4,2 5,4,2 J45
1,2,2 2,2,2 3,2,2 4,2,1 4,2,2 L5
3,3,3 4,3,3 4,4,3 5,3,2 5,3,3 L25
3,4,4 4,4,4 5,4,3 5,4,4 5,5,3 L45
1,1,0 1,2,0 1,3,0 1,3,1 2,3,0 L35
0,2,1 0,2,2 0,3,2 0,3,3 1,2,1 N15
0,2,0 0,3,0 0,3,1 0,4,1 0,5,1 N5
4,6,0 4,7,0 4,7,1 5,7,0 5,8,0 N25
2,7,0 2,8,0 3,7,0 3,8,0 4,8,0 P5
4,6,1 5,6,0 5,6,1 5,6,2 5,7,1 T15
4,4,1 4,5,1 5,4,1 5,5,1 5,5,2 Q5
3,5,0 3,6,0 3,6,1 3,7,1 4,5,0 S15
0,8,0 1,6,0 1,7,0 1,8,0 2,6,0 Z5
0,4,0 0,5,0 0,6,0 0,6,1 0,7,0 Y5
0,7,1 1,5,1 1,6,1 1,7,1 2,7,1 T5
1,4,0 1,4,1 1,5,0 2,3,1 2,4,1 V15
2,4,0 2,5,0 2,5,1 2,6,1 3,5,1 S25
3,4,3 3,5,3 4,5,2 4,5,3 4,6,2 V25
0,4,2 1,3,2 1,4,2 1,5,2 2,4,2 X5
2,3,2 2,3,3 2,4,3 2,5,2 2,5,3 U5
1,6,2 2,6,2 3,4,2 3,5,2 3,6,2 V5
0,4,3 0,4,4 0,5,2 0,5,3 0,6,2 W5
1,3,3 1,4,3 1,4,4 1,5,3 2,4,4 T25

Z5  Z5  P5  P5  P5  N25
Y5  Z5  P5  P5  N25 N25     T5  T5  T5  S15 N25 T15
Y5  Z5  Z5  S15 N25 T15     Y5  T5  S25 S15 T15 T15     W5  V5  V5  V5  V25 T15
Y5  V15 S25 S15 S15 I5      N5  T5  S25 S25 Q5  Q5      W5  X5  U5  V5  V25 Q5      W5  T25 U5  V25 V25 L45
Y5  V15 S25 J35 J35 I5      N5  V15 V15 J35 Q5  Q5      X5  X5  X5  V5  J45 J45     W5  T25 U5  V25 L25 L45     W5  T25 T25 L45 L45 L45
N5  L35 L35 J35 J45 I5      N5  L35 V15 J15 J45 J25     N15 X5  U5  J15 J45 L25     N15 T25 U5  L25 L25 L25
N5  L35 L15 J35 F5  I5      N15 N15 L15 J15 L5  J25     N15 L5  L5  L5  L5  J25
A5  L35 L15 F5  F5  I5      A5  A5  J15 J15 J25 J25
A5  A5  L15 L15 F5  F5

solution 2 (25,098 searches):
0,0,0 0,1,0 0,1,1 1,0,0 1,1,1 A5
3,1,0 4,0,0 4,1,0 4,2,0 5,0,0 F5
2,0,0 2,1,0 2,2,0 2,2,1 3,0,0 L15
2,1,1 3,1,1 3,2,1 3,3,1 3,3,2 J15
5,1,0 5,2,0 5,3,0 5,4,0 5,5,0 I5
4,1,1 5,1,1 5,2,1 5,2,2 5,3,1 J25
3,2,0 3,3,0 3,4,0 3,4,1 4,4,0 J35
4,3,0 4,3,1 4,3,2 4,4,2 5,4,2 J45
1,2,2 2,2,2 3,2,2 4,2,1 4,2,2 L5
3,3,3 4,3,3 4,4,3 5,3,2 5,3,3 L25
3,4,4 4,4,4 5,4,3 5,4,4 5,5,3 L45
1,1,0 1,2,0 1,3,0 1,3,1 2,3,0 L35
0,2,1 0,2,2 0,3,2 0,3,3 1,2,1 N15
0,2,0 0,3,0 0,3,1 0,4,1 0,5,1 N5
4,6,0 4,7,0 4,7,1 5,7,0 5,8,0 N25
2,7,0 2,8,0 3,7,0 3,8,0 4,8,0 P5
4,6,1 5,6,0 5,6,1 5,6,2 5,7,1 T15
4,4,1 4,5,1 5,4,1 5,5,1 5,5,2 Q5
1,5,0 2,5,0 2,6,0 3,5,0 4,5,0 Y5
0,4,0 1,4,0 1,4,1 1,4,2 2,4,0 T5
0,5,0 0,6,0 1,6,0 1,6,1 2,6,1 S15
0,8,0 1,7,0 1,7,1 1,8,0 2,7,1 V15
0,5,2 0,6,1 0,6,2 0,7,0 0,7,1 W5
3,5,1 3,6,0 3,6,1 3,6,2 3,7,1 X5
2,5,2 2,6,2 3,5,2 4,5,2 4,6,2 U5
2,5,3 3,4,2 3,4,3 3,5,3 4,5,3 T25
1,3,2 2,3,1 2,3,2 2,4,2 2,4,3 S25
0,4,2 0,4,3 0,4,4 1,4,4 2,4,4 V5
1,5,1 1,5,2 1,6,2 2,4,1 2,5,1 V25
0,5,3 1,3,3 1,4,3 1,5,3 2,3,3 Z5

V15 V15 P5  P5  P5  N25
W5  V15 P5  P5  N25 N25     W5  V15 V15 X5  N25 T15
S15 S15 Y5  X5  N25 T15     W5  S15 S15 X5  T15 T15     W5  V25 U5  X5  U5  T15
S15 Y5  Y5  Y5  Y5  I5      N5  V25 V25 X5  Q5  Q5      W5  V25 U5  U5  U5  Q5      Z5  Z5  T25 T25 T25 L45
T5  T5  T5  J35 J35 I5      N5  T5  V25 J35 Q5  Q5      V5  T5  S25 T25 J45 J45     V5  Z5  S25 T25 L25 L45     V5  V5  V5  L45 L45 L45
N5  L35 L35 J35 J45 I5      N5  L35 S25 J15 J45 J25     N15 S25 S25 J15 J45 L25     N15 Z5  Z5  L25 L25 L25
N5  L35 L15 J35 F5  I5      N15 N15 L15 J15 L5  J25     N15 L5  L5  L5  L5  J25
A5  L35 L15 F5  F5  I5      A5  A5  J15 J15 J25 J25
A5  A5  L15 L15 F5  F5

solution 3 (30,545 searches):
0,0,0 0,1,0 0,1,1 1,0,0 1,1,1 A5
3,1,0 4,0,0 4,1,0 4,2,0 5,0,0 F5
2,0,0 2,1,0 2,2,0 2,2,1 3,0,0 L15
2,1,1 3,1,1 3,2,1 3,3,1 3,3,2 J15
5,1,0 5,2,0 5,3,0 5,4,0 5,5,0 I5
4,1,1 5,1,1 5,2,1 5,2,2 5,3,1 J25
3,2,0 3,3,0 3,4,0 3,4,1 4,4,0 J35
4,3,0 4,3,1 4,3,2 4,4,2 5,4,2 J45
1,2,2 2,2,2 3,2,2 4,2,1 4,2,2 L5
3,3,3 4,3,3 4,4,3 5,3,2 5,3,3 L25
3,4,4 4,4,4 5,4,3 5,4,4 5,5,3 L45
1,1,0 1,2,0 1,3,0 1,3,1 2,3,0 L35
0,2,1 0,2,2 0,3,2 0,3,3 1,2,1 N15
0,2,0 0,3,0 0,3,1 0,4,1 0,5,1 N5
4,6,0 4,7,0 4,7,1 5,7,0 5,8,0 N25
2,7,0 2,8,0 3,7,0 3,8,0 4,8,0 P5
4,6,1 5,6,0 5,6,1 5,6,2 5,7,1 T15
4,4,1 4,5,1 5,4,1 5,5,1 5,5,2 Q5
1,5,0 2,4,0 2,5,0 3,5,0 4,5,0 Y5
0,4,0 1,4,0 1,4,1 2,4,1 2,4,2 W5
0,4,2 1,3,2 1,4,2 2,3,1 2,3,2 S15
0,5,0 0,6,0 0,6,1 0,6,2 0,7,0 T5
0,8,0 1,6,0 1,7,0 1,8,0 2,6,0 Z5
0,7,1 1,6,1 1,6,2 1,7,1 2,6,2 V15
0,5,2 1,5,1 1,5,2 1,5,3 2,5,2 X5
3,4,2 3,5,2 3,6,0 3,6,1 3,6,2 V5
2,5,1 2,6,1 2,7,1 3,5,1 3,7,1 U5
3,4,3 3,5,3 4,5,2 4,5,3 4,6,2 V25
0,4,3 0,4,4 0,5,3 1,3,3 1,4,3 S25
1,4,4 2,3,3 2,4,3 2,4,4 2,5,3 T25

Z5  Z5  P5  P5  P5  N25
T5  Z5  P5  P5  N25 N25     V15 V15 U5  U5  N25 T15
T5  Z5  Z5  V5  N25 T15     T5  V15 U5  V5  T15 T15     T5  V15 V15 V5  V25 T15
T5  Y5  Y5  Y5  Y5  I5      N5  X5  U5  U5  Q5  Q5      X5  X5  X5  V5  V25 Q5      S25 X5  T25 V25 V25 L45
W5  W5  Y5  J35 J35 I5      N5  W5  W5  J35 Q5  Q5      S15 S15 W5  V5  J45 J45     S25 S25 T25 V25 L25 L45     S25 T25 T25 L45 L45 L45
N5  L35 L35 J35 J45 I5      N5  L35 S15 J15 J45 J25     N15 S15 S15 J15 J45 L25     N15 S25 T25 L25 L25 L25
N5  L35 L15 J35 F5  I5      N15 N15 L15 J15 L5  J25     N15 L5  L5  L5  L5  J25
A5  L35 L15 F5  F5  I5      A5  A5  J15 J15 J25 J25
A5  A5  L15 L15 F5  F5

solution 4 (33,097 searches):
0,0,0 0,1,0 0,1,1 1,0,0 1,1,1 A5
3,1,0 4,0,0 4,1,0 4,2,0 5,0,0 F5
2,0,0 2,1,0 2,2,0 2,2,1 3,0,0 L15
2,1,1 3,1,1 3,2,1 3,3,1 3,3,2 J15
5,1,0 5,2,0 5,3,0 5,4,0 5,5,0 I5
4,1,1 5,1,1 5,2,1 5,2,2 5,3,1 J25
3,2,0 3,3,0 3,4,0 3,4,1 4,4,0 J35
4,3,0 4,3,1 4,3,2 4,4,2 5,4,2 J45
1,2,2 2,2,2 3,2,2 4,2,1 4,2,2 L5
3,3,3 4,3,3 4,4,3 5,3,2 5,3,3 L25
3,4,4 4,4,4 5,4,3 5,4,4 5,5,3 L45
1,1,0 1,2,0 1,3,0 1,3,1 2,3,0 L35
0,2,1 0,2,2 0,3,2 0,3,3 1,2,1 N15
0,2,0 0,3,0 0,3,1 0,4,1 0,5,1 N5
4,6,0 4,7,0 4,7,1 5,7,0 5,8,0 N25
2,7,0 2,8,0 3,7,0 3,8,0 4,8,0 P5
4,6,1 5,6,0 5,6,1 5,6,2 5,7,1 T15
4,4,1 4,5,0 4,5,1 5,4,1 5,5,1 Q5
3,6,1 3,6,2 4,5,2 4,6,2 5,5,2 S15
1,6,2 2,6,1 2,6,2 2,7,1 3,7,1 V25
0,7,1 1,6,1 1,7,0 1,7,1 1,8,0 S25
0,6,0 0,7,0 0,8,0 1,6,0 2,6,0 V5
0,4,3 0,5,2 0,5,3 0,6,1 0,6,2 W5
3,4,2 3,5,0 3,5,1 3,5,2 3,6,0 Z5
1,5,3 2,5,2 2,5,3 3,5,3 4,5,3 Y5
0,4,4 1,3,3 1,4,3 1,4,4 2,4,4 T25
1,3,2 2,3,2 2,3,3 2,4,3 3,4,3 V15
2,3,1 2,4,0 2,4,1 2,4,2 2,5,1 X5
0,5,0 1,5,0 1,5,1 1,5,2 2,5,0 T5
0,4,0 0,4,2 1,4,0 1,4,1 1,4,2 U5

V5  S25 P5  P5  P5  N25
V5  S25 P5  P5  N25 N25     S25 S25 V25 V25 N25 T15
V5  V5  V5  Z5  N25 T15     W5  S25 V25 S15 T15 T15     W5  V25 V25 S15 S15 T15
T5  T5  T5  Z5  Q5  I5      N5  T5  X5  Z5  Q5  Q5      W5  T5  Y5  Z5  S15 S15     W5  Y5  Y5  Y5  Y5  L45
U5  U5  X5  J35 J35 I5      N5  U5  X5  J35 Q5  Q5      U5  U5  X5  Z5  J45 J45     W5  T25 V15 V15 L25 L45     T25 T25 T25 L45 L45 L45
N5  L35 L35 J35 J45 I5      N5  L35 X5  J15 J45 J25     N15 V15 V15 J15 J45 L25     N15 T25 V15 L25 L25 L25
N5  L35 L15 J35 F5  I5      N15 N15 L15 J15 L5  J25     N15 L5  L5  L5  L5  J25
A5  L35 L15 F5  F5  I5      A5  A5  J15 J15 J25 J25
A5  A5  L15 L15 F5  F5

solution 5 (39,364 searches):
0,0,0 0,1,0 0,1,1 1,0,0 1,1,1 A5
3,1,0 4,0,0 4,1,0 4,2,0 5,0,0 F5
2,0,0 2,1,0 2,2,0 2,2,1 3,0,0 L15
2,1,1 3,1,1 3,2,1 3,3,1 3,3,2 J15
5,1,0 5,2,0 5,3,0 5,4,0 5,5,0 I5
4,1,1 5,1,1 5,2,1 5,2,2 5,3,1 J25
3,2,0 3,3,0 3,4,0 3,4,1 4,4,0 J35
4,3,0 4,3,1 4,3,2 4,4,2 5,4,2 J45
1,2,2 2,2,2 3,2,2 4,2,1 4,2,2 L5
3,3,3 4,3,3 4,4,3 5,3,2 5,3,3 L25
3,4,4 4,4,4 5,4,3 5,4,4 5,5,3 L45
1,1,0 1,2,0 1,3,0 1,3,1 2,3,0 L35
0,2,1 0,2,2 0,3,2 0,3,3 1,2,1 N15
0,2,0 0,3,0 0,3,1 0,4,1 0,5,1 N5
4,6,0 4,7,0 4,7,1 5,7,0 5,8,0 N25
2,7,0 2,8,0 3,7,0 3,8,0 4,8,0 P5
4,6,1 5,6,0 5,6,1 5,6,2 5,7,1 T15
4,4,1 4,5,0 4,5,1 5,4,1 5,5,1 Q5
3,5,3 4,5,2 4,5,3 4,6,2 5,5,2 S25
0,8,0 1,7,0 1,7,1 1,8,0 2,7,1 V15
0,5,2 0,5,3 0,6,1 0,6,2 0,7,1 W5
0,4,0 0,5,0 0,6,0 0,7,0 1,5,0 Y5
2,5,2 2,6,2 3,6,1 3,6,2 3,7,1 V25
1,6,0 2,4,0 2,5,0 2,6,0 3,6,0 T5
2,4,1 2,5,1 2,6,1 3,5,0 3,5,1 T25
1,4,0 1,4,1 1,5,1 1,6,1 1,6,2 Z5
2,3,1 2,3,2 2,4,2 3,4,2 3,5,2 S15
0,4,2 0,4,3 0,4,4 1,4,4 2,4,4 V5
1,4,3 2,3,3 2,4,3 2,5,3 3,4,3 X5
1,3,2 1,3,3 1,4,2 1,5,2 1,5,3 U5

V15 V15 P5  P5  P5  N25
Y5  V15 P5  P5  N25 N25     W5  V15 V15 V25 N25 T15
Y5  T5  T5  T5  N25 T15     W5  Z5  T25 V25 T15 T15     W5  Z5  V25 V25 S25 T15
Y5  Y5  T5  T25 Q5  I5      N5  Z5  T25 T25 Q5  Q5      W5  U5  V25 S15 S25 S25     W5  U5  X5  S25 S25 L45
Y5  Z5  T5  J35 J35 I5      N5  Z5  T25 J35 Q5  Q5      V5  U5  S15 S15 J45 J45     V5  X5  X5  X5  L25 L45     V5  V5  V5  L45 L45 L45
N5  L35 L35 J35 J45 I5      N5  L35 S15 J15 J45 J25     N15 U5  S15 J15 J45 L25     N15 U5  X5  L25 L25 L25
N5  L35 L15 J35 F5  I5      N15 N15 L15 J15 L5  J25     N15 L5  L5  L5  L5  J25
A5  L35 L15 F5  F5  I5      A5  A5  J15 J15 J25 J25
A5  A5  L15 L15 F5  F5

solution 6 (39,383 searches):
0,0,0 0,1,0 0,1,1 1,0,0 1,1,1 A5
3,1,0 4,0,0 4,1,0 4,2,0 5,0,0 F5
2,0,0 2,1,0 2,2,0 2,2,1 3,0,0 L15
2,1,1 3,1,1 3,2,1 3,3,1 3,3,2 J15
5,1,0 5,2,0 5,3,0 5,4,0 5,5,0 I5
4,1,1 5,1,1 5,2,1 5,2,2 5,3,1 J25
3,2,0 3,3,0 3,4,0 3,4,1 4,4,0 J35
4,3,0 4,3,1 4,3,2 4,4,2 5,4,2 J45
1,2,2 2,2,2 3,2,2 4,2,1 4,2,2 L5
3,3,3 4,3,3 4,4,3 5,3,2 5,3,3 L25
3,4,4 4,4,4 5,4,3 5,4,4 5,5,3 L45
1,1,0 1,2,0 1,3,0 1,3,1 2,3,0 L35
0,2,1 0,2,2 0,3,2 0,3,3 1,2,1 N15
0,2,0 0,3,0 0,3,1 0,4,1 0,5,1 N5
4,6,0 4,7,0 4,7,1 5,7,0 5,8,0 N25
2,7,0 2,8,0 3,7,0 3,8,0 4,8,0 P5
4,6,1 5,6,0 5,6,1 5,6,2 5,7,1 T15
4,4,1 4,5,0 4,5,1 5,4,1 5,5,1 Q5
3,5,3 4,5,2 4,5,3 4,6,2 5,5,2 S25
0,8,0 1,7,0 1,7,1 1,8,0 2,7,1 V15
0,5,2 0,5,3 0,6,1 0,6,2 0,7,1 W5
0,4,0 0,5,0 0,6,0 0,7,0 1,5,0 Y5
2,5,2 2,6,2 3,6,1 3,6,2 3,7,1 V25
1,4,0 2,4,0 2,5,0 2,6,0 3,6,0 Z5
1,4,1 1,5,1 1,6,0 1,6,1 1,6,2 T5
2,4,1 2,5,1 2,6,1 3,5,0 3,5,1 T25
2,3,1 2,3,2 2,4,2 3,4,2 3,5,2 S15
0,4,2 0,4,3 0,4,4 1,4,4 2,4,4 V5
1,4,3 2,3,3 2,4,3 2,5,3 3,4,3 X5
1,3,2 1,3,3 1,4,2 1,5,2 1,5,3 U5

V15 V15 P5  P5  P5  N25
Y5  V15 P5  P5  N25 N25     W5  V15 V15 V25 N25 T15
Y5  T5  Z5  Z5  N25 T15     W5  T5  T25 V25 T15 T15     W5  T5  V25 V25 S25 T15
Y5  Y5  Z5  T25 Q5  I5      N5  T5  T25 T25 Q5  Q5      W5  U5  V25 S15 S25 S25     W5  U5  X5  S25 S25 L45
Y5  Z5  Z5  J35 J35 I5      N5  T5  T25 J35 Q5  Q5      V5  U5  S15 S15 J45 J45     V5  X5  X5  X5  L25 L45     V5  V5  V5  L45 L45 L45
N5  L35 L35 J35 J45 I5      N5  L35 S15 J15 J45 J25     N15 U5  S15 J15 J45 L25     N15 U5  X5  L25 L25 L25
N5  L35 L15 J35 F5  I5      N15 N15 L15 J15 L5  J25     N15 L5  L5  L5  L5  J25
A5  L35 L15 F5  F5  I5      A5  A5  J15 J15 J25 J25
A5  A5  L15 L15 F5  F5

solution 7 (74,388 searches):
0,0,0 0,1,0 0,1,1 1,0,0 1,1,1 A5
3,1,0 4,0,0 4,1,0 4,2,0 5,0,0 F5
2,0,0 2,1,0 2,2,0 2,2,1 3,0,0 L15
2,1,1 3,1,1 3,2,1 3,3,1 3,3,2 J15
5,1,0 5,2,0 5,3,0 5,4,0 5,5,0 I5
4,1,1 5,1,1 5,2,1 5,2,2 5,3,1 J25
3,2,0 3,3,0 3,4,0 3,4,1 4,4,0 J35
4,3,0 4,3,1 4,3,2 4,4,2 5,4,2 J45
1,2,2 2,2,2 3,2,2 4,2,1 4,2,2 L5
3,3,3 4,3,3 4,4,3 5,3,2 5,3,3 L25
3,4,4 4,4,4 5,4,3 5,4,4 5,5,3 L45
1,1,0 1,2,0 1,3,0 1,3,1 2,3,0 L35
0,2,1 0,2,2 0,3,2 0,3,3 1,2,1 N15
0,2,0 0,3,0 0,3,1 0,4,1 0,5,1 N5
4,6,0 4,7,0 4,7,1 5,7,0 5,8,0 N25
2,7,0 2,8,0 3,7,0 3,8,0 4,8,0 P5
4,6,1 5,6,0 5,6,1 5,6,2 5,7,1 T15
4,5,2 4,5,3 5,4,1 5,5,1 5,5,2 S15
3,5,0 3,6,0 4,4,1 4,5,0 4,5,1 V25
0,6,0 0,8,0 1,6,0 1,7,0 1,8,0 U5
0,5,2 0,6,1 0,6,2 0,7,0 0,7,1 W5
0,4,0 0,5,0 1,5,0 2,5,0 2,6,0 Z5
1,5,1 1,6,1 1,7,1 2,7,1 3,7,1 V5
1,6,2 2,6,1 2,6,2 3,6,2 4,6,2 Y5
2,5,2 3,4,2 3,5,1 3,5,2 3,6,1 S25
2,3,1 2,4,0 2,4,1 2,4,2 2,5,1 X5
1,3,2 1,4,0 1,4,1 1,4,2 1,5,2 T5
2,4,3 2,4,4 2,5,3 3,4,3 3,5,3 Q5
0,4,2 0,4,3 0,4,4 0,5,3 1,5,3 T25
1,3,3 1,4,3 1,4,4 2,3,2 2,3,3 V15

U5  U5  P5  P5  P5  N25
W5  U5  P5  P5  N25 N25     W5  V5  V5  V5  N25 T15
U5  U5  Z5  V25 N25 T15     W5  V5  Y5  S25 T15 T15     W5  Y5  Y5  Y5  Y5  T15
Z5  Z5  Z5  V25 V25 I5      N5  V5  X5  S25 V25 S15     W5  T5  S25 S25 S15 S15     T25 T25 Q5  Q5  S15 L45
Z5  T5  X5  J35 J35 I5      N5  T5  X5  J35 V25 S15     T25 T5  X5  S25 J45 J45     T25 V15 Q5  Q5  L25 L45     T25 V15 Q5  L45 L45 L45
N5  L35 L35 J35 J45 I5      N5  L35 X5  J15 J45 J25     N15 T5  V15 J15 J45 L25     N15 V15 V15 L25 L25 L25
N5  L35 L15 J35 F5  I5      N15 N15 L15 J15 L5  J25     N15 L5  L5  L5  L5  J25
A5  L35 L15 F5  F5  I5      A5  A5  J15 J15 J25 J25
A5  A5  L15 L15 F5  F5

solution 8 (83,276 searches):
0,0,0 0,1,0 0,1,1 1,0,0 1,1,1 A5
3,1,0 4,0,0 4,1,0 4,2,0 5,0,0 F5
2,0,0 2,1,0 2,2,0 2,2,1 3,0,0 L15
2,1,1 3,1,1 3,2,1 3,3,1 3,3,2 J15
5,1,0 5,2,0 5,3,0 5,4,0 5,5,0 I5
4,1,1 5,1,1 5,2,1 5,2,2 5,3,1 J25
3,2,0 3,3,0 3,4,0 3,4,1 4,4,0 J35
4,3,0 4,3,1 4,3,2 4,4,2 5,4,2 J45
1,2,2 2,2,2 3,2,2 4,2,1 4,2,2 L5
3,3,3 4,3,3 4,4,3 5,3,2 5,3,3 L25
3,4,4 4,4,4 5,4,3 5,4,4 5,5,3 L45
1,1,0 1,2,0 1,3,0 1,3,1 2,3,0 L35
0,2,1 0,2,2 0,3,2 0,3,3 1,2,1 N15
0,2,0 0,3,0 0,3,1 0,4,1 0,5,1 N5
4,6,0 4,7,0 4,7,1 5,7,0 5,8,0 N25
2,7,0 2,8,0 3,7,0 3,8,0 4,8,0 P5
4,6,1 5,6,0 5,6,1 5,6,2 5,7,1 T15
4,5,2 4,5,3 5,4,1 5,5,1 5,5,2 S15
3,5,0 3,6,0 4,4,1 4,5,0 4,5,1 V25
0,5,0 0,6,0 0,7,0 0,7,1 0,8,0 Y5
1,7,0 1,7,1 1,8,0 2,6,1 2,7,1 V15
2,6,2 3,6,1 3,6,2 3,7,1 4,6,2 T25
0,4,0 1,4,0 1,5,0 1,6,0 2,6,0 Z5
0,5,2 0,5,3 0,6,1 0,6,2 1,6,2 S25
1,4,1 1,5,1 1,6,1 2,5,1 3,5,1 T5
2,3,1 2,3,2 2,4,0 2,4,1 2,5,0 W5
0,4,2 0,4,3 0,4,4 1,4,4 2,4,4 V5
1,4,3 2,3,3 2,4,3 2,5,3 3,4,3 X5
1,3,2 1,3,3 1,4,2 1,5,2 1,5,3 U5
2,4,2 2,5,2 3,4,2 3,5,2 3,5,3 Q5

Y5  V15 P5  P5  P5  N25
Y5  V15 P5  P5  N25 N25     Y5  V15 V15 T25 N25 T15
Y5  Z5  Z5  V25 N25 T15     S25 T5  V15 T25 T15 T15     S25 S25 T25 T25 T25 T15
Y5  Z5  W5  V25 V25 I5      N5  T5  T5  T5  V25 S15     S25 U5  Q5  Q5  S15 S15     S25 U5  X5  Q5  S15 L45
Z5  Z5  W5  J35 J35 I5      N5  T5  W5  J35 V25 S15     V5  U5  Q5  Q5  J45 J45     V5  X5  X5  X5  L25 L45     V5  V5  V5  L45 L45 L45
N5  L35 L35 J35 J45 I5      N5  L35 W5  J15 J45 J25     N15 U5  W5  J15 J45 L25     N15 U5  X5  L25 L25 L25
N5  L35 L15 J35 F5  I5      N15 N15 L15 J15 L5  J25     N15 L5  L5  L5  L5  J25
A5  L35 L15 F5  F5  I5      A5  A5  J15 J15 J25 J25
A5  A5  L15 L15 F5  F5

solution 9 (87,601 searches):
0,0,0 0,1,0 0,1,1 1,0,0 1,1,1 A5
3,1,0 4,0,0 4,1,0 4,2,0 5,0,0 F5
2,0,0 2,1,0 2,2,0 2,2,1 3,0,0 L15
2,1,1 3,1,1 3,2,1 3,3,1 3,3,2 J15
5,1,0 5,2,0 5,3,0 5,4,0 5,5,0 I5
4,1,1 5,1,1 5,2,1 5,2,2 5,3,1 J25
3,2,0 3,3,0 3,4,0 3,4,1 4,4,0 J35
4,3,0 4,3,1 4,3,2 4,4,2 5,4,2 J45
1,2,2 2,2,2 3,2,2 4,2,1 4,2,2 L5
3,3,3 4,3,3 4,4,3 5,3,2 5,3,3 L25
3,4,4 4,4,4 5,4,3 5,4,4 5,5,3 L45
1,1,0 1,2,0 1,3,0 1,3,1 2,3,0 L35
0,2,1 0,2,2 0,3,2 0,3,3 1,2,1 N15
0,2,0 0,3,0 0,3,1 0,4,1 0,5,1 N5
4,6,0 4,7,0 4,7,1 5,7,0 5,8,0 N25
2,7,0 2,8,0 3,7,0 3,8,0 4,8,0 P5
4,6,1 5,6,0 5,6,1 5,6,2 5,7,1 T15
4,5,2 4,5,3 5,4,1 5,5,1 5,5,2 S15
3,5,0 3,6,0 4,4,1 4,5,0 4,5,1 V25
0,8,0 1,6,0 1,7,0 1,8,0 2,6,0 Z5
0,4,0 0,5,0 0,6,0 0,7,0 1,5,0 Y5
0,7,1 1,5,1 1,6,1 1,7,1 2,7,1 T5
0,5,2 0,5,3 0,6,1 0,6,2 1,6,2 S25
3,5,1 3,6,1 3,6,2 3,7,1 4,6,2 T25
1,4,0 1,4,1 2,3,1 2,3,2 2,4,1 V15
2,4,0 2,5,0 2,5,1 2,6,1 2,6,2 W5
0,4,2 0,4,3 0,4,4 1,4,4 2,4,4 V5
1,4,3 2,3,3 2,4,3 2,5,3 3,4,3 X5
1,3,2 1,3,3 1,4,2 1,5,2 1,5,3 U5
2,4,2 2,5,2 3,4,2 3,5,2 3,5,3 Q5

Z5  Z5  P5  P5  P5  N25
Y5  Z5  P5  P5  N25 N25     T5  T5  T5  T25 N25 T15
Y5  Z5  Z5  V25 N25 T15     S25 T5  W5  T25 T15 T15     S25 S25 W5  T25 T25 T15
Y5  Y5  W5  V25 V25 I5      N5  T5  W5  T25 V25 S15     S25 U5  Q5  Q5  S15 S15     S25 U5  X5  Q5  S15 L45
Y5  V15 W5  J35 J35 I5      N5  V15 V15 J35 V25 S15     V5  U5  Q5  Q5  J45 J45     V5  X5  X5  X5  L25 L45     V5  V5  V5  L45 L45 L45
N5  L35 L35 J35 J45 I5      N5  L35 V15 J15 J45 J25     N15 U5  V15 J15 J45 L25     N15 U5  X5  L25 L25 L25
N5  L35 L15 J35 F5  I5      N15 N15 L15 J15 L5  J25     N15 L5  L5  L5  L5  J25
A5  L35 L15 F5  F5  I5      A5  A5  J15 J15 J25 J25
A5  A5  L15 L15 F5  F5

solution 10 (97,164 searches):
0,0,0 0,1,0 0,1,1 1,0,0 1,1,1 A5
3,1,0 4,0,0 4,1,0 4,2,0 5,0,0 F5
2,0,0 2,1,0 2,2,0 2,2,1 3,0,0 L15
2,1,1 3,1,1 3,2,1 3,3,1 3,3,2 J15
5,1,0 5,2,0 5,3,0 5,4,0 5,5,0 I5
4,1,1 5,1,1 5,2,1 5,2,2 5,3,1 J25
3,2,0 3,3,0 3,4,0 3,4,1 4,4,0 J35
4,3,0 4,3,1 4,3,2 4,4,2 5,4,2 J45
1,2,2 2,2,2 3,2,2 4,2,1 4,2,2 L5
3,3,3 4,3,3 4,4,3 5,3,2 5,3,3 L25
3,4,4 4,4,4 5,4,3 5,4,4 5,5,3 L45
1,1,0 1,2,0 1,3,0 1,3,1 2,3,0 L35
0,2,1 0,2,2 0,3,2 0,3,3 1,2,1 N15
0,2,0 0,3,0 0,3,1 0,4,1 0,5,1 N5
4,6,0 4,7,0 4,7,1 5,7,0 5,8,0 N25
2,7,0 2,8,0 3,7,0 3,8,0 4,8,0 P5
4,6,1 5,6,0 5,6,1 5,6,2 5,7,1 T15
3,5,1 4,4,1 4,5,0 4,5,1 5,4,1 S25
3,5,3 4,5,2 4,5,3 5,5,1 5,5,2 W5
2,4,2 3,4,2 3,5,2 3,6,2 4,6,2 Z5
1,4,3 2,3,3 2,4,3 2,5,3 3,4,3 X5
0,4,2 0,4,3 0,4,4 1,4,4 2,4,4 V5
1,3,2 1,3,3 1,4,2 1,5,2 1,5,3 U5
0,5,2 0,5,3 0,6,2 1,6,1 1,6,2 V25
1,4,1 1,5,1 2,3,1 2,3,2 2,4,1 S15
0,4,0 1,4,0 1,5,0 1,6,0 2,4,0 T5
0,5,0 0,6,0 0,6,1 0,7,0 0,8,0 Y5
0,7,1 1,7,0 1,7,1 1,8,0 2,7,1 T25
2,5,2 2,6,1 2,6,2 3,6,1 3,7,1 V15
2,5,0 2,5,1 2,6,0 3,5,0 3,6,0 Q5

Y5  T25 P5  P5  P5  N25
Y5  T25 P5  P5  N25 N25     T25 T25 T25 V15 N25 T15
Y5  T5  Q5  Q5  N25 T15     Y5  V25 V15 V15 T15 T15     V25 V25 V15 Z5  Z5  T15
Y5  T5  Q5  Q5  S25 I5      N5  S15 Q5  S25 S25 W5      V25 U5  V15 Z5  W5  W5      V25 U5  X5  W5  W5  L45
T5  T5  T5  J35 J35 I5      N5  S15 S15 J35 S25 S25     V5  U5  Z5  Z5  J45 J45     V5  X5  X5  X5  L25 L45     V5  V5  V5  L45 L45 L45
N5  L35 L35 J35 J45 I5      N5  L35 S15 J15 J45 J25     N15 U5  S15 J15 J45 L25     N15 U5  X5  L25 L25 L25
N5  L35 L15 J35 F5  I5      N15 N15 L15 J15 L5  J25     N15 L5  L5  L5  L5  J25
A5  L35 L15 F5  F5  I5      A5  A5  J15 J15 J25 J25
A5  A5  L15 L15 F5  F5

User-requested solution limit reached.
10 solutions, 97,164 searches, duration 0:02:37.650877
