solving PentacubesOctagonalFrame1:

solution 1 (61,039 searches):
02,01,0 03,00,0 03,01,0 03,02,0 04,01,0 X5
03,00,1 03,01,1 04,00,0 04,00,1 05,00,1 L25
02,01,1 02,02,0 02,02,1 02,03,0 03,03,0 N15
00,03,0 00,03,1 01,02,0 01,02,1 01,03,1 A5
01,03,0 01,04,0 02,04,0 02,05,0 03,04,0 F5
00,04,0 00,04,1 00,05,0 00,06,0 01,05,0 J25
00,05,1 00,06,1 00,07,0 00,07,1 01,07,0 J45
01,07,1 01,08,0 01,08,1 02,08,0 02,08,1 Q5
01,06,0 02,06,0 03,06,0 04,06,0 05,06,0 I5
02,07,0 03,07,0 04,07,0 05,07,0 05,08,0 L5
03,05,0 04,03,0 04,04,0 04,05,0 04,05,1 L35
04,06,1 05,06,1 06,06,0 06,06,1 06,07,0 L45
04,04,1 05,04,0 05,04,1 05,05,1 06,04,1 T15
06,05,0 06,05,1 07,05,0 08,05,0 08,06,0 L15
07,06,0 07,07,0 07,08,0 08,07,0 09,07,0 T5
08,08,1 09,07,1 09,08,0 09,08,1 10,07,1 S25
06,08,0 06,09,0 07,09,0 08,08,0 08,09,0 U5
06,10,0 07,09,1 07,10,0 07,10,1 08,09,1 V25
04,10,1 05,09,0 05,10,0 05,10,1 06,10,1 T25
02,09,1 03,09,1 03,10,0 03,10,1 04,10,0 V15
02,09,0 03,08,0 03,09,0 04,08,0 04,09,0 P5
06,00,1 07,00,1 07,01,1 08,01,1 08,02,1 W5
09,03,0 10,03,0 10,04,0 10,05,0 10,05,1 J15
09,05,0 09,06,0 10,06,0 10,06,1 10,07,0 N25
09,02,0 09,02,1 09,03,1 10,03,1 10,04,1 S15
07,02,0 07,03,0 07,04,0 08,04,0 09,04,0 V5
07,00,0 07,01,0 08,01,0 08,02,0 08,03,0 N5
04,02,0 05,00,0 05,01,0 05,02,0 06,00,0 Z5
05,03,0 06,01,0 06,02,0 06,03,0 06,04,0 Y5

            V15 V15 T25 V25 V25                             V15 T25 T25 T25 V25
        P5  P5  P5  T25 U5  U5  U5                      V15 V15             V25 V25
    Q5  Q5  P5  P5  L5  U5  T5  U5  S25             Q5  Q5                      S25 S25
J45 J45 L5  L5  L5  L5  L45 T5  T5  T5  N25     J45 Q5                              S25 S25
J25 I5  I5  I5  I5  I5  L45 T5  L15 N25 N25     J45             L45 L45 L45             N25
J25 J25 F5  L35 L35     L15 L15 L15 N25 J15     J45             L35 T15 L15             J15
J25 F5  F5  F5  L35 T15 Y5  V5  V5  V5  J15     J25             T15 T15 T15             S15
A5  F5  N15 N15 L35 Y5  Y5  V5  N5  J15 J15     A5  A5                              S15 S15
    A5  N15 X5  Z5  Z5  Y5  V5  N5  S15             A5  N15                     W5  S15
        X5  X5  X5  Z5  Y5  N5  N5                      N15 L25             W5  W5
            X5  L25 Z5  Z5  N5                              L25 L25 L25 W5  W5

solution 2 (439,973 searches):
02,01,0 03,00,0 03,01,0 03,02,0 04,01,0 X5
03,00,1 03,01,1 04,00,0 04,00,1 05,00,1 L25
02,01,1 02,02,0 02,02,1 02,03,0 03,03,0 N15
00,03,0 00,03,1 01,02,0 01,02,1 01,03,1 A5
01,03,0 01,04,0 02,04,0 02,05,0 03,04,0 F5
00,04,0 00,04,1 00,05,0 00,06,0 01,05,0 J25
00,05,1 00,06,1 00,07,0 00,07,1 01,07,0 J45
01,07,1 01,08,0 01,08,1 02,08,0 02,08,1 Q5
01,06,0 02,06,0 03,06,0 04,06,0 05,06,0 I5
02,07,0 03,07,0 04,07,0 05,07,0 05,08,0 L5
03,05,0 04,05,0 04,05,1 04,06,1 05,05,1 N25
05,06,1 06,06,0 06,06,1 07,06,0 08,06,0 N5
02,09,1 03,09,1 03,10,0 03,10,1 04,10,0 V15
02,09,0 03,08,0 03,09,0 04,08,0 04,09,0 P5
04,10,1 05,09,0 05,10,0 05,10,1 06,10,1 T25
06,10,0 07,09,1 07,10,0 07,10,1 08,09,1 V25
06,00,0 06,00,1 06,01,0 07,01,0 08,01,0 L45
07,00,0 07,00,1 07,01,1 08,01,1 08,02,1 S15
04,02,0 05,00,0 05,01,0 05,02,0 06,02,0 T5
04,04,0 04,04,1 05,04,1 06,04,1 06,05,1 J15
04,03,0 05,03,0 05,04,0 06,04,0 06,05,0 W5
06,03,0 07,02,0 07,03,0 07,04,0 07,05,0 Y5
09,02,1 09,03,1 10,03,0 10,03,1 10,04,1 S25
08,02,0 09,02,0 09,03,0 09,04,0 10,04,0 Z5
08,03,0 08,04,0 08,05,0 09,05,0 10,05,0 V5
09,07,1 10,05,1 10,06,1 10,07,0 10,07,1 L35
09,06,0 09,07,0 09,08,0 09,08,1 10,06,0 L15
07,08,0 08,07,0 08,08,0 08,08,1 08,09,0 T15
06,07,0 06,08,0 06,09,0 07,07,0 07,09,0 U5

            V15 V15 T25 V25 V25                             V15 T25 T25 T25 V25
        P5  P5  P5  T25 U5  U5  T15                     V15 V15             V25 V25
    Q5  Q5  P5  P5  L5  U5  T15 T15 L15             Q5  Q5                      T15 L15
J45 J45 L5  L5  L5  L5  U5  U5  T15 L15 L35     J45 Q5                              L35 L35
J25 I5  I5  I5  I5  I5  N5  N5  N5  L15 L15     J45             N25 N5  N5              L35
J25 J25 F5  N25 N25     W5  Y5  V5  V5  V5      J45             N25 N25 J15             L35
J25 F5  F5  F5  J15 W5  W5  Y5  V5  Z5  Z5      J25             J15 J15 J15             S25
A5  F5  N15 N15 W5  W5  Y5  Y5  V5  Z5  S25     A5  A5                              S25 S25
    A5  N15 X5  T5  T5  T5  Y5  Z5  Z5              A5  N15                     S15 S25
        X5  X5  X5  T5  L45 L45 L45                     N15 L25             S15 S15
            X5  L25 T5  L45 S15                             L25 L25 L25 L45 S15

solution 3 (448,061 searches):
02,01,0 03,00,0 03,01,0 03,02,0 04,01,0 X5
03,00,1 03,01,1 04,00,0 04,00,1 05,00,1 L25
02,01,1 02,02,0 02,02,1 02,03,0 03,03,0 N15
00,03,0 00,03,1 01,02,0 01,02,1 01,03,1 A5
01,03,0 01,04,0 02,04,0 02,05,0 03,04,0 F5
00,04,0 00,04,1 00,05,0 00,06,0 01,05,0 J25
00,05,1 00,06,1 00,07,0 00,07,1 01,07,0 J45
01,07,1 01,08,0 01,08,1 02,08,0 02,08,1 Q5
01,06,0 02,06,0 03,06,0 04,06,0 05,06,0 I5
02,07,0 03,07,0 04,07,0 05,07,0 05,08,0 L5
03,05,0 04,05,0 04,05,1 04,06,1 05,05,1 N25
05,06,1 06,06,0 06,06,1 06,07,0 07,06,0 S25
02,09,0 02,09,1 03,08,0 03,09,0 03,10,0 T25
03,09,1 03,10,1 04,10,1 05,10,0 05,10,1 J15
04,08,0 04,09,0 04,10,0 05,09,0 06,09,0 T5
06,10,1 07,09,1 07,10,1 08,08,1 08,09,1 W5
06,08,0 06,10,0 07,08,0 07,09,0 07,10,0 U5
08,08,0 08,09,0 09,07,1 09,08,0 09,08,1 V25
07,07,0 08,07,0 09,05,0 09,06,0 09,07,0 V5
10,05,1 10,06,0 10,06,1 10,07,0 10,07,1 P5
06,05,0 06,05,1 07,05,0 08,05,0 08,06,0 L15
09,04,0 10,03,0 10,04,0 10,04,1 10,05,0 T15
08,02,0 09,02,0 09,02,1 09,03,1 10,03,1 V15
07,00,0 07,00,1 07,01,1 08,01,1 08,02,1 S15
05,00,0 06,00,0 06,00,1 06,01,0 06,02,0 L35
06,03,0 07,01,0 07,02,0 07,03,0 08,01,0 Z5
06,04,0 07,04,0 08,03,0 08,04,0 09,03,0 N5
04,02,0 05,01,0 05,02,0 05,03,0 05,04,0 Y5
04,03,0 04,04,0 04,04,1 05,04,1 06,04,1 L45

            T25 T5  J15 U5  U5                              J15 J15 J15 W5  W5
        T25 T25 T5  T5  T5  U5  V25                     T25 J15             W5  W5
    Q5  Q5  T25 T5  L5  U5  U5  V25 V25             Q5  Q5                      W5  V25
J45 J45 L5  L5  L5  L5  S25 V5  V5  V5  P5      J45 Q5                              V25 P5
J25 I5  I5  I5  I5  I5  S25 S25 L15 V5  P5      J45             N25 S25 S25             P5
J25 J25 F5  N25 N25     L15 L15 L15 V5  T15     J45             N25 N25 L15             P5
J25 F5  F5  F5  L45 Y5  N5  N5  N5  T15 T15     J25             L45 L45 L45             T15
A5  F5  N15 N15 L45 Y5  Z5  Z5  N5  N5  T15     A5  A5                              V15 V15
    A5  N15 X5  Y5  Y5  L35 Z5  V15 V15             A5  N15                     S15 V15
        X5  X5  X5  Y5  L35 Z5  Z5                      N15 L25             S15 S15
            X5  L25 L35 L35 S15                             L25 L25 L25 L35 S15

solution 4 (450,468 searches):
02,01,0 03,00,0 03,01,0 03,02,0 04,01,0 X5
03,00,1 03,01,1 04,00,0 04,00,1 05,00,1 L25
02,01,1 02,02,0 02,02,1 02,03,0 03,03,0 N15
00,03,0 00,03,1 01,02,0 01,02,1 01,03,1 A5
01,03,0 01,04,0 02,04,0 02,05,0 03,04,0 F5
00,04,0 00,04,1 00,05,0 00,06,0 01,05,0 J25
00,05,1 00,06,1 00,07,0 00,07,1 01,07,0 J45
01,07,1 01,08,0 01,08,1 02,08,0 02,08,1 Q5
01,06,0 02,06,0 03,06,0 04,06,0 05,06,0 I5
02,07,0 03,07,0 04,07,0 05,07,0 05,08,0 L5
03,05,0 04,05,0 04,05,1 04,06,1 05,05,1 N25
05,06,1 06,05,1 06,06,0 06,06,1 06,07,0 S25
02,09,0 02,09,1 03,09,0 03,10,0 04,10,0 S15
03,09,1 03,10,1 04,10,1 05,10,0 05,10,1 J15
03,08,0 04,08,0 04,09,0 05,09,0 06,09,0 N5
06,10,1 07,09,1 07,10,1 08,08,1 08,09,1 W5
06,08,0 06,10,0 07,08,0 07,09,0 07,10,0 U5
07,07,0 08,06,0 08,07,0 08,08,0 08,09,0 Y5
09,06,0 09,07,0 09,08,0 09,08,1 10,06,0 L15
09,07,1 10,05,1 10,06,1 10,07,0 10,07,1 L35
07,05,0 07,06,0 08,05,0 09,04,0 09,05,0 Z5
10,03,0 10,03,1 10,04,0 10,04,1 10,05,0 P5
04,02,0 04,03,0 04,04,0 04,04,1 05,04,1 L45
08,03,0 08,04,0 09,02,1 09,03,0 09,03,1 V25
06,00,1 07,00,1 07,01,0 07,01,1 08,01,0 V15
07,02,0 08,01,1 08,02,0 08,02,1 09,02,0 T25
05,00,0 06,00,0 06,01,0 06,02,0 07,00,0 T5
05,01,0 05,02,0 05,03,0 06,03,0 07,03,0 V5
05,04,0 06,04,0 06,04,1 06,05,0 07,04,0 T15

            S15 S15 J15 U5  U5                              J15 J15 J15 W5  W5
        S15 S15 N5  N5  N5  U5  Y5                      S15 J15             W5  W5
    Q5  Q5  N5  N5  L5  U5  U5  Y5  L15             Q5  Q5                      W5  L15
J45 J45 L5  L5  L5  L5  S25 Y5  Y5  L15 L35     J45 Q5                              L35 L35
J25 I5  I5  I5  I5  I5  S25 Z5  Y5  L15 L15     J45             N25 S25 S25             L35
J25 J25 F5  N25 N25     T15 Z5  Z5  Z5  P5      J45             N25 N25 S25             L35
J25 F5  F5  F5  L45 T15 T15 T15 V25 Z5  P5      J25             L45 L45 T15             P5
A5  F5  N15 N15 L45 V5  V5  V5  V25 V25 P5      A5  A5                              V25 P5
    A5  N15 X5  L45 V5  T5  T25 T25 T25             A5  N15                     T25 V25
        X5  X5  X5  V5  T5  V15 V15                     N15 L25             V15 T25
            X5  L25 T5  T5  T5                              L25 L25 L25 V15 V15

solution 5 (450,471 searches):
02,01,0 03,00,0 03,01,0 03,02,0 04,01,0 X5
03,00,1 03,01,1 04,00,0 04,00,1 05,00,1 L25
02,01,1 02,02,0 02,02,1 02,03,0 03,03,0 N15
00,03,0 00,03,1 01,02,0 01,02,1 01,03,1 A5
01,03,0 01,04,0 02,04,0 02,05,0 03,04,0 F5
00,04,0 00,04,1 00,05,0 00,06,0 01,05,0 J25
00,05,1 00,06,1 00,07,0 00,07,1 01,07,0 J45
01,07,1 01,08,0 01,08,1 02,08,0 02,08,1 Q5
01,06,0 02,06,0 03,06,0 04,06,0 05,06,0 I5
02,07,0 03,07,0 04,07,0 05,07,0 05,08,0 L5
03,05,0 04,05,0 04,05,1 04,06,1 05,05,1 N25
05,06,1 06,05,1 06,06,0 06,06,1 06,07,0 S25
02,09,0 02,09,1 03,09,0 03,10,0 04,10,0 S15
03,09,1 03,10,1 04,10,1 05,10,0 05,10,1 J15
03,08,0 04,08,0 04,09,0 05,09,0 06,09,0 N5
06,10,1 07,09,1 07,10,1 08,08,1 08,09,1 W5
06,08,0 06,10,0 07,08,0 07,09,0 07,10,0 U5
07,07,0 08,06,0 08,07,0 08,08,0 08,09,0 Y5
09,06,0 09,07,0 09,08,0 09,08,1 10,06,0 L15
09,07,1 10,05,1 10,06,1 10,07,0 10,07,1 L35
07,05,0 07,06,0 08,05,0 09,04,0 09,05,0 Z5
10,03,0 10,03,1 10,04,0 10,04,1 10,05,0 P5
04,02,0 04,03,0 04,04,0 04,04,1 05,04,1 L45
08,03,0 08,04,0 09,02,1 09,03,0 09,03,1 V25
06,00,1 07,00,1 07,01,0 07,01,1 08,01,0 V15
07,02,0 08,01,1 08,02,0 08,02,1 09,02,0 T25
05,00,0 05,01,0 05,02,0 06,00,0 07,00,0 V5
05,03,0 06,01,0 06,02,0 06,03,0 07,03,0 T5
05,04,0 06,04,0 06,04,1 06,05,0 07,04,0 T15

            S15 S15 J15 U5  U5                              J15 J15 J15 W5  W5
        S15 S15 N5  N5  N5  U5  Y5                      S15 J15             W5  W5
    Q5  Q5  N5  N5  L5  U5  U5  Y5  L15             Q5  Q5                      W5  L15
J45 J45 L5  L5  L5  L5  S25 Y5  Y5  L15 L35     J45 Q5                              L35 L35
J25 I5  I5  I5  I5  I5  S25 Z5  Y5  L15 L15     J45             N25 S25 S25             L35
J25 J25 F5  N25 N25     T15 Z5  Z5  Z5  P5      J45             N25 N25 S25             L35
J25 F5  F5  F5  L45 T15 T15 T15 V25 Z5  P5      J25             L45 L45 T15             P5
A5  F5  N15 N15 L45 T5  T5  T5  V25 V25 P5      A5  A5                              V25 P5
    A5  N15 X5  L45 V5  T5  T25 T25 T25             A5  N15                     T25 V25
        X5  X5  X5  V5  T5  V15 V15                     N15 L25             V15 T25
            X5  L25 V5  V5  V5                              L25 L25 L25 V15 V15

solution 6 (454,766 searches):
02,01,0 03,00,0 03,01,0 03,02,0 04,01,0 X5
03,00,1 03,01,1 04,00,0 04,00,1 05,00,1 L25
02,01,1 02,02,0 02,02,1 02,03,0 03,03,0 N15
00,03,0 00,03,1 01,02,0 01,02,1 01,03,1 A5
01,03,0 01,04,0 02,04,0 02,05,0 03,04,0 F5
00,04,0 00,04,1 00,05,0 00,06,0 01,05,0 J25
00,05,1 00,06,1 00,07,0 00,07,1 01,07,0 J45
01,07,1 01,08,0 01,08,1 02,08,0 02,08,1 Q5
01,06,0 02,06,0 03,06,0 04,06,0 05,06,0 I5
02,07,0 03,07,0 04,07,0 05,07,0 05,08,0 L5
03,05,0 04,05,0 04,05,1 04,06,1 05,05,1 N25
05,06,1 06,05,1 06,06,0 06,06,1 06,07,0 S25
02,09,0 02,09,1 03,08,0 03,09,0 03,10,0 T25
03,09,1 03,10,1 04,10,1 05,10,0 05,10,1 J15
04,08,0 04,09,0 04,10,0 05,09,0 06,09,0 T5
06,10,1 07,09,1 07,10,1 08,09,0 08,09,1 S15
06,08,0 06,10,0 07,08,0 07,09,0 07,10,0 U5
07,07,0 08,07,0 08,08,0 08,08,1 09,08,1 V25
09,07,0 09,07,1 09,08,0 10,06,1 10,07,1 V15
06,00,1 07,00,1 07,01,1 08,01,1 08,02,1 W5
08,04,0 09,02,0 09,02,1 09,03,0 09,04,0 L15
09,03,1 10,03,0 10,03,1 10,04,1 10,05,1 L35
05,04,0 06,04,0 06,04,1 06,05,0 07,04,0 T15
04,02,0 04,03,0 04,04,0 04,04,1 05,04,1 L45
09,05,0 10,04,0 10,05,0 10,06,0 10,07,0 Y5
07,05,0 07,06,0 08,05,0 08,06,0 09,06,0 P5
05,00,0 06,00,0 07,00,0 07,01,0 08,01,0 N5
05,01,0 05,02,0 05,03,0 06,03,0 07,03,0 V5
06,01,0 06,02,0 07,02,0 08,02,0 08,03,0 Z5

            T25 T5  J15 U5  U5                              J15 J15 J15 S15 S15
        T25 T25 T5  T5  T5  U5  S15                     T25 J15             S15 S15
    Q5  Q5  T25 T5  L5  U5  U5  V25 V15             Q5  Q5                      V25 V25
J45 J45 L5  L5  L5  L5  S25 V25 V25 V15 Y5      J45 Q5                              V15 V15
J25 I5  I5  I5  I5  I5  S25 P5  P5  P5  Y5      J45             N25 S25 S25             V15
J25 J25 F5  N25 N25     T15 P5  P5  Y5  Y5      J45             N25 N25 S25             L35
J25 F5  F5  F5  L45 T15 T15 T15 L15 L15 Y5      J25             L45 L45 T15             L35
A5  F5  N15 N15 L45 V5  V5  V5  Z5  L15 L35     A5  A5                              L35 L35
    A5  N15 X5  L45 V5  Z5  Z5  Z5  L15             A5  N15                     W5  L15
        X5  X5  X5  V5  Z5  N5  N5                      N15 L25             W5  W5
            X5  L25 N5  N5  N5                              L25 L25 L25 W5  W5

solution 7 (454,775 searches):
02,01,0 03,00,0 03,01,0 03,02,0 04,01,0 X5
03,00,1 03,01,1 04,00,0 04,00,1 05,00,1 L25
02,01,1 02,02,0 02,02,1 02,03,0 03,03,0 N15
00,03,0 00,03,1 01,02,0 01,02,1 01,03,1 A5
01,03,0 01,04,0 02,04,0 02,05,0 03,04,0 F5
00,04,0 00,04,1 00,05,0 00,06,0 01,05,0 J25
00,05,1 00,06,1 00,07,0 00,07,1 01,07,0 J45
01,07,1 01,08,0 01,08,1 02,08,0 02,08,1 Q5
01,06,0 02,06,0 03,06,0 04,06,0 05,06,0 I5
02,07,0 03,07,0 04,07,0 05,07,0 05,08,0 L5
03,05,0 04,05,0 04,05,1 04,06,1 05,05,1 N25
05,06,1 06,05,1 06,06,0 06,06,1 06,07,0 S25
02,09,0 02,09,1 03,08,0 03,09,0 03,10,0 T25
03,09,1 03,10,1 04,10,1 05,10,0 05,10,1 J15
04,08,0 04,09,0 04,10,0 05,09,0 06,09,0 T5
06,10,1 07,09,1 07,10,1 08,09,0 08,09,1 S15
06,08,0 06,10,0 07,08,0 07,09,0 07,10,0 U5
07,07,0 08,07,0 08,08,0 08,08,1 09,08,1 V25
09,07,0 09,07,1 09,08,0 10,06,1 10,07,1 V15
06,00,1 07,00,1 07,01,1 08,01,1 08,02,1 W5
08,04,0 09,02,0 09,02,1 09,03,0 09,04,0 L15
09,03,1 10,03,0 10,03,1 10,04,1 10,05,1 L35
05,04,0 06,04,0 06,04,1 06,05,0 07,04,0 T15
04,02,0 04,03,0 04,04,0 04,04,1 05,04,1 L45
09,05,0 10,04,0 10,05,0 10,06,0 10,07,0 Y5
07,05,0 07,06,0 08,05,0 08,06,0 09,06,0 P5
05,00,0 06,00,0 06,01,0 06,02,0 07,02,0 Z5
07,00,0 07,01,0 08,01,0 08,02,0 08,03,0 N5
05,01,0 05,02,0 05,03,0 06,03,0 07,03,0 V5

            T25 T5  J15 U5  U5                              J15 J15 J15 S15 S15
        T25 T25 T5  T5  T5  U5  S15                     T25 J15             S15 S15
    Q5  Q5  T25 T5  L5  U5  U5  V25 V15             Q5  Q5                      V25 V25
J45 J45 L5  L5  L5  L5  S25 V25 V25 V15 Y5      J45 Q5                              V15 V15
J25 I5  I5  I5  I5  I5  S25 P5  P5  P5  Y5      J45             N25 S25 S25             V15
J25 J25 F5  N25 N25     T15 P5  P5  Y5  Y5      J45             N25 N25 S25             L35
J25 F5  F5  F5  L45 T15 T15 T15 L15 L15 Y5      J25             L45 L45 T15             L35
A5  F5  N15 N15 L45 V5  V5  V5  N5  L15 L35     A5  A5                              L35 L35
    A5  N15 X5  L45 V5  Z5  Z5  N5  L15             A5  N15                     W5  L15
        X5  X5  X5  V5  Z5  N5  N5                      N15 L25             W5  W5
            X5  L25 Z5  Z5  N5                              L25 L25 L25 W5  W5

solution 8 (454,783 searches):
02,01,0 03,00,0 03,01,0 03,02,0 04,01,0 X5
03,00,1 03,01,1 04,00,0 04,00,1 05,00,1 L25
02,01,1 02,02,0 02,02,1 02,03,0 03,03,0 N15
00,03,0 00,03,1 01,02,0 01,02,1 01,03,1 A5
01,03,0 01,04,0 02,04,0 02,05,0 03,04,0 F5
00,04,0 00,04,1 00,05,0 00,06,0 01,05,0 J25
00,05,1 00,06,1 00,07,0 00,07,1 01,07,0 J45
01,07,1 01,08,0 01,08,1 02,08,0 02,08,1 Q5
01,06,0 02,06,0 03,06,0 04,06,0 05,06,0 I5
02,07,0 03,07,0 04,07,0 05,07,0 05,08,0 L5
03,05,0 04,05,0 04,05,1 04,06,1 05,05,1 N25
05,06,1 06,05,1 06,06,0 06,06,1 06,07,0 S25
02,09,0 02,09,1 03,08,0 03,09,0 03,10,0 T25
03,09,1 03,10,1 04,10,1 05,10,0 05,10,1 J15
04,08,0 04,09,0 04,10,0 05,09,0 06,09,0 T5
06,10,1 07,09,1 07,10,1 08,09,0 08,09,1 S15
06,08,0 06,10,0 07,08,0 07,09,0 07,10,0 U5
07,07,0 08,07,0 08,08,0 08,08,1 09,08,1 V25
09,07,0 09,07,1 09,08,0 10,06,1 10,07,1 V15
06,00,1 07,00,1 07,01,1 08,01,1 08,02,1 W5
08,04,0 09,02,0 09,02,1 09,03,0 09,04,0 L15
09,03,1 10,03,0 10,03,1 10,04,1 10,05,1 L35
05,04,0 06,04,0 06,04,1 06,05,0 07,04,0 T15
04,02,0 04,03,0 04,04,0 04,04,1 05,04,1 L45
09,06,0 10,04,0 10,05,0 10,06,0 10,07,0 Y5
07,05,0 07,06,0 08,05,0 08,06,0 09,05,0 P5
05,00,0 06,00,0 07,00,0 07,01,0 08,01,0 N5
05,01,0 05,02,0 05,03,0 06,03,0 07,03,0 V5
06,01,0 06,02,0 07,02,0 08,02,0 08,03,0 Z5

            T25 T5  J15 U5  U5                              J15 J15 J15 S15 S15
        T25 T25 T5  T5  T5  U5  S15                     T25 J15             S15 S15
    Q5  Q5  T25 T5  L5  U5  U5  V25 V15             Q5  Q5                      V25 V25
J45 J45 L5  L5  L5  L5  S25 V25 V25 V15 Y5      J45 Q5                              V15 V15
J25 I5  I5  I5  I5  I5  S25 P5  P5  Y5  Y5      J45             N25 S25 S25             V15
J25 J25 F5  N25 N25     T15 P5  P5  P5  Y5      J45             N25 N25 S25             L35
J25 F5  F5  F5  L45 T15 T15 T15 L15 L15 Y5      J25             L45 L45 T15             L35
A5  F5  N15 N15 L45 V5  V5  V5  Z5  L15 L35     A5  A5                              L35 L35
    A5  N15 X5  L45 V5  Z5  Z5  Z5  L15             A5  N15                     W5  L15
        X5  X5  X5  V5  Z5  N5  N5                      N15 L25             W5  W5
            X5  L25 N5  N5  N5                              L25 L25 L25 W5  W5

solution 9 (454,792 searches):
02,01,0 03,00,0 03,01,0 03,02,0 04,01,0 X5
03,00,1 03,01,1 04,00,0 04,00,1 05,00,1 L25
02,01,1 02,02,0 02,02,1 02,03,0 03,03,0 N15
00,03,0 00,03,1 01,02,0 01,02,1 01,03,1 A5
01,03,0 01,04,0 02,04,0 02,05,0 03,04,0 F5
00,04,0 00,04,1 00,05,0 00,06,0 01,05,0 J25
00,05,1 00,06,1 00,07,0 00,07,1 01,07,0 J45
01,07,1 01,08,0 01,08,1 02,08,0 02,08,1 Q5
01,06,0 02,06,0 03,06,0 04,06,0 05,06,0 I5
02,07,0 03,07,0 04,07,0 05,07,0 05,08,0 L5
03,05,0 04,05,0 04,05,1 04,06,1 05,05,1 N25
05,06,1 06,05,1 06,06,0 06,06,1 06,07,0 S25
02,09,0 02,09,1 03,08,0 03,09,0 03,10,0 T25
03,09,1 03,10,1 04,10,1 05,10,0 05,10,1 J15
04,08,0 04,09,0 04,10,0 05,09,0 06,09,0 T5
06,10,1 07,09,1 07,10,1 08,09,0 08,09,1 S15
06,08,0 06,10,0 07,08,0 07,09,0 07,10,0 U5
07,07,0 08,07,0 08,08,0 08,08,1 09,08,1 V25
09,07,0 09,07,1 09,08,0 10,06,1 10,07,1 V15
06,00,1 07,00,1 07,01,1 08,01,1 08,02,1 W5
08,04,0 09,02,0 09,02,1 09,03,0 09,04,0 L15
09,03,1 10,03,0 10,03,1 10,04,1 10,05,1 L35
05,04,0 06,04,0 06,04,1 06,05,0 07,04,0 T15
04,02,0 04,03,0 04,04,0 04,04,1 05,04,1 L45
09,06,0 10,04,0 10,05,0 10,06,0 10,07,0 Y5
07,05,0 07,06,0 08,05,0 08,06,0 09,05,0 P5
05,00,0 06,00,0 06,01,0 06,02,0 07,02,0 Z5
07,00,0 07,01,0 08,01,0 08,02,0 08,03,0 N5
05,01,0 05,02,0 05,03,0 06,03,0 07,03,0 V5

            T25 T5  J15 U5  U5                              J15 J15 J15 S15 S15
        T25 T25 T5  T5  T5  U5  S15                     T25 J15             S15 S15
    Q5  Q5  T25 T5  L5  U5  U5  V25 V15             Q5  Q5                      V25 V25
J45 J45 L5  L5  L5  L5  S25 V25 V25 V15 Y5      J45 Q5                              V15 V15
J25 I5  I5  I5  I5  I5  S25 P5  P5  Y5  Y5      J45             N25 S25 S25             V15
J25 J25 F5  N25 N25     T15 P5  P5  P5  Y5      J45             N25 N25 S25             L35
J25 F5  F5  F5  L45 T15 T15 T15 L15 L15 Y5      J25             L45 L45 T15             L35
A5  F5  N15 N15 L45 V5  V5  V5  N5  L15 L35     A5  A5                              L35 L35
    A5  N15 X5  L45 V5  Z5  Z5  N5  L15             A5  N15                     W5  L15
        X5  X5  X5  V5  Z5  N5  N5                      N15 L25             W5  W5
            X5  L25 Z5  Z5  N5                              L25 L25 L25 W5  W5

solution 10 (456,095 searches):
02,01,0 03,00,0 03,01,0 03,02,0 04,01,0 X5
03,00,1 03,01,1 04,00,0 04,00,1 05,00,1 L25
02,01,1 02,02,0 02,02,1 02,03,0 03,03,0 N15
00,03,0 00,03,1 01,02,0 01,02,1 01,03,1 A5
01,03,0 01,04,0 02,04,0 02,05,0 03,04,0 F5
00,04,0 00,04,1 00,05,0 00,06,0 01,05,0 J25
00,05,1 00,06,1 00,07,0 00,07,1 01,07,0 J45
01,07,1 01,08,0 01,08,1 02,08,0 02,08,1 Q5
01,06,0 02,06,0 03,06,0 04,06,0 05,06,0 I5
02,07,0 03,07,0 04,07,0 05,07,0 05,08,0 L5
03,05,0 04,05,0 04,05,1 04,06,1 05,05,1 N25
05,06,1 06,05,1 06,06,0 06,06,1 06,07,0 S25
02,09,0 02,09,1 03,08,0 03,09,0 03,10,0 T25
03,09,1 03,10,1 04,10,1 05,10,0 05,10,1 J15
04,08,0 04,09,0 04,10,0 05,09,0 06,09,0 T5
06,10,1 07,09,1 07,10,1 08,08,1 08,09,1 W5
06,08,0 06,10,0 07,08,0 07,09,0 07,10,0 U5
07,06,0 07,07,0 08,07,0 08,08,0 08,09,0 N5
09,06,0 09,07,0 09,08,0 09,08,1 10,06,0 L15
09,07,1 10,05,1 10,06,1 10,07,0 10,07,1 L35
04,02,0 04,03,0 04,04,0 04,04,1 05,04,1 L45
06,00,1 07,00,0 07,00,1 07,01,0 08,01,0 V25
07,01,1 08,01,1 08,02,0 08,02,1 09,02,0 V15
09,02,1 09,03,1 10,03,1 10,04,0 10,04,1 S15
05,04,0 06,04,0 06,04,1 06,05,0 07,04,0 T15
07,05,0 08,05,0 08,06,0 09,05,0 10,05,0 Y5
08,03,0 08,04,0 09,03,0 09,04,0 10,03,0 P5
05,01,0 05,02,0 05,03,0 06,03,0 07,03,0 V5
05,00,0 06,00,0 06,01,0 06,02,0 07,02,0 Z5

            T25 T5  J15 U5  U5                              J15 J15 J15 W5  W5
        T25 T25 T5  T5  T5  U5  N5                      T25 J15             W5  W5
    Q5  Q5  T25 T5  L5  U5  U5  N5  L15             Q5  Q5                      W5  L15
J45 J45 L5  L5  L5  L5  S25 N5  N5  L15 L35     J45 Q5                              L35 L35
J25 I5  I5  I5  I5  I5  S25 N5  Y5  L15 L15     J45             N25 S25 S25             L35
J25 J25 F5  N25 N25     T15 Y5  Y5  Y5  Y5      J45             N25 N25 S25             L35
J25 F5  F5  F5  L45 T15 T15 T15 P5  P5  S15     J25             L45 L45 T15             S15
A5  F5  N15 N15 L45 V5  V5  V5  P5  P5  P5      A5  A5                              S15 S15
    A5  N15 X5  L45 V5  Z5  Z5  V15 V15             A5  N15                     V15 S15
        X5  X5  X5  V5  Z5  V25 V25                     N15 L25             V15 V15
            X5  L25 Z5  Z5  V25                             L25 L25 L25 V25 V25

User-requested solution limit reached.
10 solutions, 456,095 searches, duration 0:00:05.736702
