solving PentacubesPlusDiagonalWall7:

solution 1 (39,561 searches):
0,5,0 0,6,0 0,6,1 1,5,0 1,5,1 A5
2,0,0 2,0,1 2,0,2 2,0,3 2,0,4 I5
0,4,4 0,5,3 0,5,4 0,5,5 0,6,5 F5
0,5,2 0,6,2 0,6,3 0,6,4 1,5,2 J45
5,0,0 5,0,1 5,0,2 5,1,2 6,0,0 J15
5,0,4 6,0,1 6,0,2 6,0,3 6,0,4 L5
4,0,4 4,0,5 5,0,5 5,1,5 6,0,5 J25
0,4,1 0,4,2 0,4,3 0,5,1 1,4,1 J35
0,3,0 0,3,1 0,3,2 0,4,0 1,3,2 L15
1,2,0 1,3,0 1,3,1 1,4,0 2,2,0 L25
0,2,0 0,2,1 1,1,2 1,2,1 1,2,2 N15
0,2,2 0,2,3 0,2,4 0,3,4 1,2,4 L35
1,1,0 1,1,1 2,1,1 2,2,1 2,3,1 L45
2,3,2 2,3,3 2,4,0 2,4,1 2,4,2 N5
2,3,0 3,2,0 3,2,1 3,3,0 4,2,0 N25
2,2,2 3,2,2 3,3,1 3,3,2 4,2,2 T25
0,3,3 1,1,3 1,2,3 1,3,3 2,1,3 Z5
1,4,2 1,4,3 1,5,3 2,4,3 2,4,4 S25
1,3,4 1,3,5 1,4,4 1,5,4 1,5,5 U5
0,2,5 0,3,5 0,4,5 1,4,5 2,4,5 V5
2,1,0 3,1,0 4,0,0 4,1,0 5,1,0 Y5
2,1,2 3,0,0 3,0,1 3,1,1 3,1,2 S15
4,0,1 4,1,1 4,1,2 4,2,1 5,1,1 T15
3,0,2 3,0,3 4,0,2 4,0,3 4,1,3 Q5
4,1,4 4,2,4 5,0,3 5,1,3 5,1,4 V15
2,2,3 3,1,3 3,2,3 3,3,3 4,2,3 X5
1,1,4 2,1,4 3,0,4 3,1,4 3,2,4 T5
1,2,5 2,2,4 2,2,5 2,3,4 3,3,4 V25
1,1,5 2,0,5 2,1,5 3,0,5 3,1,5 P5
2,3,5 3,2,5 3,3,5 4,1,5 4,2,5 W5

A5                              A5                              J45                             J45                             J45                             F5
A5  A5                          J35 A5                          J45 J45                         F5  S25                         F5  U5                          F5  U5
L15 L25 N5                      J35 J35 N5                      J35 S25 N5                      J35 S25 S25                     F5  U5  S25                     V5  V5  V5
L15 L25 N25 N25                 L15 L25 L45 T25                 L15 L15 N5  T25                 Z5  Z5  N5  X5                  L35 U5  V25 V25                 V5  U5  W5  W5
N15 L25 L25 N25 N25             N15 N15 L45 N25 T15             L35 N15 T25 T25 T25             L35 Z5  X5  X5  X5              L35 L35 V25 T5  V15             V5  V25 V25 W5  W5
    L45 Y5  Y5  Y5  Y5              L45 L45 S15 T15 T15             N15 S15 S15 T15 J15             Z5  Z5  X5  Q5  V15             T5  T5  T5  V15 V15             P5  P5  P5  W5  J25
        I5  S15 Y5  J15 J15             I5  S15 T15 J15 L5              I5  Q5  Q5  J15 L5              I5  Q5  Q5  V15 L5              I5  T5  J25 L5  L5              P5  P5  J25 J25 J25

solution 2 (48,639 searches):
0,5,0 0,6,0 0,6,1 1,5,0 1,5,1 A5
2,0,0 2,0,1 2,0,2 2,0,3 2,0,4 I5
0,4,4 0,5,3 0,5,4 0,5,5 0,6,5 F5
0,5,2 0,6,2 0,6,3 0,6,4 1,5,2 J45
5,0,0 5,0,1 5,0,2 5,1,2 6,0,0 J15
5,0,4 6,0,1 6,0,2 6,0,3 6,0,4 L5
4,0,4 4,0,5 5,0,5 5,1,5 6,0,5 J25
0,4,1 0,4,2 0,4,3 0,5,1 1,4,1 J35
0,3,0 0,3,1 0,3,2 0,4,0 1,3,2 L15
1,2,0 1,3,0 1,3,1 1,4,0 2,2,0 L25
0,2,0 0,2,1 1,1,2 1,2,1 1,2,2 N15
0,2,2 0,2,3 0,2,4 0,3,4 1,2,4 L35
1,1,0 1,1,1 2,1,1 2,2,1 2,3,1 L45
2,3,2 2,3,3 2,4,0 2,4,1 2,4,2 N5
2,3,0 3,2,0 3,2,1 3,3,0 4,2,0 N25
3,1,1 3,1,2 3,2,2 3,3,1 3,3,2 U5
2,1,0 3,0,0 3,1,0 4,1,0 5,1,0 Y5
3,0,1 3,0,2 4,0,0 4,0,1 4,0,2 P5
4,1,1 4,1,2 4,2,1 4,2,2 5,1,1 Q5
1,4,2 1,4,3 1,4,4 1,5,3 2,4,3 T15
0,3,5 0,4,5 1,4,5 1,5,4 1,5,5 S15
0,3,3 1,1,3 1,2,3 1,3,3 2,1,3 Z5
2,1,2 2,2,2 2,2,3 3,2,3 3,3,3 V25
3,0,3 3,0,4 3,0,5 4,0,3 5,0,3 V5
0,2,5 1,1,5 1,2,5 1,3,5 2,2,5 X5
1,3,4 2,3,4 2,4,4 2,4,5 3,3,4 T25
2,3,5 3,2,5 3,3,5 4,1,5 4,2,5 W5
3,1,3 3,1,4 3,1,5 4,1,4 5,1,4 T5
3,2,4 4,1,3 4,2,3 4,2,4 5,1,3 V15
1,1,4 2,0,5 2,1,4 2,1,5 2,2,4 S25

A5                              A5                              J45                             J45                             J45                             F5
A5  A5                          J35 A5                          J45 J45                         F5  T15                         F5  S15                         F5  S15
L15 L25 N5                      J35 J35 N5                      J35 T15 N5                      J35 T15 T15                     F5  T15 T25                     S15 S15 T25
L15 L25 N25 N25                 L15 L25 L45 U5                  L15 L15 N5  U5                  Z5  Z5  N5  V25                 L35 T25 T25 T25                 S15 X5  W5  W5
N15 L25 L25 N25 N25             N15 N15 L45 N25 Q5              L35 N15 V25 U5  Q5              L35 Z5  V25 V25 V15             L35 L35 S25 V15 V15             X5  X5  X5  W5  W5
    L45 Y5  Y5  Y5  Y5              L45 L45 U5  Q5  Q5              N15 V25 U5  Q5  J15             Z5  Z5  T5  V15 V15             S25 S25 T5  T5  T5              X5  S25 T5  W5  J25
        I5  Y5  P5  J15 J15             I5  P5  P5  J15 L5              I5  P5  P5  J15 L5              I5  V5  V5  V5  L5              I5  V5  J25 L5  L5              S25 V5  J25 J25 J25

solution 3 (48,957 searches):
0,5,0 0,6,0 0,6,1 1,5,0 1,5,1 A5
2,0,0 2,0,1 2,0,2 2,0,3 2,0,4 I5
0,4,4 0,5,3 0,5,4 0,5,5 0,6,5 F5
0,5,2 0,6,2 0,6,3 0,6,4 1,5,2 J45
5,0,0 5,0,1 5,0,2 5,1,2 6,0,0 J15
5,0,4 6,0,1 6,0,2 6,0,3 6,0,4 L5
4,0,4 4,0,5 5,0,5 5,1,5 6,0,5 J25
0,4,1 0,4,2 0,4,3 0,5,1 1,4,1 J35
0,3,0 0,3,1 0,3,2 0,4,0 1,3,2 L15
1,2,0 1,3,0 1,3,1 1,4,0 2,2,0 L25
0,2,0 0,2,1 1,1,2 1,2,1 1,2,2 N15
0,2,2 0,2,3 0,2,4 0,3,4 1,2,4 L35
1,1,0 1,1,1 2,1,1 2,2,1 2,3,1 L45
2,3,2 2,3,3 2,4,0 2,4,1 2,4,2 N5
2,3,0 3,2,0 3,2,1 3,3,0 4,2,0 N25
3,1,1 3,1,2 3,2,2 3,3,1 3,3,2 U5
2,1,0 3,1,0 4,0,0 4,1,0 5,1,0 Y5
3,0,0 3,0,1 3,0,2 4,0,1 4,0,2 P5
4,1,1 4,1,2 4,2,1 4,2,2 5,1,1 Q5
1,4,2 1,4,3 1,4,4 1,5,3 2,4,3 T15
0,3,5 0,4,5 1,4,5 1,5,4 1,5,5 S15
0,3,3 1,1,3 1,2,3 1,3,3 2,1,3 Z5
2,1,2 2,2,2 2,2,3 3,2,3 3,3,3 V25
3,0,3 3,0,4 3,0,5 4,0,3 5,0,3 V5
0,2,5 1,1,5 1,2,5 1,3,5 2,2,5 X5
1,3,4 2,3,4 2,4,4 2,4,5 3,3,4 T25
2,3,5 3,2,5 3,3,5 4,1,5 4,2,5 W5
3,1,3 3,1,4 3,1,5 4,1,4 5,1,4 T5
3,2,4 4,1,3 4,2,3 4,2,4 5,1,3 V15
1,1,4 2,0,5 2,1,4 2,1,5 2,2,4 S25

A5                              A5                              J45                             J45                             J45                             F5
A5  A5                          J35 A5                          J45 J45                         F5  T15                         F5  S15                         F5  S15
L15 L25 N5                      J35 J35 N5                      J35 T15 N5                      J35 T15 T15                     F5  T15 T25                     S15 S15 T25
L15 L25 N25 N25                 L15 L25 L45 U5                  L15 L15 N5  U5                  Z5  Z5  N5  V25                 L35 T25 T25 T25                 S15 X5  W5  W5
N15 L25 L25 N25 N25             N15 N15 L45 N25 Q5              L35 N15 V25 U5  Q5              L35 Z5  V25 V25 V15             L35 L35 S25 V15 V15             X5  X5  X5  W5  W5
    L45 Y5  Y5  Y5  Y5              L45 L45 U5  Q5  Q5              N15 V25 U5  Q5  J15             Z5  Z5  T5  V15 V15             S25 S25 T5  T5  T5              X5  S25 T5  W5  J25
        I5  P5  Y5  J15 J15             I5  P5  P5  J15 L5              I5  P5  P5  J15 L5              I5  V5  V5  V5  L5              I5  V5  J25 L5  L5              S25 V5  J25 J25 J25

solution 4 (87,614 searches):
0,5,0 0,6,0 0,6,1 1,5,0 1,5,1 A5
2,0,0 2,0,1 2,0,2 2,0,3 2,0,4 I5
0,4,4 0,5,3 0,5,4 0,5,5 0,6,5 F5
0,5,2 0,6,2 0,6,3 0,6,4 1,5,2 J45
5,0,0 5,0,1 5,0,2 5,1,2 6,0,0 J15
5,0,4 6,0,1 6,0,2 6,0,3 6,0,4 L5
4,0,4 4,0,5 5,0,5 5,1,5 6,0,5 J25
0,4,1 0,4,2 0,4,3 0,5,1 1,4,1 J35
0,3,0 0,3,1 0,3,2 0,4,0 1,3,2 L15
1,2,0 1,3,0 1,3,1 1,4,0 2,2,0 L25
0,2,0 0,2,1 1,1,2 1,2,1 1,2,2 N15
0,2,2 0,2,3 0,2,4 0,3,4 1,2,4 L35
1,1,0 1,1,1 2,1,1 2,2,1 2,3,1 L45
2,3,2 2,3,3 2,4,0 2,4,1 2,4,2 N5
2,3,0 3,2,0 3,3,0 3,3,1 4,2,0 N25
0,3,3 1,3,3 1,3,4 2,2,4 2,3,4 S15
1,4,2 1,4,3 1,5,3 2,4,3 2,4,4 S25
1,4,4 1,4,5 1,5,4 1,5,5 2,4,5 Q5
0,2,5 0,3,5 0,4,5 1,2,5 1,3,5 P5
2,1,0 3,1,0 4,0,0 4,1,0 5,1,0 Y5
3,0,0 3,0,1 3,0,2 3,1,1 3,2,1 T5
4,0,1 4,1,1 4,1,2 4,2,1 5,1,1 T15
4,0,2 4,0,3 4,1,3 4,2,2 4,2,3 U5
4,1,4 4,2,4 5,0,3 5,1,3 5,1,4 V15
2,3,5 3,2,5 3,3,5 4,1,5 4,2,5 W5
3,0,4 3,0,5 3,1,4 3,2,3 3,2,4 Z5
3,1,2 3,2,2 3,3,2 3,3,3 3,3,4 V5
1,1,3 1,1,4 1,2,3 2,2,2 2,2,3 V25
2,1,2 2,1,3 2,1,4 3,0,3 3,1,3 T25
1,1,5 2,0,5 2,1,5 2,2,5 3,1,5 X5

A5                              A5                              J45                             J45                             J45                             F5
A5  A5                          J35 A5                          J45 J45                         F5  S25                         F5  Q5                          F5  Q5
L15 L25 N5                      J35 J35 N5                      J35 S25 N5                      J35 S25 S25                     F5  Q5  S25                     P5  Q5  Q5
L15 L25 N25 N25                 L15 L25 L45 N25                 L15 L15 N5  V5                  S15 S15 N5  V5                  L35 S15 S15 V5                  P5  P5  W5  W5
N15 L25 L25 N25 N25             N15 N15 L45 T5  T15             L35 N15 V25 V5  U5              L35 V25 V25 Z5  U5              L35 L35 S15 Z5  V15             P5  P5  X5  W5  W5
    L45 Y5  Y5  Y5  Y5              L45 L45 T5  T15 T15             N15 T25 V5  T15 J15             V25 T25 T25 U5  V15             V25 T25 Z5  V15 V15             X5  X5  X5  W5  J25
        I5  T5  Y5  J15 J15             I5  T5  T15 J15 L5              I5  T5  U5  J15 L5              I5  T25 U5  V15 L5              I5  Z5  J25 L5  L5              X5  Z5  J25 J25 J25

solution 5 (87,640 searches):
0,5,0 0,6,0 0,6,1 1,5,0 1,5,1 A5
2,0,0 2,0,1 2,0,2 2,0,3 2,0,4 I5
0,4,4 0,5,3 0,5,4 0,5,5 0,6,5 F5
0,5,2 0,6,2 0,6,3 0,6,4 1,5,2 J45
5,0,0 5,0,1 5,0,2 5,1,2 6,0,0 J15
5,0,4 6,0,1 6,0,2 6,0,3 6,0,4 L5
4,0,4 4,0,5 5,0,5 5,1,5 6,0,5 J25
0,4,1 0,4,2 0,4,3 0,5,1 1,4,1 J35
0,3,0 0,3,1 0,3,2 0,4,0 1,3,2 L15
1,2,0 1,3,0 1,3,1 1,4,0 2,2,0 L25
0,2,0 0,2,1 1,1,2 1,2,1 1,2,2 N15
0,2,2 0,2,3 0,2,4 0,3,4 1,2,4 L35
1,1,0 1,1,1 2,1,1 2,2,1 2,3,1 L45
2,3,2 2,3,3 2,4,0 2,4,1 2,4,2 N5
2,3,0 3,2,0 3,3,0 3,3,1 4,2,0 N25
0,3,3 1,3,3 1,3,4 2,2,4 2,3,4 S15
1,4,2 1,4,3 1,5,3 2,4,3 2,4,4 S25
1,4,4 1,4,5 1,5,4 1,5,5 2,4,5 Q5
0,2,5 0,3,5 0,4,5 1,2,5 1,3,5 P5
2,1,0 3,1,0 4,0,0 4,1,0 5,1,0 Y5
3,0,0 3,0,1 3,0,2 3,1,1 3,2,1 T5
4,0,1 4,1,1 4,1,2 4,2,1 5,1,1 T15
4,0,2 4,0,3 5,0,3 5,1,3 5,1,4 V25
2,3,5 3,2,5 3,3,5 4,1,5 4,2,5 W5
1,1,4 1,1,5 2,0,5 2,1,5 2,2,5 T25
1,1,3 1,2,3 2,2,3 3,2,3 3,3,3 Z5
2,2,2 3,1,2 3,2,2 3,3,2 4,2,2 X5
2,1,2 2,1,3 2,1,4 3,1,4 4,1,4 V5
3,0,3 3,0,4 3,0,5 3,1,3 3,1,5 U5
3,2,4 3,3,4 4,1,3 4,2,3 4,2,4 V15

A5                              A5                              J45                             J45                             J45                             F5
A5  A5                          J35 A5                          J45 J45                         F5  S25                         F5  Q5                          F5  Q5
L15 L25 N5                      J35 J35 N5                      J35 S25 N5                      J35 S25 S25                     F5  Q5  S25                     P5  Q5  Q5
L15 L25 N25 N25                 L15 L25 L45 N25                 L15 L15 N5  X5                  S15 S15 N5  Z5                  L35 S15 S15 V15                 P5  P5  W5  W5
N15 L25 L25 N25 N25             N15 N15 L45 T5  T15             L35 N15 X5  X5  X5              L35 Z5  Z5  Z5  V15             L35 L35 S15 V15 V15             P5  P5  T25 W5  W5
    L45 Y5  Y5  Y5  Y5              L45 L45 T5  T15 T15             N15 V5  X5  T15 J15             Z5  V5  U5  V15 V25             T25 V5  V5  V5  V25             T25 T25 U5  W5  J25
        I5  T5  Y5  J15 J15             I5  T5  T15 J15 L5              I5  T5  V25 J15 L5              I5  U5  V25 V25 L5              I5  U5  J25 L5  L5              T25 U5  J25 J25 J25

solution 6 (92,218 searches):
0,5,0 0,6,0 0,6,1 1,5,0 1,5,1 A5
2,0,0 2,0,1 2,0,2 2,0,3 2,0,4 I5
0,4,4 0,5,3 0,5,4 0,5,5 0,6,5 F5
0,5,2 0,6,2 0,6,3 0,6,4 1,5,2 J45
5,0,0 5,0,1 5,0,2 5,1,2 6,0,0 J15
5,0,4 6,0,1 6,0,2 6,0,3 6,0,4 L5
4,0,4 4,0,5 5,0,5 5,1,5 6,0,5 J25
0,4,1 0,4,2 0,4,3 0,5,1 1,4,1 J35
0,3,0 0,3,1 0,3,2 0,4,0 1,3,2 L15
1,2,0 1,3,0 1,3,1 1,4,0 2,2,0 L25
0,2,0 0,2,1 1,1,2 1,2,1 1,2,2 N15
0,2,2 0,2,3 0,2,4 0,3,4 1,2,4 L35
1,1,0 1,1,1 2,1,1 2,2,1 2,3,1 L45
2,3,2 2,3,3 2,4,0 2,4,1 2,4,2 N5
2,3,0 3,2,0 3,3,0 3,3,1 4,2,0 N25
0,3,3 1,3,3 1,3,4 2,2,4 2,3,4 S15
1,4,2 1,4,3 1,5,3 2,4,3 2,4,4 S25
0,4,5 1,4,4 1,4,5 1,5,4 1,5,5 Q5
0,2,5 0,3,5 1,1,5 1,2,5 1,3,5 P5
2,3,5 2,4,5 3,2,4 3,3,4 3,3,5 V15
2,1,0 3,1,0 4,0,0 4,1,0 5,1,0 Y5
3,0,0 3,0,1 3,0,2 3,1,1 3,2,1 T5
4,0,1 4,1,1 4,1,2 4,2,1 5,1,1 T15
4,0,2 4,0,3 5,0,3 5,1,3 5,1,4 V25
2,2,2 3,1,2 3,2,2 3,3,2 4,2,2 X5
1,1,3 1,2,3 2,2,3 3,2,3 3,3,3 Z5
1,1,4 2,0,5 2,1,4 2,1,5 2,2,5 T25
2,1,2 2,1,3 3,1,3 3,1,4 4,1,4 W5
4,1,3 4,1,5 4,2,3 4,2,4 4,2,5 U5
3,0,3 3,0,4 3,0,5 3,1,5 3,2,5 V5

A5                              A5                              J45                             J45                             J45                             F5
A5  A5                          J35 A5                          J45 J45                         F5  S25                         F5  Q5                          F5  Q5
L15 L25 N5                      J35 J35 N5                      J35 S25 N5                      J35 S25 S25                     F5  Q5  S25                     Q5  Q5  V15
L15 L25 N25 N25                 L15 L25 L45 N25                 L15 L15 N5  X5                  S15 S15 N5  Z5                  L35 S15 S15 V15                 P5  P5  V15 V15
N15 L25 L25 N25 N25             N15 N15 L45 T5  T15             L35 N15 X5  X5  X5              L35 Z5  Z5  Z5  U5              L35 L35 S15 V15 U5              P5  P5  T25 V5  U5
    L45 Y5  Y5  Y5  Y5              L45 L45 T5  T15 T15             N15 W5  X5  T15 J15             Z5  W5  W5  U5  V25             T25 T25 W5  W5  V25             P5  T25 V5  U5  J25
        I5  T5  Y5  J15 J15             I5  T5  T15 J15 L5              I5  T5  V25 J15 L5              I5  V5  V25 V25 L5              I5  V5  J25 L5  L5              T25 V5  J25 J25 J25

solution 7 (113,564 searches):
0,5,0 0,6,0 0,6,1 1,5,0 1,5,1 A5
2,0,0 2,0,1 2,0,2 2,0,3 2,0,4 I5
0,4,4 0,5,3 0,5,4 0,5,5 0,6,5 F5
0,5,2 0,6,2 0,6,3 0,6,4 1,5,2 J45
5,0,0 5,0,1 5,0,2 5,1,2 6,0,0 J15
5,0,4 6,0,1 6,0,2 6,0,3 6,0,4 L5
4,0,4 4,0,5 5,0,5 5,1,5 6,0,5 J25
0,4,1 0,4,2 0,4,3 0,5,1 1,4,1 J35
0,3,0 0,3,1 0,3,2 0,4,0 1,3,2 L15
1,2,0 1,3,0 1,3,1 1,4,0 2,2,0 L25
0,2,0 0,2,1 1,1,2 1,2,1 1,2,2 N15
0,2,2 0,2,3 0,2,4 0,3,4 1,2,4 L35
1,1,0 1,1,1 2,1,1 2,2,1 2,3,1 L45
2,3,2 2,3,3 2,4,0 2,4,1 2,4,2 N5
2,3,0 3,2,0 3,3,0 3,3,1 4,2,0 N25
0,3,3 1,2,3 1,3,3 2,2,2 2,2,3 S15
1,4,2 1,4,3 1,5,3 2,4,3 2,4,4 S25
1,3,4 1,3,5 1,4,4 1,5,4 1,5,5 U5
0,2,5 0,3,5 0,4,5 1,4,5 2,4,5 V5
2,1,0 3,0,0 3,0,1 3,1,0 4,0,1 V15
4,0,0 4,1,0 4,1,1 5,1,0 5,1,1 Q5
3,2,1 3,2,2 4,2,1 4,2,2 4,2,3 P5
3,2,3 3,3,2 3,3,3 3,3,4 3,3,5 Y5
2,1,2 3,0,2 3,1,1 3,1,2 4,1,2 T15
4,0,2 4,0,3 5,0,3 5,1,3 5,1,4 V25
1,2,5 2,1,5 2,2,5 2,3,5 3,2,5 X5
2,0,5 3,0,5 3,1,5 4,1,5 4,2,5 W5
2,2,4 2,3,4 3,2,4 4,1,4 4,2,4 Z5
1,1,3 1,1,4 1,1,5 2,1,4 3,1,4 T5
2,1,3 3,0,3 3,0,4 3,1,3 4,1,3 T25

A5                              A5                              J45                             J45                             J45                             F5
A5  A5                          J35 A5                          J45 J45                         F5  S25                         F5  U5                          F5  U5
L15 L25 N5                      J35 J35 N5                      J35 S25 N5                      J35 S25 S25                     F5  U5  S25                     V5  V5  V5
L15 L25 N25 N25                 L15 L25 L45 N25                 L15 L15 N5  Y5                  S15 S15 N5  Y5                  L35 U5  Z5  Y5                  V5  U5  X5  Y5
N15 L25 L25 N25 N25             N15 N15 L45 P5  P5              L35 N15 S15 P5  P5              L35 S15 S15 Y5  P5              L35 L35 Z5  Z5  Z5              V5  X5  X5  X5  W5
    L45 V15 V15 Q5  Q5              L45 L45 T15 Q5  Q5              N15 T15 T15 T15 J15             T5  T25 T25 T25 V25             T5  T5  T5  Z5  V25             T5  X5  W5  W5  J25
        I5  V15 Q5  J15 J15             I5  V15 V15 J15 L5              I5  T15 V25 J15 L5              I5  T25 V25 V25 L5              I5  T25 J25 L5  L5              W5  W5  J25 J25 J25

solution 8 (151,132 searches):
0,5,0 0,6,0 0,6,1 1,5,0 1,5,1 A5
2,0,0 2,0,1 2,0,2 2,0,3 2,0,4 I5
0,4,4 0,5,3 0,5,4 0,5,5 0,6,5 F5
0,5,2 0,6,2 0,6,3 0,6,4 1,5,2 J45
5,0,0 5,0,1 5,0,2 5,1,2 6,0,0 J15
5,0,4 6,0,1 6,0,2 6,0,3 6,0,4 L5
4,0,4 4,0,5 5,0,5 5,1,5 6,0,5 J25
0,4,1 0,4,2 0,4,3 0,5,1 1,4,1 J35
0,3,0 0,3,1 0,3,2 0,4,0 1,3,2 L15
1,2,0 1,3,0 1,3,1 1,4,0 2,2,0 L25
0,2,0 0,2,1 1,1,2 1,2,1 1,2,2 N15
0,2,2 0,2,3 0,2,4 0,3,4 1,2,4 L35
1,1,0 1,1,1 2,1,1 2,2,1 2,3,1 L45
2,3,2 2,3,3 2,4,0 2,4,1 2,4,2 N5
2,3,0 3,2,0 3,3,0 3,3,1 4,2,0 N25
0,3,3 0,3,5 1,3,3 1,3,4 1,3,5 U5
1,4,2 1,4,3 1,4,4 1,5,3 2,4,3 T15
0,4,5 1,4,5 1,5,4 1,5,5 2,4,5 T25
0,2,5 1,2,5 2,1,5 2,2,5 2,3,5 T5
1,1,3 1,1,4 1,1,5 2,1,3 3,1,3 V5
2,0,5 3,0,5 3,1,5 3,2,5 4,2,5 Z5
2,3,4 2,4,4 3,2,4 3,3,4 3,3,5 S25
2,1,4 3,0,3 3,0,4 3,1,4 4,0,3 V25
1,2,3 2,2,2 2,2,3 2,2,4 3,2,3 X5
3,1,1 3,2,1 3,2,2 3,3,2 3,3,3 W5
2,1,2 3,0,2 3,1,2 4,0,2 4,1,2 P5
4,1,4 4,1,5 5,0,3 5,1,3 5,1,4 S15
4,1,3 4,2,1 4,2,2 4,2,3 4,2,4 Y5
2,1,0 3,0,0 3,0,1 3,1,0 4,0,1 V15
4,0,0 4,1,0 4,1,1 5,1,0 5,1,1 Q5

A5                              A5                              J45                             J45                             J45                             F5
A5  A5                          J35 A5                          J45 J45                         F5  T15                         F5  T25                         F5  T25
L15 L25 N5                      J35 J35 N5                      J35 T15 N5                      J35 T15 T15                     F5  T15 S25                     T25 T25 T25
L15 L25 N25 N25                 L15 L25 L45 N25                 L15 L15 N5  W5                  U5  U5  N5  W5                  L35 U5  S25 S25                 U5  U5  T5  S25
N15 L25 L25 N25 N25             N15 N15 L45 W5  Y5              L35 N15 X5  W5  Y5              L35 X5  X5  X5  Y5              L35 L35 X5  S25 Y5              T5  T5  T5  Z5  Z5
    L45 V15 V15 Q5  Q5              L45 L45 W5  Q5  Q5              N15 P5  P5  P5  J15             V5  V5  V5  Y5  S15             V5  V25 V25 S15 S15             V5  T5  Z5  S15 J25
        I5  V15 Q5  J15 J15             I5  V15 V15 J15 L5              I5  P5  P5  J15 L5              I5  V25 V25 S15 L5              I5  V25 J25 L5  L5              Z5  Z5  J25 J25 J25

solution 9 (153,724 searches):
0,5,0 0,6,0 0,6,1 1,5,0 1,5,1 A5
2,0,0 2,0,1 2,0,2 2,0,3 2,0,4 I5
0,4,4 0,5,3 0,5,4 0,5,5 0,6,5 F5
0,5,2 0,6,2 0,6,3 0,6,4 1,5,2 J45
5,0,0 5,0,1 5,0,2 5,1,2 6,0,0 J15
5,0,4 6,0,1 6,0,2 6,0,3 6,0,4 L5
4,0,4 4,0,5 5,0,5 5,1,5 6,0,5 J25
0,4,1 0,4,2 0,4,3 0,5,1 1,4,1 J35
0,3,0 0,3,1 0,3,2 0,4,0 1,3,2 L15
1,2,0 1,3,0 1,3,1 1,4,0 2,2,0 L25
0,2,0 0,2,1 1,1,2 1,2,1 1,2,2 N15
0,2,2 0,2,3 0,2,4 0,3,4 1,2,4 L35
1,1,0 1,1,1 2,1,1 2,2,1 2,3,1 L45
2,3,2 2,3,3 2,4,0 2,4,1 2,4,2 N5
2,3,0 3,2,0 3,3,0 3,3,1 4,2,0 N25
0,3,3 0,3,5 1,3,3 1,3,4 1,3,5 U5
1,4,2 1,4,3 1,4,4 1,5,3 2,4,3 T15
0,4,5 1,4,5 1,5,4 1,5,5 2,4,5 T25
0,2,5 1,1,4 1,1,5 1,2,5 2,1,4 V25
2,3,4 2,4,4 3,2,4 3,3,4 3,3,5 S25
2,1,5 2,2,5 2,3,5 3,2,5 4,2,5 T5
2,0,5 3,0,3 3,0,4 3,0,5 4,0,3 Z5
4,1,4 4,1,5 5,0,3 5,1,3 5,1,4 S15
1,1,3 2,1,3 3,1,3 3,1,4 3,1,5 V5
1,2,3 2,2,2 2,2,3 2,2,4 3,2,3 X5
3,1,1 3,2,1 3,2,2 3,3,2 3,3,3 W5
2,1,2 3,0,2 3,1,2 4,0,2 4,1,2 P5
4,1,3 4,2,1 4,2,2 4,2,3 4,2,4 Y5
2,1,0 3,0,0 3,0,1 3,1,0 4,0,1 V15
4,0,0 4,1,0 4,1,1 5,1,0 5,1,1 Q5

A5                              A5                              J45                             J45                             J45                             F5
A5  A5                          J35 A5                          J45 J45                         F5  T15                         F5  T25                         F5  T25
L15 L25 N5                      J35 J35 N5                      J35 T15 N5                      J35 T15 T15                     F5  T15 S25                     T25 T25 T25
L15 L25 N25 N25                 L15 L25 L45 N25                 L15 L15 N5  W5                  U5  U5  N5  W5                  L35 U5  S25 S25                 U5  U5  T5  S25
N15 L25 L25 N25 N25             N15 N15 L45 W5  Y5              L35 N15 X5  W5  Y5              L35 X5  X5  X5  Y5              L35 L35 X5  S25 Y5              V25 V25 T5  T5  T5
    L45 V15 V15 Q5  Q5              L45 L45 W5  Q5  Q5              N15 P5  P5  P5  J15             V5  V5  V5  Y5  S15             V25 V25 V5  S15 S15             V25 T5  V5  S15 J25
        I5  V15 Q5  J15 J15             I5  V15 V15 J15 L5              I5  P5  P5  J15 L5              I5  Z5  Z5  S15 L5              I5  Z5  J25 L5  L5              Z5  Z5  J25 J25 J25

solution 10 (225,639 searches):
0,5,0 0,6,0 0,6,1 1,5,0 1,5,1 A5
2,0,0 2,0,1 2,0,2 2,0,3 2,0,4 I5
0,4,4 0,5,3 0,5,4 0,5,5 0,6,5 F5
0,5,2 0,6,2 0,6,3 0,6,4 1,5,2 J45
5,0,0 5,0,1 5,0,2 5,1,2 6,0,0 J15
5,0,4 6,0,1 6,0,2 6,0,3 6,0,4 L5
4,0,4 4,0,5 5,0,5 5,1,5 6,0,5 J25
0,4,1 0,4,2 0,4,3 0,5,1 1,4,1 J35
0,3,0 0,3,1 0,3,2 0,4,0 1,3,2 L15
1,2,0 1,3,0 1,3,1 1,4,0 2,2,0 L25
0,2,0 0,2,1 1,1,2 1,2,1 1,2,2 N15
0,2,2 0,2,3 0,2,4 0,3,4 1,2,4 L35
1,1,0 1,1,1 2,1,1 2,2,1 2,3,1 L45
2,3,2 2,3,3 2,4,0 2,4,1 2,4,2 N5
2,3,0 3,2,0 3,3,0 3,3,1 4,2,0 N25
0,3,3 1,1,3 1,2,3 1,3,3 2,1,3 Z5
1,4,2 1,4,3 1,5,3 2,4,3 2,4,4 S25
1,3,4 1,3,5 1,4,4 1,5,4 1,5,5 U5
0,2,5 0,3,5 0,4,5 1,4,5 2,4,5 V5
2,1,0 3,0,0 3,1,0 4,0,0 4,1,0 P5
4,0,1 4,0,2 4,1,1 5,1,0 5,1,1 V25
2,1,2 3,0,1 3,1,1 3,1,2 3,2,1 T25
3,0,2 3,0,3 3,0,4 4,0,3 5,0,3 T5
3,2,2 4,1,2 4,2,1 4,2,2 4,2,3 T15
2,3,4 3,3,2 3,3,3 3,3,4 3,3,5 Y5
2,2,2 2,2,3 3,1,3 3,1,4 3,2,3 V15
4,1,3 4,1,4 4,2,4 5,1,3 5,1,4 Q5
1,2,5 2,1,5 2,2,5 2,3,5 3,2,5 X5
1,1,4 1,1,5 2,1,4 2,2,4 3,2,4 S15
2,0,5 3,0,5 3,1,5 4,1,5 4,2,5 W5

A5                              A5                              J45                             J45                             J45                             F5
A5  A5                          J35 A5                          J45 J45                         F5  S25                         F5  U5                          F5  U5
L15 L25 N5                      J35 J35 N5                      J35 S25 N5                      J35 S25 S25                     F5  U5  S25                     V5  V5  V5
L15 L25 N25 N25                 L15 L25 L45 N25                 L15 L15 N5  Y5                  Z5  Z5  N5  Y5                  L35 U5  Y5  Y5                  V5  U5  X5  Y5
N15 L25 L25 N25 N25             N15 N15 L45 T25 T15             L35 N15 V15 T15 T15             L35 Z5  V15 V15 T15             L35 L35 S15 S15 Q5              V5  X5  X5  X5  W5
    L45 P5  P5  P5  V25             L45 L45 T25 V25 V25             N15 T25 T25 T15 J15             Z5  Z5  V15 Q5  Q5              S15 S15 V15 Q5  Q5              S15 X5  W5  W5  J25
        I5  P5  P5  J15 J15             I5  T25 V25 J15 L5              I5  T5  V25 J15 L5              I5  T5  T5  T5  L5              I5  T5  J25 L5  L5              W5  W5  J25 J25 J25

User-requested solution limit reached.
10 solutions, 225,639 searches, duration 0:03:46.443317
