solving Pentacubes11x11x5Pyramid:

solution 1:
01,01,0 01,02,0 02,02,0 02,03,0 03,02,0 F
02,01,0 03,01,0 04,01,0 05,01,0 05,02,0 L
03,00,0 04,00,0 05,00,0 06,00,0 07,00,0 I
00,03,0 00,04,0 00,05,0 01,05,0 01,06,0 N
00,06,0 00,07,0 01,07,0 02,06,0 02,07,0 U
01,03,0 01,04,0 02,04,0 03,04,0 03,04,1 L1
01,08,0 01,09,0 02,08,0 02,09,0 03,09,0 P
03,10,0 04,08,0 04,09,0 04,10,0 05,10,0 T
06,01,0 07,01,0 07,02,0 08,01,0 09,01,0 Y
08,02,0 09,02,0 09,03,0 10,03,0 10,04,0 W
07,09,0 07,10,0 08,09,0 09,08,0 09,09,0 Z
08,07,0 09,07,0 10,05,0 10,06,0 10,07,0 V
05,08,0 05,08,1 05,09,0 06,09,0 06,10,0 N1
07,06,0 07,06,1 07,07,0 07,08,0 08,08,0 J1
08,05,0 08,05,1 08,06,0 09,05,0 09,06,0 Q
07,04,0 07,04,1 08,03,0 08,04,0 09,04,0 J2
03,07,0 03,08,0 04,06,1 04,07,0 04,07,1 V2
05,07,0 05,07,1 05,07,2 06,07,0 06,08,0 J4
02,05,0 03,05,0 04,05,0 04,05,1 04,06,0 L3
02,05,1 03,05,1 03,05,2 03,06,0 03,06,1 N2
06,02,0 06,03,0 06,03,1 06,04,1 07,03,0 S2
03,03,0 04,02,0 04,03,0 04,04,0 05,03,0 X
04,03,1 04,04,1 04,04,2 05,02,1 05,03,1 S1
04,05,2 05,03,2 05,04,2 05,04,3 05,05,2 L2
04,05,3 05,05,3 05,05,4 05,06,3 06,05,3 T1
04,06,2 05,05,1 05,06,1 05,06,2 06,06,2 T2
06,04,2 06,05,2 07,05,0 07,05,1 07,05,2 L4
05,04,0 05,04,1 06,04,0 06,05,0 06,05,1 A
05,05,0 05,06,0 06,06,0 06,06,1 06,07,1 V1

         T  T  T  N1 Z
   P  P  P  T  N1 N1 Z  Z  Z
   P  P  V2 T  N1 J4 J1 J1 Z                        N1
U  U  U  V2 V2 J4 J4 J1 V  V  V                  V2 J4 V1                                J4
U  N  U  N2 L3 V1 V1 J1 Q  Q  V               N2 V2 T2 V1 J1                          T2 T2 T2                                T1
N  N  L3 L3 L3 V1 A  L4 Q  Q  V            N2 N2 L3 T2 A  L4 Q                     N2 L2 L2 L4 L4                          T1 T1 T1                                T1
N  L1 L1 L1 X  A  A  J2 J2 J2 W               L1 S1 A  S2 J2                          S1 L2 L4                                L2
N  L1 F  X  X  X  S2 S2 J2 W  W                  S1 S1 S2                                L2
   F  F  F  X  L  S2 Y  W  W                        S1
   F  L  L  L  L  Y  Y  Y  Y
         I  I  I  I  I

solution 2:
01,01,0 01,02,0 02,02,0 02,03,0 03,02,0 F
02,01,0 03,01,0 04,01,0 05,01,0 05,02,0 L
03,00,0 04,00,0 05,00,0 06,00,0 07,00,0 I
00,03,0 00,04,0 00,05,0 01,05,0 01,06,0 N
00,06,0 00,07,0 01,07,0 02,06,0 02,07,0 U
01,03,0 01,04,0 02,04,0 03,04,0 03,04,1 L1
01,08,0 01,09,0 02,08,0 02,09,0 03,09,0 P
03,10,0 04,08,0 04,09,0 04,10,0 05,10,0 T
06,01,0 07,01,0 07,02,0 08,01,0 09,01,0 Y
08,02,0 09,02,0 09,03,0 10,03,0 10,04,0 W
07,09,0 07,10,0 08,09,0 09,08,0 09,09,0 Z
08,07,0 09,07,0 10,05,0 10,06,0 10,07,0 V
05,08,0 05,08,1 05,09,0 06,09,0 06,10,0 N1
07,06,0 07,06,1 07,07,0 07,08,0 08,08,0 J1
08,05,0 08,05,1 08,06,0 09,05,0 09,06,0 Q
07,04,0 07,04,1 08,03,0 08,04,0 09,04,0 J2
03,07,0 03,08,0 04,06,1 04,07,0 04,07,1 V2
05,06,0 05,06,1 06,06,0 06,07,0 06,08,0 J4
05,07,0 05,07,1 05,07,2 06,06,1 06,07,1 T2
02,05,0 02,05,1 03,05,0 03,06,0 04,06,0 S1
03,05,1 03,05,2 03,06,1 04,05,2 04,06,2 A
06,02,0 06,03,0 06,03,1 06,04,1 07,03,0 S2
06,04,2 06,05,2 07,05,0 07,05,1 07,05,2 L4
05,05,1 05,05,2 05,06,2 05,06,3 06,06,2 N2
04,05,3 05,04,3 05,05,3 05,05,4 06,05,3 T1
04,05,0 05,05,0 06,04,0 06,05,0 06,05,1 L3
03,03,0 04,02,0 04,03,0 04,04,0 05,03,0 X
04,04,1 04,04,2 04,05,1 05,03,2 05,04,2 V1
04,03,1 05,02,1 05,03,1 05,04,0 05,04,1 L2

         T  T  T  N1 Z
   P  P  P  T  N1 N1 Z  Z  Z
   P  P  V2 T  N1 J4 J1 J1 Z                        N1
U  U  U  V2 V2 T2 J4 J1 V  V  V                  V2 T2 T2                                T2
U  N  U  S1 S1 J4 J4 J1 Q  Q  V               A  V2 J4 T2 J1                          A  N2 N2                                N2
N  N  S1 S1 L3 L3 L3 L4 Q  Q  V            S1 A  V1 N2 L3 L4 Q                     A  A  N2 L4 L4                          T1 T1 T1                                T1
N  L1 L1 L1 X  L2 L3 J2 J2 J2 W               L1 V1 L2 S2 J2                          V1 V1 L4                                T1
N  L1 F  X  X  X  S2 S2 J2 W  W                  L2 L2 S2                                V1
   F  F  F  X  L  S2 Y  W  W                        L2
   F  L  L  L  L  Y  Y  Y  Y
         I  I  I  I  I

solution 3:
01,01,0 01,02,0 02,02,0 02,03,0 03,02,0 F
02,01,0 03,01,0 04,01,0 05,01,0 05,02,0 L
03,00,0 04,00,0 05,00,0 06,00,0 07,00,0 I
00,03,0 00,04,0 00,05,0 01,05,0 01,06,0 N
00,06,0 00,07,0 01,07,0 02,06,0 02,07,0 U
01,03,0 01,04,0 02,04,0 03,04,0 03,04,1 L1
01,08,0 01,09,0 02,08,0 02,09,0 03,09,0 P
03,10,0 04,08,0 04,09,0 04,10,0 05,10,0 T
06,01,0 07,01,0 07,02,0 08,01,0 09,01,0 Y
08,02,0 09,02,0 09,03,0 10,03,0 10,04,0 W
07,09,0 07,10,0 08,09,0 09,08,0 09,09,0 Z
08,07,0 09,07,0 10,05,0 10,06,0 10,07,0 V
05,08,0 05,08,1 05,09,0 06,09,0 06,10,0 N1
07,06,0 07,06,1 07,07,0 07,08,0 08,08,0 J1
08,05,0 08,05,1 08,06,0 09,05,0 09,06,0 Q
07,04,0 07,04,1 08,03,0 08,04,0 09,04,0 J2
03,07,0 03,08,0 04,06,1 04,07,0 04,07,1 V2
05,06,0 05,06,1 06,06,0 06,07,0 06,08,0 J4
05,07,0 05,07,1 05,07,2 06,06,1 06,07,1 T2
02,05,0 02,05,1 03,05,0 03,06,0 04,06,0 S1
03,05,1 03,05,2 03,06,1 04,05,2 04,06,2 A
06,02,0 06,03,0 06,03,1 06,04,1 07,03,0 S2
06,04,2 06,05,2 07,05,0 07,05,1 07,05,2 L4
04,05,1 05,05,1 05,05,2 05,06,2 06,06,2 V1
04,05,0 05,05,0 06,04,0 06,05,0 06,05,1 L3
03,03,0 04,02,0 04,03,0 04,04,0 05,03,0 X
04,05,3 05,05,3 05,05,4 05,06,3 06,05,3 T1
04,04,1 04,04,2 05,03,2 05,04,2 05,04,3 N2
04,03,1 05,02,1 05,03,1 05,04,0 05,04,1 L2

         T  T  T  N1 Z
   P  P  P  T  N1 N1 Z  Z  Z
   P  P  V2 T  N1 J4 J1 J1 Z                        N1
U  U  U  V2 V2 T2 J4 J1 V  V  V                  V2 T2 T2                                T2
U  N  U  S1 S1 J4 J4 J1 Q  Q  V               A  V2 J4 T2 J1                          A  V1 V1                                T1
N  N  S1 S1 L3 L3 L3 L4 Q  Q  V            S1 A  V1 V1 L3 L4 Q                     A  A  V1 L4 L4                          T1 T1 T1                                T1
N  L1 L1 L1 X  L2 L3 J2 J2 J2 W               L1 N2 L2 S2 J2                          N2 N2 L4                                N2
N  L1 F  X  X  X  S2 S2 J2 W  W                  L2 L2 S2                                N2
   F  F  F  X  L  S2 Y  W  W                        L2
   F  L  L  L  L  Y  Y  Y  Y
         I  I  I  I  I

solution 4:
01,01,0 01,02,0 02,02,0 02,03,0 03,02,0 F
02,01,0 03,01,0 04,01,0 05,01,0 05,02,0 L
03,00,0 04,00,0 05,00,0 06,00,0 07,00,0 I
00,03,0 00,04,0 00,05,0 01,05,0 01,06,0 N
00,06,0 00,07,0 01,07,0 02,06,0 02,07,0 U
01,03,0 01,04,0 02,04,0 03,04,0 03,04,1 L1
01,08,0 01,09,0 02,08,0 02,09,0 03,09,0 P
03,10,0 04,08,0 04,09,0 04,10,0 05,10,0 T
06,01,0 07,01,0 07,02,0 08,01,0 09,01,0 Y
08,02,0 09,02,0 09,03,0 10,03,0 10,04,0 W
07,09,0 07,10,0 08,09,0 09,08,0 09,09,0 Z
08,07,0 09,07,0 10,05,0 10,06,0 10,07,0 V
05,08,0 05,08,1 05,09,0 06,09,0 06,10,0 N1
07,06,0 07,06,1 07,07,0 07,08,0 08,08,0 J1
08,05,0 08,05,1 08,06,0 09,05,0 09,06,0 Q
07,04,0 07,04,1 08,03,0 08,04,0 09,04,0 J2
03,07,0 03,08,0 04,06,1 04,07,0 04,07,1 V2
05,07,0 06,06,0 06,06,1 06,07,0 06,08,0 L2
04,06,2 05,06,2 05,07,1 05,07,2 06,07,1 V1
02,05,0 03,05,0 04,05,0 04,05,1 04,06,0 L3
02,05,1 03,05,1 03,05,2 03,06,0 03,06,1 N2
03,03,0 04,02,0 04,03,0 04,04,0 05,03,0 X
06,02,0 06,03,0 06,03,1 06,04,1 07,03,0 S2
04,03,1 04,04,1 04,04,2 05,02,1 05,03,1 S1
05,05,0 05,06,0 05,06,1 06,05,0 07,05,0 J4
05,04,0 05,04,1 05,05,1 06,04,0 06,05,1 A
06,04,2 06,05,2 06,06,2 07,05,1 07,05,2 T2
04,05,2 04,05,3 05,03,2 05,04,2 05,05,2 L4
05,04,3 05,05,3 05,05,4 05,06,3 06,05,3 T1

         T  T  T  N1 Z
   P  P  P  T  N1 N1 Z  Z  Z
   P  P  V2 T  N1 L2 J1 J1 Z                        N1
U  U  U  V2 V2 L2 L2 J1 V  V  V                  V2 V1 V1                                V1
U  N  U  N2 L3 J4 L2 J1 Q  Q  V               N2 V2 J4 L2 J1                          V1 V1 T2                                T1
N  N  L3 L3 L3 J4 J4 J4 Q  Q  V            N2 N2 L3 A  A  T2 Q                     N2 L4 L4 T2 T2                          L4 T1 T1                                T1
N  L1 L1 L1 X  A  A  J2 J2 J2 W               L1 S1 A  S2 J2                          S1 L4 T2                                T1
N  L1 F  X  X  X  S2 S2 J2 W  W                  S1 S1 S2                                L4
   F  F  F  X  L  S2 Y  W  W                        S1
   F  L  L  L  L  Y  Y  Y  Y
         I  I  I  I  I

solution 5:
01,01,0 01,02,0 02,02,0 02,03,0 03,02,0 F
02,01,0 03,01,0 04,01,0 05,01,0 05,02,0 L
03,00,0 04,00,0 05,00,0 06,00,0 07,00,0 I
00,03,0 00,04,0 00,05,0 01,05,0 01,06,0 N
00,06,0 00,07,0 01,07,0 02,06,0 02,07,0 U
01,03,0 01,04,0 02,04,0 03,04,0 03,04,1 L1
01,08,0 01,09,0 02,08,0 02,09,0 03,09,0 P
03,10,0 04,08,0 04,09,0 04,10,0 05,10,0 T
06,01,0 07,01,0 07,02,0 08,01,0 09,01,0 Y
08,02,0 09,02,0 09,03,0 10,03,0 10,04,0 W
07,09,0 07,10,0 08,09,0 09,08,0 09,09,0 Z
08,07,0 09,07,0 10,05,0 10,06,0 10,07,0 V
05,08,0 05,08,1 05,09,0 06,09,0 06,10,0 N1
07,06,0 07,06,1 07,07,0 07,08,0 08,08,0 J1
08,05,0 08,05,1 08,06,0 09,05,0 09,06,0 Q
07,04,0 07,05,0 07,05,1 08,04,0 09,04,0 J4
06,02,0 06,03,0 06,03,1 07,03,0 08,03,0 L3
03,07,0 03,08,0 04,07,0 04,07,1 05,07,0 J2
05,07,1 06,06,0 06,07,0 06,07,1 06,08,0 T2
03,03,0 04,02,0 04,03,0 04,03,1 04,04,1 N2
05,02,1 05,03,0 05,03,1 05,03,2 05,04,1 X
02,05,0 02,05,1 03,05,0 03,06,0 04,05,0 L2
04,04,0 05,04,0 06,04,0 06,05,0 06,05,1 L4
05,04,2 05,05,2 06,04,1 06,04,2 07,04,1 S1
05,06,1 06,05,2 06,06,1 06,06,2 07,05,2 V2
04,06,1 04,06,2 05,06,2 05,06,3 05,07,2 S2
03,05,1 03,05,2 03,06,1 04,04,2 04,05,2 V1
04,05,1 04,06,0 05,05,0 05,05,1 05,06,0 A
04,05,3 05,04,3 05,05,3 05,05,4 06,05,3 T1

         T  T  T  N1 Z
   P  P  P  T  N1 N1 Z  Z  Z
   P  P  J2 T  N1 T2 J1 J1 Z                        N1
U  U  U  J2 J2 J2 T2 J1 V  V  V                  J2 T2 T2                                S2
U  N  U  L2 A  A  T2 J1 Q  Q  V               V1 S2 V2 V2 J1                          S2 S2 V2                                S2
N  N  L2 L2 L2 A  L4 J4 Q  Q  V            L2 V1 A  A  L4 J4 Q                     V1 V1 S1 V2 V2                          T1 T1 T1                                T1
N  L1 L1 L1 L4 L4 L4 J4 J4 J4 W               L1 N2 X  S1 S1                          V1 S1 S1                                T1
N  L1 F  N2 N2 X  L3 L3 L3 W  W                  N2 X  L3                                X
   F  F  F  N2 L  L3 Y  W  W                        X
   F  L  L  L  L  Y  Y  Y  Y
         I  I  I  I  I

solution 6:
01,01,0 01,02,0 02,02,0 02,03,0 03,02,0 F
02,01,0 03,01,0 04,01,0 05,01,0 05,02,0 L
03,00,0 04,00,0 05,00,0 06,00,0 07,00,0 I
00,03,0 00,04,0 00,05,0 01,05,0 01,06,0 N
00,06,0 00,07,0 01,07,0 02,06,0 02,07,0 U
01,03,0 01,04,0 02,04,0 03,04,0 03,04,1 L1
01,08,0 01,09,0 02,08,0 02,09,0 03,09,0 P
03,10,0 04,08,0 04,09,0 04,10,0 05,10,0 T
06,01,0 07,01,0 07,02,0 08,01,0 09,01,0 Y
08,02,0 09,02,0 09,03,0 10,03,0 10,04,0 W
07,09,0 07,10,0 08,09,0 09,08,0 09,09,0 Z
08,07,0 09,07,0 10,05,0 10,06,0 10,07,0 V
05,08,0 05,08,1 05,09,0 06,09,0 06,10,0 N1
07,06,0 07,06,1 07,07,0 07,08,0 08,08,0 J1
08,05,0 08,05,1 08,06,0 09,05,0 09,06,0 Q
07,04,0 07,05,0 07,05,1 08,04,0 09,04,0 J4
06,02,0 06,03,0 06,03,1 07,03,0 08,03,0 L3
03,07,0 03,08,0 04,07,0 04,07,1 05,07,0 J2
05,07,1 06,06,0 06,07,0 06,07,1 06,08,0 T2
03,03,0 04,02,0 04,03,0 04,03,1 05,03,0 T1
04,04,0 05,02,1 05,03,1 05,04,0 05,04,1 L4
02,05,0 02,05,1 03,05,0 03,06,0 03,06,1 A
05,05,0 06,04,0 06,04,1 06,05,0 07,04,1 V1
04,04,1 04,04,2 05,03,2 05,04,2 06,04,2 L2
05,04,3 05,05,2 05,05,3 05,05,4 05,06,3 X
06,05,2 06,05,3 06,06,1 06,06,2 07,05,2 S2
03,05,2 04,05,2 04,05,3 04,06,1 04,06,2 N2
05,05,1 05,06,1 05,06,2 05,07,2 06,05,1 S1
03,05,1 04,05,0 04,05,1 04,06,0 05,06,0 V2

         T  T  T  N1 Z
   P  P  P  T  N1 N1 Z  Z  Z
   P  P  J2 T  N1 T2 J1 J1 Z                        N1
U  U  U  J2 J2 J2 T2 J1 V  V  V                  J2 T2 T2                                S1
U  N  U  A  V2 V2 T2 J1 Q  Q  V               A  N2 S1 S2 J1                          N2 S1 S2                                X
N  N  A  A  V2 V1 V1 J4 Q  Q  V            A  V2 V2 S1 S1 J4 Q                     N2 N2 X  S2 S2                          N2 X  S2                                X
N  L1 L1 L1 L4 L4 V1 J4 J4 J4 W               L1 L2 L4 V1 V1                          L2 L2 L2                                X
N  L1 F  T1 T1 T1 L3 L3 L3 W  W                  T1 L4 L3                                L2
   F  F  F  T1 L  L3 Y  W  W                        L4
   F  L  L  L  L  Y  Y  Y  Y
         I  I  I  I  I

solution 7:
01,01,0 01,02,0 02,02,0 02,03,0 03,02,0 F
02,01,0 03,01,0 04,01,0 05,01,0 05,02,0 L
03,00,0 04,00,0 05,00,0 06,00,0 07,00,0 I
00,03,0 00,04,0 00,05,0 01,05,0 01,06,0 N
00,06,0 00,07,0 01,07,0 02,06,0 02,07,0 U
01,03,0 01,04,0 02,04,0 03,04,0 03,04,1 L1
01,08,0 01,09,0 02,08,0 02,09,0 03,09,0 P
03,10,0 04,08,0 04,09,0 04,10,0 05,10,0 T
06,01,0 07,01,0 07,02,0 08,01,0 09,01,0 Y
08,02,0 09,02,0 09,03,0 10,03,0 10,04,0 W
07,09,0 07,10,0 08,09,0 09,08,0 09,09,0 Z
08,07,0 09,07,0 10,05,0 10,06,0 10,07,0 V
05,08,0 05,08,1 05,09,0 06,09,0 06,10,0 N1
07,06,0 07,06,1 07,07,0 07,08,0 08,08,0 J1
08,05,0 08,05,1 08,06,0 09,05,0 09,06,0 Q
07,04,0 07,05,0 07,05,1 08,04,0 09,04,0 J4
06,02,0 06,03,0 06,03,1 07,03,0 08,03,0 L3
03,07,0 03,08,0 04,07,0 04,07,1 05,07,0 J2
05,07,1 06,06,0 06,07,0 06,07,1 06,08,0 T2
03,03,0 04,02,0 04,03,0 04,04,0 05,03,0 X
04,03,1 05,02,1 05,03,1 05,04,0 05,04,1 L2
02,05,0 02,05,1 03,05,1 03,05,2 03,06,1 S2
03,05,0 03,06,0 04,04,1 04,05,0 04,05,1 V2
06,04,1 06,04,2 06,05,2 07,04,1 07,05,2 A
05,05,1 05,06,1 06,04,0 06,05,0 06,05,1 V1
04,06,0 04,06,1 04,06,2 05,05,0 05,06,0 L4
05,06,2 05,06,3 05,07,2 06,06,1 06,06,2 N2
04,04,2 04,05,2 04,05,3 05,03,2 05,04,2 S1
05,04,3 05,05,2 05,05,3 05,05,4 06,05,3 T1

         T  T  T  N1 Z
   P  P  P  T  N1 N1 Z  Z  Z
   P  P  J2 T  N1 T2 J1 J1 Z                        N1
U  U  U  J2 J2 J2 T2 J1 V  V  V                  J2 T2 T2                                N2
U  N  U  V2 L4 L4 T2 J1 Q  Q  V               S2 L4 V1 N2 J1                          L4 N2 N2                                N2
N  N  S2 V2 V2 L4 V1 J4 Q  Q  V            S2 S2 V2 V1 V1 J4 Q                     S2 S1 T1 A  A                           S1 T1 T1                                T1
N  L1 L1 L1 X  L2 V1 J4 J4 J4 W               L1 V2 L2 A  A                           S1 S1 A                                 T1
N  L1 F  X  X  X  L3 L3 L3 W  W                  L2 L2 L3                                S1
   F  F  F  X  L  L3 Y  W  W                        L2
   F  L  L  L  L  Y  Y  Y  Y
         I  I  I  I  I

solution 8:
01,01,0 01,02,0 02,02,0 02,03,0 03,02,0 F
02,01,0 03,01,0 04,01,0 05,01,0 05,02,0 L
03,00,0 04,00,0 05,00,0 06,00,0 07,00,0 I
00,03,0 00,04,0 00,05,0 01,05,0 01,06,0 N
00,06,0 00,07,0 01,07,0 02,06,0 02,07,0 U
01,03,0 01,04,0 02,04,0 03,04,0 03,04,1 L1
01,08,0 01,09,0 02,08,0 02,09,0 03,09,0 P
03,10,0 04,08,0 04,09,0 04,10,0 05,10,0 T
06,01,0 07,01,0 07,02,0 08,01,0 09,01,0 Y
08,02,0 09,02,0 09,03,0 10,03,0 10,04,0 W
07,09,0 07,10,0 08,09,0 09,08,0 09,09,0 Z
08,07,0 09,07,0 10,05,0 10,06,0 10,07,0 V
05,08,0 05,08,1 05,09,0 06,09,0 06,10,0 N1
07,06,0 07,06,1 07,07,0 07,08,0 08,08,0 J1
08,05,0 08,05,1 08,06,0 09,05,0 09,06,0 Q
07,04,0 07,05,0 07,05,1 08,04,0 09,04,0 J4
06,02,0 06,03,0 06,03,1 07,03,0 08,03,0 L3
03,07,0 03,08,0 04,07,0 04,07,1 05,07,0 J2
05,06,1 05,07,1 06,07,0 06,07,1 06,08,0 V2
03,03,0 04,02,0 04,03,0 04,03,1 04,04,1 N2
05,02,1 05,03,0 05,03,1 05,03,2 05,04,1 X
02,05,0 02,05,1 03,05,0 03,06,0 03,06,1 A
05,05,0 06,04,0 06,04,1 06,05,0 07,04,1 V1
04,04,0 04,05,0 04,05,1 04,06,1 05,04,0 S1
04,06,0 05,06,0 06,05,1 06,06,0 06,06,1 L4
03,05,1 03,05,2 04,04,2 04,05,2 04,06,2 T2
05,05,1 05,05,2 05,06,2 05,07,2 06,06,2 L2
05,04,2 06,04,2 06,05,2 06,05,3 07,05,2 S2
04,05,3 05,04,3 05,05,3 05,05,4 05,06,3 T1

         T  T  T  N1 Z
   P  P  P  T  N1 N1 Z  Z  Z
   P  P  J2 T  N1 V2 J1 J1 Z                        N1
U  U  U  J2 J2 J2 V2 J1 V  V  V                  J2 V2 V2                                L2
U  N  U  A  L4 L4 L4 J1 Q  Q  V               A  S1 V2 L4 J1                          T2 L2 L2                                T1
N  N  A  A  S1 V1 V1 J4 Q  Q  V            A  T2 S1 L2 L4 J4 Q                     T2 T2 L2 S2 S2                          T1 T1 S2                                T1
N  L1 L1 L1 S1 S1 V1 J4 J4 J4 W               L1 N2 X  V1 V1                          T2 S2 S2                                T1
N  L1 F  N2 N2 X  L3 L3 L3 W  W                  N2 X  L3                                X
   F  F  F  N2 L  L3 Y  W  W                        X
   F  L  L  L  L  Y  Y  Y  Y
         I  I  I  I  I

solution 9:
01,01,0 01,02,0 02,02,0 02,03,0 03,02,0 F
02,01,0 03,01,0 04,01,0 05,01,0 05,02,0 L
03,00,0 04,00,0 05,00,0 06,00,0 07,00,0 I
00,03,0 00,04,0 00,05,0 01,05,0 01,06,0 N
00,06,0 00,07,0 01,07,0 02,06,0 02,07,0 U
01,03,0 01,04,0 02,04,0 03,04,0 03,04,1 L1
01,08,0 01,09,0 02,08,0 02,09,0 03,09,0 P
03,10,0 04,08,0 04,09,0 04,10,0 05,10,0 T
06,01,0 07,01,0 07,02,0 08,01,0 09,01,0 Y
08,02,0 09,02,0 09,03,0 10,03,0 10,04,0 W
07,09,0 07,10,0 08,09,0 09,08,0 09,09,0 Z
08,07,0 09,07,0 10,05,0 10,06,0 10,07,0 V
05,08,0 05,08,1 05,09,0 06,09,0 06,10,0 N1
07,06,0 07,06,1 07,07,0 07,08,0 08,08,0 J1
08,05,0 08,05,1 08,06,0 09,05,0 09,06,0 Q
07,04,0 07,05,0 07,05,1 08,04,0 09,04,0 J4
06,02,0 06,03,0 06,03,1 07,03,0 08,03,0 L3
03,07,0 03,08,0 04,06,0 04,07,0 04,07,1 S2
05,06,1 05,07,1 06,07,0 06,07,1 06,08,0 V2
05,05,0 05,05,1 05,06,0 05,07,0 06,06,0 J2
02,05,0 02,05,1 03,05,0 03,06,0 03,06,1 A
03,03,0 04,02,0 04,03,0 04,03,1 04,04,1 N2
05,02,1 05,03,0 05,03,1 05,03,2 05,04,1 X
04,04,0 04,05,0 04,05,1 04,06,1 05,04,0 S1
03,05,1 03,05,2 04,04,2 04,05,2 04,06,2 T2
06,04,0 06,04,1 06,04,2 06,05,0 07,04,1 L2
05,06,2 05,07,2 06,05,1 06,06,1 06,06,2 V1
05,04,2 05,04,3 05,05,2 06,05,2 07,05,2 L4
04,05,3 05,05,3 05,05,4 05,06,3 06,05,3 T1

         T  T  T  N1 Z
   P  P  P  T  N1 N1 Z  Z  Z
   P  P  S2 T  N1 V2 J1 J1 Z                        N1
U  U  U  S2 S2 J2 V2 J1 V  V  V                  S2 V2 V2                                V1
U  N  U  A  S2 J2 J2 J1 Q  Q  V               A  S1 V2 V1 J1                          T2 V1 V1                                T1
N  N  A  A  S1 J2 L2 J4 Q  Q  V            A  T2 S1 J2 V1 J4 Q                     T2 T2 L4 L4 L4                          T1 T1 T1                                T1
N  L1 L1 L1 S1 S1 L2 J4 J4 J4 W               L1 N2 X  L2 L2                          T2 L4 L2                                L4
N  L1 F  N2 N2 X  L3 L3 L3 W  W                  N2 X  L3                                X
   F  F  F  N2 L  L3 Y  W  W                        X
   F  L  L  L  L  Y  Y  Y  Y
         I  I  I  I  I

solution 10:
01,01,0 01,02,0 02,02,0 02,03,0 03,02,0 F
02,01,0 03,01,0 04,01,0 05,01,0 05,02,0 L
03,00,0 04,00,0 05,00,0 06,00,0 07,00,0 I
00,03,0 00,04,0 00,05,0 01,05,0 01,06,0 N
00,06,0 00,07,0 01,07,0 02,06,0 02,07,0 U
01,03,0 01,04,0 02,04,0 03,04,0 03,04,1 L1
01,08,0 01,09,0 02,08,0 02,09,0 03,09,0 P
03,10,0 04,08,0 04,09,0 04,10,0 05,10,0 T
06,01,0 07,01,0 07,02,0 08,01,0 09,01,0 Y
08,02,0 09,02,0 09,03,0 10,03,0 10,04,0 W
07,09,0 07,10,0 08,09,0 09,08,0 09,09,0 Z
08,07,0 09,07,0 10,05,0 10,06,0 10,07,0 V
05,08,0 05,08,1 05,09,0 06,09,0 06,10,0 N1
07,06,0 07,06,1 07,07,0 07,08,0 08,08,0 J1
08,05,0 08,05,1 08,06,0 09,05,0 09,06,0 Q
07,04,0 07,05,0 07,05,1 08,04,0 09,04,0 J4
06,02,0 06,03,0 06,03,1 07,03,0 08,03,0 L3
03,06,0 03,07,0 03,08,0 04,07,0 04,07,1 T2
02,05,0 02,05,1 03,05,1 03,05,2 03,06,1 S2
05,06,1 05,07,1 06,07,0 06,07,1 06,08,0 V2
05,06,0 05,07,0 06,05,0 06,05,1 06,06,0 S1
06,04,1 06,04,2 06,05,2 07,04,1 07,05,2 A
05,06,2 05,06,3 05,07,2 06,06,1 06,06,2 N2
04,05,3 05,05,2 05,05,3 05,05,4 06,05,3 X
04,04,2 04,05,2 04,06,2 05,04,2 05,04,3 L4
03,05,0 04,04,0 04,05,0 04,06,0 04,06,1 J2
03,03,0 04,02,0 04,03,0 04,03,1 05,03,0 T1
04,05,1 05,04,0 05,05,0 05,05,1 06,04,0 V1
04,04,1 05,02,1 05,03,1 05,03,2 05,04,1 L2

         T  T  T  N1 Z
   P  P  P  T  N1 N1 Z  Z  Z
   P  P  T2 T  N1 V2 J1 J1 Z                        N1
U  U  U  T2 T2 S1 V2 J1 V  V  V                  T2 V2 V2                                N2
U  N  U  T2 J2 S1 S1 J1 Q  Q  V               S2 J2 V2 N2 J1                          L4 N2 N2                                N2
N  N  S2 J2 J2 V1 S1 J4 Q  Q  V            S2 S2 V1 V1 S1 J4 Q                     S2 L4 X  A  A                           X  X  X                                 X
N  L1 L1 L1 J2 V1 V1 J4 J4 J4 W               L1 L2 L2 A  A                           L4 L4 A                                 L4
N  L1 F  T1 T1 T1 L3 L3 L3 W  W                  T1 L2 L3                                L2
   F  F  F  T1 L  L3 Y  W  W                        L2
   F  L  L  L  L  Y  Y  Y  Y
         I  I  I  I  I

...

solution 3227:
01,01,0 01,02,0 02,02,0 02,03,0 03,02,0 F
02,01,0 03,01,0 04,01,0 05,01,0 05,02,0 L
03,00,0 04,00,0 05,00,0 06,00,0 07,00,0 I
00,03,0 00,04,0 00,05,0 01,05,0 01,06,0 N
00,06,0 00,07,0 01,07,0 02,06,0 02,07,0 U
01,03,0 01,04,0 02,04,0 03,04,0 03,04,1 L1
01,08,0 01,09,0 02,09,0 03,09,0 03,10,0 Z
02,08,0 03,08,0 04,08,0 04,09,0 04,10,0 V
06,01,0 07,01,0 08,01,0 08,02,0 09,01,0 Y
08,03,0 09,02,0 09,03,0 09,04,0 10,03,0 X
09,05,0 09,06,0 10,04,0 10,05,0 10,06,0 P
08,07,0 09,07,0 09,08,0 09,09,0 10,07,0 T
06,10,0 07,09,0 07,10,0 08,08,0 08,09,0 W
05,08,0 05,08,1 05,09,0 05,10,0 06,09,0 J2
06,02,0 07,02,0 07,03,0 07,04,0 07,04,1 J1
07,05,0 07,05,1 08,04,0 08,05,0 08,05,1 Q
07,06,0 07,06,1 07,07,0 07,08,0 08,06,0 L3
05,07,1 05,07,2 06,07,0 06,07,1 06,08,0 N1
03,03,0 04,02,0 04,03,0 04,03,1 04,04,1 N2
02,05,0 02,05,1 03,05,0 03,06,0 03,07,0 J4
05,02,1 05,03,0 05,03,1 05,03,2 06,03,0 L2
04,05,3 05,04,3 05,05,3 05,05,4 05,06,3 T1
05,05,0 06,03,1 06,04,0 06,04,1 06,05,0 S1
05,04,2 06,04,2 06,05,2 06,05,3 07,05,2 S2
04,04,0 04,05,0 04,05,1 05,04,0 05,04,1 A
03,05,1 03,05,2 04,04,2 04,05,2 04,06,2 T2
05,05,2 05,06,2 06,06,0 06,06,1 06,06,2 L4
04,06,0 05,05,1 05,06,0 05,06,1 06,05,1 V2
03,06,1 04,06,1 04,07,0 04,07,1 05,07,0 V1

         Z  V  J2 W  W
   Z  Z  Z  V  J2 J2 W  W  T
   Z  V  V  V  J2 N1 L3 W  T                        J2
U  U  U  J4 V1 V1 N1 L3 T  T  T                  V1 N1 N1                                N1
U  N  U  J4 V2 V2 L4 L3 L3 P  P               V1 V1 V2 L4 L3                          T2 L4 L4                                T1
N  N  J4 J4 A  S1 S1 Q  Q  P  P            J4 T2 A  V2 V2 Q  Q                     T2 T2 L4 S2 S2                          T1 T1 S2                                T1
N  L1 L1 L1 A  A  S1 J1 Q  X  P               L1 N2 A  S1 J1                          T2 S2 S2                                T1
N  L1 F  N2 N2 L2 L2 J1 X  X  X                  N2 L2 S1                                L2
   F  F  F  N2 L  J1 J1 Y  X                        L2
   F  L  L  L  L  Y  Y  Y  Y
         I  I  I  I  I

Session interrupted by user.
3227 solutions, 80512872 searches, duration 22:03:24.529000
