solving Polycubes12345p6Cubes345:

solution 1 (2,609 searches):
0,09,0 0,09,1 0,09,2 0,09,3 0,09,4 I5
0,04,0 0,04,1 0,04,2 0,04,3 I4
0,00,1 0,01,0 0,01,1 0,01,2 0,02,1 X5
0,02,2 1,01,1 1,01,2 1,02,2 A4
0,00,2 1,00,2 D
0,02,0 1,00,0 1,01,0 1,02,0 2,01,0 F5
0,00,0 M
1,02,1 2,01,2 2,02,0 2,02,1 2,02,2 J25
1,00,1 2,00,0 2,00,1 2,00,2 2,01,1 T15
1,04,1 1,05,1 1,06,1 2,05,0 2,05,1 2,05,2 Tp6
1,04,0 1,05,0 1,06,0 I3
2,04,0 2,04,1 3,04,0 3,05,0 3,05,1 A5
2,06,2 3,04,1 3,04,2 3,05,2 3,06,2 J15
0,05,0 0,05,1 0,05,2 0,06,2 1,06,2 J45
0,06,0 0,06,1 0,07,1 1,07,1 B4
0,07,0 1,07,0 2,06,0 2,07,0 2,07,1 L35
2,06,1 3,06,0 3,06,1 3,07,0 3,07,1 Q5
2,04,2 2,04,3 2,05,3 2,06,3 L4
3,04,3 3,05,3 3,06,3 3,07,2 3,07,3 L5
1,04,2 1,04,3 1,05,2 1,05,3 O4
0,05,3 0,06,3 1,06,3 1,07,3 S4
0,07,2 0,07,3 1,07,2 2,07,2 2,07,3 U5
3,12,3 3,12,4 3,13,3 4,12,4 4,13,3 4,13,4 Ba6
2,11,3 2,11,4 2,12,4 2,13,4 3,13,4 L15
0,11,3 0,11,4 0,12,4 0,13,4 1,12,4 L25
0,12,2 1,12,2 1,13,2 1,13,3 1,13,4 L45
0,12,3 0,13,2 0,13,3 1,11,3 1,12,3 N15
1,10,3 1,10,4 1,11,4 2,09,4 2,10,4 N25
0,10,2 0,10,3 0,10,4 0,11,1 0,11,2 N5
1,09,2 1,09,3 1,09,4 2,09,2 2,09,3 P5
2,12,1 2,12,2 2,12,3 2,13,1 2,13,2 2,13,3 O06
0,12,0 0,12,1 0,13,1 1,12,1 P4
0,13,0 1,13,0 1,13,1 2,13,0 T4
3,09,3 3,10,2 3,10,3 4,09,3 4,09,4 4,10,3 Qe6
3,09,4 3,10,4 4,10,4 4,11,3 4,11,4 S15
2,11,2 3,11,2 3,11,3 3,11,4 4,11,2 T5
1,10,2 1,11,1 1,11,2 2,10,2 2,10,3 V25
3,13,1 3,13,2 4,12,2 4,12,3 4,13,2 V15
3,12,1 3,12,2 4,11,1 4,12,1 4,13,1 T25
3,11,0 4,10,0 4,11,0 4,12,0 4,13,0 Y5
1,11,0 1,12,0 2,12,0 3,12,0 3,13,0 Z5
2,09,0 2,10,0 2,11,0 3,09,0 4,09,0 V5
2,09,1 3,09,1 3,09,2 3,10,0 3,10,1 4,10,1 Nt6
1,09,1 1,10,1 2,10,1 2,11,1 3,11,1 W5
0,10,0 0,10,1 0,11,0 1,09,0 1,10,0 S25
4,09,1 4,09,2 4,10,2 V3

T4  T4  T4  Z5  Y5      P4  T4  O06 V15 T25     N15 L45 O06 V15 V15     N15 L45 O06 Ba6 Ba6     L25 L45 L15 L15 Ba6
P4  Z5  Z5  Z5  Y5      P4  P4  O06 T25 T25     L45 L45 O06 T25 V15     N15 N15 O06 Ba6 V15     L25 L25 L15 Ba6 Ba6
S25 Z5  V5  Y5  Y5      N5  V25 W5  W5  T25     N5  V25 T5  T5  T5      L25 N15 L15 T5  S15     L25 N25 L15 T5  S15
S25 S25 V5  Nt6 Y5      S25 W5  W5  Nt6 Nt6     N5  V25 V25 Qe6 V3      N5  N25 V25 Qe6 Qe6     N5  N25 N25 S15 S15
I5  S25 V5  V5  V5      I5  W5  Nt6 Nt6 V3      I5  P5  P5  Nt6 V3      I5  P5  P5  Qe6 Qe6     I5  P5  N25 S15 Qe6

L35 L35 L35 Q5          B4  B4  L35 Q5          U5  U5  U5  L5          U5  S4  U5  L5
B4  I3  L35 Q5          B4  Tp6 Q5  Q5          J45 J45 J15 J15         S4  S4  L4  L5
J45 I3  Tp6 A5          J45 Tp6 Tp6 A5          J45 O4  Tp6 J15         S4  O4  L4  L5
I4  I3  A5  A5          I4  Tp6 A5  J15         I4  O4  L4  J15         I4  O4  L4  L5

F5  F5  J25             X5  J25 J25             A4  A4  J25
X5  F5  F5              X5  A4  T15             X5  A4  J25
M   F5  T15             X5  T15 T15             D   D   T15

solution 2 (12,149 searches):
0,09,0 0,09,1 0,09,2 0,09,3 0,09,4 I5
0,04,0 0,04,1 0,04,2 0,04,3 I4
0,00,1 0,01,0 0,01,1 0,01,2 0,02,1 X5
0,02,2 1,01,1 1,01,2 1,02,2 A4
0,00,2 1,00,2 D
0,02,0 1,00,0 1,01,0 1,02,0 2,01,0 F5
0,00,0 M
1,02,1 2,01,2 2,02,0 2,02,1 2,02,2 J25
1,00,1 2,00,0 2,00,1 2,00,2 2,01,1 T15
1,04,1 1,05,1 1,06,1 2,05,0 2,05,1 2,05,2 Tp6
1,04,0 1,05,0 1,06,0 I3
2,04,0 2,04,1 3,04,0 3,05,0 3,05,1 A5
2,06,2 3,04,1 3,04,2 3,05,2 3,06,2 J15
0,05,0 0,05,1 0,05,2 0,06,2 1,06,2 J45
0,06,0 0,06,1 0,07,1 1,07,1 B4
0,07,0 1,07,0 2,06,0 2,07,0 2,07,1 L35
2,06,1 3,06,0 3,06,1 3,07,0 3,07,1 Q5
2,04,2 2,04,3 2,05,3 2,06,3 L4
3,04,3 3,05,3 3,06,3 3,07,2 3,07,3 L5
1,04,2 1,04,3 1,05,2 1,05,3 O4
0,05,3 0,06,3 1,06,3 1,07,3 S4
0,07,2 0,07,3 1,07,2 2,07,2 2,07,3 U5
3,12,3 3,12,4 3,13,3 4,12,4 4,13,3 4,13,4 Ba6
2,11,3 2,11,4 2,12,4 2,13,4 3,13,4 L15
0,11,3 0,11,4 0,12,4 0,13,4 1,12,4 L25
0,12,2 1,12,2 1,13,2 1,13,3 1,13,4 L45
0,12,3 0,13,2 0,13,3 1,11,3 1,12,3 N15
1,10,3 1,10,4 1,11,4 2,09,4 2,10,4 N25
0,10,2 0,10,3 0,10,4 0,11,1 0,11,2 N5
1,09,2 1,09,3 1,09,4 2,09,2 2,09,3 P5
2,12,1 2,12,2 2,12,3 2,13,1 2,13,2 2,13,3 O06
0,12,0 0,12,1 0,13,1 1,12,1 P4
0,13,0 1,13,0 1,13,1 2,13,0 T4
3,09,3 3,10,2 3,10,3 4,09,3 4,09,4 4,10,3 Qe6
3,09,4 3,10,4 4,10,4 4,11,3 4,11,4 S15
3,11,2 3,11,3 3,11,4 3,12,2 3,13,2 V5
4,10,2 4,11,2 4,12,2 4,12,3 4,13,2 Y5
2,10,2 2,10,3 2,11,2 V3
2,12,0 3,12,0 3,13,0 3,13,1 4,13,1 V25
3,12,1 4,11,0 4,12,0 4,12,1 4,13,0 T25
4,09,0 4,09,1 4,09,2 4,10,1 4,11,1 T5
1,09,0 2,09,0 2,09,1 3,09,1 3,09,2 W5
2,10,1 3,09,0 3,10,0 3,10,1 3,11,1 4,10,0 Nt6
1,10,2 1,11,0 1,11,1 1,11,2 1,12,0 Z5
1,10,0 2,10,0 2,11,0 2,11,1 3,11,0 S25
0,10,0 0,10,1 0,11,0 1,09,1 1,10,1 V15

T4  T4  T4  V25 T25     P4  T4  O06 V25 V25     N15 L45 O06 V5  Y5      N15 L45 O06 Ba6 Ba6     L25 L45 L15 L15 Ba6
P4  Z5  V25 V25 T25     P4  P4  O06 T25 T25     L45 L45 O06 V5  Y5      N15 N15 O06 Ba6 Y5      L25 L25 L15 Ba6 Ba6
V15 Z5  S25 S25 T25     N5  Z5  S25 Nt6 T5      N5  Z5  V3  V5  Y5      L25 N15 L15 V5  S15     L25 N25 L15 V5  S15
V15 S25 S25 Nt6 Nt6     V15 V15 Nt6 Nt6 T5      N5  Z5  V3  Qe6 Y5      N5  N25 V3  Qe6 Qe6     N5  N25 N25 S15 S15
I5  W5  W5  Nt6 T5      I5  V15 W5  W5  T5      I5  P5  P5  W5  T5      I5  P5  P5  Qe6 Qe6     I5  P5  N25 S15 Qe6

L35 L35 L35 Q5          B4  B4  L35 Q5          U5  U5  U5  L5          U5  S4  U5  L5
B4  I3  L35 Q5          B4  Tp6 Q5  Q5          J45 J45 J15 J15         S4  S4  L4  L5
J45 I3  Tp6 A5          J45 Tp6 Tp6 A5          J45 O4  Tp6 J15         S4  O4  L4  L5
I4  I3  A5  A5          I4  Tp6 A5  J15         I4  O4  L4  J15         I4  O4  L4  L5

F5  F5  J25             X5  J25 J25             A4  A4  J25
X5  F5  F5              X5  A4  T15             X5  A4  J25
M   F5  T15             X5  T15 T15             D   D   T15

solution 3 (58,842 searches):
0,09,0 0,09,1 0,09,2 0,09,3 0,09,4 I5
0,04,0 0,04,1 0,04,2 0,04,3 I4
0,00,1 0,01,0 0,01,1 0,01,2 0,02,1 X5
0,02,2 1,01,1 1,01,2 1,02,2 A4
0,00,2 1,00,2 D
0,02,0 1,00,0 1,01,0 1,02,0 2,01,0 F5
0,00,0 M
1,02,1 2,01,2 2,02,0 2,02,1 2,02,2 J25
1,00,1 2,00,0 2,00,1 2,00,2 2,01,1 T15
1,04,1 1,05,1 1,06,1 2,05,0 2,05,1 2,05,2 Tp6
1,04,0 1,05,0 1,06,0 I3
2,04,0 2,04,1 3,04,0 3,05,0 3,05,1 A5
2,06,2 3,04,1 3,04,2 3,05,2 3,06,2 J15
0,05,0 0,05,1 0,05,2 0,06,2 1,06,2 J45
0,06,0 0,06,1 0,07,1 1,07,1 B4
0,07,0 1,07,0 2,06,0 2,07,0 2,07,1 L35
2,06,1 3,06,0 3,06,1 3,07,0 3,07,1 Q5
2,04,2 2,04,3 2,05,3 2,06,3 L4
3,04,3 3,05,3 3,06,3 3,07,2 3,07,3 L5
1,04,2 1,04,3 1,05,2 1,05,3 O4
0,05,3 0,06,3 1,06,3 1,07,3 S4
0,07,2 0,07,3 1,07,2 2,07,2 2,07,3 U5
3,12,3 3,12,4 3,13,3 4,12,4 4,13,3 4,13,4 Ba6
2,11,3 2,11,4 2,12,4 2,13,4 3,13,4 L15
0,11,3 0,11,4 0,12,4 0,13,4 1,12,4 L25
0,12,2 1,12,2 1,13,2 1,13,3 1,13,4 L45
0,12,3 0,13,2 0,13,3 1,11,3 1,12,3 N15
1,10,3 1,10,4 1,11,4 2,09,4 2,10,4 N25
0,10,2 0,10,3 0,10,4 0,11,1 0,11,2 N5
1,09,2 1,09,3 1,09,4 2,09,2 2,09,3 P5
2,12,1 2,12,2 2,12,3 2,13,1 2,13,2 2,13,3 O06
0,12,0 0,12,1 0,13,1 1,12,1 P4
0,13,0 1,13,0 1,13,1 2,13,0 T4
2,10,3 3,09,3 3,09,4 3,10,3 3,10,4 4,09,4 Qe6
3,11,3 3,11,4 4,10,2 4,11,2 4,11,3 S15
4,10,3 4,10,4 4,11,4 V3
3,09,2 3,10,2 4,09,1 4,09,2 4,09,3 T25
3,12,2 3,13,1 3,13,2 4,12,2 4,12,3 V25
4,11,1 4,12,1 4,13,0 4,13,1 4,13,2 T5
3,11,1 3,11,2 3,12,0 3,12,1 3,13,0 W5
3,10,0 4,09,0 4,10,0 4,11,0 4,12,0 Y5
2,09,0 3,09,0 3,09,1 3,10,1 4,10,1 V15
1,11,2 2,11,0 2,11,1 2,11,2 3,11,0 Z5
0,11,0 1,11,0 1,11,1 1,12,0 2,12,0 S25
0,10,1 1,09,0 1,09,1 1,10,1 1,10,2 2,09,1 Nt6
0,10,0 1,10,0 2,10,0 2,10,1 2,10,2 V5

T4  T4  T4  W5  T5      P4  T4  O06 V25 T5      N15 L45 O06 V25 T5      N15 L45 O06 Ba6 Ba6     L25 L45 L15 L15 Ba6
P4  S25 S25 W5  Y5      P4  P4  O06 W5  T5      L45 L45 O06 V25 V25     N15 N15 O06 Ba6 V25     L25 L25 L15 Ba6 Ba6
S25 S25 Z5  Z5  Y5      N5  S25 Z5  W5  T5      N5  Z5  Z5  W5  S15     L25 N15 L15 S15 S15     L25 N25 L15 S15 V3
V5  V5  V5  Y5  Y5      Nt6 Nt6 V5  V15 V15     N5  Nt6 V5  T25 S15     N5  N25 Qe6 Qe6 V3      N5  N25 N25 Qe6 V3
I5  Nt6 V15 V15 Y5      I5  Nt6 Nt6 V15 T25     I5  P5  P5  T25 T25     I5  P5  P5  Qe6 T25     I5  P5  N25 Qe6 Qe6

L35 L35 L35 Q5          B4  B4  L35 Q5          U5  U5  U5  L5          U5  S4  U5  L5
B4  I3  L35 Q5          B4  Tp6 Q5  Q5          J45 J45 J15 J15         S4  S4  L4  L5
J45 I3  Tp6 A5          J45 Tp6 Tp6 A5          J45 O4  Tp6 J15         S4  O4  L4  L5
I4  I3  A5  A5          I4  Tp6 A5  J15         I4  O4  L4  J15         I4  O4  L4  L5

F5  F5  J25             X5  J25 J25             A4  A4  J25
X5  F5  F5              X5  A4  T15             X5  A4  J25
M   F5  T15             X5  T15 T15             D   D   T15

solution 4 (66,499 searches):
0,09,0 0,09,1 0,09,2 0,09,3 0,09,4 I5
0,04,0 0,04,1 0,04,2 0,04,3 I4
0,00,1 0,01,0 0,01,1 0,01,2 0,02,1 X5
0,02,2 1,01,1 1,01,2 1,02,2 A4
0,00,2 1,00,2 D
0,02,0 1,00,0 1,01,0 1,02,0 2,01,0 F5
0,00,0 M
1,02,1 2,01,2 2,02,0 2,02,1 2,02,2 J25
1,00,1 2,00,0 2,00,1 2,00,2 2,01,1 T15
1,04,1 1,05,1 1,06,1 2,05,0 2,05,1 2,05,2 Tp6
1,04,0 1,05,0 1,06,0 I3
2,04,0 2,04,1 3,04,0 3,05,0 3,05,1 A5
2,06,2 3,04,1 3,04,2 3,05,2 3,06,2 J15
0,05,0 0,05,1 0,05,2 0,06,2 1,06,2 J45
0,06,0 0,06,1 0,07,1 1,07,1 B4
0,07,0 1,07,0 2,06,0 2,07,0 2,07,1 L35
2,06,1 3,06,0 3,06,1 3,07,0 3,07,1 Q5
2,04,2 2,04,3 2,05,3 2,06,3 L4
3,04,3 3,05,3 3,06,3 3,07,2 3,07,3 L5
1,04,2 1,04,3 1,05,2 1,05,3 O4
0,05,3 0,06,3 1,06,3 1,07,3 S4
0,07,2 0,07,3 1,07,2 2,07,2 2,07,3 U5
3,12,3 3,12,4 3,13,3 4,12,4 4,13,3 4,13,4 Ba6
2,11,3 2,11,4 2,12,4 2,13,4 3,13,4 L15
0,11,3 0,11,4 0,12,4 0,13,4 1,12,4 L25
0,12,2 1,12,2 1,13,2 1,13,3 1,13,4 L45
0,12,3 0,13,2 0,13,3 1,11,3 1,12,3 N15
1,10,3 1,10,4 1,11,4 2,09,4 2,10,4 N25
0,10,2 0,10,3 0,10,4 0,11,1 0,11,2 N5
1,09,2 1,09,3 1,09,4 2,09,2 2,09,3 P5
2,12,1 2,12,2 2,12,3 2,13,1 2,13,2 2,13,3 O06
0,12,0 0,12,1 0,13,1 1,12,1 P4
0,13,0 1,13,0 1,13,1 2,13,0 T4
2,10,3 3,09,3 3,09,4 3,10,3 3,10,4 4,09,4 Qe6
3,11,3 3,11,4 4,10,2 4,11,2 4,11,3 S15
4,10,3 4,10,4 4,11,4 V3
4,09,0 4,09,1 4,09,2 4,09,3 4,10,1 Y5
3,12,2 3,13,1 3,13,2 4,12,2 4,12,3 V25
4,11,0 4,12,0 4,13,0 4,13,1 4,13,2 V5
3,12,0 3,12,1 3,13,0 4,11,1 4,12,1 V15
3,09,1 3,10,0 3,10,1 3,11,1 4,10,0 T25
1,10,2 2,10,2 3,09,2 3,10,2 3,11,2 T5
1,09,1 2,09,0 2,09,1 2,10,1 3,09,0 S25
0,10,1 1,09,0 1,10,0 1,10,1 1,11,1 2,10,0 Nt6
0,10,0 0,11,0 1,11,0 1,12,0 2,12,0 W5
1,11,2 2,11,0 2,11,1 2,11,2 3,11,0 Z5

T4  T4  T4  V15 V5      P4  T4  O06 V25 V5      N15 L45 O06 V25 V5      N15 L45 O06 Ba6 Ba6     L25 L45 L15 L15 Ba6
P4  W5  W5  V15 V5      P4  P4  O06 V15 V15     L45 L45 O06 V25 V25     N15 N15 O06 Ba6 V25     L25 L25 L15 Ba6 Ba6
W5  W5  Z5  Z5  V5      N5  Nt6 Z5  T25 V15     N5  Z5  Z5  T5  S15     L25 N15 L15 S15 S15     L25 N25 L15 S15 V3
W5  Nt6 Nt6 T25 T25     Nt6 Nt6 S25 T25 Y5      N5  T5  T5  T5  S15     N5  N25 Qe6 Qe6 V3      N5  N25 N25 Qe6 V3
I5  Nt6 S25 S25 Y5      I5  S25 S25 T25 Y5      I5  P5  P5  T5  Y5      I5  P5  P5  Qe6 Y5      I5  P5  N25 Qe6 Qe6

L35 L35 L35 Q5          B4  B4  L35 Q5          U5  U5  U5  L5          U5  S4  U5  L5
B4  I3  L35 Q5          B4  Tp6 Q5  Q5          J45 J45 J15 J15         S4  S4  L4  L5
J45 I3  Tp6 A5          J45 Tp6 Tp6 A5          J45 O4  Tp6 J15         S4  O4  L4  L5
I4  I3  A5  A5          I4  Tp6 A5  J15         I4  O4  L4  J15         I4  O4  L4  L5

F5  F5  J25             X5  J25 J25             A4  A4  J25
X5  F5  F5              X5  A4  T15             X5  A4  J25
M   F5  T15             X5  T15 T15             D   D   T15

solution 5 (70,439 searches):
0,09,0 0,09,1 0,09,2 0,09,3 0,09,4 I5
0,04,0 0,04,1 0,04,2 0,04,3 I4
0,00,1 0,01,0 0,01,1 0,01,2 0,02,1 X5
0,02,2 1,01,1 1,01,2 1,02,2 A4
0,00,2 1,00,2 D
0,02,0 1,00,0 1,01,0 1,02,0 2,01,0 F5
0,00,0 M
1,02,1 2,01,2 2,02,0 2,02,1 2,02,2 J25
1,00,1 2,00,0 2,00,1 2,00,2 2,01,1 T15
1,04,1 1,05,1 1,06,1 2,05,0 2,05,1 2,05,2 Tp6
1,04,0 1,05,0 1,06,0 I3
2,04,0 2,04,1 3,04,0 3,05,0 3,05,1 A5
2,06,2 3,04,1 3,04,2 3,05,2 3,06,2 J15
0,05,0 0,05,1 0,05,2 0,06,2 1,06,2 J45
0,06,0 0,06,1 0,07,1 1,07,1 B4
0,07,0 1,07,0 2,06,0 2,07,0 2,07,1 L35
2,06,1 3,06,0 3,06,1 3,07,0 3,07,1 Q5
2,04,2 2,04,3 2,05,3 2,06,3 L4
3,04,3 3,05,3 3,06,3 3,07,2 3,07,3 L5
1,04,2 1,04,3 1,05,2 1,05,3 O4
0,05,3 0,06,3 1,06,3 1,07,3 S4
0,07,2 0,07,3 1,07,2 2,07,2 2,07,3 U5
3,12,3 3,12,4 3,13,3 4,12,4 4,13,3 4,13,4 Ba6
2,11,3 2,11,4 2,12,4 2,13,4 3,13,4 L15
0,11,3 0,11,4 0,12,4 0,13,4 1,12,4 L25
0,12,2 1,12,2 1,13,2 1,13,3 1,13,4 L45
0,12,3 0,13,2 0,13,3 1,11,3 1,12,3 N15
1,10,3 1,10,4 1,11,4 2,09,4 2,10,4 N25
0,10,2 0,10,3 0,10,4 0,11,1 0,11,2 N5
1,09,2 1,09,3 1,09,4 2,09,2 2,09,3 P5
2,12,1 2,12,2 2,12,3 2,13,1 2,13,2 2,13,3 O06
0,12,0 0,12,1 0,13,1 1,12,1 P4
0,13,0 1,13,0 1,13,1 2,13,0 T4
2,10,3 3,09,3 3,09,4 3,10,3 3,10,4 4,09,4 Qe6
3,11,3 3,11,4 4,10,2 4,11,2 4,11,3 S15
4,09,2 4,09,3 4,10,3 4,10,4 4,11,4 W5
3,11,2 3,12,1 3,12,2 4,12,2 4,12,3 4,13,2 Nt6
3,13,1 3,13,2 4,12,1 4,13,0 4,13,1 S25
1,12,0 2,12,0 3,11,0 3,12,0 3,13,0 T5
3,10,0 4,09,0 4,10,0 4,11,0 4,12,0 Y5
2,09,1 2,10,1 3,10,1 4,10,1 4,11,1 Z5
2,10,2 3,09,1 3,09,2 3,10,2 4,09,1 V25
1,09,0 1,10,0 1,11,0 2,09,0 3,09,0 V5
0,10,0 0,10,1 0,11,0 1,09,1 1,10,1 V15
1,11,1 2,10,0 2,11,0 2,11,1 3,11,1 T25
1,10,2 1,11,2 2,11,2 V3

T4  T4  T4  T5  S25     P4  T4  O06 S25 S25     N15 L45 O06 S25 Nt6     N15 L45 O06 Ba6 Ba6     L25 L45 L15 L15 Ba6
P4  T5  T5  T5  Y5      P4  P4  O06 Nt6 S25     L45 L45 O06 Nt6 Nt6     N15 N15 O06 Ba6 Nt6     L25 L25 L15 Ba6 Ba6
V15 V5  T25 T5  Y5      N5  T25 T25 T25 Z5      N5  V3  V3  Nt6 S15     L25 N15 L15 S15 S15     L25 N25 L15 S15 W5
V15 V5  T25 Y5  Y5      V15 V15 Z5  Z5  Z5      N5  V3  V25 V25 S15     N5  N25 Qe6 Qe6 W5      N5  N25 N25 Qe6 W5
I5  V5  V5  V5  Y5      I5  V15 Z5  V25 V25     I5  P5  P5  V25 W5      I5  P5  P5  Qe6 W5      I5  P5  N25 Qe6 Qe6

L35 L35 L35 Q5          B4  B4  L35 Q5          U5  U5  U5  L5          U5  S4  U5  L5
B4  I3  L35 Q5          B4  Tp6 Q5  Q5          J45 J45 J15 J15         S4  S4  L4  L5
J45 I3  Tp6 A5          J45 Tp6 Tp6 A5          J45 O4  Tp6 J15         S4  O4  L4  L5
I4  I3  A5  A5          I4  Tp6 A5  J15         I4  O4  L4  J15         I4  O4  L4  L5

F5  F5  J25             X5  J25 J25             A4  A4  J25
X5  F5  F5              X5  A4  T15             X5  A4  J25
M   F5  T15             X5  T15 T15             D   D   T15

solution 6 (71,849 searches):
0,09,0 0,09,1 0,09,2 0,09,3 0,09,4 I5
0,04,0 0,04,1 0,04,2 0,04,3 I4
0,00,1 0,01,0 0,01,1 0,01,2 0,02,1 X5
0,02,2 1,01,1 1,01,2 1,02,2 A4
0,00,2 1,00,2 D
0,02,0 1,00,0 1,01,0 1,02,0 2,01,0 F5
0,00,0 M
1,02,1 2,01,2 2,02,0 2,02,1 2,02,2 J25
1,00,1 2,00,0 2,00,1 2,00,2 2,01,1 T15
1,04,1 1,05,1 1,06,1 2,05,0 2,05,1 2,05,2 Tp6
1,04,0 1,05,0 1,06,0 I3
2,04,0 2,04,1 3,04,0 3,05,0 3,05,1 A5
2,06,2 3,04,1 3,04,2 3,05,2 3,06,2 J15
0,05,0 0,05,1 0,05,2 0,06,2 1,06,2 J45
0,06,0 0,06,1 0,07,1 1,07,1 B4
0,07,0 1,07,0 2,06,0 2,07,0 2,07,1 L35
2,06,1 3,06,0 3,06,1 3,07,0 3,07,1 Q5
2,04,2 2,04,3 2,05,3 2,06,3 L4
3,04,3 3,05,3 3,06,3 3,07,2 3,07,3 L5
1,04,2 1,04,3 1,05,2 1,05,3 O4
0,05,3 0,06,3 1,06,3 1,07,3 S4
0,07,2 0,07,3 1,07,2 2,07,2 2,07,3 U5
3,12,3 3,12,4 3,13,3 4,12,4 4,13,3 4,13,4 Ba6
2,11,3 2,11,4 2,12,4 2,13,4 3,13,4 L15
0,11,3 0,11,4 0,12,4 0,13,4 1,12,4 L25
0,12,2 1,12,2 1,13,2 1,13,3 1,13,4 L45
0,12,3 0,13,2 0,13,3 1,11,3 1,12,3 N15
1,10,3 1,10,4 1,11,4 2,09,4 2,10,4 N25
0,10,2 0,10,3 0,10,4 0,11,1 0,11,2 N5
1,09,2 1,09,3 1,09,4 2,09,2 2,09,3 P5
2,12,1 2,12,2 2,12,3 2,13,1 2,13,2 2,13,3 O06
0,12,0 0,12,1 0,13,1 1,12,1 P4
0,13,0 1,13,0 1,13,1 2,13,0 T4
2,10,3 3,09,3 3,09,4 3,10,3 3,10,4 4,09,4 Qe6
3,11,3 3,11,4 4,10,2 4,11,2 4,11,3 S15
4,09,2 4,09,3 4,10,3 4,10,4 4,11,4 W5
3,11,2 3,12,1 3,12,2 4,12,2 4,12,3 4,13,2 Nt6
3,13,1 3,13,2 4,12,1 4,13,0 4,13,1 S25
1,12,0 2,12,0 3,12,0 3,13,0 4,12,0 Y5
0,10,0 0,10,1 0,11,0 1,09,1 1,10,1 V15
1,10,2 1,11,1 1,11,2 V3
2,09,0 2,09,1 2,10,1 2,11,1 2,11,2 Z5
1,09,0 1,10,0 1,11,0 2,10,0 3,10,0 T5
2,11,0 3,11,0 4,09,0 4,10,0 4,11,0 V5
2,10,2 3,10,1 3,10,2 3,11,1 4,11,1 V25
3,09,0 3,09,1 3,09,2 4,09,1 4,10,1 T25

T4  T4  T4  Y5  S25     P4  T4  O06 S25 S25     N15 L45 O06 S25 Nt6     N15 L45 O06 Ba6 Ba6     L25 L45 L15 L15 Ba6
P4  Y5  Y5  Y5  Y5      P4  P4  O06 Nt6 S25     L45 L45 O06 Nt6 Nt6     N15 N15 O06 Ba6 Nt6     L25 L25 L15 Ba6 Ba6
V15 T5  V5  V5  V5      N5  V3  Z5  V25 V25     N5  V3  Z5  Nt6 S15     L25 N15 L15 S15 S15     L25 N25 L15 S15 W5
V15 T5  T5  T5  V5      V15 V15 Z5  V25 T25     N5  V3  V25 V25 S15     N5  N25 Qe6 Qe6 W5      N5  N25 N25 Qe6 W5
I5  T5  Z5  T25 V5      I5  V15 Z5  T25 T25     I5  P5  P5  T25 W5      I5  P5  P5  Qe6 W5      I5  P5  N25 Qe6 Qe6

L35 L35 L35 Q5          B4  B4  L35 Q5          U5  U5  U5  L5          U5  S4  U5  L5
B4  I3  L35 Q5          B4  Tp6 Q5  Q5          J45 J45 J15 J15         S4  S4  L4  L5
J45 I3  Tp6 A5          J45 Tp6 Tp6 A5          J45 O4  Tp6 J15         S4  O4  L4  L5
I4  I3  A5  A5          I4  Tp6 A5  J15         I4  O4  L4  J15         I4  O4  L4  L5

F5  F5  J25             X5  J25 J25             A4  A4  J25
X5  F5  F5              X5  A4  T15             X5  A4  J25
M   F5  T15             X5  T15 T15             D   D   T15

solution 7 (71,856 searches):
0,09,0 0,09,1 0,09,2 0,09,3 0,09,4 I5
0,04,0 0,04,1 0,04,2 0,04,3 I4
0,00,1 0,01,0 0,01,1 0,01,2 0,02,1 X5
0,02,2 1,01,1 1,01,2 1,02,2 A4
0,00,2 1,00,2 D
0,02,0 1,00,0 1,01,0 1,02,0 2,01,0 F5
0,00,0 M
1,02,1 2,01,2 2,02,0 2,02,1 2,02,2 J25
1,00,1 2,00,0 2,00,1 2,00,2 2,01,1 T15
1,04,1 1,05,1 1,06,1 2,05,0 2,05,1 2,05,2 Tp6
1,04,0 1,05,0 1,06,0 I3
2,04,0 2,04,1 3,04,0 3,05,0 3,05,1 A5
2,06,2 3,04,1 3,04,2 3,05,2 3,06,2 J15
0,05,0 0,05,1 0,05,2 0,06,2 1,06,2 J45
0,06,0 0,06,1 0,07,1 1,07,1 B4
0,07,0 1,07,0 2,06,0 2,07,0 2,07,1 L35
2,06,1 3,06,0 3,06,1 3,07,0 3,07,1 Q5
2,04,2 2,04,3 2,05,3 2,06,3 L4
3,04,3 3,05,3 3,06,3 3,07,2 3,07,3 L5
1,04,2 1,04,3 1,05,2 1,05,3 O4
0,05,3 0,06,3 1,06,3 1,07,3 S4
0,07,2 0,07,3 1,07,2 2,07,2 2,07,3 U5
3,12,3 3,12,4 3,13,3 4,12,4 4,13,3 4,13,4 Ba6
2,11,3 2,11,4 2,12,4 2,13,4 3,13,4 L15
0,11,3 0,11,4 0,12,4 0,13,4 1,12,4 L25
0,12,2 1,12,2 1,13,2 1,13,3 1,13,4 L45
0,12,3 0,13,2 0,13,3 1,11,3 1,12,3 N15
1,10,3 1,10,4 1,11,4 2,09,4 2,10,4 N25
0,10,2 0,10,3 0,10,4 0,11,1 0,11,2 N5
1,09,2 1,09,3 1,09,4 2,09,2 2,09,3 P5
2,12,1 2,12,2 2,12,3 2,13,1 2,13,2 2,13,3 O06
0,12,0 0,12,1 0,13,1 1,12,1 P4
0,13,0 1,13,0 1,13,1 2,13,0 T4
2,10,3 3,09,3 3,09,4 3,10,3 3,10,4 4,09,4 Qe6
3,11,3 3,11,4 4,10,2 4,11,2 4,11,3 S15
4,09,2 4,09,3 4,10,3 4,10,4 4,11,4 W5
3,11,2 3,12,1 3,12,2 4,12,2 4,12,3 4,13,2 Nt6
3,13,1 3,13,2 4,12,1 4,13,0 4,13,1 S25
1,12,0 2,12,0 3,12,0 3,13,0 4,12,0 Y5
0,10,0 0,10,1 0,11,0 1,09,1 1,10,1 V15
1,10,2 1,11,1 1,11,2 V3
2,09,0 2,09,1 2,10,1 2,11,1 2,11,2 Z5
1,09,0 1,10,0 1,11,0 2,11,0 3,11,0 V5
2,10,0 3,10,0 4,09,0 4,10,0 4,11,0 T5
2,10,2 3,10,1 3,10,2 3,11,1 4,11,1 V25
3,09,0 3,09,1 3,09,2 4,09,1 4,10,1 T25

T4  T4  T4  Y5  S25     P4  T4  O06 S25 S25     N15 L45 O06 S25 Nt6     N15 L45 O06 Ba6 Ba6     L25 L45 L15 L15 Ba6
P4  Y5  Y5  Y5  Y5      P4  P4  O06 Nt6 S25     L45 L45 O06 Nt6 Nt6     N15 N15 O06 Ba6 Nt6     L25 L25 L15 Ba6 Ba6
V15 V5  V5  V5  T5      N5  V3  Z5  V25 V25     N5  V3  Z5  Nt6 S15     L25 N15 L15 S15 S15     L25 N25 L15 S15 W5
V15 V5  T5  T5  T5      V15 V15 Z5  V25 T25     N5  V3  V25 V25 S15     N5  N25 Qe6 Qe6 W5      N5  N25 N25 Qe6 W5
I5  V5  Z5  T25 T5      I5  V15 Z5  T25 T25     I5  P5  P5  T25 W5      I5  P5  P5  Qe6 W5      I5  P5  N25 Qe6 Qe6

L35 L35 L35 Q5          B4  B4  L35 Q5          U5  U5  U5  L5          U5  S4  U5  L5
B4  I3  L35 Q5          B4  Tp6 Q5  Q5          J45 J45 J15 J15         S4  S4  L4  L5
J45 I3  Tp6 A5          J45 Tp6 Tp6 A5          J45 O4  Tp6 J15         S4  O4  L4  L5
I4  I3  A5  A5          I4  Tp6 A5  J15         I4  O4  L4  J15         I4  O4  L4  L5

F5  F5  J25             X5  J25 J25             A4  A4  J25
X5  F5  F5              X5  A4  T15             X5  A4  J25
M   F5  T15             X5  T15 T15             D   D   T15

solution 8 (72,536 searches):
0,09,0 0,09,1 0,09,2 0,09,3 0,09,4 I5
0,04,0 0,04,1 0,04,2 0,04,3 I4
0,00,1 0,01,0 0,01,1 0,01,2 0,02,1 X5
0,02,2 1,01,1 1,01,2 1,02,2 A4
0,00,2 1,00,2 D
0,02,0 1,00,0 1,01,0 1,02,0 2,01,0 F5
0,00,0 M
1,02,1 2,01,2 2,02,0 2,02,1 2,02,2 J25
1,00,1 2,00,0 2,00,1 2,00,2 2,01,1 T15
1,04,1 1,05,1 1,06,1 2,05,0 2,05,1 2,05,2 Tp6
1,04,0 1,05,0 1,06,0 I3
2,04,0 2,04,1 3,04,0 3,05,0 3,05,1 A5
2,06,2 3,04,1 3,04,2 3,05,2 3,06,2 J15
0,05,0 0,05,1 0,05,2 0,06,2 1,06,2 J45
0,06,0 0,06,1 0,07,1 1,07,1 B4
0,07,0 1,07,0 2,06,0 2,07,0 2,07,1 L35
2,06,1 3,06,0 3,06,1 3,07,0 3,07,1 Q5
2,04,2 2,04,3 2,05,3 2,06,3 L4
3,04,3 3,05,3 3,06,3 3,07,2 3,07,3 L5
1,04,2 1,04,3 1,05,2 1,05,3 O4
0,05,3 0,06,3 1,06,3 1,07,3 S4
0,07,2 0,07,3 1,07,2 2,07,2 2,07,3 U5
3,12,3 3,12,4 3,13,3 4,12,4 4,13,3 4,13,4 Ba6
2,11,3 2,11,4 2,12,4 2,13,4 3,13,4 L15
0,11,3 0,11,4 0,12,4 0,13,4 1,12,4 L25
0,12,2 1,12,2 1,13,2 1,13,3 1,13,4 L45
0,12,3 0,13,2 0,13,3 1,11,3 1,12,3 N15
1,10,3 1,10,4 1,11,4 2,09,4 2,10,4 N25
0,10,2 0,10,3 0,10,4 0,11,1 0,11,2 N5
1,09,2 1,09,3 1,09,4 2,09,2 2,09,3 P5
2,12,1 2,12,2 2,12,3 2,13,1 2,13,2 2,13,3 O06
0,12,0 0,12,1 0,13,1 1,12,1 P4
0,13,0 1,13,0 1,13,1 2,13,0 T4
2,10,3 3,09,3 3,09,4 3,10,3 3,10,4 4,09,4 Qe6
3,11,3 3,11,4 4,10,2 4,11,2 4,11,3 S15
4,09,2 4,09,3 4,10,3 4,10,4 4,11,4 W5
3,11,2 3,12,1 3,12,2 4,12,2 4,12,3 4,13,2 Nt6
3,13,1 3,13,2 4,12,1 4,13,0 4,13,1 S25
1,12,0 2,12,0 3,12,0 3,13,0 4,12,0 Y5
0,11,0 1,11,0 2,11,0 2,11,1 2,11,2 V5
1,10,2 1,11,2 2,09,1 2,10,1 2,10,2 V15
1,09,0 1,10,0 2,10,0 3,10,0 3,11,0 Z5
2,09,0 3,09,0 3,09,1 3,09,2 4,09,0 T5
3,10,1 3,10,2 3,11,1 4,11,0 4,11,1 V25
0,10,0 0,10,1 1,09,1 1,10,1 1,11,1 T25
4,09,1 4,10,0 4,10,1 V3

T4  T4  T4  Y5  S25     P4  T4  O06 S25 S25     N15 L45 O06 S25 Nt6     N15 L45 O06 Ba6 Ba6     L25 L45 L15 L15 Ba6
P4  Y5  Y5  Y5  Y5      P4  P4  O06 Nt6 S25     L45 L45 O06 Nt6 Nt6     N15 N15 O06 Ba6 Nt6     L25 L25 L15 Ba6 Ba6
V5  V5  V5  Z5  V25     N5  T25 V5  V25 V25     N5  V15 V5  Nt6 S15     L25 N15 L15 S15 S15     L25 N25 L15 S15 W5
T25 Z5  Z5  Z5  V3      T25 T25 V15 V25 V3      N5  V15 V15 V25 S15     N5  N25 Qe6 Qe6 W5      N5  N25 N25 Qe6 W5
I5  Z5  T5  T5  T5      I5  T25 V15 T5  V3      I5  P5  P5  T5  W5      I5  P5  P5  Qe6 W5      I5  P5  N25 Qe6 Qe6

L35 L35 L35 Q5          B4  B4  L35 Q5          U5  U5  U5  L5          U5  S4  U5  L5
B4  I3  L35 Q5          B4  Tp6 Q5  Q5          J45 J45 J15 J15         S4  S4  L4  L5
J45 I3  Tp6 A5          J45 Tp6 Tp6 A5          J45 O4  Tp6 J15         S4  O4  L4  L5
I4  I3  A5  A5          I4  Tp6 A5  J15         I4  O4  L4  J15         I4  O4  L4  L5

F5  F5  J25             X5  J25 J25             A4  A4  J25
X5  F5  F5              X5  A4  T15             X5  A4  J25
M   F5  T15             X5  T15 T15             D   D   T15

solution 9 (72,938 searches):
0,09,0 0,09,1 0,09,2 0,09,3 0,09,4 I5
0,04,0 0,04,1 0,04,2 0,04,3 I4
0,00,1 0,01,0 0,01,1 0,01,2 0,02,1 X5
0,02,2 1,01,1 1,01,2 1,02,2 A4
0,00,2 1,00,2 D
0,02,0 1,00,0 1,01,0 1,02,0 2,01,0 F5
0,00,0 M
1,02,1 2,01,2 2,02,0 2,02,1 2,02,2 J25
1,00,1 2,00,0 2,00,1 2,00,2 2,01,1 T15
1,04,1 1,05,1 1,06,1 2,05,0 2,05,1 2,05,2 Tp6
1,04,0 1,05,0 1,06,0 I3
2,04,0 2,04,1 3,04,0 3,05,0 3,05,1 A5
2,06,2 3,04,1 3,04,2 3,05,2 3,06,2 J15
0,05,0 0,05,1 0,05,2 0,06,2 1,06,2 J45
0,06,0 0,06,1 0,07,1 1,07,1 B4
0,07,0 1,07,0 2,06,0 2,07,0 2,07,1 L35
2,06,1 3,06,0 3,06,1 3,07,0 3,07,1 Q5
2,04,2 2,04,3 2,05,3 2,06,3 L4
3,04,3 3,05,3 3,06,3 3,07,2 3,07,3 L5
1,04,2 1,04,3 1,05,2 1,05,3 O4
0,05,3 0,06,3 1,06,3 1,07,3 S4
0,07,2 0,07,3 1,07,2 2,07,2 2,07,3 U5
3,12,3 3,12,4 3,13,3 4,12,4 4,13,3 4,13,4 Ba6
2,11,3 2,11,4 2,12,4 2,13,4 3,13,4 L15
0,11,3 0,11,4 0,12,4 0,13,4 1,12,4 L25
0,12,2 1,12,2 1,13,2 1,13,3 1,13,4 L45
0,12,3 0,13,2 0,13,3 1,11,3 1,12,3 N15
1,10,3 1,10,4 1,11,4 2,09,4 2,10,4 N25
0,10,2 0,10,3 0,10,4 0,11,1 0,11,2 N5
1,09,2 1,09,3 1,09,4 2,09,2 2,09,3 P5
2,12,1 2,12,2 2,12,3 2,13,1 2,13,2 2,13,3 O06
0,12,0 0,12,1 0,13,1 1,12,1 P4
0,13,0 1,13,0 1,13,1 2,13,0 T4
2,10,3 3,09,3 3,09,4 3,10,3 3,10,4 4,09,4 Qe6
3,11,3 3,11,4 4,10,2 4,11,2 4,11,3 S15
4,09,2 4,09,3 4,10,3 4,10,4 4,11,4 W5
3,11,2 3,12,1 3,12,2 4,12,2 4,12,3 4,13,2 Nt6
3,13,1 3,13,2 4,12,1 4,13,0 4,13,1 S25
1,12,0 2,12,0 3,12,0 3,13,0 4,12,0 Y5
0,11,0 1,09,0 1,10,0 1,11,0 2,09,0 Z5
0,10,0 0,10,1 1,10,1 1,11,1 1,11,2 V25
1,09,1 2,09,1 3,09,0 3,09,1 3,09,2 T5
2,11,0 3,11,0 4,09,0 4,10,0 4,11,0 V5
1,10,2 2,10,2 2,11,1 2,11,2 3,11,1 V15
2,10,0 2,10,1 3,10,0 V3
3,10,1 3,10,2 4,09,1 4,10,1 4,11,1 T25

T4  T4  T4  Y5  S25     P4  T4  O06 S25 S25     N15 L45 O06 S25 Nt6     N15 L45 O06 Ba6 Ba6     L25 L45 L15 L15 Ba6
P4  Y5  Y5  Y5  Y5      P4  P4  O06 Nt6 S25     L45 L45 O06 Nt6 Nt6     N15 N15 O06 Ba6 Nt6     L25 L25 L15 Ba6 Ba6
Z5  Z5  V5  V5  V5      N5  V25 V15 V15 T25     N5  V25 V15 Nt6 S15     L25 N15 L15 S15 S15     L25 N25 L15 S15 W5
V25 Z5  V3  V3  V5      V25 V25 V3  T25 T25     N5  V15 V15 T25 S15     N5  N25 Qe6 Qe6 W5      N5  N25 N25 Qe6 W5
I5  Z5  Z5  T5  V5      I5  T5  T5  T5  T25     I5  P5  P5  T5  W5      I5  P5  P5  Qe6 W5      I5  P5  N25 Qe6 Qe6

L35 L35 L35 Q5          B4  B4  L35 Q5          U5  U5  U5  L5          U5  S4  U5  L5
B4  I3  L35 Q5          B4  Tp6 Q5  Q5          J45 J45 J15 J15         S4  S4  L4  L5
J45 I3  Tp6 A5          J45 Tp6 Tp6 A5          J45 O4  Tp6 J15         S4  O4  L4  L5
I4  I3  A5  A5          I4  Tp6 A5  J15         I4  O4  L4  J15         I4  O4  L4  L5

F5  F5  J25             X5  J25 J25             A4  A4  J25
X5  F5  F5              X5  A4  T15             X5  A4  J25
M   F5  T15             X5  T15 T15             D   D   T15

solution 10 (73,174 searches):
0,09,0 0,09,1 0,09,2 0,09,3 0,09,4 I5
0,04,0 0,04,1 0,04,2 0,04,3 I4
0,00,1 0,01,0 0,01,1 0,01,2 0,02,1 X5
0,02,2 1,01,1 1,01,2 1,02,2 A4
0,00,2 1,00,2 D
0,02,0 1,00,0 1,01,0 1,02,0 2,01,0 F5
0,00,0 M
1,02,1 2,01,2 2,02,0 2,02,1 2,02,2 J25
1,00,1 2,00,0 2,00,1 2,00,2 2,01,1 T15
1,04,1 1,05,1 1,06,1 2,05,0 2,05,1 2,05,2 Tp6
1,04,0 1,05,0 1,06,0 I3
2,04,0 2,04,1 3,04,0 3,05,0 3,05,1 A5
2,06,2 3,04,1 3,04,2 3,05,2 3,06,2 J15
0,05,0 0,05,1 0,05,2 0,06,2 1,06,2 J45
0,06,0 0,06,1 0,07,1 1,07,1 B4
0,07,0 1,07,0 2,06,0 2,07,0 2,07,1 L35
2,06,1 3,06,0 3,06,1 3,07,0 3,07,1 Q5
2,04,2 2,04,3 2,05,3 2,06,3 L4
3,04,3 3,05,3 3,06,3 3,07,2 3,07,3 L5
1,04,2 1,04,3 1,05,2 1,05,3 O4
0,05,3 0,06,3 1,06,3 1,07,3 S4
0,07,2 0,07,3 1,07,2 2,07,2 2,07,3 U5
3,12,3 3,12,4 3,13,3 4,12,4 4,13,3 4,13,4 Ba6
2,11,3 2,11,4 2,12,4 2,13,4 3,13,4 L15
0,11,3 0,11,4 0,12,4 0,13,4 1,12,4 L25
0,12,2 1,12,2 1,13,2 1,13,3 1,13,4 L45
0,12,3 0,13,2 0,13,3 1,11,3 1,12,3 N15
1,10,3 1,10,4 1,11,4 2,09,4 2,10,4 N25
0,10,2 0,10,3 0,10,4 0,11,1 0,11,2 N5
1,09,2 1,09,3 1,09,4 2,09,2 2,09,3 P5
2,12,1 2,12,2 2,12,3 2,13,1 2,13,2 2,13,3 O06
0,12,0 0,12,1 0,13,1 1,12,1 P4
0,13,0 1,13,0 1,13,1 2,13,0 T4
2,10,3 3,09,3 3,09,4 3,10,3 3,10,4 4,09,4 Qe6
3,11,3 3,11,4 4,10,2 4,11,2 4,11,3 S15
4,09,2 4,09,3 4,10,3 4,10,4 4,11,4 W5
3,11,2 3,12,1 3,12,2 4,12,2 4,12,3 4,13,2 Nt6
3,13,1 3,13,2 4,12,1 4,13,0 4,13,1 S25
1,11,0 1,12,0 2,12,0 3,12,0 3,13,0 Z5
0,10,0 0,10,1 0,11,0 1,09,1 1,10,1 V15
1,10,2 1,11,2 2,10,2 V3
1,11,1 2,11,1 2,11,2 3,11,1 4,11,1 Y5
2,11,0 3,11,0 4,10,0 4,11,0 4,12,0 T5
1,09,0 2,09,0 3,09,0 3,09,1 3,09,2 V5
3,10,1 3,10,2 4,09,0 4,09,1 4,10,1 V25
1,10,0 2,09,1 2,10,0 2,10,1 3,10,0 T25

T4  T4  T4  Z5  S25     P4  T4  O06 S25 S25     N15 L45 O06 S25 Nt6     N15 L45 O06 Ba6 Ba6     L25 L45 L15 L15 Ba6
P4  Z5  Z5  Z5  T5      P4  P4  O06 Nt6 S25     L45 L45 O06 Nt6 Nt6     N15 N15 O06 Ba6 Nt6     L25 L25 L15 Ba6 Ba6
V15 Z5  T5  T5  T5      N5  Y5  Y5  Y5  Y5      N5  V3  Y5  Nt6 S15     L25 N15 L15 S15 S15     L25 N25 L15 S15 W5
V15 T25 T25 T25 T5      V15 V15 T25 V25 V25     N5  V3  V3  V25 S15     N5  N25 Qe6 Qe6 W5      N5  N25 N25 Qe6 W5
I5  V5  V5  V5  V25     I5  V15 T25 V5  V25     I5  P5  P5  V5  W5      I5  P5  P5  Qe6 W5      I5  P5  N25 Qe6 Qe6

L35 L35 L35 Q5          B4  B4  L35 Q5          U5  U5  U5  L5          U5  S4  U5  L5
B4  I3  L35 Q5          B4  Tp6 Q5  Q5          J45 J45 J15 J15         S4  S4  L4  L5
J45 I3  Tp6 A5          J45 Tp6 Tp6 A5          J45 O4  Tp6 J15         S4  O4  L4  L5
I4  I3  A5  A5          I4  Tp6 A5  J15         I4  O4  L4  J15         I4  O4  L4  L5

F5  F5  J25             X5  J25 J25             A4  A4  J25
X5  F5  F5              X5  A4  T15             X5  A4  J25
M   F5  T15             X5  T15 T15             D   D   T15

User-requested solution limit reached.
10 solutions, 73,174 searches, duration 0:00:12.355468
