solving SolidPentominoesSquareTower5:

solution 1:
2,0,0 2,0,1 2,0,2 2,0,3 2,0,4 I
0,2,1 0,3,0 0,3,1 0,3,2 0,4,1 X
0,2,0 0,2,2 1,2,0 1,2,1 1,2,2 U
0,2,4 1,2,3 1,2,4 2,2,2 2,2,3 W
2,1,0 2,1,1 2,1,2 2,1,3 2,2,0 L
2,1,4 2,2,4 2,3,2 2,3,3 2,3,4 V
2,2,1 2,3,0 2,3,1 2,4,1 2,4,2 F
0,4,0 1,4,0 1,4,1 1,4,2 2,4,0 T
0,4,3 1,4,3 1,4,4 2,4,3 2,4,4 P
0,2,3 0,3,3 0,3,4 0,4,4 0,5,4 N
0,4,2 0,5,0 0,5,1 0,5,2 0,6,0 Z
0,5,3 0,6,1 0,6,2 0,6,3 0,6,4 Y

Z         Y         Y         Y         Y
Z         Z         Z         Y         N
T T T     X T F     Z T F     P P P     N P P
X   F     X   F     X   V     N   V     N   V
U U L     X U F     U U W     N W W     W W V
    L         L         L         L         V
    I         I         I         I         I

solution 2:
2,0,0 2,0,1 2,0,2 2,0,3 2,0,4 I
0,2,1 0,3,0 0,3,1 0,3,2 0,4,1 X
0,2,0 0,2,2 1,2,0 1,2,1 1,2,2 U
0,2,4 1,2,3 1,2,4 2,2,2 2,2,3 W
2,1,0 2,1,1 2,1,2 2,1,3 2,2,0 L
2,1,4 2,2,4 2,3,2 2,3,3 2,3,4 V
2,2,1 2,3,0 2,3,1 2,4,1 2,4,2 F
0,4,2 1,4,0 1,4,1 1,4,2 2,4,0 Z
0,4,0 0,5,0 0,5,1 0,5,2 0,6,0 T
0,4,3 1,4,3 1,4,4 2,4,3 2,4,4 P
0,2,3 0,3,3 0,3,4 0,4,4 0,5,4 N
0,5,3 0,6,1 0,6,2 0,6,3 0,6,4 Y

T         Y         Y         Y         Y
T         T         T         Y         N
T Z Z     X Z F     Z Z F     P P P     N P P
X   F     X   F     X   V     N   V     N   V
U U L     X U F     U U W     N W W     W W V
    L         L         L         L         V
    I         I         I         I         I

solution 3:
2,0,0 2,0,1 2,0,2 2,0,3 2,0,4 I
0,2,1 0,3,0 0,3,1 0,3,2 0,4,1 X
0,2,0 0,2,2 1,2,0 1,2,1 1,2,2 U
1,2,4 2,1,4 2,2,4 2,3,4 2,4,4 Y
0,2,3 1,2,3 2,1,3 2,2,3 2,3,3 T
0,2,4 0,3,3 0,3,4 0,4,3 0,5,3 N
0,4,4 0,5,4 0,6,2 0,6,3 0,6,4 V
1,4,1 1,4,2 1,4,3 1,4,4 2,4,1 L
0,4,0 0,5,0 1,4,0 2,3,0 2,4,0 Z
0,4,2 0,5,1 0,5,2 0,6,0 0,6,1 W
2,2,2 2,3,1 2,3,2 2,4,2 2,4,3 F
2,1,0 2,1,1 2,1,2 2,2,0 2,2,1 P

W         W         V         V         V
Z         W         W         N         V
Z Z Z     X L L     W L F     N L F     V L Y
X   Z     X   F     X   F     N   T     N   Y
U U P     X U P     U U F     T T T     N Y Y
    P         P         P         T         Y
    I         I         I         I         I

solution 4:
2,0,0 2,0,1 2,0,2 2,0,3 2,0,4 I
0,2,1 0,3,0 0,3,1 0,3,2 0,4,1 X
0,2,0 0,2,2 1,2,0 1,2,1 1,2,2 U
1,2,4 2,1,4 2,2,4 2,3,4 2,4,4 Y
0,2,3 1,2,3 2,1,3 2,2,3 2,3,3 T
0,2,4 0,3,3 0,3,4 0,4,2 0,4,3 W
0,4,4 0,5,4 0,6,2 0,6,3 0,6,4 V
0,5,1 0,5,2 0,5,3 0,6,0 0,6,1 N
0,4,0 0,5,0 1,4,0 2,3,0 2,4,0 Z
1,4,1 1,4,2 1,4,3 1,4,4 2,4,1 L
2,2,2 2,3,1 2,3,2 2,4,2 2,4,3 F
2,1,0 2,1,1 2,1,2 2,2,0 2,2,1 P

N         N         V         V         V
Z         N         N         N         V
Z Z Z     X L L     W L F     W L F     V L Y
X   Z     X   F     X   F     W   T     W   Y
U U P     X U P     U U F     T T T     W Y Y
    P         P         P         T         Y
    I         I         I         I         I

solution 5:
2,0,0 2,0,1 2,0,2 2,0,3 2,0,4 I
0,2,1 0,3,0 0,3,1 0,3,2 0,4,1 X
0,2,0 1,2,0 1,2,1 2,2,1 2,2,2 W
2,1,0 2,1,1 2,1,2 2,2,0 2,3,0 V
0,2,2 0,2,4 1,2,2 1,2,3 1,2,4 U
2,1,3 2,1,4 2,2,4 2,3,4 2,4,4 L
2,2,3 2,3,1 2,3,2 2,3,3 2,4,3 T
0,4,0 1,4,0 1,4,1 2,4,0 2,4,1 P
0,4,3 1,4,2 1,4,3 1,4,4 2,4,2 F
0,2,3 0,3,3 0,3,4 0,4,4 0,5,4 N
0,4,2 0,5,0 0,5,1 0,5,2 0,6,0 Z
0,5,3 0,6,1 0,6,2 0,6,3 0,6,4 Y

Z         Y         Y         Y         Y
Z         Z         Z         Y         N
P P P     X P P     Z F F     F F T     N F L
X   V     X   T     X   T     N   T     N   L
W W V     X W W     U U W     N U T     U U L
    V         V         V         L         L
    I         I         I         I         I

solution 6:
2,0,0 2,0,1 2,0,2 2,0,3 2,0,4 I
0,2,1 0,3,0 0,3,1 0,3,2 0,4,1 X
0,2,0 1,2,0 1,2,1 1,2,2 2,2,2 Z
0,2,2 0,2,3 1,2,3 1,2,4 2,2,4 W
2,1,1 2,1,2 2,1,3 2,1,4 2,2,1 L
2,1,0 2,2,0 2,3,0 2,3,1 2,4,1 N
1,4,0 1,4,1 1,4,2 2,4,0 2,4,2 U
2,2,3 2,3,2 2,3,3 2,3,4 2,4,4 F
0,2,4 0,3,4 0,4,4 0,5,4 1,4,4 Y
0,3,3 0,4,3 0,5,3 1,4,3 2,4,3 T
0,4,2 0,5,2 0,6,2 0,6,3 0,6,4 V
0,4,0 0,5,0 0,5,1 0,6,0 0,6,1 P

P         P         V         V         V
P         P         V         T         Y
P U U     X U N     V U U     T T T     Y Y F
X   N     X   N     X   F     T   F     Y   F
Z Z N     X Z L     W Z Z     W W F     Y W W
    N         L         L         L         L
    I         I         I         I         I

solution 7:
2,0,0 2,0,1 2,0,2 2,0,3 2,0,4 I
2,2,1 2,3,0 2,3,1 2,3,2 2,4,1 X
2,1,0 2,1,1 2,1,2 2,1,3 2,2,3 L
2,1,4 2,2,4 2,3,3 2,3,4 2,4,3 N
0,2,1 0,2,2 1,2,0 1,2,1 2,2,0 W
0,2,4 1,2,2 1,2,3 1,2,4 2,2,2 Z
0,3,4 0,4,4 0,5,4 1,4,4 2,4,4 T
0,4,2 0,5,2 0,6,2 0,6,3 0,6,4 V
0,2,3 0,3,3 0,4,3 0,5,3 1,4,3 Y
0,2,0 0,3,0 0,3,1 0,3,2 0,4,1 F
0,4,0 0,5,0 0,5,1 0,6,0 0,6,1 P
1,4,0 1,4,1 1,4,2 2,4,0 2,4,2 U

P         P         V         V         V
P         P         V         Y         T
P U U     F U X     V U U     Y Y N     T T T
F   X     F   X     F   X     Y   N     T   N
F W W     W W X     W Z Z     Y Z L     Z Z N
    L         L         L         L         N
    I         I         I         I         I

solution 8:
2,0,0 2,0,1 2,0,2 2,0,3 2,0,4 I
2,2,1 2,3,0 2,3,1 2,3,2 2,4,1 X
0,2,0 0,3,0 1,2,0 2,1,0 2,2,0 Z
2,1,1 2,1,2 2,1,3 2,2,3 2,3,3 V
1,2,4 2,1,4 2,2,4 2,3,4 2,4,4 Y
0,4,0 1,4,0 1,4,1 1,4,2 2,4,0 T
0,4,4 1,4,3 1,4,4 2,4,2 2,4,3 W
0,2,1 1,2,1 1,2,2 1,2,3 2,2,2 F
0,2,2 0,2,3 0,2,4 0,3,2 0,3,4 U
0,3,3 0,4,3 0,5,3 0,5,4 0,6,4 N
0,3,1 0,4,1 0,4,2 0,5,1 0,5,2 P
0,5,0 0,6,0 0,6,1 0,6,2 0,6,3 L

L         L         L         L         N
L         P         P         N         N
T T T     P T X     P T W     N W W     W W Y
Z   X     P   X     U   X     N   V     U   Y
Z Z Z     F F X     U F F     U F V     U Y Y
    Z         V         V         V         Y
    I         I         I         I         I

solution 9:
2,0,0 2,0,1 2,0,2 2,0,3 2,0,4 I
2,2,2 2,3,1 2,3,2 2,3,3 2,4,2 X
2,1,1 2,1,2 2,1,3 2,1,4 2,2,1 L
0,2,0 1,2,0 2,1,0 2,2,0 2,3,0 T
0,2,4 1,2,4 2,2,4 2,3,4 2,4,4 V
0,2,1 1,2,1 1,2,2 1,2,3 2,2,3 Z
0,4,4 1,4,2 1,4,3 1,4,4 2,4,3 F
0,4,0 1,4,0 1,4,1 2,4,0 2,4,1 P
0,2,2 0,2,3 0,3,0 0,3,1 0,3,2 N
0,3,3 0,3,4 0,4,3 0,5,3 0,5,4 U
0,4,1 0,4,2 0,5,0 0,5,1 0,6,0 W
0,5,2 0,6,1 0,6,2 0,6,3 0,6,4 Y

W         Y         Y         Y         Y
W         W         Y         U         U
P P P     W P P     W F X     U F F     F F V
N   T     N   X     N   X     U   X     U   V
T T T     Z Z L     N Z X     N Z Z     V V V
    T         L         L         L         L
    I         I         I         I         I

solution 10:
2,0,0 2,0,1 2,0,2 2,0,3 2,0,4 I
2,2,2 2,3,1 2,3,2 2,3,3 2,4,2 X
0,2,4 1,2,4 2,1,4 2,2,4 2,3,4 T
2,1,0 2,1,1 2,1,2 2,1,3 2,2,1 Y
0,2,1 1,2,1 1,2,2 1,2,3 2,2,3 Z
0,2,0 1,2,0 2,2,0 2,3,0 2,4,0 V
0,4,2 1,4,0 1,4,1 1,4,2 2,4,1 F
0,4,3 1,4,3 1,4,4 2,4,3 2,4,4 P
0,2,2 0,2,3 0,3,1 0,3,2 0,4,1 W
0,3,0 0,4,0 0,5,0 0,6,0 0,6,1 L
0,3,3 0,3,4 0,4,4 0,5,3 0,5,4 U
0,5,1 0,5,2 0,6,2 0,6,3 0,6,4 N

L         L         N         N         N
L         N         N         U         U
L F V     W F F     F F X     P P P     U P P
L   V     W   X     W   X     U   X     U   T
V V V     Z Z Y     W Z X     W Z Z     T T T
    Y         Y         Y         Y         T
    I         I         I         I         I

...

solution 106:
0,2,4 0,3,4 0,4,4 0,5,4 0,6,4 I
0,2,3 1,2,2 1,2,3 1,2,4 2,2,3 X
2,0,1 2,0,2 2,0,3 2,0,4 2,1,3 Y
2,1,4 2,2,4 2,3,2 2,3,3 2,3,4 V
2,0,0 2,1,0 2,1,1 2,1,2 2,2,2 Z
0,2,1 0,2,2 1,2,0 1,2,1 2,2,0 W
2,2,1 2,3,0 2,3,1 2,4,1 2,4,2 F
0,4,0 1,4,0 1,4,1 1,4,2 2,4,0 T
0,4,3 1,4,3 1,4,4 2,4,3 2,4,4 P
0,2,0 0,3,0 0,3,1 0,4,1 0,5,1 N
0,3,2 0,3,3 0,4,2 0,5,2 0,5,3 U
0,5,0 0,6,0 0,6,1 0,6,2 0,6,3 L

L         L         L         L         I
L         N         U         U         I
T T T     N T F     U T F     P P P     I P P
N   F     N   F     U   V     U   V     I   V
N W W     W W F     W X Z     X X X     I X V
    Z         Z         Z         Y         V
    Z         Y         Y         Y         Y

106 solutions, 298,818 searches, duration 0:00:46.516459
