solving SolidHexominoesSteppedBlock13x5x4:

solution 1 (2,073,160 searches):
0,00,0 0,01,0 0,02,0 0,03,0 0,04,0 0,05,0 I06
1,00,0 1,01,0 1,01,1 1,02,0 1,02,1 1,02,2 A06
0,01,1 0,02,1 0,02,2 0,03,1 0,03,2 0,04,1 D06
3,00,0 3,01,0 3,02,0 3,03,0 4,00,0 4,03,0 C06
2,00,0 2,01,0 2,02,0 2,02,1 2,02,2 2,03,1 F36
2,01,1 3,01,1 3,02,1 3,03,1 3,04,1 4,03,1 F16
4,01,0 4,01,1 4,02,0 4,02,1 4,02,2 4,02,3 P06
2,03,2 2,04,2 3,02,2 3,03,2 4,03,2 4,04,2 E06
0,02,3 1,02,3 1,03,3 1,04,3 1,05,3 2,03,3 F06
2,02,3 2,04,3 2,05,3 3,02,3 3,03,3 3,04,3 G06
4,03,3 4,04,1 4,04,3 4,05,1 4,05,2 4,05,3 J06
0,03,3 0,04,3 0,05,3 0,06,3 0,07,3 1,07,3 L06
0,04,2 0,05,2 1,05,2 1,06,2 1,07,2 2,05,2 F26
1,03,1 1,03,2 1,04,0 1,04,1 1,04,2 1,05,1 K06
1,03,0 1,05,0 2,03,0 2,04,0 2,05,0 3,05,0 H06
3,04,0 3,06,0 4,04,0 4,05,0 4,06,0 4,07,0 U06
1,06,3 2,06,3 2,07,3 2,08,3 3,08,3 3,09,3 M06
3,04,2 3,05,2 3,05,3 3,06,2 3,06,3 3,07,3 N06
4,06,3 4,07,3 4,08,3 4,09,2 4,09,3 4,10,2 N16
4,06,2 4,07,2 4,08,1 4,08,2 4,09,1 4,10,1 S06
1,10,2 2,10,1 2,10,2 3,10,2 3,10,3 4,10,3 W26
0,11,1 1,11,1 2,11,1 3,11,0 3,11,1 4,11,1 Y06
0,08,3 0,09,3 1,08,3 1,09,3 1,10,3 2,10,3 Q06
2,12,0 3,12,0 4,09,0 4,10,0 4,11,0 4,12,0 V06
0,08,0 0,09,0 0,09,1 0,10,1 0,10,2 0,10,3 W06
0,10,0 0,11,0 0,12,0 1,11,0 1,12,0 2,11,0 R06
0,05,1 0,06,0 0,06,1 0,06,2 0,07,1 0,08,1 X06
0,07,2 0,08,2 1,08,2 2,08,2 3,08,2 3,09,2 Z06
0,09,2 1,09,2 2,09,0 2,09,1 2,09,2 2,09,3 T16
1,10,0 2,10,0 3,08,0 3,09,0 3,10,0 4,08,0 Z16
0,07,0 1,06,0 1,07,0 1,08,0 1,09,0 2,08,0 X16
1,06,1 1,07,1 1,08,1 1,09,1 1,10,1 2,08,1 Y16
2,04,1 2,05,1 3,05,1 3,06,1 4,06,1 4,07,1 W16
3,07,0 3,07,1 3,07,2 3,08,1 3,09,1 3,10,1 T06
2,06,0 2,06,1 2,06,2 2,07,0 2,07,1 2,07,2 O06

R06 R06 V06 V06 V06
R06 R06 R06 Y06 V06     Y06 Y06 Y06 Y06 Y06
R06 Z16 Z16 Z16 V06     W06 Y16 W26 T06 S06     W06 W26 W26 W26 N16     W06 Q06 Q06 W26 W26
W06 X16 T16 Z16 V06     W06 Y16 T16 T06 S06     T16 T16 T16 Z06 N16     Q06 Q06 T16 M06 N16
W06 X16 X16 Z16 Z16     X06 Y16 Y16 T06 S06     Z06 Z06 Z06 Z06 S06     Q06 Q06 M06 M06 N16
X16 X16 O06 T06 U06     X06 Y16 O06 T06 W16     Z06 F26 O06 T06 S06     L06 L06 M06 N06 N16
X06 X16 O06 U06 U06     X06 Y16 O06 W16 W16     X06 F26 O06 N06 S06     L06 M06 M06 N06 N16
I06 H06 H06 H06 U06     X06 K06 W16 W16 J06     F26 F26 F26 N06 J06     L06 F06 G06 N06 J06
I06 K06 H06 U06 U06     D06 K06 W16 F16 J06     F26 K06 E06 N06 E06     L06 F06 G06 G06 J06
I06 H06 H06 C06 C06     D06 K06 F36 F16 F16     D06 K06 E06 E06 E06     L06 F06 F06 G06 J06
I06 A06 F36 C06 P06     D06 A06 F36 F16 P06     D06 A06 F36 E06 P06     F06 F06 G06 G06 P06
I06 A06 F36 C06 P06     D06 A06 F16 F16 P06
I06 A06 F36 C06 C06

solution 2 (8,477,561 searches):
0,00,0 0,01,0 0,02,0 0,03,0 0,04,0 0,05,0 I06
1,00,0 1,01,0 1,01,1 1,02,0 1,02,1 1,02,2 A06
0,01,1 0,02,1 0,02,2 0,03,1 0,03,2 0,04,1 D06
3,00,0 3,01,0 3,02,0 3,03,0 4,00,0 4,03,0 C06
2,00,0 2,01,0 2,02,0 2,02,1 2,02,2 2,03,1 F36
2,01,1 3,01,1 3,02,1 3,03,1 3,04,1 4,03,1 F16
4,01,0 4,01,1 4,02,0 4,02,1 4,02,2 4,02,3 P06
2,03,2 2,04,2 3,02,2 3,03,2 4,03,2 4,04,2 E06
0,02,3 1,02,3 1,03,3 1,04,3 1,05,3 2,03,3 F06
2,02,3 2,04,3 2,05,3 3,02,3 3,03,3 3,04,3 G06
4,03,3 4,04,1 4,04,3 4,05,1 4,05,2 4,05,3 J06
0,03,3 0,04,3 0,05,3 0,06,3 0,07,3 1,07,3 L06
0,04,2 0,05,2 1,05,2 1,06,2 1,07,2 2,05,2 F26
1,03,1 1,03,2 1,04,0 1,04,1 1,04,2 1,05,1 K06
1,03,0 1,05,0 2,03,0 2,04,0 2,05,0 3,05,0 H06
3,04,0 3,06,0 4,04,0 4,05,0 4,06,0 4,07,0 U06
1,06,3 2,06,3 2,07,3 2,08,3 3,08,3 3,09,3 M06
3,04,2 3,05,2 3,05,3 3,06,2 3,06,3 3,07,3 N06
4,06,1 4,06,2 4,06,3 4,07,1 4,07,2 4,07,3 O06
1,06,1 1,07,1 1,08,1 2,04,1 2,05,1 2,06,1 S06
3,05,1 3,06,1 3,07,1 3,07,2 3,08,1 3,09,1 Y16
0,05,1 0,06,0 0,06,1 0,06,2 0,07,1 0,08,1 X06
0,07,2 0,08,2 0,09,2 0,10,2 1,10,2 2,10,2 V06
0,08,3 0,09,3 0,10,3 1,08,3 1,09,3 2,09,3 R06
1,10,3 2,10,3 3,10,1 3,10,2 3,10,3 4,10,3 T16
1,08,2 2,08,2 3,08,2 4,08,1 4,08,2 4,08,3 T06
2,06,2 2,07,1 2,07,2 2,08,1 2,09,1 2,10,1 N16
0,09,1 0,10,1 1,10,1 1,11,1 2,11,1 3,11,1 W06
0,08,0 0,09,0 0,10,0 0,11,0 0,11,1 0,12,0 Y06
1,09,1 1,09,2 2,09,2 3,09,2 4,09,2 4,09,3 Z06
4,09,1 4,10,1 4,10,2 4,11,0 4,11,1 4,12,0 W26
0,07,0 1,06,0 1,07,0 1,08,0 1,09,0 2,08,0 X16
2,06,0 2,07,0 3,07,0 3,08,0 4,08,0 4,09,0 W16
1,10,0 1,11,0 2,09,0 2,10,0 2,11,0 3,09,0 Q06
1,12,0 2,12,0 3,10,0 3,11,0 3,12,0 4,10,0 Z16

Y06 Z16 Z16 Z16 W26
Y06 Q06 Q06 Z16 W26     Y06 W06 W06 W06 W26
Y06 Q06 Q06 Z16 Z16     W06 W06 N16 T16 W26     V06 V06 V06 T16 W26     R06 T16 T16 T16 T16
Y06 X16 Q06 Q06 W16     W06 Z06 N16 Y16 W26     V06 Z06 Z06 Z06 Z06     R06 R06 R06 M06 Z06
Y06 X16 X16 W16 W16     X06 S06 N16 Y16 T06     V06 T06 T06 T06 T06     R06 R06 M06 M06 T06
X16 X16 W16 W16 U06     X06 S06 N16 Y16 O06     V06 F26 N16 Y16 O06     L06 L06 M06 N06 O06
X06 X16 W16 U06 U06     X06 S06 S06 Y16 O06     X06 F26 N16 N06 O06     L06 M06 M06 N06 O06
I06 H06 H06 H06 U06     X06 K06 S06 Y16 J06     F26 F26 F26 N06 J06     L06 F06 G06 N06 J06
I06 K06 H06 U06 U06     D06 K06 S06 F16 J06     F26 K06 E06 N06 E06     L06 F06 G06 G06 J06
I06 H06 H06 C06 C06     D06 K06 F36 F16 F16     D06 K06 E06 E06 E06     L06 F06 F06 G06 J06
I06 A06 F36 C06 P06     D06 A06 F36 F16 P06     D06 A06 F36 E06 P06     F06 F06 G06 G06 P06
I06 A06 F36 C06 P06     D06 A06 F16 F16 P06
I06 A06 F36 C06 C06

solution 3 (13,881,987 searches):
0,00,0 0,01,0 0,02,0 0,03,0 0,04,0 0,05,0 I06
1,00,0 1,01,0 1,01,1 1,02,0 1,02,1 1,02,2 A06
0,01,1 0,02,1 0,02,2 0,03,1 0,03,2 0,04,1 D06
3,00,0 3,01,0 3,02,0 3,03,0 4,00,0 4,03,0 C06
2,00,0 2,01,0 2,02,0 2,02,1 2,02,2 2,03,1 F36
2,01,1 3,01,1 3,02,1 3,03,1 3,04,1 4,03,1 F16
4,01,0 4,01,1 4,02,0 4,02,1 4,02,2 4,02,3 P06
2,03,2 2,04,2 3,02,2 3,03,2 4,03,2 4,04,2 E06
0,02,3 1,02,3 1,03,3 1,04,3 1,05,3 2,03,3 F06
2,02,3 2,04,3 2,05,3 3,02,3 3,03,3 3,04,3 G06
4,03,3 4,04,1 4,04,3 4,05,1 4,05,2 4,05,3 J06
0,03,3 0,04,3 0,05,3 0,06,3 0,07,3 1,07,3 L06
0,04,2 0,05,2 1,05,2 1,06,2 1,07,2 2,05,2 F26
1,03,1 1,03,2 1,04,0 1,04,1 1,04,2 1,05,1 K06
1,03,0 1,05,0 2,03,0 2,04,0 2,05,0 3,05,0 H06
3,04,0 3,06,0 4,04,0 4,05,0 4,06,0 4,07,0 U06
1,06,3 2,06,3 2,07,3 2,08,3 3,08,3 3,09,3 M06
3,04,2 3,05,2 3,05,3 3,06,2 3,06,3 3,07,3 N06
4,06,1 4,06,2 4,06,3 4,07,1 4,07,2 4,07,3 O06
2,04,1 2,05,1 2,06,1 2,06,2 2,07,1 2,08,1 Y16
3,05,1 3,06,1 3,07,0 3,07,1 3,07,2 3,08,1 X06
0,05,1 0,06,1 0,06,2 0,07,0 0,07,1 0,08,1 X16
0,06,0 1,06,0 1,07,0 1,08,0 1,09,0 2,06,0 T06
1,06,1 1,07,1 1,08,1 1,08,2 1,09,2 1,10,2 S06
0,07,2 0,08,2 0,09,2 0,10,1 0,10,2 0,11,1 N16
0,08,0 0,09,0 0,10,0 0,11,0 1,10,0 2,10,0 T16
0,12,0 1,11,0 1,12,0 2,12,0 3,12,0 4,12,0 Y06
0,09,1 1,09,1 1,10,1 1,11,1 2,10,1 2,11,1 Q06
2,11,0 3,10,0 3,11,0 4,08,0 4,09,0 4,10,0 W06
3,08,0 3,09,0 3,09,1 3,10,1 3,10,2 3,11,1 W26
4,08,1 4,08,2 4,09,1 4,10,1 4,11,0 4,11,1 Z06
1,10,3 2,10,3 3,10,3 4,08,3 4,09,3 4,10,3 V06
2,07,2 2,08,2 3,08,2 3,09,2 4,09,2 4,10,2 W16
0,08,3 0,09,3 0,10,3 1,08,3 1,09,3 2,09,3 R06
2,07,0 2,08,0 2,09,0 2,09,1 2,09,2 2,10,2 Z16

Y06 Y06 Y06 Y06 Y06
T16 Y06 W06 W06 Z06     N16 Q06 Q06 W26 Z06
T16 T16 T16 W06 W06     N16 Q06 Q06 W26 Z06     N16 S06 Z16 W26 W16     R06 V06 V06 V06 V06
T16 T06 Z16 W26 W06     Q06 Q06 Z16 W26 Z06     N16 S06 Z16 W16 W16     R06 R06 R06 M06 V06
T16 T06 Z16 W26 W06     X16 S06 Y16 X06 Z06     N16 S06 W16 W16 Z06     R06 R06 M06 M06 V06
X16 T06 Z16 X06 U06     X16 S06 Y16 X06 O06     N16 F26 W16 X06 O06     L06 L06 M06 N06 O06
T06 T06 T06 U06 U06     X16 S06 Y16 X06 O06     X16 F26 Y16 N06 O06     L06 M06 M06 N06 O06
I06 H06 H06 H06 U06     X16 K06 Y16 X06 J06     F26 F26 F26 N06 J06     L06 F06 G06 N06 J06
I06 K06 H06 U06 U06     D06 K06 Y16 F16 J06     F26 K06 E06 N06 E06     L06 F06 G06 G06 J06
I06 H06 H06 C06 C06     D06 K06 F36 F16 F16     D06 K06 E06 E06 E06     L06 F06 F06 G06 J06
I06 A06 F36 C06 P06     D06 A06 F36 F16 P06     D06 A06 F36 E06 P06     F06 F06 G06 G06 P06
I06 A06 F36 C06 P06     D06 A06 F16 F16 P06
I06 A06 F36 C06 C06

solution 4 (31,341,193 searches):
0,00,0 0,01,0 0,02,0 0,03,0 0,04,0 0,05,0 I06
1,00,0 1,01,0 1,01,1 1,02,0 1,02,1 1,02,2 A06
0,01,1 0,02,1 0,02,2 0,03,1 0,03,2 0,04,1 D06
3,00,0 3,01,0 3,02,0 3,03,0 4,00,0 4,03,0 C06
2,00,0 2,01,0 2,02,0 2,02,1 2,02,2 2,03,1 F36
2,01,1 3,01,1 3,02,1 3,03,1 3,04,1 4,03,1 F16
4,01,0 4,01,1 4,02,0 4,02,1 4,02,2 4,02,3 P06
2,03,2 2,04,2 3,02,2 3,03,2 4,03,2 4,04,2 E06
0,02,3 1,02,3 1,03,3 1,04,3 1,05,3 2,03,3 F06
2,02,3 2,04,3 2,05,3 3,02,3 3,03,3 3,04,3 G06
4,03,3 4,04,1 4,04,3 4,05,1 4,05,2 4,05,3 J06
0,03,3 0,04,3 0,05,3 0,06,3 0,07,3 1,07,3 L06
0,04,2 0,05,2 1,05,2 1,06,2 1,07,2 2,05,2 F26
1,03,1 1,03,2 1,04,0 1,04,1 1,04,2 1,05,1 K06
1,03,0 1,05,0 2,03,0 2,04,0 2,05,0 3,05,0 H06
3,04,0 3,06,0 4,04,0 4,05,0 4,06,0 4,07,0 U06
1,06,3 2,06,3 2,07,3 2,08,3 3,08,3 3,09,3 M06
3,04,2 3,05,2 3,05,3 3,06,2 3,06,3 3,07,3 N06
4,06,2 4,06,3 4,07,2 4,07,3 4,08,2 4,08,3 O06
4,09,3 4,10,0 4,10,1 4,10,2 4,10,3 4,11,0 Z06
0,12,0 1,12,0 2,11,0 2,12,0 3,12,0 4,12,0 Y16
0,11,0 1,11,0 1,11,1 2,11,1 3,11,1 4,11,1 N16
1,06,1 2,04,1 2,05,1 2,06,1 2,07,1 3,05,1 X16
4,06,1 4,07,1 4,08,1 4,09,0 4,09,1 4,09,2 T06
0,05,1 0,06,1 0,07,1 1,07,1 1,08,1 2,08,1 W06
3,06,1 3,07,0 3,07,1 3,07,2 3,08,1 3,09,1 X06
2,06,2 2,07,2 2,08,2 2,09,2 2,09,3 2,10,2 Y06
3,08,2 3,09,2 3,10,0 3,10,1 3,10,2 3,11,0 Z16
0,10,3 1,08,3 1,09,3 1,10,3 2,10,3 3,10,3 T16
0,06,2 0,07,2 0,08,2 1,08,2 1,09,2 1,10,2 S06
0,08,3 0,09,2 0,09,3 0,10,1 0,10,2 0,11,1 W16
0,08,1 0,09,1 1,09,1 1,10,1 2,09,1 2,10,1 Q06
1,07,0 2,07,0 2,08,0 3,08,0 3,09,0 4,08,0 W26
0,06,0 0,07,0 0,08,0 0,09,0 1,06,0 2,06,0 V06
0,10,0 1,08,0 1,09,0 1,10,0 2,09,0 2,10,0 R06

Y16 Y16 Y16 Y16 Y16
N16 N16 Y16 Z16 Z06     W16 N16 N16 N16 N16
R06 R06 R06 Z16 Z06     W16 Q06 Q06 Z16 Z06     W16 S06 Y06 Z16 Z06     T16 T16 T16 T16 Z06
V06 R06 R06 W26 T06     Q06 Q06 Q06 X06 T06     W16 S06 Y06 Z16 T06     W16 T16 Y06 M06 Z06
V06 R06 W26 W26 W26     Q06 W06 W06 X06 T06     S06 S06 Y06 Z16 O06     W16 T16 M06 M06 O06
V06 W26 W26 X06 U06     W06 W06 X16 X06 T06     S06 F26 Y06 X06 O06     L06 L06 M06 N06 O06
V06 V06 V06 U06 U06     W06 X16 X16 X06 T06     S06 F26 Y06 N06 O06     L06 M06 M06 N06 O06
I06 H06 H06 H06 U06     W06 K06 X16 X16 J06     F26 F26 F26 N06 J06     L06 F06 G06 N06 J06
I06 K06 H06 U06 U06     D06 K06 X16 F16 J06     F26 K06 E06 N06 E06     L06 F06 G06 G06 J06
I06 H06 H06 C06 C06     D06 K06 F36 F16 F16     D06 K06 E06 E06 E06     L06 F06 F06 G06 J06
I06 A06 F36 C06 P06     D06 A06 F36 F16 P06     D06 A06 F36 E06 P06     F06 F06 G06 G06 P06
I06 A06 F36 C06 P06     D06 A06 F16 F16 P06
I06 A06 F36 C06 C06

solution 5 (39,128,001 searches):
0,00,0 0,01,0 0,02,0 0,03,0 0,04,0 0,05,0 I06
1,00,0 1,01,0 1,01,1 1,02,0 1,02,1 1,02,2 A06
0,01,1 0,02,1 0,02,2 0,03,1 0,03,2 0,04,1 D06
3,00,0 3,01,0 3,02,0 3,03,0 4,00,0 4,03,0 C06
2,00,0 2,01,0 2,02,0 2,02,1 2,02,2 2,03,1 F36
2,01,1 3,01,1 3,02,1 3,03,1 3,04,1 4,03,1 F16
4,01,0 4,01,1 4,02,0 4,02,1 4,02,2 4,02,3 P06
2,03,2 2,04,2 3,02,2 3,03,2 4,03,2 4,04,2 E06
0,02,3 1,02,3 1,03,3 1,04,3 1,05,3 2,03,3 F06
2,02,3 2,04,3 2,05,3 3,02,3 3,03,3 3,04,3 G06
4,03,3 4,04,1 4,04,3 4,05,1 4,05,2 4,05,3 J06
0,03,3 0,04,3 0,05,3 0,06,3 0,07,3 1,07,3 L06
0,04,2 0,05,2 1,05,2 1,06,2 1,07,2 2,05,2 F26
1,03,1 1,03,2 1,04,0 1,04,1 1,04,2 1,05,1 K06
1,03,0 1,05,0 2,03,0 2,04,0 2,05,0 3,05,0 H06
3,04,0 3,06,0 4,04,0 4,05,0 4,06,0 4,07,0 U06
1,06,3 2,06,3 2,07,3 2,08,3 3,08,3 3,09,3 M06
3,04,2 3,05,2 3,05,3 3,06,2 3,06,3 3,07,3 N06
4,06,2 4,06,3 4,07,1 4,07,2 4,08,1 4,08,2 Q06
4,07,3 4,08,3 4,09,1 4,09,2 4,09,3 4,10,1 Z16
1,11,1 2,11,1 3,09,1 3,10,1 3,11,1 4,11,1 T16
1,08,3 1,09,3 1,10,3 2,10,3 3,10,3 4,10,3 V06
2,10,2 3,07,2 3,08,2 3,09,2 3,10,2 4,10,2 T06
2,06,1 2,06,2 2,07,2 2,08,2 2,09,2 2,09,3 Z06
2,04,1 2,05,1 3,05,1 3,06,1 3,07,1 4,06,1 W26
0,10,1 0,10,2 0,10,3 0,11,0 0,11,1 0,12,0 W06
0,07,2 0,08,2 0,08,3 0,09,1 0,09,2 0,09,3 R06
0,05,1 0,06,0 0,06,1 0,06,2 0,07,1 0,08,1 X06
1,09,1 2,07,1 2,08,1 2,09,1 2,10,1 3,08,1 X16
1,06,1 1,07,1 1,08,1 1,08,2 1,09,2 1,10,2 S06
1,08,0 1,09,0 1,10,0 1,10,1 1,11,0 1,12,0 Y16
0,07,0 0,08,0 0,09,0 0,10,0 1,06,0 1,07,0 N16
2,06,0 2,07,0 3,07,0 3,08,0 4,08,0 4,09,0 W16
2,08,0 2,09,0 2,10,0 2,11,0 2,12,0 3,09,0 Y06
3,10,0 3,11,0 3,12,0 4,10,0 4,11,0 4,12,0 O06

W06 Y16 Y06 O06 O06
W06 Y16 Y06 O06 O06     W06 T16 T16 T16 T16
N16 Y16 Y06 O06 O06     W06 Y16 X16 T16 Z16     W06 S06 T06 T06 T06     W06 V06 V06 V06 V06
N16 Y16 Y06 Y06 W16     R06 X16 X16 T16 Z16     R06 S06 Z06 T06 Z16     R06 V06 Z06 M06 Z16
N16 Y16 Y06 W16 W16     X06 S06 X16 X16 Q06     R06 S06 Z06 T06 Q06     R06 V06 M06 M06 Z16
N16 N16 W16 W16 U06     X06 S06 X16 W26 Q06     R06 F26 Z06 T06 Q06     L06 L06 M06 N06 Z16
X06 N16 W16 U06 U06     X06 S06 Z06 W26 W26     X06 F26 Z06 N06 Q06     L06 M06 M06 N06 Q06
I06 H06 H06 H06 U06     X06 K06 W26 W26 J06     F26 F26 F26 N06 J06     L06 F06 G06 N06 J06
I06 K06 H06 U06 U06     D06 K06 W26 F16 J06     F26 K06 E06 N06 E06     L06 F06 G06 G06 J06
I06 H06 H06 C06 C06     D06 K06 F36 F16 F16     D06 K06 E06 E06 E06     L06 F06 F06 G06 J06
I06 A06 F36 C06 P06     D06 A06 F36 F16 P06     D06 A06 F36 E06 P06     F06 F06 G06 G06 P06
I06 A06 F36 C06 P06     D06 A06 F16 F16 P06
I06 A06 F36 C06 C06

solution 6 (52,816,565 searches):
0,00,0 0,01,0 0,02,0 0,03,0 0,04,0 0,05,0 I06
1,00,0 1,01,0 1,01,1 1,02,0 1,02,1 1,02,2 A06
0,01,1 0,02,1 0,02,2 0,03,1 0,03,2 0,04,1 D06
3,00,0 3,01,0 3,02,0 3,03,0 4,00,0 4,03,0 C06
2,00,0 2,01,0 2,02,0 2,02,1 2,02,2 2,03,1 F36
2,01,1 3,01,1 3,02,1 3,03,1 3,04,1 4,03,1 F16
4,01,0 4,01,1 4,02,0 4,02,1 4,02,2 4,02,3 P06
2,03,2 2,04,2 3,02,2 3,03,2 4,03,2 4,04,2 E06
0,02,3 1,02,3 1,03,3 1,04,3 1,05,3 2,03,3 F06
2,02,3 2,04,3 2,05,3 3,02,3 3,03,3 3,04,3 G06
4,03,3 4,04,1 4,04,3 4,05,1 4,05,2 4,05,3 J06
0,03,3 0,04,3 0,05,3 0,06,3 0,07,3 1,07,3 L06
0,04,2 0,05,2 1,05,2 1,06,2 1,07,2 2,05,2 F26
1,03,1 1,03,2 1,04,0 1,04,1 1,04,2 1,05,1 K06
1,03,0 1,05,0 2,03,0 2,04,0 2,05,0 3,05,0 H06
3,04,0 3,06,0 4,04,0 4,05,0 4,06,0 4,07,0 U06
1,06,3 2,06,3 2,07,3 2,08,3 3,08,3 3,09,3 M06
3,04,2 3,05,2 3,05,3 3,06,2 3,06,3 3,07,3 N06
4,06,1 4,06,2 4,06,3 4,07,2 4,08,2 4,09,2 T06
2,10,3 3,10,3 4,07,3 4,08,3 4,09,3 4,10,3 V06
2,04,1 2,05,1 2,06,0 2,06,1 2,06,2 2,07,1 X06
3,05,1 3,06,1 3,07,1 4,07,1 4,08,1 4,09,1 S06
0,05,1 0,06,1 0,06,2 0,07,0 0,07,1 0,07,2 R06
0,06,0 1,06,0 1,07,0 2,07,0 2,08,0 3,07,0 W26
1,06,1 1,07,1 1,08,0 1,08,1 1,09,1 1,10,1 Y16
1,08,2 1,08,3 2,08,1 2,08,2 3,08,0 3,08,1 W16
2,07,2 3,07,2 3,08,2 3,09,2 3,10,2 4,10,2 Z06
1,10,2 1,10,3 2,10,1 2,10,2 3,10,1 4,10,1 W06
1,09,2 1,09,3 2,09,1 2,09,2 2,09,3 3,09,1 Q06
0,11,0 1,11,0 1,11,1 2,11,1 3,11,1 4,11,1 N16
0,12,0 1,12,0 2,12,0 3,11,0 3,12,0 4,12,0 Y06
2,09,0 3,09,0 4,08,0 4,09,0 4,10,0 4,11,0 T16
0,10,0 1,09,0 1,10,0 2,10,0 2,11,0 3,10,0 X16
0,08,0 0,08,1 0,08,2 0,09,0 0,09,1 0,09,2 O06
0,08,3 0,09,3 0,10,1 0,10,2 0,10,3 0,11,1 Z16

Y06 Y06 Y06 Y06 Y06
N16 N16 X16 Y06 T16     Z16 N16 N16 N16 N16
X16 X16 X16 X16 T16     Z16 Y16 W06 W06 W06     Z16 W06 W06 Z06 Z06     Z16 W06 V06 V06 V06
O06 X16 T16 T16 T16     O06 Y16 Q06 Q06 S06     O06 Q06 Q06 Z06 T06     Z16 Q06 Q06 M06 V06
O06 Y16 W26 W16 T16     O06 Y16 W16 W16 S06     O06 W16 W16 Z06 T06     Z16 W16 M06 M06 V06
R06 W26 W26 W26 U06     R06 Y16 X06 S06 S06     R06 F26 Z06 Z06 T06     L06 L06 M06 N06 V06
W26 W26 X06 U06 U06     R06 Y16 X06 S06 T06     R06 F26 X06 N06 T06     L06 M06 M06 N06 T06
I06 H06 H06 H06 U06     R06 K06 X06 S06 J06     F26 F26 F26 N06 J06     L06 F06 G06 N06 J06
I06 K06 H06 U06 U06     D06 K06 X06 F16 J06     F26 K06 E06 N06 E06     L06 F06 G06 G06 J06
I06 H06 H06 C06 C06     D06 K06 F36 F16 F16     D06 K06 E06 E06 E06     L06 F06 F06 G06 J06
I06 A06 F36 C06 P06     D06 A06 F36 F16 P06     D06 A06 F36 E06 P06     F06 F06 G06 G06 P06
I06 A06 F36 C06 P06     D06 A06 F16 F16 P06
I06 A06 F36 C06 C06

solution 7 (57,611,274 searches):
0,00,0 0,01,0 0,02,0 0,03,0 0,04,0 0,05,0 I06
1,00,0 1,01,0 1,01,1 1,02,0 1,02,1 1,02,2 A06
0,01,1 0,02,1 0,02,2 0,03,1 0,03,2 0,04,1 D06
3,00,0 3,01,0 3,02,0 3,03,0 4,00,0 4,03,0 C06
2,00,0 2,01,0 2,02,0 2,02,1 2,02,2 2,03,1 F36
2,01,1 3,01,1 3,02,1 3,03,1 3,04,1 4,03,1 F16
4,01,0 4,01,1 4,02,0 4,02,1 4,02,2 4,02,3 P06
2,03,2 2,04,2 3,02,2 3,03,2 4,03,2 4,04,2 E06
0,02,3 1,02,3 1,03,3 1,04,3 1,05,3 2,03,3 F06
2,02,3 2,04,3 2,05,3 3,02,3 3,03,3 3,04,3 G06
4,03,3 4,04,1 4,04,3 4,05,1 4,05,2 4,05,3 J06
0,03,3 0,04,3 0,05,3 0,06,3 0,07,3 1,07,3 L06
0,04,2 0,05,2 1,05,2 1,06,2 1,07,2 2,05,2 F26
1,03,1 1,03,2 1,04,0 1,04,1 1,04,2 1,05,1 K06
1,03,0 1,05,0 2,03,0 2,04,0 2,05,0 3,05,0 H06
3,04,0 3,06,0 4,04,0 4,05,0 4,06,0 4,07,0 U06
1,06,3 2,06,3 2,07,3 2,08,3 3,08,3 3,09,3 M06
3,04,2 3,05,2 3,05,3 3,06,2 3,06,3 3,07,3 N06
4,06,1 4,06,2 4,06,3 4,07,3 4,08,3 4,09,3 V06
2,04,1 2,05,1 3,05,1 3,06,1 3,07,1 3,08,1 N16
0,05,1 0,06,0 0,06,1 0,06,2 0,07,1 0,08,1 X06
0,07,2 0,08,2 0,08,3 0,09,1 0,09,2 0,10,2 X16
0,09,3 1,09,3 2,09,3 2,10,3 3,10,3 4,10,3 S06
0,10,3 1,10,2 1,10,3 2,10,1 2,10,2 3,10,1 W16
0,11,1 1,09,1 1,10,1 1,11,1 2,11,1 3,11,1 T16
0,07,0 0,08,0 0,09,0 0,10,0 0,10,1 0,11,0 Y06
1,06,1 2,06,1 2,07,1 2,08,1 2,09,1 3,09,1 Z06
1,06,0 1,07,0 1,07,1 1,08,1 1,08,2 1,08,3 W06
2,06,2 2,07,2 3,07,2 3,08,2 4,07,2 4,08,2 Q06
1,09,2 2,08,2 2,09,2 3,09,2 3,10,2 4,10,2 W26
4,07,1 4,08,1 4,09,1 4,09,2 4,10,1 4,11,1 Y16
1,08,0 2,06,0 2,07,0 2,08,0 3,07,0 3,08,0 R06
0,12,0 1,09,0 1,10,0 1,11,0 1,12,0 2,12,0 T06
3,10,0 3,11,0 3,12,0 4,10,0 4,11,0 4,12,0 O06
2,09,0 2,10,0 2,11,0 3,09,0 4,08,0 4,09,0 Z16

T06 T06 T06 O06 O06
Y06 T06 Z16 O06 O06     T16 T16 T16 T16 Y16
Y06 T06 Z16 O06 O06     Y06 T16 W16 W16 Y16     X16 W16 W16 W26 W26     W16 W16 S06 S06 S06
Y06 T06 Z16 Z16 Z16     X16 T16 Z06 Z06 Y16     X16 W26 W26 W26 Y16     S06 S06 S06 M06 V06
Y06 R06 R06 R06 Z16     X06 W06 Z06 N16 Y16     X16 W06 W26 Q06 Q06     X16 W06 M06 M06 V06
Y06 W06 R06 R06 U06     X06 W06 Z06 N16 Y16     X16 F26 Q06 Q06 Q06     L06 L06 M06 N06 V06
X06 W06 R06 U06 U06     X06 Z06 Z06 N16 V06     X06 F26 Q06 N06 V06     L06 M06 M06 N06 V06
I06 H06 H06 H06 U06     X06 K06 N16 N16 J06     F26 F26 F26 N06 J06     L06 F06 G06 N06 J06
I06 K06 H06 U06 U06     D06 K06 N16 F16 J06     F26 K06 E06 N06 E06     L06 F06 G06 G06 J06
I06 H06 H06 C06 C06     D06 K06 F36 F16 F16     D06 K06 E06 E06 E06     L06 F06 F06 G06 J06
I06 A06 F36 C06 P06     D06 A06 F36 F16 P06     D06 A06 F36 E06 P06     F06 F06 G06 G06 P06
I06 A06 F36 C06 P06     D06 A06 F16 F16 P06
I06 A06 F36 C06 C06

solution 8 (57,611,277 searches):
0,00,0 0,01,0 0,02,0 0,03,0 0,04,0 0,05,0 I06
1,00,0 1,01,0 1,01,1 1,02,0 1,02,1 1,02,2 A06
0,01,1 0,02,1 0,02,2 0,03,1 0,03,2 0,04,1 D06
3,00,0 3,01,0 3,02,0 3,03,0 4,00,0 4,03,0 C06
2,00,0 2,01,0 2,02,0 2,02,1 2,02,2 2,03,1 F36
2,01,1 3,01,1 3,02,1 3,03,1 3,04,1 4,03,1 F16
4,01,0 4,01,1 4,02,0 4,02,1 4,02,2 4,02,3 P06
2,03,2 2,04,2 3,02,2 3,03,2 4,03,2 4,04,2 E06
0,02,3 1,02,3 1,03,3 1,04,3 1,05,3 2,03,3 F06
2,02,3 2,04,3 2,05,3 3,02,3 3,03,3 3,04,3 G06
4,03,3 4,04,1 4,04,3 4,05,1 4,05,2 4,05,3 J06
0,03,3 0,04,3 0,05,3 0,06,3 0,07,3 1,07,3 L06
0,04,2 0,05,2 1,05,2 1,06,2 1,07,2 2,05,2 F26
1,03,1 1,03,2 1,04,0 1,04,1 1,04,2 1,05,1 K06
1,03,0 1,05,0 2,03,0 2,04,0 2,05,0 3,05,0 H06
3,04,0 3,06,0 4,04,0 4,05,0 4,06,0 4,07,0 U06
1,06,3 2,06,3 2,07,3 2,08,3 3,08,3 3,09,3 M06
3,04,2 3,05,2 3,05,3 3,06,2 3,06,3 3,07,3 N06
4,06,1 4,06,2 4,06,3 4,07,3 4,08,3 4,09,3 V06
2,04,1 2,05,1 3,05,1 3,06,1 3,07,1 3,08,1 N16
0,05,1 0,06,0 0,06,1 0,06,2 0,07,1 0,08,1 X06
0,07,2 0,08,2 0,08,3 0,09,1 0,09,2 0,10,2 X16
0,09,3 1,09,3 2,09,3 2,10,3 3,10,3 4,10,3 S06
0,10,3 1,10,2 1,10,3 2,10,1 2,10,2 3,10,1 W16
0,11,1 1,09,1 1,10,1 1,11,1 2,11,1 3,11,1 T16
0,07,0 0,08,0 0,09,0 0,10,0 0,10,1 0,11,0 Y06
1,06,1 2,06,1 2,07,1 2,08,1 2,09,1 3,09,1 Z06
1,06,0 1,07,0 1,07,1 1,08,1 1,08,2 1,08,3 W06
2,06,2 2,07,2 3,07,2 3,08,2 4,07,2 4,08,2 Q06
1,09,2 2,08,2 2,09,2 3,09,2 3,10,2 4,10,2 W26
4,07,1 4,08,1 4,09,1 4,09,2 4,10,1 4,11,1 Y16
1,08,0 2,06,0 2,07,0 2,08,0 3,07,0 3,08,0 R06
0,12,0 1,10,0 1,11,0 1,12,0 2,10,0 3,10,0 Z16
2,11,0 2,12,0 3,11,0 3,12,0 4,11,0 4,12,0 O06
1,09,0 2,09,0 3,09,0 4,08,0 4,09,0 4,10,0 T06

Z16 Z16 O06 O06 O06
Y06 Z16 O06 O06 O06     T16 T16 T16 T16 Y16
Y06 Z16 Z16 Z16 T06     Y06 T16 W16 W16 Y16     X16 W16 W16 W26 W26     W16 W16 S06 S06 S06
Y06 T06 T06 T06 T06     X16 T16 Z06 Z06 Y16     X16 W26 W26 W26 Y16     S06 S06 S06 M06 V06
Y06 R06 R06 R06 T06     X06 W06 Z06 N16 Y16     X16 W06 W26 Q06 Q06     X16 W06 M06 M06 V06
Y06 W06 R06 R06 U06     X06 W06 Z06 N16 Y16     X16 F26 Q06 Q06 Q06     L06 L06 M06 N06 V06
X06 W06 R06 U06 U06     X06 Z06 Z06 N16 V06     X06 F26 Q06 N06 V06     L06 M06 M06 N06 V06
I06 H06 H06 H06 U06     X06 K06 N16 N16 J06     F26 F26 F26 N06 J06     L06 F06 G06 N06 J06
I06 K06 H06 U06 U06     D06 K06 N16 F16 J06     F26 K06 E06 N06 E06     L06 F06 G06 G06 J06
I06 H06 H06 C06 C06     D06 K06 F36 F16 F16     D06 K06 E06 E06 E06     L06 F06 F06 G06 J06
I06 A06 F36 C06 P06     D06 A06 F36 F16 P06     D06 A06 F36 E06 P06     F06 F06 G06 G06 P06
I06 A06 F36 C06 P06     D06 A06 F16 F16 P06
I06 A06 F36 C06 C06

solution 9 (63,369,124 searches):
0,00,0 0,01,0 0,02,0 0,03,0 0,04,0 0,05,0 I06
1,00,0 1,01,0 1,01,1 1,02,0 1,02,1 1,02,2 A06
0,01,1 0,02,1 0,02,2 0,03,1 0,03,2 0,04,1 D06
3,00,0 3,01,0 3,02,0 3,03,0 4,00,0 4,03,0 C06
2,00,0 2,01,0 2,02,0 2,02,1 2,02,2 2,03,1 F36
2,01,1 3,01,1 3,02,1 3,03,1 3,04,1 4,03,1 F16
4,01,0 4,01,1 4,02,0 4,02,1 4,02,2 4,02,3 P06
2,03,2 2,04,2 3,02,2 3,03,2 4,03,2 4,04,2 E06
0,02,3 1,02,3 1,03,3 1,04,3 1,05,3 2,03,3 F06
2,02,3 2,04,3 2,05,3 3,02,3 3,03,3 3,04,3 G06
4,03,3 4,04,1 4,04,3 4,05,1 4,05,2 4,05,3 J06
0,03,3 0,04,3 0,05,3 0,06,3 0,07,3 1,07,3 L06
0,04,2 0,05,2 1,05,2 1,06,2 1,07,2 2,05,2 F26
1,03,1 1,03,2 1,04,0 1,04,1 1,04,2 1,05,1 K06
1,03,0 1,05,0 2,03,0 2,04,0 2,05,0 3,05,0 H06
3,04,0 3,06,0 4,04,0 4,05,0 4,06,0 4,07,0 U06
1,06,3 2,06,3 2,07,3 2,08,3 3,08,3 3,09,3 M06
3,04,2 3,05,2 3,05,3 3,06,2 3,06,3 3,07,3 N06
4,06,1 4,06,2 4,06,3 4,07,3 4,08,3 4,09,3 V06
1,06,1 1,07,1 2,04,1 2,05,1 2,06,1 3,05,1 W26
0,05,1 0,06,1 0,07,0 0,07,1 0,08,0 0,09,0 S06
0,06,0 1,06,0 1,07,0 1,08,0 1,09,0 2,06,0 T06
0,06,2 0,07,2 0,08,2 0,09,2 0,09,3 0,10,3 N16
0,08,3 1,08,3 1,09,3 2,09,3 2,10,3 3,10,3 W16
0,12,0 1,12,0 2,11,0 2,12,0 3,12,0 4,12,0 Y16
0,11,0 1,10,0 1,11,0 2,08,0 2,09,0 2,10,0 W06
0,08,1 0,09,1 0,10,0 0,10,1 0,10,2 0,11,1 X06
1,08,1 1,08,2 1,09,1 1,09,2 1,10,2 1,10,3 Q06
2,06,2 2,07,0 2,07,1 2,07,2 2,08,2 2,09,2 T16
4,08,0 4,08,1 4,08,2 4,09,2 4,10,2 4,10,3 Z16
2,10,2 3,07,2 3,08,2 3,09,2 3,10,2 4,07,2 Z06
2,08,1 3,06,1 3,07,1 3,08,1 3,09,1 4,07,1 X16
3,07,0 3,08,0 3,09,0 3,10,0 3,10,1 3,11,0 Y06
4,09,0 4,09,1 4,10,0 4,10,1 4,11,0 4,11,1 O06
1,10,1 1,11,1 2,09,1 2,10,1 2,11,1 3,11,1 R06

Y16 Y16 Y16 Y16 Y16
W06 W06 Y16 Y06 O06     X06 R06 R06 R06 O06
X06 W06 W06 Y06 O06     X06 R06 R06 Y06 O06     X06 Q06 Z06 Z06 Z16     N16 Q06 W16 W16 Z16
S06 T06 W06 Y06 O06     X06 Q06 R06 X16 O06     N16 Q06 T16 Z06 Z16     N16 W16 W16 M06 V06
S06 T06 W06 Y06 Z16     X06 Q06 X16 X16 Z16     N16 Q06 T16 Z06 Z16     W16 W16 M06 M06 V06
S06 T06 T16 Y06 U06     S06 W26 T16 X16 X16     N16 F26 T16 Z06 Z06     L06 L06 M06 N06 V06
T06 T06 T06 U06 U06     S06 W26 W26 X16 V06     N16 F26 T16 N06 V06     L06 M06 M06 N06 V06
I06 H06 H06 H06 U06     S06 K06 W26 W26 J06     F26 F26 F26 N06 J06     L06 F06 G06 N06 J06
I06 K06 H06 U06 U06     D06 K06 W26 F16 J06     F26 K06 E06 N06 E06     L06 F06 G06 G06 J06
I06 H06 H06 C06 C06     D06 K06 F36 F16 F16     D06 K06 E06 E06 E06     L06 F06 F06 G06 J06
I06 A06 F36 C06 P06     D06 A06 F36 F16 P06     D06 A06 F36 E06 P06     F06 F06 G06 G06 P06
I06 A06 F36 C06 P06     D06 A06 F16 F16 P06
I06 A06 F36 C06 C06

solution 10 (66,872,970 searches):
0,00,0 0,01,0 0,02,0 0,03,0 0,04,0 0,05,0 I06
1,00,0 1,01,0 1,01,1 1,02,0 1,02,1 1,02,2 A06
0,01,1 0,02,1 0,02,2 0,03,1 0,03,2 0,04,1 D06
3,00,0 3,01,0 3,02,0 3,03,0 4,00,0 4,03,0 C06
2,00,0 2,01,0 2,02,0 2,02,1 2,02,2 2,03,1 F36
2,01,1 3,01,1 3,02,1 3,03,1 3,04,1 4,03,1 F16
4,01,0 4,01,1 4,02,0 4,02,1 4,02,2 4,02,3 P06
2,03,2 2,04,2 3,02,2 3,03,2 4,03,2 4,04,2 E06
0,02,3 1,02,3 1,03,3 1,04,3 1,05,3 2,03,3 F06
2,02,3 2,04,3 2,05,3 3,02,3 3,03,3 3,04,3 G06
4,03,3 4,04,1 4,04,3 4,05,1 4,05,2 4,05,3 J06
0,03,3 0,04,3 0,05,3 0,06,3 0,07,3 1,07,3 L06
0,04,2 0,05,2 1,05,2 1,06,2 1,07,2 2,05,2 F26
1,03,1 1,03,2 1,04,0 1,04,1 1,04,2 1,05,1 K06
1,03,0 1,05,0 2,03,0 2,04,0 2,05,0 3,05,0 H06
3,04,0 3,06,0 4,04,0 4,05,0 4,06,0 4,07,0 U06
1,06,3 2,06,3 2,07,3 2,08,3 3,08,3 3,09,3 M06
3,04,2 3,05,2 3,05,3 3,06,2 3,06,3 3,07,3 N06
4,06,1 4,06,2 4,06,3 4,07,3 4,08,3 4,09,3 V06
1,06,1 2,04,1 2,05,1 2,06,1 2,07,1 3,05,1 X16
0,05,1 0,06,0 0,06,1 0,06,2 0,07,1 0,08,1 X06
0,07,2 0,08,2 0,09,2 0,10,1 0,10,2 0,10,3 T06
0,08,3 0,09,3 1,08,3 1,09,3 1,10,3 2,10,3 Q06
0,11,1 1,11,1 2,10,1 2,11,1 3,11,1 4,11,1 Y16
1,10,0 1,10,1 1,10,2 2,10,2 3,10,2 3,10,3 Z16
4,07,1 4,07,2 4,08,2 4,09,2 4,10,2 4,10,3 Z06
1,08,2 2,06,2 2,07,2 2,08,2 3,07,2 3,08,2 R06
1,07,1 1,08,1 2,08,1 2,09,1 3,09,1 3,10,1 W16
0,09,1 1,09,1 1,09,2 2,09,2 2,09,3 3,09,2 W26
3,06,1 3,07,1 3,08,1 4,08,1 4,09,1 4,10,1 S06
0,12,0 1,12,0 2,12,0 3,11,0 3,12,0 4,12,0 Y06
0,11,0 1,11,0 2,10,0 2,11,0 3,09,0 3,10,0 W06
3,07,0 3,08,0 4,08,0 4,09,0 4,10,0 4,11,0 N16
1,06,0 1,07,0 1,08,0 2,06,0 2,07,0 2,08,0 O06
0,07,0 0,08,0 0,09,0 0,10,0 1,09,0 2,09,0 T16

Y06 Y06 Y06 Y06 Y06
W06 W06 W06 Y06 N16     Y16 Y16 Y16 Y16 Y16
T16 Z16 W06 W06 N16     T06 Z16 Y16 W16 S06     T06 Z16 Z16 Z16 Z06     T06 Q06 Q06 Z16 Z06
T16 T16 T16 W06 N16     W26 W26 W16 W16 S06     T06 W26 W26 W26 Z06     Q06 Q06 W26 M06 V06
T16 O06 O06 N16 N16     X06 W16 W16 S06 S06     T06 R06 R06 R06 Z06     Q06 Q06 M06 M06 V06
T16 O06 O06 N16 U06     X06 W16 X16 S06 Z06     T06 F26 R06 R06 Z06     L06 L06 M06 N06 V06
X06 O06 O06 U06 U06     X06 X16 X16 S06 V06     X06 F26 R06 N06 V06     L06 M06 M06 N06 V06
I06 H06 H06 H06 U06     X06 K06 X16 X16 J06     F26 F26 F26 N06 J06     L06 F06 G06 N06 J06
I06 K06 H06 U06 U06     D06 K06 X16 F16 J06     F26 K06 E06 N06 E06     L06 F06 G06 G06 J06
I06 H06 H06 C06 C06     D06 K06 F36 F16 F16     D06 K06 E06 E06 E06     L06 F06 F06 G06 J06
I06 A06 F36 C06 P06     D06 A06 F36 F16 P06     D06 A06 F36 E06 P06     F06 F06 G06 G06 P06
I06 A06 F36 C06 P06     D06 A06 F16 F16 P06
I06 A06 F36 C06 C06

User-requested solution limit reached.
10 solutions, 66,872,970 searches, duration 0:14:03.524218
