solving SolidPentominoesSquareTower2:

solution 1:
3,0,0 3,0,1 3,0,2 3,0,3 3,0,4 I
0,3,0 1,2,0 1,3,0 1,4,0 2,3,0 X
1,1,2 1,1,3 1,1,4 1,2,2 1,2,3 P
1,2,4 1,3,4 1,4,4 2,3,4 3,3,4 T
1,2,1 1,3,1 1,4,1 1,4,2 1,4,3 V
0,3,1 0,3,2 0,3,3 0,3,4 1,3,2 Y
1,3,3 2,3,1 2,3,2 2,3,3 3,3,1 Z
3,1,1 3,2,0 3,2,1 3,2,2 3,3,0 F
3,1,4 3,2,3 3,2,4 3,3,2 3,3,3 W
2,1,3 2,1,4 3,1,3 4,1,3 4,1,4 U
1,1,1 2,1,1 2,1,2 3,1,2 4,1,2 N
1,1,0 2,1,0 3,1,0 4,1,0 4,1,1 L

  X             V             V             V             T
X X X F       Y V Z Z       Y Y Z W       Y Z Z W       Y T T T
  X   F         V   F         P   F         P   W         T   W
  L L L L       N N F L       P N N N       P U U U       P U W U
      I             I             I             I             I

solution 2:
3,0,0 3,0,1 3,0,2 3,0,3 3,0,4 I
0,3,0 1,2,0 1,3,0 1,4,0 2,3,0 X
1,1,2 1,1,3 1,1,4 1,2,2 1,2,3 P
1,2,4 1,3,4 1,4,2 1,4,3 1,4,4 V
1,2,1 1,3,1 1,4,1 2,3,1 3,3,1 T
3,1,1 3,2,0 3,2,1 3,2,2 3,3,0 F
0,3,1 0,3,2 0,3,3 0,3,4 1,3,3 Y
1,3,2 2,3,2 2,3,3 2,3,4 3,3,4 Z
3,1,4 3,2,3 3,2,4 3,3,2 3,3,3 W
2,1,3 2,1,4 3,1,3 4,1,3 4,1,4 U
1,1,1 2,1,1 2,1,2 3,1,2 4,1,2 N
1,1,0 2,1,0 3,1,0 4,1,0 4,1,1 L

  X             T             V             V             V
X X X F       Y T T T       Y Z Z W       Y Y Z W       Y V Z Z
  X   F         T   F         P   F         P   W         V   W
  L L L L       N N F L       P N N N       P U U U       P U W U
      I             I             I             I             I

solution 3:
3,0,0 3,0,1 3,0,2 3,0,3 3,0,4 I
0,3,0 1,2,0 1,3,0 1,4,0 2,3,0 X
3,1,0 3,2,0 3,2,1 3,3,0 3,3,1 P
3,1,3 4,1,0 4,1,1 4,1,2 4,1,3 L
1,1,3 2,1,3 2,1,4 3,1,4 4,1,4 N
3,1,2 3,2,2 3,2,3 3,2,4 3,3,4 Z
1,1,0 2,1,0 2,1,1 2,1,2 3,1,1 F
1,1,2 1,1,4 1,2,2 1,2,3 1,2,4 U
1,3,3 1,4,1 1,4,2 1,4,3 1,4,4 Y
0,3,1 1,1,1 1,2,1 1,3,1 2,3,1 T
1,3,4 2,3,3 2,3,4 3,3,2 3,3,3 W
0,3,2 0,3,3 0,3,4 1,3,2 2,3,2 V

  X             Y             Y             Y             Y
X X X P       T T T P       V V V W       V Y W W       V W W Z
  X   P         T   P         U   Z         U   Z         U   Z
  F F P L       T F F L       U F Z L       N N L L       U N N N
      I             I             I             I             I

solution 4:
3,0,0 3,0,1 3,0,2 3,0,3 3,0,4 I
0,3,0 1,2,0 1,3,0 1,4,0 2,3,0 X
3,1,3 3,2,3 3,2,4 3,3,3 3,3,4 P
1,1,3 2,1,3 2,1,4 3,1,4 4,1,4 N
3,1,0 4,1,0 4,1,1 4,1,2 4,1,3 L
1,1,0 2,1,0 2,1,1 2,1,2 3,1,1 F
3,1,2 3,2,0 3,2,1 3,2,2 3,3,0 Z
1,1,2 1,1,4 1,2,2 1,2,3 1,2,4 U
1,3,2 1,4,1 1,4,2 1,4,3 1,4,4 Y
0,3,1 1,1,1 1,2,1 1,3,1 2,3,1 T
1,3,3 2,3,2 2,3,3 3,3,1 3,3,2 W
0,3,2 0,3,3 0,3,4 1,3,4 2,3,4 V

  X             Y             Y             Y             Y
X X X Z       T T T W       V Y W W       V W W P       V V V P
  X   Z         T   Z         U   Z         U   P         U   P
  F F L L       T F F L       U F Z L       N N P L       U N N N
      I             I             I             I             I

solution 5:
3,0,0 3,0,1 3,0,2 3,0,3 3,0,4 I
0,3,0 1,2,0 1,3,0 1,4,0 2,3,0 X
3,1,3 3,2,3 3,2,4 3,3,3 3,3,4 P
1,1,3 2,1,3 2,1,4 3,1,4 4,1,4 N
3,1,0 4,1,0 4,1,1 4,1,2 4,1,3 L
1,1,0 2,1,0 2,1,1 2,1,2 3,1,2 Z
3,1,1 3,2,0 3,2,1 3,2,2 3,3,0 F
1,1,2 1,1,4 1,2,2 1,2,3 1,2,4 U
1,3,2 1,4,1 1,4,2 1,4,3 1,4,4 Y
0,3,1 1,1,1 1,2,1 1,3,1 2,3,1 T
1,3,3 2,3,2 2,3,3 3,3,1 3,3,2 W
0,3,2 0,3,3 0,3,4 1,3,4 2,3,4 V

  X             Y             Y             Y             Y
X X X F       T T T W       V Y W W       V W W P       V V V P
  X   F         T   F         U   F         U   P         U   P
  Z Z L L       T Z F L       U Z Z L       N N P L       U N N N
      I             I             I             I             I

solution 6:
3,0,0 3,0,1 3,0,2 3,0,3 3,0,4 I
0,3,0 1,2,0 1,3,0 1,4,0 2,3,0 X
3,1,3 3,2,3 3,2,4 3,3,3 3,3,4 P
1,1,3 2,1,3 2,1,4 3,1,4 4,1,4 N
2,1,1 2,1,2 3,1,2 4,1,2 4,1,3 Z
1,1,0 2,1,0 3,1,0 4,1,0 4,1,1 L
3,1,1 3,2,0 3,2,1 3,2,2 3,3,0 F
1,1,2 1,1,4 1,2,2 1,2,3 1,2,4 U
1,3,2 1,4,1 1,4,2 1,4,3 1,4,4 Y
0,3,1 1,1,1 1,2,1 1,3,1 2,3,1 T
1,3,3 2,3,2 2,3,3 3,3,1 3,3,2 W
0,3,2 0,3,3 0,3,4 1,3,4 2,3,4 V

  X             Y             Y             Y             Y
X X X F       T T T W       V Y W W       V W W P       V V V P
  X   F         T   F         U   F         U   P         U   P
  L L L L       T Z F L       U Z Z Z       N N P Z       U N N N
      I             I             I             I             I

solution 7:
3,0,0 3,0,1 3,0,2 3,0,3 3,0,4 I
0,3,4 1,2,4 1,3,4 1,4,4 2,3,4 X
1,1,2 1,1,3 1,1,4 1,2,2 1,2,3 P
1,2,1 1,3,1 1,4,1 1,4,2 1,4,3 V
1,2,0 1,3,0 1,4,0 2,3,0 3,3,0 T
0,3,0 0,3,1 0,3,2 0,3,3 1,3,3 L
1,3,2 2,3,2 2,3,3 3,3,3 3,3,4 W
2,3,1 3,1,1 3,2,1 3,3,1 4,1,1 Z
1,1,0 2,1,0 3,1,0 3,2,0 4,1,0 Y
3,1,3 3,2,2 3,2,3 3,2,4 3,3,2 F
1,1,1 2,1,1 2,1,2 3,1,2 4,1,2 N
2,1,3 2,1,4 3,1,4 4,1,3 4,1,4 U

  T             V             V             V             X
L T T T       L V Z Z       L W W F       L L W W       X X X W
  T   Y         V   Z         P   F         P   F         X   F
  Y Y Y Y       N N Z Z       P N N N       P U F U       P U U U
      I             I             I             I             I

solution 8:
3,0,0 3,0,1 3,0,2 3,0,3 3,0,4 I
0,3,4 1,2,4 1,3,4 1,4,4 2,3,4 X
1,1,2 1,1,3 1,1,4 1,2,2 1,2,3 P
1,2,1 1,3,1 1,4,1 1,4,2 1,4,3 V
1,1,0 1,2,0 1,3,0 1,4,0 2,3,0 Y
0,3,0 0,3,1 0,3,2 0,3,3 1,3,3 L
1,3,2 2,3,2 2,3,3 3,3,3 3,3,4 W
2,3,1 3,1,1 3,2,1 3,3,1 4,1,1 Z
2,1,0 3,1,0 3,2,0 3,3,0 4,1,0 T
3,1,3 3,2,2 3,2,3 3,2,4 3,3,2 F
1,1,1 2,1,1 2,1,2 3,1,2 4,1,2 N
2,1,3 2,1,4 3,1,4 4,1,3 4,1,4 U

  Y             V             V             V             X
L Y Y T       L V Z Z       L W W F       L L W W       X X X W
  Y   T         V   Z         P   F         P   F         X   F
  Y T T T       N N Z Z       P N N N       P U F U       P U U U
      I             I             I             I             I

solution 9:
3,0,0 3,0,1 3,0,2 3,0,3 3,0,4 I
0,3,4 1,2,4 1,3,4 1,4,4 2,3,4 X
3,1,0 3,2,0 3,2,1 3,3,0 3,3,1 P
2,1,1 3,1,1 3,1,2 4,1,0 4,1,1 F
0,3,0 1,1,0 1,2,0 1,3,0 2,1,0 Z
2,1,4 3,1,4 4,1,2 4,1,3 4,1,4 V
3,2,2 3,2,3 3,2,4 3,3,2 3,3,4 U
1,1,1 1,1,2 2,1,2 2,1,3 3,1,3 W
1,1,3 1,1,4 1,2,1 1,2,2 1,2,3 N
0,3,1 1,3,1 2,3,0 2,3,1 2,3,2 T
0,3,2 0,3,3 1,3,3 2,3,3 3,3,3 L
1,3,2 1,4,0 1,4,1 1,4,2 1,4,3 Y

  Y             Y             Y             Y             X
Z Z T P       T T T P       L Y T U       L L L L       X X X U
  Z   P         N   P         N   U         N   U         X   U
  Z Z P F       W F F F       W W F V       N W W V       N V V V
      I             I             I             I             I

solution 10:
3,0,0 3,0,1 3,0,2 3,0,3 3,0,4 I
0,3,4 1,2,4 1,3,4 1,4,4 2,3,4 X
3,1,3 3,2,3 3,2,4 3,3,3 3,3,4 P
1,1,4 2,1,4 3,1,4 4,1,3 4,1,4 L
1,1,1 2,1,0 2,1,1 3,1,0 4,1,0 N
2,1,2 2,1,3 3,1,2 4,1,1 4,1,2 Z
3,1,1 3,2,0 3,2,1 3,2,2 3,3,0 F
1,1,0 1,1,2 1,2,0 1,2,1 1,2,2 U
1,3,1 1,4,0 1,4,1 1,4,2 1,4,3 Y
0,3,3 1,1,3 1,2,3 1,3,3 2,3,3 T
1,3,0 2,3,0 2,3,1 3,3,1 3,3,2 W
0,3,0 0,3,1 0,3,2 1,3,2 2,3,2 V

  Y             Y             Y             Y             X
V W W F       V Y W W       V V V W       T T T P       X X X P
  U   F         U   F         U   F         T   P         X   P
  U N N N       N N F Z       U Z Z Z       T Z P L       L L L L
      I             I             I             I             I

solution 11:
3,0,0 3,0,1 3,0,2 3,0,3 3,0,4 I
0,3,4 1,2,4 1,3,4 1,4,4 2,3,4 X
3,1,3 3,2,3 3,2,4 3,3,3 3,3,4 P
1,1,4 2,1,4 3,1,4 4,1,3 4,1,4 L
1,1,1 2,1,0 2,1,1 3,1,0 4,1,0 N
2,1,2 2,1,3 3,1,2 4,1,1 4,1,2 Z
3,1,1 3,2,0 3,2,1 3,2,2 3,3,2 F
1,1,0 1,1,2 1,2,0 1,2,1 1,2,2 U
1,3,1 1,4,0 1,4,1 1,4,2 1,4,3 Y
0,3,3 1,1,3 1,2,3 1,3,3 2,3,3 T
1,3,2 2,3,1 2,3,2 3,3,0 3,3,1 W
0,3,0 0,3,1 0,3,2 1,3,0 2,3,0 V

  Y             Y             Y             Y             X
V V V W       V Y W W       V W W F       T T T P       X X X P
  U   F         U   F         U   F         T   P         X   P
  U N N N       N N F Z       U Z Z Z       T Z P L       L L L L
      I             I             I             I             I

solution 12:
3,0,0 3,0,1 3,0,2 3,0,3 3,0,4 I
0,3,4 1,2,4 1,3,4 1,4,4 2,3,4 X
3,1,3 3,2,3 3,2,4 3,3,3 3,3,4 P
3,1,4 4,1,1 4,1,2 4,1,3 4,1,4 L
1,1,4 2,1,2 2,1,3 2,1,4 3,1,2 Z
1,1,1 2,1,0 2,1,1 3,1,0 4,1,0 N
3,1,1 3,2,0 3,2,1 3,2,2 3,3,0 F
1,1,0 1,1,2 1,2,0 1,2,1 1,2,2 U
1,3,1 1,4,0 1,4,1 1,4,2 1,4,3 Y
0,3,3 1,1,3 1,2,3 1,3,3 2,3,3 T
1,3,0 2,3,0 2,3,1 3,3,1 3,3,2 W
0,3,0 0,3,1 0,3,2 1,3,2 2,3,2 V

  Y             Y             Y             Y             X
V W W F       V Y W W       V V V W       T T T P       X X X P
  U   F         U   F         U   F         T   P         X   P
  U N N N       N N F L       U Z Z L       T Z P L       Z Z L L
      I             I             I             I             I

solution 13:
3,0,0 3,0,1 3,0,2 3,0,3 3,0,4 I
0,3,4 1,2,4 1,3,4 1,4,4 2,3,4 X
3,1,3 3,2,3 3,2,4 3,3,3 3,3,4 P
3,1,4 4,1,1 4,1,2 4,1,3 4,1,4 L
1,1,4 2,1,2 2,1,3 2,1,4 3,1,2 Z
1,1,1 2,1,0 2,1,1 3,1,0 4,1,0 N
3,1,1 3,2,0 3,2,1 3,2,2 3,3,2 F
1,1,0 1,1,2 1,2,0 1,2,1 1,2,2 U
1,3,1 1,4,0 1,4,1 1,4,2 1,4,3 Y
0,3,3 1,1,3 1,2,3 1,3,3 2,3,3 T
1,3,2 2,3,1 2,3,2 3,3,0 3,3,1 W
0,3,0 0,3,1 0,3,2 1,3,0 2,3,0 V

  Y             Y             Y             Y             X
V V V W       V Y W W       V W W F       T T T P       X X X P
  U   F         U   F         U   F         T   P         X   P
  U N N N       N N F L       U Z Z L       T Z P L       Z Z L L
      I             I             I             I             I

solution 14:
4,1,0 4,1,1 4,1,2 4,1,3 4,1,4 I
3,1,3 3,2,2 3,2,3 3,2,4 3,3,3 X
1,1,4 1,2,4 2,1,4 3,0,4 3,1,4 Z
3,0,1 3,0,2 3,0,3 3,1,1 3,2,1 V
2,1,0 3,0,0 3,1,0 3,2,0 3,3,0 Y
1,1,3 2,1,1 2,1,2 2,1,3 3,1,2 F
2,3,2 2,3,3 2,3,4 3,3,2 3,3,4 U
0,3,1 0,3,2 0,3,3 0,3,4 1,3,4 L
0,3,0 1,3,0 2,3,0 2,3,1 3,3,1 N
1,2,2 1,3,1 1,3,2 1,4,0 1,4,1 W
1,1,0 1,1,1 1,1,2 1,2,0 1,2,1 P
1,2,3 1,3,3 1,4,2 1,4,3 1,4,4 T

  W             W             T             T             T
N N N Y       L W N N       L W U U       L T U X       L L U U
  P   Y         P   V         W   X         T   X         Z   X
  P Y Y I       P F V I       P F F I       F F X I       Z Z Z I
      Y             V             V             V             Z

solution 15:
4,1,0 4,1,1 4,1,2 4,1,3 4,1,4 I
0,3,0 1,2,0 1,3,0 1,4,0 2,3,0 X
3,2,0 3,2,1 3,2,2 3,3,0 3,3,1 P
3,0,0 3,0,1 3,0,2 3,1,0 3,1,2 U
2,3,4 3,0,4 3,1,4 3,2,4 3,3,4 L
1,1,3 2,1,3 3,0,3 3,1,3 3,2,3 T
0,3,4 1,1,4 1,2,4 1,3,4 2,1,4 Z
1,1,2 2,1,0 2,1,1 2,1,2 3,1,1 F
1,1,0 1,1,1 1,2,1 1,2,2 1,2,3 N
1,3,2 1,4,1 1,4,2 1,4,3 1,4,4 Y
1,3,1 2,3,1 2,3,2 3,3,2 3,3,3 W
0,3,1 0,3,2 0,3,3 1,3,3 2,3,3 V

  X             Y             Y             Y             Y
X X X P       V W W P       V Y W W       V V V W       Z Z L L
  X   P         N   P         N   P         N   T         Z   L
  N F U I       N F F I       F F U I       T T T I       Z Z L I
      U             U             U             T             L

solution 16:
4,1,0 4,1,1 4,1,2 4,1,3 4,1,4 I
0,3,0 1,2,0 1,3,0 1,4,0 2,3,0 X
3,2,0 3,2,1 3,2,2 3,3,0 3,3,1 P
3,0,0 3,0,1 3,0,2 3,1,0 3,1,2 U
1,1,4 1,2,4 2,1,4 3,0,4 3,1,4 Z
0,3,4 1,3,4 2,3,4 3,2,4 3,3,4 L
1,1,3 2,1,3 3,0,3 3,1,3 3,2,3 T
1,1,2 2,1,0 2,1,1 2,1,2 3,1,1 F
1,1,0 1,1,1 1,2,1 1,2,2 1,2,3 N
1,3,2 1,4,1 1,4,2 1,4,3 1,4,4 Y
1,3,1 2,3,1 2,3,2 3,3,2 3,3,3 W
0,3,1 0,3,2 0,3,3 1,3,3 2,3,3 V

  X             Y             Y             Y             Y
X X X P       V W W P       V Y W W       V V V W       L L L L
  X   P         N   P         N   P         N   T         Z   L
  N F U I       N F F I       F F U I       T T T I       Z Z Z I
      U             U             U             T             Z

solution 17:
4,1,0 4,1,1 4,1,2 4,1,3 4,1,4 I
0,3,0 1,2,0 1,3,0 1,4,0 2,3,0 X
3,0,1 3,0,2 3,0,3 3,1,1 3,1,2 P
1,1,0 2,1,0 3,0,0 3,1,0 3,2,0 T
2,3,4 3,0,4 3,1,4 3,2,4 3,3,4 L
3,2,1 3,2,2 3,2,3 3,3,0 3,3,1 N
1,1,2 2,1,1 2,1,2 2,1,3 3,1,3 F
0,3,4 1,1,4 1,2,4 1,3,4 2,1,4 Z
1,3,2 1,4,1 1,4,2 1,4,3 1,4,4 Y
1,1,1 1,1,3 1,2,1 1,2,2 1,2,3 U
1,3,1 2,3,1 2,3,2 3,3,2 3,3,3 W
0,3,1 0,3,2 0,3,3 1,3,3 2,3,3 V

  X             Y             Y             Y             Y
X X X N       V W W N       V Y W W       V V V W       Z Z L L
  X   T         U   N         U   N         U   N         Z   L
  T T T I       U F P I       F F P I       U F F I       Z Z L I
      T             P             P             P             L

solution 18:
4,1,0 4,1,1 4,1,2 4,1,3 4,1,4 I
0,3,0 1,2,0 1,3,0 1,4,0 2,3,0 X
3,0,1 3,0,2 3,0,3 3,1,1 3,1,2 P
1,1,0 2,1,0 3,0,0 3,1,0 3,2,0 T
1,1,4 1,2,4 2,1,4 3,0,4 3,1,4 Z
1,1,2 2,1,1 2,1,2 2,1,3 3,1,3 F
0,3,4 1,3,4 2,3,4 3,2,4 3,3,4 L
3,2,1 3,2,2 3,2,3 3,3,0 3,3,1 N
1,3,2 1,4,1 1,4,2 1,4,3 1,4,4 Y
1,1,1 1,1,3 1,2,1 1,2,2 1,2,3 U
1,3,1 2,3,1 2,3,2 3,3,2 3,3,3 W
0,3,1 0,3,2 0,3,3 1,3,3 2,3,3 V

  X             Y             Y             Y             Y
X X X N       V W W N       V Y W W       V V V W       L L L L
  X   T         U   N         U   N         U   N         Z   L
  T T T I       U F P I       F F P I       U F F I       Z Z Z I
      T             P             P             P             Z

solution 19:
4,1,0 4,1,1 4,1,2 4,1,3 4,1,4 I
0,3,0 1,2,0 1,3,0 1,4,0 2,3,0 X
1,1,1 1,1,2 1,1,3 1,2,1 1,2,2 P
1,1,0 2,1,0 2,1,1 2,1,2 2,1,3 L
1,1,4 1,2,4 2,1,4 3,0,4 3,1,4 Z
0,3,1 1,3,1 1,4,1 2,3,1 3,3,1 Y
1,2,3 1,3,3 1,4,2 1,4,3 1,4,4 T
0,3,2 0,3,3 0,3,4 1,3,2 2,3,2 V
1,3,4 2,3,3 2,3,4 3,3,2 3,3,3 W
3,0,3 3,1,3 3,2,3 3,2,4 3,3,4 N
3,1,1 3,2,0 3,2,1 3,2,2 3,3,0 F
3,0,0 3,0,1 3,0,2 3,1,0 3,1,2 U

  X             Y             T             T             T
X X X F       Y Y Y Y       V V V W       V T W W       V W W N
  X   F         P   F         P   F         T   N         Z   N
  L L U I       P L F I       P L U I       P L N I       Z Z Z I
      U             U             U             N             Z

solution 20:
4,1,0 4,1,1 4,1,2 4,1,3 4,1,4 I
0,3,0 1,2,0 1,3,0 1,4,0 2,3,0 X
3,0,2 3,0,3 3,0,4 3,1,2 3,1,3 P
1,1,0 2,1,0 3,0,0 3,1,0 3,2,0 T
1,1,1 1,2,1 2,1,1 3,0,1 3,1,1 Z
1,1,3 2,1,2 2,1,3 2,1,4 3,1,4 F
1,1,2 1,1,4 1,2,2 1,2,3 1,2,4 U
1,3,2 1,4,1 1,4,2 1,4,3 1,4,4 Y
0,3,4 1,3,4 2,3,4 3,2,4 3,3,4 L
3,2,1 3,2,2 3,2,3 3,3,0 3,3,1 N
1,3,1 2,3,1 2,3,2 3,3,2 3,3,3 W
0,3,1 0,3,2 0,3,3 1,3,3 2,3,3 V

  X             Y             Y             Y             Y
X X X N       V W W N       V Y W W       V V V W       L L L L
  X   T         Z   N         U   N         U   N         U   L
  T T T I       Z Z Z I       U F P I       F F P I       U F F I
      T             Z             P             P             P

solution 21:
4,1,0 4,1,1 4,1,2 4,1,3 4,1,4 I
0,3,1 1,2,1 1,3,1 1,4,1 2,3,1 X
0,3,0 1,3,0 1,4,0 2,3,0 3,3,0 Y
1,1,0 1,1,1 1,1,2 1,2,0 1,2,2 U
1,1,3 2,1,0 2,1,1 2,1,2 2,1,3 L
1,1,4 1,2,4 2,1,4 3,0,4 3,1,4 Z
1,2,3 1,3,3 1,4,2 1,4,3 1,4,4 T
0,3,2 0,3,3 0,3,4 1,3,2 2,3,2 V
1,3,4 2,3,3 2,3,4 3,3,2 3,3,3 W
3,1,3 3,2,2 3,2,3 3,2,4 3,3,4 F
3,0,1 3,0,2 3,0,3 3,1,1 3,1,2 P
3,0,0 3,1,0 3,2,0 3,2,1 3,3,1 N

  Y             X             T             T             T
Y Y Y Y       X X X N       V V V W       V T W W       V W W F
  U   N         X   N         U   F         T   F         Z   F
  U L N I       U L P I       U L P I       L L F I       Z Z Z I
      N             P             P             P             Z

solution 22:
4,1,0 4,1,1 4,1,2 4,1,3 4,1,4 I
0,3,1 1,2,1 1,3,1 1,4,1 2,3,1 X
0,3,0 1,3,0 1,4,0 2,3,0 3,3,0 Y
1,1,0 1,1,1 1,1,2 1,2,0 1,2,2 U
1,1,3 2,1,0 2,1,1 2,1,2 2,1,3 L
1,1,4 1,2,4 2,1,4 3,0,4 3,1,4 Z
1,2,3 1,3,3 1,4,2 1,4,3 1,4,4 T
0,3,2 0,3,3 0,3,4 1,3,2 2,3,2 V
1,3,4 2,3,3 2,3,4 3,3,2 3,3,3 W
3,0,3 3,1,3 3,2,3 3,2,4 3,3,4 N
3,0,0 3,0,1 3,0,2 3,1,0 3,1,1 P
3,1,2 3,2,0 3,2,1 3,2,2 3,3,1 F

  Y             X             T             T             T
Y Y Y Y       X X X F       V V V W       V T W W       V W W N
  U   F         X   F         U   F         T   N         Z   N
  U L P I       U L P I       U L F I       L L N I       Z Z Z I
      P             P             P             N             Z

solution 23:
4,1,0 4,1,1 4,1,2 4,1,3 4,1,4 I
0,3,1 1,2,1 1,3,1 1,4,1 2,3,1 X
0,3,0 1,3,0 1,4,0 2,3,0 3,3,0 Y
1,1,0 1,1,1 1,1,2 1,2,0 1,2,2 U
1,1,3 2,1,0 2,1,1 2,1,2 2,1,3 L
1,1,4 1,2,4 2,1,4 3,0,4 3,1,4 Z
1,2,3 1,3,3 1,4,2 1,4,3 1,4,4 T
0,3,2 0,3,3 0,3,4 1,3,4 2,3,4 V
1,3,2 2,3,2 2,3,3 3,3,3 3,3,4 W
3,1,3 3,2,2 3,2,3 3,2,4 3,3,2 F
3,0,1 3,0,2 3,0,3 3,1,1 3,1,2 P
3,0,0 3,1,0 3,2,0 3,2,1 3,3,1 N

  Y             X             T             T             T
Y Y Y Y       X X X N       V W W F       V T W W       V V V W
  U   N         X   N         U   F         T   F         Z   F
  U L N I       U L P I       U L P I       L L F I       Z Z Z I
      N             P             P             P             Z

solution 24:
4,1,0 4,1,1 4,1,2 4,1,3 4,1,4 I
0,3,3 1,2,3 1,3,3 1,4,3 2,3,3 X
0,3,4 1,3,4 1,4,4 2,3,4 3,3,4 Y
1,1,2 1,1,3 1,1,4 1,2,2 1,2,4 U
1,1,1 2,1,1 2,1,2 2,1,3 2,1,4 L
1,1,0 1,2,0 2,1,0 3,0,0 3,1,0 Z
1,2,1 1,3,1 1,4,0 1,4,1 1,4,2 T
0,3,0 0,3,1 0,3,2 1,3,2 2,3,2 V
1,3,0 2,3,0 2,3,1 3,3,1 3,3,2 W
3,0,1 3,1,1 3,2,0 3,2,1 3,3,0 N
3,0,2 3,0,3 3,0,4 3,1,2 3,1,3 P
3,1,4 3,2,2 3,2,3 3,2,4 3,3,3 F

  T             T             T             X             Y
V W W N       V T W W       V V V W       X X X F       Y Y Y Y
  Z   N         T   N         U   F         X   F         U   F
  Z Z Z I       L L N I       U L P I       U L P I       U L F I
      Z             N             P             P             P

solution 25:
4,1,0 4,1,1 4,1,2 4,1,3 4,1,4 I
0,3,3 1,2,3 1,3,3 1,4,3 2,3,3 X
0,3,4 1,3,4 1,4,4 2,3,4 3,3,4 Y
1,1,4 1,2,4 2,1,4 3,0,4 3,1,4 Z
3,0,3 3,1,2 3,1,3 3,2,3 3,2,4 F
3,0,0 3,0,1 3,0,2 3,1,0 3,1,1 P
3,2,0 3,2,1 3,2,2 3,3,2 3,3,3 N
1,1,3 2,1,0 2,1,1 2,1,2 2,1,3 L
1,3,2 2,3,1 2,3,2 3,3,0 3,3,1 W
0,3,0 0,3,1 0,3,2 1,3,0 2,3,0 V
1,1,0 1,1,1 1,1,2 1,2,0 1,2,2 U
1,2,1 1,3,1 1,4,0 1,4,1 1,4,2 T

  T             T             T             X             Y
V V V W       V T W W       V W W N       X X X N       Y Y Y Y
  U   N         T   N         U   N         X   F         Z   F
  U L P I       U L P I       U L F I       L L F I       Z Z Z I
      P             P             P             F             Z

solution 26:
4,1,0 4,1,1 4,1,2 4,1,3 4,1,4 I
0,3,4 1,2,4 1,3,4 1,4,4 2,3,4 X
3,0,0 3,0,1 3,0,2 3,1,0 3,1,1 P
1,1,1 2,1,0 2,1,1 2,1,2 3,1,2 F
1,1,4 2,1,4 3,0,4 3,1,4 3,2,4 T
1,1,3 1,2,3 2,1,3 3,0,3 3,1,3 Z
1,1,0 1,1,2 1,2,0 1,2,1 1,2,2 U
1,3,2 1,4,0 1,4,1 1,4,2 1,4,3 Y
0,3,0 1,3,0 2,3,0 3,2,0 3,3,0 L
3,2,1 3,2,2 3,2,3 3,3,3 3,3,4 N
1,3,3 2,3,2 2,3,3 3,3,1 3,3,2 W
0,3,1 0,3,2 0,3,3 1,3,1 2,3,1 V

  Y             Y             Y             Y             X
L L L L       V V V W       V Y W W       V W W N       X X X N
  U   L         U   N         U   N         Z   N         X   T
  U F P I       F F P I       U F F I       Z Z Z I       T T T I
      P             P             P             Z             T

solution 27:
4,1,0 4,1,1 4,1,2 4,1,3 4,1,4 I
0,3,4 1,2,4 1,3,4 1,4,4 2,3,4 X
3,0,1 3,0,2 3,0,3 3,1,1 3,1,2 P
2,3,0 3,0,0 3,1,0 3,2,0 3,3,0 L
0,3,0 1,1,0 1,2,0 1,3,0 2,1,0 Z
1,3,2 1,4,0 1,4,1 1,4,2 1,4,3 Y
0,3,1 0,3,2 0,3,3 1,3,1 2,3,1 V
1,3,3 2,3,2 2,3,3 3,3,1 3,3,2 W
1,1,1 1,1,3 1,2,1 1,2,2 1,2,3 U
1,1,2 2,1,1 2,1,2 2,1,3 3,1,3 F
1,1,4 2,1,4 3,0,4 3,1,4 3,2,4 T
3,2,1 3,2,2 3,2,3 3,3,3 3,3,4 N

  Y             Y             Y             Y             X
Z Z L L       V V V W       V Y W W       V W W N       X X X N
  Z   L         U   N         U   N         U   N         X   T
  Z Z L I       U F P I       F F P I       U F F I       T T T I
      L             P             P             P             T

solution 28:
4,1,0 4,1,1 4,1,2 4,1,3 4,1,4 I
0,3,4 1,2,4 1,3,4 1,4,4 2,3,4 X
3,0,1 3,0,2 3,0,3 3,1,1 3,1,2 P
1,1,0 1,2,0 2,1,0 3,0,0 3,1,0 Z
1,1,4 2,1,4 3,0,4 3,1,4 3,2,4 T
1,1,2 2,1,1 2,1,2 2,1,3 3,1,3 F
0,3,0 1,3,0 2,3,0 3,2,0 3,3,0 L
3,2,1 3,2,2 3,2,3 3,3,3 3,3,4 N
1,3,2 1,4,0 1,4,1 1,4,2 1,4,3 Y
1,1,1 1,1,3 1,2,1 1,2,2 1,2,3 U
1,3,3 2,3,2 2,3,3 3,3,1 3,3,2 W
0,3,1 0,3,2 0,3,3 1,3,1 2,3,1 V

  Y             Y             Y             Y             X
L L L L       V V V W       V Y W W       V W W N       X X X N
  Z   L         U   N         U   N         U   N         X   T
  Z Z Z I       U F P I       F F P I       U F F I       T T T I
      Z             P             P             P             T

solution 29:
4,1,0 4,1,1 4,1,2 4,1,3 4,1,4 I
0,3,4 1,2,4 1,3,4 1,4,4 2,3,4 X
1,1,1 1,1,2 1,1,3 1,2,1 1,2,2 P
1,1,4 2,1,2 2,1,3 2,1,4 3,1,3 F
1,1,0 2,1,0 2,1,1 3,1,1 3,1,2 W
3,0,1 3,0,2 3,0,3 3,0,4 3,1,4 L
3,0,0 3,1,0 3,2,0 3,2,1 3,3,1 N
3,2,2 3,2,3 3,2,4 3,3,2 3,3,4 U
1,2,0 1,3,0 1,4,0 2,3,0 3,3,0 T
1,2,3 1,3,3 1,4,1 1,4,2 1,4,3 V
1,3,1 2,3,1 2,3,2 2,3,3 3,3,3 Z
0,3,0 0,3,1 0,3,2 0,3,3 1,3,2 Y

  T             V             V             V             X
Y T T T       Y Z Z N       Y Y Z U       Y V Z Z       X X X U
  T   N         P   N         P   U         V   U         X   U
  W W N I       P W W I       P F W I       P F F I       F F L I
      N             L             L             L             L

solution 30:
4,1,0 4,1,1 4,1,2 4,1,3 4,1,4 I
0,3,4 1,2,4 1,3,4 1,4,4 2,3,4 X
1,1,1 1,1,2 1,1,3 1,2,1 1,2,2 P
1,1,4 2,1,2 2,1,3 2,1,4 3,1,3 F
1,1,0 2,1,0 2,1,1 3,1,1 3,1,2 W
3,0,1 3,0,2 3,0,3 3,0,4 3,1,4 L
3,0,0 3,1,0 3,2,0 3,2,1 3,3,1 N
3,2,2 3,2,3 3,2,4 3,3,2 3,3,4 U
1,2,0 1,3,0 1,4,0 1,4,1 1,4,2 V
1,3,2 2,3,0 2,3,1 2,3,2 3,3,0 Z
0,3,0 0,3,1 0,3,2 0,3,3 1,3,1 Y
1,2,3 1,3,3 1,4,3 2,3,3 3,3,3 T

  V             V             V             T             X
Y V Z Z       Y Y Z N       Y Z Z U       Y T T T       X X X U
  V   N         P   N         P   U         T   U         X   U
  W W N I       P W W I       P F W I       P F F I       F F L I
      N             L             L             L             L

solution 31:
4,1,0 4,1,1 4,1,2 4,1,3 4,1,4 I
0,3,4 1,2,4 1,3,4 1,4,4 2,3,4 X
1,1,1 1,1,2 1,1,3 1,2,1 1,2,2 P
1,1,4 2,1,3 2,1,4 3,1,2 3,1,3 W
1,1,0 2,1,0 2,1,1 2,1,2 3,1,1 F
3,0,1 3,0,2 3,0,3 3,0,4 3,1,4 L
3,0,0 3,1,0 3,2,0 3,2,1 3,3,1 N
3,2,2 3,2,3 3,2,4 3,3,2 3,3,4 U
1,2,0 1,3,0 1,4,0 2,3,0 3,3,0 T
1,2,3 1,3,3 1,4,1 1,4,2 1,4,3 V
1,3,1 2,3,1 2,3,2 2,3,3 3,3,3 Z
0,3,0 0,3,1 0,3,2 0,3,3 1,3,2 Y

  T             V             V             V             X
Y T T T       Y Z Z N       Y Y Z U       Y V Z Z       X X X U
  T   N         P   N         P   U         V   U         X   U
  F F N I       P F F I       P F W I       P W W I       W W L I
      N             L             L             L             L

solution 32:
4,1,0 4,1,1 4,1,2 4,1,3 4,1,4 I
0,3,4 1,2,4 1,3,4 1,4,4 2,3,4 X
1,1,1 1,1,2 1,1,3 1,2,1 1,2,2 P
1,1,4 2,1,3 2,1,4 3,1,2 3,1,3 W
1,1,0 2,1,0 2,1,1 2,1,2 3,1,1 F
3,0,1 3,0,2 3,0,3 3,0,4 3,1,4 L
3,0,0 3,1,0 3,2,0 3,2,1 3,3,1 N
3,2,2 3,2,3 3,2,4 3,3,2 3,3,4 U
1,2,0 1,3,0 1,4,0 1,4,1 1,4,2 V
1,3,2 2,3,0 2,3,1 2,3,2 3,3,0 Z
0,3,0 0,3,1 0,3,2 0,3,3 1,3,1 Y
1,2,3 1,3,3 1,4,3 2,3,3 3,3,3 T

  V             V             V             T             X
Y V Z Z       Y Y Z N       Y Z Z U       Y T T T       X X X U
  V   N         P   N         P   U         T   U         X   U
  F F N I       P F F I       P F W I       P W W I       W W L I
      N             L             L             L             L

solution 33:
4,1,0 4,1,1 4,1,2 4,1,3 4,1,4 I
0,3,4 1,2,4 1,3,4 1,4,4 2,3,4 X
1,1,2 1,1,3 1,1,4 1,2,2 1,2,3 P
1,1,1 2,1,1 2,1,2 2,1,3 2,1,4 L
1,1,0 1,2,0 2,1,0 3,0,0 3,1,0 Z
0,3,3 1,3,3 1,4,3 2,3,3 3,3,3 Y
1,2,1 1,3,1 1,4,0 1,4,1 1,4,2 T
0,3,0 0,3,1 0,3,2 1,3,2 2,3,2 V
1,3,0 2,3,0 2,3,1 3,3,1 3,3,2 W
3,0,1 3,1,1 3,2,0 3,2,1 3,3,0 N
3,1,3 3,2,2 3,2,3 3,2,4 3,3,4 F
3,0,2 3,0,3 3,0,4 3,1,2 3,1,4 U

  T             T             T             Y             X
V W W N       V T W W       V V V W       Y Y Y Y       X X X F
  Z   N         T   N         P   F         P   F         X   F
  Z Z Z I       L L N I       P L U I       P L F I       P L U I
      Z             N             U             U             U

solution 34:
0,3,0 0,3,1 0,3,2 0,3,3 0,3,4 I
2,1,0 3,0,0 3,1,0 3,2,0 4,1,0 X
3,2,1 3,2,2 3,2,3 3,3,1 3,3,2 P
1,2,0 1,3,0 1,4,0 2,3,0 3,3,0 T
3,0,1 3,0,2 3,0,3 3,0,4 3,1,2 Y
1,3,4 1,4,4 2,3,4 3,2,4 3,3,4 Z
1,3,2 2,3,1 2,3,2 2,3,3 3,3,3 F
1,3,1 1,3,3 1,4,1 1,4,2 1,4,3 U
1,1,4 1,2,4 2,1,4 3,1,4 4,1,4 L
1,1,0 1,1,1 1,2,1 1,2,2 1,2,3 N
1,1,2 1,1,3 2,1,1 2,1,2 3,1,1 W
2,1,3 3,1,3 4,1,1 4,1,2 4,1,3 V

  T             U             U             U             Z
I T T T       I U F P       I F F P       I U F F       I Z Z Z
  T   X         N   P         N   P         N   P         L   Z
  N X X X       N W W V       W W Y V       W V V V       L L L L
      X             Y             Y             Y             Y

solution 35:
0,3,0 0,3,1 0,3,2 0,3,3 0,3,4 I
2,1,0 3,0,0 3,1,0 3,2,0 4,1,0 X
3,2,1 3,2,2 3,2,3 3,3,1 3,3,2 P
1,2,0 1,3,0 1,4,0 2,3,0 3,3,0 T
3,0,1 3,0,2 3,0,3 3,0,4 3,1,2 Y
1,3,4 1,4,4 2,3,4 3,2,4 3,3,4 Z
1,3,2 2,3,1 2,3,2 2,3,3 3,3,3 F
1,2,3 1,3,3 1,4,1 1,4,2 1,4,3 V
1,1,2 1,1,3 1,2,1 1,2,2 1,3,1 W
1,1,4 1,2,4 2,1,4 3,1,4 4,1,4 L
1,1,0 1,1,1 2,1,1 2,1,2 2,1,3 N
3,1,1 3,1,3 4,1,1 4,1,2 4,1,3 U

  T             V             V             V             Z
I T T T       I W F P       I F F P       I V F F       I Z Z Z
  T   X         W   P         W   P         V   P         L   Z
  N X X X       N N U U       W N Y U       W N U U       L L L L
      X             Y             Y             Y             Y

solution 36:
0,3,0 0,3,1 0,3,2 0,3,3 0,3,4 I
2,1,0 3,0,0 3,1,0 3,2,0 4,1,0 X
3,2,1 3,2,2 3,2,3 3,3,1 3,3,2 P
1,2,0 1,3,0 1,4,0 2,3,0 3,3,0 T
3,0,1 3,0,2 3,0,3 3,0,4 3,1,2 Y
2,3,4 3,1,4 3,2,4 3,3,4 4,1,4 Z
1,3,2 2,3,1 2,3,2 2,3,3 3,3,3 F
3,1,1 3,1,3 4,1,1 4,1,2 4,1,3 U
1,1,4 1,2,4 1,3,4 1,4,4 2,1,4 L
1,1,0 1,1,1 2,1,1 2,1,2 2,1,3 N
1,1,2 1,1,3 1,2,1 1,2,2 1,3,1 W
1,2,3 1,3,3 1,4,1 1,4,2 1,4,3 V

  T             V             V             V             L
I T T T       I W F P       I F F P       I V F F       I L Z Z
  T   X         W   P         W   P         V   P         L   Z
  N X X X       N N U U       W N Y U       W N U U       L L Z Z
      X             Y             Y             Y             Y

solution 37:
0,3,0 0,3,1 0,3,2 0,3,3 0,3,4 I
2,1,0 3,0,0 3,1,0 3,2,0 4,1,0 X
3,2,1 3,2,2 3,2,3 3,3,1 3,3,2 P
1,2,0 1,3,0 1,4,0 2,3,0 3,3,0 T
3,0,1 3,0,2 3,0,3 3,0,4 3,1,2 Y
2,3,4 3,1,4 3,2,4 3,3,4 4,1,4 Z
1,3,2 2,3,1 2,3,2 2,3,3 3,3,3 F
2,1,3 3,1,3 4,1,1 4,1,2 4,1,3 V
1,1,2 1,1,3 2,1,1 2,1,2 3,1,1 W
1,1,4 1,2,4 1,3,4 1,4,4 2,1,4 L
1,1,0 1,1,1 1,2,1 1,2,2 1,2,3 N
1,3,1 1,3,3 1,4,1 1,4,2 1,4,3 U

  T             U             U             U             L
I T T T       I U F P       I F F P       I U F F       I L Z Z
  T   X         N   P         N   P         N   P         L   Z
  N X X X       N W W V       W W Y V       W V V V       L L Z Z
      X             Y             Y             Y             Y

solution 38:
0,3,0 0,3,1 0,3,2 0,3,3 0,3,4 I
2,1,0 3,0,0 3,1,0 3,2,0 4,1,0 X
3,2,1 3,2,2 3,2,3 3,3,1 3,3,2 P
1,2,0 1,3,0 1,4,0 2,3,0 3,3,0 T
3,0,1 3,0,2 3,0,3 3,0,4 3,1,3 Y
1,3,4 1,4,4 2,3,4 3,2,4 3,3,4 Z
1,3,2 2,3,1 2,3,2 2,3,3 3,3,3 F
1,2,1 1,2,2 1,3,1 1,4,1 1,4,2 U
1,1,4 1,2,3 1,2,4 1,3,3 1,4,3 N
1,1,0 1,1,1 2,1,1 3,1,1 4,1,1 L
1,1,2 1,1,3 2,1,3 2,1,4 3,1,4 W
2,1,2 3,1,2 4,1,2 4,1,3 4,1,4 V

  T             U             U             N             Z
I T T T       I U F P       I F F P       I N F F       I Z Z Z
  T   X         U   P         U   P         N   P         N   Z
  L X X X       L L L L       W V V V       W W Y V       N W W V
      X             Y             Y             Y             Y

solution 39:
0,3,0 0,3,1 0,3,2 0,3,3 0,3,4 I
2,1,0 3,0,0 3,1,0 3,2,0 4,1,0 X
3,2,2 3,2,3 3,2,4 3,3,2 3,3,3 P
1,3,3 2,3,2 2,3,3 2,3,4 3,3,4 F
1,2,0 1,3,0 1,4,0 2,3,0 3,3,0 T
1,3,1 1,4,1 2,3,1 3,2,1 3,3,1 Z
1,3,2 1,3,4 1,4,2 1,4,3 1,4,4 U
1,1,4 1,2,4 2,1,4 3,1,4 4,1,4 L
1,1,0 1,1,1 1,2,1 1,2,2 1,2,3 N
3,0,1 3,0,2 3,0,3 3,0,4 3,1,2 Y
1,1,2 1,1,3 2,1,1 2,1,2 3,1,1 W
2,1,3 3,1,3 4,1,1 4,1,2 4,1,3 V

  T             Z             U             U             U
I T T T       I Z Z Z       I U F P       I F F P       I U F F
  T   X         N   Z         N   P         N   P         L   P
  N X X X       N W W V       W W Y V       W V V V       L L L L
      X             Y             Y             Y             Y

solution 40:
0,3,0 0,3,1 0,3,2 0,3,3 0,3,4 I
2,1,4 3,0,4 3,1,4 3,2,4 4,1,4 X
3,2,0 3,2,1 3,2,2 3,3,0 3,3,1 P
3,0,0 3,0,1 3,0,2 3,0,3 3,1,0 L
3,1,2 4,1,0 4,1,1 4,1,2 4,1,3 Y
2,1,3 2,3,3 3,1,3 3,2,3 3,3,3 U
1,1,4 1,2,4 1,3,4 2,3,4 3,3,4 V
1,1,0 2,1,0 2,1,1 2,1,2 3,1,1 F
1,3,0 2,3,0 2,3,1 2,3,2 3,3,2 Z
1,2,2 1,3,1 1,3,2 1,4,0 1,4,1 W
1,1,1 1,1,2 1,1,3 1,2,0 1,2,1 N
1,2,3 1,3,3 1,4,2 1,4,3 1,4,4 T

  W             W             T             T             T
I Z Z P       I W Z P       I W Z Z       I T U U       I V V V
  N   P         N   P         W   P         T   U         V   X
  F F L Y       N F F Y       N F Y Y       N U U Y       V X X X
      L             L             L             L             X

solution 41:
0,3,0 0,3,1 0,3,2 0,3,3 0,3,4 I
2,1,4 3,0,4 3,1,4 3,2,4 4,1,4 X
3,2,0 3,2,1 3,2,2 3,3,0 3,3,1 P
3,0,0 3,0,1 3,0,2 3,0,3 3,1,2 Y
2,1,3 2,3,3 3,1,3 3,2,3 3,3,3 U
1,1,4 1,2,4 1,3,4 2,3,4 3,3,4 V
3,1,0 4,1,0 4,1,1 4,1,2 4,1,3 L
1,1,0 2,1,0 2,1,1 2,1,2 3,1,1 F
1,3,0 2,3,0 2,3,1 2,3,2 3,3,2 Z
1,2,2 1,3,1 1,3,2 1,4,0 1,4,1 W
1,1,1 1,1,2 1,1,3 1,2,0 1,2,1 N
1,2,3 1,3,3 1,4,2 1,4,3 1,4,4 T

  W             W             T             T             T
I Z Z P       I W Z P       I W Z Z       I T U U       I V V V
  N   P         N   P         W   P         T   U         V   X
  F F L L       N F F L       N F Y L       N U U L       V X X X
      Y             Y             Y             Y             X

solution 42:
0,3,0 0,3,1 0,3,2 0,3,3 0,3,4 I
2,1,4 3,0,4 3,1,4 3,2,4 4,1,4 X
3,2,0 3,2,1 3,2,2 3,3,0 3,3,1 P
3,0,0 3,0,1 3,0,2 3,0,3 3,1,2 Y
1,3,3 1,4,3 2,3,3 3,2,3 3,3,3 Z
1,2,4 1,3,4 1,4,4 2,3,4 3,3,4 T
1,3,1 2,3,0 2,3,1 2,3,2 3,3,2 F
1,3,0 1,3,2 1,4,0 1,4,1 1,4,2 U
1,1,0 1,2,0 2,1,0 3,1,0 4,1,0 L
1,1,3 1,1,4 1,2,1 1,2,2 1,2,3 N
1,1,1 1,1,2 2,1,2 2,1,3 3,1,3 W
2,1,1 3,1,1 4,1,1 4,1,2 4,1,3 V

  U             U             U             Z             T
I U F P       I F F P       I U F F       I Z Z Z       I T T T
  L   P         N   P         N   P         N   Z         T   X
  L L L L       W V V V       W W Y V       N W W V       N X X X
      Y             Y             Y             Y             X

solution 43:
0,3,0 0,3,1 0,3,2 0,3,3 0,3,4 I
2,1,4 3,0,4 3,1,4 3,2,4 4,1,4 X
3,2,1 3,2,2 3,2,3 3,3,1 3,3,2 P
3,0,0 3,0,1 3,0,2 3,0,3 3,1,1 Y
1,3,0 1,4,0 2,3,0 3,2,0 3,3,0 Z
1,3,2 2,3,1 2,3,2 2,3,3 3,3,3 F
1,2,4 1,3,4 1,4,4 2,3,4 3,3,4 T
1,2,2 1,2,3 1,3,3 1,4,2 1,4,3 U
1,1,0 1,2,0 1,2,1 1,3,1 1,4,1 N
1,1,3 1,1,4 2,1,3 3,1,3 4,1,3 L
1,1,1 1,1,2 2,1,0 2,1,1 3,1,0 W
2,1,2 3,1,2 4,1,0 4,1,1 4,1,2 V

  Z             N             U             U             T
I Z Z Z       I N F P       I F F P       I U F F       I T T T
  N   Z         N   P         U   P         U   P         T   X
  N W W V       W W Y V       W V V V       L L L L       L X X X
      Y             Y             Y             Y             X

solution 44:
0,3,0 0,3,1 0,3,2 0,3,3 0,3,4 I
2,1,4 3,0,4 3,1,4 3,2,4 4,1,4 X
3,2,1 3,2,2 3,2,3 3,3,1 3,3,2 P
3,0,0 3,0,1 3,0,2 3,0,3 3,1,2 Y
1,3,0 1,4,0 2,3,0 3,2,0 3,3,0 Z
1,3,2 2,3,1 2,3,2 2,3,3 3,3,3 F
1,2,4 1,3,4 1,4,4 2,3,4 3,3,4 T
1,3,1 1,3,3 1,4,1 1,4,2 1,4,3 U
1,1,0 1,2,0 2,1,0 3,1,0 4,1,0 L
1,1,3 1,1,4 1,2,1 1,2,2 1,2,3 N
1,1,1 1,1,2 2,1,2 2,1,3 3,1,3 W
2,1,1 3,1,1 4,1,1 4,1,2 4,1,3 V

  Z             U             U             U             T
I Z Z Z       I U F P       I F F P       I U F F       I T T T
  L   Z         N   P         N   P         N   P         T   X
  L L L L       W V V V       W W Y V       N W W V       N X X X
      Y             Y             Y             Y             X

solution 45:
0,3,0 0,3,1 0,3,2 0,3,3 0,3,4 I
2,1,4 3,0,4 3,1,4 3,2,4 4,1,4 X
3,2,1 3,2,2 3,2,3 3,3,1 3,3,2 P
3,0,0 3,0,1 3,0,2 3,0,3 3,1,2 Y
1,3,0 1,4,0 2,3,0 3,2,0 3,3,0 Z
1,3,2 2,3,1 2,3,2 2,3,3 3,3,3 F
1,2,4 1,3,4 1,4,4 2,3,4 3,3,4 T
1,2,1 1,3,1 1,4,1 1,4,2 1,4,3 V
1,1,1 1,1,2 1,2,2 1,2,3 1,3,3 W
1,1,0 1,2,0 2,1,0 3,1,0 4,1,0 L
1,1,3 1,1,4 2,1,1 2,1,2 2,1,3 N
3,1,1 3,1,3 4,1,1 4,1,2 4,1,3 U

  Z             V             V             V             T
I Z Z Z       I V F P       I F F P       I W F F       I T T T
  L   Z         V   P         W   P         W   P         T   X
  L L L L       W N U U       W N Y U       N N U U       N X X X
      Y             Y             Y             Y             X

solution 46:
0,3,0 0,3,1 0,3,2 0,3,3 0,3,4 I
2,1,4 3,0,4 3,1,4 3,2,4 4,1,4 X
3,2,1 3,2,2 3,2,3 3,3,1 3,3,2 P
3,0,0 3,0,1 3,0,2 3,0,3 3,1,2 Y
2,3,0 3,1,0 3,2,0 3,3,0 4,1,0 Z
3,1,1 3,1,3 4,1,1 4,1,2 4,1,3 U
1,1,0 1,2,0 1,3,0 1,4,0 2,1,0 L
1,1,3 1,1,4 2,1,1 2,1,2 2,1,3 N
1,3,2 2,3,1 2,3,2 2,3,3 3,3,3 F
1,2,4 1,3,4 1,4,4 2,3,4 3,3,4 T
1,1,1 1,1,2 1,2,2 1,2,3 1,3,3 W
1,2,1 1,3,1 1,4,1 1,4,2 1,4,3 V

  L             V             V             V             T
I L Z Z       I V F P       I F F P       I W F F       I T T T
  L   Z         V   P         W   P         W   P         T   X
  L L Z Z       W N U U       W N Y U       N N U U       N X X X
      Y             Y             Y             Y             X

solution 47:
0,3,0 0,3,1 0,3,2 0,3,3 0,3,4 I
2,1,4 3,0,4 3,1,4 3,2,4 4,1,4 X
3,2,1 3,2,2 3,2,3 3,3,1 3,3,2 P
3,0,0 3,0,1 3,0,2 3,0,3 3,1,2 Y
2,3,0 3,1,0 3,2,0 3,3,0 4,1,0 Z
2,1,1 3,1,1 4,1,1 4,1,2 4,1,3 V
1,1,0 1,2,0 1,3,0 1,4,0 2,1,0 L
1,1,1 1,1,2 2,1,2 2,1,3 3,1,3 W
1,3,2 2,3,1 2,3,2 2,3,3 3,3,3 F
1,2,4 1,3,4 1,4,4 2,3,4 3,3,4 T
1,1,3 1,1,4 1,2,1 1,2,2 1,2,3 N
1,3,1 1,3,3 1,4,1 1,4,2 1,4,3 U

  L             U             U             U             T
I L Z Z       I U F P       I F F P       I U F F       I T T T
  L   Z         N   P         N   P         N   P         T   X
  L L Z Z       W V V V       W W Y V       N W W V       N X X X
      Y             Y             Y             Y             X

solution 48:
1,4,0 1,4,1 1,4,2 1,4,3 1,4,4 I
2,1,0 3,0,0 3,1,0 3,2,0 4,1,0 X
1,1,0 1,1,1 1,1,2 1,2,0 1,2,1 P
1,1,4 1,2,2 1,2,3 1,2,4 1,3,3 F
0,3,4 1,3,4 2,3,2 2,3,3 2,3,4 V
0,3,0 0,3,1 0,3,2 0,3,3 1,3,0 L
1,3,1 1,3,2 2,3,0 2,3,1 3,3,0 W
3,0,1 3,1,1 3,2,1 3,3,1 4,1,1 Y
2,1,1 2,1,2 3,1,2 4,1,2 4,1,3 Z
1,1,3 2,1,3 2,1,4 3,1,4 4,1,4 N
3,0,2 3,0,3 3,0,4 3,1,3 3,2,3 T
3,2,2 3,2,4 3,3,2 3,3,3 3,3,4 U

  I             I             I             I             I
L L W W       L W W Y       L W V U       L F V U       V V V U
  P   X         P   Y         F   U         F   T         F   U
  P X X X       P Z Y Y       P Z Z Z       N N T Z       F N N N
      X             Y             T             T             T

solution 49:
1,4,0 1,4,1 1,4,2 1,4,3 1,4,4 I
2,1,0 3,0,0 3,1,0 3,2,0 4,1,0 X
1,1,0 1,1,1 1,1,2 1,2,0 1,2,1 P
1,1,4 1,2,2 1,2,3 1,2,4 1,3,3 F
0,3,4 1,3,4 2,3,2 2,3,3 2,3,4 V
0,3,2 0,3,3 1,3,1 1,3,2 2,3,1 W
0,3,0 0,3,1 1,3,0 2,3,0 3,3,0 L
3,0,1 3,1,1 3,2,1 3,3,1 4,1,1 Y
2,1,1 2,1,2 3,1,2 4,1,2 4,1,3 Z
1,1,3 2,1,3 2,1,4 3,1,4 4,1,4 N
3,0,2 3,0,3 3,0,4 3,1,3 3,2,3 T
3,2,2 3,2,4 3,3,2 3,3,3 3,3,4 U

  I             I             I             I             I
L L L L       L W W Y       W W V U       W F V U       V V V U
  P   X         P   Y         F   U         F   T         F   U
  P X X X       P Z Y Y       P Z Z Z       N N T Z       F N N N
      X             Y             T             T             T

solution 50:
1,4,0 1,4,1 1,4,2 1,4,3 1,4,4 I
2,1,0 3,0,0 3,1,0 3,2,0 4,1,0 X
1,1,0 1,1,1 1,1,2 1,2,0 1,2,1 P
1,1,4 1,2,2 1,2,3 1,2,4 1,3,4 T
0,3,3 0,3,4 1,3,2 1,3,3 2,3,3 F
0,3,0 0,3,1 0,3,2 1,3,0 2,3,0 V
1,3,1 2,3,1 2,3,2 3,3,2 3,3,3 W
2,3,4 3,1,4 3,2,4 3,3,4 4,1,4 Z
3,2,1 3,2,2 3,2,3 3,3,0 3,3,1 N
3,0,1 3,0,2 3,0,3 3,0,4 3,1,1 L
2,1,1 2,1,2 3,1,2 4,1,1 4,1,2 U
1,1,3 2,1,3 2,1,4 3,1,3 4,1,3 Y

  I             I             I             I             I
V V V N       V W W N       V F W W       F F F W       F T Z Z
  P   X         P   N         T   N         T   N         T   Z
  P X X X       P U L U       P U U U       Y Y Y Y       T Y Z Z
      X             L             L             L             L

solution 51:
1,4,0 1,4,1 1,4,2 1,4,3 1,4,4 I
2,1,4 3,0,4 3,1,4 3,2,4 4,1,4 X
3,0,0 3,0,1 3,0,2 3,1,0 3,1,1 P
3,1,2 4,1,0 4,1,1 4,1,2 4,1,3 Y
1,1,3 1,2,3 2,1,3 3,0,3 3,1,3 Z
1,1,0 1,1,2 2,1,0 2,1,1 2,1,2 U
0,3,4 1,1,4 1,2,4 1,3,4 2,3,4 T
1,1,1 1,2,0 1,2,1 1,2,2 1,3,2 F
0,3,0 1,3,0 2,3,0 3,2,0 3,3,0 L
3,2,1 3,2,2 3,2,3 3,3,3 3,3,4 N
1,3,3 2,3,2 2,3,3 3,3,1 3,3,2 W
0,3,1 0,3,2 0,3,3 1,3,1 2,3,1 V

  I             I             I             I             I
L L L L       V V V W       V F W W       V W W N       T T T N
  F   L         F   N         F   N         Z   N         T   X
  U U P Y       F U P Y       U U Y Y       Z Z Z Y       T X X X
      P             P             P             Z             X

solution 52:
1,4,0 1,4,1 1,4,2 1,4,3 1,4,4 I
2,1,4 3,0,4 3,1,4 3,2,4 4,1,4 X
3,0,0 3,0,1 3,0,2 3,1,0 3,1,1 P
3,1,2 4,1,0 4,1,1 4,1,2 4,1,3 Y
1,1,3 1,2,3 2,1,3 3,0,3 3,1,3 Z
1,1,0 1,1,2 2,1,0 2,1,1 2,1,2 U
1,1,4 1,2,4 1,3,4 2,3,4 3,3,4 V
1,1,1 1,2,0 1,2,1 1,2,2 1,3,0 F
3,2,0 3,2,1 3,2,2 3,2,3 3,3,0 L
0,3,0 0,3,1 1,3,1 1,3,2 2,3,2 W
0,3,2 0,3,3 0,3,4 1,3,3 2,3,3 T
2,3,0 2,3,1 3,3,1 3,3,2 3,3,3 N

  I             I             I             I             I
W F N L       W W N N       T W W N       T T T N       T V V V
  F   L         F   L         F   L         Z   L         V   X
  U U P Y       F U P Y       U U Y Y       Z Z Z Y       V X X X
      P             P             P             Z             X

solution 53:
1,4,0 1,4,1 1,4,2 1,4,3 1,4,4 I
2,1,4 3,0,4 3,1,4 3,2,4 4,1,4 X
3,2,1 3,2,2 3,2,3 3,3,1 3,3,2 P
3,0,1 3,0,2 3,0,3 3,1,1 3,1,3 U
3,1,2 4,1,0 4,1,1 4,1,2 4,1,3 Y
2,3,0 3,0,0 3,1,0 3,2,0 3,3,0 L
0,3,0 1,1,0 1,2,0 1,3,0 2,1,0 Z
1,1,3 1,1,4 2,1,1 2,1,2 2,1,3 N
1,1,2 1,2,2 1,2,3 1,2,4 1,3,3 F
0,3,1 1,1,1 1,2,1 1,3,1 2,3,1 T
1,3,2 2,3,2 2,3,3 3,3,3 3,3,4 W
0,3,2 0,3,3 0,3,4 1,3,4 2,3,4 V

  I             I             I             I             I
Z Z L L       T T T P       V W W P       V F W W       V V V W
  Z   L         T   P         F   P         F   P         F   X
  Z Z L Y       T N U Y       F N Y Y       N N U Y       N X X X
      L             U             U             U             X

solution 54:
1,4,0 1,4,1 1,4,2 1,4,3 1,4,4 I
2,1,4 3,0,4 3,1,4 3,2,4 4,1,4 X
3,2,1 3,2,2 3,2,3 3,3,1 3,3,2 P
3,0,1 3,0,2 3,0,3 3,1,1 3,1,3 U
3,1,2 4,1,0 4,1,1 4,1,2 4,1,3 Y
1,1,0 1,2,0 2,1,0 3,0,0 3,1,0 Z
1,1,3 1,1,4 2,1,1 2,1,2 2,1,3 N
0,3,0 1,3,0 2,3,0 3,2,0 3,3,0 L
1,1,2 1,2,2 1,2,3 1,2,4 1,3,3 F
0,3,1 1,1,1 1,2,1 1,3,1 2,3,1 T
1,3,2 2,3,2 2,3,3 3,3,3 3,3,4 W
0,3,2 0,3,3 0,3,4 1,3,4 2,3,4 V

  I             I             I             I             I
L L L L       T T T P       V W W P       V F W W       V V V W
  Z   L         T   P         F   P         F   P         F   X
  Z Z Z Y       T N U Y       F N Y Y       N N U Y       N X X X
      Z             U             U             U             X

54 solutions, 235,303 searches, duration 0:00:44.840958
