solving Tetracubes2x4x4:

solution 1:
0,0,0 0,0,1 0,1,0 1,0,0 V2
2,0,0 2,1,0 2,2,0 2,3,0 I
3,0,0 3,0,1 3,1,0 3,2,0 L
2,2,1 2,3,1 3,3,0 3,3,1 V3
2,0,1 2,1,1 3,1,1 3,2,1 S
1,0,1 1,1,0 1,1,1 1,2,1 T
0,1,1 0,2,0 0,2,1 1,2,0 V1
0,3,0 0,3,1 1,3,0 1,3,1 O

O O I V3    O O V3V3
V1V1I L     V1T V3S
V2T I L     V1T S S
V2V2I L     V2T S L

solution 2:
0,0,0 0,0,1 0,1,0 1,0,0 V2
2,0,0 2,1,0 2,2,0 2,3,0 I
3,0,0 3,1,0 3,2,0 3,2,1 L
2,2,1 2,3,1 3,3,0 3,3,1 V3
2,0,1 2,1,1 3,0,1 3,1,1 O
1,0,1 1,1,0 1,1,1 1,2,0 S
0,1,1 0,2,1 0,3,1 1,2,1 T
0,2,0 0,3,0 1,3,0 1,3,1 V1

V1V1I V3    T V1V3V3
V1S I L     T T V3L
V2S I L     T S O O
V2V2I L     V2S O O

solution 3:
0,0,0 0,0,1 0,1,0 1,0,0 V2
2,0,0 2,1,0 2,2,0 2,3,0 I
3,0,0 3,1,0 3,2,0 3,2,1 L
2,2,1 2,3,1 3,3,0 3,3,1 V3
2,0,1 2,1,1 3,0,1 3,1,1 O
0,1,1 0,2,1 1,0,1 1,1,1 S
0,2,0 1,1,0 1,2,0 1,3,0 T
0,3,0 0,3,1 1,2,1 1,3,1 V1

V1T I V3    V1V1V3V3
T T I L     S V1V3L
V2T I L     S S O O
V2V2I L     V2S O O

solution 4:
0,0,0 0,0,1 0,1,0 1,0,0 V2
2,0,0 2,1,0 2,2,0 2,3,0 I
3,0,0 3,1,0 3,2,0 3,2,1 L
2,2,1 2,3,1 3,3,0 3,3,1 V3
2,0,1 2,1,1 3,0,1 3,1,1 O
1,0,1 1,1,0 1,1,1 1,2,1 T
0,1,1 0,2,0 0,2,1 0,3,0 S
0,3,1 1,2,0 1,3,0 1,3,1 V1

S V1I V3    V1V1V3V3
S V1I L     S T V3L
V2T I L     S T O O
V2V2I L     V2T O O

solution 5:
0,0,0 0,0,1 0,1,0 1,0,0 V2
2,0,0 2,1,0 2,2,0 2,3,0 I
1,0,1 2,0,1 3,0,0 3,0,1 L
2,1,1 3,1,0 3,1,1 3,2,0 V3
2,2,1 3,2,1 3,3,0 3,3,1 V1
0,3,0 1,3,0 1,3,1 2,3,1 S
1,1,0 1,1,1 1,2,0 1,2,1 O
0,1,1 0,2,0 0,2,1 0,3,1 T

S S I V1    T S S V1
T O I V3    T O V1V1
V2O I V3    T O V3V3
V2V2I L     V2L L L

solution 6:
0,0,0 0,0,1 0,1,0 1,0,0 V2
2,0,0 2,1,0 2,2,0 2,3,0 I
1,0,1 2,0,1 3,0,0 3,0,1 L
2,1,1 3,1,0 3,1,1 3,2,0 V3
2,2,1 3,2,1 3,3,0 3,3,1 V1
0,3,1 1,3,0 1,3,1 2,3,1 T
0,1,1 0,2,0 0,2,1 0,3,0 S
1,1,0 1,1,1 1,2,0 1,2,1 O

S T I V1    T T T V1
S O I V3    S O V1V1
V2O I V3    S O V3V3
V2V2I L     V2L L L

solution 7:
0,0,0 0,0,1 0,1,0 1,0,0 V2
2,0,0 2,1,0 2,2,0 2,3,0 I
1,0,1 2,0,1 3,0,0 3,0,1 L
2,1,1 3,1,0 3,1,1 3,2,0 V3
2,2,1 3,2,1 3,3,0 3,3,1 V1
0,3,1 1,3,0 1,3,1 2,3,1 T
0,2,0 0,3,0 1,1,0 1,2,0 S
0,1,1 0,2,1 1,1,1 1,2,1 O

S T I V1    T T T V1
S S I V3    O O V1V1
V2S I V3    O O V3V3
V2V2I L     V2L L L

solution 8:
0,0,0 0,0,1 0,1,0 1,0,0 V2
2,0,0 2,1,0 2,2,0 2,3,0 I
3,0,0 3,0,1 3,1,0 3,1,1 O
2,3,1 3,2,0 3,3,0 3,3,1 V1
2,0,1 2,1,1 2,2,1 3,2,1 L
1,0,1 1,1,0 1,1,1 1,2,0 S
0,1,1 0,2,0 0,2,1 0,3,1 T
0,3,0 1,2,1 1,3,0 1,3,1 V3

V3V3I V1    T V3V1V1
T S I V1    T V3L L
V2S I O     T S L O
V2V2I O     V2S L O

solution 9:
0,0,0 0,0,1 0,1,0 1,0,0 V2
2,0,0 2,1,0 2,2,0 2,3,0 I
3,0,0 3,0,1 3,1,0 3,1,1 O
2,3,1 3,2,0 3,3,0 3,3,1 V1
2,0,1 2,1,1 2,2,1 3,2,1 L
0,1,1 0,2,1 1,0,1 1,1,1 S
1,1,0 1,2,0 1,2,1 1,3,0 T
0,2,0 0,3,0 0,3,1 1,3,1 V3

V3T I V1    V3V3V1V1
V3T I V1    S T L L
V2T I O     S S L O
V2V2I O     V2S L O

solution 10:
0,0,0 0,0,1 0,1,0 1,0,0 V2
2,0,0 2,1,0 2,2,0 2,3,0 I
3,0,0 3,0,1 3,1,0 3,1,1 O
2,3,1 3,2,0 3,3,0 3,3,1 V1
2,0,1 2,1,1 2,2,1 3,2,1 L
0,1,1 1,0,1 1,1,1 1,2,1 T
0,2,0 0,3,0 1,1,0 1,2,0 S
0,2,1 0,3,1 1,3,0 1,3,1 V3

S V3I V1    V3V3V1V1
S S I V1    V3T L L
V2S I O     T T L O
V2V2I O     V2T L O

...

solution 1390:
2,2,0 2,2,1 2,3,0 3,2,0 V2
1,3,1 2,3,1 3,3,0 3,3,1 L
2,1,0 3,1,0 3,1,1 3,2,1 V1
2,0,0 2,0,1 3,0,0 3,0,1 O
1,0,0 1,1,0 1,2,0 1,3,0 I
0,2,1 0,3,0 0,3,1 1,2,1 V3
0,0,0 0,1,0 0,1,1 0,2,0 T
0,0,1 1,0,1 1,1,1 2,1,1 S

V3I V2L     V3L L L
T I V2V2    V3V3V2V1
T I V1V1    T S S V1
T I O O     S S O O

1390 solutions, 18073 searches, duration 0:00:31.916536
