solving Polysticks1234TruncatedDiamondLattice8x3:

solution 1 (50,290,871 searches):
4,1,0 5,0,1 5,1,0 5,1,1 X
5,0,0 6,0,0 6,0,1 7,0,1 F
7,0,0 I1
7,1,0 7,1,1 8,0,1 8,1,1 H
4,2,0 5,2,0 6,1,0 6,1,1 N
7,2,0 7,2,1 7,3,0 8,2,1 O
6,2,0 6,2,1 6,3,0 7,3,1 P
0,5,0 1,5,0 2,5,0 3,5,0 I
1,4,0 1,4,1 2,3,0 2,3,1 W
2,4,0 2,4,1 3,4,1 U3
0,5,1 0,6,1 0,7,1 I3
0,8,0 1,8,0 2,8,0 3,7,1 L
4,1,1 4,2,1 I2
3,2,0 3,2,1 3,3,1 3,4,0 U
2,7,0 2,7,1 3,7,0 4,6,1 Z
3,6,0 4,6,0 5,4,1 5,5,1 V
4,3,1 4,4,1 4,5,0 4,5,1 Y
3,3,0 4,3,0 5,2,1 5,3,1 T
4,4,0 5,4,0 5,5,0 6,4,1 J
5,3,0 6,3,1 6,4,0 Z3
2,6,0 3,5,1 3,6,1 T3
1,7,0 2,5,1 2,6,1 L3
0,7,0 1,6,0 1,6,1 1,7,1 R
0,6,0 1,5,1 V2

 -L-- -L-- -L--
I    R    Z    L
3    |    |    |
 -R-- -L3- -Z-- -Z--
I    R    L    T    Z
3    |    3    3    |
 -V2- -R-- -T3- -V-- -V--
I    V    L    T    Y    V
3    2    3    3    |    |
 -I-- -I-- -I-- -I-- -Y-- -J--
     W    U    U    Y    V    J
     |    3    3    |    |    |
      -W-- -U3- -U-- -J-- -J-- -Z3-
          W    U    Y    T    Z    P
          |    |    |    |    3    |
           -W-- -T-- -T-- -Z3- -P-- -O--
               U    I    T    P    O    O
               |    2    |    |    |    |
                -U-- -N-- -N-- -P-- -O--
                    I    X    N    H    H
                    2    |    |    |    |
                     -X-- -X-- -N-- -H--
                         X    F    F    H
                         |    |    |    |
                          -F-- -F-- -I1-

solution 2 (50,290,877 searches):
4,1,0 5,0,1 5,1,0 5,1,1 X
5,0,0 6,0,0 6,0,1 7,0,1 F
7,0,0 I1
7,1,0 7,1,1 8,0,1 8,1,1 H
4,2,0 5,2,0 6,1,0 6,1,1 N
7,2,0 7,2,1 7,3,0 8,2,1 O
6,2,0 6,2,1 6,3,0 7,3,1 P
0,5,0 1,5,0 2,5,0 3,5,0 I
1,4,0 1,4,1 2,3,0 2,3,1 W
2,4,0 2,4,1 3,4,1 U3
0,5,1 0,6,1 0,7,1 I3
0,8,0 1,8,0 2,8,0 3,7,1 L
4,1,1 4,2,1 I2
3,2,0 3,2,1 3,3,1 3,4,0 U
2,7,0 2,7,1 3,7,0 4,6,1 Z
3,6,0 4,6,0 5,4,1 5,5,1 V
4,3,1 4,4,1 4,5,0 4,5,1 Y
3,3,0 4,3,0 5,2,1 5,3,1 T
4,4,0 5,3,0 5,4,0 6,3,1 J
5,5,0 6,4,0 6,4,1 Z3
2,6,0 3,5,1 3,6,1 T3
1,7,0 2,5,1 2,6,1 L3
0,7,0 1,6,0 1,6,1 1,7,1 R
0,6,0 1,5,1 V2

 -L-- -L-- -L--
I    R    Z    L
3    |    |    |
 -R-- -L3- -Z-- -Z--
I    R    L    T    Z
3    |    3    3    |
 -V2- -R-- -T3- -V-- -V--
I    V    L    T    Y    V
3    2    3    3    |    |
 -I-- -I-- -I-- -I-- -Y-- -Z3-
     W    U    U    Y    V    Z
     |    3    3    |    |    3
      -W-- -U3- -U-- -J-- -J-- -Z3-
          W    U    Y    T    J    P
          |    |    |    |    |    |
           -W-- -T-- -T-- -J-- -P-- -O--
               U    I    T    P    O    O
               |    2    |    |    |    |
                -U-- -N-- -N-- -P-- -O--
                    I    X    N    H    H
                    2    |    |    |    |
                     -X-- -X-- -N-- -H--
                         X    F    F    H
                         |    |    |    |
                          -F-- -F-- -I1-

solution 3 (50,294,850 searches):
4,1,0 5,0,1 5,1,0 5,1,1 X
5,0,0 6,0,0 6,0,1 7,0,1 F
7,0,0 I1
7,1,0 7,1,1 8,0,1 8,1,1 H
4,2,0 5,2,0 6,1,0 6,1,1 N
7,2,0 7,2,1 7,3,0 8,2,1 O
6,2,0 6,2,1 6,3,0 7,3,1 P
0,5,0 1,5,0 2,5,0 3,5,0 I
1,4,0 1,4,1 2,3,0 2,3,1 W
2,4,0 2,4,1 3,4,1 U3
0,5,1 0,6,1 0,7,1 I3
0,8,0 1,8,0 2,8,0 3,7,1 L
3,3,0 4,1,1 4,2,1 4,3,0 T
3,2,0 3,2,1 3,3,1 3,4,0 U
4,3,1 4,4,1 4,5,0 4,5,1 Y
2,7,0 2,7,1 3,7,0 4,6,1 Z
3,6,0 4,6,0 5,4,1 5,5,1 V
4,4,0 5,4,0 5,5,0 6,4,1 J
5,3,0 6,3,1 6,4,0 Z3
5,2,1 5,3,1 I2
2,6,0 3,5,1 3,6,1 T3
1,7,0 2,5,1 2,6,1 L3
0,7,0 1,6,0 1,6,1 1,7,1 R
0,6,0 1,5,1 V2

 -L-- -L-- -L--
I    R    Z    L
3    |    |    |
 -R-- -L3- -Z-- -Z--
I    R    L    T    Z
3    |    3    3    |
 -V2- -R-- -T3- -V-- -V--
I    V    L    T    Y    V
3    2    3    3    |    |
 -I-- -I-- -I-- -I-- -Y-- -J--
     W    U    U    Y    V    J
     |    3    3    |    |    |
      -W-- -U3- -U-- -J-- -J-- -Z3-
          W    U    Y    I    Z    P
          |    |    |    2    3    |
           -W-- -T-- -T-- -Z3- -P-- -O--
               U    T    I    P    O    O
               |    |    2    |    |    |
                -U-- -N-- -N-- -P-- -O--
                    T    X    N    H    H
                    |    |    |    |    |
                     -X-- -X-- -N-- -H--
                         X    F    F    H
                         |    |    |    |
                          -F-- -F-- -I1-

solution 4 (50,294,877 searches):
4,1,0 5,0,1 5,1,0 5,1,1 X
5,0,0 6,0,0 6,0,1 7,0,1 F
7,0,0 I1
7,1,0 7,1,1 8,0,1 8,1,1 H
4,2,0 5,2,0 6,1,0 6,1,1 N
7,2,0 7,2,1 7,3,0 8,2,1 O
6,2,0 6,2,1 6,3,0 7,3,1 P
0,5,0 1,5,0 2,5,0 3,5,0 I
1,4,0 1,4,1 2,3,0 2,3,1 W
2,4,0 2,4,1 3,4,1 U3
0,5,1 0,6,1 0,7,1 I3
0,8,0 1,8,0 2,8,0 3,7,1 L
3,3,0 4,1,1 4,2,1 4,3,0 T
3,2,0 3,2,1 3,3,1 3,4,0 U
4,3,1 4,4,1 4,5,0 4,5,1 Y
2,7,0 2,7,1 3,7,0 4,6,1 Z
3,6,0 4,6,0 5,4,1 5,5,1 V
5,5,0 6,4,0 6,4,1 Z3
2,6,0 3,5,1 3,6,1 T3
4,4,0 5,3,0 5,4,0 6,3,1 J
5,2,1 5,3,1 I2
1,7,0 2,5,1 2,6,1 L3
0,7,0 1,6,0 1,6,1 1,7,1 R
0,6,0 1,5,1 V2

 -L-- -L-- -L--
I    R    Z    L
3    |    |    |
 -R-- -L3- -Z-- -Z--
I    R    L    T    Z
3    |    3    3    |
 -V2- -R-- -T3- -V-- -V--
I    V    L    T    Y    V
3    2    3    3    |    |
 -I-- -I-- -I-- -I-- -Y-- -Z3-
     W    U    U    Y    V    Z
     |    3    3    |    |    3
      -W-- -U3- -U-- -J-- -J-- -Z3-
          W    U    Y    I    J    P
          |    |    |    2    |    |
           -W-- -T-- -T-- -J-- -P-- -O--
               U    T    I    P    O    O
               |    |    2    |    |    |
                -U-- -N-- -N-- -P-- -O--
                    T    X    N    H    H
                    |    |    |    |    |
                     -X-- -X-- -N-- -H--
                         X    F    F    H
                         |    |    |    |
                          -F-- -F-- -I1-

solution 5 (52,874,866 searches):
4,1,0 5,0,1 5,1,0 5,1,1 X
5,0,0 6,0,0 6,0,1 7,0,1 F
7,0,0 I1
7,1,0 7,1,1 8,0,1 8,1,1 H
4,2,0 5,2,0 6,1,0 6,1,1 N
7,2,0 7,2,1 7,3,0 8,2,1 O
6,2,0 6,2,1 6,3,0 7,3,1 P
4,1,1 4,2,1 4,3,1 4,4,1 I
2,3,0 2,3,1 3,2,0 3,2,1 W
3,3,0 3,3,1 3,4,0 U3
4,3,0 5,2,1 5,3,1 T3
4,4,0 5,3,0 5,4,0 6,3,1 J
5,5,0 6,4,0 6,4,1 Z3
4,6,0 5,4,1 5,5,1 L3
2,5,0 3,5,0 4,5,0 I3
1,4,0 1,4,1 2,4,0 3,4,1 U
2,7,0 3,7,0 4,5,1 4,6,1 V
0,8,0 1,8,0 2,8,0 3,7,1 L
0,5,1 0,6,1 0,7,0 0,7,1 Y
1,5,1 1,6,0 2,6,0 3,6,1 Z
0,6,0 1,6,1 1,7,0 1,7,1 R
0,5,0 1,5,0 2,4,1 2,5,1 T
2,6,1 2,7,1 I2
3,5,1 3,6,0 V2

 -L-- -L-- -L--
Y    R    I    L
|    |    2    |
 -Y-- -R-- -V-- -V--
Y    R    I    Z    V
|    |    2    |    |
 -R-- -Z-- -Z-- -V2- -L3-
Y    Z    T    V    V    L
|    |    |    2    |    3
 -T-- -T-- -I3- -I3- -I3- -Z3-
     U    T    U    I    L    Z
     |    |    |    |    3    3
      -U-- -U-- -U3- -J-- -J-- -Z3-
          W    U    I    T    J    P
          |    3    |    3    |    |
           -W-- -U3- -T3- -J-- -P-- -O--
               W    I    T    P    O    O
               |    |    3    |    |    |
                -W-- -N-- -N-- -P-- -O--
                    I    X    N    H    H
                    |    |    |    |    |
                     -X-- -X-- -N-- -H--
                         X    F    F    H
                         |    |    |    |
                          -F-- -F-- -I1-

solution 6 (52,879,104 searches):
4,1,0 5,0,1 5,1,0 5,1,1 X
5,0,0 6,0,0 6,0,1 7,0,1 F
7,0,0 I1
7,1,0 7,1,1 8,0,1 8,1,1 H
4,2,0 5,2,0 6,1,0 6,1,1 N
7,2,0 7,2,1 7,3,0 8,2,1 O
6,2,0 6,2,1 6,3,0 7,3,1 P
4,1,1 4,2,1 4,3,1 4,4,1 I
2,3,0 2,3,1 3,2,0 3,2,1 W
3,3,0 3,3,1 3,4,0 U3
4,3,0 5,2,1 5,3,1 T3
4,4,0 5,3,0 5,4,0 6,3,1 J
5,5,0 6,4,0 6,4,1 Z3
3,6,0 4,6,0 5,4,1 5,5,1 V
2,7,0 2,7,1 3,7,0 4,6,1 Z
0,8,0 1,8,0 2,8,0 3,7,1 L
2,5,0 3,5,0 4,5,0 4,5,1 Y
1,4,0 1,4,1 2,4,0 3,4,1 U
0,5,1 0,6,1 0,7,1 I3
3,5,1 3,6,1 I2
0,5,0 1,5,0 2,4,1 2,5,1 T
1,6,0 1,6,1 2,6,0 L3
0,7,0 1,7,0 1,7,1 2,6,1 R
0,6,0 1,5,1 V2

 -L-- -L-- -L--
I    R    Z    L
3    |    |    |
 -R-- -R-- -Z-- -Z--
I    L    R    I    Z
3    3    |    2    |
 -V2- -L3- -L3- -V-- -V--
I    V    T    I    Y    V
3    2    |    2    |    |
 -T-- -T-- -Y-- -Y-- -Y-- -Z3-
     U    T    U    I    V    Z
     |    |    |    |    |    3
      -U-- -U-- -U3- -J-- -J-- -Z3-
          W    U    I    T    J    P
          |    3    |    3    |    |
           -W-- -U3- -T3- -J-- -P-- -O--
               W    I    T    P    O    O
               |    |    3    |    |    |
                -W-- -N-- -N-- -P-- -O--
                    I    X    N    H    H
                    |    |    |    |    |
                     -X-- -X-- -N-- -H--
                         X    F    F    H
                         |    |    |    |
                          -F-- -F-- -I1-

solution 7 (52,879,106 searches):
4,1,0 5,0,1 5,1,0 5,1,1 X
5,0,0 6,0,0 6,0,1 7,0,1 F
7,0,0 I1
7,1,0 7,1,1 8,0,1 8,1,1 H
4,2,0 5,2,0 6,1,0 6,1,1 N
7,2,0 7,2,1 7,3,0 8,2,1 O
6,2,0 6,2,1 6,3,0 7,3,1 P
4,1,1 4,2,1 4,3,1 4,4,1 I
2,3,0 2,3,1 3,2,0 3,2,1 W
3,3,0 3,3,1 3,4,0 U3
4,3,0 5,2,1 5,3,1 T3
4,4,0 5,3,0 5,4,0 6,3,1 J
5,5,0 6,4,0 6,4,1 Z3
3,6,0 4,6,0 5,4,1 5,5,1 V
2,7,0 2,7,1 3,7,0 4,6,1 Z
0,8,0 1,8,0 2,8,0 3,7,1 L
2,5,0 3,5,0 4,5,0 4,5,1 Y
1,4,0 1,4,1 2,4,0 3,4,1 U
0,5,1 0,6,1 0,7,1 I3
3,5,1 3,6,1 I2
0,5,0 1,5,0 2,4,1 2,5,1 T
1,5,1 1,6,0 2,6,0 L3
0,7,0 1,7,0 1,7,1 2,6,1 R
0,6,0 1,6,1 V2

 -L-- -L-- -L--
I    R    Z    L
3    |    |    |
 -R-- -R-- -Z-- -Z--
I    V    R    I    Z
3    2    |    2    |
 -V2- -L3- -L3- -V-- -V--
I    L    T    I    Y    V
3    3    |    2    |    |
 -T-- -T-- -Y-- -Y-- -Y-- -Z3-
     U    T    U    I    V    Z
     |    |    |    |    |    3
      -U-- -U-- -U3- -J-- -J-- -Z3-
          W    U    I    T    J    P
          |    3    |    3    |    |
           -W-- -U3- -T3- -J-- -P-- -O--
               W    I    T    P    O    O
               |    |    3    |    |    |
                -W-- -N-- -N-- -P-- -O--
                    I    X    N    H    H
                    |    |    |    |    |
                     -X-- -X-- -N-- -H--
                         X    F    F    H
                         |    |    |    |
                          -F-- -F-- -I1-

solution 8 (52,892,792 searches):
4,1,0 5,0,1 5,1,0 5,1,1 X
5,0,0 6,0,0 6,0,1 7,0,1 F
7,0,0 I1
7,1,0 7,1,1 8,0,1 8,1,1 H
4,2,0 5,2,0 6,1,0 6,1,1 N
7,2,0 7,2,1 7,3,0 8,2,1 O
6,2,0 6,2,1 6,3,0 7,3,1 P
4,1,1 4,2,1 4,3,1 4,4,1 I
2,3,0 2,3,1 3,2,0 3,2,1 W
3,3,0 3,3,1 3,4,0 U3
4,3,0 5,2,1 5,3,1 T3
5,3,0 6,3,1 6,4,0 Z3
4,4,0 5,4,0 5,5,0 6,4,1 J
4,6,0 5,4,1 5,5,1 L3
2,5,0 3,5,0 4,5,0 I3
1,4,0 1,4,1 2,4,0 3,4,1 U
2,7,0 3,7,0 4,5,1 4,6,1 V
0,8,0 1,8,0 2,8,0 3,7,1 L
0,5,1 0,6,1 0,7,0 0,7,1 Y
1,5,1 1,6,0 2,6,0 3,6,1 Z
0,6,0 1,6,1 1,7,0 1,7,1 R
0,5,0 1,5,0 2,4,1 2,5,1 T
2,6,1 2,7,1 I2
3,5,1 3,6,0 V2

 -L-- -L-- -L--
Y    R    I    L
|    |    2    |
 -Y-- -R-- -V-- -V--
Y    R    I    Z    V
|    |    2    |    |
 -R-- -Z-- -Z-- -V2- -L3-
Y    Z    T    V    V    L
|    |    |    2    |    3
 -T-- -T-- -I3- -I3- -I3- -J--
     U    T    U    I    L    J
     |    |    |    |    3    |
      -U-- -U-- -U3- -J-- -J-- -Z3-
          W    U    I    T    Z    P
          |    3    |    3    3    |
           -W-- -U3- -T3- -Z3- -P-- -O--
               W    I    T    P    O    O
               |    |    3    |    |    |
                -W-- -N-- -N-- -P-- -O--
                    I    X    N    H    H
                    |    |    |    |    |
                     -X-- -X-- -N-- -H--
                         X    F    F    H
                         |    |    |    |
                          -F-- -F-- -I1-

solution 9 (52,897,030 searches):
4,1,0 5,0,1 5,1,0 5,1,1 X
5,0,0 6,0,0 6,0,1 7,0,1 F
7,0,0 I1
7,1,0 7,1,1 8,0,1 8,1,1 H
4,2,0 5,2,0 6,1,0 6,1,1 N
7,2,0 7,2,1 7,3,0 8,2,1 O
6,2,0 6,2,1 6,3,0 7,3,1 P
4,1,1 4,2,1 4,3,1 4,4,1 I
2,3,0 2,3,1 3,2,0 3,2,1 W
3,3,0 3,3,1 3,4,0 U3
4,3,0 5,2,1 5,3,1 T3
5,3,0 6,3,1 6,4,0 Z3
4,4,0 5,4,0 5,5,0 6,4,1 J
3,6,0 4,6,0 5,4,1 5,5,1 V
2,7,0 2,7,1 3,7,0 4,6,1 Z
0,8,0 1,8,0 2,8,0 3,7,1 L
2,5,0 3,5,0 4,5,0 4,5,1 Y
1,4,0 1,4,1 2,4,0 3,4,1 U
0,5,1 0,6,1 0,7,1 I3
3,5,1 3,6,1 I2
0,5,0 1,5,0 2,4,1 2,5,1 T
1,6,0 1,6,1 2,6,0 L3
0,7,0 1,7,0 1,7,1 2,6,1 R
0,6,0 1,5,1 V2

 -L-- -L-- -L--
I    R    Z    L
3    |    |    |
 -R-- -R-- -Z-- -Z--
I    L    R    I    Z
3    3    |    2    |
 -V2- -L3- -L3- -V-- -V--
I    V    T    I    Y    V
3    2    |    2    |    |
 -T-- -T-- -Y-- -Y-- -Y-- -J--
     U    T    U    I    V    J
     |    |    |    |    |    |
      -U-- -U-- -U3- -J-- -J-- -Z3-
          W    U    I    T    Z    P
          |    3    |    3    3    |
           -W-- -U3- -T3- -Z3- -P-- -O--
               W    I    T    P    O    O
               |    |    3    |    |    |
                -W-- -N-- -N-- -P-- -O--
                    I    X    N    H    H
                    |    |    |    |    |
                     -X-- -X-- -N-- -H--
                         X    F    F    H
                         |    |    |    |
                          -F-- -F-- -I1-

solution 10 (52,897,032 searches):
4,1,0 5,0,1 5,1,0 5,1,1 X
5,0,0 6,0,0 6,0,1 7,0,1 F
7,0,0 I1
7,1,0 7,1,1 8,0,1 8,1,1 H
4,2,0 5,2,0 6,1,0 6,1,1 N
7,2,0 7,2,1 7,3,0 8,2,1 O
6,2,0 6,2,1 6,3,0 7,3,1 P
4,1,1 4,2,1 4,3,1 4,4,1 I
2,3,0 2,3,1 3,2,0 3,2,1 W
3,3,0 3,3,1 3,4,0 U3
4,3,0 5,2,1 5,3,1 T3
5,3,0 6,3,1 6,4,0 Z3
4,4,0 5,4,0 5,5,0 6,4,1 J
3,6,0 4,6,0 5,4,1 5,5,1 V
2,7,0 2,7,1 3,7,0 4,6,1 Z
0,8,0 1,8,0 2,8,0 3,7,1 L
2,5,0 3,5,0 4,5,0 4,5,1 Y
1,4,0 1,4,1 2,4,0 3,4,1 U
0,5,1 0,6,1 0,7,1 I3
3,5,1 3,6,1 I2
0,5,0 1,5,0 2,4,1 2,5,1 T
1,5,1 1,6,0 2,6,0 L3
0,7,0 1,7,0 1,7,1 2,6,1 R
0,6,0 1,6,1 V2

 -L-- -L-- -L--
I    R    Z    L
3    |    |    |
 -R-- -R-- -Z-- -Z--
I    V    R    I    Z
3    2    |    2    |
 -V2- -L3- -L3- -V-- -V--
I    L    T    I    Y    V
3    3    |    2    |    |
 -T-- -T-- -Y-- -Y-- -Y-- -J--
     U    T    U    I    V    J
     |    |    |    |    |    |
      -U-- -U-- -U3- -J-- -J-- -Z3-
          W    U    I    T    Z    P
          |    3    |    3    3    |
           -W-- -U3- -T3- -Z3- -P-- -O--
               W    I    T    P    O    O
               |    |    3    |    |    |
                -W-- -N-- -N-- -P-- -O--
                    I    X    N    H    H
                    |    |    |    |    |
                     -X-- -X-- -N-- -H--
                         X    F    F    H
                         |    |    |    |
                          -F-- -F-- -I1-

User-requested solution limit reached.
10 solutions, 52,897,032 searches, duration 1:11:30.277232
