solving SevenSegmentDigits6x5:

solution 1 (74 searches):
3,0,1 3,1,0 4,1,0 d7
2,0,0 3,0,0 d1
4,0,0 4,0,1 4,1,1 4,2,0 5,0,1 5,1,1 d0
3,2,0 3,2,1 4,2,1 4,3,0 5,2,1 d2
3,3,0 3,3,1 3,4,0 4,3,1 4,4,0 5,3,1 d6
1,3,0 1,4,0 2,3,1 2,4,0 d4
2,1,0 2,2,0 2,2,1 2,3,0 3,1,1 d5
0,2,0 0,2,1 0,3,0 0,3,1 0,4,0 1,2,1 1,3,1 d8
0,1,0 0,1,1 1,1,0 1,1,1 1,2,0 2,1,1 d9
0,0,0 0,0,1 1,0,0 1,0,1 2,0,1 d3

 -d8- -d4- -d4- -d6- -d6-
d    d    d    d    d    d
8    8    4    6    6    6
 -d8- -d4- -d5- -d6- -d2-
d    d    d    d    d    d
8    8    5    2    2    2
 -d8- -d9- -d5- -d2- -d0-
d    d    d    d    d    d
9    9    9    5    0    0
 -d9- -d9- -d5- -d7- -d7-
d    d    d    d    d    d
3    3    3    7    0    0
 -d3- -d3- -d1- -d1- -d0-

solution 2 (115 searches):
3,0,1 3,1,0 4,1,0 d7
2,0,0 3,0,0 d1
4,0,0 4,0,1 4,1,1 4,2,0 5,0,1 5,1,1 d0
3,2,0 3,2,1 3,3,0 4,2,1 4,3,0 5,2,1 d6
3,3,1 3,4,0 4,3,1 4,4,0 5,3,1 d3
1,3,0 1,4,0 2,3,1 2,4,0 d4
2,1,0 2,2,0 2,2,1 2,3,0 3,1,1 d2
0,2,0 0,2,1 0,3,0 0,3,1 0,4,0 1,2,1 1,3,1 d8
0,1,0 0,1,1 1,1,1 1,2,0 2,1,1 d5
0,0,0 0,0,1 1,0,0 1,0,1 1,1,0 2,0,1 d9

 -d8- -d4- -d4- -d3- -d3-
d    d    d    d    d    d
8    8    4    3    3    3
 -d8- -d4- -d2- -d6- -d6-
d    d    d    d    d    d
8    8    2    6    6    6
 -d8- -d5- -d2- -d6- -d0-
d    d    d    d    d    d
5    5    5    2    0    0
 -d5- -d9- -d2- -d7- -d7-
d    d    d    d    d    d
9    9    9    7    0    0
 -d9- -d9- -d1- -d1- -d0-

solution 3 (650 searches):
3,1,1 3,2,0 4,2,0 d7
4,1,0 4,1,1 4,2,1 4,3,0 5,1,1 5,2,1 d0
3,0,0 3,0,1 3,1,0 4,0,0 4,0,1 5,0,1 d6
3,3,0 3,3,1 4,3,1 4,4,0 5,3,1 d2
2,4,0 3,4,0 d1
1,0,0 1,1,0 2,0,0 2,0,1 d4
2,1,0 2,1,1 2,2,0 2,3,0 3,2,1 d5
0,0,0 0,0,1 0,1,0 0,1,1 0,2,0 1,0,1 1,1,1 d8
0,2,1 0,3,0 1,2,0 1,2,1 1,3,0 2,2,1 d9
0,3,1 0,4,0 1,3,1 1,4,0 2,3,1 d3

 -d3- -d3- -d1- -d1- -d2-
d    d    d    d    d    d
3    3    3    2    2    2
 -d9- -d9- -d5- -d2- -d0-
d    d    d    d    d    d
9    9    9    5    0    0
 -d8- -d9- -d5- -d7- -d7-
d    d    d    d    d    d
8    8    5    7    0    0
 -d8- -d4- -d5- -d6- -d0-
d    d    d    d    d    d
8    8    4    6    6    6
 -d8- -d4- -d4- -d6- -d6-

solution 4 (3,492 searches):
2,3,0 3,1,1 3,2,1 d7
2,1,0 2,1,1 2,2,0 3,1,0 3,2,0 4,1,1 d0
0,0,0 0,0,1 0,1,0 0,1,1 0,2,0 1,0,1 1,1,1 d8
1,0,0 1,1,0 2,0,0 2,0,1 d4
3,0,0 3,0,1 4,0,0 4,0,1 5,0,1 d3
4,1,0 4,2,0 4,2,1 4,3,0 5,1,1 5,2,1 d6
3,3,0 3,3,1 4,3,1 4,4,0 5,3,1 d2
2,4,0 3,4,0 d1
0,2,1 0,3,0 1,2,0 1,2,1 2,2,1 d5
0,3,1 0,4,0 1,3,0 1,3,1 1,4,0 2,3,1 d9

 -d9- -d9- -d1- -d1- -d2-
d    d    d    d    d    d
9    9    9    2    2    2
 -d5- -d9- -d7- -d2- -d6-
d    d    d    d    d    d
5    5    5    7    6    6
 -d8- -d5- -d0- -d0- -d6-
d    d    d    d    d    d
8    8    0    7    0    6
 -d8- -d4- -d0- -d0- -d6-
d    d    d    d    d    d
8    8    4    3    3    3
 -d8- -d4- -d4- -d3- -d3-

solution 5 (3,498 searches):
2,3,0 3,1,1 3,2,1 d7
2,1,0 2,1,1 2,2,0 3,1,0 3,2,0 4,1,1 d0
0,0,0 0,0,1 0,1,0 0,1,1 0,2,0 1,0,1 1,1,1 d8
1,0,0 1,1,0 2,0,0 2,0,1 d4
3,0,0 3,0,1 4,0,0 4,0,1 5,0,1 d3
4,1,0 4,2,0 4,2,1 4,3,0 5,1,1 5,2,1 d6
3,3,0 3,3,1 3,4,0 4,3,1 4,4,0 5,3,1 d9
1,4,0 2,4,0 d1
0,2,1 0,3,0 1,2,0 1,2,1 2,2,1 d2
0,3,1 0,4,0 1,3,0 1,3,1 2,3,1 d5

 -d5- -d1- -d1- -d9- -d9-
d    d    d    d    d    d
5    5    5    9    9    9
 -d2- -d5- -d7- -d9- -d6-
d    d    d    d    d    d
2    2    2    7    6    6
 -d8- -d2- -d0- -d0- -d6-
d    d    d    d    d    d
8    8    0    7    0    6
 -d8- -d4- -d0- -d0- -d6-
d    d    d    d    d    d
8    8    4    3    3    3
 -d8- -d4- -d4- -d3- -d3-

5 solutions, 5,726 searches, duration 0:00:03.095426
