solving HeptiamondsParallelogramHexagon:

solution 1 (1,024,778 searches):
00,11,1 01,10,1 01,11,0 01,11,1 02,10,0 02,10,1 02,11,0 D7
00,07,1 00,08,0 00,08,1 00,09,0 00,09,1 00,10,0 01,08,0 E7
01,08,1 01,09,0 02,06,1 02,07,0 02,07,1 02,08,0 03,07,0 H7
03,03,1 03,04,0 03,04,1 03,05,0 03,05,1 03,06,0 03,06,1 I7
00,06,1 00,07,0 01,06,0 01,06,1 01,07,0 01,07,1 02,06,0 A7
01,03,1 02,01,1 02,02,0 02,02,1 02,03,0 03,00,1 03,01,0 N7
01,04,1 02,03,1 02,04,0 03,01,1 03,02,0 03,02,1 03,03,0 R7
00,03,1 00,04,0 00,04,1 00,05,0 01,02,1 01,03,0 01,04,0 U7
00,05,1 00,06,0 01,05,0 01,05,1 02,04,1 02,05,0 02,05,1 Q7
05,00,0 05,00,1 05,01,0 06,00,0 06,00,1 07,00,0 07,00,1 P7
08,06,0 08,06,1 08,07,0 09,05,0 09,05,1 09,06,0 10,05,0 M7
10,03,0 10,03,1 11,01,1 11,02,0 11,02,1 11,03,0 11,03,1 G7
06,05,1 06,06,0 06,06,1 07,05,0 07,05,1 08,05,0 08,05,1 J7
06,07,1 06,08,0 07,06,0 07,06,1 07,07,0 07,07,1 07,08,0 Y7
04,07,1 05,06,1 05,07,0 05,07,1 05,08,0 05,08,1 06,07,0 X7
04,10,0 04,10,1 05,09,0 05,09,1 05,10,0 06,08,1 06,09,0 F7
02,11,1 03,09,1 03,10,0 03,10,1 03,11,0 03,11,1 04,11,0 T7
02,09,1 03,08,1 03,09,0 04,08,0 04,08,1 04,09,0 04,09,1 V7
09,02,1 09,03,0 09,03,1 10,01,0 10,01,1 10,02,0 10,02,1 Z7
09,00,1 09,01,0 10,00,0 10,00,1 11,00,0 11,00,1 11,01,0 C7
07,02,1 08,02,0 08,02,1 08,03,0 08,03,1 09,01,1 09,02,0 W7
05,02,1 05,03,0 05,03,1 06,03,0 06,03,1 07,03,0 07,03,1 L7
05,01,1 05,02,0 06,01,0 06,01,1 06,02,0 06,02,1 07,02,0 S7
07,01,0 07,01,1 08,00,0 08,00,1 08,01,0 08,01,1 09,00,0 B7

                ________________
                \       \       \
                 \       \    ___\
             /\   \      /   /    \
            /  \   \____/   /___   \
           /   /\   \   \  /   /    \
          /   /  \   \   \/   /___   \
         /    \   \   \      /   /\  /\
        /   ___\   \   \____/   /  \/  \
       /\  /   /    \   \       \      /\
      /  \/   /   ___\   \    ___\    /  \
     /\       \  /   /    \  /   /   /    \
    /  \_______\/   /      \/   /___/___   \
   /\          /   /        \          /    \
  /  \____    /   /          \________/______\
 /    \   \  /   /
/   ___\   \/   /   ____________________________
\   \   \   \  /   /           /   /   /       /
 \   \   \   \/   /   ________/   /   /___    /
  \  /   /   /   /\  /    \       \      /   /
   \/   /   /   /  \/   ___\____   \    /   /
    \   \  /   /\      /       /\  /   /\  /
     \   \/   /  \____/___    /  \/___/  \/
      \  /   /           /    \          /
       \/   /___________/______\________/

solution 2 (1,376,795 searches):
00,11,1 01,10,1 01,11,0 01,11,1 02,10,0 02,10,1 02,11,0 D7
00,07,1 00,08,0 00,08,1 00,09,0 00,09,1 00,10,0 01,08,0 E7
01,08,1 01,09,0 02,06,1 02,07,0 02,07,1 02,08,0 03,07,0 H7
02,04,1 02,05,0 02,05,1 03,05,0 03,05,1 03,06,0 03,06,1 N7
00,06,1 00,07,0 01,06,0 01,06,1 01,07,0 01,07,1 02,06,0 A7
03,01,1 03,02,0 03,02,1 03,03,0 03,03,1 03,04,0 03,04,1 I7
02,01,1 02,02,0 02,02,1 02,03,0 02,03,1 03,00,1 03,01,0 R7
00,03,1 00,04,0 00,04,1 00,05,0 01,02,1 01,03,0 01,03,1 U7
00,05,1 00,06,0 01,04,0 01,04,1 01,05,0 01,05,1 02,04,0 X7
05,00,0 05,00,1 05,01,0 05,01,1 05,02,0 06,00,0 06,00,1 G7
09,03,1 10,02,1 10,03,0 10,03,1 11,02,1 11,03,0 11,03,1 M7
07,05,1 08,05,0 08,05,1 09,05,0 09,05,1 09,06,0 10,05,0 P7
05,06,1 05,07,1 06,05,1 06,06,0 06,06,1 06,07,0 07,05,0 Z7
03,08,1 04,07,1 04,08,0 04,08,1 04,09,0 04,09,1 05,07,0 T7
02,09,1 02,11,1 03,09,0 03,09,1 03,10,0 03,10,1 03,11,0 C7
03,11,1 04,10,0 04,10,1 04,11,0 05,09,0 05,09,1 05,10,0 F7
05,08,0 05,08,1 06,07,1 06,08,0 06,08,1 06,09,0 07,07,0 W7
07,06,0 07,06,1 07,07,1 07,08,0 08,06,0 08,06,1 08,07,0 V7
10,01,1 10,02,0 11,00,0 11,00,1 11,01,0 11,01,1 11,02,0 Y7
06,02,1 07,00,0 07,00,1 07,01,0 07,01,1 07,02,0 08,00,0 Q7
05,02,1 05,03,0 05,03,1 06,01,0 06,01,1 06,02,0 06,03,0 S7
06,03,1 07,03,0 07,03,1 08,03,0 08,03,1 09,02,1 09,03,0 L7
07,02,1 08,01,0 08,01,1 08,02,0 08,02,1 09,01,0 09,02,0 B7
08,00,1 09,00,0 09,00,1 09,01,1 10,00,0 10,00,1 10,01,0 J7

                ________________
                \       \   \   \
                 \       \   \   \
             /\   \      /   /    \
            /  \   \____/   /___   \
           /   /\   \      /   /   /\
          /   /  \   \____/   /___/  \
         /    \   \   \      /       /\
        /   ___\   \   \    /___    /  \
       /\  /   /    \   \   \   \   \   \
      /  \/   /   ___\   \___\   \___\   \
     /\       \  /   /    \      /       /\
    /  \_______\/   /      \    /_______/  \
   /\      /       /        \   \           \
  /  \    /   ____/          \___\___________\
 /   /    \  /   /
/   /______\/   /   ____________________________
\      /   /   /   /    \           \          /
 \    /   /   /   /   ___\________   \        /
  \  /   /   /   /\   \   \       \  /\  /\  /
   \/   /   /   /  \   \   \    ___\/  \/  \/
    \   \  /   /   /   /   /    \   \      /
     \   \/   /   /___/   /______\   \    /
      \  /   /       /    \          /   /
       \/   /_______/______\________/___/

solution 3 (1,377,655 searches):
00,11,1 01,10,1 01,11,0 01,11,1 02,10,0 02,10,1 02,11,0 D7
00,07,1 00,08,0 00,08,1 00,09,0 00,09,1 00,10,0 01,08,0 E7
01,08,1 01,09,0 02,06,1 02,07,0 02,07,1 02,08,0 03,07,0 H7
02,04,1 02,05,0 02,05,1 03,05,0 03,05,1 03,06,0 03,06,1 N7
00,06,1 00,07,0 01,06,0 01,06,1 01,07,0 01,07,1 02,06,0 A7
03,01,1 03,02,0 03,02,1 03,03,0 03,03,1 03,04,0 03,04,1 I7
02,01,1 02,02,0 02,02,1 02,03,0 02,03,1 03,00,1 03,01,0 R7
00,03,1 00,04,0 00,04,1 00,05,0 01,02,1 01,03,0 01,03,1 U7
00,05,1 00,06,0 01,04,0 01,04,1 01,05,0 01,05,1 02,04,0 X7
05,00,0 05,00,1 05,01,0 05,01,1 05,02,0 06,00,0 06,00,1 G7
09,03,1 10,02,1 10,03,0 10,03,1 11,02,1 11,03,0 11,03,1 M7
07,07,1 08,06,1 08,07,0 09,05,0 09,05,1 09,06,0 10,05,0 P7
10,01,1 10,02,0 11,00,0 11,00,1 11,01,0 11,01,1 11,02,0 Y7
02,09,1 02,11,1 03,09,0 03,09,1 03,10,0 03,10,1 03,11,0 C7
03,11,1 04,10,0 04,10,1 04,11,0 05,09,0 05,09,1 05,10,0 F7
03,08,1 04,07,1 04,08,0 04,08,1 04,09,0 04,09,1 05,07,0 T7
05,07,1 05,08,0 05,08,1 06,08,0 06,08,1 06,09,0 07,08,0 Q7
05,06,1 06,05,1 06,06,0 06,06,1 06,07,0 07,05,0 07,06,0 B7
06,07,1 07,05,1 07,06,1 07,07,0 08,05,0 08,05,1 08,06,0 J7
06,01,0 06,01,1 06,02,0 06,02,1 07,00,0 07,00,1 07,01,0 Z7
05,02,1 05,03,0 05,03,1 06,03,0 06,03,1 07,03,0 07,03,1 L7
07,01,1 07,02,0 08,00,0 08,00,1 08,01,0 08,01,1 09,01,0 W7
09,00,0 09,00,1 09,01,1 09,02,0 10,00,0 10,00,1 10,01,0 V7
07,02,1 08,02,0 08,02,1 08,03,0 08,03,1 09,02,1 09,03,0 S7

                ________________
                \       \   \   \
                 \       \   \   \
             /\   \      /   /    \
            /  \   \____/   /___   \
           /   /\   \      /   /   /\
          /   /  \   \____/   /___/  \
         /    \   \   \      /        \
        /   ___\   \   \    /   _______\
       /\  /   /    \   \   \  /\   \   \
      /  \/   /   ___\   \___\/  \   \   \
     /\       \  /   /    \       \   \   \
    /  \_______\/   /      \    ___\   \   \
   /\      /       /        \   \      /    \
  /  \    /   ____/          \___\____/______\
 /   /    \  /   /
/   /______\/   /   ____________________________
\      /   /   /   /           /    \          /
 \    /   /   /   /   ________/      \        /
  \  /   /   /   /\  /   /\      /\  /\  /\  /
   \/   /   /   /  \/   /  \____/  \/  \/  \/
    \   \  /   /   /    \       \   \      /
     \   \/   /   /___   \    ___\   \    /
      \  /   /       /   /   /       /   /
       \/   /_______/___/___/_______/___/

solution 4 (1,422,231 searches):
00,11,1 01,10,1 01,11,0 01,11,1 02,10,0 02,10,1 02,11,0 D7
00,07,1 00,08,0 00,08,1 00,09,0 00,09,1 00,10,0 01,08,0 E7
01,08,1 01,09,0 02,06,1 02,07,0 02,07,1 02,08,0 03,07,0 H7
02,04,1 02,05,0 02,05,1 03,05,0 03,05,1 03,06,0 03,06,1 N7
00,06,1 00,07,0 01,06,0 01,06,1 01,07,0 01,07,1 02,06,0 A7
03,01,1 03,02,0 03,02,1 03,03,0 03,03,1 03,04,0 03,04,1 I7
02,01,1 02,02,0 02,02,1 02,03,0 02,03,1 03,00,1 03,01,0 R7
00,03,1 00,04,0 00,04,1 00,05,0 01,02,1 01,03,0 01,03,1 U7
00,05,1 00,06,0 01,04,0 01,04,1 01,05,0 01,05,1 02,04,0 X7
05,00,0 05,00,1 05,01,0 06,00,0 06,00,1 06,01,0 07,00,0 M7
10,03,0 10,03,1 11,01,1 11,02,0 11,02,1 11,03,0 11,03,1 G7
07,05,1 08,05,0 08,05,1 09,05,0 09,05,1 09,06,0 10,05,0 P7
05,01,1 05,02,0 05,02,1 05,03,0 05,03,1 06,01,1 06,02,0 Y7
05,06,1 05,07,1 06,05,1 06,06,0 06,06,1 06,07,0 07,05,0 Z7
03,08,1 04,07,1 04,08,0 04,08,1 04,09,0 04,09,1 05,07,0 T7
02,09,1 02,11,1 03,09,0 03,09,1 03,10,0 03,10,1 03,11,0 C7
03,11,1 04,10,0 04,10,1 04,11,0 05,09,0 05,09,1 05,10,0 F7
05,08,0 05,08,1 06,07,1 06,08,0 06,08,1 06,09,0 07,07,0 W7
07,06,0 07,06,1 07,07,1 07,08,0 08,06,0 08,06,1 08,07,0 V7
08,03,1 09,01,1 09,02,0 09,02,1 09,03,0 09,03,1 10,01,0 Q7
10,00,1 10,01,1 10,02,0 10,02,1 11,00,0 11,00,1 11,01,0 S7
07,00,1 07,01,0 08,00,0 08,00,1 09,00,0 09,00,1 10,00,0 L7
07,01,1 07,02,1 08,01,0 08,01,1 08,02,0 08,02,1 09,01,0 B7
06,02,1 06,03,0 06,03,1 07,02,0 07,03,0 07,03,1 08,03,0 J7

                ________________
                \       \   \   \
                 \       \   \   \
             /\   \      /   /    \
            /  \   \____/   /___   \
           /   /\   \      /   /   /\
          /   /  \   \____/   /___/  \
         /    \   \   \      /       /\
        /   ___\   \   \    /___    /  \
       /\  /   /    \   \   \   \   \   \
      /  \/   /   ___\   \___\   \___\   \
     /\       \  /   /    \      /       /\
    /  \_______\/   /      \    /_______/  \
   /\      /       /        \   \           \
  /  \    /   ____/          \___\___________\
 /   /    \  /   /
/   /______\/   /   ____________________________
\      /   /   /   /   /        \      /       /
 \    /   /   /   /   /   _______\    /___    /
  \  /   /   /   /    \   \      /   /   /   /
   \/   /   /   /      \___\    /   /   /   /
    \   \  /   /\  /\  /\       \   \   \  /
     \   \/   /  \/  \/  \_______\___\   \/
      \  /   /        \           \      /
       \/   /__________\___________\____/

solution 5 (1,423,166 searches):
00,11,1 01,10,1 01,11,0 01,11,1 02,10,0 02,10,1 02,11,0 D7
00,07,1 00,08,0 00,08,1 00,09,0 00,09,1 00,10,0 01,08,0 E7
01,08,1 01,09,0 02,06,1 02,07,0 02,07,1 02,08,0 03,07,0 H7
02,04,1 02,05,0 02,05,1 03,05,0 03,05,1 03,06,0 03,06,1 N7
00,06,1 00,07,0 01,06,0 01,06,1 01,07,0 01,07,1 02,06,0 A7
03,01,1 03,02,0 03,02,1 03,03,0 03,03,1 03,04,0 03,04,1 I7
02,01,1 02,02,0 02,02,1 02,03,0 02,03,1 03,00,1 03,01,0 R7
00,03,1 00,04,0 00,04,1 00,05,0 01,02,1 01,03,0 01,03,1 U7
00,05,1 00,06,0 01,04,0 01,04,1 01,05,0 01,05,1 02,04,0 X7
05,00,0 05,00,1 05,01,0 06,00,0 06,00,1 06,01,0 07,00,0 M7
10,03,0 10,03,1 11,01,1 11,02,0 11,02,1 11,03,0 11,03,1 G7
07,07,1 08,06,1 08,07,0 09,05,0 09,05,1 09,06,0 10,05,0 P7
05,01,1 05,02,0 05,02,1 05,03,0 05,03,1 06,01,1 06,02,0 Y7
02,09,1 02,11,1 03,09,0 03,09,1 03,10,0 03,10,1 03,11,0 C7
03,11,1 04,10,0 04,10,1 04,11,0 05,09,0 05,09,1 05,10,0 F7
03,08,1 04,07,1 04,08,0 04,08,1 04,09,0 04,09,1 05,07,0 T7
05,07,1 05,08,0 05,08,1 06,08,0 06,08,1 06,09,0 07,08,0 Q7
05,06,1 06,05,1 06,06,0 06,06,1 06,07,0 07,05,0 07,06,0 B7
06,07,1 07,05,1 07,06,1 07,07,0 08,05,0 08,05,1 08,06,0 J7
09,02,1 09,03,0 09,03,1 10,01,0 10,01,1 10,02,0 10,02,1 Z7
09,00,0 09,00,1 10,00,0 10,00,1 11,00,0 11,00,1 11,01,0 L7
07,02,1 08,02,0 08,02,1 08,03,0 08,03,1 09,01,1 09,02,0 W7
06,02,1 06,03,0 06,03,1 07,01,1 07,02,0 07,03,0 07,03,1 V7
07,00,1 07,01,0 08,00,0 08,00,1 08,01,0 08,01,1 09,01,0 S7

                ________________
                \       \   \   \
                 \       \   \   \
             /\   \      /   /    \
            /  \   \____/   /___   \
           /   /\   \      /   /   /\
          /   /  \   \____/   /___/  \
         /    \   \   \      /        \
        /   ___\   \   \    /   _______\
       /\  /   /    \   \   \  /\   \   \
      /  \/   /   ___\   \___\/  \   \   \
     /\       \  /   /    \       \   \   \
    /  \_______\/   /      \    ___\   \   \
   /\      /       /        \   \      /    \
  /  \    /   ____/          \___\____/______\
 /   /    \  /   /
/   /______\/   /   ____________________________
\      /   /   /   /   /       /   /   /       /
 \    /   /   /   /   /   ____/   /   /___    /
  \  /   /   /   /    \   \       \      /   /
   \/   /   /   /      \   \____   \    /   /
    \   \  /   /\  /\  /\  /    \  /   /\  /
     \   \/   /  \/  \/  \/   ___\/___/  \/
      \  /   /        \      /           /
       \/   /__________\____/___________/

solution 6 (1,436,557 searches):
00,11,1 01,10,1 01,11,0 01,11,1 02,10,0 02,10,1 02,11,0 D7
00,07,1 00,08,0 00,08,1 00,09,0 00,09,1 00,10,0 01,08,0 E7
01,08,1 01,09,0 02,06,1 02,07,0 02,07,1 02,08,0 03,07,0 H7
02,04,1 02,05,0 02,05,1 03,05,0 03,05,1 03,06,0 03,06,1 N7
00,06,1 00,07,0 01,06,0 01,06,1 01,07,0 01,07,1 02,06,0 A7
03,01,1 03,02,0 03,02,1 03,03,0 03,03,1 03,04,0 03,04,1 I7
02,01,1 02,02,0 02,02,1 02,03,0 02,03,1 03,00,1 03,01,0 R7
00,03,1 00,04,0 00,04,1 00,05,0 01,02,1 01,03,0 01,03,1 U7
00,05,1 00,06,0 01,04,0 01,04,1 01,05,0 01,05,1 02,04,0 X7
05,00,0 05,00,1 05,01,0 06,00,0 06,00,1 07,00,0 07,00,1 P7
08,06,0 08,06,1 08,07,0 09,05,0 09,05,1 09,06,0 10,05,0 M7
10,03,0 10,03,1 11,01,1 11,02,0 11,02,1 11,03,0 11,03,1 G7
06,05,1 06,06,0 06,06,1 07,05,0 07,05,1 08,05,0 08,05,1 J7
06,07,0 06,07,1 07,06,0 07,06,1 07,07,0 07,07,1 07,08,0 Y7
04,07,1 05,06,1 05,07,0 05,07,1 05,08,0 05,08,1 06,08,0 Q7
04,10,0 04,10,1 05,09,0 05,09,1 05,10,0 06,08,1 06,09,0 F7
02,11,1 03,09,1 03,10,0 03,10,1 03,11,0 03,11,1 04,11,0 T7
02,09,1 03,08,1 03,09,0 04,08,0 04,08,1 04,09,0 04,09,1 V7
09,02,1 09,03,0 09,03,1 10,01,0 10,01,1 10,02,0 10,02,1 Z7
09,00,1 09,01,0 10,00,0 10,00,1 11,00,0 11,00,1 11,01,0 C7
07,02,1 08,02,0 08,02,1 08,03,0 08,03,1 09,01,1 09,02,0 W7
05,02,1 05,03,0 05,03,1 06,03,0 06,03,1 07,03,0 07,03,1 L7
05,01,1 05,02,0 06,01,0 06,01,1 06,02,0 06,02,1 07,02,0 S7
07,01,0 07,01,1 08,00,0 08,00,1 08,01,0 08,01,1 09,00,0 B7

                ________________
                \       \       \
                 \       \    ___\
             /\   \      /   /    \
            /  \   \____/   /___   \
           /   /\   \   \  /   /    \
          /   /  \   \   \/   /___   \
         /    \   \   \      /    \  /\
        /   ___\   \   \____/   ___\/  \
       /\  /   /    \   \      /       /\
      /  \/   /   ___\   \    /___    /  \
     /\       \  /   /    \  /   /   /    \
    /  \_______\/   /      \/   /___/___   \
   /\      /       /        \          /    \
  /  \    /   ____/          \________/______\
 /   /    \  /   /
/   /______\/   /   ____________________________
\      /   /   /   /           /   /   /       /
 \    /   /   /   /   ________/   /   /___    /
  \  /   /   /   /\  /    \       \      /   /
   \/   /   /   /  \/   ___\____   \    /   /
    \   \  /   /\      /       /\  /   /\  /
     \   \/   /  \____/___    /  \/___/  \/
      \  /   /           /    \          /
       \/   /___________/______\________/

solution 7 (1,649,491 searches):
00,11,1 01,10,1 01,11,0 01,11,1 02,10,0 02,10,1 02,11,0 D7
00,07,1 00,08,0 00,08,1 00,09,0 00,09,1 00,10,0 01,08,0 E7
01,08,1 01,09,0 02,07,1 02,08,0 03,06,0 03,06,1 03,07,0 L7
02,01,1 02,02,0 03,00,1 03,01,0 03,01,1 03,02,0 03,02,1 G7
05,00,0 05,00,1 05,01,0 05,01,1 05,02,0 05,02,1 05,03,0 I7
06,00,0 06,00,1 06,01,0 06,01,1 07,01,0 07,01,1 07,02,0 N7
07,00,0 07,00,1 08,00,0 08,00,1 08,01,0 08,01,1 09,00,0 H7
05,03,1 06,02,0 06,02,1 06,03,0 06,03,1 07,02,1 07,03,0 A7
10,03,1 11,01,0 11,01,1 11,02,0 11,02,1 11,03,0 11,03,1 P7
08,06,0 08,06,1 08,07,0 09,05,0 09,05,1 09,06,0 10,05,0 M7
09,00,1 09,01,0 09,01,1 10,00,0 10,00,1 11,00,0 11,00,1 J7
07,03,1 08,02,0 08,02,1 08,03,0 08,03,1 09,02,0 09,03,0 B7
09,02,1 09,03,1 10,01,0 10,01,1 10,02,0 10,02,1 10,03,0 F7
05,06,1 06,05,1 06,06,0 07,05,0 07,05,1 08,05,0 08,05,1 R7
02,11,1 03,11,0 03,11,1 04,10,0 04,10,1 04,11,0 05,10,0 U7
02,09,1 03,08,1 03,09,0 03,09,1 03,10,0 03,10,1 04,08,0 T7
04,07,1 05,07,0 05,07,1 05,08,0 05,08,1 06,06,1 06,07,0 W7
04,08,1 04,09,0 04,09,1 05,09,0 05,09,1 06,08,1 06,09,0 C7
06,07,1 06,08,0 07,06,0 07,06,1 07,07,0 07,07,1 07,08,0 Y7
00,03,1 00,04,0 00,04,1 01,02,1 01,03,0 01,04,0 01,04,1 V7
00,05,0 00,05,1 00,06,0 01,05,0 01,05,1 02,04,1 02,05,0 Q7
01,03,1 02,02,1 02,03,0 02,03,1 02,04,0 03,03,0 03,03,1 X7
02,05,1 02,06,0 02,06,1 03,04,0 03,04,1 03,05,0 03,05,1 Z7
00,06,1 00,07,0 01,06,0 01,06,1 01,07,0 01,07,1 02,07,0 S7

                ________________
                \       \       \
                 \       \____   \
             /\   \      /   /    \
            /  \   \____/   /______\
           /   /\   \      /        \
          /   /  \   \    /   ____   \
         /    \   \   \   \  /   /\  /\
        /   ___\   \   \___\/   /  \/  \
       /\  /    \   \   \       \      /\
      /  \/   ___\   \   \____   \    /  \
     /\      /   /   /    \   \  /   /    \
    /  \____/   /___/      \   \/___/___   \
   /        \      /        \          /    \
  /_______   \    /          \________/______\
 /       /\  /   /
/   ____/  \/___/   ____________________________
\   \          /   /\       \       \   \      /
 \   \    ____/   /  \       \    ___\   \    /
  \  /\  /   /   /   /   /\  /    \      /   /
   \/  \/   /   /   /___/  \/______\    /   /
    \      /   /   /       /   /   /   /   /
     \    /   /   /   ____/   /   /___/___/
      \  /   /   /   /        \          /
       \/   /___/___/__________\________/

solution 8 (1,892,012 searches):
00,11,1 01,10,1 01,11,0 01,11,1 02,10,0 02,10,1 02,11,0 D7
00,07,1 00,08,0 00,08,1 00,09,0 00,09,1 00,10,0 01,08,0 E7
01,08,1 01,09,0 02,07,1 02,08,0 03,06,0 03,06,1 03,07,0 L7
02,01,1 02,02,0 03,00,1 03,01,0 03,01,1 03,02,0 03,02,1 G7
05,00,0 05,00,1 05,01,0 05,01,1 05,02,0 06,00,0 06,01,0 M7
10,03,1 11,01,0 11,01,1 11,02,0 11,02,1 11,03,0 11,03,1 P7
07,06,1 07,07,0 08,05,1 08,06,0 09,05,0 09,05,1 10,05,0 R7
06,08,1 06,09,0 07,07,1 07,08,0 08,06,1 08,07,0 09,06,0 I7
05,06,1 06,05,1 06,06,0 07,05,0 07,05,1 07,06,0 08,05,0 U7
06,00,1 06,01,1 06,02,0 06,02,1 07,00,0 07,00,1 07,01,0 S7
05,02,1 05,03,0 05,03,1 06,03,0 06,03,1 07,02,1 07,03,0 C7
09,01,0 09,01,1 10,00,0 10,00,1 10,01,0 11,00,0 11,00,1 Z7
07,01,1 07,02,0 08,00,0 08,00,1 08,01,0 09,00,0 09,00,1 T7
07,03,1 08,01,1 08,02,0 08,02,1 08,03,0 09,02,0 09,02,1 W7
08,03,1 09,03,0 09,03,1 10,01,1 10,02,0 10,02,1 10,03,0 V7
02,11,1 03,10,1 03,11,0 03,11,1 04,09,0 04,09,1 04,10,0 Q7
04,10,1 04,11,0 05,08,1 05,09,0 05,09,1 05,10,0 06,08,0 N7
02,09,1 03,08,1 03,09,0 03,09,1 03,10,0 04,08,0 04,08,1 A7
04,07,1 05,07,0 05,07,1 05,08,0 06,06,1 06,07,0 06,07,1 X7
01,02,1 01,03,0 01,03,1 02,02,1 02,03,0 02,03,1 03,03,0 F7
00,03,1 00,04,0 00,04,1 00,05,0 00,05,1 01,04,0 01,04,1 Y7
00,06,0 00,06,1 00,07,0 01,05,0 01,05,1 01,06,0 01,06,1 B7
01,07,0 01,07,1 02,05,0 02,05,1 02,06,0 02,06,1 02,07,0 J7
02,04,0 02,04,1 03,03,1 03,04,0 03,04,1 03,05,0 03,05,1 H7

                ________________
                \       \      /\
                 \       \    /  \
             /\   \      /\   \   \
            /  \   \____/  \   \   \
           /   /\   \      /   /   /\
          /   /  \   \    /___/   /  \
         /    \   \   \      /\   \   \
        /   ___\   \   \____/  \___\   \
       /\  /    \   \   \          /\   \
      /  \/___   \   \   \____    /  \   \
     /       /   /   /    \   \  /\   \   \
    /___    /   /___/      \   \/  \   \___\
   /   /   /   /   /        \       \       \
  /   /___/___/   /          \_______\_______\
 /       /       /
/   ____/___    /   ____________________________
\  /        \  /   /        \   \       \      /
 \/       ___\/   /   ____   \   \____   \    /
  \  /\  /   /   /\  /   /\  /       /   /   /
   \/  \/   /   /  \/   /  \/   ____/   /   /
    \      /   /    \   \   \  /    \  /   /
     \    /   /   ___\   \   \/___   \/___/
      \  /   /    \      /       /       /
       \/   /______\____/_______/_______/

solution 9 (1,892,759 searches):
00,11,1 01,10,1 01,11,0 01,11,1 02,10,0 02,10,1 02,11,0 D7
00,07,1 00,08,0 00,08,1 00,09,0 00,09,1 00,10,0 01,08,0 E7
01,08,1 01,09,0 02,07,1 02,08,0 03,06,0 03,06,1 03,07,0 L7
02,01,1 02,02,0 03,00,1 03,01,0 03,01,1 03,02,0 03,02,1 G7
05,00,0 05,00,1 05,01,0 05,01,1 05,02,0 06,00,0 06,01,0 M7
10,03,1 11,01,0 11,01,1 11,02,0 11,02,1 11,03,0 11,03,1 P7
07,06,1 07,07,0 08,05,1 08,06,0 09,05,0 09,05,1 10,05,0 R7
06,08,1 06,09,0 07,07,1 07,08,0 08,06,1 08,07,0 09,06,0 I7
05,06,1 06,05,1 06,06,0 07,05,0 07,05,1 07,06,0 08,05,0 U7
06,00,1 07,00,0 07,00,1 07,01,0 07,01,1 08,00,0 08,01,0 Z7
08,00,1 09,00,0 09,00,1 09,01,0 09,01,1 09,02,0 10,00,0 T7
09,02,1 10,00,1 10,01,0 10,01,1 10,02,0 11,00,0 11,00,1 S7
08,02,1 08,03,0 08,03,1 09,03,0 09,03,1 10,02,1 10,03,0 C7
06,02,1 07,02,0 07,02,1 07,03,0 07,03,1 08,01,1 08,02,0 W7
05,02,1 05,03,0 05,03,1 06,01,1 06,02,0 06,03,0 06,03,1 V7
02,11,1 03,10,1 03,11,0 03,11,1 04,09,0 04,09,1 04,10,0 Q7
04,10,1 04,11,0 05,08,1 05,09,0 05,09,1 05,10,0 06,08,0 N7
02,09,1 03,08,1 03,09,0 03,09,1 03,10,0 04,08,0 04,08,1 A7
04,07,1 05,07,0 05,07,1 05,08,0 06,06,1 06,07,0 06,07,1 X7
01,02,1 01,03,0 01,03,1 02,02,1 02,03,0 02,03,1 03,03,0 F7
00,03,1 00,04,0 00,04,1 00,05,0 00,05,1 01,04,0 01,04,1 Y7
00,06,0 00,06,1 00,07,0 01,05,0 01,05,1 01,06,0 01,06,1 B7
01,07,0 01,07,1 02,05,0 02,05,1 02,06,0 02,06,1 02,07,0 J7
02,04,0 02,04,1 03,03,1 03,04,0 03,04,1 03,05,0 03,05,1 H7

                ________________
                \       \      /\
                 \       \    /  \
             /\   \      /\   \   \
            /  \   \____/  \   \   \
           /   /\   \      /   /   /\
          /   /  \   \    /___/   /  \
         /    \   \   \      /\   \   \
        /   ___\   \   \____/  \___\   \
       /\  /    \   \   \          /\   \
      /  \/___   \   \   \____    /  \   \
     /       /   /   /    \   \  /\   \   \
    /___    /   /___/      \   \/  \   \___\
   /   /   /   /   /        \       \       \
  /   /___/___/   /          \_______\_______\
 /       /       /
/   ____/___    /   ____________________________
\  /        \  /   /       /   /        \      /
 \/       ___\/   /   ____/   /   ____   \    /
  \  /\  /   /   /\   \       \  /\   \  /   /
   \/  \/   /   /  \   \____   \/  \   \/   /
    \      /   /    \  /    \  /   /   /   /
     \    /   /   ___\/   ___\/   /   /___/
      \  /   /    \       \       \      /
       \/   /______\_______\_______\____/

solution 10 (2,622,133 searches):
00,11,1 01,10,1 01,11,0 01,11,1 02,10,0 02,10,1 02,11,0 D7
00,07,1 00,08,0 00,08,1 00,09,0 00,09,1 00,10,0 01,08,0 E7
01,08,1 01,09,0 02,07,1 02,08,0 03,06,0 03,06,1 03,07,0 L7
02,01,1 02,02,0 03,00,1 03,01,0 03,01,1 03,02,0 03,02,1 G7
05,00,0 05,00,1 05,01,0 06,00,0 06,00,1 07,00,0 07,00,1 P7
08,06,0 08,06,1 08,07,0 09,05,0 09,05,1 09,06,0 10,05,0 M7
11,00,1 11,01,0 11,01,1 11,02,0 11,02,1 11,03,0 11,03,1 I7
08,03,1 09,02,0 09,02,1 09,03,0 09,03,1 10,03,0 10,03,1 H7
09,01,1 10,00,1 10,01,0 10,01,1 10,02,0 10,02,1 11,00,0 T7
08,01,1 08,02,0 08,02,1 09,00,0 09,00,1 09,01,0 10,00,0 Q7
06,01,0 06,01,1 07,01,0 07,01,1 08,00,0 08,00,1 08,01,0 J7
05,01,1 05,02,0 05,02,1 05,03,0 05,03,1 06,03,0 06,03,1 R7
06,02,0 06,02,1 07,02,0 07,02,1 07,03,0 07,03,1 08,03,0 N7
06,06,1 07,05,0 07,05,1 07,06,0 07,06,1 08,05,0 08,05,1 B7
05,06,1 05,07,0 05,07,1 06,05,1 06,06,0 06,07,0 06,07,1 V7
05,08,1 06,08,0 06,08,1 06,09,0 07,07,0 07,07,1 07,08,0 A7
03,08,1 04,07,1 04,08,0 04,08,1 04,09,0 04,09,1 05,08,0 X7
02,09,1 02,11,1 03,09,0 03,09,1 03,10,0 03,10,1 03,11,0 C7
03,11,1 04,10,0 04,10,1 04,11,0 05,09,0 05,09,1 05,10,0 F7
00,03,1 00,04,0 00,04,1 00,05,0 01,02,1 01,03,0 01,03,1 U7
02,02,1 02,03,0 02,03,1 02,04,0 02,04,1 03,03,0 03,03,1 Y7
00,05,1 00,06,0 01,04,0 01,04,1 01,05,0 01,05,1 02,05,0 W7
02,05,1 02,06,0 02,06,1 03,04,0 03,04,1 03,05,0 03,05,1 Z7
00,06,1 00,07,0 01,06,0 01,06,1 01,07,0 01,07,1 02,07,0 S7

                ________________
                \       \   \   \
                 \       \   \   \
             /\   \      /   /    \
            /  \   \____/   /___   \
           /   /\   \      /   /   /\
          /   /  \   \____/   /___/  \
         /    \   \   \       \       \
        /   ___\   \   \    ___\____   \
       /\  /    \   \   \  /       /   /\
      /  \/   ___\   \   \/   ____/___/  \
     /\      /   /   /    \   \      /    \
    /  \____/   /___/      \   \    /___   \
   /\       \      /        \  /       /    \
  /  \    ___\    /          \/_______/______\
 /   /   /   /   /
/   /___/   /___/   ____________________________
\      /       /   /       /    \          /   /
 \    /   ____/   /   ____/   ___\    ____/   /
  \  /\  /   /   /   /       /   /   /   /   /
   \/  \/   /   /   /_______/   /___/   /   /
    \      /   /\  /        \   \      /   /
     \    /   /  \/_______   \   \    /   /
      \  /   /           /   /    \   \  /
       \/   /___________/___/______\___\/

User-requested solution limit reached.
10 solutions, 2,622,133 searches, duration 0:01:07.730746
