solving HeptiamondsHexgridFlower1:

solution 1 (402,227 searches):
00,09,1 00,10,0 00,10,1 01,09,0 01,09,1 01,10,0 01,10,1 D7
01,11,0 01,11,1 02,10,0 02,10,1 02,11,0 03,09,1 03,10,0 F7
04,01,1 04,02,0 04,02,1 04,03,0 04,03,1 04,04,0 05,02,0 E7
05,01,0 05,01,1 06,00,1 06,01,0 06,01,1 07,00,0 07,00,1 Z7
07,01,0 07,01,1 07,02,0 07,02,1 07,03,0 08,01,0 08,01,1 G7
10,05,0 10,05,1 10,06,0 10,06,1 10,07,0 11,04,1 11,05,0 H7
08,04,0 08,04,1 09,04,0 09,04,1 10,04,0 10,04,1 11,04,0 I7
07,08,1 08,07,0 08,07,1 08,08,0 09,06,1 09,07,0 09,07,1 X7
09,03,1 10,02,1 10,03,0 10,03,1 11,01,0 11,01,1 11,02,0 Q7
09,00,1 09,01,0 10,00,0 10,00,1 10,01,0 10,01,1 10,02,0 J7
08,02,0 08,02,1 08,03,1 09,01,1 09,02,0 09,02,1 09,03,0 A7
07,03,1 07,04,0 07,04,1 07,05,0 07,05,1 08,03,0 08,05,0 C7
05,10,1 05,11,0 06,10,0 06,10,1 07,09,0 07,09,1 07,10,0 S7
03,10,1 04,10,0 04,10,1 04,11,0 04,11,1 05,09,1 05,10,0 W7
04,09,1 05,08,1 05,09,0 06,08,0 06,08,1 06,09,0 06,09,1 V7
06,07,0 06,07,1 07,06,0 07,06,1 07,07,0 07,07,1 07,08,0 Y7
03,07,1 04,06,1 04,07,0 04,07,1 04,08,0 04,08,1 04,09,0 P7
05,06,1 05,07,0 05,07,1 05,08,0 06,05,1 06,06,0 06,06,1 U7
04,04,1 05,04,0 05,04,1 06,03,1 06,04,0 06,04,1 06,05,0 T7
03,05,0 03,05,1 04,05,0 04,05,1 05,05,0 05,05,1 05,06,0 L7
02,04,0 02,04,1 02,05,0 02,05,1 03,03,1 03,04,0 03,04,1 B7
01,04,1 01,05,0 01,05,1 01,06,0 01,06,1 02,06,0 02,06,1 R7
00,06,1 00,07,0 00,07,1 01,07,0 01,07,1 01,08,0 01,08,1 N7
02,07,0 02,07,1 02,08,0 03,06,0 03,06,1 03,07,0 04,06,0 M7

              ____        ____
             /    \      /   /\
        ____/___   \____/   /  \____
       /       /    \       \       \
      /       /___   \____   \____   \
      \      /    \  /\   \  /   /   /
       \____/      \/  \   \/   /___/
       /   /\      /   /\      /\   \
  ____/   /  \____/   /  \____/  \   \____
 /       /    \      /   /       /       /\
/   ____/___   \    /   /___    /___    /  \
\  /       /    \  /\      /   /    \  /   /
 \/   ____/______\/  \    /___/      \/   /
 /   /   /           /\  /    \      /    \
/   /   /___________/  \/   ___\____/___   \
\  /       /\          /   /            \  /
 \/___    /  \____    /   /______________\/
      \  /   /    \  /\   \   \      /
       \/   /      \/  \___\   \    /
       /    \      /   /       /\   \
      /   ___\____/   /___    /  \   \
      \  /       /       /\  /   /   /
       \/___    /_______/  \/   /___/
            \      /    \      /
             \____/      \____/

solution 2 (1,267,079 searches):
00,09,1 00,10,0 00,10,1 01,09,0 01,09,1 01,10,0 01,10,1 D7
01,11,0 01,11,1 02,10,0 02,10,1 02,11,0 03,09,1 03,10,0 F7
04,01,1 04,02,0 04,02,1 04,03,0 04,03,1 04,04,0 05,02,0 E7
05,01,0 05,01,1 06,00,1 06,01,0 06,01,1 07,00,0 07,00,1 Z7
07,01,0 07,01,1 07,02,0 07,02,1 07,03,0 08,01,0 08,01,1 G7
07,08,1 08,07,0 08,07,1 08,08,0 09,07,0 09,07,1 10,07,0 H7
09,06,1 10,05,0 10,05,1 10,06,0 10,06,1 11,04,1 11,05,0 X7
08,04,0 08,04,1 09,04,0 09,04,1 10,04,0 10,04,1 11,04,0 I7
09,03,1 10,02,1 10,03,0 10,03,1 11,01,0 11,01,1 11,02,0 Q7
09,00,1 09,01,0 10,00,0 10,00,1 10,01,0 10,01,1 10,02,0 J7
08,02,0 08,02,1 08,03,1 09,01,1 09,02,0 09,02,1 09,03,0 A7
07,03,1 07,04,0 07,04,1 07,05,0 07,05,1 08,03,0 08,05,0 C7
05,10,1 05,11,0 06,10,0 06,10,1 07,09,0 07,09,1 07,10,0 S7
03,10,1 04,10,0 04,10,1 04,11,0 04,11,1 05,09,1 05,10,0 W7
04,09,1 05,08,1 05,09,0 06,08,0 06,08,1 06,09,0 06,09,1 V7
06,07,0 06,07,1 07,06,0 07,06,1 07,07,0 07,07,1 07,08,0 Y7
03,07,1 04,06,1 04,07,0 04,07,1 04,08,0 04,08,1 04,09,0 P7
05,06,1 05,07,0 05,07,1 05,08,0 06,05,1 06,06,0 06,06,1 U7
04,04,1 05,04,0 05,04,1 06,03,1 06,04,0 06,04,1 06,05,0 T7
03,05,0 03,05,1 04,05,0 04,05,1 05,05,0 05,05,1 05,06,0 L7
02,04,0 02,04,1 02,05,0 02,05,1 03,03,1 03,04,0 03,04,1 B7
01,04,1 01,05,0 01,05,1 01,06,0 01,06,1 02,06,0 02,06,1 R7
00,06,1 00,07,0 00,07,1 01,07,0 01,07,1 01,08,0 01,08,1 N7
02,07,0 02,07,1 02,08,0 03,06,0 03,06,1 03,07,0 04,06,0 M7

              ____        ____
             /    \      /   /\
        ____/___   \____/   /  \____
       /       /    \       \       \
      /       /___   \____   \____   \
      \      /    \  /\   \  /   /   /
       \____/      \/  \   \/   /___/
       /   /\      /   /\      /\   \
  ____/   /  \____/   /  \____/  \   \____
 /       /    \      /   /       /        \
/   ____/___   \    /   /___    /__________\
\  /       /    \  /\      /   /    \      /
 \/   ____/______\/  \    /___/      \    /
 /   /   /           /\  /    \      /    \
/   /   /___________/  \/   ___\____/___   \
\  /       /\          /   /            \  /
 \/___    /  \____    /   /______________\/
      \  /   /    \  /\   \   \      /
       \/   /      \/  \___\   \    /
       /    \      /   /       /\   \
      /   ___\____/   /___    /  \   \
      \  /       /       /\  /   /   /
       \/___    /_______/  \/   /___/
            \      /    \      /
             \____/      \____/

solution 3 (1,757,703 searches):
00,09,1 00,10,0 00,10,1 01,09,0 01,09,1 01,10,0 01,10,1 D7
01,11,0 01,11,1 02,10,0 02,10,1 02,11,0 03,09,1 03,10,0 F7
04,01,1 04,02,0 04,02,1 04,03,0 04,03,1 04,04,0 05,02,0 E7
05,01,0 05,01,1 06,00,1 06,01,0 06,01,1 07,00,0 07,00,1 Z7
07,01,0 07,01,1 07,02,0 07,02,1 07,03,0 08,01,0 08,01,1 G7
09,06,1 10,05,1 10,06,0 10,06,1 10,07,0 11,04,1 11,05,0 H7
06,07,1 07,07,0 07,07,1 08,07,0 08,07,1 09,07,0 09,07,1 I7
09,04,0 09,04,1 10,03,1 10,04,0 10,04,1 10,05,0 11,04,0 X7
05,09,1 06,09,0 06,09,1 07,08,0 07,08,1 07,09,0 08,08,0 U7
05,10,0 05,10,1 05,11,0 06,10,0 06,10,1 07,09,1 07,10,0 Q7
03,10,1 04,09,1 04,10,0 04,10,1 04,11,0 04,11,1 05,09,0 T7
04,08,0 04,08,1 04,09,0 05,08,0 05,08,1 06,08,0 06,08,1 P7
02,04,0 02,04,1 02,05,0 03,03,1 03,04,0 03,04,1 03,05,0 B7
01,04,1 01,05,0 01,05,1 01,06,0 01,06,1 02,05,1 02,06,0 J7
00,06,1 00,07,0 00,07,1 01,07,0 01,07,1 01,08,0 01,08,1 N7
02,06,1 02,07,0 02,07,1 02,08,0 03,05,1 03,06,0 04,05,0 R7
04,04,1 05,04,0 05,04,1 05,05,0 05,05,1 06,03,1 06,04,0 W7
03,06,1 03,07,0 03,07,1 04,05,1 04,06,0 04,06,1 05,06,0 A7
04,07,0 04,07,1 05,06,1 05,07,0 05,07,1 06,06,0 06,07,0 Y7
06,05,1 06,06,1 07,04,1 07,05,0 07,05,1 07,06,0 07,06,1 M7
06,04,1 06,05,0 07,03,1 07,04,0 08,02,0 08,02,1 08,03,0 L7
08,03,1 08,04,0 08,04,1 08,05,0 09,03,0 09,03,1 10,03,0 V7
09,00,1 09,01,0 09,01,1 09,02,0 09,02,1 10,00,0 10,02,0 C7
10,00,1 10,01,0 10,01,1 10,02,1 11,01,0 11,01,1 11,02,0 S7

              ____        ____
             /    \      /   /\
        ____/___   \____/   /  \____
       /       /    \      /        \
      /       /___   \    /_______   \
      \      /    \  /\   \       \  /
       \____/      \/  \___\____   \/
       /   /\      /           /    \
  ____/   /  \____/___________/______\____
 /       /   /   /        \              /\
/   ____/   /   /___    ___\____________/  \
\  /    \   \       \   \      /    \      /
 \/      \   \    ___\___\    /      \    /
 /   /\  /\   \  /   /\      /\      /\   \
/   /  \/  \___\/   /  \    /  \____/  \   \
\  /       /\       \   \  /   /        \  /
 \/___    /  \____   \   \/   /___    ___\/
      \  /   /    \  /\   \       \  /
       \/   /      \/  \   \_______\/
       /    \      /   /   /    \   \
      /   ___\____/   /___/   ___\   \
      \  /       /       /   /       /
       \/___    /_______/   /   ____/
            \      /    \   \  /
             \____/      \___\/

solution 4 (1,757,705 searches):
00,09,1 00,10,0 00,10,1 01,09,0 01,09,1 01,10,0 01,10,1 D7
01,11,0 01,11,1 02,10,0 02,10,1 02,11,0 03,09,1 03,10,0 F7
04,01,1 04,02,0 04,02,1 04,03,0 04,03,1 04,04,0 05,02,0 E7
05,01,0 05,01,1 06,00,1 06,01,0 06,01,1 07,00,0 07,00,1 Z7
07,01,0 07,01,1 07,02,0 07,02,1 07,03,0 08,01,0 08,01,1 G7
09,06,1 10,05,1 10,06,0 10,06,1 10,07,0 11,04,1 11,05,0 H7
06,07,1 07,07,0 07,07,1 08,07,0 08,07,1 09,07,0 09,07,1 I7
09,04,0 09,04,1 10,03,1 10,04,0 10,04,1 10,05,0 11,04,0 X7
05,09,1 06,09,0 06,09,1 07,08,0 07,08,1 07,09,0 08,08,0 U7
05,10,0 05,10,1 05,11,0 06,10,0 06,10,1 07,09,1 07,10,0 Q7
03,10,1 04,09,1 04,10,0 04,10,1 04,11,0 04,11,1 05,09,0 T7
04,08,0 04,08,1 04,09,0 05,08,0 05,08,1 06,08,0 06,08,1 P7
02,04,0 02,04,1 02,05,0 03,03,1 03,04,0 03,04,1 03,05,0 B7
01,04,1 01,05,0 01,05,1 01,06,0 01,06,1 02,05,1 02,06,0 J7
00,06,1 00,07,0 00,07,1 01,07,0 01,07,1 01,08,0 01,08,1 N7
02,06,1 02,07,0 02,07,1 02,08,0 03,05,1 03,06,0 04,05,0 R7
04,04,1 05,04,0 05,04,1 05,05,0 05,05,1 06,03,1 06,04,0 W7
03,06,1 03,07,0 03,07,1 04,05,1 04,06,0 04,06,1 05,06,0 A7
04,07,0 04,07,1 05,06,1 05,07,0 05,07,1 06,06,0 06,07,0 Y7
06,05,1 06,06,1 07,04,1 07,05,0 07,05,1 07,06,0 07,06,1 M7
06,04,1 06,05,0 07,03,1 07,04,0 08,02,0 08,02,1 08,03,0 L7
08,03,1 08,04,0 08,04,1 08,05,0 09,03,0 09,03,1 10,03,0 V7
09,01,1 09,02,0 09,02,1 10,02,0 10,02,1 11,01,1 11,02,0 C7
09,00,1 09,01,0 10,00,0 10,00,1 10,01,0 10,01,1 11,01,0 S7

              ____        ____
             /    \      /   /\
        ____/___   \____/   /  \____
       /       /    \      /        \
      /       /___   \    /_______   \
      \      /    \  /\   \       \  /
       \____/      \/  \___\____   \/
       /   /\      /           /    \
  ____/   /  \____/___________/______\____
 /       /   /   /        \              /\
/   ____/   /   /___    ___\____________/  \
\  /    \   \       \   \      /    \      /
 \/      \   \    ___\___\    /      \    /
 /   /\  /\   \  /   /\      /\      /\   \
/   /  \/  \___\/   /  \    /  \____/  \   \
\  /       /\       \   \  /   /        \  /
 \/___    /  \____   \   \/   /___    ___\/
      \  /   /    \  /\   \       \  /
       \/   /      \/  \   \_______\/
       /    \      /   /   /        \
      /   ___\____/   /___/   ____   \
      \  /       /       /\  /    \  /
       \/___    /_______/  \/   ___\/
            \      /    \      /
             \____/      \____/

solution 5 (1,812,652 searches):
00,09,1 00,10,0 00,10,1 01,09,0 01,09,1 01,10,0 01,10,1 D7
01,11,0 01,11,1 02,10,0 02,10,1 02,11,0 03,09,1 03,10,0 F7
04,01,1 04,02,0 04,02,1 04,03,0 04,03,1 04,04,0 05,02,0 E7
05,01,0 05,01,1 06,00,1 06,01,0 06,01,1 07,00,0 07,00,1 Z7
07,01,0 07,01,1 07,02,0 07,02,1 07,03,0 08,01,0 08,01,1 G7
09,06,1 10,05,1 10,06,0 10,06,1 10,07,0 11,04,1 11,05,0 H7
06,07,1 07,07,0 07,07,1 08,07,0 08,07,1 09,07,0 09,07,1 I7
09,04,1 10,03,0 10,03,1 10,04,0 10,04,1 10,05,0 11,04,0 X7
06,08,1 07,08,0 07,08,1 07,09,0 07,09,1 07,10,0 08,08,0 T7
04,11,0 04,11,1 05,10,1 05,11,0 06,09,1 06,10,0 06,10,1 Q7
03,10,1 04,09,1 04,10,0 04,10,1 05,09,1 05,10,0 06,09,0 U7
04,08,0 04,08,1 04,09,0 05,08,0 05,08,1 05,09,0 06,08,0 M7
02,04,0 02,04,1 02,05,0 03,03,1 03,04,0 03,04,1 03,05,0 B7
01,04,1 01,05,0 01,05,1 01,06,0 01,06,1 02,05,1 02,06,0 J7
00,06,1 00,07,0 00,07,1 01,07,0 01,07,1 01,08,0 01,08,1 N7
02,07,0 02,07,1 02,08,0 03,07,0 03,07,1 04,07,0 04,07,1 P7
02,06,1 03,05,1 03,06,0 04,04,1 04,05,0 05,04,0 05,04,1 L7
03,06,1 04,06,0 04,06,1 05,06,0 05,06,1 05,07,0 05,07,1 R7
04,05,1 05,05,0 05,05,1 06,03,1 06,04,0 06,04,1 06,05,0 V7
06,05,1 06,06,0 06,06,1 06,07,0 07,05,0 07,06,0 07,06,1 A7
07,04,1 07,05,1 08,04,0 08,04,1 08,05,0 09,03,1 09,04,0 Y7
07,03,1 07,04,0 08,02,0 08,02,1 08,03,0 08,03,1 09,03,0 W7
09,00,1 09,01,0 09,01,1 09,02,0 09,02,1 10,00,0 10,02,0 C7
10,00,1 10,01,0 10,01,1 10,02,1 11,01,0 11,01,1 11,02,0 S7

              ____        ____
             /    \      /    \
        ____/___   \____/___   \____
       /       /    \       \      /\
      /       /___   \       \    /  \
      \      /    \  /\  /\   \  /   /
       \____/      \/  \/  \___\/   /
       /   /\      /        \       \
  ____/   /  \____/__________\_______\____
 /       /           /   /\              /\
/   ____/___________/   /  \____________/  \
\  /    \   \          /       /    \      /
 \/      \   \________/   ____/      \    /
 /   /\  /\   \       \   \   \      /\   \
/   /  \/  \   \____   \___\   \____/  \   \
\  /       /\      /   /\       \       \  /
 \/___    /  \____/   /  \____   \    ___\/
      \  /   /    \  /\       \  /   /
       \/   /      \/  \    ___\/___/
       /    \      /   /   /    \   \
      /   ___\____/   /___/   ___\   \
      \  /       /       /   /       /
       \/___    /_______/   /   ____/
            \      /    \   \  /
             \____/      \___\/

solution 6 (1,812,654 searches):
00,09,1 00,10,0 00,10,1 01,09,0 01,09,1 01,10,0 01,10,1 D7
01,11,0 01,11,1 02,10,0 02,10,1 02,11,0 03,09,1 03,10,0 F7
04,01,1 04,02,0 04,02,1 04,03,0 04,03,1 04,04,0 05,02,0 E7
05,01,0 05,01,1 06,00,1 06,01,0 06,01,1 07,00,0 07,00,1 Z7
07,01,0 07,01,1 07,02,0 07,02,1 07,03,0 08,01,0 08,01,1 G7
09,06,1 10,05,1 10,06,0 10,06,1 10,07,0 11,04,1 11,05,0 H7
06,07,1 07,07,0 07,07,1 08,07,0 08,07,1 09,07,0 09,07,1 I7
09,04,1 10,03,0 10,03,1 10,04,0 10,04,1 10,05,0 11,04,0 X7
06,08,1 07,08,0 07,08,1 07,09,0 07,09,1 07,10,0 08,08,0 T7
04,11,0 04,11,1 05,10,1 05,11,0 06,09,1 06,10,0 06,10,1 Q7
03,10,1 04,09,1 04,10,0 04,10,1 05,09,1 05,10,0 06,09,0 U7
04,08,0 04,08,1 04,09,0 05,08,0 05,08,1 05,09,0 06,08,0 M7
02,04,0 02,04,1 02,05,0 03,03,1 03,04,0 03,04,1 03,05,0 B7
01,04,1 01,05,0 01,05,1 01,06,0 01,06,1 02,05,1 02,06,0 J7
00,06,1 00,07,0 00,07,1 01,07,0 01,07,1 01,08,0 01,08,1 N7
02,07,0 02,07,1 02,08,0 03,07,0 03,07,1 04,07,0 04,07,1 P7
02,06,1 03,05,1 03,06,0 04,04,1 04,05,0 05,04,0 05,04,1 L7
03,06,1 04,06,0 04,06,1 05,06,0 05,06,1 05,07,0 05,07,1 R7
04,05,1 05,05,0 05,05,1 06,03,1 06,04,0 06,04,1 06,05,0 V7
06,05,1 06,06,0 06,06,1 06,07,0 07,05,0 07,06,0 07,06,1 A7
07,04,1 07,05,1 08,04,0 08,04,1 08,05,0 09,03,1 09,04,0 Y7
07,03,1 07,04,0 08,02,0 08,02,1 08,03,0 08,03,1 09,03,0 W7
09,01,1 09,02,0 09,02,1 10,02,0 10,02,1 11,01,1 11,02,0 C7
09,00,1 09,01,0 10,00,0 10,00,1 10,01,0 10,01,1 11,01,0 S7

              ____        ____
             /    \      /    \
        ____/___   \____/___   \____
       /       /    \       \      /\
      /       /___   \       \    /  \
      \      /    \  /\  /\   \  /   /
       \____/      \/  \/  \___\/   /
       /   /\      /        \       \
  ____/   /  \____/__________\_______\____
 /       /           /   /\              /\
/   ____/___________/   /  \____________/  \
\  /    \   \          /       /    \      /
 \/      \   \________/   ____/      \    /
 /   /\  /\   \       \   \   \      /\   \
/   /  \/  \   \____   \___\   \____/  \   \
\  /       /\      /   /\       \       \  /
 \/___    /  \____/   /  \____   \    ___\/
      \  /   /    \  /\       \  /   /
       \/   /      \/  \    ___\/___/
       /    \      /   /   /        \
      /   ___\____/   /___/   ____   \
      \  /       /       /\  /    \  /
       \/___    /_______/  \/   ___\/
            \      /    \      /
             \____/      \____/

solution 7 (2,660,217 searches):
00,09,1 00,10,0 00,10,1 01,09,0 01,09,1 01,10,0 01,10,1 D7
01,11,0 01,11,1 02,10,0 02,10,1 02,11,0 03,09,1 03,10,0 F7
04,01,1 04,02,0 04,02,1 04,03,0 04,03,1 04,04,0 05,02,0 E7
05,01,0 05,01,1 06,00,1 06,01,0 06,01,1 07,00,0 07,00,1 Z7
07,01,0 07,01,1 07,02,0 07,02,1 07,03,0 08,01,0 08,01,1 G7
09,06,1 10,05,1 10,06,0 10,06,1 10,07,0 11,04,1 11,05,0 H7
07,08,1 07,09,0 08,07,0 08,07,1 08,08,0 09,07,0 09,07,1 T7
05,10,1 06,09,0 06,09,1 06,10,0 06,10,1 07,09,1 07,10,0 A7
03,10,1 04,09,1 04,10,0 04,10,1 04,11,0 04,11,1 05,11,0 Q7
05,08,1 05,09,0 05,09,1 05,10,0 06,08,0 06,08,1 07,08,0 V7
09,04,1 10,03,0 10,03,1 10,04,0 10,04,1 10,05,0 11,04,0 X7
03,07,0 03,07,1 04,07,0 04,07,1 04,08,0 04,08,1 04,09,0 R7
05,07,0 05,07,1 05,08,0 06,07,0 06,07,1 07,07,0 07,07,1 P7
02,04,0 02,04,1 02,05,0 02,05,1 03,03,1 03,04,0 03,04,1 B7
00,06,1 00,07,0 00,07,1 01,04,1 01,05,0 01,05,1 01,06,0 N7
01,06,1 01,07,0 01,07,1 01,08,0 01,08,1 02,07,1 02,08,0 J7
02,06,0 02,06,1 02,07,0 03,05,0 03,05,1 03,06,0 04,05,0 M7
03,06,1 04,06,0 04,06,1 05,06,0 05,06,1 06,06,0 06,06,1 I7
07,05,1 07,06,0 07,06,1 08,04,1 08,05,0 09,03,1 09,04,0 L7
04,04,1 04,05,1 05,04,0 05,04,1 05,05,0 06,03,1 06,04,0 Y7
05,05,1 06,04,1 06,05,0 06,05,1 07,04,1 07,05,0 08,04,0 U7
07,03,1 07,04,0 08,02,0 08,02,1 08,03,0 08,03,1 09,03,0 W7
09,00,1 09,01,0 09,01,1 09,02,0 09,02,1 10,00,0 10,02,0 C7
10,00,1 10,01,0 10,01,1 10,02,1 11,01,0 11,01,1 11,02,0 S7

              ____        ____
             /    \      /    \
        ____/___   \____/   ___\____
       /       /    \      /\       \
      /       /___   \    /  \       \
      \      /    \  /\  /   /   /\  /
       \____/      \/  \/   /___/  \/
       /    \      /   /\       \   \
  ____/      \____/   /  \_______\   \____
 /   /   /\  /       /           /       /\
/   /   /  \/_______/___________/_______/  \
\   \  /    \              /   /    \      /
 \   \/___   \____________/   /      \    /
 /   /   /    \   \       \   \      /\   \
/   /   /______\   \       \   \____/  \   \
\  /       /\       \  /\   \   \       \  /
 \/___    /  \____   \/  \___\   \    ___\/
      \  /   /    \  /\       \  /   /
       \/   /      \/  \    ___\/___/
       /    \      /   /   /    \   \
      /   ___\____/   /___/   ___\   \
      \  /       /       /   /       /
       \/___    /_______/   /   ____/
            \      /    \   \  /
             \____/      \___\/

solution 8 (2,660,219 searches):
00,09,1 00,10,0 00,10,1 01,09,0 01,09,1 01,10,0 01,10,1 D7
01,11,0 01,11,1 02,10,0 02,10,1 02,11,0 03,09,1 03,10,0 F7
04,01,1 04,02,0 04,02,1 04,03,0 04,03,1 04,04,0 05,02,0 E7
05,01,0 05,01,1 06,00,1 06,01,0 06,01,1 07,00,0 07,00,1 Z7
07,01,0 07,01,1 07,02,0 07,02,1 07,03,0 08,01,0 08,01,1 G7
09,06,1 10,05,1 10,06,0 10,06,1 10,07,0 11,04,1 11,05,0 H7
07,08,1 07,09,0 08,07,0 08,07,1 08,08,0 09,07,0 09,07,1 T7
05,10,1 06,09,0 06,09,1 06,10,0 06,10,1 07,09,1 07,10,0 A7
03,10,1 04,09,1 04,10,0 04,10,1 04,11,0 04,11,1 05,11,0 Q7
05,08,1 05,09,0 05,09,1 05,10,0 06,08,0 06,08,1 07,08,0 V7
09,04,1 10,03,0 10,03,1 10,04,0 10,04,1 10,05,0 11,04,0 X7
03,07,0 03,07,1 04,07,0 04,07,1 04,08,0 04,08,1 04,09,0 R7
05,07,0 05,07,1 05,08,0 06,07,0 06,07,1 07,07,0 07,07,1 P7
02,04,0 02,04,1 02,05,0 02,05,1 03,03,1 03,04,0 03,04,1 B7
00,06,1 00,07,0 00,07,1 01,04,1 01,05,0 01,05,1 01,06,0 N7
01,06,1 01,07,0 01,07,1 01,08,0 01,08,1 02,07,1 02,08,0 J7
02,06,0 02,06,1 02,07,0 03,05,0 03,05,1 03,06,0 04,05,0 M7
03,06,1 04,06,0 04,06,1 05,06,0 05,06,1 06,06,0 06,06,1 I7
07,05,1 07,06,0 07,06,1 08,04,1 08,05,0 09,03,1 09,04,0 L7
04,04,1 04,05,1 05,04,0 05,04,1 05,05,0 06,03,1 06,04,0 Y7
05,05,1 06,04,1 06,05,0 06,05,1 07,04,1 07,05,0 08,04,0 U7
07,03,1 07,04,0 08,02,0 08,02,1 08,03,0 08,03,1 09,03,0 W7
09,01,1 09,02,0 09,02,1 10,02,0 10,02,1 11,01,1 11,02,0 C7
09,00,1 09,01,0 10,00,0 10,00,1 10,01,0 10,01,1 11,01,0 S7

              ____        ____
             /    \      /    \
        ____/___   \____/   ___\____
       /       /    \      /\       \
      /       /___   \    /  \       \
      \      /    \  /\  /   /   /\  /
       \____/      \/  \/   /___/  \/
       /    \      /   /\       \   \
  ____/      \____/   /  \_______\   \____
 /   /   /\  /       /           /       /\
/   /   /  \/_______/___________/_______/  \
\   \  /    \              /   /    \      /
 \   \/___   \____________/   /      \    /
 /   /   /    \   \       \   \      /\   \
/   /   /______\   \       \   \____/  \   \
\  /       /\       \  /\   \   \       \  /
 \/___    /  \____   \/  \___\   \    ___\/
      \  /   /    \  /\       \  /   /
       \/   /      \/  \    ___\/___/
       /    \      /   /   /        \
      /   ___\____/   /___/   ____   \
      \  /       /       /\  /    \  /
       \/___    /_______/  \/   ___\/
            \      /    \      /
             \____/      \____/

solution 9 (3,200,582 searches):
00,09,1 00,10,0 00,10,1 01,09,0 01,09,1 01,10,0 01,10,1 D7
01,11,0 01,11,1 02,10,0 02,10,1 02,11,0 03,09,1 03,10,0 F7
04,01,1 04,02,0 04,02,1 04,03,0 04,03,1 04,04,0 05,02,0 E7
05,01,0 05,01,1 06,00,1 06,01,0 06,01,1 07,00,0 07,00,1 Z7
07,01,0 07,01,1 07,02,0 07,02,1 07,03,0 08,01,0 08,01,1 G7
07,07,0 07,07,1 08,07,0 08,07,1 09,07,0 09,07,1 10,07,0 I7
09,06,1 10,05,1 10,06,0 10,06,1 11,04,0 11,04,1 11,05,0 Q7
10,02,1 10,03,0 10,03,1 10,04,0 10,04,1 10,05,0 11,02,0 L7
09,02,1 10,00,1 10,01,0 10,01,1 10,02,0 11,01,0 11,01,1 W7
08,02,0 08,02,1 09,00,1 09,01,0 09,01,1 09,02,0 10,00,0 S7
07,05,1 07,06,0 07,06,1 08,04,1 08,05,0 09,04,0 09,04,1 C7
07,04,1 07,05,0 08,03,0 08,03,1 08,04,0 09,03,0 09,03,1 T7
06,03,1 06,04,0 06,04,1 06,05,0 06,05,1 07,03,1 07,04,0 Y7
01,04,1 02,04,0 02,04,1 02,05,0 03,03,1 03,04,0 03,04,1 X7
01,05,0 01,05,1 01,06,0 01,06,1 02,05,1 02,06,0 03,05,0 V7
00,06,1 00,07,0 00,07,1 01,07,0 01,07,1 01,08,0 01,08,1 N7
04,04,1 04,05,0 05,04,0 05,04,1 05,05,0 05,05,1 05,06,0 J7
04,11,1 05,10,1 05,11,0 06,09,1 06,10,0 06,10,1 07,10,0 H7
06,08,1 06,09,0 07,08,0 07,08,1 07,09,0 07,09,1 08,08,0 A7
02,07,0 02,07,1 02,08,0 03,07,0 03,07,1 04,07,0 04,07,1 P7
02,06,1 03,05,1 03,06,0 03,06,1 04,05,1 04,06,0 04,06,1 M7
04,08,0 04,08,1 04,09,0 05,06,1 05,07,0 05,07,1 05,08,0 U7
03,10,1 04,09,1 04,10,0 04,10,1 04,11,0 05,09,1 05,10,0 B7
05,08,1 05,09,0 06,06,0 06,06,1 06,07,0 06,07,1 06,08,0 R7

              ____        ____
             /    \      /\   \
        ____/___   \____/  \   \____
       /       /    \       \       \
      /       /___   \       \    ___\
      \      /    \  /\  /\  /\  /   /
       \____/      \/  \/  \/  \/   /
       /   /\      /    \   \       \
  ____/   /  \____/___   \   \_______\____
 /       /           /   /   /            \
/   ____/___________/   /   /______________\
\  /    \          /\  /   /   /    \      /
 \/      \        /  \/___/   /      \    /
 /   /\   \  /\  /   /   /\   \      /\   \
/___/  \___\/  \/   /   /  \   \____/  \   \
\          /\      /    \   \      /   /   /
 \____    /  \____/      \   \____/   /___/
      \  /   /    \  /\  /       /   /
       \/   /      \/  \/_______/   /
       /    \      /   /    \   \   \
      /   ___\____/   /___   \   \___\
      \  /       /       /   /       /
       \/___    /_______/   /   ____/
            \      /    \   \  /
             \____/      \___\/

solution 10 (3,200,609 searches):
00,09,1 00,10,0 00,10,1 01,09,0 01,09,1 01,10,0 01,10,1 D7
01,11,0 01,11,1 02,10,0 02,10,1 02,11,0 03,09,1 03,10,0 F7
04,01,1 04,02,0 04,02,1 04,03,0 04,03,1 04,04,0 05,02,0 E7
05,01,0 05,01,1 06,00,1 06,01,0 06,01,1 07,00,0 07,00,1 Z7
07,01,0 07,01,1 07,02,0 07,02,1 07,03,0 08,01,0 08,01,1 G7
07,07,0 07,07,1 08,07,0 08,07,1 09,07,0 09,07,1 10,07,0 I7
09,06,1 10,05,1 10,06,0 10,06,1 11,04,0 11,04,1 11,05,0 Q7
10,02,1 10,03,0 10,03,1 10,04,0 10,04,1 10,05,0 11,02,0 L7
09,02,1 10,00,1 10,01,0 10,01,1 10,02,0 11,01,0 11,01,1 W7
08,02,0 08,02,1 09,00,1 09,01,0 09,01,1 09,02,0 10,00,0 S7
07,05,1 07,06,0 07,06,1 08,04,1 08,05,0 09,04,0 09,04,1 C7
07,04,1 07,05,0 08,03,0 08,03,1 08,04,0 09,03,0 09,03,1 T7
06,03,1 06,04,0 06,04,1 06,05,0 06,05,1 07,03,1 07,04,0 Y7
01,04,1 02,04,0 02,04,1 02,05,0 03,03,1 03,04,0 03,04,1 X7
01,05,0 01,05,1 01,06,0 01,06,1 02,05,1 02,06,0 03,05,0 V7
00,06,1 00,07,0 00,07,1 01,07,0 01,07,1 01,08,0 01,08,1 N7
04,06,0 04,06,1 05,04,0 05,04,1 05,05,0 05,05,1 05,06,0 J7
02,06,1 03,05,1 03,06,0 03,06,1 04,04,1 04,05,0 04,05,1 M7
02,07,0 02,07,1 02,08,0 03,07,0 03,07,1 04,07,0 04,07,1 P7
05,08,1 05,09,0 06,06,0 06,06,1 06,07,0 06,07,1 06,08,0 R7
04,08,0 04,08,1 04,09,0 05,06,1 05,07,0 05,07,1 05,08,0 U7
03,10,1 04,09,1 04,10,0 04,10,1 04,11,0 05,09,1 05,10,0 B7
04,11,1 05,10,1 05,11,0 06,09,1 06,10,0 06,10,1 07,10,0 H7
06,08,1 06,09,0 07,08,0 07,08,1 07,09,0 07,09,1 08,08,0 A7

              ____        ____
             /    \      /\   \
        ____/___   \____/  \   \____
       /       /    \       \       \
      /       /___   \       \    ___\
      \      /    \  /\  /\  /\  /   /
       \____/      \/  \/  \/  \/   /
       /   /\      /    \   \       \
  ____/   /  \____/___   \   \_______\____
 /       /           /   /   /            \
/   ____/___________/   /   /______________\
\  /    \      /    \  /   /   /    \      /
 \/      \    /___   \/___/   /      \    /
 /   /\   \      /   /   /\   \      /\   \
/___/  \___\    /   /   /  \   \____/  \   \
\          /\  /   /    \   \      /   /   /
 \____    /  \/___/      \   \____/   /___/
      \  /   /    \  /\  /       /   /
       \/   /      \/  \/_______/   /
       /    \      /   /    \   \   \
      /   ___\____/   /___   \   \___\
      \  /       /       /   /       /
       \/___    /_______/   /   ____/
            \      /    \   \  /
             \____/      \___\/

User-requested solution limit reached.
10 solutions, 3,200,609 searches, duration 0:02:22.330651
