solving HeptiamondsTrefoil2:

solution 1 (592 searches):
06,00,0 06,00,1 06,01,0 07,00,0 07,00,1 08,00,0 08,00,1 P7
04,01,1 04,02,0 04,02,1 05,00,1 05,01,0 05,01,1 05,02,0 D7
03,02,1 03,03,0 03,03,1 04,03,0 04,03,1 05,02,1 05,03,0 C7
02,05,1 03,04,0 03,04,1 03,05,0 04,04,0 04,04,1 04,05,0 A7
06,01,1 06,02,0 06,02,1 06,03,0 06,03,1 06,04,0 07,02,0 E7
07,01,0 07,01,1 08,01,0 08,01,1 08,02,0 08,02,1 09,02,0 N7
04,05,1 04,06,0 05,03,1 05,04,0 05,04,1 05,05,0 05,05,1 H7
07,02,1 07,03,0 07,03,1 07,04,0 07,04,1 08,03,0 08,04,0 F7
05,06,0 05,06,1 06,04,1 06,05,0 06,05,1 06,06,0 06,06,1 G7
08,03,1 08,04,1 09,02,1 09,03,0 09,03,1 09,04,0 10,03,0 B7
03,05,1 03,06,0 03,06,1 03,07,0 03,07,1 03,08,0 03,08,1 I7
00,08,1 01,07,1 01,08,0 02,06,0 02,06,1 02,07,0 02,07,1 T7
04,06,1 04,07,0 04,07,1 05,07,0 05,07,1 06,07,0 06,07,1 L7
07,05,0 07,05,1 07,06,0 07,06,1 07,07,0 08,05,0 08,06,0 M7
00,09,0 00,09,1 01,08,1 01,09,0 01,09,1 01,10,0 02,08,0 W7
00,10,0 00,10,1 00,11,0 00,11,1 01,11,0 01,11,1 02,11,0 R7
01,10,1 02,08,1 02,09,0 02,09,1 02,10,0 02,10,1 03,09,0 X7
02,11,1 03,09,1 03,10,0 03,10,1 03,11,0 04,09,1 04,10,0 Y7
04,08,0 04,08,1 04,09,0 05,08,0 05,08,1 05,09,0 05,09,1 U7
06,08,0 06,08,1 06,09,0 07,08,0 07,08,1 08,07,1 08,08,0 Q7
07,07,1 08,05,1 08,06,1 08,07,0 09,05,0 09,05,1 09,06,0 J7
08,08,1 09,06,1 09,07,0 09,07,1 09,08,0 10,06,0 10,07,0 Z7
10,04,1 10,05,0 10,05,1 10,06,1 11,05,0 11,05,1 11,06,0 S7
09,04,1 10,03,1 10,04,0 11,03,0 11,03,1 11,04,0 11,04,1 V7

      ____________
     /        \   \
    /   _______\   \
   /   /\      /    \
  /___/  \    /      \____
 /       /    \  /\  /   /\
/___    /   ___\/  \/   /  \________
\   \   \  /   /       /        \   \
 \   \___\/   /_______/_______   \   \
  \      /   /           /\   \  /    \
   \    /   /   ________/  \   \/   ___\
   /   /   /\  /       /    \   \   \   \
  /___/   /  \/___    /   ___\   \___\   \
  \   \  /\      /   /    \      /       /
   \   \/  \    /   /______\____/   ____/
   /       /   /\  /    \   \   \  /   /
  /_______/   /  \/   ___\   \   \/   /
 /        \  /   /    \       \      /
/   ____   \/   /   ___\    ___\____/
\  /    \  /    \  /    \  /
 \/      \/   ___\/   ___\/
  \      /\  /       /
   \    /  \/_______/
    \  /           /
     \/___________/

solution 2 (662 searches):
06,00,0 06,00,1 06,01,0 07,00,0 07,00,1 08,00,0 08,00,1 P7
04,01,1 04,02,0 04,02,1 05,00,1 05,01,0 05,01,1 05,02,0 D7
03,02,1 03,03,0 03,03,1 04,03,0 04,03,1 05,02,1 05,03,0 C7
02,05,1 03,04,0 03,04,1 03,05,0 04,04,0 04,04,1 04,05,0 A7
06,01,1 06,02,0 06,02,1 06,03,0 06,03,1 06,04,0 07,02,0 E7
07,01,0 07,01,1 08,01,0 08,01,1 08,02,0 08,02,1 09,02,0 N7
04,05,1 04,06,0 05,03,1 05,04,0 05,04,1 05,05,0 05,05,1 H7
07,02,1 07,03,0 07,03,1 07,04,0 07,04,1 08,03,0 08,04,0 F7
05,06,0 05,06,1 06,04,1 06,05,0 06,05,1 06,06,0 06,06,1 G7
08,03,1 08,04,1 09,02,1 09,03,0 09,03,1 09,04,0 10,03,0 B7
03,05,1 03,06,0 03,06,1 03,07,0 03,07,1 03,08,0 03,08,1 I7
00,08,1 01,07,1 01,08,0 02,06,0 02,06,1 02,07,0 02,07,1 T7
04,06,1 04,07,0 04,07,1 05,07,0 05,07,1 06,07,0 06,07,1 L7
07,05,0 07,05,1 07,06,0 08,05,0 08,05,1 08,06,0 09,05,0 M7
07,06,1 07,07,0 07,07,1 08,06,1 08,07,0 09,05,1 09,06,0 J7
09,04,1 10,03,1 10,04,0 11,03,0 11,03,1 11,04,0 11,04,1 V7
10,04,1 10,05,0 10,05,1 10,06,1 11,05,0 11,05,1 11,06,0 S7
08,08,1 09,06,1 09,07,0 09,07,1 09,08,0 10,06,0 10,07,0 Z7
06,08,0 06,08,1 06,09,0 07,08,0 07,08,1 08,07,1 08,08,0 Q7
04,08,0 04,08,1 04,09,0 05,08,0 05,08,1 05,09,0 05,09,1 U7
02,11,1 03,09,1 03,10,0 03,10,1 03,11,0 04,09,1 04,10,0 Y7
00,10,0 00,10,1 00,11,0 00,11,1 01,11,0 01,11,1 02,11,0 R7
00,09,0 00,09,1 01,08,1 01,09,0 01,09,1 01,10,0 02,08,0 W7
01,10,1 02,08,1 02,09,0 02,09,1 02,10,0 02,10,1 03,09,0 X7

      ____________
     /        \   \
    /   _______\   \
   /   /\      /    \
  /___/  \    /      \____
 /       /    \  /\  /   /\
/___    /   ___\/  \/   /  \________
\   \   \  /   /       /        \   \
 \   \___\/   /_______/_______   \   \
  \      /   /           /    \  /    \
   \    /   /   ________/      \/   ___\
   /   /   /\  /       /\  /\   \   \   \
  /___/   /  \/___    /  \/  \   \___\   \
  \   \  /\      /   /        \  /       /
   \   \/  \    /   /__________\/   ____/
   /       /   /\  /    \   \   \  /   /
  /_______/   /  \/   ___\   \   \/   /
 /        \  /   /    \       \      /
/   ____   \/   /   ___\    ___\____/
\  /    \  /    \  /    \  /
 \/      \/   ___\/   ___\/
  \      /\  /       /
   \    /  \/_______/
    \  /           /
     \/___________/

solution 3 (25,752 searches):
06,00,0 06,00,1 06,01,0 07,00,0 07,00,1 08,00,0 08,00,1 P7
04,01,1 04,02,0 04,02,1 05,00,1 05,01,0 05,01,1 05,02,0 D7
03,02,1 03,03,0 03,03,1 04,03,0 04,03,1 05,02,1 05,03,0 C7
02,05,1 03,04,0 03,04,1 03,05,0 04,04,0 04,04,1 04,05,0 A7
06,01,1 06,02,0 06,02,1 06,03,0 06,03,1 06,04,0 07,02,0 E7
07,01,0 07,01,1 08,01,0 08,01,1 08,02,0 08,02,1 09,02,0 N7
04,05,1 04,06,0 05,03,1 05,04,0 05,04,1 05,05,0 05,05,1 H7
07,02,1 07,03,0 07,03,1 07,04,0 07,04,1 08,03,0 08,04,0 F7
05,06,0 05,06,1 06,04,1 06,05,0 06,05,1 06,06,0 06,06,1 G7
08,03,1 08,04,1 09,02,1 09,03,0 09,03,1 09,04,0 10,03,0 B7
01,07,1 02,06,0 02,06,1 02,07,0 02,07,1 03,05,1 03,06,0 X7
01,08,1 02,08,0 02,08,1 03,06,1 03,07,0 03,07,1 03,08,0 V7
00,08,1 00,09,0 00,09,1 01,08,0 01,09,0 01,09,1 01,10,0 S7
00,10,0 00,10,1 00,11,0 00,11,1 01,10,1 01,11,0 01,11,1 U7
04,06,1 04,07,0 04,07,1 04,08,0 05,07,0 05,07,1 06,07,0 T7
02,09,0 02,09,1 02,10,0 02,10,1 02,11,0 02,11,1 03,11,0 L7
03,08,1 03,09,0 03,09,1 03,10,0 03,10,1 04,08,1 04,09,0 Y7
04,09,1 04,10,0 05,08,0 05,08,1 05,09,0 05,09,1 06,09,0 W7
06,07,1 07,05,0 07,05,1 07,06,0 07,06,1 07,07,0 08,05,0 Q7
06,08,0 06,08,1 07,08,0 07,08,1 08,07,1 08,08,0 09,07,0 R7
08,08,1 09,06,1 09,07,1 09,08,0 10,06,0 10,06,1 10,07,0 J7
07,07,1 08,05,1 08,06,0 08,06,1 08,07,0 09,05,0 09,06,0 Z7
11,03,0 11,03,1 11,04,0 11,04,1 11,05,0 11,05,1 11,06,0 I7
09,04,1 09,05,1 10,03,1 10,04,0 10,04,1 10,05,0 10,05,1 M7

      ____________
     /       /    \
    /       /   ___\
   /   /\  /   /   /\
  /___/  \/   /   /  \____
 /       /   /    \       \
/   ____/___/      \    ___\________
\   \       \  /\  /   /        \   \
 \___\____   \/  \/___/_______   \   \
  \      /   /        \   \   \   \   \
   \    /   /   _______\   \   \___\   \
   /    \  /\  /       /   /    \      /\
  /___   \/  \/___    /   /   ___\____/  \
  \   \  /\      /   /    \   \      /   /
   \   \/  \    /   /______\___\    /   /
   /       /   /\  /    \   \      /   /
  /_______/   /  \/   ___\   \    /   /
 /        \  /   /    \       \  /   /
/   ____   \/   /   ___\    ___\/___/
\  /    \  /    \  /    \  /
 \/      \/   ___\/   ___\/
  \      /\  /       /
   \    /  \/_______/
    \  /           /
     \/___________/

solution 4 (28,575 searches):
06,00,0 06,00,1 06,01,0 07,00,0 07,00,1 08,00,0 08,00,1 P7
04,01,1 04,02,0 04,02,1 05,00,1 05,01,0 05,01,1 05,02,0 D7
03,02,1 03,03,0 03,03,1 04,03,0 04,03,1 05,02,1 05,03,0 C7
02,05,1 03,04,0 03,04,1 03,05,0 04,04,0 04,04,1 04,05,0 A7
06,01,1 06,02,0 06,02,1 06,03,0 06,03,1 06,04,0 07,02,0 E7
07,01,0 07,01,1 08,01,0 08,01,1 08,02,0 08,02,1 09,02,0 N7
04,05,1 04,06,0 05,03,1 05,04,0 05,04,1 05,05,0 05,05,1 H7
07,02,1 07,03,0 07,03,1 07,04,0 07,04,1 08,03,0 08,04,0 F7
05,06,0 05,06,1 06,04,1 06,05,0 06,05,1 06,06,0 06,06,1 G7
08,03,1 08,04,1 09,02,1 09,03,0 09,03,1 09,04,0 10,03,0 B7
01,07,1 02,06,0 02,06,1 02,07,0 02,07,1 03,05,1 03,06,0 X7
03,06,1 03,07,0 03,07,1 03,08,0 03,08,1 04,06,1 04,07,0 Y7
07,05,0 07,05,1 07,06,0 07,06,1 08,05,0 08,06,0 08,06,1 U7
08,05,1 09,04,1 09,05,0 09,05,1 10,04,1 10,05,0 10,05,1 M7
10,03,1 10,04,0 11,03,0 11,03,1 11,04,0 11,04,1 11,05,0 J7
09,06,0 09,06,1 09,07,0 10,06,0 10,06,1 11,05,1 11,06,0 Q7
08,07,0 08,07,1 08,08,0 08,08,1 09,07,1 09,08,0 10,07,0 V7
05,09,0 05,09,1 06,08,0 06,08,1 06,09,0 07,08,0 07,08,1 Z7
04,07,1 05,07,0 05,07,1 06,07,0 06,07,1 07,07,0 07,07,1 I7
03,09,1 03,10,0 04,08,0 04,08,1 04,09,0 05,08,0 05,08,1 T7
01,11,1 02,11,0 02,11,1 03,10,1 03,11,0 04,09,1 04,10,0 R7
00,11,1 01,09,1 01,10,0 01,10,1 01,11,0 02,10,0 02,10,1 W7
00,08,1 00,09,0 00,09,1 00,10,0 00,10,1 00,11,0 01,08,0 L7
01,08,1 01,09,0 02,08,0 02,08,1 02,09,0 02,09,1 03,09,0 S7

      ____________
     /\   \       \
    /  \   \____   \
   /   /       /\   \
  /   /   ____/  \   \____
 /   /\  /    \   \  /    \
/   /  \/   ___\   \/___   \________
\   \      /   /       /       /    \
 \___\____/   /_______/_______/      \
  \      /    \              /   /\   \
   \    /      \____________/___/  \___\
   /    \  /\  /       /       /        \
  /___   \/  \/___    /   ____/_______   \
  \   \  /\      /   /    \          /\  /
   \   \/  \    /   /______\        /  \/
   /       /   /\  /    \   \  /\  /   /
  /_______/   /  \/   ___\   \/  \/   /
 /        \  /   /    \       \      /
/   ____   \/   /   ___\    ___\____/
\  /    \  /    \  /    \  /
 \/      \/   ___\/   ___\/
  \      /\  /       /
   \    /  \/_______/
    \  /           /
     \/___________/

solution 5 (28,637 searches):
06,00,0 06,00,1 06,01,0 07,00,0 07,00,1 08,00,0 08,00,1 P7
04,01,1 04,02,0 04,02,1 05,00,1 05,01,0 05,01,1 05,02,0 D7
03,02,1 03,03,0 03,03,1 04,03,0 04,03,1 05,02,1 05,03,0 C7
02,05,1 03,04,0 03,04,1 03,05,0 04,04,0 04,04,1 04,05,0 A7
06,01,1 06,02,0 06,02,1 06,03,0 06,03,1 06,04,0 07,02,0 E7
07,01,0 07,01,1 08,01,0 08,01,1 08,02,0 08,02,1 09,02,0 N7
04,05,1 04,06,0 05,03,1 05,04,0 05,04,1 05,05,0 05,05,1 H7
07,02,1 07,03,0 07,03,1 07,04,0 07,04,1 08,03,0 08,04,0 F7
05,06,0 05,06,1 06,04,1 06,05,0 06,05,1 06,06,0 06,06,1 G7
08,03,1 08,04,1 09,02,1 09,03,0 09,03,1 09,04,0 10,03,0 B7
01,07,1 02,06,0 02,06,1 02,07,0 02,07,1 03,05,1 03,06,0 X7
03,06,1 03,07,0 03,07,1 03,08,0 03,08,1 04,06,1 04,07,0 Y7
07,05,0 07,05,1 07,06,0 07,06,1 08,05,0 08,06,0 08,06,1 U7
08,05,1 09,04,1 09,05,0 09,05,1 10,03,1 10,04,0 10,04,1 M7
10,05,0 10,05,1 11,03,0 11,03,1 11,04,0 11,04,1 11,05,0 J7
09,06,0 09,06,1 09,07,0 10,06,0 10,06,1 11,05,1 11,06,0 Q7
08,07,0 08,07,1 08,08,0 08,08,1 09,07,1 09,08,0 10,07,0 V7
05,09,0 05,09,1 06,08,0 06,08,1 06,09,0 07,08,0 07,08,1 Z7
04,07,1 05,07,0 05,07,1 06,07,0 06,07,1 07,07,0 07,07,1 I7
03,09,1 03,10,0 04,08,0 04,08,1 04,09,0 05,08,0 05,08,1 T7
01,11,1 02,11,0 02,11,1 03,10,1 03,11,0 04,09,1 04,10,0 R7
00,11,1 01,09,1 01,10,0 01,10,1 01,11,0 02,10,0 02,10,1 W7
00,08,1 00,09,0 00,09,1 00,10,0 00,10,1 00,11,0 01,08,0 L7
01,08,1 01,09,0 02,08,0 02,08,1 02,09,0 02,09,1 03,09,0 S7

      ____________
     /\   \       \
    /  \   \____   \
   /   /       /\   \
  /   /   ____/  \   \____
 /   /\  /    \   \  /    \
/   /  \/   ___\   \/___   \________
\   \      /   /       /       /    \
 \___\____/   /_______/_______/      \
  \      /    \              /   /\   \
   \    /      \____________/___/  \___\
   /    \  /\  /       /       /        \
  /___   \/  \/___    /   ____/_______   \
  \   \  /\      /   /    \      /    \  /
   \   \/  \    /   /______\    /___   \/
   /       /   /\  /    \   \      /   /
  /_______/   /  \/   ___\   \    /   /
 /        \  /   /    \       \  /   /
/   ____   \/   /   ___\    ___\/___/
\  /    \  /    \  /    \  /
 \/      \/   ___\/   ___\/
  \      /\  /       /
   \    /  \/_______/
    \  /           /
     \/___________/

solution 6 (29,133 searches):
06,00,0 06,00,1 06,01,0 07,00,0 07,00,1 08,00,0 08,00,1 P7
04,01,1 04,02,0 04,02,1 05,00,1 05,01,0 05,01,1 05,02,0 D7
03,02,1 03,03,0 03,03,1 04,03,0 04,03,1 05,02,1 05,03,0 C7
02,05,1 03,04,0 03,04,1 03,05,0 04,04,0 04,04,1 04,05,0 A7
06,01,1 06,02,0 06,02,1 06,03,0 06,03,1 06,04,0 07,02,0 E7
07,01,0 07,01,1 08,01,0 08,01,1 08,02,0 08,02,1 09,02,0 N7
04,05,1 04,06,0 05,03,1 05,04,0 05,04,1 05,05,0 05,05,1 H7
07,02,1 07,03,0 07,03,1 07,04,0 07,04,1 08,03,0 08,04,0 F7
05,06,0 05,06,1 06,04,1 06,05,0 06,05,1 06,06,0 06,06,1 G7
08,03,1 08,04,1 09,02,1 09,03,0 09,03,1 09,04,0 10,03,0 B7
01,07,1 02,06,0 02,06,1 02,07,0 02,07,1 03,05,1 03,06,0 X7
02,08,1 03,06,1 03,07,0 03,07,1 03,08,0 04,06,1 04,07,0 Y7
01,08,0 01,08,1 01,09,0 01,09,1 01,10,0 02,08,0 02,09,0 M7
00,08,1 00,09,0 00,09,1 00,10,0 00,10,1 00,11,0 00,11,1 I7
06,07,1 07,05,0 07,05,1 07,06,0 07,06,1 07,07,0 08,05,0 Q7
04,07,1 05,07,0 05,07,1 05,08,0 05,08,1 06,07,0 06,08,0 Z7
06,08,1 06,09,0 07,08,0 07,08,1 08,08,0 08,08,1 09,08,0 L7
03,10,1 03,11,0 04,09,0 04,09,1 04,10,0 05,09,0 05,09,1 T7
02,10,1 03,08,1 03,09,0 03,09,1 03,10,0 04,08,0 04,08,1 S7
01,10,1 01,11,0 01,11,1 02,09,1 02,10,0 02,11,0 02,11,1 V7
09,04,1 09,05,0 09,05,1 10,03,1 10,04,0 10,05,0 11,03,0 J7
10,04,1 10,05,1 10,06,0 11,03,1 11,04,0 11,04,1 11,05,0 U7
07,07,1 08,05,1 08,06,0 08,06,1 08,07,0 09,06,0 09,06,1 W7
08,07,1 09,07,0 09,07,1 10,06,1 10,07,0 11,05,1 11,06,0 R7

      ____________
     /   /       /\
    /   /   ____/  \
   /   /\   \   \   \
  /   /  \   \   \   \____
 /   /    \  /   /       /\
/   /   ___\/   /_______/  \________
\  /    \   \      /    \           \
 \/______\   \____/   ___\___________\
  \      /    \       \   \   \       \
   \    /      \_______\   \   \____   \
   /    \  /\  /       /   /       /\   \
  /___   \/  \/___    /   /   ____/  \   \
  \   \  /\      /   /    \  /    \   \  /
   \   \/  \    /   /______\/   ___\   \/
   /       /   /\  /    \   \   \      /
  /_______/   /  \/   ___\   \   \    /
 /        \  /   /    \       \   \  /
/   ____   \/   /   ___\    ___\___\/
\  /    \  /    \  /    \  /
 \/      \/   ___\/   ___\/
  \      /\  /       /
   \    /  \/_______/
    \  /           /
     \/___________/

solution 7 (30,147 searches):
06,00,0 06,00,1 06,01,0 07,00,0 07,00,1 08,00,0 08,00,1 P7
04,01,1 04,02,0 04,02,1 05,00,1 05,01,0 05,01,1 05,02,0 D7
03,02,1 03,03,0 03,03,1 04,03,0 04,03,1 05,02,1 05,03,0 C7
02,05,1 03,04,0 03,04,1 03,05,0 04,04,0 04,04,1 04,05,0 A7
06,01,1 06,02,0 06,02,1 06,03,0 06,03,1 06,04,0 07,02,0 E7
07,01,0 07,01,1 08,01,0 08,01,1 08,02,0 08,02,1 09,02,0 N7
04,05,1 04,06,0 05,03,1 05,04,0 05,04,1 05,05,0 05,05,1 H7
07,02,1 07,03,0 07,03,1 07,04,0 07,04,1 08,03,0 08,04,0 F7
05,06,0 05,06,1 06,04,1 06,05,0 06,05,1 06,06,0 06,06,1 G7
08,03,1 08,04,1 09,02,1 09,03,0 09,03,1 09,04,0 10,03,0 B7
01,07,1 02,06,0 02,06,1 02,07,0 02,07,1 03,05,1 03,06,0 X7
02,08,1 03,06,1 03,07,0 03,07,1 03,08,0 04,06,1 04,07,0 Y7
01,08,0 01,08,1 01,09,0 01,09,1 02,08,0 02,09,0 02,09,1 U7
00,08,1 00,09,0 00,09,1 00,10,0 00,10,1 00,11,0 00,11,1 I7
01,10,0 01,10,1 01,11,0 01,11,1 02,11,0 02,11,1 03,11,0 R7
02,10,0 02,10,1 03,08,1 03,09,0 03,09,1 03,10,0 04,08,0 S7
03,10,1 04,08,1 04,09,0 04,09,1 04,10,0 05,09,0 05,09,1 W7
04,07,1 05,07,0 05,07,1 06,07,0 06,07,1 07,06,1 07,07,0 L7
05,08,0 05,08,1 06,08,0 06,08,1 06,09,0 07,07,1 07,08,0 T7
07,05,0 07,05,1 07,06,0 08,05,0 08,05,1 08,06,0 09,05,0 M7
07,08,1 08,06,1 08,07,0 08,07,1 08,08,0 09,06,0 09,07,0 Z7
08,08,1 09,06,1 09,07,1 09,08,0 10,06,0 10,06,1 10,07,0 J7
09,05,1 10,04,1 10,05,0 10,05,1 11,05,0 11,05,1 11,06,0 Q7
09,04,1 10,03,1 10,04,0 11,03,0 11,03,1 11,04,0 11,04,1 V7

      ____________
     /   /        \
    /   /   _______\
   /   /   /    \   \
  /   /___/___   \   \____
 /   /       /   /       /\
/   /   ____/   /   ____/  \________
\  /    \   \   \  /        \   \   \
 \/______\   \___\/_______   \   \   \
  \      /    \           \  /    \   \
   \    /      \________   \/   ___\   \
   /    \  /\  /       /\  /\   \      /\
  /___   \/  \/___    /  \/  \___\____/  \
  \   \  /\      /   /        \          /
   \   \/  \    /   /__________\    ____/
   /       /   /\  /    \   \   \  /   /
  /_______/   /  \/   ___\   \   \/   /
 /        \  /   /    \       \      /
/   ____   \/   /   ___\    ___\____/
\  /    \  /    \  /    \  /
 \/      \/   ___\/   ___\/
  \      /\  /       /
   \    /  \/_______/
    \  /           /
     \/___________/

solution 8 (30,202 searches):
06,00,0 06,00,1 06,01,0 07,00,0 07,00,1 08,00,0 08,00,1 P7
04,01,1 04,02,0 04,02,1 05,00,1 05,01,0 05,01,1 05,02,0 D7
03,02,1 03,03,0 03,03,1 04,03,0 04,03,1 05,02,1 05,03,0 C7
02,05,1 03,04,0 03,04,1 03,05,0 04,04,0 04,04,1 04,05,0 A7
06,01,1 06,02,0 06,02,1 06,03,0 06,03,1 06,04,0 07,02,0 E7
07,01,0 07,01,1 08,01,0 08,01,1 08,02,0 08,02,1 09,02,0 N7
04,05,1 04,06,0 05,03,1 05,04,0 05,04,1 05,05,0 05,05,1 H7
07,02,1 07,03,0 07,03,1 07,04,0 07,04,1 08,03,0 08,04,0 F7
05,06,0 05,06,1 06,04,1 06,05,0 06,05,1 06,06,0 06,06,1 G7
08,03,1 08,04,1 09,02,1 09,03,0 09,03,1 09,04,0 10,03,0 B7
01,07,1 02,06,0 02,06,1 02,07,0 02,07,1 03,05,1 03,06,0 X7
02,08,1 03,06,1 03,07,0 03,07,1 03,08,0 04,06,1 04,07,0 Y7
01,08,0 01,08,1 01,09,0 01,09,1 02,08,0 02,09,0 02,09,1 U7
00,08,1 00,09,0 00,09,1 00,10,0 00,10,1 01,10,0 01,10,1 R7
00,11,0 00,11,1 01,11,0 01,11,1 02,11,0 02,11,1 03,11,0 I7
02,10,0 02,10,1 03,08,1 03,09,0 03,09,1 03,10,0 04,08,0 S7
03,10,1 04,08,1 04,09,0 04,09,1 04,10,0 05,09,0 05,09,1 W7
04,07,1 05,07,0 05,07,1 06,07,0 06,07,1 07,06,1 07,07,0 L7
05,08,0 05,08,1 06,08,0 06,08,1 06,09,0 07,07,1 07,08,0 T7
07,05,0 07,05,1 07,06,0 08,05,0 08,05,1 08,06,0 09,05,0 M7
07,08,1 08,06,1 08,07,0 08,07,1 08,08,0 09,06,0 09,07,0 Z7
08,08,1 09,06,1 09,07,1 09,08,0 10,06,0 10,06,1 10,07,0 J7
09,05,1 10,04,1 10,05,0 10,05,1 11,05,0 11,05,1 11,06,0 Q7
09,04,1 10,03,1 10,04,0 11,03,0 11,03,1 11,04,0 11,04,1 V7

      ____________
     /            \
    /______________\
   /       /    \   \
  /   ____/___   \   \____
 /   /       /   /       /\
/   /   ____/   /   ____/  \________
\  /    \   \   \  /        \   \   \
 \/______\   \___\/_______   \   \   \
  \      /    \           \  /    \   \
   \    /      \________   \/   ___\   \
   /    \  /\  /       /\  /\   \      /\
  /___   \/  \/___    /  \/  \___\____/  \
  \   \  /\      /   /        \          /
   \   \/  \    /   /__________\    ____/
   /       /   /\  /    \   \   \  /   /
  /_______/   /  \/   ___\   \   \/   /
 /        \  /   /    \       \      /
/   ____   \/   /   ___\    ___\____/
\  /    \  /    \  /    \  /
 \/      \/   ___\/   ___\/
  \      /\  /       /
   \    /  \/_______/
    \  /           /
     \/___________/

solution 9 (35,249 searches):
06,00,0 06,00,1 06,01,0 07,00,0 07,00,1 08,00,0 08,00,1 P7
04,01,1 04,02,0 04,02,1 05,00,1 05,01,0 05,01,1 05,02,0 D7
03,02,1 03,03,0 03,03,1 04,03,0 04,03,1 05,02,1 05,03,0 C7
02,05,1 03,04,0 03,04,1 03,05,0 04,04,0 04,04,1 04,05,0 A7
06,01,1 06,02,0 06,02,1 06,03,0 06,03,1 06,04,0 07,02,0 E7
07,01,0 07,01,1 08,01,0 08,01,1 08,02,0 08,02,1 09,02,0 N7
04,05,1 04,06,0 05,03,1 05,04,0 05,04,1 05,05,0 05,05,1 H7
07,02,1 07,03,0 07,03,1 07,04,0 07,04,1 08,03,0 08,04,0 F7
05,06,0 05,06,1 06,04,1 06,05,0 06,05,1 06,06,0 06,06,1 G7
08,03,1 08,04,1 09,02,1 09,03,0 09,03,1 09,04,0 10,03,0 B7
01,07,1 02,06,0 02,06,1 02,07,0 02,07,1 03,05,1 03,06,0 X7
03,06,1 03,07,0 03,07,1 04,06,1 04,07,0 04,07,1 04,08,0 Z7
07,05,0 07,05,1 07,06,0 07,06,1 07,07,0 08,05,0 08,06,0 M7
05,07,0 05,07,1 05,08,1 05,09,0 06,07,0 06,07,1 06,08,0 V7
05,09,1 06,08,1 06,09,0 07,07,1 07,08,0 08,06,1 08,07,0 I7
03,09,0 03,09,1 04,08,1 04,09,0 04,09,1 04,10,0 05,08,0 W7
07,08,1 08,07,1 08,08,0 08,08,1 09,07,1 09,08,0 10,07,0 U7
01,08,1 02,08,0 02,08,1 02,09,0 02,09,1 03,08,0 03,08,1 Y7
00,08,1 00,09,0 00,09,1 01,08,0 01,09,0 01,09,1 01,10,0 S7
00,10,0 00,10,1 00,11,0 00,11,1 01,11,0 01,11,1 02,11,0 R7
01,10,1 02,10,0 02,10,1 02,11,1 03,10,0 03,10,1 03,11,0 J7
08,05,1 09,05,0 09,05,1 09,06,0 09,06,1 09,07,0 10,06,0 Q7
09,04,1 10,03,1 10,04,0 10,04,1 10,05,0 10,05,1 11,03,0 T7
10,06,1 11,03,1 11,04,0 11,04,1 11,05,0 11,05,1 11,06,0 L7

      ____________
     /        \   \
    /   _______\   \
   /   /\          /\
  /___/  \________/  \____
 /       /   /       /\   \
/   ____/   /___    /  \   \________
\   \          /\   \   \   \       \
 \___\________/  \___\   \   \       \
  \      /       /       /\   \  /\   \
   \    /       /_______/  \   \/  \___\
   /    \  /\  /       /    \  /    \   \
  /___   \/  \/___    /   ___\/   ___\   \
  \   \  /\      /   /    \      /   /   /
   \   \/  \    /   /______\____/   /   /
   /       /   /\  /    \   \      /   /
  /_______/   /  \/   ___\   \    /   /
 /        \  /   /    \       \   \  /
/   ____   \/   /   ___\    ___\___\/
\  /    \  /    \  /    \  /
 \/      \/   ___\/   ___\/
  \      /\  /       /
   \    /  \/_______/
    \  /           /
     \/___________/

solution 10 (37,436 searches):
06,00,0 06,00,1 06,01,0 07,00,0 07,00,1 08,00,0 08,00,1 P7
04,01,1 04,02,0 04,02,1 05,00,1 05,01,0 05,01,1 05,02,0 D7
03,02,1 03,03,0 03,03,1 04,03,0 04,03,1 05,02,1 05,03,0 C7
02,05,1 03,04,0 03,04,1 03,05,0 04,04,0 04,04,1 04,05,0 A7
06,01,1 06,02,0 06,02,1 06,03,0 06,03,1 06,04,0 07,02,0 E7
07,01,0 07,01,1 08,01,0 08,01,1 08,02,0 08,02,1 09,02,0 N7
04,05,1 04,06,0 05,03,1 05,04,0 05,04,1 05,05,0 05,05,1 H7
07,02,1 07,03,0 07,03,1 07,04,0 07,04,1 08,03,0 08,04,0 F7
05,06,0 05,06,1 06,04,1 06,05,0 06,05,1 06,06,0 06,06,1 G7
08,03,1 08,04,1 09,02,1 09,03,0 09,03,1 09,04,0 10,03,0 B7
01,07,1 02,06,0 02,06,1 02,07,0 02,07,1 03,05,1 03,06,0 X7
03,06,1 03,07,0 03,07,1 04,06,1 04,07,0 04,07,1 04,08,0 Z7
07,05,0 07,05,1 07,06,0 07,06,1 08,05,0 08,06,0 08,06,1 U7
04,08,1 04,09,0 05,07,0 05,07,1 05,08,0 05,08,1 06,08,0 W7
06,07,0 06,07,1 07,07,0 07,07,1 08,07,0 08,07,1 09,07,0 I7
06,08,1 07,08,0 07,08,1 08,08,0 08,08,1 09,07,1 09,08,0 L7
03,10,1 03,11,0 04,09,1 04,10,0 05,09,0 05,09,1 06,09,0 R7
09,06,0 09,06,1 10,06,0 10,06,1 10,07,0 11,05,1 11,06,0 T7
08,05,1 09,04,1 09,05,0 09,05,1 10,04,1 10,05,0 10,05,1 M7
10,03,1 10,04,0 11,03,0 11,03,1 11,04,0 11,04,1 11,05,0 J7
01,11,1 02,10,1 02,11,0 02,11,1 03,09,0 03,09,1 03,10,0 Q7
01,08,1 02,08,0 02,08,1 02,09,0 02,09,1 03,08,0 03,08,1 Y7
00,08,1 00,09,0 00,09,1 01,08,0 01,09,0 01,09,1 01,10,0 S7
00,10,0 00,10,1 00,11,0 00,11,1 01,10,1 01,11,0 02,10,0 V7

      ____________
     /    \      /\
    /      \    /  \
   /   /\   \   \   \
  /___/  \___\   \   \____
 /       /   /   /\       \
/   ____/   /___/  \_______\________
\   \          /\       \           \
 \___\________/  \    ___\________   \
  \      /       /   /            \  /\
   \    /       /___/______________\/  \
   /    \  /\  /       /       /        \
  /___   \/  \/___    /   ____/_______   \
  \   \  /\      /   /    \          /\  /
   \   \/  \    /   /______\        /  \/
   /       /   /\  /    \   \  /\  /   /
  /_______/   /  \/   ___\   \/  \/   /
 /        \  /   /    \       \      /
/   ____   \/   /   ___\    ___\____/
\  /    \  /    \  /    \  /
 \/      \/   ___\/   ___\/
  \      /\  /       /
   \    /  \/_______/
    \  /           /
     \/___________/

User-requested solution limit reached.
10 solutions, 37,436 searches, duration 0:01:31.490136
