solving HeptiamondsHexagon2:

solution 1:
09,00,1 09,01,0 10,00,0 10,00,1 10,01,0 10,01,1 11,00,0 A7
10,02,1 11,00,1 11,01,0 11,01,1 11,02,0 11,02,1 11,03,0 E7
09,01,1 09,02,0 09,02,1 09,03,0 09,03,1 10,02,0 10,03,0 F7
07,00,1 07,01,1 08,00,0 08,00,1 08,01,0 08,01,1 09,00,0 B7
05,00,1 05,01,0 05,01,1 06,00,0 06,00,1 06,01,0 07,00,0 D7
04,02,1 05,02,0 05,02,1 05,03,0 06,01,1 06,02,0 07,01,0 H7
02,03,1 03,02,1 03,03,0 03,03,1 04,01,1 04,02,0 04,03,0 G7
01,04,1 02,04,0 02,04,1 03,04,0 03,04,1 04,03,1 04,04,0 L7
02,06,1 03,05,0 03,05,1 03,06,0 04,04,1 04,05,0 04,05,1 X7
02,07,0 02,07,1 02,08,0 02,08,1 03,06,1 03,07,0 04,06,0 T7
10,04,1 11,03,1 11,04,0 11,04,1 11,05,0 11,05,1 11,06,0 P7
08,04,1 08,05,1 09,04,0 09,04,1 09,05,0 10,03,1 10,04,0 Y7
07,05,1 07,06,0 07,06,1 07,07,0 07,07,1 08,05,0 08,07,0 C7
08,06,0 08,06,1 09,05,1 09,06,0 10,05,0 10,05,1 10,06,0 S7
07,09,1 08,08,1 08,09,0 09,07,1 09,08,0 10,06,1 10,07,0 I7
06,08,1 07,08,0 07,08,1 08,07,1 08,08,0 09,06,1 09,07,0 R7
00,05,1 00,06,0 00,06,1 01,05,0 01,05,1 02,05,0 02,05,1 J7
00,07,0 00,07,1 00,08,0 01,06,0 01,06,1 01,07,0 02,06,0 M7
00,08,1 00,09,0 00,09,1 00,10,0 01,07,1 01,08,0 01,08,1 U7
00,10,1 00,11,0 00,11,1 01,09,0 01,09,1 01,10,0 02,09,0 Q7
01,10,1 01,11,0 01,11,1 02,09,1 02,10,0 02,11,0 02,11,1 V7
02,10,1 03,10,0 03,10,1 03,11,0 03,11,1 04,11,0 04,11,1 N7
04,10,0 04,10,1 05,09,1 05,10,0 05,10,1 05,11,0 06,09,0 W7
05,11,1 06,09,1 06,10,0 06,10,1 06,11,0 07,09,0 07,10,0 Z7

            ________________________
           /   /       /       /\   \
          /   /   ____/   ____/  \   \
         /\   \   \      /       /    \
        /  \   \   \____/___    /   ___\
       /   /    \  /        \   \   \   \
      /   /______\/          \___\___\   \
     /\      /   /            \       \   \
    /  \    /   /              \____   \   \
   /    \  /    \              /    \   \   \
  /___   \/___   \            /   ___\   \   \
 /   /    \   \   \          /   /    \  /\  /\
/   /______\   \___\        /   /___   \/  \/  \
\          /       /        \   \   \      /   /
 \________/___    /          \___\   \____/   /
  \           \  /            \       \      /
   \________   \/              \____   \    /
    \       \  /\              /    \  /\  /
     \    ___\/  \            /   ___\/  \/
      \   \       \          /    \      /
       \   \____   \________/   ___\    /
        \  /    \   \      /\  /   /   /
         \/      \___\    /  \/   /   /
          \       \       \       \  /
           \_______\_______\_______\/


solution 2:
09,00,1 09,01,0 10,00,0 10,00,1 10,01,0 10,01,1 11,00,0 A7
10,02,1 11,00,1 11,01,0 11,01,1 11,02,0 11,02,1 11,03,0 E7
09,01,1 09,02,0 09,02,1 09,03,0 09,03,1 10,02,0 10,03,0 F7
07,00,1 07,01,1 08,00,0 08,00,1 08,01,0 08,01,1 09,00,0 B7
05,00,1 05,01,0 05,01,1 06,00,0 06,00,1 06,01,0 07,00,0 D7
04,02,1 05,02,0 05,02,1 05,03,0 06,01,1 06,02,0 07,01,0 H7
02,03,1 03,02,1 03,03,0 03,03,1 04,01,1 04,02,0 04,03,0 G7
01,04,1 02,04,0 02,04,1 03,04,0 03,04,1 04,03,1 04,04,0 L7
02,06,1 03,05,0 03,05,1 03,06,0 04,04,1 04,05,0 04,05,1 X7
02,07,0 02,07,1 02,08,0 02,08,1 03,06,1 03,07,0 04,06,0 T7
10,04,1 11,03,1 11,04,0 11,04,1 11,05,0 11,05,1 11,06,0 P7
08,04,1 08,05,1 09,04,0 09,04,1 09,05,0 10,03,1 10,04,0 Y7
07,05,1 07,06,0 07,06,1 07,07,0 07,07,1 08,05,0 08,07,0 C7
08,06,0 08,06,1 09,05,1 09,06,0 10,05,0 10,05,1 10,06,0 S7
07,09,1 08,08,1 08,09,0 09,07,1 09,08,0 10,06,1 10,07,0 I7
06,08,1 07,08,0 07,08,1 08,07,1 08,08,0 09,06,1 09,07,0 R7
00,05,1 01,05,0 01,05,1 01,06,1 02,05,0 02,05,1 02,06,0 J7
00,06,0 00,06,1 00,07,0 00,07,1 00,08,0 01,06,0 01,07,0 M7
00,08,1 00,09,0 00,09,1 00,10,0 01,07,1 01,08,0 01,08,1 U7
00,10,1 00,11,0 00,11,1 01,09,0 01,09,1 01,10,0 02,09,0 Q7
01,10,1 01,11,0 01,11,1 02,09,1 02,10,0 02,11,0 02,11,1 V7
02,10,1 03,10,0 03,10,1 03,11,0 03,11,1 04,11,0 04,11,1 N7
04,10,0 04,10,1 05,09,1 05,10,0 05,10,1 05,11,0 06,09,0 W7
05,11,1 06,09,1 06,10,0 06,10,1 06,11,0 07,09,0 07,10,0 Z7

            ________________________
           /   /       /       /\   \
          /   /   ____/   ____/  \   \
         /\   \   \      /       /    \
        /  \   \   \____/___    /   ___\
       /   /    \  /        \   \   \   \
      /   /______\/          \___\___\   \
     /\      /   /            \       \   \
    /  \    /   /              \____   \   \
   /    \  /    \              /    \   \   \
  /   ___\/___   \            /   ___\   \   \
 /    \   \   \   \          /   /    \  /\  /\
/______\   \   \___\        /   /___   \/  \/  \
\          /       /        \   \   \      /   /
 \________/___    /          \___\   \____/   /
  \           \  /            \       \      /
   \________   \/              \____   \    /
    \       \  /\              /    \  /\  /
     \    ___\/  \            /   ___\/  \/
      \   \       \          /    \      /
       \   \____   \________/   ___\    /
        \  /    \   \      /\  /   /   /
         \/      \___\    /  \/   /   /
          \       \       \       \  /
           \_______\_______\_______\/


solution 3:
09,00,1 09,01,0 10,00,0 10,00,1 10,01,0 10,01,1 11,00,0 A7
10,02,1 11,00,1 11,01,0 11,01,1 11,02,0 11,02,1 11,03,0 E7
09,01,1 09,02,0 09,02,1 09,03,0 09,03,1 10,02,0 10,03,0 F7
07,00,1 07,01,1 08,00,0 08,00,1 08,01,0 08,01,1 09,00,0 B7
05,00,1 05,01,0 05,01,1 06,00,0 06,00,1 06,01,0 07,00,0 D7
04,02,1 05,02,0 05,02,1 05,03,0 06,01,1 06,02,0 07,01,0 H7
02,03,1 03,02,1 03,03,0 03,03,1 04,01,1 04,02,0 04,03,0 G7
03,06,1 04,03,1 04,04,0 04,04,1 04,05,0 04,05,1 04,06,0 L7
10,04,1 10,05,1 11,03,1 11,04,0 11,04,1 11,05,0 11,05,1 M7
07,05,1 08,04,1 08,05,0 09,04,0 09,04,1 10,03,1 10,04,0 N7
09,05,1 09,06,0 09,06,1 10,05,0 10,06,0 10,06,1 11,06,0 J7
07,06,0 07,06,1 07,07,0 08,05,1 08,06,0 08,06,1 09,05,0 X7
07,09,1 07,10,0 08,08,1 08,09,0 09,07,1 09,08,0 10,07,0 I7
06,08,1 07,07,1 07,08,0 08,07,0 08,07,1 08,08,0 09,07,0 U7
05,09,1 06,09,0 06,09,1 06,10,0 06,10,1 07,08,1 07,09,0 W7
04,11,0 04,11,1 05,10,0 05,10,1 05,11,0 05,11,1 06,11,0 Y7
02,11,0 02,11,1 03,10,1 03,11,0 03,11,1 04,10,0 04,10,1 Z7
01,10,1 02,08,1 02,09,0 02,09,1 02,10,0 02,10,1 03,10,0 T7
00,10,1 00,11,0 00,11,1 01,09,1 01,10,0 01,11,0 01,11,1 V7
00,07,1 00,08,0 00,08,1 00,09,0 00,09,1 00,10,0 01,09,0 P7
02,06,1 02,07,0 02,07,1 03,05,0 03,05,1 03,06,0 03,07,0 S7
01,06,1 01,07,0 01,07,1 01,08,0 01,08,1 02,06,0 02,08,0 C7
00,05,1 01,04,1 01,05,0 02,04,0 02,04,1 03,04,0 03,04,1 R7
00,06,0 00,06,1 00,07,0 01,05,1 01,06,0 02,05,0 02,05,1 Q7

            ________________________
           /       /       /        \
          /   ____/___    /___    ___\
         /\   \       \      /   /   /\
        /  \   \    ___\____/___/   /  \
       /    \  /   /        \       \   \
      /   ___\/   /          \____   \   \
     /   /    \  /            \   \  /\   \
    /   /   ___\/              \   \/  \   \
   /\  /   /    \              /\       \   \
  /  \/   /   ___\            /  \_______\___\
 /    \   \   \   \          /       /        \
/___   \___\   \   \        /___    /   _______\
\   \      /   /   /        \   \   \   \      /
 \   \____/___/   /          \   \___\___\    /
  \          /   /            \       \      /
   \________/   /              \____   \    /
    \       \  /\              /    \  /\  /
     \    ___\/  \            /   ___\/  \/
      \   \       \          /    \      /
       \   \____   \________/   ___\    /
        \  /    \   \      /\  /   /   /
         \/      \___\    /  \/   /   /
          \       \       \       \  /
           \_______\_______\_______\/


solution 4:
09,00,1 09,01,0 10,00,0 10,00,1 10,01,0 10,01,1 11,00,0 A7
10,02,1 11,00,1 11,01,0 11,01,1 11,02,0 11,02,1 11,03,0 E7
09,01,1 09,02,0 09,02,1 09,03,0 09,03,1 10,02,0 10,03,0 F7
07,00,1 07,01,1 08,00,0 08,00,1 08,01,0 08,01,1 09,00,0 B7
05,00,1 05,01,0 05,01,1 06,00,0 06,00,1 06,01,0 07,00,0 D7
04,02,1 05,02,0 05,02,1 05,03,0 06,01,1 06,02,0 07,01,0 H7
02,03,1 03,02,1 03,03,0 03,03,1 04,01,1 04,02,0 04,03,0 G7
03,06,1 04,03,1 04,04,0 04,04,1 04,05,0 04,05,1 04,06,0 L7
10,04,1 10,05,1 11,03,1 11,04,0 11,04,1 11,05,0 11,05,1 M7
07,05,1 08,04,1 08,05,0 09,04,0 09,04,1 10,03,1 10,04,0 N7
09,05,1 09,06,0 09,06,1 10,05,0 10,06,0 10,06,1 11,06,0 J7
07,06,0 07,06,1 07,07,0 08,05,1 08,06,0 08,06,1 09,05,0 X7
07,09,1 07,10,0 08,08,1 08,09,0 09,07,1 09,08,0 10,07,0 I7
06,08,1 07,07,1 07,08,0 08,07,0 08,07,1 08,08,0 09,07,0 U7
05,09,1 06,09,0 06,09,1 06,10,0 06,10,1 07,08,1 07,09,0 W7
04,10,1 04,11,1 05,10,0 05,10,1 05,11,0 05,11,1 06,11,0 Z7
02,11,0 02,11,1 03,10,1 03,11,0 03,11,1 04,10,0 04,11,0 Y7
01,10,1 02,08,1 02,09,0 02,09,1 02,10,0 02,10,1 03,10,0 T7
00,10,1 00,11,0 00,11,1 01,09,1 01,10,0 01,11,0 01,11,1 V7
00,07,1 00,08,0 00,08,1 00,09,0 00,09,1 00,10,0 01,09,0 P7
02,06,1 02,07,0 02,07,1 03,05,0 03,05,1 03,06,0 03,07,0 S7
01,06,1 01,07,0 01,07,1 01,08,0 01,08,1 02,06,0 02,08,0 C7
00,05,1 01,04,1 01,05,0 02,04,0 02,04,1 03,04,0 03,04,1 R7
00,06,0 00,06,1 00,07,0 01,05,1 01,06,0 02,05,0 02,05,1 Q7

            ________________________
           /       /        \       \
          /   ____/___    ___\    ___\
         /\   \       \   \      /   /\
        /  \   \    ___\___\____/   /  \
       /    \  /   /        \       \   \
      /   ___\/   /          \____   \   \
     /   /    \  /            \   \  /\   \
    /   /   ___\/              \   \/  \   \
   /\  /   /    \              /\       \   \
  /  \/   /   ___\            /  \_______\___\
 /    \   \   \   \          /       /        \
/___   \___\   \   \        /___    /   _______\
\   \      /   /   /        \   \   \   \      /
 \   \____/___/   /          \   \___\___\    /
  \          /   /            \       \      /
   \________/   /              \____   \    /
    \       \  /\              /    \  /\  /
     \    ___\/  \            /   ___\/  \/
      \   \       \          /    \      /
       \   \____   \________/   ___\    /
        \  /    \   \      /\  /   /   /
         \/      \___\    /  \/   /   /
          \       \       \       \  /
           \_______\_______\_______\/


solution 5:
09,00,1 09,01,0 10,00,0 10,00,1 10,01,0 10,01,1 11,00,0 A7
10,02,1 11,00,1 11,01,0 11,01,1 11,02,0 11,02,1 11,03,0 E7
09,01,1 09,02,0 09,02,1 09,03,0 09,03,1 10,02,0 10,03,0 F7
07,00,1 07,01,1 08,00,0 08,00,1 08,01,0 08,01,1 09,00,0 B7
05,00,1 05,01,0 05,01,1 06,00,0 06,00,1 06,01,0 07,00,0 D7
04,02,1 05,02,0 05,02,1 05,03,0 06,01,1 06,02,0 07,01,0 H7
02,03,1 03,02,1 03,03,0 03,03,1 04,01,1 04,02,0 04,03,0 G7
03,06,1 04,03,1 04,04,0 04,04,1 04,05,0 04,05,1 04,06,0 L7
09,04,1 10,03,1 10,04,0 10,04,1 11,03,1 11,04,0 11,04,1 M7
07,05,1 07,06,0 08,04,1 08,05,0 08,05,1 09,04,0 09,05,0 Y7
10,05,0 10,05,1 10,06,1 10,07,0 11,05,0 11,05,1 11,06,0 V7
07,06,1 08,06,0 08,06,1 08,07,0 08,07,1 09,05,1 09,06,0 W7
08,08,0 08,08,1 09,06,1 09,07,0 09,07,1 09,08,0 10,06,0 S7
06,08,1 06,09,0 06,09,1 07,07,0 07,07,1 07,08,0 07,08,1 Z7
05,11,1 06,10,1 06,11,0 07,09,0 07,09,1 07,10,0 08,09,0 P7
04,10,0 04,10,1 05,09,1 05,10,0 05,10,1 05,11,0 06,10,0 X7
02,10,1 03,10,0 03,10,1 03,11,0 03,11,1 04,11,0 04,11,1 N7
01,10,0 01,10,1 01,11,0 01,11,1 02,10,0 02,11,0 02,11,1 U7
00,08,1 00,09,0 00,09,1 00,10,0 00,10,1 00,11,0 00,11,1 I7
01,09,1 02,07,1 02,08,0 02,08,1 02,09,0 02,09,1 03,07,0 Q7
00,07,1 00,08,0 01,07,0 01,07,1 01,08,0 01,08,1 01,09,0 J7
00,06,1 00,07,0 01,06,0 01,06,1 02,06,0 02,06,1 02,07,0 C7
00,05,1 00,06,0 01,04,1 01,05,0 01,05,1 02,05,0 02,05,1 T7
02,04,0 02,04,1 03,04,0 03,04,1 03,05,0 03,05,1 03,06,0 R7

            ________________________
           /   /       /       /\   \
          /   /   ____/   ____/  \   \
         /   /    \      /        \   \
        /   /______\____/___    ___\   \
       /   /\      /        \  /   /    \
      /   /  \    /          \/   /______\
     /\  /   /   /            \      /    \
    /  \/   /   /              \    /___   \
   /\      /\   \              /   /   /   /\
  /  \____/  \___\            /___/   /   /  \
 /\          /\   \          /\       \   \   \
/  \________/  \   \        /  \____   \___\   \
\          /   /   /        \       \  /       /
 \    ____/   /   /          \    ___\/_______/
  \  /       /   /            \   \          /
   \/_______/   /              \___\        /
    \       \  /\              /    \  /\  /
     \    ___\/  \            /   ___\/  \/
      \   \       \          /    \      /
       \   \____   \________/   ___\    /
        \  /    \   \      /\  /   /   /
         \/      \___\    /  \/   /   /
          \       \       \       \  /
           \_______\_______\_______\/


solution 6:
09,00,1 09,01,0 10,00,0 10,00,1 10,01,0 10,01,1 11,00,0 A7
10,02,1 11,00,1 11,01,0 11,01,1 11,02,0 11,02,1 11,03,0 E7
09,01,1 09,02,0 09,02,1 09,03,0 09,03,1 10,02,0 10,03,0 F7
07,00,1 07,01,1 08,00,0 08,00,1 08,01,0 08,01,1 09,00,0 B7
05,00,1 05,01,0 05,01,1 06,00,0 06,00,1 06,01,0 07,00,0 D7
04,02,1 05,02,0 05,02,1 05,03,0 06,01,1 06,02,0 07,01,0 H7
02,03,1 03,02,1 03,03,0 03,03,1 04,01,1 04,02,0 04,03,0 G7
03,06,1 04,03,1 04,04,0 04,04,1 04,05,0 04,05,1 04,06,0 L7
09,04,1 10,03,1 10,04,0 10,04,1 11,03,1 11,04,0 11,04,1 M7
07,05,1 07,06,0 08,04,1 08,05,0 08,05,1 09,04,0 09,05,0 Y7
10,05,0 10,05,1 10,06,1 10,07,0 11,05,0 11,05,1 11,06,0 V7
07,06,1 08,06,0 08,06,1 08,07,0 08,07,1 09,05,1 09,06,0 W7
08,08,0 08,08,1 09,06,1 09,07,0 09,07,1 09,08,0 10,06,0 S7
06,08,1 06,09,0 06,09,1 07,07,0 07,07,1 07,08,0 07,08,1 Z7
05,11,1 06,10,1 06,11,0 07,09,0 07,09,1 07,10,0 08,09,0 P7
04,10,0 04,10,1 05,09,1 05,10,0 05,10,1 05,11,0 06,10,0 X7
02,10,1 03,10,0 03,10,1 03,11,0 03,11,1 04,11,0 04,11,1 N7
01,10,0 01,10,1 01,11,0 01,11,1 02,10,0 02,11,0 02,11,1 U7
00,08,1 00,09,0 00,09,1 00,10,0 00,10,1 00,11,0 00,11,1 I7
01,09,1 02,07,1 02,08,0 02,08,1 02,09,0 02,09,1 03,07,0 Q7
00,07,1 00,08,0 01,07,0 01,07,1 01,08,0 01,08,1 01,09,0 J7
00,06,1 00,07,0 01,06,0 01,06,1 02,06,0 02,06,1 02,07,0 C7
01,05,1 02,05,0 02,05,1 03,04,1 03,05,0 03,05,1 03,06,0 T7
00,05,1 00,06,0 01,04,1 01,05,0 02,04,0 02,04,1 03,04,0 R7

            ________________________
           /   /       /       /\   \
          /   /   ____/   ____/  \   \
         /   /    \      /        \   \
        /   /______\____/___    ___\   \
       /   /\      /        \  /   /    \
      /   /  \    /          \/   /______\
     /\  /   /   /            \      /    \
    /  \/   /   /              \    /___   \
   /\      /\   \              /   /   /   /\
  /  \____/  \___\            /___/   /   /  \
 /\          /\   \          /\       \   \   \
/  \________/  \   \        /  \____   \___\   \
\   \          /   /        \       \  /       /
 \   \____    /   /          \    ___\/_______/
  \       \  /   /            \   \          /
   \_______\/   /              \___\        /
    \       \  /\              /    \  /\  /
     \    ___\/  \            /   ___\/  \/
      \   \       \          /    \      /
       \   \____   \________/   ___\    /
        \  /    \   \      /\  /   /   /
         \/      \___\    /  \/   /   /
          \       \       \       \  /
           \_______\_______\_______\/


solution 7:
09,00,1 09,01,0 10,00,0 10,00,1 10,01,0 10,01,1 11,00,0 A7
10,02,1 11,00,1 11,01,0 11,01,1 11,02,0 11,02,1 11,03,0 E7
09,01,1 09,02,0 09,02,1 09,03,0 09,03,1 10,02,0 10,03,0 F7
07,00,1 07,01,1 08,00,0 08,00,1 08,01,0 08,01,1 09,00,0 B7
05,00,1 05,01,0 05,01,1 06,00,0 06,00,1 06,01,0 07,00,0 D7
04,02,1 05,02,0 05,02,1 05,03,0 06,01,1 06,02,0 07,01,0 H7
02,03,1 03,02,1 03,03,0 03,03,1 04,01,1 04,02,0 04,03,0 G7
03,06,1 04,03,1 04,04,0 04,04,1 04,05,0 04,05,1 04,06,0 L7
09,05,1 10,04,1 10,05,0 10,05,1 11,03,1 11,04,0 11,04,1 M7
09,06,0 09,06,1 10,06,0 10,06,1 11,05,0 11,05,1 11,06,0 J7
07,05,1 08,04,1 08,05,0 09,04,0 09,04,1 10,03,1 10,04,0 N7
07,06,0 07,06,1 07,07,0 08,05,1 08,06,0 08,06,1 09,05,0 X7
07,09,1 07,10,0 08,08,1 08,09,0 09,07,1 09,08,0 10,07,0 I7
06,08,1 07,07,1 07,08,0 08,07,0 08,07,1 08,08,0 09,07,0 U7
05,09,1 06,09,0 06,09,1 06,10,0 06,10,1 07,08,1 07,09,0 W7
04,11,0 04,11,1 05,10,0 05,10,1 05,11,0 05,11,1 06,11,0 Y7
02,11,0 02,11,1 03,10,1 03,11,0 03,11,1 04,10,0 04,10,1 Z7
01,10,1 02,08,1 02,09,0 02,09,1 02,10,0 02,10,1 03,10,0 T7
00,10,1 00,11,0 00,11,1 01,09,1 01,10,0 01,11,0 01,11,1 V7
00,07,1 00,08,0 00,08,1 00,09,0 00,09,1 00,10,0 01,09,0 P7
02,06,1 02,07,0 02,07,1 03,05,0 03,05,1 03,06,0 03,07,0 S7
01,06,1 01,07,0 01,07,1 01,08,0 01,08,1 02,06,0 02,08,0 C7
00,05,1 01,04,1 01,05,0 02,04,0 02,04,1 03,04,0 03,04,1 R7
00,06,0 00,06,1 00,07,0 01,05,1 01,06,0 02,05,0 02,05,1 Q7

            ________________________
           /       /       /        \
          /   ____/___    /___    ___\
         /\   \       \      /   /   /\
        /  \   \    ___\____/___/   /  \
       /    \  /   /        \       \   \
      /   ___\/   /          \____   \   \
     /   /    \  /            \   \  /\   \
    /   /   ___\/              \   \/  \   \
   /\  /   /    \              /\       \   \
  /  \/   /   ___\            /  \_______\___\
 /    \   \   \   \          /       /        \
/___   \___\   \   \        /___    /_______   \
\   \      /   /   /        \   \   \      /   /
 \   \____/___/   /          \   \___\    /___/
  \          /   /            \       \      /
   \________/   /              \____   \    /
    \       \  /\              /    \  /\  /
     \    ___\/  \            /   ___\/  \/
      \   \       \          /    \      /
       \   \____   \________/   ___\    /
        \  /    \   \      /\  /   /   /
         \/      \___\    /  \/   /   /
          \       \       \       \  /
           \_______\_______\_______\/


solution 8:
09,00,1 09,01,0 10,00,0 10,00,1 10,01,0 10,01,1 11,00,0 A7
10,02,1 11,00,1 11,01,0 11,01,1 11,02,0 11,02,1 11,03,0 E7
09,01,1 09,02,0 09,02,1 09,03,0 09,03,1 10,02,0 10,03,0 F7
07,00,1 07,01,1 08,00,0 08,00,1 08,01,0 08,01,1 09,00,0 B7
05,00,1 05,01,0 05,01,1 06,00,0 06,00,1 06,01,0 07,00,0 D7
04,02,1 05,02,0 05,02,1 05,03,0 06,01,1 06,02,0 07,01,0 H7
02,03,1 03,02,1 03,03,0 03,03,1 04,01,1 04,02,0 04,03,0 G7
03,06,1 04,03,1 04,04,0 04,04,1 04,05,0 04,05,1 04,06,0 L7
09,05,1 10,04,1 10,05,0 10,05,1 11,03,1 11,04,0 11,04,1 M7
09,06,0 09,06,1 10,06,0 10,06,1 11,05,0 11,05,1 11,06,0 J7
07,05,1 08,04,1 08,05,0 09,04,0 09,04,1 10,03,1 10,04,0 N7
07,06,0 07,06,1 07,07,0 08,05,1 08,06,0 08,06,1 09,05,0 X7
07,09,1 07,10,0 08,08,1 08,09,0 09,07,1 09,08,0 10,07,0 I7
06,08,1 07,07,1 07,08,0 08,07,0 08,07,1 08,08,0 09,07,0 U7
05,09,1 06,09,0 06,09,1 06,10,0 06,10,1 07,08,1 07,09,0 W7
04,10,1 04,11,1 05,10,0 05,10,1 05,11,0 05,11,1 06,11,0 Z7
02,11,0 02,11,1 03,10,1 03,11,0 03,11,1 04,10,0 04,11,0 Y7
01,10,1 02,08,1 02,09,0 02,09,1 02,10,0 02,10,1 03,10,0 T7
00,10,1 00,11,0 00,11,1 01,09,1 01,10,0 01,11,0 01,11,1 V7
00,07,1 00,08,0 00,08,1 00,09,0 00,09,1 00,10,0 01,09,0 P7
02,06,1 02,07,0 02,07,1 03,05,0 03,05,1 03,06,0 03,07,0 S7
01,06,1 01,07,0 01,07,1 01,08,0 01,08,1 02,06,0 02,08,0 C7
00,05,1 01,04,1 01,05,0 02,04,0 02,04,1 03,04,0 03,04,1 R7
00,06,0 00,06,1 00,07,0 01,05,1 01,06,0 02,05,0 02,05,1 Q7

            ________________________
           /       /        \       \
          /   ____/___    ___\    ___\
         /\   \       \   \      /   /\
        /  \   \    ___\___\____/   /  \
       /    \  /   /        \       \   \
      /   ___\/   /          \____   \   \
     /   /    \  /            \   \  /\   \
    /   /   ___\/              \   \/  \   \
   /\  /   /    \              /\       \   \
  /  \/   /   ___\            /  \_______\___\
 /    \   \   \   \          /       /        \
/___   \___\   \   \        /___    /_______   \
\   \      /   /   /        \   \   \      /   /
 \   \____/___/   /          \   \___\    /___/
  \          /   /            \       \      /
   \________/   /              \____   \    /
    \       \  /\              /    \  /\  /
     \    ___\/  \            /   ___\/  \/
      \   \       \          /    \      /
       \   \____   \________/   ___\    /
        \  /    \   \      /\  /   /   /
         \/      \___\    /  \/   /   /
          \       \       \       \  /
           \_______\_______\_______\/


solution 9:
09,00,1 09,01,0 10,00,0 10,00,1 10,01,0 10,01,1 11,00,0 A7
10,02,1 11,00,1 11,01,0 11,01,1 11,02,0 11,02,1 11,03,0 E7
09,01,1 09,02,0 09,02,1 09,03,0 09,03,1 10,02,0 10,03,0 F7
07,00,1 07,01,1 08,00,0 08,00,1 08,01,0 08,01,1 09,00,0 B7
05,00,1 05,01,0 05,01,1 06,00,0 06,00,1 06,01,0 07,00,0 D7
04,02,1 05,02,0 05,02,1 05,03,0 06,01,1 06,02,0 07,01,0 H7
02,03,1 03,02,1 03,03,0 03,03,1 04,01,1 04,02,0 04,03,0 G7
03,06,1 04,03,1 04,04,0 04,04,1 04,05,0 04,05,1 04,06,0 L7
10,04,1 11,03,1 11,04,0 11,04,1 11,05,0 11,05,1 11,06,0 P7
07,05,1 08,04,1 08,05,0 09,04,0 09,04,1 10,03,1 10,04,0 N7
07,06,0 07,06,1 07,07,0 07,07,1 08,05,1 08,06,0 09,05,0 T7
08,06,1 09,05,1 09,06,0 10,05,0 10,05,1 10,06,0 10,06,1 V7
08,07,0 08,07,1 09,06,1 09,07,0 09,07,1 09,08,0 10,07,0 X7
06,08,1 07,08,0 07,08,1 07,09,1 08,08,0 08,08,1 08,09,0 J7
05,11,1 06,09,1 06,10,0 06,10,1 06,11,0 07,09,0 07,10,0 Z7
04,10,0 04,10,1 05,09,1 05,10,0 05,10,1 05,11,0 06,09,0 W7
01,11,1 02,11,0 02,11,1 03,11,0 03,11,1 04,11,0 04,11,1 I7
00,11,1 01,10,1 01,11,0 02,10,0 02,10,1 03,10,0 03,10,1 R7
00,09,0 00,09,1 00,10,0 00,10,1 00,11,0 01,09,0 01,10,0 M7
01,09,1 02,07,1 02,08,0 02,08,1 02,09,0 02,09,1 03,07,0 Q7
00,07,0 00,07,1 00,08,0 00,08,1 01,07,0 01,08,0 01,08,1 U7
01,05,1 01,06,0 01,06,1 01,07,1 02,06,0 02,06,1 02,07,0 S7
00,05,1 00,06,0 00,06,1 01,04,1 01,05,0 02,04,0 02,04,1 C7
02,05,0 02,05,1 03,04,0 03,04,1 03,05,0 03,05,1 03,06,0 Y7

            ________________________
           /\   \              /\   \
          /  \   \____________/  \   \
         /    \          /       /    \
        /   ___\________/___    /   ___\
       /    \      /        \   \   \   \
      /______\    /          \___\___\   \
     /       /   /            \          /\
    /   ____/   /              \________/  \
   /    \   \   \              /   /        \
  /______\   \___\            /   /___    ___\
 /   /       /\   \          /    \   \  /   /\
/   /   ____/  \   \        /___   \   \/   /  \
\   \  /       /   /        \   \   \      /   /
 \   \/___    /   /          \   \___\____/   /
  \      /   /   /            \       \      /
   \____/___/   /              \____   \    /
    \       \  /\              /    \  /\  /
     \    ___\/  \            /   ___\/  \/
      \   \       \          /    \      /
       \   \____   \________/   ___\    /
        \  /    \   \      /\  /   /   /
         \/      \___\    /  \/   /   /
          \       \       \       \  /
           \_______\_______\_______\/


solution 10:
09,00,1 09,01,0 10,00,0 10,00,1 10,01,0 10,01,1 11,00,0 A7
10,02,1 11,00,1 11,01,0 11,01,1 11,02,0 11,02,1 11,03,0 E7
09,01,1 09,02,0 09,02,1 09,03,0 09,03,1 10,02,0 10,03,0 F7
07,00,1 07,01,1 08,00,0 08,00,1 08,01,0 08,01,1 09,00,0 B7
05,00,1 05,01,0 05,01,1 06,00,0 06,00,1 06,01,0 07,00,0 D7
04,02,1 05,02,0 05,02,1 05,03,0 06,01,1 06,02,0 07,01,0 H7
02,03,1 03,02,1 03,03,0 03,03,1 04,01,1 04,02,0 04,03,0 G7
03,06,1 04,03,1 04,04,0 04,04,1 04,05,0 04,05,1 04,06,0 L7
10,04,1 11,03,1 11,04,0 11,04,1 11,05,0 11,05,1 11,06,0 P7
07,05,1 08,04,1 08,05,0 09,04,0 09,04,1 10,03,1 10,04,0 N7
07,06,0 07,06,1 07,07,0 07,07,1 08,05,1 08,06,0 09,05,0 T7
08,06,1 09,05,1 09,06,0 10,05,0 10,05,1 10,06,0 10,06,1 V7
08,07,0 08,07,1 09,06,1 09,07,0 09,07,1 09,08,0 10,07,0 X7
06,08,1 07,08,0 07,08,1 07,09,1 08,08,0 08,08,1 08,09,0 J7
05,11,1 06,09,1 06,10,0 06,10,1 06,11,0 07,09,0 07,10,0 Z7
04,10,0 04,10,1 05,09,1 05,10,0 05,10,1 05,11,0 06,09,0 W7
01,11,1 02,11,0 02,11,1 03,11,0 03,11,1 04,11,0 04,11,1 I7
00,11,1 01,10,1 01,11,0 02,10,0 02,10,1 03,10,0 03,10,1 R7
00,09,0 00,09,1 00,10,0 00,10,1 00,11,0 01,09,0 01,10,0 M7
01,09,1 02,07,1 02,08,0 02,08,1 02,09,0 02,09,1 03,07,0 Q7
00,07,0 00,07,1 00,08,0 00,08,1 01,07,0 01,08,0 01,08,1 U7
01,06,1 01,07,1 02,06,0 02,06,1 02,07,0 03,05,1 03,06,0 Y7
01,04,1 01,05,0 02,04,0 02,04,1 03,04,0 03,04,1 03,05,0 C7
00,05,1 00,06,0 00,06,1 01,05,1 01,06,0 02,05,0 02,05,1 S7

            ________________________
           /\   \              /\   \
          /  \   \____________/  \   \
         /    \          /       /    \
        /   ___\________/___    /   ___\
       /    \      /        \   \   \   \
      /______\    /          \___\___\   \
     /       /   /            \          /\
    /   ____/   /              \________/  \
   /    \   \   \              /   /        \
  /______\   \___\            /   /___    ___\
 /    \       \   \          /    \   \  /   /\
/      \____   \   \        /___   \   \/   /  \
\  /\      /\  /   /        \   \   \      /   /
 \/  \____/  \/   /          \   \___\____/   /
  \          /   /            \       \      /
   \________/   /              \____   \    /
    \       \  /\              /    \  /\  /
     \    ___\/  \            /   ___\/  \/
      \   \       \          /    \      /
       \   \____   \________/   ___\    /
        \  /    \   \      /\  /   /   /
         \/      \___\    /  \/   /   /
          \       \       \       \  /
           \_______\_______\_______\/


solution 11:
09,00,1 09,01,0 10,00,0 10,00,1 10,01,0 10,01,1 11,00,0 A7
10,02,1 11,00,1 11,01,0 11,01,1 11,02,0 11,02,1 11,03,0 E7
09,01,1 09,02,0 09,02,1 09,03,0 09,03,1 10,02,0 10,03,0 F7
07,00,1 07,01,1 08,00,0 08,00,1 08,01,0 08,01,1 09,00,0 B7
05,00,1 05,01,0 05,01,1 06,00,0 06,00,1 06,01,0 07,00,0 D7
04,02,1 05,02,0 05,02,1 05,03,0 06,01,1 06,02,0 07,01,0 H7
02,03,1 03,02,1 03,03,0 03,03,1 04,01,1 04,02,0 04,03,0 G7
03,06,1 04,03,1 04,04,0 04,04,1 04,05,0 04,05,1 04,06,0 L7
10,04,1 11,03,1 11,04,0 11,04,1 11,05,0 11,05,1 11,06,0 P7
07,05,1 08,04,1 08,05,0 09,04,0 09,04,1 10,03,1 10,04,0 N7
07,06,0 07,06,1 07,07,0 07,07,1 08,05,1 08,06,0 09,05,0 T7
08,06,1 09,05,1 09,06,0 10,05,0 10,05,1 10,06,0 10,06,1 V7
08,07,0 08,07,1 09,06,1 09,07,0 09,07,1 09,08,0 10,07,0 X7
06,08,1 07,08,0 07,08,1 07,09,1 08,08,0 08,08,1 08,09,0 J7
05,11,1 06,09,1 06,10,0 06,10,1 06,11,0 07,09,0 07,10,0 Z7
04,10,0 04,10,1 05,09,1 05,10,0 05,10,1 05,11,0 06,09,0 W7
01,11,1 02,11,0 02,11,1 03,11,0 03,11,1 04,11,0 04,11,1 I7
00,11,1 01,10,1 01,11,0 02,10,0 02,10,1 03,10,0 03,10,1 R7
00,09,0 00,09,1 00,10,0 00,10,1 00,11,0 01,09,0 01,10,0 M7
01,09,1 02,07,1 02,08,0 02,08,1 02,09,0 02,09,1 03,07,0 Q7
00,07,0 00,07,1 00,08,0 00,08,1 01,07,0 01,08,0 01,08,1 U7
01,06,1 01,07,1 02,06,0 02,06,1 02,07,0 03,05,1 03,06,0 Y7
00,05,1 00,06,0 00,06,1 01,04,1 01,05,0 02,04,0 02,04,1 C7
01,05,1 01,06,0 02,05,0 02,05,1 03,04,0 03,04,1 03,05,0 S7

            ________________________
           /\   \              /\   \
          /  \   \____________/  \   \
         /    \          /       /    \
        /   ___\________/___    /   ___\
       /    \      /        \   \   \   \
      /______\    /          \___\___\   \
     /       /   /            \          /\
    /   ____/   /              \________/  \
   /    \   \   \              /   /        \
  /______\   \___\            /   /___    ___\
 /   /\       \   \          /    \   \  /   /\
/   /  \____   \   \        /___   \   \/   /  \
\   \       \  /   /        \   \   \      /   /
 \   \____   \/   /          \   \___\____/   /
  \      /   /   /            \       \      /
   \____/___/   /              \____   \    /
    \       \  /\              /    \  /\  /
     \    ___\/  \            /   ___\/  \/
      \   \       \          /    \      /
       \   \____   \________/   ___\    /
        \  /    \   \      /\  /   /   /
         \/      \___\    /  \/   /   /
          \       \       \       \  /
           \_______\_______\_______\/


solution 12:
09,00,1 09,01,0 10,00,0 10,00,1 10,01,0 10,01,1 11,00,0 A7
10,02,1 11,00,1 11,01,0 11,01,1 11,02,0 11,02,1 11,03,0 E7
09,01,1 09,02,0 09,02,1 09,03,0 09,03,1 10,02,0 10,03,0 F7
07,00,1 07,01,1 08,00,0 08,00,1 08,01,0 08,01,1 09,00,0 B7
05,00,1 05,01,0 05,01,1 06,00,0 06,00,1 06,01,0 07,00,0 D7
04,02,1 05,02,0 05,02,1 05,03,0 06,01,1 06,02,0 07,01,0 H7
02,03,1 03,02,1 03,03,0 03,03,1 04,01,1 04,02,0 04,03,0 G7
03,06,1 04,03,1 04,04,0 04,04,1 04,05,0 04,05,1 04,06,0 L7
10,04,1 11,03,1 11,04,0 11,04,1 11,05,0 11,05,1 11,06,0 P7
07,05,1 08,04,1 08,05,0 09,04,0 09,04,1 10,03,1 10,04,0 N7
07,06,0 07,06,1 07,07,0 07,07,1 08,05,1 08,06,0 09,05,0 T7
08,06,1 09,05,1 09,06,0 10,05,0 10,05,1 10,06,0 10,06,1 V7
08,07,0 08,07,1 09,06,1 09,07,0 09,07,1 09,08,0 10,07,0 X7
06,08,1 07,08,0 07,08,1 07,09,1 08,08,0 08,08,1 08,09,0 J7
05,11,1 06,09,1 06,10,0 06,10,1 06,11,0 07,09,0 07,10,0 Z7
04,10,0 04,10,1 05,09,1 05,10,0 05,10,1 05,11,0 06,09,0 W7
01,11,1 02,11,0 02,11,1 03,11,0 03,11,1 04,11,0 04,11,1 I7
00,11,1 01,10,1 01,11,0 02,10,0 02,10,1 03,10,0 03,10,1 R7
00,09,1 00,10,0 00,10,1 00,11,0 01,08,1 01,09,0 01,10,0 U7
01,09,1 02,07,1 02,08,0 02,08,1 02,09,0 02,09,1 03,07,0 Q7
00,07,0 00,07,1 00,08,0 00,08,1 00,09,0 01,07,0 01,08,0 M7
01,05,1 01,06,0 01,06,1 01,07,1 02,06,0 02,06,1 02,07,0 S7
00,05,1 00,06,0 00,06,1 01,04,1 01,05,0 02,04,0 02,04,1 C7
02,05,0 02,05,1 03,04,0 03,04,1 03,05,0 03,05,1 03,06,0 Y7

            ________________________
           /\   \              /\   \
          /  \   \____________/  \   \
         /    \          /       /    \
        /   ___\________/___    /   ___\
       /\   \      /        \   \   \   \
      /  \   \    /          \___\___\   \
     /    \  /   /            \          /\
    /   ___\/   /              \________/  \
   /    \   \   \              /   /        \
  /______\   \___\            /   /___    ___\
 /   /       /\   \          /    \   \  /   /\
/   /   ____/  \   \        /___   \   \/   /  \
\   \  /       /   /        \   \   \      /   /
 \   \/___    /   /          \   \___\____/   /
  \      /   /   /            \       \      /
   \____/___/   /              \____   \    /
    \       \  /\              /    \  /\  /
     \    ___\/  \            /   ___\/  \/
      \   \       \          /    \      /
       \   \____   \________/   ___\    /
        \  /    \   \      /\  /   /   /
         \/      \___\    /  \/   /   /
          \       \       \       \  /
           \_______\_______\_______\/


solution 13:
09,00,1 09,01,0 10,00,0 10,00,1 10,01,0 10,01,1 11,00,0 A7
10,02,1 11,00,1 11,01,0 11,01,1 11,02,0 11,02,1 11,03,0 E7
09,01,1 09,02,0 09,02,1 09,03,0 09,03,1 10,02,0 10,03,0 F7
07,00,1 07,01,1 08,00,0 08,00,1 08,01,0 08,01,1 09,00,0 B7
05,00,1 05,01,0 05,01,1 06,00,0 06,00,1 06,01,0 07,00,0 D7
04,02,1 05,02,0 05,02,1 05,03,0 06,01,1 06,02,0 07,01,0 H7
02,03,1 03,02,1 03,03,0 03,03,1 04,01,1 04,02,0 04,03,0 G7
03,06,1 04,03,1 04,04,0 04,04,1 04,05,0 04,05,1 04,06,0 L7
10,04,1 11,03,1 11,04,0 11,04,1 11,05,0 11,05,1 11,06,0 P7
07,05,1 08,04,1 08,05,0 09,04,0 09,04,1 10,03,1 10,04,0 N7
07,06,0 07,06,1 07,07,0 07,07,1 08,05,1 08,06,0 09,05,0 T7
08,06,1 09,05,1 09,06,0 10,05,0 10,05,1 10,06,0 10,06,1 V7
08,07,0 08,07,1 09,06,1 09,07,0 09,07,1 09,08,0 10,07,0 X7
06,08,1 07,08,0 07,08,1 07,09,1 08,08,0 08,08,1 08,09,0 J7
05,11,1 06,09,1 06,10,0 06,10,1 06,11,0 07,09,0 07,10,0 Z7
04,10,0 04,10,1 05,09,1 05,10,0 05,10,1 05,11,0 06,09,0 W7
01,11,1 02,11,0 02,11,1 03,11,0 03,11,1 04,11,0 04,11,1 I7
00,11,1 01,10,1 01,11,0 02,10,0 02,10,1 03,10,0 03,10,1 R7
00,09,1 00,10,0 00,10,1 00,11,0 01,08,1 01,09,0 01,10,0 U7
01,09,1 02,07,1 02,08,0 02,08,1 02,09,0 02,09,1 03,07,0 Q7
00,07,0 00,07,1 00,08,0 00,08,1 00,09,0 01,07,0 01,08,0 M7
01,06,1 01,07,1 02,06,0 02,06,1 02,07,0 03,05,1 03,06,0 Y7
01,04,1 01,05,0 02,04,0 02,04,1 03,04,0 03,04,1 03,05,0 C7
00,05,1 00,06,0 00,06,1 01,05,1 01,06,0 02,05,0 02,05,1 S7

            ________________________
           /\   \              /\   \
          /  \   \____________/  \   \
         /    \          /       /    \
        /   ___\________/___    /   ___\
       /\   \      /        \   \   \   \
      /  \   \    /          \___\___\   \
     /    \  /   /            \          /\
    /   ___\/   /              \________/  \
   /    \   \   \              /   /        \
  /______\   \___\            /   /___    ___\
 /    \       \   \          /    \   \  /   /\
/      \____   \   \        /___   \   \/   /  \
\  /\      /\  /   /        \   \   \      /   /
 \/  \____/  \/   /          \   \___\____/   /
  \          /   /            \       \      /
   \________/   /              \____   \    /
    \       \  /\              /    \  /\  /
     \    ___\/  \            /   ___\/  \/
      \   \       \          /    \      /
       \   \____   \________/   ___\    /
        \  /    \   \      /\  /   /   /
         \/      \___\    /  \/   /   /
          \       \       \       \  /
           \_______\_______\_______\/


solution 14:
09,00,1 09,01,0 10,00,0 10,00,1 10,01,0 10,01,1 11,00,0 A7
10,02,1 11,00,1 11,01,0 11,01,1 11,02,0 11,02,1 11,03,0 E7
09,01,1 09,02,0 09,02,1 09,03,0 09,03,1 10,02,0 10,03,0 F7
07,00,1 07,01,1 08,00,0 08,00,1 08,01,0 08,01,1 09,00,0 B7
05,00,1 05,01,0 05,01,1 06,00,0 06,00,1 06,01,0 07,00,0 D7
04,02,1 05,02,0 05,02,1 05,03,0 06,01,1 06,02,0 07,01,0 H7
02,03,1 03,02,1 03,03,0 03,03,1 04,01,1 04,02,0 04,03,0 G7
03,06,1 04,03,1 04,04,0 04,04,1 04,05,0 04,05,1 04,06,0 L7
10,04,1 11,03,1 11,04,0 11,04,1 11,05,0 11,05,1 11,06,0 P7
07,05,1 08,04,1 08,05,0 09,04,0 09,04,1 10,03,1 10,04,0 N7
07,06,0 07,06,1 07,07,0 07,07,1 08,05,1 08,06,0 09,05,0 T7
08,06,1 09,05,1 09,06,0 10,05,0 10,05,1 10,06,0 10,06,1 V7
08,07,0 08,07,1 09,06,1 09,07,0 09,07,1 09,08,0 10,07,0 X7
06,08,1 07,08,0 07,08,1 07,09,1 08,08,0 08,08,1 08,09,0 J7
05,11,1 06,09,1 06,10,0 06,10,1 06,11,0 07,09,0 07,10,0 Z7
04,10,0 04,10,1 05,09,1 05,10,0 05,10,1 05,11,0 06,09,0 W7
01,11,1 02,11,0 02,11,1 03,11,0 03,11,1 04,11,0 04,11,1 I7
00,11,1 01,10,1 01,11,0 02,10,0 02,10,1 03,10,0 03,10,1 R7
00,09,1 00,10,0 00,10,1 00,11,0 01,08,1 01,09,0 01,10,0 U7
01,09,1 02,07,1 02,08,0 02,08,1 02,09,0 02,09,1 03,07,0 Q7
00,07,0 00,07,1 00,08,0 00,08,1 00,09,0 01,07,0 01,08,0 M7
01,06,1 01,07,1 02,06,0 02,06,1 02,07,0 03,05,1 03,06,0 Y7
00,05,1 00,06,0 00,06,1 01,04,1 01,05,0 02,04,0 02,04,1 C7
01,05,1 01,06,0 02,05,0 02,05,1 03,04,0 03,04,1 03,05,0 S7

            ________________________
           /\   \              /\   \
          /  \   \____________/  \   \
         /    \          /       /    \
        /   ___\________/___    /   ___\
       /\   \      /        \   \   \   \
      /  \   \    /          \___\___\   \
     /    \  /   /            \          /\
    /   ___\/   /              \________/  \
   /    \   \   \              /   /        \
  /______\   \___\            /   /___    ___\
 /   /\       \   \          /    \   \  /   /\
/   /  \____   \   \        /___   \   \/   /  \
\   \       \  /   /        \   \   \      /   /
 \   \____   \/   /          \   \___\____/   /
  \      /   /   /            \       \      /
   \____/___/   /              \____   \    /
    \       \  /\              /    \  /\  /
     \    ___\/  \            /   ___\/  \/
      \   \       \          /    \      /
       \   \____   \________/   ___\    /
        \  /    \   \      /\  /   /   /
         \/      \___\    /  \/   /   /
          \       \       \       \  /
           \_______\_______\_______\/


solution 15:
09,00,1 09,01,0 10,00,0 10,00,1 10,01,0 10,01,1 11,00,0 A7
10,02,1 11,00,1 11,01,0 11,01,1 11,02,0 11,02,1 11,03,0 E7
09,01,1 09,02,0 09,02,1 09,03,0 09,03,1 10,02,0 10,03,0 F7
07,00,1 07,01,1 08,00,0 08,00,1 08,01,0 08,01,1 09,00,0 B7
05,00,1 05,01,0 05,01,1 06,00,0 06,00,1 06,01,0 07,00,0 D7
04,02,1 05,02,0 05,02,1 05,03,0 06,01,1 06,02,0 07,01,0 H7
02,03,1 03,02,1 03,03,0 03,03,1 04,01,1 04,02,0 04,03,0 G7
03,06,1 04,03,1 04,04,0 04,04,1 04,05,0 04,05,1 04,06,0 L7
10,04,1 11,03,1 11,04,0 11,04,1 11,05,0 11,05,1 11,06,0 P7
07,05,1 08,04,1 08,05,0 09,04,0 09,04,1 10,03,1 10,04,0 N7
07,06,0 07,06,1 07,07,0 07,07,1 08,05,1 08,06,0 09,05,0 T7
08,06,1 09,05,1 09,06,0 10,05,0 10,05,1 10,06,0 10,06,1 V7
08,07,0 08,07,1 09,06,1 09,07,0 09,07,1 09,08,0 10,07,0 X7
06,08,1 07,08,0 07,08,1 07,09,1 08,08,0 08,08,1 08,09,0 J7
05,11,1 06,09,1 06,10,0 06,10,1 06,11,0 07,09,0 07,10,0 Z7
04,10,0 04,10,1 05,09,1 05,10,0 05,10,1 05,11,0 06,09,0 W7
01,11,1 02,11,0 02,11,1 03,11,0 03,11,1 04,11,0 04,11,1 I7
00,11,1 01,10,1 01,11,0 02,10,0 02,10,1 03,10,0 03,10,1 R7
00,09,1 00,10,0 00,10,1 00,11,0 01,08,1 01,09,0 01,10,0 U7
01,09,1 02,07,1 02,08,0 02,08,1 02,09,0 02,09,1 03,07,0 Q7
00,08,0 00,08,1 00,09,0 01,07,0 01,07,1 01,08,0 02,07,0 M7
00,06,1 00,07,0 00,07,1 01,06,0 01,06,1 02,05,1 02,06,0 S7
00,05,1 00,06,0 01,04,1 01,05,0 01,05,1 02,04,0 02,05,0 Y7
02,04,1 02,06,1 03,04,0 03,04,1 03,05,0 03,05,1 03,06,0 C7

            ________________________
           /\   \              /\   \
          /  \   \____________/  \   \
         /    \          /       /    \
        /   ___\________/___    /   ___\
       /\   \      /        \   \   \   \
      /  \   \    /          \___\___\   \
     /    \  /   /            \          /\
    /___   \/   /              \________/  \
   /   /    \   \              /   /        \
  /   /______\___\            /   /___    ___\
 /\       \   \   \          /    \   \  /   /\
/  \____   \   \   \        /___   \   \/   /  \
\       \  /   /   /        \   \   \      /   /
 \    ___\/   /   /          \   \___\____/   /
  \   \      /   /            \       \      /
   \___\____/   /              \____   \    /
    \       \  /\              /    \  /\  /
     \    ___\/  \            /   ___\/  \/
      \   \       \          /    \      /
       \   \____   \________/   ___\    /
        \  /    \   \      /\  /   /   /
         \/      \___\    /  \/   /   /
          \       \       \       \  /
           \_______\_______\_______\/


solution 16:
09,00,1 09,01,0 10,00,0 10,00,1 10,01,0 10,01,1 11,00,0 A7
10,02,1 11,00,1 11,01,0 11,01,1 11,02,0 11,02,1 11,03,0 E7
09,01,1 09,02,0 09,02,1 09,03,0 09,03,1 10,02,0 10,03,0 F7
07,00,1 07,01,1 08,00,0 08,00,1 08,01,0 08,01,1 09,00,0 B7
05,00,1 05,01,0 05,01,1 06,00,0 06,00,1 06,01,0 07,00,0 D7
04,02,1 05,02,0 05,02,1 05,03,0 06,01,1 06,02,0 07,01,0 H7
02,03,1 03,02,1 03,03,0 03,03,1 04,01,1 04,02,0 04,03,0 G7
03,06,1 04,03,1 04,04,0 04,04,1 04,05,0 04,05,1 04,06,0 L7
10,04,1 11,03,1 11,04,0 11,04,1 11,05,0 11,05,1 11,06,0 P7
07,05,1 08,04,1 08,05,0 09,04,0 09,04,1 10,03,1 10,04,0 N7
07,06,0 07,06,1 07,07,0 07,07,1 08,05,1 08,06,0 09,05,0 T7
08,06,1 09,05,1 09,06,0 10,05,0 10,05,1 10,06,0 10,06,1 V7
08,07,0 08,07,1 09,06,1 09,07,0 09,07,1 09,08,0 10,07,0 X7
06,08,1 07,08,0 07,08,1 07,09,1 08,08,0 08,08,1 08,09,0 J7
05,11,1 06,09,1 06,10,0 06,10,1 06,11,0 07,09,0 07,10,0 Z7
04,10,0 04,10,1 05,09,1 05,10,0 05,10,1 05,11,0 06,09,0 W7
01,11,1 02,11,0 02,11,1 03,11,0 03,11,1 04,11,0 04,11,1 I7
00,11,1 01,10,1 01,11,0 02,10,0 02,10,1 03,10,0 03,10,1 R7
00,09,1 00,10,0 00,10,1 00,11,0 01,08,1 01,09,0 01,10,0 U7
01,09,1 02,07,1 02,08,0 02,08,1 02,09,0 02,09,1 03,07,0 Q7
00,08,0 00,08,1 00,09,0 01,07,0 01,07,1 01,08,0 02,07,0 M7
00,05,1 00,06,0 00,06,1 00,07,0 00,07,1 01,06,0 01,06,1 Y7
01,04,1 01,05,0 02,04,0 02,04,1 03,04,0 03,04,1 03,05,0 C7
01,05,1 02,05,0 02,05,1 02,06,0 02,06,1 03,05,1 03,06,0 S7

            ________________________
           /\   \              /\   \
          /  \   \____________/  \   \
         /    \          /       /    \
        /   ___\________/___    /   ___\
       /\   \      /        \   \   \   \
      /  \   \    /          \___\___\   \
     /    \  /   /            \          /\
    /___   \/   /              \________/  \
   /   /    \   \              /   /        \
  /   /______\___\            /   /___    ___\
 /       /    \   \          /    \   \  /   /\
/   ____/      \   \        /___   \   \/   /  \
\  /\      /\  /   /        \   \   \      /   /
 \/  \____/  \/   /          \   \___\____/   /
  \          /   /            \       \      /
   \________/   /              \____   \    /
    \       \  /\              /    \  /\  /
     \    ___\/  \            /   ___\/  \/
      \   \       \          /    \      /
       \   \____   \________/   ___\    /
        \  /    \   \      /\  /   /   /
         \/      \___\    /  \/   /   /
          \       \       \       \  /
           \_______\_______\_______\/


solution 17:
09,00,1 09,01,0 10,00,0 10,00,1 10,01,0 10,01,1 11,00,0 A7
10,02,1 11,00,1 11,01,0 11,01,1 11,02,0 11,02,1 11,03,0 E7
09,01,1 09,02,0 09,02,1 09,03,0 09,03,1 10,02,0 10,03,0 F7
07,00,1 07,01,1 08,00,0 08,00,1 08,01,0 08,01,1 09,00,0 B7
05,00,1 05,01,0 05,01,1 06,00,0 06,00,1 06,01,0 07,00,0 D7
04,02,1 05,02,0 05,02,1 05,03,0 06,01,1 06,02,0 07,01,0 H7
02,03,1 03,02,1 03,03,0 03,03,1 04,01,1 04,02,0 04,03,0 G7
03,06,1 04,03,1 04,04,0 04,04,1 04,05,0 04,05,1 04,06,0 L7
10,04,1 11,03,1 11,04,0 11,04,1 11,05,0 11,05,1 11,06,0 P7
07,05,1 08,04,1 08,05,0 09,04,0 09,04,1 10,03,1 10,04,0 N7
07,06,0 07,06,1 07,07,0 07,07,1 08,05,1 08,06,0 09,05,0 T7
08,06,1 09,05,1 09,06,0 10,05,0 10,05,1 10,06,0 10,06,1 V7
08,07,0 08,07,1 09,06,1 09,07,0 09,07,1 09,08,0 10,07,0 X7
06,08,1 07,08,0 07,08,1 07,09,1 08,08,0 08,08,1 08,09,0 J7
05,11,1 06,09,1 06,10,0 06,10,1 06,11,0 07,09,0 07,10,0 Z7
04,10,0 04,10,1 05,09,1 05,10,0 05,10,1 05,11,0 06,09,0 W7
01,11,1 02,11,0 02,11,1 03,11,0 03,11,1 04,11,0 04,11,1 I7
00,11,1 01,10,1 01,11,0 02,10,0 02,10,1 03,10,0 03,10,1 R7
00,09,1 00,10,0 00,10,1 00,11,0 01,08,1 01,09,0 01,10,0 U7
01,09,1 02,07,1 02,08,0 02,08,1 02,09,0 02,09,1 03,07,0 Q7
00,08,0 00,08,1 00,09,0 01,07,0 01,07,1 01,08,0 02,07,0 M7
00,05,1 00,06,0 00,06,1 00,07,0 00,07,1 01,06,0 01,06,1 Y7
02,04,1 02,06,1 03,04,0 03,04,1 03,05,0 03,05,1 03,06,0 C7
01,04,1 01,05,0 01,05,1 02,04,0 02,05,0 02,05,1 02,06,0 S7

            ________________________
           /\   \              /\   \
          /  \   \____________/  \   \
         /    \          /       /    \
        /   ___\________/___    /   ___\
       /\   \      /        \   \   \   \
      /  \   \    /          \___\___\   \
     /    \  /   /            \          /\
    /___   \/   /              \________/  \
   /   /    \   \              /   /        \
  /   /______\___\            /   /___    ___\
 /       /\   \   \          /    \   \  /   /\
/   ____/  \   \   \        /___   \   \/   /  \
\  /       /   /   /        \   \   \      /   /
 \/   ____/   /   /          \   \___\____/   /
  \   \      /   /            \       \      /
   \___\____/   /              \____   \    /
    \       \  /\              /    \  /\  /
     \    ___\/  \            /   ___\/  \/
      \   \       \          /    \      /
       \   \____   \________/   ___\    /
        \  /    \   \      /\  /   /   /
         \/      \___\    /  \/   /   /
          \       \       \       \  /
           \_______\_______\_______\/


solution 18:
09,00,1 09,01,0 10,00,0 10,00,1 10,01,0 10,01,1 11,00,0 A7
10,02,1 11,00,1 11,01,0 11,01,1 11,02,0 11,02,1 11,03,0 E7
09,01,1 09,02,0 09,02,1 09,03,0 09,03,1 10,02,0 10,03,0 F7
07,00,1 07,01,1 08,00,0 08,00,1 08,01,0 08,01,1 09,00,0 B7
05,00,1 05,01,0 05,01,1 06,00,0 06,00,1 06,01,0 07,00,0 D7
04,02,1 05,02,0 05,02,1 05,03,0 06,01,1 06,02,0 07,01,0 H7
02,03,1 03,02,1 03,03,0 03,03,1 04,01,1 04,02,0 04,03,0 G7
03,06,1 04,03,1 04,04,0 04,04,1 04,05,0 04,05,1 04,06,0 L7
10,04,1 11,03,1 11,04,0 11,04,1 11,05,0 11,05,1 11,06,0 P7
08,04,1 09,04,0 09,04,1 09,05,0 09,05,1 10,03,1 10,04,0 W7
09,06,0 09,06,1 10,05,0 10,05,1 10,06,0 10,06,1 10,07,0 Y7
07,05,1 07,06,0 07,06,1 07,07,0 07,07,1 08,05,0 08,05,1 J7
08,06,0 08,06,1 08,07,0 08,07,1 09,07,0 09,07,1 09,08,0 N7
06,08,1 06,09,0 07,08,0 07,08,1 08,08,0 08,08,1 08,09,0 C7
05,09,1 05,10,0 05,10,1 06,09,1 06,10,0 07,09,0 07,09,1 S7
04,11,0 04,11,1 05,11,0 05,11,1 06,10,1 06,11,0 07,10,0 R7
02,11,0 02,11,1 03,10,1 03,11,0 03,11,1 04,10,0 04,10,1 Z7
00,11,1 01,10,1 01,11,0 01,11,1 02,10,0 02,10,1 03,10,0 U7
00,09,0 00,09,1 00,10,0 00,10,1 00,11,0 01,09,0 01,10,0 M7
01,09,1 02,07,1 02,08,0 02,08,1 02,09,0 02,09,1 03,07,0 Q7
01,07,0 01,07,1 01,08,0 01,08,1 02,06,1 02,07,0 03,06,0 T7
00,05,1 00,06,0 00,06,1 00,07,0 00,07,1 00,08,0 00,08,1 I7
01,04,1 01,05,0 01,05,1 01,06,0 02,04,0 02,04,1 03,04,0 V7
01,06,1 02,05,0 02,05,1 02,06,0 03,04,1 03,05,0 03,05,1 X7

            ________________________
           /\      /       /        \
          /  \    /___    /_______   \
         /    \       \      /    \   \
        /   ___\_______\____/      \___\
       /    \      /        \  /\      /\
      /______\    /          \/  \____/  \
     /   /   /   /            \          /\
    /   /   /   /              \________/  \
   /   /    \   \              /   /       /\
  /   /___   \___\            /   /   ____/  \
 /   /\   \   \   \          /   /   /       /\
/   /  \   \___\   \        /   /___/___    /  \
\  /   /       /   /        \      /   /   /   /
 \/   /___    /   /          \____/   /___/   /
  \       \  /   /            \       \      /
   \_______\/   /              \____   \    /
    \       \  /\              /    \  /\  /
     \    ___\/  \            /   ___\/  \/
      \   \       \          /    \      /
       \   \____   \________/   ___\    /
        \  /    \   \      /\  /   /   /
         \/      \___\    /  \/   /   /
          \       \       \       \  /
           \_______\_______\_______\/


solution 19:
09,00,1 09,01,0 10,00,0 10,00,1 10,01,0 10,01,1 11,00,0 A7
10,02,1 11,00,1 11,01,0 11,01,1 11,02,0 11,02,1 11,03,0 E7
09,01,1 09,02,0 09,02,1 09,03,0 09,03,1 10,02,0 10,03,0 F7
07,00,1 07,01,1 08,00,0 08,00,1 08,01,0 08,01,1 09,00,0 B7
05,00,1 05,01,0 05,01,1 06,00,0 06,00,1 06,01,0 07,00,0 D7
04,02,1 05,02,0 05,02,1 05,03,0 06,01,1 06,02,0 07,01,0 H7
02,03,1 03,02,1 03,03,0 03,03,1 04,01,1 04,02,0 04,03,0 G7
03,06,1 04,03,1 04,04,0 04,04,1 04,05,0 04,05,1 04,06,0 L7
10,04,1 11,03,1 11,04,0 11,04,1 11,05,0 11,05,1 11,06,0 P7
08,04,1 09,04,0 09,04,1 09,05,0 09,05,1 10,03,1 10,04,0 W7
09,06,0 09,06,1 10,05,0 10,05,1 10,06,0 10,06,1 10,07,0 Y7
07,05,1 07,06,0 07,06,1 07,07,0 07,07,1 08,05,0 08,05,1 J7
08,06,0 08,06,1 08,07,0 08,07,1 09,07,0 09,07,1 09,08,0 N7
06,09,1 06,10,0 07,09,0 07,09,1 08,08,0 08,08,1 08,09,0 S7
05,09,1 05,10,0 05,10,1 06,08,1 06,09,0 07,08,0 07,08,1 C7
04,11,0 04,11,1 05,11,0 05,11,1 06,10,1 06,11,0 07,10,0 R7
02,11,0 02,11,1 03,10,1 03,11,0 03,11,1 04,10,0 04,10,1 Z7
00,11,1 01,10,1 01,11,0 01,11,1 02,10,0 02,10,1 03,10,0 U7
00,09,0 00,09,1 00,10,0 00,10,1 00,11,0 01,09,0 01,10,0 M7
01,09,1 02,07,1 02,08,0 02,08,1 02,09,0 02,09,1 03,07,0 Q7
01,07,0 01,07,1 01,08,0 01,08,1 02,06,1 02,07,0 03,06,0 T7
00,05,1 00,06,0 00,06,1 00,07,0 00,07,1 00,08,0 00,08,1 I7
01,04,1 01,05,0 01,05,1 01,06,0 02,04,0 02,04,1 03,04,0 V7
01,06,1 02,05,0 02,05,1 02,06,0 03,04,1 03,05,0 03,05,1 X7

            ________________________
           /\      /       /        \
          /  \    /___    /_______   \
         /    \       \      /   /\   \
        /   ___\_______\____/   /  \___\
       /    \      /        \   \       \
      /______\    /          \   \____   \
     /   /   /   /            \      /   /\
    /   /   /   /              \____/___/  \
   /   /    \   \              /   /       /\
  /   /___   \___\            /   /   ____/  \
 /   /\   \   \   \          /   /   /       /\
/   /  \   \___\   \        /   /___/___    /  \
\  /   /       /   /        \      /   /   /   /
 \/   /___    /   /          \____/   /___/   /
  \       \  /   /            \       \      /
   \_______\/   /              \____   \    /
    \       \  /\              /    \  /\  /
     \    ___\/  \            /   ___\/  \/
      \   \       \          /    \      /
       \   \____   \________/   ___\    /
        \  /    \   \      /\  /   /   /
         \/      \___\    /  \/   /   /
          \       \       \       \  /
           \_______\_______\_______\/


solution 20:
09,00,1 09,01,0 10,00,0 10,00,1 10,01,0 10,01,1 11,00,0 A7
10,02,1 11,00,1 11,01,0 11,01,1 11,02,0 11,02,1 11,03,0 E7
09,01,1 09,02,0 09,02,1 09,03,0 09,03,1 10,02,0 10,03,0 F7
07,00,1 07,01,1 08,00,0 08,00,1 08,01,0 08,01,1 09,00,0 B7
05,00,1 05,01,0 05,01,1 06,00,0 06,00,1 06,01,0 07,00,0 D7
04,02,1 05,02,0 05,02,1 05,03,0 06,01,1 06,02,0 07,01,0 H7
02,03,1 03,02,1 03,03,0 03,03,1 04,01,1 04,02,0 04,03,0 G7
03,04,1 03,05,1 04,03,1 04,04,0 04,04,1 04,05,0 04,05,1 M7
02,05,1 02,06,0 02,06,1 03,05,0 03,06,0 03,06,1 04,06,0 J7
01,05,1 01,06,0 01,06,1 02,04,0 02,04,1 02,05,0 03,04,0 Q7
00,05,1 00,06,0 00,06,1 00,07,0 00,07,1 01,04,1 01,05,0 R7
00,08,0 00,08,1 00,09,0 00,09,1 01,07,0 01,07,1 01,08,0 Z7
01,08,1 01,09,0 02,07,0 02,07,1 02,08,0 02,08,1 03,07,0 X7
00,10,0 00,10,1 00,11,0 00,11,1 01,09,1 01,10,0 02,09,0 T7
01,10,1 01,11,0 01,11,1 02,09,1 02,10,0 02,11,0 02,11,1 V7
02,10,1 03,10,0 03,10,1 04,10,0 04,10,1 05,09,1 05,10,0 L7
03,11,0 03,11,1 04,11,0 04,11,1 05,11,0 05,11,1 06,11,0 I7
05,10,1 06,09,1 06,10,0 06,10,1 07,09,1 07,10,0 08,09,0 U7
06,08,1 06,09,0 07,07,0 07,07,1 07,08,0 07,08,1 07,09,0 Y7
10,04,1 11,03,1 11,04,0 11,04,1 11,05,0 11,05,1 11,06,0 P7
07,05,1 08,04,1 08,05,0 09,04,0 09,04,1 10,03,1 10,04,0 N7
07,06,0 07,06,1 08,05,1 08,06,0 08,06,1 08,07,0 09,05,0 W7
09,05,1 09,07,1 10,05,0 10,05,1 10,06,0 10,06,1 10,07,0 C7
08,07,1 08,08,0 08,08,1 09,06,0 09,06,1 09,07,0 09,08,0 S7

            ________________________
           /   /       /            \
          /   /   ____/______________\
         /    \   \           \       \
        /___   \   \________   \       \
       /   /\   \  /        \  /\  /\   \
      /   /  \___\/          \/  \/  \___\
     /    \      /            \      /    \
    /___   \    /              \    /   ___\
   /   /   /    \              /   /\   \   \
  /   /___/______\            /___/  \   \   \
 /   /   /        \          /       /   /   /\
/   /   /   _______\        /___    /___/   /  \
\   \   \   \      /        \   \   \      /   /
 \   \   \___\    /          \   \___\____/   /
  \  /    \      /            \       \      /
   \/______\    /              \____   \    /
    \       \  /\              /    \  /\  /
     \    ___\/  \            /   ___\/  \/
      \   \       \          /    \      /
       \   \____   \________/   ___\    /
        \  /    \   \      /\  /   /   /
         \/      \___\    /  \/   /   /
          \       \       \       \  /
           \_______\_______\_______\/


solution 21:
09,00,1 09,01,0 10,00,0 10,00,1 10,01,0 10,01,1 11,00,0 A7
10,02,1 11,00,1 11,01,0 11,01,1 11,02,0 11,02,1 11,03,0 E7
09,01,1 09,02,0 09,02,1 09,03,0 09,03,1 10,02,0 10,03,0 F7
07,00,1 07,01,1 08,00,0 08,00,1 08,01,0 08,01,1 09,00,0 B7
05,00,1 05,01,0 05,01,1 06,00,0 06,00,1 06,01,0 07,00,0 D7
04,02,1 05,02,0 05,02,1 05,03,0 06,01,1 06,02,0 07,01,0 H7
02,03,1 03,02,1 03,03,0 03,03,1 04,01,1 04,02,0 04,03,0 G7
03,04,1 03,05,1 04,03,1 04,04,0 04,04,1 04,05,0 04,05,1 M7
02,05,1 02,06,0 02,06,1 03,05,0 03,06,0 03,06,1 04,06,0 J7
01,05,1 01,06,0 01,06,1 02,04,0 02,04,1 02,05,0 03,04,0 Q7
00,05,1 00,06,0 00,06,1 00,07,0 00,07,1 01,04,1 01,05,0 R7
00,08,0 00,08,1 00,09,0 00,09,1 01,07,0 01,07,1 01,08,0 Z7
01,08,1 01,09,0 02,07,0 02,07,1 02,08,0 02,08,1 03,07,0 X7
00,10,0 00,10,1 00,11,0 00,11,1 01,09,1 01,10,0 02,09,0 T7
01,10,1 01,11,0 01,11,1 02,09,1 02,10,0 02,11,0 02,11,1 V7
02,10,1 03,10,0 03,10,1 04,10,0 04,10,1 05,09,1 05,10,0 L7
03,11,0 03,11,1 04,11,0 04,11,1 05,11,0 05,11,1 06,11,0 I7
05,10,1 06,09,1 06,10,0 06,10,1 07,09,1 07,10,0 08,09,0 U7
06,08,1 06,09,0 07,07,0 07,07,1 07,08,0 07,08,1 07,09,0 Y7
10,04,1 11,03,1 11,04,0 11,04,1 11,05,0 11,05,1 11,06,0 P7
07,05,1 08,04,1 08,05,0 09,04,0 09,04,1 10,03,1 10,04,0 N7
07,06,0 07,06,1 08,05,1 08,06,0 08,06,1 08,07,0 09,05,0 W7
08,08,0 08,08,1 09,07,1 09,08,0 10,06,0 10,06,1 10,07,0 C7
08,07,1 09,05,1 09,06,0 09,06,1 09,07,0 10,05,0 10,05,1 S7

            ________________________
           /   /       /            \
          /   /   ____/______________\
         /    \   \           \       \
        /___   \   \________   \       \
       /   /\   \  /        \  /\  /\   \
      /   /  \___\/          \/  \/  \___\
     /    \      /            \      /    \
    /___   \    /              \    /___   \
   /   /   /    \              /   /\   \   \
  /   /___/______\            /___/  \   \   \
 /   /   /        \          /       /   /   /\
/   /   /   _______\        /___    /   /___/  \
\   \   \   \      /        \   \   \      /   /
 \   \   \___\    /          \   \___\____/   /
  \  /    \      /            \       \      /
   \/______\    /              \____   \    /
    \       \  /\              /    \  /\  /
     \    ___\/  \            /   ___\/  \/
      \   \       \          /    \      /
       \   \____   \________/   ___\    /
        \  /    \   \      /\  /   /   /
         \/      \___\    /  \/   /   /
          \       \       \       \  /
           \_______\_______\_______\/


