solving HeptiamondsHexgrid2Trefoil2:

solution 1 (2,202,557 searches):
07,00,1 07,01,0 08,00,0 08,00,1 08,01,0 08,01,1 09,00,0 A7
07,03,1 08,02,1 08,03,0 09,00,1 09,01,0 09,01,1 09,02,0 R7
06,01,1 06,02,0 06,02,1 07,01,1 07,02,0 07,02,1 08,02,0 F7
05,04,1 06,03,0 06,03,1 06,04,0 06,04,1 07,03,0 07,04,0 B7
04,05,1 04,06,0 04,06,1 04,07,0 04,07,1 05,05,0 05,07,0 C7
05,05,1 05,06,0 06,05,0 06,05,1 07,04,1 07,05,0 07,05,1 Q7
05,06,1 06,06,0 06,06,1 07,06,0 07,06,1 08,06,0 08,06,1 I7
05,07,1 06,07,0 06,07,1 06,08,0 06,08,1 07,07,0 07,08,0 Z7
07,07,1 08,07,0 08,07,1 09,07,0 09,07,1 09,08,0 10,07,0 P7
09,06,0 09,06,1 10,05,1 10,06,0 11,05,0 11,05,1 12,05,0 N7
11,04,1 12,04,0 12,04,1 12,05,1 13,04,0 13,04,1 13,05,0 J7
10,06,1 10,07,1 11,06,0 11,06,1 11,07,0 12,06,0 12,06,1 Y7
11,07,1 12,07,0 12,07,1 12,08,0 12,08,1 12,09,0 12,09,1 L7
13,05,1 13,06,0 13,06,1 13,07,0 14,06,0 14,06,1 15,06,0 T7
06,09,0 06,09,1 07,08,1 07,09,0 08,08,0 08,08,1 08,09,0 S7
13,08,0 13,08,1 13,09,0 13,09,1 14,08,1 14,09,0 15,08,0 V7
13,07,1 14,07,0 14,07,1 14,08,0 15,06,1 15,07,0 15,07,1 X7
05,10,1 06,10,0 06,10,1 06,11,0 06,11,1 07,09,1 07,10,0 W7
06,12,0 06,12,1 06,13,0 07,10,1 07,11,0 07,11,1 07,12,0 U7
02,12,1 03,12,0 03,12,1 03,13,0 04,11,1 04,12,0 05,11,0 H7
00,13,1 01,12,1 01,13,0 01,13,1 02,12,0 02,13,0 02,13,1 G7
00,14,0 00,14,1 00,15,0 00,15,1 01,14,0 01,14,1 01,15,0 D7
01,15,1 02,14,0 02,14,1 02,15,0 03,13,1 03,14,0 04,13,0 E7
04,12,1 04,13,1 05,11,1 05,12,0 05,12,1 05,13,0 05,13,1 M7

    ________
   /    \   \
  /      \   \
 /       /    \
/_______/___   \________
\          /\   \      /\
 \    ____/  \___\    /  \
  \   \       \      /    \
   \___\____   \    /___   \
            \   \  /   /   /
             \___\/   /   /
              \       \  /
               \____   \/               ________
               /    \  /\              /   /    \
              /___   \/  \            /   /      \
             /    \      /\          /   /   /\   \
    ________/   ___\____/  \________/   /___/  \___\
   /    \       \           \   \      /\          /
  /   ___\_______\___________\   \____/  \____    /
 /   /\              /    \          /        \  /
/   /  \____________/___   \________/   _______\/
\   \          /        \       \   \  /
 \___\____    /          \_______\   \/
  \       \  /            \          /
   \    ___\/              \________/
   /    \   \
  /______\   \
 /        \   \
/       ___\   \
\  /\  /   /   /
 \/  \/   /   /
  \       \  /
   \_______\/

solution 2 (2,202,771 searches):
07,00,1 07,01,0 08,00,0 08,00,1 08,01,0 08,01,1 09,00,0 A7
07,03,1 08,02,1 08,03,0 09,00,1 09,01,0 09,01,1 09,02,0 R7
06,01,1 06,02,0 06,02,1 07,01,1 07,02,0 07,02,1 08,02,0 F7
05,04,1 06,03,0 06,03,1 06,04,0 06,04,1 07,03,0 07,04,0 B7
04,05,1 04,06,0 04,06,1 04,07,0 04,07,1 05,05,0 05,07,0 C7
05,05,1 05,06,0 06,05,0 06,05,1 07,04,1 07,05,0 07,05,1 Q7
05,06,1 06,06,0 06,06,1 07,06,0 07,06,1 08,06,0 08,06,1 I7
05,07,1 06,07,0 06,07,1 06,08,0 06,08,1 07,07,0 07,08,0 Z7
07,07,1 08,07,0 08,07,1 09,07,0 09,07,1 09,08,0 10,07,0 P7
09,06,0 09,06,1 10,05,1 10,06,0 11,05,0 11,05,1 12,05,0 N7
11,04,1 12,04,0 12,04,1 12,05,1 13,04,0 13,04,1 13,05,0 J7
10,06,1 10,07,1 11,06,0 11,06,1 11,07,0 12,06,0 12,06,1 Y7
11,07,1 12,07,0 12,07,1 12,08,0 12,08,1 12,09,0 13,07,0 T7
13,05,1 13,06,0 13,06,1 14,06,0 14,06,1 15,06,0 15,06,1 L7
06,09,0 06,09,1 07,08,1 07,09,0 08,08,0 08,08,1 08,09,0 S7
14,07,0 14,07,1 14,08,1 14,09,0 15,07,0 15,07,1 15,08,0 V7
12,09,1 13,07,1 13,08,0 13,08,1 13,09,0 13,09,1 14,08,0 X7
05,10,1 06,10,0 06,10,1 06,11,0 06,11,1 07,09,1 07,10,0 W7
06,12,0 06,12,1 06,13,0 07,10,1 07,11,0 07,11,1 07,12,0 U7
02,12,1 03,12,0 03,12,1 03,13,0 04,11,1 04,12,0 05,11,0 H7
00,13,1 01,12,1 01,13,0 01,13,1 02,12,0 02,13,0 02,13,1 G7
00,14,0 00,14,1 00,15,0 00,15,1 01,14,0 01,14,1 01,15,0 D7
01,15,1 02,14,0 02,14,1 02,15,0 03,13,1 03,14,0 04,13,0 E7
04,12,1 04,13,1 05,11,1 05,12,0 05,12,1 05,13,0 05,13,1 M7

    ________
   /    \   \
  /      \   \
 /       /    \
/_______/___   \________
\          /\   \      /\
 \    ____/  \___\    /  \
  \   \       \      /    \
   \___\____   \    /___   \
            \   \  /   /   /
             \___\/   /   /
              \       \  /
               \____   \/               ________
               /    \  /\              /\      /\
              /___   \/  \            /  \    /  \
             /    \      /\          /   /    \   \
    ________/   ___\____/  \________/   /   ___\   \
   /    \       \           \   \       \  /       /
  /   ___\_______\___________\   \_______\/_______/
 /   /\              /    \          /           /
/   /  \____________/___   \________/   ________/
\   \          /        \       \   \  /
 \___\____    /          \_______\   \/
  \       \  /            \          /
   \    ___\/              \________/
   /    \   \
  /______\   \
 /        \   \
/       ___\   \
\  /\  /   /   /
 \/  \/   /   /
  \       \  /
   \_______\/

solution 3 (3,017,870 searches):
07,00,1 07,01,0 08,00,0 08,00,1 08,01,0 08,01,1 09,00,0 A7
07,03,1 08,02,1 08,03,0 09,00,1 09,01,0 09,01,1 09,02,0 R7
06,01,1 06,02,0 06,02,1 07,01,1 07,02,0 07,02,1 08,02,0 F7
05,04,1 06,03,0 06,03,1 06,04,0 06,04,1 07,03,0 07,04,0 B7
04,05,1 04,06,0 04,06,1 04,07,0 04,07,1 05,05,0 05,07,0 C7
05,05,1 05,06,0 06,05,0 06,05,1 07,04,1 07,05,0 07,05,1 Q7
05,06,1 06,06,0 06,06,1 07,06,0 07,06,1 07,07,0 08,06,0 P7
05,07,1 06,07,0 06,07,1 06,08,0 06,08,1 07,07,1 07,08,0 S7
04,11,1 05,10,1 05,11,0 06,09,0 06,09,1 06,10,0 06,10,1 T7
07,08,1 07,09,0 08,06,1 08,07,0 08,07,1 08,08,0 09,06,0 N7
07,09,1 07,10,0 08,08,1 08,09,0 09,07,0 09,07,1 09,08,0 L7
05,11,1 06,11,0 06,11,1 06,12,0 07,10,1 07,11,0 07,11,1 X7
05,12,0 05,12,1 05,13,0 05,13,1 06,12,1 06,13,0 07,12,0 V7
02,14,0 02,14,1 03,13,0 03,13,1 03,14,0 04,13,0 04,13,1 Z7
00,15,0 00,15,1 01,14,0 01,14,1 01,15,0 01,15,1 02,15,0 Y7
00,13,1 00,14,0 00,14,1 01,13,0 01,13,1 02,13,0 02,13,1 J7
01,12,1 02,12,0 02,12,1 03,12,0 03,12,1 04,12,0 04,12,1 I7
09,06,1 10,06,0 10,06,1 10,07,0 10,07,1 11,05,1 11,06,0 W7
10,05,1 11,04,1 11,05,0 12,04,0 12,04,1 12,05,0 13,04,0 U7
11,07,0 11,07,1 12,07,0 12,07,1 12,08,0 12,08,1 13,07,0 H7
12,09,0 12,09,1 13,07,1 13,08,0 13,08,1 13,09,0 13,09,1 G7
11,06,1 12,05,1 12,06,0 12,06,1 13,04,1 13,05,0 13,05,1 M7
13,06,0 13,06,1 14,06,0 14,06,1 14,07,0 15,06,0 15,06,1 E7
14,07,1 14,08,0 14,08,1 14,09,0 15,07,0 15,07,1 15,08,0 D7

    ________
   /        \
  /___    ___\
 /   /   /    \
/   /___/___   \________
\          /       /    \
 \________/_______/      \
  \              /   /\   \
   \____________/___/  \___\
            \   \          /
             \   \____    /
              \      /\  /
               \    /  \/               ________
               /   /\   \              /       /\
              /___/  \   \            /___    /  \
             /    \   \   \          /   /   /    \
    ________/      \   \   \________/   /   /      \
   /    \      /\  /   /   /   /        \  /\      /
  /   ___\____/  \/   /___/   /__________\/  \____/
 /   /\           \   \       \      /           /
/   /  \___________\___\____   \    /___________/
\   \          /        \   \  /\      /
 \___\____    /          \   \/  \    /
  \       \  /            \       \  /
   \    ___\/              \_______\/
   /    \   \
  /______\   \
 /        \   \
/       ___\   \
\  /\  /   /   /
 \/  \/   /   /
  \       \  /
   \_______\/

solution 4 (16,822,783 searches):
07,00,1 07,01,0 08,00,0 08,00,1 08,01,0 08,01,1 09,00,0 A7
07,03,1 08,02,1 08,03,0 09,00,1 09,01,0 09,01,1 09,02,0 R7
06,01,1 06,02,0 06,02,1 07,01,1 07,02,0 07,02,1 08,02,0 F7
05,04,1 06,03,0 06,03,1 06,04,0 06,04,1 07,03,0 07,04,0 B7
04,05,1 04,06,0 04,06,1 04,07,0 04,07,1 05,05,0 05,07,0 C7
05,05,1 05,06,0 05,06,1 06,05,0 06,05,1 07,04,1 07,05,0 S7
05,07,1 06,06,0 06,06,1 06,07,0 06,07,1 07,07,0 07,07,1 H7
07,05,1 07,06,0 07,06,1 08,06,0 08,06,1 08,07,0 08,07,1 N7
06,08,0 06,08,1 06,09,0 06,09,1 06,10,0 07,08,0 07,08,1 G7
08,08,0 08,08,1 08,09,0 09,07,0 09,07,1 09,08,0 10,07,0 M7
06,10,1 07,09,0 07,09,1 07,10,0 07,10,1 07,11,0 07,11,1 E7
09,06,0 09,06,1 10,05,1 10,06,0 10,06,1 11,04,1 11,05,0 T7
05,12,1 05,13,0 05,13,1 06,12,0 06,12,1 06,13,0 07,12,0 D7
04,12,1 05,10,1 05,11,0 05,11,1 05,12,0 06,11,0 06,11,1 W7
01,12,1 02,12,0 02,12,1 03,12,0 03,12,1 04,11,1 04,12,0 L7
02,14,0 02,14,1 03,13,0 03,13,1 03,14,0 04,13,0 04,13,1 Z7
00,15,0 00,15,1 01,14,0 01,14,1 01,15,0 01,15,1 02,15,0 Y7
00,13,1 00,14,0 00,14,1 01,13,0 01,13,1 02,13,0 02,13,1 J7
12,04,0 12,04,1 12,05,1 13,04,0 13,04,1 13,05,0 13,05,1 U7
10,07,1 11,05,1 11,06,0 11,06,1 11,07,0 11,07,1 12,05,0 Q7
12,06,0 12,06,1 12,07,0 12,07,1 12,08,0 12,08,1 12,09,0 I7
13,06,0 13,06,1 13,07,0 14,06,0 14,06,1 15,06,0 15,06,1 P7
14,07,0 14,07,1 14,08,1 14,09,0 15,07,0 15,07,1 15,08,0 V7
12,09,1 13,07,1 13,08,0 13,08,1 13,09,0 13,09,1 14,08,0 X7

    ________
   /        \
  /___    ___\
 /   /   /    \
/   /___/___   \________
\          /       /    \
 \________/_______/      \
  \           \   \       \
   \________   \   \_______\
            \  /       /   /
             \/   ____/   /
              \  /\      /
               \/  \    /               ________
               /   /   /\              /\      /\
              /   /___/  \            /  \    /  \
             /       /    \          /   /    \   \
    ________/_______/___   \________/   /   ___\   \
   /    \          /   /    \      /   /\  /       /
  /   ___\    ____/   /______\    /   /  \/_______/
 /   /   /   /       /       /   /   /           /
/   /   /___/   ____/___    /   /___/___________/
\   \       \  /        \   \   \      /
 \___\____   \/          \   \___\    /
  \       \  /            \  /       /
   \    ___\/              \/_______/
   /    \   \
  /______\   \
 /        \   \
/       ___\   \
\  /\  /   /   /
 \/  \/   /   /
  \       \  /
   \_______\/

solution 5 (16,823,041 searches):
07,00,1 07,01,0 08,00,0 08,00,1 08,01,0 08,01,1 09,00,0 A7
07,03,1 08,02,1 08,03,0 09,00,1 09,01,0 09,01,1 09,02,0 R7
06,01,1 06,02,0 06,02,1 07,01,1 07,02,0 07,02,1 08,02,0 F7
05,04,1 06,03,0 06,03,1 06,04,0 06,04,1 07,03,0 07,04,0 B7
04,05,1 04,06,0 04,06,1 04,07,0 04,07,1 05,05,0 05,07,0 C7
05,05,1 05,06,0 05,06,1 06,05,0 06,05,1 07,04,1 07,05,0 S7
05,07,1 06,06,0 06,06,1 06,07,0 06,07,1 07,07,0 07,07,1 H7
07,05,1 07,06,0 07,06,1 08,06,0 08,06,1 08,07,0 08,07,1 N7
06,08,0 06,08,1 06,09,0 06,09,1 06,10,0 07,08,0 07,08,1 G7
08,08,0 08,08,1 08,09,0 09,07,0 09,07,1 09,08,0 10,07,0 M7
06,10,1 07,09,0 07,09,1 07,10,0 07,10,1 07,11,0 07,11,1 E7
09,06,0 09,06,1 10,05,1 10,06,0 10,06,1 11,04,1 11,05,0 T7
05,12,1 05,13,0 05,13,1 06,12,0 06,12,1 06,13,0 07,12,0 D7
04,12,1 05,10,1 05,11,0 05,11,1 05,12,0 06,11,0 06,11,1 W7
02,12,1 02,13,0 03,12,0 03,12,1 03,13,0 04,11,1 04,12,0 Z7
01,15,1 02,14,1 02,15,0 03,13,1 03,14,0 04,13,0 04,13,1 L7
00,13,1 00,14,0 01,12,1 01,13,0 01,13,1 01,14,0 02,12,0 Y7
00,14,1 00,15,0 00,15,1 01,14,1 01,15,0 02,13,1 02,14,0 J7
12,04,0 12,04,1 12,05,1 13,04,0 13,04,1 13,05,0 13,05,1 U7
10,07,1 11,05,1 11,06,0 11,06,1 11,07,0 11,07,1 12,05,0 Q7
12,06,0 12,06,1 12,07,0 12,07,1 12,08,0 12,08,1 12,09,0 I7
13,06,0 13,06,1 13,07,0 14,06,0 14,06,1 15,06,0 15,06,1 P7
14,07,0 14,07,1 14,08,1 14,09,0 15,07,0 15,07,1 15,08,0 V7
12,09,1 13,07,1 13,08,0 13,08,1 13,09,0 13,09,1 14,08,0 X7

    ________
   /    \   \
  /      \   \
 /\  /\   \   \
/  \/  \   \   \________
\      /\  /\      /    \
 \    /  \/  \____/      \
  \   \       \   \       \
   \___\____   \   \_______\
            \  /       /   /
             \/   ____/   /
              \  /\      /
               \/  \    /               ________
               /   /   /\              /\      /\
              /   /___/  \            /  \    /  \
             /       /    \          /   /    \   \
    ________/_______/___   \________/   /   ___\   \
   /    \          /   /    \      /   /\  /       /
  /   ___\    ____/   /______\    /   /  \/_______/
 /   /   /   /       /       /   /   /           /
/   /   /___/   ____/___    /   /___/___________/
\   \       \  /        \   \   \      /
 \___\____   \/          \   \___\    /
  \       \  /            \  /       /
   \    ___\/              \/_______/
   /    \   \
  /______\   \
 /        \   \
/       ___\   \
\  /\  /   /   /
 \/  \/   /   /
  \       \  /
   \_______\/

solution 6 (16,823,986 searches):
07,00,1 07,01,0 08,00,0 08,00,1 08,01,0 08,01,1 09,00,0 A7
07,03,1 08,02,1 08,03,0 09,00,1 09,01,0 09,01,1 09,02,0 R7
06,01,1 06,02,0 06,02,1 07,01,1 07,02,0 07,02,1 08,02,0 F7
05,04,1 06,03,0 06,03,1 06,04,0 06,04,1 07,03,0 07,04,0 B7
04,05,1 04,06,0 04,06,1 04,07,0 04,07,1 05,05,0 05,07,0 C7
05,05,1 05,06,0 05,06,1 06,05,0 06,05,1 07,04,1 07,05,0 S7
05,07,1 06,06,0 06,06,1 06,07,0 06,07,1 07,07,0 07,07,1 H7
07,05,1 07,06,0 07,06,1 08,06,0 08,06,1 08,07,0 08,07,1 N7
06,08,0 06,08,1 06,09,0 06,09,1 06,10,0 07,08,0 07,08,1 G7
08,08,0 08,08,1 08,09,0 09,07,0 09,07,1 09,08,0 10,07,0 M7
06,10,1 07,09,0 07,09,1 07,10,0 07,10,1 07,11,0 07,11,1 E7
09,06,0 09,06,1 10,05,1 10,06,0 10,06,1 11,04,1 11,05,0 T7
04,13,1 05,12,1 05,13,0 05,13,1 06,12,1 06,13,0 07,12,0 U7
04,11,1 05,10,1 05,11,0 05,11,1 06,11,0 06,11,1 06,12,0 Q7
02,14,1 02,15,0 03,13,1 03,14,0 04,12,1 04,13,0 05,12,0 I7
01,12,1 02,12,0 02,12,1 03,12,0 03,12,1 03,13,0 04,12,0 P7
00,15,1 01,14,0 01,14,1 01,15,0 01,15,1 02,13,1 02,14,0 X7
00,13,1 00,14,0 00,14,1 00,15,0 01,13,0 01,13,1 02,13,0 V7
12,04,0 12,04,1 12,05,0 12,05,1 13,04,0 13,04,1 13,05,0 D7
10,07,1 11,05,1 11,06,0 11,06,1 11,07,0 12,06,0 12,06,1 W7
11,07,1 12,07,0 12,07,1 12,08,0 12,08,1 12,09,0 12,09,1 L7
13,05,1 13,06,0 13,06,1 13,07,0 14,06,0 14,06,1 14,07,0 Z7
14,07,1 14,08,0 15,06,0 15,06,1 15,07,0 15,07,1 15,08,0 Y7
13,07,1 13,08,0 13,08,1 13,09,0 13,09,1 14,08,1 14,09,0 J7

    ________
   /\      /\
  /  \    /  \
 /   /    \   \
/   /___   \   \________
\       \  /\   \       \
 \_______\/  \   \       \
  \           \   \  /\   \
   \___________\___\/  \___\
            \          /   /
             \    ____/   /
              \  /\      /
               \/  \    /               ________
               /   /   /\              /   /    \
              /   /___/  \            /   /      \
             /       /    \          /   /   /\  /\
    ________/_______/___   \________/   /   /  \/  \
   /    \          /   /    \   \      /\  /\      /
  /   ___\    ____/   /______\   \____/  \/  \    /
 /   /   /   /       /       /       /       /   /
/   /   /___/   ____/___    /   ____/   ____/___/
\   \       \  /        \   \  /    \  /
 \___\____   \/          \   \/      \/
  \       \  /            \  /       /
   \    ___\/              \/_______/
   /    \   \
  /______\   \
 /        \   \
/       ___\   \
\  /\  /   /   /
 \/  \/   /   /
  \       \  /
   \_______\/

solution 7 (16,823,997 searches):
07,00,1 07,01,0 08,00,0 08,00,1 08,01,0 08,01,1 09,00,0 A7
07,03,1 08,02,1 08,03,0 09,00,1 09,01,0 09,01,1 09,02,0 R7
06,01,1 06,02,0 06,02,1 07,01,1 07,02,0 07,02,1 08,02,0 F7
05,04,1 06,03,0 06,03,1 06,04,0 06,04,1 07,03,0 07,04,0 B7
04,05,1 04,06,0 04,06,1 04,07,0 04,07,1 05,05,0 05,07,0 C7
05,05,1 05,06,0 05,06,1 06,05,0 06,05,1 07,04,1 07,05,0 S7
05,07,1 06,06,0 06,06,1 06,07,0 06,07,1 07,07,0 07,07,1 H7
07,05,1 07,06,0 07,06,1 08,06,0 08,06,1 08,07,0 08,07,1 N7
06,08,0 06,08,1 06,09,0 06,09,1 06,10,0 07,08,0 07,08,1 G7
08,08,0 08,08,1 08,09,0 09,07,0 09,07,1 09,08,0 10,07,0 M7
06,10,1 07,09,0 07,09,1 07,10,0 07,10,1 07,11,0 07,11,1 E7
09,06,0 09,06,1 10,05,1 10,06,0 10,06,1 11,04,1 11,05,0 T7
04,13,1 05,12,1 05,13,0 05,13,1 06,12,1 06,13,0 07,12,0 U7
04,11,1 05,10,1 05,11,0 05,11,1 06,11,0 06,11,1 06,12,0 Q7
02,14,1 02,15,0 03,13,1 03,14,0 04,12,1 04,13,0 05,12,0 I7
01,12,1 02,12,0 02,12,1 03,12,0 03,12,1 03,13,0 04,12,0 P7
00,15,1 01,14,0 01,14,1 01,15,0 01,15,1 02,13,1 02,14,0 X7
00,13,1 00,14,0 00,14,1 00,15,0 01,13,0 01,13,1 02,13,0 V7
12,04,0 12,04,1 12,05,0 12,05,1 13,04,0 13,04,1 13,05,0 D7
10,07,1 11,05,1 11,06,0 11,06,1 11,07,0 12,06,0 12,06,1 W7
11,07,1 12,07,0 12,07,1 12,08,0 12,08,1 13,07,0 13,08,0 Z7
13,05,1 13,06,0 13,06,1 14,06,0 14,06,1 15,06,0 15,06,1 L7
12,09,0 12,09,1 13,08,1 13,09,0 13,09,1 14,08,0 14,09,0 Y7
13,07,1 14,07,0 14,07,1 14,08,1 15,07,0 15,07,1 15,08,0 J7

    ________
   /\      /\
  /  \    /  \
 /   /    \   \
/   /___   \   \________
\       \  /\   \       \
 \_______\/  \   \       \
  \           \   \  /\   \
   \___________\___\/  \___\
            \          /   /
             \    ____/   /
              \  /\      /
               \/  \    /               ________
               /   /   /\              /        \
              /   /___/  \            /___    ___\
             /       /    \          /    \   \   \
    ________/_______/___   \________/   ___\___\   \
   /    \          /   /    \   \       \          /
  /   ___\    ____/   /______\   \_______\________/
 /   /   /   /       /       /       /           /
/   /   /___/   ____/___    /   ____/   ________/
\   \       \  /        \   \  /    \  /
 \___\____   \/          \   \/      \/
  \       \  /            \  /       /
   \    ___\/              \/_______/
   /    \   \
  /______\   \
 /        \   \
/       ___\   \
\  /\  /   /   /
 \/  \/   /   /
  \       \  /
   \_______\/

solution 8 (40,527,289 searches):
07,00,1 07,01,0 08,00,0 08,00,1 08,01,0 08,01,1 09,00,0 A7
07,03,1 08,02,1 08,03,0 09,00,1 09,01,0 09,01,1 09,02,0 R7
06,01,1 06,02,0 06,02,1 07,01,1 07,02,0 07,02,1 08,02,0 F7
05,04,1 06,03,0 06,03,1 06,04,0 06,04,1 07,03,0 07,04,0 B7
04,05,1 04,06,0 04,06,1 04,07,0 05,05,0 05,05,1 05,06,0 D7
04,07,1 05,07,0 05,07,1 06,06,1 06,07,0 06,07,1 07,07,0 E7
05,06,1 06,05,0 06,05,1 06,06,0 07,04,1 07,05,0 07,05,1 X7
07,06,0 07,06,1 08,06,0 08,06,1 09,06,0 09,06,1 09,07,0 L7
06,08,0 06,08,1 07,07,1 07,08,0 07,08,1 07,09,0 08,07,0 W7
07,09,1 07,10,0 08,07,1 08,08,0 08,08,1 08,09,0 09,08,0 H7
05,11,1 06,09,0 06,09,1 06,10,0 06,10,1 06,11,0 06,11,1 P7
06,12,0 06,12,1 06,13,0 07,10,1 07,11,0 07,11,1 07,12,0 U7
03,12,1 04,11,1 04,12,0 04,12,1 05,10,1 05,11,0 05,12,0 G7
03,13,1 03,14,0 04,13,0 04,13,1 05,12,1 05,13,0 05,13,1 Q7
09,07,1 10,05,1 10,06,0 10,06,1 10,07,0 11,04,1 11,05,0 N7
11,05,1 11,06,0 12,04,0 12,04,1 12,05,0 12,05,1 12,06,0 Y7
13,04,0 13,04,1 13,05,0 13,05,1 13,06,0 13,06,1 13,07,0 I7
10,07,1 11,06,1 11,07,0 11,07,1 12,06,1 12,07,0 12,07,1 M7
12,08,0 12,08,1 12,09,0 12,09,1 13,07,1 13,08,0 14,07,0 T7
14,06,0 14,06,1 14,07,1 14,08,0 15,06,0 15,06,1 15,07,0 V7
13,08,1 13,09,0 13,09,1 14,08,1 14,09,0 15,07,1 15,08,0 J7
01,12,1 02,12,0 02,12,1 02,13,0 02,13,1 03,12,0 03,13,0 Z7
00,13,1 00,14,0 00,14,1 00,15,0 00,15,1 01,13,0 01,15,0 C7
01,13,1 01,14,0 01,14,1 01,15,1 02,14,0 02,14,1 02,15,0 S7

    ________
   /    \   \
  /   ___\   \
 /   /       /\
/   /   ____/  \________
\   \  /    \          /\
 \___\/   ___\____    /  \
  \       \       \  /    \
   \_______\    ___\/___   \
            \   \      /   /
             \   \    /   /
              \  /   /\  /
               \/   /  \/               ________
               /   /\   \              /   /    \
              /___/  \   \            /   /      \
             /       /    \          /    \  /\   \
    ________/___    /   ___\________/___   \/  \   \
   /\           \   \  /\   \          /\   \   \  /
  /  \____    ___\___\/  \   \        /  \___\   \/
 /    \   \  /           /   /\  /\  /   /       /
/      \   \/___________/   /  \/  \/   /_______/
\      /       /        \   \      /   /
 \____/___    /          \   \    /   /
  \       \  /            \  /   /   /
   \    ___\/              \/___/___/
   /    \   \
  /______\   \
 /        \   \
/       ___\   \
\  /\  /   /   /
 \/  \/   /   /
  \       \  /
   \_______\/

solution 9 (40,527,291 searches):
07,00,1 07,01,0 08,00,0 08,00,1 08,01,0 08,01,1 09,00,0 A7
07,03,1 08,02,1 08,03,0 09,00,1 09,01,0 09,01,1 09,02,0 R7
06,01,1 06,02,0 06,02,1 07,01,1 07,02,0 07,02,1 08,02,0 F7
05,04,1 06,03,0 06,03,1 06,04,0 06,04,1 07,03,0 07,04,0 B7
04,05,1 04,06,0 04,06,1 04,07,0 05,05,0 05,05,1 05,06,0 D7
04,07,1 05,07,0 05,07,1 06,06,1 06,07,0 06,07,1 07,07,0 E7
05,06,1 06,05,0 06,05,1 06,06,0 07,04,1 07,05,0 07,05,1 X7
07,06,0 07,06,1 08,06,0 08,06,1 09,06,0 09,06,1 09,07,0 L7
06,08,0 06,08,1 07,07,1 07,08,0 07,08,1 07,09,0 08,07,0 W7
07,09,1 07,10,0 08,07,1 08,08,0 08,08,1 08,09,0 09,08,0 H7
05,11,1 06,09,0 06,09,1 06,10,0 06,10,1 06,11,0 06,11,1 P7
06,12,0 06,12,1 06,13,0 07,10,1 07,11,0 07,11,1 07,12,0 U7
03,12,1 04,11,1 04,12,0 04,12,1 05,10,1 05,11,0 05,12,0 G7
03,13,1 03,14,0 04,13,0 04,13,1 05,12,1 05,13,0 05,13,1 Q7
09,07,1 10,05,1 10,06,0 10,06,1 10,07,0 11,04,1 11,05,0 N7
11,05,1 11,06,0 12,04,0 12,04,1 12,05,0 12,05,1 12,06,0 Y7
13,04,0 13,04,1 13,05,0 13,05,1 13,06,0 13,06,1 13,07,0 I7
10,07,1 11,06,1 11,07,0 11,07,1 12,06,1 12,07,0 12,07,1 M7
12,08,0 12,08,1 12,09,0 12,09,1 13,07,1 13,08,0 14,07,0 T7
14,06,0 14,06,1 14,07,1 14,08,0 15,06,0 15,06,1 15,07,0 V7
13,08,1 13,09,0 13,09,1 14,08,1 14,09,0 15,07,1 15,08,0 J7
01,12,1 02,12,0 02,12,1 02,13,0 02,13,1 03,12,0 03,13,0 Z7
00,14,1 00,15,0 00,15,1 01,15,0 01,15,1 02,14,1 02,15,0 C7
00,13,1 00,14,0 01,13,0 01,13,1 01,14,0 01,14,1 02,14,0 S7

    ________
   /        \
  /   ____   \
 /\  /    \  /\
/  \/   ___\/  \________
\      /    \          /\
 \____/   ___\____    /  \
  \       \       \  /    \
   \_______\    ___\/___   \
            \   \      /   /
             \   \    /   /
              \  /   /\  /
               \/   /  \/               ________
               /   /\   \              /   /    \
              /___/  \   \            /   /      \
             /       /    \          /    \  /\   \
    ________/___    /   ___\________/___   \/  \   \
   /\           \   \  /\   \          /\   \   \  /
  /  \____    ___\___\/  \   \        /  \___\   \/
 /    \   \  /           /   /\  /\  /   /       /
/      \   \/___________/   /  \/  \/   /_______/
\      /       /        \   \      /   /
 \____/___    /          \   \    /   /
  \       \  /            \  /   /   /
   \    ___\/              \/___/___/
   /    \   \
  /______\   \
 /        \   \
/       ___\   \
\  /\  /   /   /
 \/  \/   /   /
  \       \  /
   \_______\/

solution 10 (40,527,305 searches):
07,00,1 07,01,0 08,00,0 08,00,1 08,01,0 08,01,1 09,00,0 A7
07,03,1 08,02,1 08,03,0 09,00,1 09,01,0 09,01,1 09,02,0 R7
06,01,1 06,02,0 06,02,1 07,01,1 07,02,0 07,02,1 08,02,0 F7
05,04,1 06,03,0 06,03,1 06,04,0 06,04,1 07,03,0 07,04,0 B7
04,05,1 04,06,0 04,06,1 04,07,0 05,05,0 05,05,1 05,06,0 D7
04,07,1 05,07,0 05,07,1 06,06,1 06,07,0 06,07,1 07,07,0 E7
05,06,1 06,05,0 06,05,1 06,06,0 07,04,1 07,05,0 07,05,1 X7
07,06,0 07,06,1 08,06,0 08,06,1 09,06,0 09,06,1 09,07,0 L7
06,08,0 06,08,1 07,07,1 07,08,0 07,08,1 07,09,0 08,07,0 W7
07,09,1 07,10,0 08,07,1 08,08,0 08,08,1 08,09,0 09,08,0 H7
05,11,1 06,09,0 06,09,1 06,10,0 06,10,1 06,11,0 06,11,1 P7
06,12,0 06,12,1 06,13,0 07,10,1 07,11,0 07,11,1 07,12,0 U7
03,12,1 04,11,1 04,12,0 04,12,1 05,10,1 05,11,0 05,12,0 G7
03,13,1 03,14,0 04,13,0 04,13,1 05,12,1 05,13,0 05,13,1 Q7
09,07,1 10,05,1 10,06,0 10,06,1 10,07,0 11,04,1 11,05,0 N7
11,05,1 11,06,0 12,04,0 12,04,1 12,05,0 12,05,1 12,06,0 Y7
13,04,0 13,04,1 13,05,0 13,05,1 13,06,0 13,06,1 13,07,0 I7
10,07,1 11,06,1 11,07,0 11,07,1 12,06,1 12,07,0 12,07,1 M7
12,08,0 12,08,1 12,09,0 12,09,1 13,08,1 13,09,0 14,08,0 V7
13,09,1 14,07,1 14,08,1 14,09,0 15,07,0 15,07,1 15,08,0 J7
13,07,1 13,08,0 14,06,0 14,06,1 14,07,0 15,06,0 15,06,1 T7
01,12,1 02,12,0 02,12,1 02,13,0 02,13,1 03,12,0 03,13,0 Z7
00,13,1 00,14,0 00,14,1 00,15,0 00,15,1 01,13,0 01,15,0 C7
01,13,1 01,14,0 01,14,1 01,15,1 02,14,0 02,14,1 02,15,0 S7

    ________
   /    \   \
  /   ___\   \
 /   /       /\
/   /   ____/  \________
\   \  /    \          /\
 \___\/   ___\____    /  \
  \       \       \  /    \
   \_______\    ___\/___   \
            \   \      /   /
             \   \    /   /
              \  /   /\  /
               \/   /  \/               ________
               /   /\   \              /    \   \
              /___/  \   \            /      \   \
             /       /    \          /   /\   \   \
    ________/___    /   ___\________/___/  \___\   \
   /\           \   \  /\   \          /\   \      /
  /  \____    ___\___\/  \   \        /  \   \____/
 /    \   \  /           /   /\  /\  /   /       /
/      \   \/___________/   /  \/  \/   /_______/
\      /       /        \   \      /   /
 \____/___    /          \   \    /   /
  \       \  /            \  /   /   /
   \    ___\/              \/___/___/
   /    \   \
  /______\   \
 /        \   \
/       ___\   \
\  /\  /   /   /
 \/  \/   /   /
  \       \  /
   \_______\/

User-requested solution limit reached.
10 solutions, 40,527,305 searches, duration 0:10:27.062692
