solving HeptiamondsTrefoil9:

solution 1 (2,240 searches):
00,11,1 01,10,1 01,11,0 01,11,1 02,10,0 02,10,1 02,11,0 D7
09,02,1 10,01,1 10,02,0 11,00,1 11,01,0 11,01,1 11,02,0 G7
11,08,1 11,09,0 11,09,1 11,10,0 11,10,1 11,11,0 11,11,1 I7
09,09,1 10,09,0 10,09,1 10,10,0 10,10,1 10,11,0 10,11,1 L7
12,05,1 13,04,1 13,05,0 14,04,0 14,04,1 14,05,0 15,04,0 U7
04,04,0 04,04,1 04,05,0 05,04,0 05,04,1 06,03,1 06,04,0 Q7
04,05,1 05,05,0 05,05,1 06,04,1 06,05,0 06,05,1 07,05,0 E7
04,14,1 04,15,0 05,12,0 05,12,1 05,13,0 05,13,1 05,14,0 R7
11,07,1 11,08,0 12,07,0 12,07,1 12,08,0 12,08,1 12,09,0 J7
12,06,1 13,05,1 13,06,0 13,06,1 13,07,0 13,07,1 13,08,0 P7
03,12,1 03,13,0 03,13,1 04,12,1 04,13,0 04,13,1 04,14,0 Z7
02,11,1 02,12,0 02,12,1 02,13,0 02,13,1 03,11,0 03,12,0 F7
10,06,0 10,06,1 10,07,0 11,06,0 11,06,1 11,07,0 12,06,0 M7
03,10,0 03,10,1 03,11,1 04,09,1 04,10,0 04,10,1 04,11,0 A7
04,11,1 04,12,0 05,11,0 05,11,1 06,10,1 06,11,0 07,10,0 N7
08,03,0 08,03,1 09,03,0 09,03,1 09,04,0 10,02,1 10,03,0 T7
07,02,1 07,03,0 07,03,1 07,04,0 08,02,0 08,02,1 09,02,0 V7
07,04,1 08,04,0 08,04,1 08,05,0 08,05,1 09,04,1 09,05,0 S7
08,09,1 09,08,0 09,08,1 09,09,0 10,07,1 10,08,0 10,08,1 X7
06,06,0 06,06,1 06,07,0 06,07,1 06,08,0 07,07,0 07,07,1 H7
07,05,1 07,06,0 07,06,1 08,06,0 08,06,1 09,05,1 09,06,0 C7
08,07,0 08,07,1 08,08,0 08,08,1 09,06,1 09,07,0 09,07,1 B7
05,08,1 05,09,0 05,09,1 05,10,0 05,10,1 06,08,1 06,09,0 Y7
06,09,1 06,10,0 07,08,0 07,08,1 07,09,0 07,09,1 08,09,0 W7

                       /\
                      /  \
                     /\   \
            ________/  \   \
           /   /       /   /
          /   /       /   /
         /    \  /\  /   /
________/   ___\/  \/___/               ________
\       \   \   \       \              /   /   /
 \       \___\   \____   \            /   /   /
  \      /       /   /\   \          /   /   /
   \____/___    /   /  \___\________/   /   /
            \  /    \       \   \      /   /\
             \/      \    ___\   \____/   /  \
              \  /\  /   /   /       /\  /   /\
               \/  \/___/   /___    /  \/   /  \
               /       /       /\  /\      /   /
              /   ____/___    /  \/  \____/   /
             /   /        \  /        \      /
    ________/___/   ____   \/__________\    /
   /\           \  /    \  /        \   \  /\
  /  \____    ___\/      \/          \   \/  \
 /        \  /\      /\  /            \       \
/_______   \/  \____/  \/              \_______\
        \  /   /        \
         \/   /_______   \
          \       \   \  /\
           \_______\   \/  \
                    \      /
                     \    /
                      \  /
                       \/

solution 2 (11,165 searches):
00,11,1 01,10,1 01,11,0 01,11,1 02,10,0 02,10,1 02,11,0 D7
09,02,1 10,01,1 10,02,0 11,00,1 11,01,0 11,01,1 11,02,0 G7
11,08,1 11,09,0 11,09,1 11,10,0 11,10,1 11,11,0 11,11,1 I7
09,09,1 10,09,0 10,09,1 10,10,0 10,10,1 10,11,0 10,11,1 L7
12,05,1 13,04,1 13,05,0 14,04,0 14,04,1 14,05,0 15,04,0 U7
04,04,0 04,04,1 04,05,0 05,04,0 05,04,1 06,03,1 06,04,0 Q7
04,05,1 05,05,0 05,05,1 06,04,1 06,05,0 06,05,1 06,06,0 T7
04,14,1 04,15,0 05,12,0 05,12,1 05,13,0 05,13,1 05,14,0 R7
11,07,1 11,08,0 12,07,0 12,07,1 12,08,0 12,08,1 12,09,0 J7
12,06,1 13,05,1 13,06,0 13,06,1 13,07,0 13,07,1 13,08,0 P7
03,12,1 03,13,0 03,13,1 04,12,1 04,13,0 04,13,1 04,14,0 Z7
02,11,1 02,12,0 02,12,1 02,13,0 02,13,1 03,11,1 03,12,0 Y7
09,07,1 10,06,0 10,06,1 10,07,0 11,06,0 11,06,1 12,06,0 H7
08,09,1 09,08,1 09,09,0 10,07,1 10,08,0 10,08,1 11,07,0 E7
08,04,1 09,03,0 09,03,1 09,04,0 09,04,1 10,02,1 10,03,0 X7
03,10,0 03,10,1 03,11,0 04,09,1 04,10,0 04,10,1 04,11,0 B7
04,11,1 04,12,0 05,10,0 05,10,1 05,11,0 05,11,1 06,11,0 W7
07,02,1 07,03,0 07,03,1 07,04,0 08,02,0 08,02,1 09,02,0 V7
07,04,1 07,05,0 07,05,1 08,03,0 08,03,1 08,04,0 08,05,0 S7
07,09,0 07,09,1 07,10,0 08,08,0 08,08,1 08,09,0 09,08,0 M7
05,08,1 05,09,0 05,09,1 06,09,0 06,09,1 06,10,0 06,10,1 N7
06,07,1 06,08,0 06,08,1 07,07,1 07,08,0 07,08,1 08,07,0 A7
06,06,1 06,07,0 07,06,0 07,06,1 07,07,0 08,06,0 08,06,1 F7
08,05,1 08,07,1 09,05,0 09,05,1 09,06,0 09,06,1 09,07,0 C7

                       /\
                      /  \
                     /\   \
            ________/  \   \
           /   /       /   /
          /   /       /   /
         /    \  /\  /   /
________/      \/  \/___/               ________
\       \  /\  /\       \              /   /   /
 \       \/  \/  \    ___\            /   /   /
  \      /       /   /   /\          /   /   /
   \____/___    /___/   /  \________/   /   /
            \  /       /    \   \      /   /\
             \/   ____/___   \   \____/   /  \
              \  /       /    \      /\  /   /\
               \/       /______\    /  \/   /  \
               /\  /\   \   \   \   \      /   /
              /  \/  \___\   \   \___\____/   /
             /\          /   /        \      /
    ________/  \________/   /__________\    /
   /\          /    \      /        \   \  /\
  /  \____    /   ___\____/          \   \/  \
 /        \  /\   \      /            \       \
/_______   \/  \   \    /              \_______\
        \  /   /   /    \
         \/   /___/___   \
          \       \   \  /\
           \_______\   \/  \
                    \      /
                     \    /
                      \  /
                       \/

solution 3 (16,297 searches):
00,11,1 01,10,1 01,11,0 01,11,1 02,10,0 02,10,1 02,11,0 D7
09,02,1 10,01,1 10,02,0 11,00,1 11,01,0 11,01,1 11,02,0 G7
11,08,1 11,09,0 11,09,1 11,10,0 11,10,1 11,11,0 11,11,1 I7
09,09,1 10,09,0 10,09,1 10,10,0 10,10,1 10,11,0 10,11,1 L7
12,05,1 13,04,1 13,05,0 14,04,0 14,04,1 14,05,0 15,04,0 U7
04,04,0 04,04,1 04,05,0 04,05,1 05,05,0 05,05,1 06,05,0 R7
03,13,1 04,13,0 04,13,1 04,14,0 04,14,1 04,15,0 05,14,0 Q7
04,12,1 05,11,1 05,12,0 05,12,1 05,13,0 05,13,1 06,11,0 T7
05,04,0 05,04,1 06,03,1 06,04,0 06,04,1 07,03,1 07,04,0 F7
07,02,1 07,03,0 08,02,0 08,02,1 08,03,0 08,03,1 09,02,0 A7
08,04,1 08,05,0 09,03,0 09,03,1 09,04,0 10,02,1 10,03,0 E7
06,05,1 06,06,0 07,04,1 07,05,0 07,05,1 07,06,0 08,04,0 Y7
11,07,1 11,08,0 12,07,0 12,07,1 12,08,0 12,08,1 12,09,0 J7
12,06,1 13,05,1 13,06,0 13,06,1 13,07,0 13,07,1 13,08,0 P7
07,06,1 08,05,1 08,06,0 08,06,1 08,07,0 09,04,1 09,05,0 H7
06,06,1 06,07,0 06,07,1 06,08,1 07,07,0 07,07,1 07,08,0 S7
04,09,1 04,10,1 05,08,1 05,09,0 05,09,1 05,10,0 06,08,0 Z7
08,07,1 08,08,0 08,08,1 09,05,1 09,06,0 09,06,1 09,07,0 N7
10,06,0 10,06,1 10,07,0 11,06,0 11,06,1 11,07,0 12,06,0 M7
09,07,1 09,08,0 09,08,1 09,09,0 10,07,1 10,08,0 10,08,1 B7
06,10,1 07,08,1 07,09,0 07,09,1 07,10,0 08,09,0 08,09,1 W7
04,11,0 04,11,1 05,10,1 05,11,0 06,09,0 06,09,1 06,10,0 C7
02,12,0 02,12,1 02,13,0 02,13,1 03,12,1 03,13,0 04,12,0 V7
02,11,1 03,10,0 03,10,1 03,11,0 03,11,1 03,12,0 04,10,0 X7

                       /\
                      /  \
                     /    \
            ________/   ___\
           /    \      /   /
          /      \____/   /
         /   /\   \      /
________/___/  \___\    /               ________
\       \      /    \   \              /   /   /
 \       \    /___   \___\            /   /   /
  \      /    \   \   \   \          /   /   /
   \____/______\   \   \   \________/   /   /
            \      /   /       /\      /   /\
             \    /___/   ____/  \____/   /  \
              \   \   \  /   /       /\  /   /\
               \___\   \/   /       /  \/   /  \
               /       /\   \  /\  /\      /   /
              /   ____/  \   \/  \/  \____/   /
             /\  /\      /   /        \      /
    ________/  \/  \    /   /__________\    /
   /        \      /\   \  /        \   \  /\
  /   _______\    /  \   \/          \   \/  \
 /   /        \   \   \  /            \       \
/___/___       \___\   \/              \_______\
        \  /\  /   /    \
         \/  \/   /___   \
          \       \   \  /\
           \_______\   \/  \
                    \      /
                     \    /
                      \  /
                       \/

solution 4 (16,715 searches):
00,11,1 01,10,1 01,11,0 01,11,1 02,10,0 02,10,1 02,11,0 D7
09,02,1 10,01,1 10,02,0 11,00,1 11,01,0 11,01,1 11,02,0 G7
11,08,1 11,09,0 11,09,1 11,10,0 11,10,1 11,11,0 11,11,1 I7
09,09,1 10,09,0 10,09,1 10,10,0 10,10,1 10,11,0 10,11,1 L7
12,05,1 13,04,1 13,05,0 14,04,0 14,04,1 14,05,0 15,04,0 U7
04,04,0 04,04,1 04,05,0 04,05,1 05,05,0 05,05,1 06,05,0 R7
03,13,1 04,13,0 04,13,1 04,14,0 04,14,1 04,15,0 05,14,0 Q7
04,12,1 05,11,1 05,12,0 05,12,1 05,13,0 05,13,1 06,11,0 T7
05,04,0 05,04,1 06,03,1 06,04,0 06,04,1 07,03,1 07,04,0 F7
07,02,1 07,03,0 08,02,0 08,02,1 08,03,0 08,03,1 09,02,0 A7
09,03,0 09,03,1 09,04,0 09,04,1 09,05,0 10,02,1 10,03,0 H7
11,07,1 11,08,0 12,07,0 12,07,1 12,08,0 12,08,1 12,09,0 J7
12,06,1 13,05,1 13,06,0 13,06,1 13,07,0 13,07,1 13,08,0 P7
10,06,0 10,06,1 10,07,0 11,06,0 11,06,1 11,07,0 12,06,0 M7
09,07,1 09,08,0 09,08,1 09,09,0 10,07,1 10,08,0 10,08,1 B7
06,10,1 07,08,1 07,09,0 07,09,1 07,10,0 08,09,0 08,09,1 W7
08,07,1 08,08,0 08,08,1 09,05,1 09,06,0 09,06,1 09,07,0 N7
02,12,0 02,12,1 02,13,0 02,13,1 03,12,1 03,13,0 04,12,0 V7
02,11,1 03,10,0 03,10,1 03,11,0 03,11,1 03,12,0 04,10,0 X7
04,09,1 04,10,1 05,08,1 05,09,0 05,09,1 05,10,0 06,08,0 Z7
04,11,0 04,11,1 05,10,1 05,11,0 06,09,0 06,09,1 06,10,0 C7
06,06,1 06,07,0 06,07,1 06,08,1 07,07,0 07,07,1 07,08,0 S7
07,06,1 08,04,1 08,05,0 08,05,1 08,06,0 08,06,1 08,07,0 E7
06,05,1 06,06,0 07,04,1 07,05,0 07,05,1 07,06,0 08,04,0 Y7

                       /\
                      /  \
                     /    \
            ________/   ___\
           /    \      /   /
          /      \____/   /
         /   /\   \      /
________/___/  \___\    /               ________
\       \      /    \   \              /   /   /
 \       \    /___   \___\            /   /   /
  \      /    \   \   \   \          /   /   /
   \____/______\   \   \   \________/   /   /
            \      /   /       /\      /   /\
             \    /___/   ____/  \____/   /  \
              \   \   \  /   /       /\  /   /\
               \___\   \/   /       /  \/   /  \
               /       /\   \  /\  /\      /   /
              /   ____/  \   \/  \/  \____/   /
             /\  /\      /   /        \      /
    ________/  \/  \    /   /__________\    /
   /        \      /   /\  /        \   \  /\
  /   _______\    /   /  \/          \   \/  \
 /   /        \   \  /   /            \       \
/___/___       \___\/   /              \_______\
        \  /\  /   /    \
         \/  \/   /___   \
          \       \   \  /\
           \_______\   \/  \
                    \      /
                     \    /
                      \  /
                       \/

solution 5 (59,720 searches):
00,11,1 01,10,1 01,11,0 01,11,1 02,10,0 02,10,1 02,11,0 D7
09,02,1 10,01,1 10,02,0 11,00,1 11,01,0 11,01,1 11,02,0 G7
10,11,1 11,09,1 11,10,0 11,10,1 11,11,0 11,11,1 12,09,0 Q7
10,08,1 10,09,0 10,09,1 10,10,0 10,10,1 10,11,0 11,09,0 E7
12,05,1 12,06,0 13,04,1 13,05,0 14,04,0 14,04,1 15,04,0 R7
12,06,1 12,07,0 12,07,1 13,05,1 13,06,0 13,06,1 14,05,0 F7
11,08,0 11,08,1 12,08,0 12,08,1 13,07,0 13,07,1 13,08,0 J7
04,04,0 04,04,1 04,05,0 04,05,1 05,04,0 05,05,0 05,05,1 U7
03,13,1 04,12,1 04,13,0 04,13,1 04,14,0 04,14,1 04,15,0 P7
05,11,1 05,12,0 05,12,1 05,13,0 05,13,1 05,14,0 06,11,0 L7
08,04,1 09,03,0 09,03,1 09,04,0 09,04,1 10,02,1 10,03,0 X7
07,02,1 08,02,0 08,02,1 08,03,0 08,03,1 08,04,0 09,02,0 T7
05,04,1 06,03,1 06,04,0 06,04,1 06,05,0 07,03,0 07,03,1 A7
06,05,1 06,06,0 07,04,0 07,04,1 07,05,0 07,05,1 08,05,0 W7
10,07,0 10,07,1 10,08,0 11,06,0 11,06,1 11,07,0 11,07,1 B7
08,08,1 08,09,1 09,07,1 09,08,0 09,08,1 09,09,0 09,09,1 M7
08,05,1 09,05,0 09,05,1 09,06,0 09,06,1 10,06,0 10,06,1 N7
07,07,0 07,07,1 08,06,0 08,06,1 08,07,0 08,07,1 09,07,0 Y7
05,08,1 06,06,1 06,07,0 06,07,1 06,08,0 07,06,0 07,06,1 S7
06,10,1 07,08,1 07,09,0 07,09,1 07,10,0 08,08,0 08,09,0 Z7
04,09,1 05,09,0 05,09,1 05,10,0 06,08,1 06,09,0 07,08,0 H7
03,12,1 04,11,1 04,12,0 05,10,1 05,11,0 06,09,1 06,10,0 I7
02,11,1 02,12,0 02,12,1 02,13,0 02,13,1 03,11,0 03,13,0 C7
03,10,0 03,10,1 03,11,1 03,12,0 04,10,0 04,10,1 04,11,0 V7

                       /\
                      /  \
                     /   /\
            ________/   /  \
           /    \      /   /
          /   ___\    /   /
         /   /\   \  /   /
________/   /  \   \/   /               ________
\       \   \   \   \   \              /\      /
 \       \___\   \   \___\            /  \    /
  \      /       /\   \   \          /   /   /
   \____/_______/  \   \   \________/   /   /
            \       \  /    \      /    \   \
             \____   \/   ___\    /   ___\___\
              \   \   \   \      /\  /        \
               \   \___\___\    /  \/_______   \
               /   /        \  /       /   /   /
              /   /___    ___\/___    /   /___/
             /\      /   /       /   /\      /
    ________/  \____/___/   ____/___/  \    /
   /       /\       \      /        \   \   \
  /   ____/  \    ___\____/          \   \___\
 /    \      /   /\      /            \       \
/______\    /___/  \    /              \_______\
        \      /   /    \
         \____/   /___   \
          \       \   \  /\
           \_______\   \/  \
                    \      /
                     \    /
                      \  /
                       \/

solution 6 (158,407 searches):
00,11,1 01,10,1 01,11,0 01,11,1 02,10,0 02,10,1 02,11,0 D7
09,02,1 10,01,1 10,02,0 11,00,1 11,01,0 11,01,1 11,02,0 G7
10,11,1 11,09,1 11,10,0 11,10,1 11,11,0 11,11,1 12,09,0 Q7
10,08,1 10,09,0 10,09,1 10,10,0 10,10,1 10,11,0 11,09,0 E7
12,05,1 13,04,1 13,05,0 14,04,0 14,04,1 14,05,0 15,04,0 U7
04,04,0 04,04,1 04,05,0 04,05,1 05,05,0 05,05,1 06,05,0 R7
03,13,1 04,12,1 04,13,0 04,13,1 04,14,0 04,14,1 04,15,0 P7
05,11,0 05,11,1 05,12,0 05,12,1 05,13,0 05,13,1 05,14,0 I7
05,04,0 05,04,1 06,03,1 06,04,0 06,04,1 07,03,0 07,04,0 Y7
07,02,1 07,03,1 08,02,0 08,02,1 08,03,0 08,03,1 09,02,0 B7
08,04,1 09,03,0 09,03,1 09,04,0 09,04,1 10,02,1 10,03,0 X7
07,04,1 07,05,0 07,05,1 08,04,0 08,05,0 08,05,1 09,05,0 J7
06,05,1 06,06,0 06,06,1 06,07,0 07,06,0 07,06,1 07,07,0 Z7
12,08,1 13,05,1 13,06,0 13,06,1 13,07,0 13,07,1 13,08,0 L7
11,06,1 11,08,1 12,06,0 12,06,1 12,07,0 12,07,1 12,08,0 C7
09,08,1 10,07,0 10,07,1 10,08,0 11,07,0 11,07,1 11,08,0 A7
07,09,1 07,10,0 08,08,1 08,09,0 08,09,1 09,09,0 09,09,1 T7
09,06,1 09,07,0 09,07,1 09,08,0 10,06,0 10,06,1 11,06,0 V7
08,06,0 08,06,1 08,07,0 08,07,1 08,08,0 09,05,1 09,06,0 H7
05,10,0 05,10,1 06,09,1 06,10,0 06,10,1 06,11,0 07,09,0 W7
05,08,1 06,07,1 06,08,0 06,08,1 07,07,1 07,08,0 07,08,1 M7
03,10,0 03,10,1 04,09,1 04,10,0 05,09,0 05,09,1 06,09,0 N7
02,11,1 02,12,0 02,12,1 03,11,0 03,11,1 04,10,1 04,11,0 S7
02,13,0 02,13,1 03,12,0 03,12,1 03,13,0 04,11,1 04,12,0 F7

                       /\
                      /  \
                     /   /\
            ________/   /  \
           /    \      /   /
          /___   \    /   /
         /   /    \  /   /
________/   /___   \/   /               ________
\       \       \  /   /\              /\      /
 \       \____   \/___/  \            /  \    /
  \      /    \  /       /\          /   /   /
   \____/___   \/___    /  \________/   /   /
            \       \   \          /    \   \
             \_______\___\    ____/   ___\___\
              \          /\  /\   \  /\   \   \
               \        /  \/  \   \/  \   \   \
               /\  /\  /   /   /       /   /   /
              /  \/  \/   /   /_______/   /   /
             /       /    \       \      /   /
    ________/   ____/___   \_______\____/   /
   /        \  /        \  /        \   \  /\
  /   _______\/   _______\/          \   \/  \
 /   /        \   \      /            \       \
/___/___    ___\___\    /              \_______\
        \   \      /    \
         \___\    /___   \
          \       \   \  /\
           \_______\   \/  \
                    \      /
                     \    /
                      \  /
                       \/

solution 7 (199,775 searches):
00,11,1 01,10,1 01,11,0 01,11,1 02,10,0 02,10,1 02,11,0 D7
09,02,1 10,01,1 10,02,0 11,00,1 11,01,0 11,01,1 11,02,0 G7
10,11,1 11,09,1 11,10,0 11,10,1 11,11,0 11,11,1 12,09,0 Q7
10,08,1 10,09,0 10,09,1 10,10,0 10,10,1 10,11,0 11,09,0 E7
12,05,1 13,04,1 13,05,0 14,04,0 14,04,1 14,05,0 15,04,0 U7
04,04,0 04,04,1 05,04,0 05,04,1 06,03,1 06,04,0 07,03,0 R7
04,05,0 04,05,1 05,05,0 05,05,1 06,05,0 06,05,1 06,06,0 L7
03,13,1 04,12,1 04,13,0 04,13,1 04,14,0 04,14,1 04,15,0 P7
05,11,0 05,11,1 05,12,0 05,12,1 05,13,0 05,13,1 05,14,0 I7
07,02,1 07,03,1 08,02,0 08,02,1 08,03,0 08,03,1 09,02,0 B7
08,04,1 09,03,0 09,03,1 09,04,0 09,04,1 10,02,1 10,03,0 X7
06,04,1 07,04,0 07,04,1 07,05,0 07,05,1 08,04,0 08,05,0 Z7
12,06,1 12,07,1 13,05,1 13,06,0 13,06,1 13,07,0 13,07,1 M7
11,07,1 11,08,0 11,08,1 12,07,0 12,08,0 12,08,1 13,08,0 J7
09,07,1 10,06,0 10,06,1 10,07,0 11,06,0 11,06,1 12,06,0 H7
09,08,0 09,08,1 09,09,0 09,09,1 10,07,1 10,08,0 11,07,0 T7
07,08,1 07,09,1 07,10,0 08,08,0 08,08,1 08,09,0 08,09,1 A7
05,10,0 05,10,1 06,09,1 06,10,0 06,10,1 06,11,0 07,09,0 W7
02,11,1 02,12,0 02,12,1 02,13,0 03,10,0 03,10,1 03,11,0 N7
02,13,1 03,11,1 03,12,0 03,12,1 03,13,0 04,11,1 04,12,0 Y7
04,09,1 04,10,0 04,10,1 04,11,0 05,09,0 05,09,1 06,09,0 V7
05,08,1 06,06,1 06,07,0 06,07,1 06,08,0 07,06,0 07,06,1 S7
06,08,1 07,07,0 07,07,1 07,08,0 08,06,0 08,06,1 08,07,0 F7
08,05,1 08,07,1 09,05,0 09,05,1 09,06,0 09,06,1 09,07,0 C7

                       /\
                      /  \
                     /   /\
            ________/   /  \
           /\   \      /   /
          /  \   \    /   /
         /   /    \  /   /
________/   /      \/   /               ________
\       \   \  /\  /   /\              /\      /
 \       \   \/  \/___/  \            /  \    /
  \      /   /   /       /\          /   /   /
   \____/___/   /___    /  \________/   /   /
            \       \   \      /   /    \   \
             \_______\___\    /   /   ___\___\
              \   \   \      /    \  /        \
               \   \   \____/___   \/   _______\
               /   /    \   \   \   \   \      /
              /   /___   \   \   \___\___\    /
             /\      /   /   /        \      /
    ________/  \____/___/   /__________\    /
   /           /    \      /        \   \  /\
  /___________/   ___\____/          \   \/  \
 /        \       \      /            \       \
/_______   \_______\    /              \_______\
        \   \      /    \
         \___\    /___   \
          \       \   \  /\
           \_______\   \/  \
                    \      /
                     \    /
                      \  /
                       \/

solution 8 (199,876 searches):
00,11,1 01,10,1 01,11,0 01,11,1 02,10,0 02,10,1 02,11,0 D7
09,02,1 10,01,1 10,02,0 11,00,1 11,01,0 11,01,1 11,02,0 G7
10,11,1 11,09,1 11,10,0 11,10,1 11,11,0 11,11,1 12,09,0 Q7
10,08,1 10,09,0 10,09,1 10,10,0 10,10,1 10,11,0 11,09,0 E7
12,05,1 13,04,1 13,05,0 14,04,0 14,04,1 14,05,0 15,04,0 U7
04,04,0 04,04,1 05,04,0 05,04,1 06,03,1 06,04,0 07,03,0 R7
04,05,0 04,05,1 05,05,0 05,05,1 06,05,0 06,05,1 06,06,0 L7
03,13,1 04,12,1 04,13,0 04,13,1 04,14,0 04,14,1 04,15,0 P7
05,11,0 05,11,1 05,12,0 05,12,1 05,13,0 05,13,1 05,14,0 I7
07,02,1 07,03,1 08,02,0 08,02,1 08,03,0 08,03,1 09,02,0 B7
08,04,1 09,03,0 09,03,1 09,04,0 09,04,1 10,02,1 10,03,0 X7
06,04,1 07,04,0 07,04,1 07,05,0 07,05,1 08,04,0 08,05,0 Z7
11,07,1 12,06,1 12,07,0 12,07,1 13,05,1 13,06,0 13,06,1 M7
11,08,0 11,08,1 12,08,0 12,08,1 13,07,0 13,07,1 13,08,0 J7
09,07,1 10,06,0 10,06,1 10,07,0 11,06,0 11,06,1 12,06,0 H7
09,08,0 09,08,1 09,09,0 09,09,1 10,07,1 10,08,0 11,07,0 T7
07,08,1 07,09,1 07,10,0 08,08,0 08,08,1 08,09,0 08,09,1 A7
05,10,0 05,10,1 06,09,1 06,10,0 06,10,1 06,11,0 07,09,0 W7
02,11,1 02,12,0 02,12,1 02,13,0 03,10,0 03,10,1 03,11,0 N7
02,13,1 03,11,1 03,12,0 03,12,1 03,13,0 04,11,1 04,12,0 Y7
04,09,1 04,10,0 04,10,1 04,11,0 05,09,0 05,09,1 06,09,0 V7
05,08,1 06,06,1 06,07,0 06,07,1 06,08,0 07,06,0 07,06,1 S7
06,08,1 07,07,0 07,07,1 07,08,0 08,06,0 08,06,1 08,07,0 F7
08,05,1 08,07,1 09,05,0 09,05,1 09,06,0 09,06,1 09,07,0 C7

                       /\
                      /  \
                     /   /\
            ________/   /  \
           /\   \      /   /
          /  \   \    /   /
         /   /    \  /   /
________/   /      \/   /               ________
\       \   \  /\  /   /\              /\      /
 \       \   \/  \/___/  \            /  \    /
  \      /   /   /       /\          /   /   /
   \____/___/   /___    /  \________/   /   /
            \       \   \      /   /    \   \
             \_______\___\    /   /   ___\___\
              \   \   \      /    \  /        \
               \   \   \____/___   \/_______   \
               /   /    \   \   \   \      /   /
              /   /___   \   \   \___\    /___/
             /\      /   /   /        \      /
    ________/  \____/___/   /__________\    /
   /           /    \      /        \   \  /\
  /___________/   ___\____/          \   \/  \
 /        \       \      /            \       \
/_______   \_______\    /              \_______\
        \   \      /    \
         \___\    /___   \
          \       \   \  /\
           \_______\   \/  \
                    \      /
                     \    /
                      \  /
                       \/

solution 9 (207,437 searches):
00,11,1 01,10,1 01,11,0 01,11,1 02,10,0 02,10,1 02,11,0 D7
09,02,1 10,01,1 10,02,0 11,00,1 11,01,0 11,01,1 11,02,0 G7
10,11,1 11,09,1 11,10,0 11,10,1 11,11,0 11,11,1 12,09,0 Q7
10,09,0 10,09,1 10,10,0 10,10,1 10,11,0 11,08,1 11,09,0 H7
13,05,1 13,06,0 13,06,1 13,07,0 14,04,1 14,05,0 15,04,0 R7
12,06,1 12,07,0 12,07,1 12,08,0 12,08,1 13,07,1 13,08,0 J7
11,06,1 11,07,0 12,05,1 12,06,0 13,04,1 13,05,0 14,04,0 I7
09,08,1 09,09,0 09,09,1 10,08,0 10,08,1 11,07,1 11,08,0 S7
04,04,0 04,04,1 04,05,0 04,05,1 05,04,0 05,05,0 05,05,1 U7
03,13,1 04,12,1 04,13,0 04,13,1 04,14,0 04,14,1 04,15,0 P7
05,11,1 05,12,0 05,12,1 05,13,0 05,13,1 05,14,0 06,11,0 L7
08,04,0 08,04,1 09,03,0 09,03,1 09,04,0 10,02,1 10,03,0 F7
07,02,1 07,03,0 08,02,0 08,02,1 08,03,0 08,03,1 09,02,0 A7
05,04,1 06,03,1 06,04,0 06,04,1 06,05,0 07,03,1 07,04,0 B7
09,05,1 09,06,0 09,06,1 09,07,0 10,06,0 10,06,1 11,06,0 T7
08,08,1 08,09,0 08,09,1 09,07,1 09,08,0 10,07,0 10,07,1 C7
07,05,1 08,05,0 08,05,1 08,06,0 08,06,1 09,04,1 09,05,0 W7
06,05,1 06,06,0 06,06,1 07,04,1 07,05,0 07,06,0 07,06,1 V7
02,11,1 02,12,0 02,12,1 02,13,0 02,13,1 03,11,1 03,12,0 Y7
03,12,1 03,13,0 04,11,0 04,11,1 04,12,0 05,10,1 05,11,0 E7
03,10,0 03,10,1 03,11,0 04,09,1 04,10,0 04,10,1 05,10,0 X7
06,07,0 06,07,1 06,08,0 07,07,0 07,07,1 07,08,0 08,07,0 M7
06,10,1 07,08,1 07,09,0 07,09,1 07,10,0 08,07,1 08,08,0 N7
05,08,1 05,09,0 05,09,1 06,08,1 06,09,0 06,09,1 06,10,0 Z7

                       /\
                      /  \
                     /   /\
            ________/   /  \
           /   /\      /   /
          /   /  \    /   /
         /    \   \  /   /
________/      \   \/   /               ________
\       \  /\  /    \   \              /\      /
 \       \/  \/___   \___\            /  \    /
  \      /        \  /\   \          /   /   /
   \____/___    ___\/  \   \________/   /   /
            \  /       /   /   /   /    \   \
             \/       /   /   /   /___   \___\
              \  /\  /\   \   \       \  /    \
               \/  \/  \   \   \____   \/      \
               /        \  /\      /\  /   /\  /
              /__________\/  \____/  \/   /  \/
             /       /   /        \   \  /   /
    ________/   ____/   /   _______\   \/   /
   /       /\   \       \  /        \   \   \
  /   ____/  \   \____   \/          \   \   \
 /    \       \  /    \  /            \   \   \
/______\       \/___   \/              \___\___\
        \  /\  /   /    \
         \/  \/   /___   \
          \       \   \  /\
           \_______\   \/  \
                    \      /
                     \    /
                      \  /
                       \/

solution 10 (292,192 searches):
00,11,1 01,10,1 01,11,0 01,11,1 02,10,0 02,10,1 02,11,0 D7
09,02,1 10,01,1 10,02,0 11,00,1 11,01,0 11,01,1 11,02,0 G7
10,11,1 11,09,1 11,10,0 11,10,1 11,11,0 11,11,1 12,09,0 Q7
10,09,0 10,09,1 10,10,0 10,10,1 10,11,0 11,08,1 11,09,0 H7
12,05,1 13,04,1 13,05,0 14,04,0 14,04,1 14,05,0 15,04,0 U7
04,04,0 04,04,1 04,05,0 04,05,1 05,05,0 05,05,1 06,05,0 R7
03,13,1 04,12,1 04,13,0 04,13,1 04,14,0 04,14,1 04,15,0 P7
05,11,1 05,12,0 05,12,1 05,13,0 05,13,1 05,14,0 06,11,0 L7
05,04,0 05,04,1 06,03,1 06,04,0 06,04,1 07,03,1 07,04,0 F7
07,02,1 07,03,0 08,02,0 08,02,1 08,03,0 08,03,1 09,02,0 A7
08,04,1 09,03,0 09,03,1 09,04,0 09,04,1 10,02,1 10,03,0 X7
06,05,1 06,06,0 06,06,1 07,04,1 07,05,0 07,06,0 08,04,0 J7
07,05,1 07,06,1 08,05,0 08,05,1 08,06,0 09,05,0 09,05,1 Y7
11,07,1 12,07,0 12,07,1 12,08,0 12,08,1 13,07,1 13,08,0 S7
11,06,1 12,06,0 12,06,1 13,05,1 13,06,0 13,06,1 13,07,0 T7
09,07,1 10,07,0 10,07,1 10,08,0 10,08,1 11,07,0 11,08,0 Z7
08,06,1 09,06,0 09,06,1 09,07,0 10,06,0 10,06,1 11,06,0 E7
08,07,1 08,08,0 08,08,1 09,08,0 09,08,1 09,09,0 09,09,1 N7
06,10,1 07,08,1 07,09,0 07,09,1 07,10,0 08,09,0 08,09,1 W7
06,07,0 06,07,1 06,08,0 07,07,0 07,07,1 07,08,0 08,07,0 M7
04,09,1 05,08,1 05,09,0 05,09,1 05,10,0 06,08,1 06,09,0 B7
03,12,1 04,11,1 04,12,0 05,10,1 05,11,0 06,09,1 06,10,0 I7
02,11,1 02,12,0 02,12,1 02,13,0 02,13,1 03,11,0 03,13,0 C7
03,10,0 03,10,1 03,11,1 03,12,0 04,10,0 04,10,1 04,11,0 V7

                       /\
                      /  \
                     /   /\
            ________/   /  \
           /    \      /   /
          /   ___\    /   /
         /   /\   \  /   /
________/   /  \   \/   /               ________
\       \   \   \   \   \              /\      /
 \       \___\   \   \___\            /  \    /
  \      /       /\   \   \          /   /   /
   \____/_______/  \   \   \________/   /   /
            \       \  /       /   /    \   \
             \       \/   ____/   /___   \___\
              \  /\  /\  /       /    \  /    \
               \/  \/  \/   ____/   ___\/      \
               /        \  /\       \      /\  /
              /__________\/  \_______\____/  \/
             /    \   \           \          /
    ________/   ___\   \___________\____    /
   /        \   \          /        \   \  /\
  /   _______\   \________/          \   \/  \
 /   /        \   \      /            \       \
/___/___       \___\    /              \_______\
        \  /\  /   /    \
         \/  \/   /___   \
          \       \   \  /\
           \_______\   \/  \
                    \      /
                     \    /
                      \  /
                       \/

User-requested solution limit reached.
10 solutions, 292,192 searches, duration 0:06:47.428044
