solving HeptiamondsQuintupleJewel:

solution 1 (3,009 searches):
0,12,1 0,13,0 0,13,1 0,14,0 1,12,0 1,12,1 1,13,0 D7
0,10,1 0,11,0 0,11,1 0,12,0 1,10,0 1,11,0 1,11,1 A7
2,11,1 2,12,0 3,10,0 3,10,1 3,11,0 4,09,1 4,10,0 E7
1,09,1 1,10,1 2,09,0 2,09,1 2,10,0 2,10,1 2,11,0 F7
0,08,0 0,08,1 0,09,0 0,09,1 0,10,0 1,08,1 1,09,0 G7
4,08,0 4,08,1 4,09,0 5,07,1 5,08,0 5,08,1 5,09,0 B7
2,08,0 2,08,1 3,07,1 3,08,0 3,08,1 3,09,0 3,09,1 H7
6,07,1 6,08,0 7,06,1 7,07,0 8,05,1 8,06,0 9,05,0 I7
4,06,1 4,07,0 4,07,1 5,05,1 5,06,0 6,05,0 6,05,1 C7
5,06,1 5,07,0 6,06,0 6,06,1 6,07,0 7,05,1 7,06,0 Z7
8,02,1 9,02,0 9,02,1 9,03,0 9,03,1 9,04,0 9,04,1 L7
7,04,1 7,05,0 8,03,0 8,03,1 8,04,0 8,04,1 8,05,0 Y7
5,03,0 5,03,1 6,03,0 6,03,1 6,04,0 6,04,1 7,04,0 N7
6,02,1 7,02,0 7,02,1 7,03,0 7,03,1 8,01,1 8,02,0 W7
8,00,0 8,00,1 8,01,0 9,00,0 9,00,1 9,01,0 9,01,1 U7
5,02,1 6,01,1 6,02,0 7,00,0 7,00,1 7,01,0 7,01,1 T7
4,00,1 4,01,0 4,01,1 5,00,0 5,00,1 6,00,0 6,00,1 J7
4,02,0 4,02,1 4,03,0 5,01,0 5,01,1 5,02,0 6,01,0 M7
2,02,1 3,01,1 3,02,0 3,02,1 3,03,0 3,03,1 3,04,0 P7
3,04,1 3,05,0 3,05,1 3,06,0 3,06,1 4,03,1 4,04,0 R7
1,06,1 2,05,1 2,06,0 2,06,1 2,07,0 2,07,1 3,07,0 Q7
0,06,1 0,07,0 0,07,1 1,06,0 1,07,0 1,07,1 1,08,0 S7
0,04,1 1,03,1 1,04,0 2,03,0 2,03,1 2,04,0 2,04,1 V7
0,05,0 0,05,1 0,06,0 1,04,1 1,05,0 1,05,1 2,05,0 X7

                   /\
                  /  \
                 /    \
                /      \
               /\      /\
              /  \____/  \
             /       /\   \
            /   ____/  \   \
           /\   \      /    \
          /  \___\    /___   \
         /    \      /   /\  /\
        /      \____/   /  \/  \
       /   /\  /       /       /\
      /___/  \/___    /___    /  \
     /       /    \  /   /\  /\   \
    /   ____/   ___\/   /  \/  \   \
   /\   \      /   /\   \       \   \
  /  \___\    /   /  \   \____   \   \
 /        \  /   /    \      /\  /\   \
/___    ___\/   /      \____/  \/  \___\
\   \  /   /\   \      /    \      /   /
 \   \/   /  \   \____/   ___\    /   /
  \      /   /\  /       /   /   /   /
   \____/   /  \/_______/   /___/   /
    \      /    \   \       \      /
     \    /___   \   \____   \____/
      \  /   /    \      /\  /   /
       \/   /______\    /  \/   /
        \          /   /       /
         \________/___/_______/

solution 2 (3,081 searches):
0,12,1 0,13,0 0,13,1 0,14,0 1,12,0 1,12,1 1,13,0 D7
0,10,1 0,11,0 0,11,1 0,12,0 1,10,0 1,11,0 1,11,1 A7
2,11,1 2,12,0 3,10,0 3,10,1 3,11,0 4,09,1 4,10,0 E7
1,09,1 1,10,1 2,09,0 2,09,1 2,10,0 2,10,1 2,11,0 F7
0,08,0 0,08,1 0,09,0 0,09,1 0,10,0 1,08,1 1,09,0 G7
4,08,0 4,08,1 4,09,0 5,07,1 5,08,0 5,08,1 5,09,0 B7
2,08,0 2,08,1 3,07,1 3,08,0 3,08,1 3,09,0 3,09,1 H7
6,07,1 6,08,0 7,06,1 7,07,0 8,05,1 8,06,0 9,05,0 I7
4,06,1 4,07,0 4,07,1 5,05,1 5,06,0 6,05,0 6,05,1 C7
5,06,1 5,07,0 6,06,0 6,06,1 6,07,0 7,05,1 7,06,0 Z7
8,02,1 9,02,0 9,02,1 9,03,0 9,03,1 9,04,0 9,04,1 L7
7,04,1 7,05,0 8,03,0 8,03,1 8,04,0 8,04,1 8,05,0 Y7
5,03,0 5,03,1 6,03,0 6,03,1 6,04,0 6,04,1 7,04,0 N7
6,02,1 7,02,0 7,02,1 7,03,0 7,03,1 8,01,1 8,02,0 W7
8,00,0 8,00,1 8,01,0 9,00,0 9,00,1 9,01,0 9,01,1 U7
5,02,1 6,01,1 6,02,0 7,00,0 7,00,1 7,01,0 7,01,1 T7
4,00,1 5,00,0 5,00,1 5,01,1 6,00,0 6,00,1 6,01,0 J7
4,01,0 4,01,1 4,02,0 4,02,1 4,03,0 5,01,0 5,02,0 M7
2,02,1 3,01,1 3,02,0 3,02,1 3,03,0 3,03,1 3,04,0 P7
3,04,1 3,05,0 3,05,1 3,06,0 3,06,1 4,03,1 4,04,0 R7
1,06,1 2,05,1 2,06,0 2,06,1 2,07,0 2,07,1 3,07,0 Q7
0,06,1 0,07,0 0,07,1 1,06,0 1,07,0 1,07,1 1,08,0 S7
0,04,1 1,03,1 1,04,0 2,03,0 2,03,1 2,04,0 2,04,1 V7
0,05,0 0,05,1 0,06,0 1,04,1 1,05,0 1,05,1 2,05,0 X7

                   /\
                  /  \
                 /    \
                /      \
               /\      /\
              /  \____/  \
             /       /\   \
            /   ____/  \   \
           /\   \      /    \
          /  \___\    /___   \
         /    \      /   /\  /\
        /      \____/   /  \/  \
       /   /\  /       /       /\
      /___/  \/___    /___    /  \
     /       /    \  /   /\  /\   \
    /   ____/   ___\/   /  \/  \   \
   /\   \      /   /\   \       \   \
  /  \___\    /   /  \   \____   \   \
 /        \  /   /    \      /\  /\   \
/___    ___\/   /      \____/  \/  \___\
\   \  /   /\   \      /    \      /   /
 \   \/   /  \   \____/   ___\    /   /
  \      /   /\  /       /   /   /   /
   \____/   /  \/_______/   /___/   /
    \      /    \   \       \      /
     \    /   ___\   \____   \____/
      \  /    \   \      /\  /   /
       \/______\   \    /  \/   /
        \          /   /       /
         \________/___/_______/

solution 3 (4,443 searches):
0,12,1 0,13,0 0,13,1 0,14,0 1,12,0 1,12,1 1,13,0 D7
0,10,1 0,11,0 0,11,1 0,12,0 1,10,0 1,11,0 1,11,1 A7
2,11,1 2,12,0 3,10,0 3,10,1 3,11,0 4,09,1 4,10,0 E7
1,09,1 1,10,1 2,09,0 2,09,1 2,10,0 2,10,1 2,11,0 F7
0,08,0 0,08,1 0,09,0 0,09,1 0,10,0 1,08,1 1,09,0 G7
4,08,0 4,08,1 4,09,0 5,07,1 5,08,0 5,08,1 5,09,0 B7
2,08,0 2,08,1 3,07,1 3,08,0 3,08,1 3,09,0 3,09,1 H7
6,07,1 6,08,0 7,06,1 7,07,0 8,05,1 8,06,0 9,05,0 I7
4,06,1 4,07,0 4,07,1 5,05,1 5,06,0 6,05,0 6,05,1 C7
5,06,1 5,07,0 6,06,0 6,06,1 6,07,0 7,05,1 7,06,0 Z7
8,02,1 9,02,0 9,02,1 9,03,0 9,03,1 9,04,0 9,04,1 L7
7,04,1 7,05,0 8,03,0 8,03,1 8,04,0 8,04,1 8,05,0 Y7
5,02,1 5,03,0 5,03,1 6,03,0 6,03,1 6,04,0 6,04,1 N7
6,02,1 7,02,0 7,02,1 7,03,0 7,03,1 7,04,0 8,02,0 T7
8,00,0 8,00,1 8,01,1 9,00,0 9,00,1 9,01,0 9,01,1 U7
6,01,1 6,02,0 7,00,0 7,00,1 7,01,0 7,01,1 8,01,0 W7
4,00,1 4,01,0 4,01,1 5,00,0 5,00,1 6,00,0 6,00,1 J7
4,02,0 4,02,1 4,03,0 5,01,0 5,01,1 5,02,0 6,01,0 M7
2,02,1 3,01,1 3,02,0 3,02,1 3,03,0 3,03,1 3,04,0 P7
3,04,1 3,05,0 3,05,1 3,06,0 3,06,1 4,03,1 4,04,0 R7
1,06,1 2,05,1 2,06,0 2,06,1 2,07,0 2,07,1 3,07,0 Q7
0,06,1 0,07,0 0,07,1 1,06,0 1,07,0 1,07,1 1,08,0 S7
0,04,1 1,03,1 1,04,0 2,03,0 2,03,1 2,04,0 2,04,1 V7
0,05,0 0,05,1 0,06,0 1,04,1 1,05,0 1,05,1 2,05,0 X7

                   /\
                  /  \
                 /    \
                /      \
               /\      /\
              /  \____/  \
             /       /\   \
            /   ____/  \   \
           /\   \      /    \
          /  \___\    /___   \
         /    \      /   /\  /\
        /      \____/   /  \/  \
       /   /\  /       /       /\
      /___/  \/___    /___    /  \
     /       /    \  /   /\  /\   \
    /   ____/   ___\/   /  \/  \   \
   /\   \      /   /\   \       \   \
  /  \___\    /   /  \   \____   \   \
 /        \  /   /    \      /\  /\   \
/___    ___\/   /      \____/  \/  \___\
\   \  /   /\   \      /   /\      /   /
 \   \/   /  \   \____/   /  \    /   /
  \      /   /\  /       /   /   /   /
   \____/   /  \/   ____/   /___/   /
    \      /    \  /\       \      /
     \    /___   \/  \_______\____/
      \  /   /    \       \      /
       \/   /______\    ___\    /
        \          /   /       /
         \________/___/_______/

solution 4 (4,515 searches):
0,12,1 0,13,0 0,13,1 0,14,0 1,12,0 1,12,1 1,13,0 D7
0,10,1 0,11,0 0,11,1 0,12,0 1,10,0 1,11,0 1,11,1 A7
2,11,1 2,12,0 3,10,0 3,10,1 3,11,0 4,09,1 4,10,0 E7
1,09,1 1,10,1 2,09,0 2,09,1 2,10,0 2,10,1 2,11,0 F7
0,08,0 0,08,1 0,09,0 0,09,1 0,10,0 1,08,1 1,09,0 G7
4,08,0 4,08,1 4,09,0 5,07,1 5,08,0 5,08,1 5,09,0 B7
2,08,0 2,08,1 3,07,1 3,08,0 3,08,1 3,09,0 3,09,1 H7
6,07,1 6,08,0 7,06,1 7,07,0 8,05,1 8,06,0 9,05,0 I7
4,06,1 4,07,0 4,07,1 5,05,1 5,06,0 6,05,0 6,05,1 C7
5,06,1 5,07,0 6,06,0 6,06,1 6,07,0 7,05,1 7,06,0 Z7
8,02,1 9,02,0 9,02,1 9,03,0 9,03,1 9,04,0 9,04,1 L7
7,04,1 7,05,0 8,03,0 8,03,1 8,04,0 8,04,1 8,05,0 Y7
5,02,1 5,03,0 5,03,1 6,03,0 6,03,1 6,04,0 6,04,1 N7
6,02,1 7,02,0 7,02,1 7,03,0 7,03,1 7,04,0 8,02,0 T7
8,00,0 8,00,1 8,01,1 9,00,0 9,00,1 9,01,0 9,01,1 U7
6,01,1 6,02,0 7,00,0 7,00,1 7,01,0 7,01,1 8,01,0 W7
4,00,1 5,00,0 5,00,1 5,01,1 6,00,0 6,00,1 6,01,0 J7
4,01,0 4,01,1 4,02,0 4,02,1 4,03,0 5,01,0 5,02,0 M7
2,02,1 3,01,1 3,02,0 3,02,1 3,03,0 3,03,1 3,04,0 P7
3,04,1 3,05,0 3,05,1 3,06,0 3,06,1 4,03,1 4,04,0 R7
1,06,1 2,05,1 2,06,0 2,06,1 2,07,0 2,07,1 3,07,0 Q7
0,06,1 0,07,0 0,07,1 1,06,0 1,07,0 1,07,1 1,08,0 S7
0,04,1 1,03,1 1,04,0 2,03,0 2,03,1 2,04,0 2,04,1 V7
0,05,0 0,05,1 0,06,0 1,04,1 1,05,0 1,05,1 2,05,0 X7

                   /\
                  /  \
                 /    \
                /      \
               /\      /\
              /  \____/  \
             /       /\   \
            /   ____/  \   \
           /\   \      /    \
          /  \___\    /___   \
         /    \      /   /\  /\
        /      \____/   /  \/  \
       /   /\  /       /       /\
      /___/  \/___    /___    /  \
     /       /    \  /   /\  /\   \
    /   ____/   ___\/   /  \/  \   \
   /\   \      /   /\   \       \   \
  /  \___\    /   /  \   \____   \   \
 /        \  /   /    \      /\  /\   \
/___    ___\/   /      \____/  \/  \___\
\   \  /   /\   \      /   /\      /   /
 \   \/   /  \   \____/   /  \    /   /
  \      /   /\  /       /   /   /   /
   \____/   /  \/   ____/   /___/   /
    \      /    \  /\       \      /
     \    /   ___\/  \_______\____/
      \  /    \   \       \      /
       \/______\   \    ___\    /
        \          /   /       /
         \________/___/_______/

solution 5 (6,110 searches):
0,12,1 0,13,0 0,13,1 0,14,0 1,12,0 1,12,1 1,13,0 D7
0,10,1 0,11,0 0,11,1 0,12,0 1,10,0 1,11,0 1,11,1 A7
2,11,1 2,12,0 3,10,0 3,10,1 3,11,0 4,09,1 4,10,0 E7
1,09,1 1,10,1 2,09,0 2,09,1 2,10,0 2,10,1 2,11,0 F7
0,08,0 0,08,1 0,09,0 0,09,1 0,10,0 1,08,1 1,09,0 G7
4,08,0 4,08,1 4,09,0 5,07,1 5,08,0 5,08,1 5,09,0 B7
2,08,0 2,08,1 3,07,1 3,08,0 3,08,1 3,09,0 3,09,1 H7
6,07,1 6,08,0 7,06,1 7,07,0 8,05,1 8,06,0 9,05,0 I7
4,06,1 4,07,0 4,07,1 5,05,1 5,06,0 6,05,0 6,05,1 C7
5,06,1 5,07,0 6,06,0 6,06,1 6,07,0 7,05,1 7,06,0 Z7
8,02,1 9,02,0 9,02,1 9,03,0 9,03,1 9,04,0 9,04,1 L7
7,04,1 7,05,0 8,03,0 8,03,1 8,04,0 8,04,1 8,05,0 Y7
6,04,1 7,02,1 7,03,0 7,03,1 7,04,0 8,01,1 8,02,0 N7
8,00,0 8,00,1 8,01,0 9,00,0 9,00,1 9,01,0 9,01,1 U7
5,03,0 5,03,1 6,02,1 6,03,0 6,03,1 6,04,0 7,02,0 W7
5,02,1 6,01,1 6,02,0 7,00,0 7,00,1 7,01,0 7,01,1 T7
4,00,1 4,01,0 4,01,1 5,00,0 5,00,1 6,00,0 6,00,1 J7
4,02,0 4,02,1 4,03,0 5,01,0 5,01,1 5,02,0 6,01,0 M7
2,02,1 3,01,1 3,02,0 3,02,1 3,03,0 3,03,1 3,04,0 P7
3,04,1 3,05,0 3,05,1 3,06,0 3,06,1 4,03,1 4,04,0 R7
1,06,1 2,05,1 2,06,0 2,06,1 2,07,0 2,07,1 3,07,0 Q7
0,06,1 0,07,0 0,07,1 1,06,0 1,07,0 1,07,1 1,08,0 S7
0,04,1 1,03,1 1,04,0 2,03,0 2,03,1 2,04,0 2,04,1 V7
0,05,0 0,05,1 0,06,0 1,04,1 1,05,0 1,05,1 2,05,0 X7

                   /\
                  /  \
                 /    \
                /      \
               /\      /\
              /  \____/  \
             /       /\   \
            /   ____/  \   \
           /\   \      /    \
          /  \___\    /___   \
         /    \      /   /\  /\
        /      \____/   /  \/  \
       /   /\  /       /       /\
      /___/  \/___    /___    /  \
     /       /    \  /   /\  /\   \
    /   ____/   ___\/   /  \/  \   \
   /\   \      /   /\   \       \   \
  /  \___\    /   /  \   \____   \   \
 /        \  /   /    \      /\  /\   \
/___    ___\/   /      \____/  \/  \___\
\   \  /   /\   \      /\   \      /   /
 \   \/   /  \   \____/  \   \    /   /
  \      /   /\  /       /   /   /   /
   \____/   /  \/___    /   /___/   /
    \      /    \   \   \   \      /
     \    /___   \   \___\   \____/
      \  /   /    \      /\  /   /
       \/   /______\    /  \/   /
        \          /   /       /
         \________/___/_______/

solution 6 (6,182 searches):
0,12,1 0,13,0 0,13,1 0,14,0 1,12,0 1,12,1 1,13,0 D7
0,10,1 0,11,0 0,11,1 0,12,0 1,10,0 1,11,0 1,11,1 A7
2,11,1 2,12,0 3,10,0 3,10,1 3,11,0 4,09,1 4,10,0 E7
1,09,1 1,10,1 2,09,0 2,09,1 2,10,0 2,10,1 2,11,0 F7
0,08,0 0,08,1 0,09,0 0,09,1 0,10,0 1,08,1 1,09,0 G7
4,08,0 4,08,1 4,09,0 5,07,1 5,08,0 5,08,1 5,09,0 B7
2,08,0 2,08,1 3,07,1 3,08,0 3,08,1 3,09,0 3,09,1 H7
6,07,1 6,08,0 7,06,1 7,07,0 8,05,1 8,06,0 9,05,0 I7
4,06,1 4,07,0 4,07,1 5,05,1 5,06,0 6,05,0 6,05,1 C7
5,06,1 5,07,0 6,06,0 6,06,1 6,07,0 7,05,1 7,06,0 Z7
8,02,1 9,02,0 9,02,1 9,03,0 9,03,1 9,04,0 9,04,1 L7
7,04,1 7,05,0 8,03,0 8,03,1 8,04,0 8,04,1 8,05,0 Y7
6,04,1 7,02,1 7,03,0 7,03,1 7,04,0 8,01,1 8,02,0 N7
8,00,0 8,00,1 8,01,0 9,00,0 9,00,1 9,01,0 9,01,1 U7
5,03,0 5,03,1 6,02,1 6,03,0 6,03,1 6,04,0 7,02,0 W7
5,02,1 6,01,1 6,02,0 7,00,0 7,00,1 7,01,0 7,01,1 T7
4,00,1 5,00,0 5,00,1 5,01,1 6,00,0 6,00,1 6,01,0 J7
4,01,0 4,01,1 4,02,0 4,02,1 4,03,0 5,01,0 5,02,0 M7
2,02,1 3,01,1 3,02,0 3,02,1 3,03,0 3,03,1 3,04,0 P7
3,04,1 3,05,0 3,05,1 3,06,0 3,06,1 4,03,1 4,04,0 R7
1,06,1 2,05,1 2,06,0 2,06,1 2,07,0 2,07,1 3,07,0 Q7
0,06,1 0,07,0 0,07,1 1,06,0 1,07,0 1,07,1 1,08,0 S7
0,04,1 1,03,1 1,04,0 2,03,0 2,03,1 2,04,0 2,04,1 V7
0,05,0 0,05,1 0,06,0 1,04,1 1,05,0 1,05,1 2,05,0 X7

                   /\
                  /  \
                 /    \
                /      \
               /\      /\
              /  \____/  \
             /       /\   \
            /   ____/  \   \
           /\   \      /    \
          /  \___\    /___   \
         /    \      /   /\  /\
        /      \____/   /  \/  \
       /   /\  /       /       /\
      /___/  \/___    /___    /  \
     /       /    \  /   /\  /\   \
    /   ____/   ___\/   /  \/  \   \
   /\   \      /   /\   \       \   \
  /  \___\    /   /  \   \____   \   \
 /        \  /   /    \      /\  /\   \
/___    ___\/   /      \____/  \/  \___\
\   \  /   /\   \      /\   \      /   /
 \   \/   /  \   \____/  \   \    /   /
  \      /   /\  /       /   /   /   /
   \____/   /  \/___    /   /___/   /
    \      /    \   \   \   \      /
     \    /   ___\   \___\   \____/
      \  /    \   \      /\  /   /
       \/______\   \    /  \/   /
        \          /   /       /
         \________/___/_______/

solution 7 (7,977 searches):
0,12,1 0,13,0 0,13,1 0,14,0 1,12,0 1,12,1 1,13,0 D7
0,10,1 0,11,0 0,11,1 0,12,0 1,10,0 1,11,0 1,11,1 A7
2,11,1 2,12,0 3,10,0 3,10,1 3,11,0 4,09,1 4,10,0 E7
1,09,1 1,10,1 2,09,0 2,09,1 2,10,0 2,10,1 2,11,0 F7
0,08,0 0,08,1 0,09,0 0,09,1 0,10,0 1,08,1 1,09,0 G7
4,08,0 4,08,1 4,09,0 5,07,1 5,08,0 5,08,1 5,09,0 B7
2,08,0 2,08,1 3,07,1 3,08,0 3,08,1 3,09,0 3,09,1 H7
6,07,1 6,08,0 7,06,1 7,07,0 8,05,1 8,06,0 9,05,0 I7
4,06,1 4,07,0 4,07,1 5,05,1 5,06,0 6,05,0 6,05,1 C7
5,06,1 5,07,0 6,06,0 6,06,1 6,07,0 7,05,1 7,06,0 Z7
8,02,1 9,02,0 9,02,1 9,03,0 9,03,1 9,04,0 9,04,1 L7
7,04,1 7,05,0 8,03,0 8,03,1 8,04,0 8,04,1 8,05,0 Y7
6,04,1 7,02,0 7,02,1 7,03,0 7,03,1 7,04,0 8,02,0 Q7
5,02,1 6,01,1 6,02,0 6,02,1 6,03,0 6,03,1 6,04,0 P7
8,00,0 8,00,1 8,01,1 9,00,0 9,00,1 9,01,0 9,01,1 U7
6,00,1 6,01,0 7,00,0 7,00,1 7,01,0 7,01,1 8,01,0 S7
2,04,1 3,04,0 3,04,1 4,03,1 4,04,0 5,03,0 5,03,1 N7
4,00,1 5,00,0 5,00,1 5,01,0 5,01,1 5,02,0 6,00,0 T7
3,01,1 3,02,0 4,01,0 4,01,1 4,02,0 4,02,1 4,03,0 J7
1,03,1 2,02,1 2,03,0 2,03,1 3,02,1 3,03,0 3,03,1 M7
0,04,1 0,05,0 0,05,1 0,06,0 1,04,0 1,04,1 2,04,0 V7
2,05,0 2,05,1 3,05,0 3,05,1 3,06,0 3,06,1 3,07,0 R7
0,06,1 0,07,0 1,05,0 1,05,1 1,06,0 1,06,1 2,06,0 W7
0,07,1 1,07,0 1,07,1 1,08,0 2,06,1 2,07,0 2,07,1 X7

                   /\
                  /  \
                 /    \
                /      \
               /\      /\
              /  \____/  \
             /       /\   \
            /   ____/  \   \
           /\   \      /    \
          /  \___\    /___   \
         /    \      /   /\  /\
        /      \____/   /  \/  \
       /   /\  /       /       /\
      /___/  \/___    /___    /  \
     /\          /\  /   /\  /\   \
    /  \____    /  \/   /  \/  \   \
   /\       \  /   /\   \       \   \
  /  \    ___\/   /  \   \____   \   \
 /   /   /       /    \      /\  /\   \
/   /___/_______/      \____/  \/  \___\
\       \       \      /\   \      /   /
 \_______\____   \____/  \   \    /   /
  \          /\      /   /   /   /   /
   \        /  \____/   /   /___/   /
    \  /\  /   /\      /    \      /
     \/  \/   /  \    /______\____/
      \      /   /\  /    \      /
       \____/   /  \/   ___\    /
        \       \      /       /
         \_______\____/_______/

solution 8 (7,993 searches):
0,12,1 0,13,0 0,13,1 0,14,0 1,12,0 1,12,1 1,13,0 D7
0,10,1 0,11,0 0,11,1 0,12,0 1,10,0 1,11,0 1,11,1 A7
2,11,1 2,12,0 3,10,0 3,10,1 3,11,0 4,09,1 4,10,0 E7
1,09,1 1,10,1 2,09,0 2,09,1 2,10,0 2,10,1 2,11,0 F7
0,08,0 0,08,1 0,09,0 0,09,1 0,10,0 1,08,1 1,09,0 G7
4,08,0 4,08,1 4,09,0 5,07,1 5,08,0 5,08,1 5,09,0 B7
2,08,0 2,08,1 3,07,1 3,08,0 3,08,1 3,09,0 3,09,1 H7
6,07,1 6,08,0 7,06,1 7,07,0 8,05,1 8,06,0 9,05,0 I7
4,06,1 4,07,0 4,07,1 5,05,1 5,06,0 6,05,0 6,05,1 C7
5,06,1 5,07,0 6,06,0 6,06,1 6,07,0 7,05,1 7,06,0 Z7
8,02,1 9,02,0 9,02,1 9,03,0 9,03,1 9,04,0 9,04,1 L7
7,04,1 7,05,0 8,03,0 8,03,1 8,04,0 8,04,1 8,05,0 Y7
6,04,1 7,02,0 7,02,1 7,03,0 7,03,1 7,04,0 8,02,0 Q7
5,02,1 6,01,1 6,02,0 6,02,1 6,03,0 6,03,1 6,04,0 P7
8,00,0 8,00,1 8,01,1 9,00,0 9,00,1 9,01,0 9,01,1 U7
6,00,1 6,01,0 7,00,0 7,00,1 7,01,0 7,01,1 8,01,0 S7
2,04,1 3,04,0 3,04,1 4,03,1 4,04,0 5,03,0 5,03,1 N7
4,00,1 5,00,0 5,00,1 5,01,0 5,01,1 5,02,0 6,00,0 T7
3,03,0 3,03,1 4,01,0 4,01,1 4,02,0 4,02,1 4,03,0 J7
1,03,1 2,02,1 2,03,0 2,03,1 3,01,1 3,02,0 3,02,1 M7
0,04,1 0,05,0 0,05,1 0,06,0 1,04,0 1,04,1 2,04,0 V7
2,05,0 2,05,1 3,05,0 3,05,1 3,06,0 3,06,1 3,07,0 R7
0,06,1 0,07,0 1,05,0 1,05,1 1,06,0 1,06,1 2,06,0 W7
0,07,1 1,07,0 1,07,1 1,08,0 2,06,1 2,07,0 2,07,1 X7

                   /\
                  /  \
                 /    \
                /      \
               /\      /\
              /  \____/  \
             /       /\   \
            /   ____/  \   \
           /\   \      /    \
          /  \___\    /___   \
         /    \      /   /\  /\
        /      \____/   /  \/  \
       /   /\  /       /       /\
      /___/  \/___    /___    /  \
     /\          /\  /   /\  /\   \
    /  \____    /  \/   /  \/  \   \
   /\       \  /   /\   \       \   \
  /  \    ___\/   /  \   \____   \   \
 /   /   /       /    \      /\  /\   \
/   /___/_______/      \____/  \/  \___\
\       \       \      /\   \      /   /
 \_______\____   \____/  \   \    /   /
  \      /    \      /   /   /   /   /
   \    /___   \____/   /   /___/   /
    \      /   /\      /    \      /
     \    /   /  \    /______\____/
      \  /   /   /\  /    \      /
       \/___/   /  \/   ___\    /
        \       \      /       /
         \_______\____/_______/

solution 9 (10,047 searches):
0,12,1 0,13,0 0,13,1 0,14,0 1,12,0 1,12,1 1,13,0 D7
0,10,1 0,11,0 0,11,1 0,12,0 1,10,0 1,11,0 1,11,1 A7
2,11,1 2,12,0 3,10,0 3,10,1 3,11,0 4,09,1 4,10,0 E7
1,09,1 1,10,1 2,09,0 2,09,1 2,10,0 2,10,1 2,11,0 F7
0,08,0 0,08,1 0,09,0 0,09,1 0,10,0 1,08,1 1,09,0 G7
4,08,0 4,08,1 4,09,0 5,07,1 5,08,0 5,08,1 5,09,0 B7
2,08,0 2,08,1 3,07,1 3,08,0 3,08,1 3,09,0 3,09,1 H7
6,07,1 6,08,0 7,06,1 7,07,0 8,05,1 8,06,0 9,05,0 I7
4,06,1 4,07,0 4,07,1 5,05,1 5,06,0 6,05,0 6,05,1 C7
5,06,1 5,07,0 6,06,0 6,06,1 6,07,0 7,05,1 7,06,0 Z7
8,02,1 9,02,0 9,02,1 9,03,0 9,03,1 9,04,0 9,04,1 L7
7,04,1 7,05,0 8,03,0 8,03,1 8,04,0 8,04,1 8,05,0 Y7
5,03,1 6,03,0 6,03,1 6,04,0 6,04,1 7,03,1 7,04,0 S7
1,06,1 2,05,1 2,06,0 2,06,1 2,07,0 2,07,1 3,07,0 Q7
0,06,0 0,06,1 0,07,0 0,07,1 1,07,0 1,07,1 1,08,0 N7
3,04,1 3,05,0 3,05,1 3,06,0 3,06,1 4,03,1 4,04,0 R7
0,05,0 0,05,1 1,04,1 1,05,0 1,05,1 1,06,0 2,05,0 X7
0,04,1 1,03,1 1,04,0 2,03,0 2,03,1 2,04,0 2,04,1 V7
3,03,0 3,03,1 3,04,0 4,02,0 4,02,1 4,03,0 5,02,0 M7
2,02,1 3,01,1 3,02,0 3,02,1 4,00,1 4,01,0 5,00,0 P7
5,02,1 5,03,0 6,01,0 6,01,1 6,02,0 6,02,1 7,02,0 W7
4,01,1 5,00,1 5,01,0 5,01,1 6,00,0 6,00,1 7,00,0 U7
7,02,1 7,03,0 8,01,0 8,01,1 8,02,0 9,01,0 9,01,1 T7
7,00,1 7,01,0 7,01,1 8,00,0 8,00,1 9,00,0 9,00,1 J7

                   /\
                  /  \
                 /    \
                /      \
               /\      /\
              /  \____/  \
             /       /\   \
            /   ____/  \   \
           /\   \      /    \
          /  \___\    /___   \
         /    \      /   /\  /\
        /      \____/   /  \/  \
       /   /\  /       /       /\
      /___/  \/___    /___    /  \
     /       /    \  /   /\  /\   \
    /   ____/   ___\/   /  \/  \   \
   /   /\      /   /\   \       \   \
  /___/  \    /   /  \   \____   \   \
 /        \  /   /    \      /\  /\   \
/___    ___\/   /      \____/  \/  \___\
\   \  /   /\   \      /    \      /   /
 \   \/   /  \   \____/      \    /   /
  \      /    \  /\      /\  /   /   /
   \____/___   \/  \____/  \/___/   /
    \      /    \       \   \      /
     \    /______\    ___\   \____/
      \   \      /   /   /       /
       \   \    /___/   /_______/
        \   \       \          /
         \___\_______\________/

solution 10 (25,345 searches):
0,12,1 0,13,0 0,13,1 0,14,0 1,12,0 1,12,1 1,13,0 D7
0,10,1 0,11,0 0,11,1 0,12,0 1,10,0 1,11,0 1,11,1 A7
2,11,1 2,12,0 3,10,0 3,10,1 3,11,0 4,09,1 4,10,0 E7
1,09,1 1,10,1 2,09,0 2,09,1 2,10,0 2,10,1 2,11,0 F7
0,08,0 0,08,1 0,09,0 0,09,1 0,10,0 1,08,1 1,09,0 G7
4,08,0 4,08,1 4,09,0 5,07,1 5,08,0 5,08,1 5,09,0 B7
2,08,0 2,08,1 3,07,1 3,08,0 3,08,1 3,09,0 3,09,1 H7
6,07,1 6,08,0 7,06,1 7,07,0 8,05,1 8,06,0 9,05,0 I7
4,06,1 4,07,0 5,05,1 5,06,0 6,04,0 6,04,1 6,05,0 L7
4,07,1 5,06,1 5,07,0 6,06,0 6,06,1 6,07,0 7,06,0 U7
6,05,1 7,05,0 7,05,1 8,04,1 8,05,0 9,04,0 9,04,1 N7
8,02,1 8,03,1 9,01,1 9,02,0 9,02,1 9,03,0 9,03,1 M7
6,03,1 7,03,0 7,03,1 7,04,0 7,04,1 8,03,0 8,04,0 Z7
7,02,1 8,00,1 8,01,1 8,02,0 9,00,0 9,00,1 9,01,0 J7
6,01,0 6,01,1 7,00,1 7,01,0 7,01,1 8,00,0 8,01,0 Y7
4,01,1 4,02,0 5,00,1 5,01,0 6,00,0 6,00,1 7,00,0 R7
2,02,1 3,01,1 3,02,0 3,02,1 4,00,1 4,01,0 5,00,0 P7
5,01,1 5,02,0 5,02,1 6,02,0 6,02,1 6,03,0 7,02,0 Q7
3,04,1 4,02,1 4,03,0 4,03,1 4,04,0 5,03,0 5,03,1 W7
1,07,0 1,07,1 1,08,0 2,06,1 2,07,0 2,07,1 3,07,0 X7
1,06,1 2,05,1 2,06,0 3,05,0 3,05,1 3,06,0 3,06,1 V7
0,06,0 0,06,1 0,07,0 0,07,1 1,05,1 1,06,0 2,05,0 T7
1,03,1 1,04,0 2,03,0 2,03,1 3,03,0 3,03,1 3,04,0 C7
0,04,1 0,05,0 0,05,1 1,04,1 1,05,0 2,04,0 2,04,1 S7

                   /\
                  /  \
                 /    \
                /      \
               /\      /\
              /  \____/  \
             /       /\   \
            /   ____/  \   \
           /\   \      /    \
          /  \___\    /___   \
         /    \      /   /\  /\
        /      \____/   /  \/  \
       /   /\  /       /       /\
      /___/  \/___    /___    /  \
     /   /        \  /\   \  /\   \
    /   /___    ___\/  \   \/  \   \
   /    \   \  /   /\   \       \   \
  /___   \   \/   /  \   \_______\   \
 /    \   \      /    \   \       \   \
/      \___\____/      \   \____   \___\
\  /\      /\   \      /   /    \      /
 \/  \____/  \   \____/___/   ___\____/
  \          /       /\       \      /
   \________/   ____/  \_______\    /
    \      /\  /        \   \      /
     \    /  \/   _______\   \    /
      \   \   \  /        \   \  /
       \   \   \/___    ___\   \/
        \   \       \   \      /
         \___\_______\___\____/

User-requested solution limit reached.
10 solutions, 25,345 searches, duration 0:00:03.947932
