solving HeptiamondsHexgrid2Bone:

solution 1 (3,650,246,686 searches):
08,06,0 08,06,1 08,07,0 09,06,0 09,06,1 10,06,0 10,06,1 P7
06,07,1 06,08,0 06,08,1 07,06,1 07,07,0 07,07,1 07,08,0 D7
07,09,1 08,07,1 08,08,1 08,09,0 09,07,0 09,07,1 09,08,0 J7
05,09,1 05,10,0 06,09,0 06,09,1 07,08,1 07,09,0 08,08,0 N7
10,07,0 10,07,1 11,06,0 11,06,1 11,07,0 11,07,1 12,06,0 B7
10,05,1 11,04,1 11,05,0 11,05,1 12,04,1 12,05,0 12,05,1 M7
13,03,0 13,03,1 13,04,0 13,04,1 13,05,0 14,02,1 14,03,0 H7
12,02,0 12,02,1 12,03,0 12,03,1 12,04,0 13,02,0 13,02,1 G7
12,01,1 13,00,1 13,01,0 14,00,0 14,00,1 15,00,0 15,00,1 R7
13,01,1 14,01,0 14,01,1 14,02,0 15,01,0 15,01,1 15,02,0 F7
12,06,1 12,07,0 12,07,1 13,05,1 13,06,0 13,06,1 14,06,0 A7
12,08,0 12,08,1 13,07,0 13,07,1 13,08,0 14,07,0 14,07,1 Z7
14,06,1 14,08,1 15,06,0 15,06,1 15,07,0 15,07,1 15,08,0 C7
12,09,0 12,09,1 13,08,1 13,09,0 13,09,1 14,08,0 14,09,0 Y7
04,08,1 04,09,1 04,10,0 04,10,1 05,08,0 05,08,1 05,09,0 S7
00,07,1 01,06,1 01,07,0 02,06,0 02,06,1 02,07,0 03,06,0 U7
00,08,0 00,08,1 01,07,1 01,08,0 01,08,1 02,08,0 02,08,1 E7
00,09,0 00,09,1 01,09,0 01,09,1 02,09,0 02,09,1 03,09,0 I7
02,07,1 03,06,1 03,07,0 03,07,1 03,08,0 03,08,1 04,08,0 Q7
02,10,0 02,10,1 03,09,1 03,10,0 03,10,1 03,11,0 04,09,0 W7
00,13,1 00,14,0 01,12,1 01,13,0 02,11,0 02,11,1 02,12,0 L7
02,12,1 03,11,1 03,12,0 03,12,1 03,13,0 03,13,1 04,11,0 T7
00,14,1 00,15,0 00,15,1 01,13,1 01,14,0 01,15,0 01,15,1 V7
01,14,1 02,13,0 02,13,1 02,14,0 02,14,1 02,15,0 03,14,0 X7

                ________
               /       /\
              /   ____/  \
             /\   \       \
            /  \   \    ___\
            \   \  /   /   /
             \   \/___/   /
              \   \      /
               \   \    /
               /   /\   \
              /___/  \___\
             /       /   /\
    ________/___    /   /  \________                ________
   /            \   \   \       \   \              /        \
  /______________\___\   \____   \   \            /___    ___\
 /           /    \      /    \   \   \          /    \   \   \
/___    ____/   ___\____/      \___\   \________/___   \___\   \
\   \  /\      /        \      /\      /       /   /       /   /
 \   \/  \    /          \    /  \____/___    /   /_______/   /
  \       \  /            \  /           /    \       \      /
   \_______\/              \/___________/______\    ___\____/
                                    \          /\  /
                                     \        /  \/
                                      \  /\  /   /
                                       \/  \/   /
                                       /   /    \
                                      /   /___   \
                                     /       /\  /\
                                    /_______/  \/  \
                                    \   \          /
                                     \   \________/
                                      \          /
                                       \________/

solution 2 (3,650,246,691 searches):
08,06,0 08,06,1 08,07,0 09,06,0 09,06,1 10,06,0 10,06,1 P7
06,07,1 06,08,0 06,08,1 07,06,1 07,07,0 07,07,1 07,08,0 D7
07,09,1 08,07,1 08,08,1 08,09,0 09,07,0 09,07,1 09,08,0 J7
05,09,1 05,10,0 06,09,0 06,09,1 07,08,1 07,09,0 08,08,0 N7
10,07,0 10,07,1 11,06,0 11,06,1 11,07,0 11,07,1 12,06,0 B7
10,05,1 11,04,1 11,05,0 11,05,1 12,04,1 12,05,0 12,05,1 M7
13,03,0 13,03,1 13,04,0 13,04,1 13,05,0 14,02,1 14,03,0 H7
12,02,0 12,02,1 12,03,0 12,03,1 12,04,0 13,02,0 13,02,1 G7
12,01,1 13,00,1 13,01,0 14,00,0 14,00,1 15,00,0 15,00,1 R7
13,01,1 14,01,0 14,01,1 14,02,0 15,01,0 15,01,1 15,02,0 F7
12,06,1 12,07,0 12,07,1 13,05,1 13,06,0 13,06,1 14,06,0 A7
12,08,0 12,08,1 13,07,0 13,07,1 13,08,0 14,07,0 14,07,1 Z7
14,06,1 14,08,1 15,06,0 15,06,1 15,07,0 15,07,1 15,08,0 C7
12,09,0 12,09,1 13,08,1 13,09,0 13,09,1 14,08,0 14,09,0 Y7
04,08,1 04,09,1 04,10,0 04,10,1 05,08,0 05,08,1 05,09,0 S7
00,07,1 01,06,1 01,07,0 02,06,0 02,06,1 02,07,0 03,06,0 U7
00,08,0 00,08,1 01,07,1 01,08,0 01,08,1 02,08,0 02,08,1 E7
00,09,0 00,09,1 01,09,0 01,09,1 02,09,0 02,09,1 03,09,0 I7
02,07,1 03,06,1 03,07,0 03,07,1 03,08,0 03,08,1 04,08,0 Q7
02,10,0 02,10,1 03,09,1 03,10,0 03,10,1 03,11,0 04,09,0 W7
00,13,1 01,12,1 01,13,0 02,11,0 02,11,1 02,12,0 02,12,1 T7
03,11,1 03,12,0 03,12,1 03,13,0 03,13,1 03,14,0 04,11,0 L7
00,15,1 01,15,0 01,15,1 02,13,1 02,14,0 02,14,1 02,15,0 V7
00,14,0 00,14,1 00,15,0 01,13,1 01,14,0 01,14,1 02,13,0 X7

                ________
               /\       \
              /  \____   \
             /       /   /\
            /___    /   /  \
            \   \   \  /   /
             \   \___\/   /
              \      /   /
               \    /   /
               /   /\   \
              /___/  \___\
             /       /   /\
    ________/___    /   /  \________                ________
   /            \   \   \       \   \              /        \
  /______________\___\   \____   \   \            /___    ___\
 /           /    \      /    \   \   \          /    \   \   \
/___    ____/   ___\____/      \___\   \________/___   \___\   \
\   \  /\      /        \      /\      /       /   /       /   /
 \   \/  \    /          \    /  \____/___    /   /_______/   /
  \       \  /            \  /           /    \       \      /
   \_______\/              \/___________/______\    ___\____/
                                    \          /\  /
                                     \        /  \/
                                      \  /\  /   /
                                       \/  \/   /
                                       /   /    \
                                      /   /___   \
                                     /       /\  /\
                                    /_______/  \/  \
                                    \   \          /
                                     \   \________/
                                      \          /
                                       \________/

solution 3 (3,650,246,789 searches):
08,06,0 08,06,1 08,07,0 09,06,0 09,06,1 10,06,0 10,06,1 P7
06,07,1 06,08,0 06,08,1 07,06,1 07,07,0 07,07,1 07,08,0 D7
07,09,1 08,07,1 08,08,1 08,09,0 09,07,0 09,07,1 09,08,0 J7
05,09,1 05,10,0 06,09,0 06,09,1 07,08,1 07,09,0 08,08,0 N7
10,07,0 10,07,1 11,06,0 11,06,1 11,07,0 11,07,1 12,06,0 B7
10,05,1 11,04,1 11,05,0 11,05,1 12,04,1 12,05,0 12,05,1 M7
13,03,0 13,03,1 13,04,0 13,04,1 13,05,0 14,02,1 14,03,0 H7
12,02,0 12,02,1 12,03,0 12,03,1 12,04,0 13,02,0 13,02,1 G7
12,01,1 13,00,1 13,01,0 14,00,0 14,00,1 15,00,0 15,00,1 R7
13,01,1 14,01,0 14,01,1 14,02,0 15,01,0 15,01,1 15,02,0 F7
12,06,1 12,07,0 12,07,1 13,05,1 13,06,0 13,06,1 14,06,0 A7
12,08,0 12,08,1 13,07,0 13,07,1 13,08,0 14,07,0 14,07,1 Z7
14,06,1 14,08,1 15,06,0 15,06,1 15,07,0 15,07,1 15,08,0 C7
12,09,0 12,09,1 13,08,1 13,09,0 13,09,1 14,08,0 14,09,0 Y7
04,08,1 04,09,1 04,10,0 04,10,1 05,08,0 05,08,1 05,09,0 S7
00,07,1 00,08,0 00,08,1 01,06,1 01,07,0 01,08,0 01,08,1 V7
00,09,0 00,09,1 01,09,0 01,09,1 02,09,0 02,09,1 03,09,0 I7
03,06,0 03,06,1 03,07,0 03,07,1 03,08,0 03,08,1 04,08,0 L7
01,07,1 02,06,0 02,06,1 02,07,0 02,07,1 02,08,0 02,08,1 E7
02,10,0 02,10,1 03,09,1 03,10,0 03,10,1 03,11,0 04,09,0 W7
00,13,1 01,12,1 01,13,0 01,13,1 02,11,0 02,11,1 02,12,0 Q7
02,12,1 03,11,1 03,12,0 03,12,1 03,13,0 03,13,1 04,11,0 T7
01,14,1 02,13,0 02,13,1 02,14,0 02,14,1 02,15,0 03,14,0 X7
00,14,0 00,14,1 00,15,0 00,15,1 01,14,0 01,15,0 01,15,1 U7

                ________
               /       /\
              /   ____/  \
             /    \       \
            /______\    ___\
            \      /   /   /
             \    /___/   /
              \   \      /
               \   \    /
               /   /\   \
              /___/  \___\
             /       /   /\
    ________/___    /   /  \________                ________
   /            \   \   \       \   \              /        \
  /______________\___\   \____   \   \            /___    ___\
 /       /   /    \      /    \   \   \          /    \   \   \
/   ____/   /   ___\____/      \___\   \________/___   \___\   \
\   \      /   /        \      /\      /       /   /       /   /
 \   \    /   /          \    /  \____/___    /   /_______/   /
  \  /   /   /            \  /           /    \       \      /
   \/___/___/              \/___________/______\    ___\____/
                                    \          /\  /
                                     \        /  \/
                                      \  /\  /   /
                                       \/  \/   /
                                       /   /    \
                                      /   /___   \
                                     /       /\  /\
                                    /_______/  \/  \
                                    \   \          /
                                     \   \________/
                                      \          /
                                       \________/

solution 4 (3,650,246,794 searches):
08,06,0 08,06,1 08,07,0 09,06,0 09,06,1 10,06,0 10,06,1 P7
06,07,1 06,08,0 06,08,1 07,06,1 07,07,0 07,07,1 07,08,0 D7
07,09,1 08,07,1 08,08,1 08,09,0 09,07,0 09,07,1 09,08,0 J7
05,09,1 05,10,0 06,09,0 06,09,1 07,08,1 07,09,0 08,08,0 N7
10,07,0 10,07,1 11,06,0 11,06,1 11,07,0 11,07,1 12,06,0 B7
10,05,1 11,04,1 11,05,0 11,05,1 12,04,1 12,05,0 12,05,1 M7
13,03,0 13,03,1 13,04,0 13,04,1 13,05,0 14,02,1 14,03,0 H7
12,02,0 12,02,1 12,03,0 12,03,1 12,04,0 13,02,0 13,02,1 G7
12,01,1 13,00,1 13,01,0 14,00,0 14,00,1 15,00,0 15,00,1 R7
13,01,1 14,01,0 14,01,1 14,02,0 15,01,0 15,01,1 15,02,0 F7
12,06,1 12,07,0 12,07,1 13,05,1 13,06,0 13,06,1 14,06,0 A7
12,08,0 12,08,1 13,07,0 13,07,1 13,08,0 14,07,0 14,07,1 Z7
14,06,1 14,08,1 15,06,0 15,06,1 15,07,0 15,07,1 15,08,0 C7
12,09,0 12,09,1 13,08,1 13,09,0 13,09,1 14,08,0 14,09,0 Y7
04,08,1 04,09,1 04,10,0 04,10,1 05,08,0 05,08,1 05,09,0 S7
00,07,1 00,08,0 00,08,1 01,06,1 01,07,0 01,08,0 01,08,1 V7
00,09,0 00,09,1 01,09,0 01,09,1 02,09,0 02,09,1 03,09,0 I7
03,06,0 03,06,1 03,07,0 03,07,1 03,08,0 03,08,1 04,08,0 L7
01,07,1 02,06,0 02,06,1 02,07,0 02,07,1 02,08,0 02,08,1 E7
02,10,0 02,10,1 03,09,1 03,10,0 03,10,1 03,11,0 04,09,0 W7
00,13,1 01,12,1 01,13,0 02,11,0 02,11,1 02,12,0 02,12,1 T7
02,13,1 03,11,1 03,12,0 03,12,1 03,13,0 03,13,1 04,11,0 Q7
00,14,0 00,14,1 00,15,0 01,13,1 01,14,0 01,14,1 02,13,0 X7
00,15,1 01,15,0 01,15,1 02,14,0 02,14,1 02,15,0 03,14,0 U7

                ________
               /\       \
              /  \____   \
             /       /    \
            /___    /______\
            \   \   \      /
             \   \___\    /
              \      /   /
               \    /   /
               /   /\   \
              /___/  \___\
             /       /   /\
    ________/___    /   /  \________                ________
   /            \   \   \       \   \              /        \
  /______________\___\   \____   \   \            /___    ___\
 /       /   /    \      /    \   \   \          /    \   \   \
/   ____/   /   ___\____/      \___\   \________/___   \___\   \
\   \      /   /        \      /\      /       /   /       /   /
 \   \    /   /          \    /  \____/___    /   /_______/   /
  \  /   /   /            \  /           /    \       \      /
   \/___/___/              \/___________/______\    ___\____/
                                    \          /\  /
                                     \        /  \/
                                      \  /\  /   /
                                       \/  \/   /
                                       /   /    \
                                      /   /___   \
                                     /       /\  /\
                                    /_______/  \/  \
                                    \   \          /
                                     \   \________/
                                      \          /
                                       \________/

solution 5 (3,650,246,835 searches):
08,06,0 08,06,1 08,07,0 09,06,0 09,06,1 10,06,0 10,06,1 P7
06,07,1 06,08,0 06,08,1 07,06,1 07,07,0 07,07,1 07,08,0 D7
07,09,1 08,07,1 08,08,1 08,09,0 09,07,0 09,07,1 09,08,0 J7
05,09,1 05,10,0 06,09,0 06,09,1 07,08,1 07,09,0 08,08,0 N7
10,07,0 10,07,1 11,06,0 11,06,1 11,07,0 11,07,1 12,06,0 B7
10,05,1 11,04,1 11,05,0 11,05,1 12,04,1 12,05,0 12,05,1 M7
13,03,0 13,03,1 13,04,0 13,04,1 13,05,0 14,02,1 14,03,0 H7
12,02,0 12,02,1 12,03,0 12,03,1 12,04,0 13,02,0 13,02,1 G7
12,01,1 13,00,1 13,01,0 14,00,0 14,00,1 15,00,0 15,00,1 R7
13,01,1 14,01,0 14,01,1 14,02,0 15,01,0 15,01,1 15,02,0 F7
12,06,1 12,07,0 12,07,1 13,05,1 13,06,0 13,06,1 14,06,0 A7
12,08,0 12,08,1 13,07,0 13,07,1 13,08,0 14,07,0 14,07,1 Z7
14,06,1 14,08,1 15,06,0 15,06,1 15,07,0 15,07,1 15,08,0 C7
12,09,0 12,09,1 13,08,1 13,09,0 13,09,1 14,08,0 14,09,0 Y7
04,08,1 04,09,1 04,10,0 04,10,1 05,08,0 05,08,1 05,09,0 S7
00,07,1 00,08,0 00,08,1 01,06,1 01,07,0 01,08,0 01,08,1 V7
00,09,0 00,09,1 01,09,0 01,09,1 02,09,0 02,09,1 03,09,0 I7
02,08,1 03,06,1 03,07,0 03,07,1 03,08,0 03,08,1 04,08,0 T7
01,07,1 02,06,0 02,06,1 02,07,0 02,07,1 02,08,0 03,06,0 X7
02,10,0 02,10,1 03,09,1 03,10,0 03,10,1 03,11,0 04,09,0 W7
00,13,1 00,14,0 01,12,1 01,13,0 02,11,0 02,11,1 02,12,0 L7
02,13,1 03,11,1 03,12,0 03,12,1 03,13,0 03,13,1 04,11,0 Q7
00,14,1 00,15,0 01,13,1 01,14,0 01,14,1 02,12,1 02,13,0 E7
00,15,1 01,15,0 01,15,1 02,14,0 02,14,1 02,15,0 03,14,0 U7

                ________
               /\       \
              /  \____   \
             /\      /    \
            /  \    /______\
            \   \   \      /
             \   \   \    /
              \   \  /   /
               \   \/   /
               /   /\   \
              /___/  \___\
             /       /   /\
    ________/___    /   /  \________                ________
   /            \   \   \       \   \              /        \
  /______________\___\   \____   \   \            /___    ___\
 /       /\       \      /    \   \   \          /    \   \   \
/   ____/  \    ___\____/      \___\   \________/___   \___\   \
\   \      /   /        \      /\      /       /   /       /   /
 \   \    /   /          \    /  \____/___    /   /_______/   /
  \  /    \  /            \  /           /    \       \      /
   \/______\/              \/___________/______\    ___\____/
                                    \          /\  /
                                     \        /  \/
                                      \  /\  /   /
                                       \/  \/   /
                                       /   /    \
                                      /   /___   \
                                     /       /\  /\
                                    /_______/  \/  \
                                    \   \          /
                                     \   \________/
                                      \          /
                                       \________/

solution 6 (3,650,246,839 searches):
08,06,0 08,06,1 08,07,0 09,06,0 09,06,1 10,06,0 10,06,1 P7
06,07,1 06,08,0 06,08,1 07,06,1 07,07,0 07,07,1 07,08,0 D7
07,09,1 08,07,1 08,08,1 08,09,0 09,07,0 09,07,1 09,08,0 J7
05,09,1 05,10,0 06,09,0 06,09,1 07,08,1 07,09,0 08,08,0 N7
10,07,0 10,07,1 11,06,0 11,06,1 11,07,0 11,07,1 12,06,0 B7
10,05,1 11,04,1 11,05,0 11,05,1 12,04,1 12,05,0 12,05,1 M7
13,03,0 13,03,1 13,04,0 13,04,1 13,05,0 14,02,1 14,03,0 H7
12,02,0 12,02,1 12,03,0 12,03,1 12,04,0 13,02,0 13,02,1 G7
12,01,1 13,00,1 13,01,0 14,00,0 14,00,1 15,00,0 15,00,1 R7
13,01,1 14,01,0 14,01,1 14,02,0 15,01,0 15,01,1 15,02,0 F7
12,06,1 12,07,0 12,07,1 13,05,1 13,06,0 13,06,1 14,06,0 A7
12,08,0 12,08,1 13,07,0 13,07,1 13,08,0 14,07,0 14,07,1 Z7
14,06,1 14,08,1 15,06,0 15,06,1 15,07,0 15,07,1 15,08,0 C7
12,09,0 12,09,1 13,08,1 13,09,0 13,09,1 14,08,0 14,09,0 Y7
04,08,1 04,09,1 04,10,0 04,10,1 05,08,0 05,08,1 05,09,0 S7
00,07,1 00,08,0 00,08,1 01,06,1 01,07,0 01,08,0 01,08,1 V7
00,09,0 00,09,1 01,09,0 01,09,1 02,09,0 02,09,1 03,09,0 I7
02,08,1 03,06,1 03,07,0 03,07,1 03,08,0 03,08,1 04,08,0 T7
01,07,1 02,06,0 02,06,1 02,07,0 02,07,1 02,08,0 03,06,0 X7
02,10,0 02,10,1 03,09,1 03,10,0 03,10,1 03,11,0 04,09,0 W7
00,13,1 01,12,1 01,13,0 01,13,1 02,11,0 02,11,1 02,12,0 Q7
03,11,1 03,12,0 03,12,1 03,13,0 03,13,1 03,14,0 04,11,0 L7
01,14,1 02,12,1 02,13,0 02,13,1 02,14,0 02,14,1 02,15,0 E7
00,14,0 00,14,1 00,15,0 00,15,1 01,14,0 01,15,0 01,15,1 U7

                ________
               /       /\
              /   ____/  \
             /    \      /\
            /______\    /  \
            \      /   /   /
             \    /   /   /
              \   \  /   /
               \   \/   /
               /   /\   \
              /___/  \___\
             /       /   /\
    ________/___    /   /  \________                ________
   /            \   \   \       \   \              /        \
  /______________\___\   \____   \   \            /___    ___\
 /       /\       \      /    \   \   \          /    \   \   \
/   ____/  \    ___\____/      \___\   \________/___   \___\   \
\   \      /   /        \      /\      /       /   /       /   /
 \   \    /   /          \    /  \____/___    /   /_______/   /
  \  /    \  /            \  /           /    \       \      /
   \/______\/              \/___________/______\    ___\____/
                                    \          /\  /
                                     \        /  \/
                                      \  /\  /   /
                                       \/  \/   /
                                       /   /    \
                                      /   /___   \
                                     /       /\  /\
                                    /_______/  \/  \
                                    \   \          /
                                     \   \________/
                                      \          /
                                       \________/

solution 7 (3,650,246,875 searches):
08,06,0 08,06,1 08,07,0 09,06,0 09,06,1 10,06,0 10,06,1 P7
06,07,1 06,08,0 06,08,1 07,06,1 07,07,0 07,07,1 07,08,0 D7
07,09,1 08,07,1 08,08,1 08,09,0 09,07,0 09,07,1 09,08,0 J7
05,09,1 05,10,0 06,09,0 06,09,1 07,08,1 07,09,0 08,08,0 N7
10,07,0 10,07,1 11,06,0 11,06,1 11,07,0 11,07,1 12,06,0 B7
10,05,1 11,04,1 11,05,0 11,05,1 12,04,1 12,05,0 12,05,1 M7
13,03,0 13,03,1 13,04,0 13,04,1 13,05,0 14,02,1 14,03,0 H7
12,02,0 12,02,1 12,03,0 12,03,1 12,04,0 13,02,0 13,02,1 G7
12,01,1 13,00,1 13,01,0 14,00,0 14,00,1 15,00,0 15,00,1 R7
13,01,1 14,01,0 14,01,1 14,02,0 15,01,0 15,01,1 15,02,0 F7
12,06,1 12,07,0 12,07,1 13,05,1 13,06,0 13,06,1 14,06,0 A7
12,08,0 12,08,1 13,07,0 13,07,1 13,08,0 14,07,0 14,07,1 Z7
14,06,1 14,08,1 15,06,0 15,06,1 15,07,0 15,07,1 15,08,0 C7
12,09,0 12,09,1 13,08,1 13,09,0 13,09,1 14,08,0 14,09,0 Y7
04,08,1 04,09,1 04,10,0 04,10,1 05,08,0 05,08,1 05,09,0 S7
00,07,1 01,06,1 01,07,0 02,06,0 02,06,1 02,07,0 02,07,1 V7
03,06,0 03,06,1 03,07,0 03,07,1 03,08,0 03,08,1 04,08,0 L7
00,09,0 00,09,1 01,09,0 01,09,1 02,09,0 02,09,1 03,09,0 I7
00,08,0 00,08,1 01,07,1 01,08,0 01,08,1 02,08,0 02,08,1 E7
02,10,0 02,10,1 03,09,1 03,10,0 03,10,1 03,11,0 04,09,0 W7
00,13,1 01,12,1 01,13,0 01,13,1 02,11,0 02,11,1 02,12,0 Q7
02,12,1 03,11,1 03,12,0 03,12,1 03,13,0 03,13,1 04,11,0 T7
01,14,1 02,13,0 02,13,1 02,14,0 02,14,1 02,15,0 03,14,0 X7
00,14,0 00,14,1 00,15,0 00,15,1 01,14,0 01,15,0 01,15,1 U7

                ________
               /       /\
              /   ____/  \
             /    \       \
            /______\    ___\
            \      /   /   /
             \    /___/   /
              \   \      /
               \   \    /
               /   /\   \
              /___/  \___\
             /       /   /\
    ________/___    /   /  \________                ________
   /            \   \   \       \   \              /        \
  /______________\___\   \____   \   \            /___    ___\
 /           /    \      /    \   \   \          /    \   \   \
/___    ____/   ___\____/      \___\   \________/___   \___\   \
\   \  /   /   /        \      /\      /       /   /       /   /
 \   \/   /   /          \    /  \____/___    /   /_______/   /
  \      /   /            \  /           /    \       \      /
   \____/___/              \/___________/______\    ___\____/
                                    \          /\  /
                                     \        /  \/
                                      \  /\  /   /
                                       \/  \/   /
                                       /   /    \
                                      /   /___   \
                                     /       /\  /\
                                    /_______/  \/  \
                                    \   \          /
                                     \   \________/
                                      \          /
                                       \________/

solution 8 (3,650,246,880 searches):
08,06,0 08,06,1 08,07,0 09,06,0 09,06,1 10,06,0 10,06,1 P7
06,07,1 06,08,0 06,08,1 07,06,1 07,07,0 07,07,1 07,08,0 D7
07,09,1 08,07,1 08,08,1 08,09,0 09,07,0 09,07,1 09,08,0 J7
05,09,1 05,10,0 06,09,0 06,09,1 07,08,1 07,09,0 08,08,0 N7
10,07,0 10,07,1 11,06,0 11,06,1 11,07,0 11,07,1 12,06,0 B7
10,05,1 11,04,1 11,05,0 11,05,1 12,04,1 12,05,0 12,05,1 M7
13,03,0 13,03,1 13,04,0 13,04,1 13,05,0 14,02,1 14,03,0 H7
12,02,0 12,02,1 12,03,0 12,03,1 12,04,0 13,02,0 13,02,1 G7
12,01,1 13,00,1 13,01,0 14,00,0 14,00,1 15,00,0 15,00,1 R7
13,01,1 14,01,0 14,01,1 14,02,0 15,01,0 15,01,1 15,02,0 F7
12,06,1 12,07,0 12,07,1 13,05,1 13,06,0 13,06,1 14,06,0 A7
12,08,0 12,08,1 13,07,0 13,07,1 13,08,0 14,07,0 14,07,1 Z7
14,06,1 14,08,1 15,06,0 15,06,1 15,07,0 15,07,1 15,08,0 C7
12,09,0 12,09,1 13,08,1 13,09,0 13,09,1 14,08,0 14,09,0 Y7
04,08,1 04,09,1 04,10,0 04,10,1 05,08,0 05,08,1 05,09,0 S7
00,07,1 01,06,1 01,07,0 02,06,0 02,06,1 02,07,0 02,07,1 V7
03,06,0 03,06,1 03,07,0 03,07,1 03,08,0 03,08,1 04,08,0 L7
00,09,0 00,09,1 01,09,0 01,09,1 02,09,0 02,09,1 03,09,0 I7
00,08,0 00,08,1 01,07,1 01,08,0 01,08,1 02,08,0 02,08,1 E7
02,10,0 02,10,1 03,09,1 03,10,0 03,10,1 03,11,0 04,09,0 W7
00,13,1 01,12,1 01,13,0 02,11,0 02,11,1 02,12,0 02,12,1 T7
02,13,1 03,11,1 03,12,0 03,12,1 03,13,0 03,13,1 04,11,0 Q7
00,14,0 00,14,1 00,15,0 01,13,1 01,14,0 01,14,1 02,13,0 X7
00,15,1 01,15,0 01,15,1 02,14,0 02,14,1 02,15,0 03,14,0 U7

                ________
               /\       \
              /  \____   \
             /       /    \
            /___    /______\
            \   \   \      /
             \   \___\    /
              \      /   /
               \    /   /
               /   /\   \
              /___/  \___\
             /       /   /\
    ________/___    /   /  \________                ________
   /            \   \   \       \   \              /        \
  /______________\___\   \____   \   \            /___    ___\
 /           /    \      /    \   \   \          /    \   \   \
/___    ____/   ___\____/      \___\   \________/___   \___\   \
\   \  /   /   /        \      /\      /       /   /       /   /
 \   \/   /   /          \    /  \____/___    /   /_______/   /
  \      /   /            \  /           /    \       \      /
   \____/___/              \/___________/______\    ___\____/
                                    \          /\  /
                                     \        /  \/
                                      \  /\  /   /
                                       \/  \/   /
                                       /   /    \
                                      /   /___   \
                                     /       /\  /\
                                    /_______/  \/  \
                                    \   \          /
                                     \   \________/
                                      \          /
                                       \________/

solution 9 (3,650,267,760 searches):
08,06,0 08,06,1 08,07,0 09,06,0 09,06,1 10,06,0 10,06,1 P7
06,07,1 06,08,0 06,08,1 07,06,1 07,07,0 07,07,1 07,08,0 D7
07,09,1 08,07,1 08,08,1 08,09,0 09,07,0 09,07,1 09,08,0 J7
05,09,1 05,10,0 06,09,0 06,09,1 07,08,1 07,09,0 08,08,0 N7
10,07,0 10,07,1 11,06,0 11,06,1 11,07,0 11,07,1 12,06,0 B7
10,05,1 11,04,1 11,05,0 11,05,1 12,04,1 12,05,0 12,05,1 M7
13,03,0 13,03,1 13,04,0 13,04,1 13,05,0 14,02,1 14,03,0 H7
12,02,0 12,02,1 12,03,0 12,03,1 12,04,0 13,02,0 13,02,1 G7
12,01,1 13,00,1 13,01,0 14,00,0 14,00,1 15,00,0 15,00,1 R7
13,01,1 14,01,0 14,01,1 14,02,0 15,01,0 15,01,1 15,02,0 F7
13,05,1 13,06,0 13,06,1 14,06,0 14,06,1 15,06,0 15,06,1 L7
12,06,1 12,07,0 12,07,1 12,08,0 12,08,1 12,09,0 12,09,1 I7
13,07,0 13,07,1 13,08,0 13,08,1 13,09,0 13,09,1 14,08,0 E7
14,07,0 14,07,1 14,08,1 14,09,0 15,07,0 15,07,1 15,08,0 V7
04,08,1 04,09,1 04,10,0 04,10,1 05,08,0 05,08,1 05,09,0 S7
02,10,0 02,10,1 03,09,1 03,10,0 03,10,1 03,11,0 04,09,0 W7
00,13,1 01,12,1 01,13,0 01,13,1 02,11,0 02,11,1 02,12,0 Q7
02,12,1 03,11,1 03,12,0 03,12,1 03,13,0 03,13,1 04,11,0 T7
00,14,0 00,14,1 00,15,0 00,15,1 01,14,0 01,15,0 01,15,1 U7
01,14,1 02,13,0 02,13,1 02,14,0 02,14,1 02,15,0 03,14,0 X7
02,09,0 02,09,1 03,07,1 03,08,0 03,08,1 03,09,0 04,08,0 A7
01,08,1 01,09,0 01,09,1 02,07,0 02,07,1 02,08,0 02,08,1 Z7
00,07,1 00,08,0 00,08,1 00,09,0 00,09,1 01,07,1 01,08,0 Y7
01,06,1 01,07,0 02,06,0 02,06,1 03,06,0 03,06,1 03,07,0 C7

                ________
               /       /\
              /   ____/  \
             /    \       \
            /______\    ___\
            \      /   /   /
             \    /___/   /
              \   \      /
               \   \    /
               /   /\   \
              /___/  \___\
             /       /   /\
    ________/___    /   /  \________                ________
   /   /   /    \   \   \       \   \              /   /   /\
  /   /   /___   \___\   \____   \   \            /   /   /  \
 /    \      /    \      /    \   \   \          /   /    \   \
/      \    /   ___\____/      \___\   \________/   /   ___\   \
\  /\  /   /\  /        \      /\      /       /   /   /       /
 \/  \/___/  \/          \    /  \____/___    /   /___/_______/
  \          /            \  /           /    \  /           /
   \________/              \/___________/______\/   ________/
                                    \          /\  /
                                     \        /  \/
                                      \  /\  /   /
                                       \/  \/   /
                                       /   /    \
                                      /   /___   \
                                     /       /\  /\
                                    /_______/  \/  \
                                    \   \          /
                                     \   \________/
                                      \          /
                                       \________/

solution 10 (3,650,267,792 searches):
08,06,0 08,06,1 08,07,0 09,06,0 09,06,1 10,06,0 10,06,1 P7
06,07,1 06,08,0 06,08,1 07,06,1 07,07,0 07,07,1 07,08,0 D7
07,09,1 08,07,1 08,08,1 08,09,0 09,07,0 09,07,1 09,08,0 J7
05,09,1 05,10,0 06,09,0 06,09,1 07,08,1 07,09,0 08,08,0 N7
10,07,0 10,07,1 11,06,0 11,06,1 11,07,0 11,07,1 12,06,0 B7
10,05,1 11,04,1 11,05,0 11,05,1 12,04,1 12,05,0 12,05,1 M7
13,03,0 13,03,1 13,04,0 13,04,1 13,05,0 14,02,1 14,03,0 H7
12,02,0 12,02,1 12,03,0 12,03,1 12,04,0 13,02,0 13,02,1 G7
12,01,1 13,00,1 13,01,0 14,00,0 14,00,1 15,00,0 15,00,1 R7
13,01,1 14,01,0 14,01,1 14,02,0 15,01,0 15,01,1 15,02,0 F7
13,05,1 13,06,0 13,06,1 14,06,0 14,06,1 15,06,0 15,06,1 L7
12,06,1 12,07,0 12,07,1 12,08,0 12,08,1 12,09,0 12,09,1 I7
13,07,0 13,07,1 13,08,0 13,08,1 13,09,0 13,09,1 14,08,0 E7
14,07,0 14,07,1 14,08,1 14,09,0 15,07,0 15,07,1 15,08,0 V7
04,08,1 04,09,1 04,10,0 04,10,1 05,08,0 05,08,1 05,09,0 S7
02,10,0 02,10,1 03,09,1 03,10,0 03,10,1 03,11,0 04,09,0 W7
00,13,1 01,12,1 01,13,0 02,11,0 02,11,1 02,12,0 02,12,1 T7
02,13,1 03,11,1 03,12,0 03,12,1 03,13,0 03,13,1 04,11,0 Q7
00,15,1 01,15,0 01,15,1 02,14,0 02,14,1 02,15,0 03,14,0 U7
00,14,0 00,14,1 00,15,0 01,13,1 01,14,0 01,14,1 02,13,0 X7
02,09,0 02,09,1 03,07,1 03,08,0 03,08,1 03,09,0 04,08,0 A7
01,08,1 01,09,0 01,09,1 02,07,0 02,07,1 02,08,0 02,08,1 Z7
00,07,1 00,08,0 00,08,1 00,09,0 00,09,1 01,07,1 01,08,0 Y7
01,06,1 01,07,0 02,06,0 02,06,1 03,06,0 03,06,1 03,07,0 C7

                ________
               /\       \
              /  \____   \
             /       /    \
            /___    /______\
            \   \   \      /
             \   \___\    /
              \      /   /
               \    /   /
               /   /\   \
              /___/  \___\
             /       /   /\
    ________/___    /   /  \________                ________
   /   /   /    \   \   \       \   \              /   /   /\
  /   /   /___   \___\   \____   \   \            /   /   /  \
 /    \      /    \      /    \   \   \          /   /    \   \
/      \    /   ___\____/      \___\   \________/   /   ___\   \
\  /\  /   /\  /        \      /\      /       /   /   /       /
 \/  \/___/  \/          \    /  \____/___    /   /___/_______/
  \          /            \  /           /    \  /           /
   \________/              \/___________/______\/   ________/
                                    \          /\  /
                                     \        /  \/
                                      \  /\  /   /
                                       \/  \/   /
                                       /   /    \
                                      /   /___   \
                                     /       /\  /\
                                    /_______/  \/  \
                                    \   \          /
                                     \   \________/
                                      \          /
                                       \________/

User-requested solution limit reached.
10 solutions, 3,650,267,792 searches, duration 15:00:33.036271
