solving HeptiamondsHexagons2x3_3:

solution 1:
02,10,1 02,11,0 02,11,1 03,10,1 03,11,0 03,11,1 04,10,0 A7
04,10,1 04,11,0 05,09,0 05,09,1 05,10,0 06,08,1 06,09,0 E7
02,09,0 02,09,1 02,10,0 03,08,1 03,09,0 03,09,1 03,10,0 B7
04,07,1 04,08,0 04,08,1 04,09,0 04,09,1 05,07,0 05,08,0 F7
05,08,1 06,07,1 06,08,0 07,06,1 07,07,0 07,07,1 07,08,0 G7
05,05,1 05,07,1 06,05,0 06,05,1 06,06,0 06,06,1 06,07,0 C7
04,05,0 04,05,1 04,06,0 04,06,1 04,07,0 05,06,0 05,06,1 H7
07,08,1 08,07,1 08,08,0 08,08,1 09,07,0 09,07,1 09,08,0 D7
09,05,1 09,06,0 09,06,1 10,06,0 10,06,1 10,07,0 11,06,0 Q7
08,04,1 08,05,0 08,05,1 08,06,0 08,06,1 08,07,0 09,04,0 L7
07,04,1 07,05,0 07,05,1 07,06,0 08,03,0 08,03,1 08,04,0 N7
10,05,1 11,03,0 11,03,1 11,04,0 11,04,1 11,05,0 11,05,1 P7
09,04,1 09,05,0 10,03,0 10,03,1 10,04,0 10,04,1 10,05,0 Y7
09,00,1 09,01,0 09,01,1 09,02,0 09,02,1 09,03,0 09,03,1 I7
06,01,1 07,00,1 07,01,0 07,01,1 08,00,0 08,00,1 09,00,0 U7
07,02,1 07,03,0 07,03,1 08,01,0 08,01,1 08,02,0 08,02,1 Z7
05,04,1 05,05,0 06,03,0 06,03,1 06,04,0 06,04,1 07,04,0 W7
05,02,1 05,03,0 05,03,1 05,04,0 06,02,0 06,02,1 07,02,0 V7
02,04,1 03,04,0 03,04,1 03,05,0 04,03,1 04,04,0 04,04,1 X7
01,04,1 01,05,0 02,03,1 02,04,0 03,03,0 03,03,1 04,03,0 R7
00,05,1 00,06,0 00,06,1 01,05,1 01,06,0 02,05,0 02,05,1 S7
00,07,0 00,07,1 00,08,0 00,08,1 01,06,1 01,07,0 02,06,0 T7
02,06,1 02,07,1 03,05,1 03,06,0 03,06,1 03,07,0 03,07,1 M7
01,07,1 01,08,0 01,08,1 02,07,0 02,08,0 02,08,1 03,08,0 J7

                    ________
                   /       /\
                  /       /  \
                 /\  /\   \   \
                /  \/  \___\   \
               /       /   /    \
      ________/___    /   /___   \________
     /   /        \  /    \   \  /\       \
    /   /   _______\/   ___\   \/  \       \
   /    \   \      /\   \   \      /\      /\
  /___   \___\    /  \___\   \    /  \____/  \
 /    \   \      /       /   /\  /   /        \
/      \___\    /   ____/   /  \/   /   _______\
\  /\      /\  /   /\      /   /   /\  /\      /
 \/  \____/  \/___/  \____/   /   /  \/  \    /
  \   \          /\       \   \   \      /   /
   \   \____    /  \    ___\   \___\    /   /
    \       \  /   /   /   /   /   /   /   /
     \_______\/   /___/   /___/   /___/___/
              \       \      /   /
               \_______\    /   /
                \      /   /   /
                 \    /___/   /
                  \       \  /
                   \_______\/


solution 2:
02,10,1 02,11,0 02,11,1 03,10,1 03,11,0 03,11,1 04,10,0 A7
04,10,1 04,11,0 05,09,0 05,09,1 05,10,0 06,08,1 06,09,0 E7
02,09,0 02,09,1 02,10,0 03,08,1 03,09,0 03,09,1 03,10,0 B7
04,07,1 04,08,0 04,08,1 04,09,0 04,09,1 05,07,0 05,08,0 F7
05,08,1 06,07,1 06,08,0 07,06,1 07,07,0 07,07,1 07,08,0 G7
05,05,1 05,07,1 06,05,0 06,05,1 06,06,0 06,06,1 06,07,0 C7
04,05,0 04,05,1 04,06,0 04,06,1 04,07,0 05,06,0 05,06,1 H7
07,08,1 08,07,1 08,08,0 08,08,1 09,07,0 09,07,1 09,08,0 D7
09,05,1 09,06,0 09,06,1 10,06,0 10,06,1 10,07,0 11,06,0 Q7
08,04,1 08,05,0 08,05,1 08,06,0 08,06,1 08,07,0 09,04,0 L7
07,04,1 07,05,0 07,05,1 07,06,0 08,03,0 08,03,1 08,04,0 N7
10,05,1 11,03,0 11,03,1 11,04,0 11,04,1 11,05,0 11,05,1 P7
09,04,1 09,05,0 10,03,0 10,03,1 10,04,0 10,04,1 10,05,0 Y7
09,00,1 09,01,0 09,01,1 09,02,0 09,02,1 09,03,0 09,03,1 I7
06,01,1 07,00,1 07,01,0 07,01,1 08,00,0 08,00,1 09,00,0 U7
07,02,1 07,03,0 07,03,1 08,01,0 08,01,1 08,02,0 08,02,1 Z7
05,04,1 05,05,0 06,03,0 06,03,1 06,04,0 06,04,1 07,04,0 W7
05,02,1 05,03,0 05,03,1 05,04,0 06,02,0 06,02,1 07,02,0 V7
02,04,1 03,04,0 03,04,1 03,05,0 04,03,1 04,04,0 04,04,1 X7
01,04,1 01,05,0 02,03,1 02,04,0 03,03,0 03,03,1 04,03,0 R7
00,05,1 00,06,0 00,06,1 01,05,1 01,06,0 02,05,0 02,05,1 S7
00,07,0 00,07,1 00,08,0 00,08,1 01,06,1 01,07,0 02,06,0 T7
01,07,1 02,06,1 02,07,0 02,07,1 03,05,1 03,06,0 03,06,1 M7
01,08,0 01,08,1 02,08,0 02,08,1 03,07,0 03,07,1 03,08,0 J7

                    ________
                   /       /\
                  /       /  \
                 /\  /\   \   \
                /  \/  \___\   \
               /       /   /    \
      ________/___    /   /___   \________
     /   /        \  /    \   \  /\       \
    /   /_______   \/   ___\   \/  \       \
   /    \      /   /\   \   \      /\      /\
  /___   \    /___/  \___\   \    /  \____/  \
 /    \   \      /       /   /\  /   /        \
/      \___\    /   ____/   /  \/   /   _______\
\  /\      /\  /   /\      /   /   /\  /\      /
 \/  \____/  \/___/  \____/   /   /  \/  \    /
  \   \          /\       \   \   \      /   /
   \   \____    /  \    ___\   \___\    /   /
    \       \  /   /   /   /   /   /   /   /
     \_______\/   /___/   /___/   /___/___/
              \       \      /   /
               \_______\    /   /
                \      /   /   /
                 \    /___/   /
                  \       \  /
                   \_______\/


solution 3:
02,10,1 02,11,0 02,11,1 03,10,1 03,11,0 03,11,1 04,10,0 A7
04,10,1 04,11,0 05,09,0 05,09,1 05,10,0 06,08,1 06,09,0 E7
02,09,0 02,09,1 02,10,0 03,08,1 03,09,0 03,09,1 03,10,0 B7
04,07,1 04,08,0 04,08,1 04,09,0 04,09,1 05,07,0 05,08,0 F7
05,08,1 06,07,1 06,08,0 07,06,1 07,07,0 07,07,1 07,08,0 G7
05,05,1 05,07,1 06,05,0 06,05,1 06,06,0 06,06,1 06,07,0 C7
04,05,0 04,05,1 04,06,0 04,06,1 04,07,0 05,06,0 05,06,1 H7
07,08,1 08,07,1 08,08,0 08,08,1 09,07,0 09,07,1 09,08,0 D7
09,05,1 09,06,0 09,06,1 10,06,0 10,06,1 10,07,0 11,06,0 Q7
08,04,1 08,05,0 08,05,1 08,06,0 08,06,1 08,07,0 09,04,0 L7
07,04,1 07,05,0 07,05,1 07,06,0 08,03,0 08,03,1 08,04,0 N7
10,05,1 11,03,0 11,03,1 11,04,0 11,04,1 11,05,0 11,05,1 P7
09,04,1 09,05,0 10,03,0 10,03,1 10,04,0 10,04,1 10,05,0 Y7
09,00,1 09,01,0 09,01,1 09,02,0 09,02,1 09,03,0 09,03,1 I7
07,00,1 07,01,0 07,01,1 07,02,0 08,00,0 08,00,1 09,00,0 V7
07,02,1 07,03,0 07,03,1 08,01,0 08,01,1 08,02,0 08,02,1 Z7
05,04,1 05,05,0 06,03,0 06,03,1 06,04,0 06,04,1 07,04,0 W7
05,02,1 05,03,0 05,03,1 05,04,0 06,01,1 06,02,0 06,02,1 U7
02,04,1 03,04,0 03,04,1 03,05,0 04,03,1 04,04,0 04,04,1 X7
01,04,1 01,05,0 02,03,1 02,04,0 03,03,0 03,03,1 04,03,0 R7
00,05,1 00,06,0 00,06,1 01,05,1 01,06,0 02,05,0 02,05,1 S7
00,07,0 00,07,1 00,08,0 00,08,1 01,06,1 01,07,0 02,06,0 T7
02,06,1 02,07,1 03,05,1 03,06,0 03,06,1 03,07,0 03,07,1 M7
01,07,1 01,08,0 01,08,1 02,07,0 02,08,0 02,08,1 03,08,0 J7

                    ________
                   /       /\
                  /       /  \
                 /\  /\   \   \
                /  \/  \___\   \
               /       /   /    \
      ________/___    /   /___   \________
     /   /        \  /    \   \  /\       \
    /   /   _______\/   ___\   \/  \       \
   /    \   \      /\   \   \      /\      /\
  /___   \___\    /  \___\   \    /  \____/  \
 /    \   \      /       /   /\  /   /        \
/      \___\    /   ____/   /  \/   /   _______\
\  /\      /\  /   /\      /   /   /\  /\      /
 \/  \____/  \/___/  \____/   /   /  \/  \    /
  \   \          /\       \   \   \      /   /
   \   \____    /  \    ___\   \___\    /   /
    \       \  /   /   /   /   /   /   /   /
     \_______\/   /___/   /___/   /___/___/
              \      /\      /   /
               \    /  \    /   /
                \  /   /   /   /
                 \/   /___/   /
                  \       \  /
                   \_______\/


solution 4:
02,10,1 02,11,0 02,11,1 03,10,1 03,11,0 03,11,1 04,10,0 A7
04,10,1 04,11,0 05,09,0 05,09,1 05,10,0 06,08,1 06,09,0 E7
02,09,0 02,09,1 02,10,0 03,08,1 03,09,0 03,09,1 03,10,0 B7
04,07,1 04,08,0 04,08,1 04,09,0 04,09,1 05,07,0 05,08,0 F7
05,08,1 06,07,1 06,08,0 07,06,1 07,07,0 07,07,1 07,08,0 G7
05,05,1 05,07,1 06,05,0 06,05,1 06,06,0 06,06,1 06,07,0 C7
04,05,0 04,05,1 04,06,0 04,06,1 04,07,0 05,06,0 05,06,1 H7
07,08,1 08,07,1 08,08,0 08,08,1 09,07,0 09,07,1 09,08,0 D7
09,05,1 09,06,0 09,06,1 10,06,0 10,06,1 10,07,0 11,06,0 Q7
08,04,1 08,05,0 08,05,1 08,06,0 08,06,1 08,07,0 09,04,0 L7
07,04,1 07,05,0 07,05,1 07,06,0 08,03,0 08,03,1 08,04,0 N7
10,05,1 11,03,0 11,03,1 11,04,0 11,04,1 11,05,0 11,05,1 P7
09,04,1 09,05,0 10,03,0 10,03,1 10,04,0 10,04,1 10,05,0 Y7
09,00,1 09,01,0 09,01,1 09,02,0 09,02,1 09,03,0 09,03,1 I7
07,00,1 07,01,0 07,01,1 07,02,0 08,00,0 08,00,1 09,00,0 V7
07,02,1 07,03,0 07,03,1 08,01,0 08,01,1 08,02,0 08,02,1 Z7
05,04,1 05,05,0 06,03,0 06,03,1 06,04,0 06,04,1 07,04,0 W7
05,02,1 05,03,0 05,03,1 05,04,0 06,01,1 06,02,0 06,02,1 U7
02,04,1 03,04,0 03,04,1 03,05,0 04,03,1 04,04,0 04,04,1 X7
01,04,1 01,05,0 02,03,1 02,04,0 03,03,0 03,03,1 04,03,0 R7
00,05,1 00,06,0 00,06,1 01,05,1 01,06,0 02,05,0 02,05,1 S7
00,07,0 00,07,1 00,08,0 00,08,1 01,06,1 01,07,0 02,06,0 T7
01,07,1 02,06,1 02,07,0 02,07,1 03,05,1 03,06,0 03,06,1 M7
01,08,0 01,08,1 02,08,0 02,08,1 03,07,0 03,07,1 03,08,0 J7

                    ________
                   /       /\
                  /       /  \
                 /\  /\   \   \
                /  \/  \___\   \
               /       /   /    \
      ________/___    /   /___   \________
     /   /        \  /    \   \  /\       \
    /   /_______   \/   ___\   \/  \       \
   /    \      /   /\   \   \      /\      /\
  /___   \    /___/  \___\   \    /  \____/  \
 /    \   \      /       /   /\  /   /        \
/      \___\    /   ____/   /  \/   /   _______\
\  /\      /\  /   /\      /   /   /\  /\      /
 \/  \____/  \/___/  \____/   /   /  \/  \    /
  \   \          /\       \   \   \      /   /
   \   \____    /  \    ___\   \___\    /   /
    \       \  /   /   /   /   /   /   /   /
     \_______\/   /___/   /___/   /___/___/
              \      /\      /   /
               \    /  \    /   /
                \  /   /   /   /
                 \/   /___/   /
                  \       \  /
                   \_______\/


solution 5:
02,10,1 02,11,0 02,11,1 03,10,1 03,11,0 03,11,1 04,10,0 A7
04,10,1 04,11,0 05,09,0 05,09,1 05,10,0 06,08,1 06,09,0 E7
02,09,0 02,09,1 02,10,0 03,08,1 03,09,0 03,09,1 03,10,0 B7
04,07,1 04,08,0 04,08,1 04,09,0 04,09,1 05,07,0 05,08,0 F7
05,08,1 06,07,1 06,08,0 07,06,1 07,07,0 07,07,1 07,08,0 G7
05,05,1 05,07,1 06,05,0 06,05,1 06,06,0 06,06,1 06,07,0 C7
04,05,0 04,05,1 04,06,0 04,06,1 04,07,0 05,06,0 05,06,1 H7
07,08,1 08,07,1 08,08,0 08,08,1 09,07,0 09,07,1 09,08,0 D7
10,06,1 10,07,0 11,04,0 11,04,1 11,05,0 11,05,1 11,06,0 R7
10,03,1 10,04,0 10,04,1 10,05,0 10,05,1 11,03,0 11,03,1 J7
08,06,1 08,07,0 09,05,0 09,05,1 09,06,0 09,06,1 10,06,0 W7
07,04,1 07,05,0 07,05,1 07,06,0 08,05,0 08,05,1 08,06,0 Z7
07,03,1 08,03,0 08,03,1 08,04,0 08,04,1 09,04,0 09,04,1 N7
08,02,1 09,01,1 09,02,0 09,02,1 09,03,0 09,03,1 10,03,0 Q7
05,03,1 05,04,0 05,04,1 05,05,0 06,04,0 06,04,1 07,04,0 T7
08,00,0 08,00,1 08,01,1 08,02,0 09,00,0 09,00,1 09,01,0 V7
05,02,1 05,03,0 06,02,0 06,02,1 06,03,0 06,03,1 07,03,0 S7
06,01,1 07,00,1 07,01,0 07,01,1 07,02,0 07,02,1 08,01,0 X7
00,08,0 00,08,1 01,08,0 01,08,1 02,08,0 02,08,1 03,08,0 I7
02,06,0 02,06,1 02,07,1 03,06,0 03,06,1 03,07,0 03,07,1 U7
00,07,0 00,07,1 01,06,0 01,06,1 01,07,0 01,07,1 02,07,0 Y7
00,05,1 00,06,0 00,06,1 01,04,1 01,05,0 02,03,1 02,04,0 L7
02,05,1 03,04,1 03,05,0 03,05,1 04,03,1 04,04,0 04,04,1 M7
01,05,1 02,04,1 02,05,0 03,03,0 03,03,1 03,04,0 04,03,0 P7

                    ________
                   /       /\
                  /       /  \
                 /\  /\   \   \
                /  \/  \___\   \
               /       /   /    \
      ________/___    /   /___   \________
     /            \  /    \   \  /\       \
    /______________\/   ___\   \/  \       \
   /        \      /\   \   \      /\      /\
  /___    ___\    /  \___\   \    /  \____/  \
 /   /   /       /       /   /\  /\       \   \
/   /___/_______/   ____/   /  \/  \    ___\   \
\   \   \      /   /\      /       /   /   /   /
 \   \   \    /___/  \____/   ____/___/   /   /
  \   \   \      /        \  /       /   /   /
   \   \   \    /   _______\/   ____/   /___/
    \  /    \  /\  /    \      /    \      /
     \/______\/  \/   ___\____/   ___\____/
              \      /   /\      /
               \____/   /  \    /
                \       \   \  /
                 \    ___\   \/
                  \  /       /
                   \/_______/


solution 6:
02,10,1 02,11,0 02,11,1 03,10,1 03,11,0 03,11,1 04,10,0 A7
04,10,1 04,11,0 05,09,0 05,09,1 05,10,0 06,08,1 06,09,0 E7
02,09,0 02,09,1 02,10,0 03,08,1 03,09,0 03,09,1 03,10,0 B7
04,07,1 04,08,0 04,08,1 04,09,0 04,09,1 05,07,0 05,08,0 F7
05,08,1 06,07,1 06,08,0 07,06,1 07,07,0 07,07,1 07,08,0 G7
05,05,1 05,07,1 06,05,0 06,05,1 06,06,0 06,06,1 06,07,0 C7
04,05,0 04,05,1 04,06,0 04,06,1 04,07,0 05,06,0 05,06,1 H7
07,08,1 08,07,1 08,08,0 08,08,1 09,07,0 09,07,1 09,08,0 D7
10,06,1 10,07,0 11,04,0 11,04,1 11,05,0 11,05,1 11,06,0 R7
09,05,1 10,03,1 10,04,0 10,04,1 10,05,0 11,03,0 11,03,1 S7
08,06,0 08,06,1 08,07,0 09,06,0 09,06,1 10,05,1 10,06,0 Q7
00,08,0 00,08,1 01,08,0 01,08,1 02,08,0 02,08,1 03,08,0 I7
01,07,1 02,06,1 02,07,0 02,07,1 03,06,1 03,07,0 03,07,1 M7
03,04,1 03,05,0 03,05,1 03,06,0 04,04,0 04,04,1 05,04,0 V7
05,04,1 05,05,0 06,03,0 06,03,1 06,04,0 06,04,1 07,04,0 W7
04,03,1 05,02,1 05,03,0 05,03,1 06,01,1 06,02,0 07,01,0 P7
01,04,1 02,03,1 02,04,0 03,03,0 03,03,1 03,04,0 04,03,0 U7
07,00,1 07,01,1 08,00,0 08,00,1 08,01,0 09,00,0 09,00,1 Y7
06,02,1 07,02,0 07,02,1 07,03,0 08,01,1 08,02,0 08,02,1 X7
09,01,0 09,01,1 09,02,0 09,02,1 09,03,0 09,03,1 10,03,0 L7
07,03,1 08,03,0 08,03,1 08,04,0 08,04,1 09,04,0 09,04,1 N7
07,04,1 07,05,0 07,05,1 07,06,0 08,05,0 08,05,1 09,05,0 T7
00,05,1 00,06,0 01,05,0 01,05,1 01,06,0 02,04,1 02,05,0 Z7
00,06,1 00,07,0 00,07,1 01,06,1 01,07,0 02,05,1 02,06,0 J7

                    ________
                   /       /\
                  /       /  \
                 /\  /\   \   \
                /  \/  \___\   \
               /       /   /    \
      ________/___    /   /___   \________
     /            \  /    \   \  /\       \
    /______________\/   ___\   \/  \       \
   /    \          /\   \   \      /\      /\
  /      \        /  \___\   \    /  \____/  \
 /\  /\   \  /\  /       /   /\  /        \   \
/  \/  \   \/  \/   ____/   /  \/_______   \   \
\       \  /   /   /\      /        \   \  /   /
 \____   \/   /___/  \____/   _______\   \/   /
  \   \  /\       \       \  /       /   /   /
   \   \/  \_______\    ___\/   ____/   /___/
    \       \      /   /\      /    \      /
     \_______\    /___/  \____/   ___\____/
              \   \          /   /
               \   \____    /   /
                \   \   \  /   /
                 \___\   \/___/
                  \          /
                   \________/


solution 7:
02,10,1 02,11,0 02,11,1 03,10,1 03,11,0 03,11,1 04,10,0 A7
04,10,1 04,11,0 05,09,0 05,09,1 05,10,0 06,08,1 06,09,0 E7
02,09,0 02,09,1 02,10,0 03,08,1 03,09,0 03,09,1 03,10,0 B7
04,07,1 04,08,0 04,08,1 04,09,0 04,09,1 05,07,0 05,08,0 F7
05,08,1 06,07,1 06,08,0 07,06,1 07,07,0 07,07,1 07,08,0 G7
05,05,1 05,07,1 06,05,0 06,05,1 06,06,0 06,06,1 06,07,0 C7
04,05,0 04,05,1 04,06,0 04,06,1 04,07,0 05,06,0 05,06,1 H7
07,08,1 08,07,1 08,08,0 08,08,1 09,07,0 09,07,1 09,08,0 D7
10,06,1 10,07,0 11,04,0 11,04,1 11,05,0 11,05,1 11,06,0 R7
09,05,1 10,03,1 10,04,0 10,04,1 10,05,0 11,03,0 11,03,1 S7
08,06,0 08,06,1 08,07,0 09,06,0 09,06,1 10,05,1 10,06,0 Q7
00,08,0 00,08,1 01,08,0 01,08,1 02,08,0 02,08,1 03,08,0 I7
01,07,1 02,06,1 02,07,0 02,07,1 03,06,1 03,07,0 03,07,1 M7
03,04,1 03,05,0 03,05,1 03,06,0 04,04,0 04,04,1 05,04,0 V7
05,04,1 05,05,0 06,03,0 06,03,1 06,04,0 06,04,1 07,04,0 W7
04,03,1 05,02,1 05,03,0 05,03,1 06,01,1 06,02,0 07,01,0 P7
01,04,1 02,03,1 02,04,0 03,03,0 03,03,1 03,04,0 04,03,0 U7
07,00,1 08,00,0 08,00,1 08,01,0 08,01,1 09,00,0 09,00,1 Y7
06,02,1 07,01,1 07,02,0 07,02,1 07,03,0 08,02,0 08,02,1 X7
09,01,0 09,01,1 09,02,0 09,02,1 09,03,0 09,03,1 10,03,0 L7
07,03,1 08,03,0 08,03,1 08,04,0 08,04,1 09,04,0 09,04,1 N7
07,04,1 07,05,0 07,05,1 07,06,0 08,05,0 08,05,1 09,05,0 T7
00,05,1 00,06,0 01,05,0 01,05,1 01,06,0 02,04,1 02,05,0 Z7
00,06,1 00,07,0 00,07,1 01,06,1 01,07,0 02,05,1 02,06,0 J7

                    ________
                   /       /\
                  /       /  \
                 /\  /\   \   \
                /  \/  \___\   \
               /       /   /    \
      ________/___    /   /___   \________
     /            \  /    \   \  /\       \
    /______________\/   ___\   \/  \       \
   /    \          /\   \   \      /\      /\
  /      \        /  \___\   \    /  \____/  \
 /\  /\   \  /\  /       /   /\  /        \   \
/  \/  \   \/  \/   ____/   /  \/_______   \   \
\       \  /   /   /\      /        \   \  /   /
 \____   \/   /___/  \____/   _______\   \/   /
  \   \  /\       \       \  /       /   /   /
   \   \/  \_______\    ___\/   ____/   /___/
    \       \      /   /\      /    \      /
     \_______\    /___/  \____/   ___\____/
              \   \          /   /
               \   \    ____/   /
                \   \  /   /   /
                 \___\/   /___/
                  \          /
                   \________/


solution 8:
02,10,1 02,11,0 02,11,1 03,10,1 03,11,0 03,11,1 04,10,0 A7
04,10,1 04,11,0 05,09,0 05,09,1 05,10,0 06,08,1 06,09,0 E7
02,09,0 02,09,1 02,10,0 03,08,1 03,09,0 03,09,1 03,10,0 B7
04,07,1 04,08,0 04,08,1 04,09,0 04,09,1 05,07,0 05,08,0 F7
05,08,1 06,07,1 06,08,0 07,06,1 07,07,0 07,07,1 07,08,0 G7
05,05,1 05,07,1 06,05,0 06,05,1 06,06,0 06,06,1 06,07,0 C7
04,05,0 04,05,1 04,06,0 04,06,1 04,07,0 05,06,0 05,06,1 H7
07,08,1 08,07,1 08,08,0 08,08,1 09,07,0 09,07,1 09,08,0 D7
10,05,1 10,06,1 10,07,0 11,04,1 11,05,0 11,05,1 11,06,0 U7
09,05,1 09,06,0 09,06,1 10,04,1 10,05,0 10,06,0 11,04,0 J7
08,04,0 08,04,1 08,05,0 08,05,1 08,06,0 08,06,1 08,07,0 I7
06,04,0 06,04,1 07,04,0 07,04,1 07,05,0 07,05,1 07,06,0 R7
09,04,0 09,04,1 09,05,0 10,03,1 10,04,0 11,03,0 11,03,1 Q7
08,03,1 09,01,1 09,02,0 09,02,1 09,03,0 09,03,1 10,03,0 T7
04,04,0 04,04,1 05,03,1 05,04,0 05,04,1 05,05,0 06,03,0 W7
02,04,1 03,03,1 03,04,0 04,03,0 04,03,1 05,02,1 05,03,0 N7
00,05,1 01,04,1 01,05,0 01,05,1 02,03,1 02,04,0 03,03,0 P7
00,06,0 00,06,1 00,07,0 00,07,1 00,08,0 01,06,0 01,07,0 M7
00,08,1 01,08,0 01,08,1 02,08,0 02,08,1 03,07,1 03,08,0 L7
01,06,1 02,05,0 02,05,1 02,06,0 02,06,1 03,04,1 03,05,0 X7
01,07,1 02,07,0 02,07,1 03,05,1 03,06,0 03,06,1 03,07,0 V7
06,02,1 06,03,1 07,02,0 07,02,1 07,03,0 07,03,1 08,03,0 Z7
06,01,1 06,02,0 07,00,1 07,01,0 07,01,1 08,00,0 08,01,0 Y7
08,00,1 08,01,1 08,02,0 08,02,1 09,00,0 09,00,1 09,01,0 S7

                    ________
                   /       /\
                  /       /  \
                 /\  /\   \   \
                /  \/  \___\   \
               /       /   /    \
      ________/___    /   /___   \________
     /\           \  /    \   \  /\       \
    /  \________   \/   ___\   \/  \       \
   /    \       \  /\   \   \      /\      /\
  /   ___\____   \/  \___\   \    /  \____/  \
 /    \      /   /       /   /\  /   /    \   \
/______\    /   /   ____/   /  \/   /   ___\   \
\      /    \  /   /\      /   /   /\   \      /
 \    /___   \/___/  \____/   /   /  \   \    /
  \   \   \  /       /       /   /    \   \  /
   \   \   \/___    /_______/___/___   \___\/
    \   \       \   \       \       \      /
     \___\____   \___\    ___\    ___\____/
              \  /\      /   /   /
               \/  \____/   /   /
                \       \   \  /
                 \    ___\   \/
                  \   \      /
                   \___\____/


solution 9:
02,10,1 02,11,0 02,11,1 03,10,1 03,11,0 03,11,1 04,10,0 A7
04,10,1 04,11,0 05,09,0 05,09,1 05,10,0 06,08,1 06,09,0 E7
02,09,0 02,09,1 02,10,0 03,08,1 03,09,0 03,09,1 03,10,0 B7
04,07,1 04,08,0 04,08,1 04,09,0 04,09,1 05,07,0 05,08,0 F7
05,08,1 06,07,1 06,08,0 07,06,1 07,07,0 07,07,1 07,08,0 G7
05,05,1 05,07,1 06,05,0 06,05,1 06,06,0 06,06,1 06,07,0 C7
04,05,0 04,05,1 04,06,0 04,06,1 04,07,0 05,06,0 05,06,1 H7
07,08,1 08,07,1 08,08,0 08,08,1 09,07,0 09,07,1 09,08,0 D7
10,05,1 10,06,1 10,07,0 11,04,1 11,05,0 11,05,1 11,06,0 U7
08,05,1 08,06,0 08,06,1 08,07,0 09,06,0 09,06,1 10,06,0 T7
07,05,0 07,05,1 07,06,0 08,04,0 08,04,1 08,05,0 09,04,0 M7
09,04,1 09,05,0 09,05,1 10,04,1 10,05,0 11,03,1 11,04,0 J7
09,02,1 09,03,0 09,03,1 10,03,0 10,03,1 10,04,0 11,03,0 Q7
01,07,1 02,07,0 02,07,1 02,08,0 02,08,1 03,07,1 03,08,0 S7
00,07,1 00,08,0 00,08,1 01,06,1 01,07,0 01,08,0 01,08,1 V7
00,06,1 00,07,0 01,05,1 01,06,0 02,04,1 02,05,0 02,05,1 P7
00,05,1 00,06,0 01,04,1 01,05,0 02,03,1 02,04,0 03,03,0 I7
02,06,0 02,06,1 03,05,0 03,05,1 03,06,0 03,06,1 03,07,0 Y7
03,04,0 03,04,1 04,04,0 04,04,1 05,04,0 05,04,1 05,05,0 L7
03,03,1 04,03,0 04,03,1 05,02,1 05,03,0 06,02,0 06,02,1 N7
05,03,1 06,03,0 06,03,1 06,04,0 06,04,1 07,02,1 07,03,0 W7
07,03,1 07,04,0 07,04,1 08,02,0 08,02,1 08,03,0 08,03,1 Z7
08,00,0 08,00,1 09,00,0 09,00,1 09,01,0 09,01,1 09,02,0 R7
06,01,1 07,00,1 07,01,0 07,01,1 07,02,0 08,01,0 08,01,1 X7

                    ________
                   /       /\
                  /       /  \
                 /\  /\   \   \
                /  \/  \___\   \
               /       /   /    \
      ________/___    /   /___   \________
     /       /    \  /    \   \  /\       \
    /   ____/      \/   ___\   \/  \       \
   /\   \      /\  /\   \   \      /\      /\
  /  \   \____/  \/  \___\   \    /  \____/  \
 /\   \  /       /       /   /\  /        \   \
/  \   \/___    /   ____/   /  \/   _______\   \
\   \      /   /   /\      /    \  /    \      /
 \   \    /___/___/  \____/___   \/      \    /
  \   \  /           /   /   /    \  /\   \  /
   \   \/___________/   /   /______\/  \   \/
    \   \       \       \      /        \  /
     \___\____   \____   \    /   _______\/
              \      /\  /   /\  /
               \____/  \/___/  \/
                \          /   /
                 \    ____/   /
                  \  /       /
                   \/_______/


solution 10:
02,10,1 02,11,0 02,11,1 03,10,1 03,11,0 03,11,1 04,10,0 A7
04,10,1 04,11,0 05,09,0 05,09,1 05,10,0 06,08,1 06,09,0 E7
02,09,0 02,09,1 02,10,0 03,08,1 03,09,0 03,09,1 03,10,0 B7
04,07,1 04,08,0 04,08,1 04,09,0 04,09,1 05,07,0 05,08,0 F7
05,08,1 06,07,1 06,08,0 07,06,1 07,07,0 07,07,1 07,08,0 G7
05,05,1 05,07,1 06,05,0 06,05,1 06,06,0 06,06,1 06,07,0 C7
04,05,0 04,05,1 04,06,0 04,06,1 04,07,0 05,06,0 05,06,1 H7
07,08,1 08,07,1 08,08,0 08,08,1 09,07,0 09,07,1 09,08,0 D7
10,05,1 10,06,1 10,07,0 11,04,1 11,05,0 11,05,1 11,06,0 U7
08,06,0 08,06,1 08,07,0 09,05,1 09,06,0 09,06,1 10,06,0 X7
08,05,0 08,05,1 09,04,1 09,05,0 10,04,0 10,04,1 10,05,0 S7
09,03,0 09,03,1 10,03,0 10,03,1 11,03,0 11,03,1 11,04,0 L7
07,04,1 07,05,0 07,05,1 07,06,0 08,04,0 08,04,1 09,04,0 V7
00,08,0 00,08,1 01,08,0 01,08,1 02,08,0 02,08,1 03,08,0 I7
02,06,1 02,07,1 03,05,1 03,06,0 03,06,1 03,07,0 03,07,1 M7
00,06,1 00,07,0 00,07,1 01,06,0 01,07,0 01,07,1 02,07,0 J7
00,05,1 00,06,0 01,04,1 01,05,0 02,03,1 02,04,0 02,04,1 P7
01,05,1 01,06,1 02,05,0 02,05,1 02,06,0 03,04,1 03,05,0 Y7
03,03,0 03,03,1 03,04,0 04,03,0 04,03,1 05,02,1 05,03,0 Q7
04,04,0 04,04,1 05,04,0 05,04,1 05,05,0 06,03,1 06,04,0 T7
06,04,1 07,02,1 07,03,0 07,03,1 07,04,0 08,03,0 08,03,1 W7
05,03,1 06,01,1 06,02,0 06,02,1 06,03,0 07,01,0 07,02,0 Z7
07,00,1 08,00,0 08,00,1 09,00,0 09,00,1 09,01,0 09,01,1 R7
07,01,1 08,01,0 08,01,1 08,02,0 08,02,1 09,02,0 09,02,1 N7

                    ________
                   /       /\
                  /       /  \
                 /\  /\   \   \
                /  \/  \___\   \
               /       /   /    \
      ________/___    /   /___   \________
     /            \  /    \   \  /\       \
    /______________\/   ___\   \/  \       \
   /        \      /\   \   \      /\      /\
  /   _______\    /  \___\   \    /  \____/  \
 /\   \   \      /       /   /\  /        \   \
/  \___\   \    /   ____/   /  \/___    ___\   \
\   \       \  /   /\      /   /    \  /\      /
 \   \____   \/___/  \____/   /___   \/  \    /
  \      /\  /        \   \       \      /\  /
   \    /  \/_______   \   \_______\____/  \/
    \  /        \   \  /       /           /
     \/_______   \   \/   ____/___________/
              \  /    \  /       /
               \/   ___\/   ____/
                \   \      /   /
                 \___\____/   /
                  \          /
                   \________/


solution 11:
02,10,1 02,11,0 02,11,1 03,10,1 03,11,0 03,11,1 04,10,0 A7
04,10,1 04,11,0 05,09,0 05,09,1 05,10,0 06,08,1 06,09,0 E7
02,09,0 02,09,1 02,10,0 03,08,1 03,09,0 03,09,1 03,10,0 B7
04,07,1 04,08,0 04,08,1 04,09,0 04,09,1 05,07,0 05,08,0 F7
05,08,1 06,07,1 06,08,0 07,06,1 07,07,0 07,07,1 07,08,0 G7
05,05,1 05,07,1 06,05,0 06,05,1 06,06,0 06,06,1 06,07,0 C7
04,05,0 04,05,1 04,06,0 04,06,1 04,07,0 05,06,0 05,06,1 H7
07,08,1 08,07,1 08,08,0 08,08,1 09,07,0 09,07,1 09,08,0 D7
10,05,1 10,06,1 10,07,0 11,04,1 11,05,0 11,05,1 11,06,0 U7
08,06,0 08,06,1 08,07,0 09,05,1 09,06,0 09,06,1 10,06,0 X7
09,04,0 09,04,1 10,04,0 10,04,1 10,05,0 11,03,1 11,04,0 T7
08,03,1 09,02,1 09,03,0 09,03,1 10,03,0 10,03,1 11,03,0 P7
07,05,1 07,06,0 08,04,0 08,04,1 08,05,0 08,05,1 09,05,0 W7
06,03,0 06,03,1 06,04,0 06,04,1 07,04,0 07,04,1 07,05,0 N7
05,02,1 05,03,0 05,03,1 05,04,0 05,04,1 05,05,0 06,02,0 L7
06,01,1 07,00,1 07,01,0 07,01,1 08,01,0 08,01,1 08,02,0 Q7
06,02,1 07,02,0 07,02,1 07,03,0 07,03,1 08,02,1 08,03,0 S7
08,00,0 08,00,1 09,00,0 09,00,1 09,01,0 09,01,1 09,02,0 R7
02,04,1 03,03,1 03,04,0 04,03,0 04,03,1 04,04,0 04,04,1 V7
00,05,1 00,06,0 01,04,1 01,05,0 02,03,1 02,04,0 03,03,0 I7
01,05,1 01,06,0 02,05,0 02,05,1 02,06,0 03,04,1 03,05,0 Z7
00,06,1 00,07,0 00,07,1 00,08,0 00,08,1 01,06,1 01,07,0 Y7
02,06,1 02,07,1 03,05,1 03,06,0 03,06,1 03,07,0 03,07,1 M7
01,07,1 01,08,0 01,08,1 02,07,0 02,08,0 02,08,1 03,08,0 J7

                    ________
                   /       /\
                  /       /  \
                 /\  /\   \   \
                /  \/  \___\   \
               /       /   /    \
      ________/___    /   /___   \________
     /   /        \  /    \   \  /\       \
    /   /   _______\/   ___\   \/  \       \
   /    \   \      /\   \   \      /\      /\
  /      \___\    /  \___\   \    /  \____/  \
 /\  /\  /\      /       /   /\  /        \   \
/  \/  \/  \    /   ____/   /  \/___    ___\   \
\   \       \  /   /\      /\       \  /\      /
 \   \____   \/___/  \____/  \    ___\/  \    /
  \   \   \  /   /   /       /   /        \  /
   \   \   \/   /   /   ____/___/_______   \/
    \   \      /   /   /    \           \  /
     \___\____/   /___/      \    _______\/
              \   \      /\  /\  /
               \___\____/  \/  \/
                \          /   /
                 \    ____/   /
                  \  /       /
                   \/_______/


solution 12:
02,10,1 02,11,0 02,11,1 03,10,1 03,11,0 03,11,1 04,10,0 A7
04,10,1 04,11,0 05,09,0 05,09,1 05,10,0 06,08,1 06,09,0 E7
02,09,0 02,09,1 02,10,0 03,08,1 03,09,0 03,09,1 03,10,0 B7
04,07,1 04,08,0 04,08,1 04,09,0 04,09,1 05,07,0 05,08,0 F7
05,08,1 06,07,1 06,08,0 07,06,1 07,07,0 07,07,1 07,08,0 G7
05,05,1 05,07,1 06,05,0 06,05,1 06,06,0 06,06,1 06,07,0 C7
04,05,0 04,05,1 04,06,0 04,06,1 04,07,0 05,06,0 05,06,1 H7
07,08,1 08,07,1 08,08,0 08,08,1 09,07,0 09,07,1 09,08,0 D7
10,05,1 10,06,1 10,07,0 11,04,1 11,05,0 11,05,1 11,06,0 U7
08,06,0 08,06,1 08,07,0 09,05,1 09,06,0 09,06,1 10,06,0 X7
09,04,0 09,04,1 10,04,0 10,04,1 10,05,0 11,03,1 11,04,0 T7
08,03,1 09,02,1 09,03,0 09,03,1 10,03,0 10,03,1 11,03,0 P7
07,05,1 07,06,0 08,04,0 08,04,1 08,05,0 08,05,1 09,05,0 W7
06,03,0 06,03,1 06,04,0 06,04,1 07,04,0 07,04,1 07,05,0 N7
05,02,1 05,03,0 05,03,1 05,04,0 05,04,1 05,05,0 06,02,0 L7
06,01,1 07,00,1 07,01,0 07,01,1 08,01,0 08,01,1 08,02,0 Q7
06,02,1 07,02,0 07,02,1 07,03,0 07,03,1 08,02,1 08,03,0 S7
08,00,0 08,00,1 09,00,0 09,00,1 09,01,0 09,01,1 09,02,0 R7
02,04,1 03,03,1 03,04,0 04,03,0 04,03,1 04,04,0 04,04,1 V7
00,05,1 00,06,0 01,04,1 01,05,0 02,03,1 02,04,0 03,03,0 I7
01,05,1 01,06,0 02,05,0 02,05,1 02,06,0 03,04,1 03,05,0 Z7
00,06,1 00,07,0 00,07,1 00,08,0 00,08,1 01,06,1 01,07,0 Y7
01,07,1 02,06,1 02,07,0 02,07,1 03,05,1 03,06,0 03,06,1 M7
01,08,0 01,08,1 02,08,0 02,08,1 03,07,0 03,07,1 03,08,0 J7

                    ________
                   /       /\
                  /       /  \
                 /\  /\   \   \
                /  \/  \___\   \
               /       /   /    \
      ________/___    /   /___   \________
     /   /        \  /    \   \  /\       \
    /   /_______   \/   ___\   \/  \       \
   /    \      /   /\   \   \      /\      /\
  /      \    /___/  \___\   \    /  \____/  \
 /\  /\  /\      /       /   /\  /        \   \
/  \/  \/  \    /   ____/   /  \/___    ___\   \
\   \       \  /   /\      /\       \  /\      /
 \   \____   \/___/  \____/  \    ___\/  \    /
  \   \   \  /   /   /       /   /        \  /
   \   \   \/   /   /   ____/___/_______   \/
    \   \      /   /   /    \           \  /
     \___\____/   /___/      \    _______\/
              \   \      /\  /\  /
               \___\____/  \/  \/
                \          /   /
                 \    ____/   /
                  \  /       /
                   \/_______/


Session interrupted by user.
12 solutions, 417500 searches, duration 0:03:29.910000
