solving Heptiamonds12x13Trapezoid:

solution 1:
00,00,0 00,00,1 00,01,0 00,01,1 01,00,0 01,00,1 01,01,0 D7
09,00,1 10,00,0 10,00,1 10,01,0 11,00,0 11,00,1 12,00,0 E7
09,01,1 09,02,0 09,02,1 09,03,0 10,01,1 10,02,0 11,01,0 G7
01,01,1 02,00,0 02,00,1 02,01,0 03,00,0 03,00,1 03,01,0 A7
00,02,0 00,02,1 00,03,0 00,03,1 00,04,0 01,03,0 01,03,1 H7
01,02,0 01,02,1 02,01,1 02,02,0 02,02,1 03,01,1 03,02,0 F7
04,00,0 04,00,1 04,01,0 04,01,1 04,02,0 04,02,1 04,03,0 I7
05,00,0 05,00,1 05,01,0 05,01,1 05,02,0 05,02,1 06,02,0 L7
06,00,0 06,00,1 06,01,0 06,01,1 07,00,0 07,01,0 07,01,1 U7
07,00,1 08,00,0 08,00,1 08,01,0 08,01,1 09,00,0 09,01,0 Z7
02,03,0 02,03,1 02,04,0 02,04,1 03,02,1 03,03,0 03,03,1 B7
00,04,1 00,05,0 00,05,1 00,06,0 00,06,1 01,04,0 01,06,0 C7
01,04,1 01,05,0 01,05,1 01,06,1 02,05,0 02,05,1 02,06,0 S7
00,07,0 00,07,1 00,08,0 00,08,1 00,09,0 01,07,0 01,08,0 M7
00,10,0 00,10,1 00,11,0 00,11,1 01,10,1 01,11,0 02,10,0 V7
00,09,1 01,08,1 01,09,0 01,09,1 01,10,0 02,09,0 02,09,1 X7
02,07,1 02,08,0 02,08,1 03,08,0 03,08,1 03,09,0 04,08,0 Q7
01,07,1 02,06,1 02,07,0 03,05,0 03,05,1 03,06,0 03,06,1 T7
03,07,0 03,07,1 04,07,0 04,07,1 05,06,1 05,07,0 06,06,0 R7
03,04,0 03,04,1 04,03,1 04,04,0 04,04,1 04,05,0 05,03,0 W7
04,05,1 04,06,0 05,03,1 05,04,0 05,04,1 05,05,0 06,03,0 N7
04,06,1 05,05,1 05,06,0 06,04,0 06,04,1 06,05,0 07,04,0 P7
06,05,1 07,03,1 07,04,1 07,05,0 08,03,0 08,03,1 08,04,0 J7
06,02,1 06,03,1 07,02,0 07,02,1 07,03,0 08,02,0 08,02,1 Y7

                        ____
                       /    \
                      /      \
                     /   /\   \
                    /___/  \___\
                   /\          /\
                  /  \    ____/  \
                 /    \  /        \
                /   ___\/   _______\
               /    \   \  /        \
              /______\   \/_______   \
             /    \   \      /\   \   \
            /   ___\   \    /  \   \___\
           /   /       /   /\   \   \   \
          /   /   ____/___/  \   \   \   \
         /\   \  /   /       /   /    \   \
        /  \___\/   /___    /   /______\   \
       /       /       /\   \   \   \      /\
      /   ____/___    /  \___\___\   \____/  \
     /   /        \  /   /    \          /    \
    /___/___       \/   /   ___\________/      \
   /    \   \  /\  /   /   /       /    \  /\   \
  /      \   \/  \/   /   /   ____/   ___\/  \___\
 /       /       /   /   /    \       \           \
/_______/_______/___/___/______\_______\___________\


solution 2:
00,00,0 00,00,1 00,01,0 00,01,1 01,00,0 01,00,1 01,01,0 D7
09,00,1 10,00,0 10,00,1 10,01,0 11,00,0 11,00,1 12,00,0 E7
09,01,1 09,02,0 09,02,1 09,03,0 10,01,1 10,02,0 11,01,0 G7
01,01,1 02,00,0 02,00,1 02,01,0 03,00,0 03,00,1 03,01,0 A7
00,02,0 00,02,1 00,03,0 00,03,1 00,04,0 01,03,0 01,03,1 H7
01,02,0 01,02,1 02,01,1 02,02,0 02,02,1 03,01,1 03,02,0 F7
04,00,0 04,00,1 04,01,0 04,01,1 04,02,0 04,02,1 04,03,0 I7
05,00,0 05,00,1 05,01,0 05,01,1 05,02,0 05,02,1 06,02,0 L7
06,00,0 06,00,1 06,01,0 06,01,1 07,00,0 07,01,0 07,01,1 U7
07,00,1 08,00,0 08,00,1 08,01,0 08,01,1 09,00,0 09,01,0 Z7
02,03,0 02,03,1 02,04,0 02,04,1 03,02,1 03,03,0 03,03,1 B7
00,04,1 00,05,0 00,05,1 00,06,0 00,06,1 01,04,0 01,06,0 C7
01,04,1 01,05,0 01,05,1 01,06,1 02,05,0 02,05,1 02,06,0 S7
00,07,0 00,07,1 00,08,0 00,08,1 00,09,0 01,07,0 01,08,0 M7
00,10,0 00,10,1 00,11,0 00,11,1 01,10,1 01,11,0 02,10,0 V7
00,09,1 01,08,1 01,09,0 01,09,1 01,10,0 02,09,0 02,09,1 X7
02,07,1 02,08,0 02,08,1 03,08,0 03,08,1 03,09,0 04,08,0 Q7
01,07,1 02,06,1 02,07,0 03,05,0 03,05,1 03,06,0 03,06,1 T7
03,07,0 03,07,1 04,07,0 04,07,1 05,06,1 05,07,0 06,06,0 R7
03,04,0 03,04,1 04,03,1 04,04,0 04,04,1 04,05,0 05,03,0 W7
04,05,1 04,06,0 05,04,1 05,05,0 06,03,1 06,04,0 06,04,1 P7
05,03,1 05,04,0 06,02,1 06,03,0 07,02,0 07,02,1 07,03,0 J7
04,06,1 05,05,1 05,06,0 06,05,0 06,05,1 07,04,1 07,05,0 N7
07,03,1 07,04,0 08,02,0 08,02,1 08,03,0 08,03,1 08,04,0 Y7

                        ____
                       /    \
                      /      \
                     /   /\   \
                    /___/  \___\
                   /\          /\
                  /  \    ____/  \
                 /    \  /        \
                /   ___\/   _______\
               /    \   \  /        \
              /______\   \/_______   \
             /    \   \      /\   \   \
            /   ___\   \    /  \   \___\
           /   /       /   /\   \       \
          /   /   ____/___/  \   \____   \
         /\   \  /   /       /\      /\  /\
        /  \___\/   /___    /  \    /  \/  \
       /       /       /\   \   \  /\      /\
      /   ____/___    /  \___\   \/  \    /  \
     /   /        \  /   /    \      /   /    \
    /___/___       \/   /   ___\____/___/      \
   /    \   \  /\  /   /   /       /    \  /\   \
  /      \   \/  \/   /   /   ____/   ___\/  \___\
 /       /       /   /   /    \       \           \
/_______/_______/___/___/______\_______\___________\


