solving HexiamondsSpinner2:

solution 1 (1,968 searches):
5,0,1 5,1,0 5,1,1 6,0,0 6,0,1 6,1,0 O6
6,1,1 7,0,0 7,0,1 7,1,0 7,1,1 7,2,0 E6
2,3,0 2,3,1 3,2,1 3,3,0 4,1,1 4,2,0 J6
4,2,1 5,2,0 5,2,1 5,3,0 5,3,1 6,2,0 H6
1,5,1 2,4,1 2,5,0 3,3,1 3,4,0 4,3,0 I6
5,4,0 5,4,1 6,2,1 6,3,0 6,3,1 6,4,0 G6
0,5,0 0,5,1 0,6,0 0,6,1 1,6,0 1,6,1 C6
0,4,1 1,3,1 1,4,0 1,4,1 1,5,0 2,4,0 X6
5,5,1 5,6,1 6,4,1 6,5,0 6,5,1 6,6,0 F6
3,7,1 4,6,1 4,7,0 4,7,1 5,6,0 5,7,0 V6
2,5,1 2,6,0 2,6,1 3,6,0 3,6,1 3,7,0 S6
3,5,0 3,5,1 4,5,0 4,5,1 4,6,0 5,5,0 P6

                  ________
                 /\       \
    ____________/  \    ___\
   /       /       /\   \   \
  /   ____/   ____/  \___\   \
 /   /\   \  /        \      /
/___/  \   \/__________\    /
\       \   \      /    \  /
 \    ___\   \    /___   \/
  \  /    \   \  /   /   /
   \/___   \___\/   /   /
        \   \       \  /\
         \   \_______\/  \
          \  /    \      /
           \/      \    /
            \      /   /
             \____/___/

solution 2 (1,974 searches):
5,0,1 5,1,0 5,1,1 6,0,0 6,0,1 6,1,0 O6
6,1,1 7,0,0 7,0,1 7,1,0 7,1,1 7,2,0 E6
2,3,0 2,3,1 3,2,1 3,3,0 4,1,1 4,2,0 J6
4,2,1 5,2,0 5,2,1 5,3,0 5,3,1 6,2,0 H6
1,5,1 2,4,1 2,5,0 3,3,1 3,4,0 4,3,0 I6
5,4,0 5,4,1 6,2,1 6,3,0 6,3,1 6,4,0 G6
0,5,0 0,5,1 0,6,0 0,6,1 1,6,0 1,6,1 C6
0,4,1 1,3,1 1,4,0 1,4,1 1,5,0 2,4,0 X6
5,5,1 5,6,0 6,4,1 6,5,0 6,5,1 6,6,0 V6
3,7,1 4,6,1 4,7,0 4,7,1 5,6,1 5,7,0 F6
2,5,1 2,6,0 2,6,1 3,6,0 3,6,1 3,7,0 S6
3,5,0 3,5,1 4,5,0 4,5,1 4,6,0 5,5,0 P6

                  ________
                 /\       \
    ____________/  \       \
   /       /       /\  /\  /\
  /   ____/   ____/  \/  \/  \
 /   /\   \  /        \      /
/___/  \   \/__________\    /
\       \   \      /    \  /
 \    ___\   \    /___   \/
  \  /    \   \  /   /   /
   \/___   \___\/   /   /
        \   \       \  /\
         \   \_______\/  \
          \  /    \      /
           \/      \    /
            \      /   /
             \____/___/

solution 3 (2,747 searches):
5,0,1 5,1,0 5,1,1 6,0,0 6,0,1 6,1,0 O6
6,1,1 7,0,0 7,0,1 7,1,0 7,1,1 7,2,0 E6
3,2,1 4,1,1 4,2,0 4,2,1 4,3,0 5,2,0 X6
5,2,1 5,3,0 6,2,0 6,2,1 6,3,0 6,3,1 G6
5,3,1 5,4,0 5,4,1 6,4,0 6,4,1 6,5,0 S6
5,5,1 5,6,0 5,6,1 5,7,0 6,5,1 6,6,0 V6
3,6,1 3,7,0 3,7,1 4,6,1 4,7,0 4,7,1 F6
3,5,0 3,5,1 4,5,0 4,5,1 4,6,0 5,5,0 P6
0,6,1 1,6,0 1,6,1 2,6,0 2,6,1 3,6,0 I6
0,4,1 0,5,0 0,5,1 0,6,0 1,5,0 1,5,1 H6
1,4,0 1,4,1 2,4,0 2,4,1 2,5,0 2,5,1 C6
1,3,1 2,3,0 2,3,1 3,3,0 3,3,1 3,4,0 J6

                  ________
                 /       /\
    ____________/       /  \
   /\           \  /\  /    \
  /  \___________\/  \/      \
 /       /   /        \  /\  /
/   ____/   /__________\/  \/
\  /       /\      /       /
 \/_______/  \    /   ____/
  \          /\  /\  /   /
   \________/  \/  \/   /
        \       \      /\
         \    ___\____/  \
          \  /    \      /
           \/      \    /
            \      /   /
             \____/___/

solution 4 (2,794 searches):
5,0,1 5,1,0 5,1,1 6,0,0 6,0,1 6,1,0 O6
6,1,1 7,0,0 7,0,1 7,1,0 7,1,1 7,2,0 E6
3,2,1 4,1,1 4,2,0 4,2,1 4,3,0 5,2,0 X6
5,2,1 5,3,0 5,3,1 5,4,0 5,4,1 6,2,0 J6
6,2,1 6,3,0 6,3,1 6,4,0 6,4,1 6,5,0 I6
5,5,1 5,6,0 5,6,1 5,7,0 6,5,1 6,6,0 V6
3,6,1 3,7,0 3,7,1 4,6,1 4,7,0 4,7,1 F6
3,5,0 3,5,1 4,5,0 4,5,1 4,6,0 5,5,0 P6
1,6,1 2,5,0 2,5,1 2,6,0 2,6,1 3,6,0 H6
0,4,1 0,5,0 0,5,1 0,6,0 1,3,1 1,4,0 C6
0,6,1 1,4,1 1,5,0 1,5,1 1,6,0 2,4,0 S6
2,3,0 2,3,1 2,4,1 3,3,0 3,3,1 3,4,0 G6

                  ________
                 /       /\
    ____________/       /  \
   /\   \       \  /\  /    \
  /  \   \    ___\/  \/      \
 /   /   /   /        \  /\  /
/   /   /___/__________\/  \/
\   \   \   \      /   /   /
 \   \___\   \    /   /   /
  \  /       /\  /   /   /
   \/_______/  \/   /   /
        \       \   \  /\
         \    ___\___\/  \
          \  /    \      /
           \/      \    /
            \      /   /
             \____/___/

solution 5 (2,798 searches):
5,0,1 5,1,0 5,1,1 6,0,0 6,0,1 6,1,0 O6
6,1,1 7,0,0 7,0,1 7,1,0 7,1,1 7,2,0 E6
3,2,1 4,1,1 4,2,0 4,2,1 4,3,0 5,2,0 X6
5,2,1 5,3,0 5,3,1 5,4,0 5,4,1 6,2,0 J6
6,2,1 6,3,0 6,3,1 6,4,0 6,4,1 6,5,0 I6
5,5,1 5,6,0 5,6,1 5,7,0 6,5,1 6,6,0 V6
3,6,1 3,7,0 3,7,1 4,6,1 4,7,0 4,7,1 F6
3,5,0 3,5,1 4,5,0 4,5,1 4,6,0 5,5,0 P6
1,6,1 2,5,0 2,5,1 2,6,0 2,6,1 3,6,0 H6
0,4,1 1,3,1 1,4,0 2,3,0 2,3,1 3,3,0 C6
1,4,1 1,5,0 2,4,0 2,4,1 3,3,1 3,4,0 S6
0,5,0 0,5,1 0,6,0 0,6,1 1,5,1 1,6,0 G6

                  ________
                 /       /\
    ____________/       /  \
   /    \       \  /\  /    \
  /      \    ___\/  \/      \
 /   /\  /   /        \  /\  /
/___/  \/___/__________\/  \/
\   \       \      /   /   /
 \   \____   \    /   /   /
  \       \  /\  /   /   /
   \_______\/  \/   /   /
        \       \   \  /\
         \    ___\___\/  \
          \  /    \      /
           \/      \    /
            \      /   /
             \____/___/

solution 6 (3,000 searches):
5,0,1 5,1,0 5,1,1 6,0,0 6,0,1 6,1,0 O6
6,1,1 6,2,0 7,0,0 7,0,1 7,1,0 7,1,1 H6
5,2,1 5,3,0 5,3,1 6,2,1 6,3,0 7,2,0 G6
2,4,1 3,3,1 3,4,0 4,2,1 4,3,0 5,2,0 I6
2,3,0 2,3,1 3,2,1 3,3,0 4,1,1 4,2,0 J6
0,4,1 1,3,1 1,4,0 1,4,1 1,5,0 2,4,0 X6
0,5,0 0,5,1 0,6,0 0,6,1 1,6,0 1,6,1 C6
1,5,1 2,5,0 2,5,1 2,6,0 3,5,0 3,5,1 E6
2,6,1 3,6,0 3,6,1 3,7,0 3,7,1 4,7,0 S6
4,6,1 4,7,1 5,6,0 5,6,1 5,7,0 6,6,0 V6
4,5,0 4,5,1 4,6,0 5,4,0 5,4,1 5,5,0 F6
5,5,1 6,3,1 6,4,0 6,4,1 6,5,0 6,5,1 P6

                  ________
                 /    \   \
    ____________/   ___\   \
   /       /\      /\       \
  /   ____/  \____/  \_______\
 /   /\          /    \      /
/___/  \________/___   \    /
\       \   \      /   /   /
 \    ___\   \    /___/   /
  \  /    \   \  /    \  /
   \/___   \   \/      \/
        \   \   \  /\   \
         \   \___\/  \___\
          \  /    \      /
           \/      \    /
            \      /   /
             \____/___/

solution 7 (4,369 searches):
6,0,1 6,1,0 6,1,1 7,0,0 7,0,1 7,1,0 O6
4,1,1 4,2,0 5,0,1 5,1,0 5,1,1 6,0,0 E6
6,2,1 6,3,0 6,3,1 6,4,0 7,1,1 7,2,0 C6
5,2,1 5,3,0 5,3,1 5,4,0 5,4,1 6,2,0 J6
2,4,1 3,3,1 3,4,0 4,2,1 4,3,0 5,2,0 I6
1,3,1 2,3,0 2,3,1 2,4,0 3,2,1 3,3,0 H6
5,5,1 5,6,1 6,4,1 6,5,0 6,5,1 6,6,0 F6
3,7,1 4,6,1 4,7,0 4,7,1 5,6,0 5,7,0 V6
3,5,0 3,5,1 4,5,0 4,5,1 4,6,0 5,5,0 P6
2,5,1 2,6,0 2,6,1 3,6,0 3,6,1 3,7,0 S6
0,6,1 1,5,0 1,5,1 1,6,0 1,6,1 2,5,0 X6
0,4,1 0,5,0 0,5,1 0,6,0 1,4,0 1,4,1 G6

                  ________
                 /\       \
    ____________/  \    ___\
   /\      /       /\   \   \
  /  \    /   ____/  \___\   \
 /   /    \  /        \      /
/   /______\/__________\    /
\      /\   \      /   /\  /
 \____/  \   \    /   /  \/
  \       \   \  /   /   /
   \____   \   \/   /   /
        \  /\   \   \   \
         \/  \___\___\   \
          \      /    \  /
           \    /      \/
            \   \      /
             \___\____/

solution 8 (4,384 searches):
6,0,1 6,1,0 6,1,1 7,0,0 7,0,1 7,1,0 O6
4,1,1 4,2,0 5,0,1 5,1,0 5,1,1 6,0,0 E6
6,2,1 6,3,0 6,3,1 6,4,0 7,1,1 7,2,0 C6
5,2,1 5,3,0 5,3,1 5,4,0 5,4,1 6,2,0 J6
2,4,1 3,3,1 3,4,0 4,2,1 4,3,0 5,2,0 I6
1,3,1 2,3,0 2,3,1 2,4,0 3,2,1 3,3,0 H6
5,5,1 5,6,0 6,4,1 6,5,0 6,5,1 6,6,0 V6
3,7,1 4,6,1 4,7,0 4,7,1 5,6,1 5,7,0 F6
3,5,0 3,5,1 4,5,0 4,5,1 4,6,0 5,5,0 P6
2,5,1 2,6,0 2,6,1 3,6,0 3,6,1 3,7,0 S6
0,6,1 1,5,0 1,5,1 1,6,0 1,6,1 2,5,0 X6
0,4,1 0,5,0 0,5,1 0,6,0 1,4,0 1,4,1 G6

                  ________
                 /\       \
    ____________/  \       \
   /\      /       /\  /\  /\
  /  \    /   ____/  \/  \/  \
 /   /    \  /        \      /
/   /______\/__________\    /
\      /\   \      /   /\  /
 \____/  \   \    /   /  \/
  \       \   \  /   /   /
   \____   \   \/   /   /
        \  /\   \   \   \
         \/  \___\___\   \
          \      /    \  /
           \    /      \/
            \   \      /
             \___\____/

solution 9 (5,693 searches):
6,0,1 6,1,0 6,1,1 7,0,0 7,0,1 7,1,0 O6
4,1,1 5,0,1 5,1,0 5,1,1 5,2,0 6,0,0 H6
5,2,1 5,3,0 6,2,0 6,2,1 7,1,1 7,2,0 S6
2,4,1 3,3,1 3,4,0 4,2,0 4,2,1 4,3,0 J6
1,4,1 2,3,0 2,3,1 2,4,0 3,2,1 3,3,0 E6
0,4,1 0,5,0 0,5,1 0,6,0 1,3,1 1,4,0 C6
0,6,1 1,5,0 1,5,1 1,6,0 1,6,1 2,5,0 X6
2,5,1 2,6,0 2,6,1 3,5,0 3,5,1 4,5,0 G6
6,3,0 6,3,1 6,4,0 6,4,1 6,5,0 6,5,1 I6
4,5,1 5,3,1 5,4,0 5,4,1 5,5,0 5,5,1 P6
3,6,0 3,6,1 3,7,0 3,7,1 4,6,0 4,7,0 F6
4,6,1 4,7,1 5,6,0 5,6,1 5,7,0 6,6,0 V6

                  ________
                 /    \   \
    ____________/   ___\   \
   /\      /   /    \       \
  /  \    /   /______\_______\
 /   /    \       \      /   /
/   /______\_______\    /   /
\   \   \   \      /   /   /
 \   \   \   \    /   /   /
  \  /    \   \  /\  /   /
   \/___   \   \/  \/___/
        \  /   /\       \
         \/___/  \____   \
          \      /    \  /
           \    /      \/
            \   \      /
             \___\____/

solution 10 (5,696 searches):
6,0,1 6,1,0 6,1,1 7,0,0 7,0,1 7,1,0 O6
4,1,1 5,0,1 5,1,0 5,1,1 5,2,0 6,0,0 H6
5,2,1 5,3,0 6,2,0 6,2,1 7,1,1 7,2,0 S6
2,4,1 3,3,1 3,4,0 4,2,0 4,2,1 4,3,0 J6
1,4,1 2,3,0 2,3,1 2,4,0 3,2,1 3,3,0 E6
0,4,1 0,5,0 0,5,1 0,6,0 1,3,1 1,4,0 C6
0,6,1 1,5,0 1,5,1 1,6,0 1,6,1 2,5,0 X6
2,5,1 2,6,0 2,6,1 3,5,0 3,5,1 4,5,0 G6
6,3,0 6,3,1 6,4,0 6,4,1 6,5,0 6,5,1 I6
4,5,1 5,3,1 5,4,0 5,4,1 5,5,0 5,5,1 P6
3,6,0 3,6,1 3,7,0 3,7,1 4,6,0 4,6,1 V6
4,7,0 4,7,1 5,6,0 5,6,1 5,7,0 6,6,0 F6

                  ________
                 /   /    \
    ____________/   /___   \
   /\      /   /       /    \
  /  \    /   /_______/______\
 /   /    \       \      /   /
/   /______\_______\    /   /
\   \   \   \      /   /   /
 \   \   \   \    /   /   /
  \  /    \   \  /\  /   /
   \/___   \   \/  \/___/
        \  /   /\       \
         \/___/  \____   \
          \      /    \  /
           \    /      \/
            \   \      /
             \___\____/

solution 11 (5,970 searches):
6,0,1 6,1,0 6,1,1 7,0,0 7,0,1 7,1,0 O6
3,2,1 4,1,1 4,2,0 5,0,1 5,1,0 6,0,0 I6
5,3,1 6,2,0 6,2,1 6,3,0 7,1,1 7,2,0 E6
4,2,1 4,3,0 5,1,1 5,2,0 5,2,1 5,3,0 V6
5,4,0 5,4,1 6,3,1 6,4,0 6,4,1 6,5,0 H6
4,6,1 5,5,1 5,6,0 5,6,1 6,5,1 6,6,0 F6
3,6,1 3,7,0 3,7,1 4,7,0 4,7,1 5,7,0 J6
3,5,0 3,5,1 4,5,0 4,5,1 4,6,0 5,5,0 P6
1,5,1 2,5,0 2,5,1 2,6,0 2,6,1 3,6,0 S6
0,5,0 0,5,1 0,6,0 0,6,1 1,6,0 1,6,1 C6
0,4,1 1,3,1 1,4,0 1,4,1 1,5,0 2,4,0 X6
2,3,0 2,3,1 2,4,1 3,3,0 3,3,1 3,4,0 G6

                  ________
                 /        \
    ____________/   _______\
   /       /    \  /\       \
  /   ____/   ___\/  \       \
 /   /\      /        \  /\  /
/___/  \____/__________\/  \/
\       \   \      /       /
 \    ___\   \    /___    /
  \  /       /\  /\   \  /
   \/_______/  \/  \   \/
        \   \      /    \
         \   \    /___   \
          \   \  /    \  /
           \   \/      \/
            \   \      /
             \___\____/

solution 12 (6,026 searches):
6,0,1 6,1,0 6,1,1 7,0,0 7,0,1 7,1,0 O6
3,2,1 4,1,1 4,2,0 5,0,1 5,1,0 6,0,0 I6
5,3,1 6,2,0 6,2,1 6,3,0 7,1,1 7,2,0 E6
4,2,1 4,3,0 5,1,1 5,2,0 5,2,1 5,3,0 V6
5,5,1 6,3,1 6,4,0 6,4,1 6,5,0 6,5,1 P6
4,5,1 4,6,0 4,6,1 5,4,0 5,4,1 5,5,0 S6
4,7,0 4,7,1 5,6,0 5,6,1 5,7,0 6,6,0 F6
3,5,1 3,6,0 3,6,1 3,7,0 3,7,1 4,5,0 J6
1,5,1 2,5,0 2,5,1 2,6,0 2,6,1 3,5,0 H6
0,5,0 0,5,1 0,6,0 0,6,1 1,6,0 1,6,1 C6
0,4,1 1,3,1 1,4,0 1,4,1 1,5,0 2,4,0 X6
2,3,0 2,3,1 2,4,1 3,3,0 3,3,1 3,4,0 G6

                  ________
                 /   /    \
    ____________/   /___   \
   /       /   /   /   /    \
  /   ____/   /   /   /______\
 /   /\       \   \   \      /
/___/  \_______\___\   \    /
\       \   \      /   /   /
 \    ___\   \    /___/   /
  \  /       /\  /\   \  /
   \/_______/  \/  \   \/
        \   \      /    \
         \   \    /___   \
          \   \  /    \  /
           \   \/      \/
            \   \      /
             \___\____/

solution 13 (6,094 searches):
6,0,1 6,1,0 6,1,1 7,0,0 7,0,1 7,1,0 O6
3,2,1 4,1,1 4,2,0 5,0,1 5,1,0 6,0,0 I6
5,3,1 6,2,0 6,2,1 6,3,0 7,1,1 7,2,0 E6
4,2,1 4,3,0 5,1,1 5,2,0 5,2,1 5,3,0 V6
5,4,0 5,4,1 5,5,0 6,3,1 6,4,0 6,4,1 X6
4,7,1 5,6,1 5,7,0 6,5,0 6,5,1 6,6,0 J6
4,5,0 4,5,1 4,6,0 4,6,1 5,5,1 5,6,0 G6
2,6,1 3,6,0 3,6,1 3,7,0 3,7,1 4,7,0 S6
2,4,1 2,5,0 2,5,1 2,6,0 3,5,0 3,5,1 H6
2,3,0 2,3,1 2,4,0 3,3,0 3,3,1 3,4,0 F6
0,4,1 0,5,0 0,5,1 0,6,0 1,3,1 1,4,0 C6
0,6,1 1,4,1 1,5,0 1,5,1 1,6,0 1,6,1 P6

                  ________
                 /    \   \
    ____________/   ___\   \
   /\      /\      /    \   \
  /  \    /  \____/      \   \
 /   /   /       /   /\  /   /
/   /   /   ____/___/  \/___/
\   \  /\  /\      /       /
 \   \/  \/  \    /___    /
  \  /       /\  /\   \  /
   \/_______/  \/  \   \/
        \   \      /    \
         \   \    /___   \
          \   \  /    \  /
           \   \/      \/
            \   \      /
             \___\____/

solution 14 (6,096 searches):
6,0,1 6,1,0 6,1,1 7,0,0 7,0,1 7,1,0 O6
3,2,1 4,1,1 4,2,0 5,0,1 5,1,0 6,0,0 I6
5,3,1 6,2,0 6,2,1 6,3,0 7,1,1 7,2,0 E6
4,2,1 4,3,0 5,1,1 5,2,0 5,2,1 5,3,0 V6
5,4,0 5,4,1 5,5,0 6,3,1 6,4,0 6,4,1 X6
4,7,1 5,6,1 5,7,0 6,5,0 6,5,1 6,6,0 J6
4,5,0 4,5,1 4,6,0 4,6,1 5,5,1 5,6,0 G6
2,6,1 3,6,0 3,6,1 3,7,0 3,7,1 4,7,0 S6
2,4,1 2,5,0 2,5,1 2,6,0 3,5,0 3,5,1 H6
2,3,0 2,3,1 2,4,0 3,3,0 3,3,1 3,4,0 F6
0,4,1 1,3,1 1,4,0 1,4,1 1,5,0 1,5,1 P6
0,5,0 0,5,1 0,6,0 0,6,1 1,6,0 1,6,1 C6

                  ________
                 /    \   \
    ____________/   ___\   \
   /       /\      /    \   \
  /   ____/  \____/      \   \
 /   /   /       /   /\  /   /
/___/   /   ____/___/  \/___/
\      /\  /\      /       /
 \    /  \/  \    /___    /
  \  /       /\  /\   \  /
   \/_______/  \/  \   \/
        \   \      /    \
         \   \    /___   \
          \   \  /    \  /
           \   \/      \/
            \   \      /
             \___\____/

solution 15 (6,473 searches):
6,0,1 6,1,0 6,1,1 7,0,0 7,0,1 7,1,0 O6
3,2,1 4,1,1 4,2,0 5,0,1 5,1,0 6,0,0 I6
5,3,0 5,3,1 6,2,1 6,3,0 7,1,1 7,2,0 J6
4,2,1 4,3,0 5,1,1 5,2,0 5,2,1 6,2,0 H6
5,5,1 6,3,1 6,4,0 6,4,1 6,5,0 6,5,1 P6
4,5,0 4,5,1 4,6,0 5,4,0 5,4,1 5,5,0 F6
4,6,1 4,7,1 5,6,0 5,6,1 5,7,0 6,6,0 V6
2,6,1 3,6,0 3,6,1 3,7,0 3,7,1 4,7,0 S6
1,5,1 2,5,0 2,5,1 2,6,0 3,5,0 3,5,1 E6
0,5,0 0,5,1 0,6,0 0,6,1 1,6,0 1,6,1 C6
0,4,1 1,3,1 1,4,0 1,4,1 1,5,0 2,4,0 X6
2,3,0 2,3,1 2,4,1 3,3,0 3,3,1 3,4,0 G6

                  ________
                 /    \   \
    ____________/   ___\   \
   /       /\      /\       \
  /   ____/  \____/  \_______\
 /   /\          /    \      /
/___/  \________/___   \    /
\       \   \      /   /   /
 \    ___\   \    /___/   /
  \  /       /\  /    \  /
   \/_______/  \/___   \/
        \   \       \   \
         \   \    ___\   \
          \   \  /    \  /
           \   \/      \/
            \   \      /
             \___\____/

solution 16 (7,422 searches):
4,1,1 4,2,0 4,2,1 5,1,0 5,1,1 5,2,0 O6
5,0,1 6,0,0 6,0,1 6,1,0 7,0,0 7,0,1 E6
2,3,1 3,2,1 3,3,0 3,3,1 3,4,0 4,3,0 X6
0,4,1 1,3,1 1,4,0 1,4,1 2,3,0 2,4,0 V6
0,5,0 0,5,1 0,6,0 0,6,1 1,6,0 1,6,1 C6
1,5,0 1,5,1 2,4,1 2,5,0 2,5,1 2,6,0 H6
2,6,1 3,6,0 3,6,1 3,7,0 3,7,1 4,7,0 S6
3,5,0 3,5,1 4,5,0 4,5,1 4,6,0 5,5,0 P6
4,6,1 4,7,1 5,5,1 5,6,0 5,6,1 5,7,0 F6
6,3,1 6,4,0 6,4,1 6,5,0 6,5,1 6,6,0 I6
5,2,1 5,3,0 5,3,1 5,4,0 5,4,1 6,2,0 J6
6,1,1 6,2,1 6,3,0 7,1,0 7,1,1 7,2,0 G6

                  ________
                 /    \   \
    ____________/   ___\   \
   /       /\      /\      /\
  /   ____/  \____/  \    /  \
 /   /       /        \  /   /
/___/___    /__________\/   /
\       \  /\      /   /   /
 \    ___\/  \    /   /   /
  \   \       \  /   /\  /
   \___\    ___\/   /  \/
        \  /    \   \   \
         \/      \___\   \
          \      /\      /
           \____/  \____/
            \          /
             \________/

solution 17 (7,750 searches):
4,1,1 4,2,0 4,2,1 5,1,0 5,1,1 5,2,0 O6
5,0,1 6,0,0 6,0,1 7,0,0 7,0,1 7,1,0 J6
6,1,0 6,1,1 6,2,0 6,2,1 7,1,1 7,2,0 G6
5,2,1 5,3,0 5,3,1 5,4,0 5,4,1 6,3,0 E6
6,3,1 6,4,0 6,4,1 6,5,0 6,5,1 6,6,0 I6
2,3,1 3,2,1 3,3,0 3,3,1 3,4,0 4,3,0 X6
0,4,1 1,3,1 1,4,0 1,4,1 2,3,0 2,4,0 V6
0,5,0 0,5,1 0,6,0 0,6,1 1,6,0 1,6,1 C6
1,5,0 1,5,1 2,4,1 2,5,0 2,5,1 2,6,0 H6
2,6,1 3,6,0 3,6,1 3,7,0 3,7,1 4,7,0 S6
3,5,0 3,5,1 4,5,0 4,5,1 4,6,0 5,5,0 P6
4,6,1 4,7,1 5,5,1 5,6,0 5,6,1 5,7,0 F6

                  ________
                 /    \   \
    ____________/   ___\   \
   /       /\      /\      /\
  /   ____/  \____/  \    /  \
 /   /       /        \  /   /
/___/___    /__________\/   /
\       \  /\      /   /   /
 \    ___\/  \    /   /   /
  \   \       \  /    \  /
   \___\    ___\/   ___\/
        \  /    \  /    \
         \/      \/      \
          \      /   /\  /
           \____/___/  \/
            \          /
             \________/

solution 18 (11,022 searches):
6,1,1 6,2,0 6,2,1 7,1,0 7,1,1 7,2,0 O6
5,0,1 5,1,0 6,0,0 6,0,1 7,0,0 7,0,1 J6
4,1,1 4,2,0 4,2,1 5,1,1 5,2,0 6,1,0 G6
5,2,1 5,3,0 5,3,1 5,4,0 5,4,1 6,3,0 E6
6,3,1 6,4,0 6,4,1 6,5,0 6,5,1 6,6,0 I6
2,3,1 3,2,1 3,3,0 3,3,1 3,4,0 4,3,0 X6
0,4,1 1,3,1 1,4,0 1,4,1 2,3,0 2,4,0 V6
0,5,0 0,5,1 0,6,0 0,6,1 1,6,0 1,6,1 C6
1,5,0 1,5,1 2,4,1 2,5,0 2,5,1 2,6,0 H6
2,6,1 3,6,0 3,6,1 3,7,0 3,7,1 4,7,0 S6
3,5,0 3,5,1 4,5,0 4,5,1 4,6,0 5,5,0 P6
4,6,1 4,7,1 5,5,1 5,6,0 5,6,1 5,7,0 F6

                  ________
                 /    \   \
    ____________/   ___\   \
   /       /\      /\      /\
  /   ____/  \____/  \    /  \
 /   /       /        \  /   /
/___/___    /__________\/   /
\       \  /\      /   /   /
 \    ___\/  \    /   /   /
  \   \       \  /    \  /
   \___\    ___\/   ___\/
        \  /    \  /    \
         \/      \/      \
          \  /\   \      /
           \/  \___\____/
            \          /
             \________/

solution 19 (12,074 searches):
3,2,1 3,3,0 3,3,1 4,2,0 4,2,1 4,3,0 O6
4,1,1 5,0,1 5,1,0 6,0,0 6,0,1 7,0,0 C6
6,1,0 6,1,1 6,2,0 7,0,1 7,1,0 7,1,1 X6
5,1,1 5,2,0 5,2,1 5,3,0 5,3,1 5,4,0 I6
5,4,1 6,2,1 6,3,0 6,3,1 6,4,0 7,2,0 S6
5,5,1 5,6,1 6,4,1 6,5,0 6,5,1 6,6,0 F6
3,7,1 4,6,1 4,7,0 4,7,1 5,6,0 5,7,0 V6
3,5,0 3,5,1 4,5,0 4,5,1 4,6,0 5,5,0 P6
1,6,1 2,6,0 2,6,1 3,6,0 3,6,1 3,7,0 J6
2,3,1 2,4,0 2,4,1 2,5,0 2,5,1 3,4,0 E6
0,4,1 1,3,1 1,4,0 1,4,1 1,5,0 2,3,0 H6
0,5,0 0,5,1 0,6,0 0,6,1 1,5,1 1,6,0 G6

                  ________
                 /\       \
    ____________/  \    ___\
   /    \          /\   \   \
  /      \________/  \___\   \
 /   /\  /   /        \      /
/___/  \/   /__________\    /
\      /    \      /\   \  /
 \    /   ___\    /  \   \/
  \   \  /    \  /   /   /
   \___\/      \/   /   /
        \      /   /\   \
         \____/   /  \___\
          \   \  /       /
           \   \/___    /
            \       \  /
             \_______\/

solution 20 (12,078 searches):
3,2,1 3,3,0 3,3,1 4,2,0 4,2,1 4,3,0 O6
4,1,1 5,0,1 5,1,0 6,0,0 6,0,1 7,0,0 C6
6,1,0 6,1,1 6,2,0 7,0,1 7,1,0 7,1,1 X6
5,1,1 5,2,0 5,2,1 5,3,0 5,3,1 5,4,0 I6
5,4,1 6,2,1 6,3,0 6,3,1 6,4,0 7,2,0 S6
5,5,1 5,6,1 6,4,1 6,5,0 6,5,1 6,6,0 F6
3,7,1 4,6,1 4,7,0 4,7,1 5,6,0 5,7,0 V6
3,5,0 3,5,1 4,5,0 4,5,1 4,6,0 5,5,0 P6
1,6,1 2,6,0 2,6,1 3,6,0 3,6,1 3,7,0 J6
1,5,1 1,6,0 2,4,1 2,5,0 2,5,1 3,4,0 E6
0,5,0 0,5,1 0,6,0 0,6,1 1,4,1 1,5,0 H6
0,4,1 1,3,1 1,4,0 2,3,0 2,3,1 2,4,0 G6

                  ________
                 /\       \
    ____________/  \    ___\
   /   /\          /\   \   \
  /   /  \________/  \___\   \
 /    \      /        \      /
/___   \    /__________\    /
\   \  /\   \      /\   \  /
 \   \/  \___\    /  \   \/
  \      /    \  /   /   /
   \____/      \/   /   /
        \      /   /\   \
         \____/   /  \___\
          \   \  /       /
           \   \/___    /
            \       \  /
             \_______\/

solution 21 (12,186 searches):
3,2,1 3,3,0 3,3,1 4,2,0 4,2,1 4,3,0 O6
4,1,1 5,0,1 5,1,0 6,0,0 6,0,1 7,0,0 C6
6,1,0 6,1,1 6,2,0 7,0,1 7,1,0 7,1,1 X6
5,1,1 5,2,0 5,2,1 5,3,0 5,3,1 5,4,0 I6
5,4,1 6,2,1 6,3,0 6,3,1 6,4,0 7,2,0 S6
5,5,1 5,6,0 6,4,1 6,5,0 6,5,1 6,6,0 V6
3,7,1 4,6,1 4,7,0 4,7,1 5,6,1 5,7,0 F6
3,5,0 3,5,1 4,5,0 4,5,1 4,6,0 5,5,0 P6
1,6,1 2,6,0 2,6,1 3,6,0 3,6,1 3,7,0 J6
2,3,1 2,4,0 2,4,1 2,5,0 2,5,1 3,4,0 E6
0,4,1 1,3,1 1,4,0 1,4,1 1,5,0 2,3,0 H6
0,5,0 0,5,1 0,6,0 0,6,1 1,5,1 1,6,0 G6

                  ________
                 /\       \
    ____________/  \       \
   /    \          /\  /\  /\
  /      \________/  \/  \/  \
 /   /\  /   /        \      /
/___/  \/   /__________\    /
\      /    \      /\   \  /
 \    /   ___\    /  \   \/
  \   \  /    \  /   /   /
   \___\/      \/   /   /
        \      /   /\   \
         \____/   /  \___\
          \   \  /       /
           \   \/___    /
            \       \  /
             \_______\/

solution 22 (12,190 searches):
3,2,1 3,3,0 3,3,1 4,2,0 4,2,1 4,3,0 O6
4,1,1 5,0,1 5,1,0 6,0,0 6,0,1 7,0,0 C6
6,1,0 6,1,1 6,2,0 7,0,1 7,1,0 7,1,1 X6
5,1,1 5,2,0 5,2,1 5,3,0 5,3,1 5,4,0 I6
5,4,1 6,2,1 6,3,0 6,3,1 6,4,0 7,2,0 S6
5,5,1 5,6,0 6,4,1 6,5,0 6,5,1 6,6,0 V6
3,7,1 4,6,1 4,7,0 4,7,1 5,6,1 5,7,0 F6
3,5,0 3,5,1 4,5,0 4,5,1 4,6,0 5,5,0 P6
1,6,1 2,6,0 2,6,1 3,6,0 3,6,1 3,7,0 J6
1,5,1 1,6,0 2,4,1 2,5,0 2,5,1 3,4,0 E6
0,5,0 0,5,1 0,6,0 0,6,1 1,4,1 1,5,0 H6
0,4,1 1,3,1 1,4,0 2,3,0 2,3,1 2,4,0 G6

                  ________
                 /\       \
    ____________/  \       \
   /   /\          /\  /\  /\
  /   /  \________/  \/  \/  \
 /    \      /        \      /
/___   \    /__________\    /
\   \  /\   \      /\   \  /
 \   \/  \___\    /  \   \/
  \      /    \  /   /   /
   \____/      \/   /   /
        \      /   /\   \
         \____/   /  \___\
          \   \  /       /
           \   \/___    /
            \       \  /
             \_______\/

solution 23 (12,392 searches):
3,2,1 3,3,0 3,3,1 4,2,0 4,2,1 4,3,0 O6
4,1,1 5,1,0 5,1,1 5,2,0 6,1,0 6,1,1 E6
5,0,1 6,0,0 6,0,1 7,0,0 7,0,1 7,1,0 J6
5,2,1 5,3,0 6,2,0 6,2,1 7,1,1 7,2,0 S6
6,3,0 6,3,1 6,4,0 6,4,1 6,5,0 6,5,1 I6
4,5,1 5,3,1 5,4,0 5,4,1 5,5,0 5,5,1 P6
4,7,0 4,7,1 5,6,0 5,6,1 5,7,0 6,6,0 F6
3,6,0 3,6,1 3,7,0 3,7,1 4,6,0 4,6,1 V6
2,5,1 2,6,0 2,6,1 3,5,0 3,5,1 4,5,0 G6
1,4,1 2,3,0 2,3,1 2,4,0 2,4,1 3,4,0 H6
0,6,1 1,5,0 1,5,1 1,6,0 1,6,1 2,5,0 X6
0,4,1 0,5,0 0,5,1 0,6,0 1,3,1 1,4,0 C6

                  ________
                 /   /    \
    ____________/   /___   \
   /\      /   /       /    \
  /  \    /   /_______/______\
 /   /    \       \      /   /
/   /______\_______\    /   /
\   \       \      /   /   /
 \   \    ___\    /   /   /
  \  /   /    \  /\  /   /
   \/___/      \/  \/___/
        \      /\       \
         \____/  \____   \
          \          /\  /
           \________/  \/
            \          /
             \________/

solution 24 (12,403 searches):
3,2,1 3,3,0 3,3,1 4,2,0 4,2,1 4,3,0 O6
4,1,1 5,1,0 5,1,1 5,2,0 6,1,0 6,1,1 E6
5,0,1 6,0,0 6,0,1 7,0,0 7,0,1 7,1,0 J6
5,2,1 5,3,0 6,2,0 6,2,1 7,1,1 7,2,0 S6
6,3,0 6,3,1 6,4,0 6,4,1 6,5,0 6,5,1 I6
4,5,1 5,3,1 5,4,0 5,4,1 5,5,0 5,5,1 P6
4,6,1 4,7,1 5,6,0 5,6,1 5,7,0 6,6,0 V6
3,6,0 3,6,1 3,7,0 3,7,1 4,6,0 4,7,0 F6
2,5,1 2,6,0 2,6,1 3,5,0 3,5,1 4,5,0 G6
1,4,1 2,3,0 2,3,1 2,4,0 2,4,1 3,4,0 H6
0,6,1 1,5,0 1,5,1 1,6,0 1,6,1 2,5,0 X6
0,4,1 0,5,0 0,5,1 0,6,0 1,3,1 1,4,0 C6

                  ________
                 /    \   \
    ____________/   ___\   \
   /\      /   /    \       \
  /  \    /   /______\_______\
 /   /    \       \      /   /
/   /______\_______\    /   /
\   \       \      /   /   /
 \   \    ___\    /   /   /
  \  /   /    \  /\  /   /
   \/___/      \/  \/___/
        \      /\       \
         \____/  \____   \
          \          /\  /
           \________/  \/
            \          /
             \________/

solution 25 (12,995 searches):
3,2,1 3,3,0 3,3,1 4,2,0 4,2,1 4,3,0 O6
4,1,1 5,0,1 5,1,0 6,0,0 6,0,1 6,1,0 G6
6,1,1 7,0,0 7,0,1 7,1,0 7,1,1 7,2,0 E6
5,1,1 5,2,0 5,2,1 5,3,0 5,3,1 5,4,0 I6
5,4,1 6,2,0 6,2,1 6,3,0 6,3,1 6,4,0 J6
5,5,1 5,6,1 6,4,1 6,5,0 6,5,1 6,6,0 F6
3,7,1 4,6,1 4,7,0 4,7,1 5,6,0 5,7,0 V6
3,5,0 3,5,1 4,5,0 4,5,1 4,6,0 5,5,0 P6
2,5,1 2,6,0 2,6,1 3,6,0 3,6,1 3,7,0 S6
1,4,1 2,3,0 2,3,1 2,4,0 2,4,1 3,4,0 H6
0,6,1 1,5,0 1,5,1 1,6,0 1,6,1 2,5,0 X6
0,4,1 0,5,0 0,5,1 0,6,0 1,3,1 1,4,0 C6

                  ________
                 /\       \
    ____________/  \    ___\
   /\      /       /\   \   \
  /  \    /   ____/  \___\   \
 /   /    \  /        \      /
/   /______\/__________\    /
\   \       \      /\   \  /
 \   \    ___\    /  \   \/
  \  /   /    \  /   /   /
   \/___/      \/   /   /
        \      /   /   /\
         \____/   /___/  \
          \   \  /\      /
           \   \/  \    /
            \      /   /
             \____/___/

solution 26 (13,022 searches):
3,2,1 3,3,0 3,3,1 4,2,0 4,2,1 4,3,0 O6
4,1,1 5,0,1 5,1,0 6,0,0 6,0,1 6,1,0 G6
6,1,1 7,0,0 7,0,1 7,1,0 7,1,1 7,2,0 E6
5,1,1 5,2,0 5,2,1 5,3,0 5,3,1 5,4,0 I6
5,4,1 6,2,0 6,2,1 6,3,0 6,3,1 6,4,0 J6
5,5,1 5,6,0 6,4,1 6,5,0 6,5,1 6,6,0 V6
3,7,1 4,6,1 4,7,0 4,7,1 5,6,1 5,7,0 F6
3,5,0 3,5,1 4,5,0 4,5,1 4,6,0 5,5,0 P6
2,5,1 2,6,0 2,6,1 3,6,0 3,6,1 3,7,0 S6
1,4,1 2,3,0 2,3,1 2,4,0 2,4,1 3,4,0 H6
0,6,1 1,5,0 1,5,1 1,6,0 1,6,1 2,5,0 X6
0,4,1 0,5,0 0,5,1 0,6,0 1,3,1 1,4,0 C6

                  ________
                 /\       \
    ____________/  \       \
   /\      /       /\  /\  /\
  /  \    /   ____/  \/  \/  \
 /   /    \  /        \      /
/   /______\/__________\    /
\   \       \      /\   \  /
 \   \    ___\    /  \   \/
  \  /   /    \  /   /   /
   \/___/      \/   /   /
        \      /   /   /\
         \____/   /___/  \
          \   \  /\      /
           \   \/  \    /
            \      /   /
             \____/___/

solution 27 (15,397 searches):
3,2,1 3,3,0 3,3,1 4,2,0 4,2,1 4,3,0 O6
4,1,1 5,0,1 5,1,0 5,1,1 5,2,0 6,1,0 X6
6,0,0 6,0,1 7,0,0 7,0,1 7,1,0 7,1,1 C6
5,2,1 5,3,0 6,1,1 6,2,0 6,2,1 7,2,0 H6
6,3,0 6,3,1 6,4,0 6,4,1 6,5,0 6,5,1 I6
4,5,1 5,3,1 5,4,0 5,4,1 5,5,0 5,5,1 P6
4,7,0 4,7,1 5,6,0 5,6,1 5,7,0 6,6,0 F6
3,6,0 3,6,1 3,7,0 3,7,1 4,6,0 4,6,1 V6
2,5,1 2,6,0 2,6,1 3,5,0 3,5,1 4,5,0 G6
1,4,1 1,5,0 1,5,1 1,6,0 1,6,1 2,5,0 E6
1,3,1 2,3,0 2,3,1 2,4,0 2,4,1 3,4,0 S6
0,4,1 0,5,0 0,5,1 0,6,0 0,6,1 1,4,0 J6

                  ________
                 /   /    \
    ____________/   /___   \
   /   /   /   /       /    \
  /   /   /   /_______/______\
 /   /    \       \      /   /
/   /   ___\_______\    /   /
\   \  /    \      /   /   /
 \___\/   ___\    /   /   /
  \      /    \  /\  /   /
   \____/      \/  \/___/
        \      /\       \
         \____/  \    ___\
          \       \  /   /
           \    ___\/   /
            \  /       /
             \/_______/

solution 28 (15,411 searches):
3,2,1 3,3,0 3,3,1 4,2,0 4,2,1 4,3,0 O6
4,1,1 5,0,1 5,1,0 5,1,1 5,2,0 6,1,0 X6
6,0,0 6,0,1 7,0,0 7,0,1 7,1,0 7,1,1 C6
5,2,1 5,3,0 6,1,1 6,2,0 6,2,1 7,2,0 H6
6,3,0 6,3,1 6,4,0 6,4,1 6,5,0 6,5,1 I6
4,5,1 5,3,1 5,4,0 5,4,1 5,5,0 5,5,1 P6
4,6,1 4,7,1 5,6,0 5,6,1 5,7,0 6,6,0 V6
3,6,0 3,6,1 3,7,0 3,7,1 4,6,0 4,7,0 F6
2,5,1 2,6,0 2,6,1 3,5,0 3,5,1 4,5,0 G6
1,4,1 1,5,0 1,5,1 1,6,0 1,6,1 2,5,0 E6
1,3,1 2,3,0 2,3,1 2,4,0 2,4,1 3,4,0 S6
0,4,1 0,5,0 0,5,1 0,6,0 0,6,1 1,4,0 J6

                  ________
                 /    \   \
    ____________/   ___\   \
   /   /   /   /    \       \
  /   /   /   /______\_______\
 /   /    \       \      /   /
/   /   ___\_______\    /   /
\   \  /    \      /   /   /
 \___\/   ___\    /   /   /
  \      /    \  /\  /   /
   \____/      \/  \/___/
        \      /\       \
         \____/  \    ___\
          \       \  /   /
           \    ___\/   /
            \  /       /
             \/_______/

solution 29 (16,382 searches):
5,2,1 5,3,0 5,3,1 6,2,0 6,2,1 6,3,0 O6
6,1,0 6,1,1 7,0,1 7,1,0 7,1,1 7,2,0 H6
5,0,1 5,1,0 5,1,1 6,0,0 6,0,1 7,0,0 G6
2,4,1 3,3,1 3,4,0 4,2,1 4,3,0 5,2,0 I6
2,3,0 2,3,1 3,2,1 3,3,0 4,1,1 4,2,0 J6
0,4,1 1,3,1 1,4,0 1,4,1 1,5,0 2,4,0 X6
0,5,0 0,5,1 0,6,0 0,6,1 1,6,0 1,6,1 C6
1,5,1 2,5,0 2,5,1 2,6,0 3,5,0 3,5,1 E6
2,6,1 3,6,0 3,6,1 3,7,0 3,7,1 4,7,0 S6
4,6,1 4,7,1 5,6,0 5,6,1 5,7,0 6,6,0 V6
4,5,0 4,5,1 4,6,0 5,4,0 5,4,1 5,5,0 F6
5,5,1 6,3,1 6,4,0 6,4,1 6,5,0 6,5,1 P6

                  ________
                 /    \   \
    ____________/   ___\   \
   /       /\      /\       \
  /   ____/  \____/  \_______\
 /   /\          /    \      /
/___/  \________/___   \    /
\       \   \      /   /   /
 \    ___\   \    /___/   /
  \  /    \   \  /    \  /
   \/___   \   \/      \/
        \   \   \      /\
         \   \___\____/  \
          \  /   /       /
           \/   /___    /
            \       \  /
             \_______\/

solution 30 (17,855 searches):
1,3,1 1,4,0 1,4,1 2,3,0 2,3,1 2,4,0 O6
0,4,1 0,5,0 0,5,1 0,6,0 0,6,1 1,5,0 E6
1,6,0 1,6,1 2,5,1 2,6,0 2,6,1 3,5,0 H6
1,5,1 2,4,1 2,5,0 3,3,1 3,4,0 4,3,0 I6
3,2,1 3,3,0 4,2,0 4,2,1 5,1,1 5,2,0 S6
4,1,1 5,0,1 5,1,0 6,0,0 6,0,1 7,0,0 C6
6,1,0 6,1,1 6,2,0 7,0,1 7,1,0 7,1,1 X6
5,2,1 5,3,0 5,3,1 6,2,1 6,3,0 7,2,0 G6
5,5,1 6,3,1 6,4,0 6,4,1 6,5,0 6,5,1 P6
4,5,0 4,5,1 4,6,0 5,4,0 5,4,1 5,5,0 F6
3,5,1 3,6,0 3,6,1 3,7,0 3,7,1 4,7,0 J6
4,6,1 4,7,1 5,6,0 5,6,1 5,7,0 6,6,0 V6

                  ________
                 /    \   \
    ____________/   ___\   \
   /   /       /   /\       \
  /   /___    /   /  \_______\
 /    \   \   \  /    \      /
/   ___\   \___\/___   \    /
\  /    \   \      /   /   /
 \/      \   \    /___/   /
  \      /\   \  /    \  /
   \____/  \___\/      \/
        \       \  /\   \
         \____   \/  \___\
          \   \  /       /
           \   \/___    /
            \       \  /
             \_______\/

solution 31 (20,041 searches):
2,3,1 2,4,0 2,4,1 3,3,0 3,3,1 3,4,0 O6
0,4,1 0,5,0 1,3,1 1,4,0 1,4,1 2,3,0 E6
3,2,1 4,2,0 4,2,1 4,3,0 5,1,1 5,2,0 H6
4,1,1 5,0,1 5,1,0 6,0,0 6,0,1 7,0,0 C6
6,1,0 6,1,1 6,2,0 7,0,1 7,1,0 7,1,1 X6
5,2,1 5,3,0 5,3,1 6,2,1 6,3,0 7,2,0 G6
5,5,1 6,3,1 6,4,0 6,4,1 6,5,0 6,5,1 P6
4,5,0 4,5,1 4,6,0 5,4,0 5,4,1 5,5,0 F6
4,6,1 4,7,1 5,6,0 5,6,1 5,7,0 6,6,0 V6
2,6,1 3,6,0 3,6,1 3,7,0 3,7,1 4,7,0 S6
1,5,0 1,5,1 2,5,0 2,5,1 3,5,0 3,5,1 I6
0,5,1 0,6,0 0,6,1 1,6,0 1,6,1 2,6,0 J6

                  ________
                 /    \   \
    ____________/   ___\   \
   /        \      /\       \
  /   _______\____/  \_______\
 /\  /           /    \      /
/  \/___________/___   \    /
\      /    \      /   /   /
 \    /      \    /___/   /
  \   \      /\  /    \  /
   \___\____/  \/      \/
        \       \  /\   \
         \____   \/  \___\
          \   \  /       /
           \   \/___    /
            \       \  /
             \_______\/

solution 32 (20,461 searches):
2,3,1 2,4,0 2,4,1 3,3,0 3,3,1 3,4,0 O6
0,4,1 0,5,0 1,3,1 1,4,0 1,4,1 2,3,0 E6
3,2,1 4,1,1 4,2,0 4,2,1 4,3,0 5,2,0 X6
0,5,1 0,6,0 1,5,0 1,5,1 2,5,0 2,5,1 J6
0,6,1 1,6,0 1,6,1 2,6,0 2,6,1 3,6,0 I6
3,5,0 3,5,1 4,5,0 4,5,1 4,6,0 5,5,0 P6
3,6,1 3,7,0 3,7,1 4,6,1 4,7,0 4,7,1 F6
5,5,1 5,6,0 5,6,1 5,7,0 6,5,1 6,6,0 V6
5,4,0 5,4,1 6,3,1 6,4,0 6,4,1 6,5,0 H6
6,0,0 6,0,1 7,0,0 7,0,1 7,1,0 7,1,1 C6
5,0,1 5,1,0 5,1,1 6,1,0 6,1,1 6,2,0 S6
5,2,1 5,3,0 5,3,1 6,2,1 6,3,0 7,2,0 G6

                  ________
                 /       /\
    ____________/       /  \
   /\           \  /\  /    \
  /  \___________\/  \/      \
 /\          /        \  /\  /
/  \________/__________\/  \/
\      /    \      /       /
 \    /      \    /___    /
  \   \      /\  /    \  /
   \___\____/  \/      \/
        \       \  /\   \
         \    ___\/  \___\
          \  /       /   /
           \/   ____/   /
            \  /       /
             \/_______/

solution 33 (20,467 searches):
2,3,1 2,4,0 2,4,1 3,3,0 3,3,1 3,4,0 O6
0,4,1 0,5,0 1,3,1 1,4,0 1,4,1 2,3,0 E6
3,2,1 4,1,1 4,2,0 4,2,1 4,3,0 5,2,0 X6
0,5,1 0,6,0 1,5,0 1,5,1 2,5,0 2,5,1 J6
0,6,1 1,6,0 1,6,1 2,6,0 2,6,1 3,6,0 I6
3,5,0 3,5,1 4,5,0 4,5,1 4,6,0 5,5,0 P6
3,6,1 3,7,0 3,7,1 4,6,1 4,7,0 4,7,1 F6
5,5,1 5,6,0 5,6,1 5,7,0 6,5,1 6,6,0 V6
5,4,0 5,4,1 6,3,1 6,4,0 6,4,1 6,5,0 H6
6,2,1 6,3,0 7,0,1 7,1,0 7,1,1 7,2,0 C6
5,2,1 5,3,0 5,3,1 6,1,0 6,1,1 6,2,0 S6
5,0,1 5,1,0 5,1,1 6,0,0 6,0,1 7,0,0 G6

                  ________
                 /       /\
    ____________/       /  \
   /\           \  /\  /    \
  /  \___________\/  \/      \
 /\          /        \  /\  /
/  \________/__________\/  \/
\      /    \      /       /
 \    /      \    /___    /
  \   \      /\  /   /\  /
   \___\____/  \/   /  \/
        \       \   \   \
         \    ___\   \   \
          \  /   /   /   /
           \/   /___/   /
            \       \  /
             \_______\/

solution 34 (21,492 searches):
5,3,1 5,4,0 5,4,1 6,3,0 6,3,1 6,4,0 O6
5,6,1 5,7,0 6,4,1 6,5,0 6,5,1 6,6,0 C6
3,7,1 4,6,0 4,6,1 4,7,0 4,7,1 5,6,0 X6
3,5,0 3,5,1 4,5,0 4,5,1 5,5,0 5,5,1 I6
2,5,1 2,6,0 2,6,1 3,6,0 3,6,1 3,7,0 S6
1,4,1 1,5,0 1,5,1 1,6,0 1,6,1 2,5,0 E6
0,4,1 0,5,0 0,5,1 0,6,0 0,6,1 1,4,0 J6
1,3,1 2,3,0 2,3,1 2,4,0 2,4,1 3,3,0 H6
3,2,1 3,3,1 3,4,0 4,2,0 4,2,1 4,3,0 G6
4,1,1 5,0,1 5,1,0 5,1,1 6,0,0 6,0,1 F6
5,2,0 5,2,1 5,3,0 6,2,0 6,2,1 7,2,0 P6
6,1,0 6,1,1 7,0,0 7,0,1 7,1,0 7,1,1 V6

                  ________
                 /\      /\
    ____________/  \    /  \
   /   /   /       /    \   \
  /   /   /   ____/______\   \
 /   /    \  /           /   /
/   /   ___\/___________/   /
\   \  /   /\      /    \  /
 \___\/   /  \    /      \/
  \       \   \  /\      /
   \_______\   \/  \____/
        \      /        \
         \____/__________\
          \      /       /
           \    /___    /
            \      /   /
             \____/___/

solution 35 (21,497 searches):
5,3,1 5,4,0 5,4,1 6,3,0 6,3,1 6,4,0 O6
5,6,1 5,7,0 6,4,1 6,5,0 6,5,1 6,6,0 C6
3,7,1 4,6,0 4,6,1 4,7,0 4,7,1 5,6,0 X6
3,5,0 3,5,1 4,5,0 4,5,1 5,5,0 5,5,1 I6
2,5,1 2,6,0 2,6,1 3,6,0 3,6,1 3,7,0 S6
1,4,1 1,5,0 1,5,1 1,6,0 1,6,1 2,5,0 E6
0,4,1 0,5,0 0,5,1 0,6,0 0,6,1 1,4,0 J6
1,3,1 2,3,0 2,3,1 2,4,0 2,4,1 3,3,0 H6
3,2,1 3,3,1 3,4,0 4,2,0 4,2,1 4,3,0 G6
4,1,1 5,0,1 5,1,0 5,1,1 6,0,0 6,1,0 V6
5,2,0 5,2,1 5,3,0 6,2,0 6,2,1 7,2,0 P6
6,0,1 6,1,1 7,0,0 7,0,1 7,1,0 7,1,1 F6

                  ________
                 /\      /\
    ____________/  \    /  \
   /   /   /       /    \   \
  /   /   /   ____/______\   \
 /   /    \  /           /   /
/   /   ___\/___________/   /
\   \  /   /\      /    \  /
 \___\/   /  \    /      \/
  \       \   \  /\      /
   \_______\   \/  \____/
        \      /        \
         \____/__________\
          \       \      /
           \    ___\    /
            \   \      /
             \___\____/

solution 36 (21,558 searches):
5,3,1 5,4,0 5,4,1 6,3,0 6,3,1 6,4,0 O6
5,6,1 5,7,0 6,4,1 6,5,0 6,5,1 6,6,0 C6
3,7,1 4,6,0 4,6,1 4,7,0 4,7,1 5,6,0 X6
3,5,0 3,5,1 4,5,0 4,5,1 5,5,0 5,5,1 I6
2,5,1 2,6,0 2,6,1 3,6,0 3,6,1 3,7,0 S6
0,6,0 0,6,1 1,5,1 1,6,0 1,6,1 2,5,0 H6
5,2,0 5,2,1 5,3,0 6,2,0 6,2,1 7,2,0 P6
6,0,1 6,1,1 7,0,0 7,0,1 7,1,0 7,1,1 F6
4,1,1 5,0,1 5,1,0 5,1,1 6,0,0 6,1,0 V6
0,4,1 0,5,0 0,5,1 1,3,1 1,4,0 1,5,0 G6
1,4,1 2,3,0 2,3,1 2,4,0 3,2,1 3,3,0 E6
2,4,1 3,3,1 3,4,0 4,2,0 4,2,1 4,3,0 J6

                  ________
                 /\      /\
    ____________/  \    /  \
   /       /       /    \   \
  /___    /   ____/______\   \
 /    \   \  /           /   /
/   ___\___\/___________/   /
\   \   \   \      /    \  /
 \   \   \   \    /      \/
  \  /    \   \  /\      /
   \/___   \   \/  \____/
        \  /   /        \
         \/___/__________\
          \       \      /
           \    ___\    /
            \   \      /
             \___\____/

solution 37 (21,562 searches):
5,3,1 5,4,0 5,4,1 6,3,0 6,3,1 6,4,0 O6
5,6,1 5,7,0 6,4,1 6,5,0 6,5,1 6,6,0 C6
3,7,1 4,6,0 4,6,1 4,7,0 4,7,1 5,6,0 X6
3,5,0 3,5,1 4,5,0 4,5,1 5,5,0 5,5,1 I6
2,5,1 2,6,0 2,6,1 3,6,0 3,6,1 3,7,0 S6
0,6,0 0,6,1 1,5,1 1,6,0 1,6,1 2,5,0 H6
5,2,0 5,2,1 5,3,0 6,2,0 6,2,1 7,2,0 P6
6,0,1 6,1,1 7,0,0 7,0,1 7,1,0 7,1,1 F6
4,1,1 5,0,1 5,1,0 5,1,1 6,0,0 6,1,0 V6
0,4,1 0,5,0 0,5,1 1,3,1 1,4,0 2,3,0 J6
1,4,1 1,5,0 2,3,1 2,4,0 2,4,1 3,3,0 E6
3,2,1 3,3,1 3,4,0 4,2,0 4,2,1 4,3,0 G6

                  ________
                 /\      /\
    ____________/  \    /  \
   /       /       /    \   \
  /___    /   ____/______\   \
 /   /\   \  /           /   /
/   /  \___\/___________/   /
\   \      /\      /    \  /
 \   \    /  \    /      \/
  \   \   \   \  /\      /
   \___\___\   \/  \____/
        \      /        \
         \____/__________\
          \       \      /
           \    ___\    /
            \   \      /
             \___\____/

solution 38 (21,575 searches):
5,3,1 5,4,0 5,4,1 6,3,0 6,3,1 6,4,0 O6
5,6,1 5,7,0 6,4,1 6,5,0 6,5,1 6,6,0 C6
3,7,1 4,6,0 4,6,1 4,7,0 4,7,1 5,6,0 X6
3,5,0 3,5,1 4,5,0 4,5,1 5,5,0 5,5,1 I6
2,5,1 2,6,0 2,6,1 3,6,0 3,6,1 3,7,0 S6
0,6,0 0,6,1 1,5,1 1,6,0 1,6,1 2,5,0 H6
5,2,0 5,2,1 5,3,0 6,2,0 6,2,1 7,2,0 P6
6,1,0 6,1,1 7,0,0 7,0,1 7,1,0 7,1,1 V6
4,1,1 5,0,1 5,1,0 5,1,1 6,0,0 6,0,1 F6
0,4,1 0,5,0 0,5,1 1,3,1 1,4,0 1,5,0 G6
1,4,1 2,3,0 2,3,1 2,4,0 3,2,1 3,3,0 E6
2,4,1 3,3,1 3,4,0 4,2,0 4,2,1 4,3,0 J6

                  ________
                 /\      /\
    ____________/  \    /  \
   /       /       /    \   \
  /___    /   ____/______\   \
 /    \   \  /           /   /
/   ___\___\/___________/   /
\   \   \   \      /    \  /
 \   \   \   \    /      \/
  \  /    \   \  /\      /
   \/___   \   \/  \____/
        \  /   /        \
         \/___/__________\
          \      /       /
           \    /___    /
            \      /   /
             \____/___/

solution 39 (21,579 searches):
5,3,1 5,4,0 5,4,1 6,3,0 6,3,1 6,4,0 O6
5,6,1 5,7,0 6,4,1 6,5,0 6,5,1 6,6,0 C6
3,7,1 4,6,0 4,6,1 4,7,0 4,7,1 5,6,0 X6
3,5,0 3,5,1 4,5,0 4,5,1 5,5,0 5,5,1 I6
2,5,1 2,6,0 2,6,1 3,6,0 3,6,1 3,7,0 S6
0,6,0 0,6,1 1,5,1 1,6,0 1,6,1 2,5,0 H6
5,2,0 5,2,1 5,3,0 6,2,0 6,2,1 7,2,0 P6
6,1,0 6,1,1 7,0,0 7,0,1 7,1,0 7,1,1 V6
4,1,1 5,0,1 5,1,0 5,1,1 6,0,0 6,0,1 F6
0,4,1 0,5,0 0,5,1 1,3,1 1,4,0 2,3,0 J6
1,4,1 1,5,0 2,3,1 2,4,0 2,4,1 3,3,0 E6
3,2,1 3,3,1 3,4,0 4,2,0 4,2,1 4,3,0 G6

                  ________
                 /\      /\
    ____________/  \    /  \
   /       /       /    \   \
  /___    /   ____/______\   \
 /   /\   \  /           /   /
/   /  \___\/___________/   /
\   \      /\      /    \  /
 \   \    /  \    /      \/
  \   \   \   \  /\      /
   \___\___\   \/  \____/
        \      /        \
         \____/__________\
          \      /       /
           \    /___    /
            \      /   /
             \____/___/

solution 40 (21,673 searches):
5,3,1 5,4,0 5,4,1 6,3,0 6,3,1 6,4,0 O6
4,6,1 5,5,0 5,5,1 5,6,0 6,4,1 6,5,0 E6
4,7,0 4,7,1 5,6,1 5,7,0 6,5,1 6,6,0 J6
3,6,0 3,6,1 3,7,0 3,7,1 4,5,1 4,6,0 H6
2,5,1 2,6,0 2,6,1 3,5,0 3,5,1 4,5,0 G6
0,5,0 0,5,1 0,6,0 0,6,1 1,6,0 1,6,1 C6
0,4,1 1,3,1 1,4,0 1,4,1 1,5,0 2,4,0 X6
1,5,1 2,4,1 2,5,0 3,3,1 3,4,0 4,3,0 I6
2,3,0 2,3,1 3,2,1 3,3,0 4,2,0 4,2,1 S6
4,1,1 5,0,1 5,1,0 5,1,1 6,0,0 6,0,1 F6
5,2,0 5,2,1 5,3,0 6,2,0 6,2,1 7,2,0 P6
6,1,0 6,1,1 7,0,0 7,0,1 7,1,0 7,1,1 V6

                  ________
                 /   /    \
    ____________/   /___   \
   /       /   /    \   \   \
  /   ____/   /___   \   \   \
 /   /\   \       \  /    \  /
/___/  \   \_______\/___   \/
\       \   \      /    \  /
 \    ___\   \    /      \/
  \  /    \   \  /\      /
   \/___   \___\/  \____/
        \      /        \
         \____/__________\
          \      /       /
           \    /___    /
            \      /   /
             \____/___/

solution 41 (21,678 searches):
5,3,1 5,4,0 5,4,1 6,3,0 6,3,1 6,4,0 O6
4,6,1 5,5,0 5,5,1 5,6,0 6,4,1 6,5,0 E6
4,7,0 4,7,1 5,6,1 5,7,0 6,5,1 6,6,0 J6
3,6,0 3,6,1 3,7,0 3,7,1 4,5,1 4,6,0 H6
2,5,1 2,6,0 2,6,1 3,5,0 3,5,1 4,5,0 G6
0,5,0 0,5,1 0,6,0 0,6,1 1,6,0 1,6,1 C6
0,4,1 1,3,1 1,4,0 1,4,1 1,5,0 2,4,0 X6
1,5,1 2,4,1 2,5,0 3,3,1 3,4,0 4,3,0 I6
2,3,0 2,3,1 3,2,1 3,3,0 4,2,0 4,2,1 S6
4,1,1 5,0,1 5,1,0 5,1,1 6,0,0 6,1,0 V6
5,2,0 5,2,1 5,3,0 6,2,0 6,2,1 7,2,0 P6
6,0,1 6,1,1 7,0,0 7,0,1 7,1,0 7,1,1 F6

                  ________
                 /   /    \
    ____________/   /___   \
   /       /   /    \   \   \
  /   ____/   /___   \   \   \
 /   /\   \       \  /    \  /
/___/  \   \_______\/___   \/
\       \   \      /    \  /
 \    ___\   \    /      \/
  \  /    \   \  /\      /
   \/___   \___\/  \____/
        \      /        \
         \____/__________\
          \       \      /
           \    ___\    /
            \   \      /
             \___\____/

solution 42 (22,208 searches):
5,3,1 5,4,0 5,4,1 6,3,0 6,3,1 6,4,0 O6
5,5,1 5,6,1 6,4,1 6,5,0 6,5,1 6,6,0 F6
3,7,1 4,6,1 4,7,0 4,7,1 5,6,0 5,7,0 V6
3,5,0 3,5,1 4,5,0 4,5,1 4,6,0 5,5,0 P6
2,5,1 2,6,0 2,6,1 3,6,0 3,6,1 3,7,0 S6
0,5,0 0,5,1 0,6,0 0,6,1 1,6,0 1,6,1 C6
0,4,1 1,3,1 1,4,0 1,4,1 1,5,0 2,4,0 X6
1,5,1 2,4,1 2,5,0 3,3,1 3,4,0 4,3,0 I6
2,3,0 2,3,1 3,2,1 3,3,0 4,1,1 4,2,0 J6
4,2,1 5,2,0 5,2,1 5,3,0 6,2,0 6,2,1 E6
6,1,0 6,1,1 7,0,1 7,1,0 7,1,1 7,2,0 H6
5,0,1 5,1,0 5,1,1 6,0,0 6,0,1 7,0,0 G6

                  ________
                 /\       \
    ____________/  \    ___\
   /       /       /\   \   \
  /   ____/   ____/  \___\   \
 /   /\   \  /        \      /
/___/  \   \/__________\    /
\       \   \      /    \  /
 \    ___\   \    /      \/
  \  /    \   \  /\      /
   \/___   \___\/  \____/
        \   \          /\
         \   \________/  \
          \  /   /       /
           \/   /___    /
            \       \  /
             \_______\/

solution 43 (22,211 searches):
5,3,1 5,4,0 5,4,1 6,3,0 6,3,1 6,4,0 O6
5,5,1 5,6,1 6,4,1 6,5,0 6,5,1 6,6,0 F6
3,7,1 4,6,1 4,7,0 4,7,1 5,6,0 5,7,0 V6
3,5,0 3,5,1 4,5,0 4,5,1 4,6,0 5,5,0 P6
2,5,1 2,6,0 2,6,1 3,6,0 3,6,1 3,7,0 S6
0,5,0 0,5,1 0,6,0 0,6,1 1,6,0 1,6,1 C6
0,4,1 1,3,1 1,4,0 1,4,1 1,5,0 2,4,0 X6
1,5,1 2,4,1 2,5,0 3,3,1 3,4,0 4,3,0 I6
2,3,0 2,3,1 3,2,1 3,3,0 4,1,1 4,2,0 J6
4,2,1 5,1,0 5,1,1 5,2,0 5,2,1 5,3,0 E6
5,0,1 6,0,0 6,0,1 6,1,0 6,1,1 7,0,0 H6
6,2,0 6,2,1 7,0,1 7,1,0 7,1,1 7,2,0 G6

                  ________
                 /\       \
    ____________/  \    ___\
   /       /       /\   \   \
  /   ____/   ____/  \___\   \
 /   /\   \  /        \      /
/___/  \   \/__________\    /
\       \   \      /    \  /
 \    ___\   \    /      \/
  \  /    \   \  /\      /
   \/___   \___\/  \____/
        \   \      /    \
         \   \    /___   \
          \  /   /   /   /
           \/___/   /   /
            \       \  /
             \_______\/

solution 44 (22,247 searches):
5,3,1 5,4,0 5,4,1 6,3,0 6,3,1 6,4,0 O6
5,5,1 5,6,1 6,4,1 6,5,0 6,5,1 6,6,0 F6
3,7,1 4,6,1 4,7,0 4,7,1 5,6,0 5,7,0 V6
3,5,0 3,5,1 4,5,0 4,5,1 4,6,0 5,5,0 P6
2,5,1 2,6,0 2,6,1 3,6,0 3,6,1 3,7,0 S6
0,5,1 0,6,0 0,6,1 1,5,0 1,6,0 1,6,1 G6
0,4,1 0,5,0 1,3,1 1,4,0 1,4,1 2,3,0 E6
1,5,1 2,4,1 2,5,0 3,3,1 3,4,0 4,3,0 I6
2,3,1 2,4,0 3,2,1 3,3,0 4,2,0 4,2,1 J6
5,2,1 5,3,0 6,1,1 6,2,0 6,2,1 7,2,0 H6
4,1,1 5,0,1 5,1,0 5,1,1 5,2,0 6,1,0 X6
6,0,0 6,0,1 7,0,0 7,0,1 7,1,0 7,1,1 C6

                  ________
                 /\       \
    ____________/  \    ___\
   /       /       /\   \   \
  /   ____/   ____/  \___\   \
 /\   \   \  /        \      /
/  \___\   \/__________\    /
\      /\   \      /    \  /
 \    /  \   \    /      \/
  \   \   \   \  /\      /
   \___\   \___\/  \____/
        \      /\       \
         \____/  \    ___\
          \       \  /   /
           \    ___\/   /
            \  /       /
             \/_______/

solution 45 (22,362 searches):
5,3,1 5,4,0 5,4,1 6,3,0 6,3,1 6,4,0 O6
5,5,1 5,6,1 6,4,1 6,5,0 6,5,1 6,6,0 F6
3,7,1 4,6,1 4,7,0 4,7,1 5,6,0 5,7,0 V6
3,5,0 3,5,1 4,5,0 4,5,1 4,6,0 5,5,0 P6
2,5,1 2,6,0 2,6,1 3,6,0 3,6,1 3,7,0 S6
0,6,1 1,5,0 1,5,1 1,6,0 1,6,1 2,5,0 X6
0,4,1 0,5,0 0,5,1 0,6,0 1,3,1 1,4,0 C6
1,4,1 2,3,0 2,3,1 2,4,0 2,4,1 3,4,0 H6
3,2,1 3,3,0 4,1,1 4,2,0 5,0,1 5,1,0 I6
3,3,1 4,2,1 4,3,0 5,2,0 5,2,1 5,3,0 G6
5,1,1 6,0,0 6,0,1 6,1,0 6,1,1 6,2,0 E6
6,2,1 7,0,0 7,0,1 7,1,0 7,1,1 7,2,0 J6

                  ________
                 /\       \
    ____________/  \    ___\
   /\      /       /\   \   \
  /  \    /   ____/  \___\   \
 /   /    \  /        \      /
/   /______\/__________\    /
\   \       \      /    \  /
 \   \    ___\    /      \/
  \  /   /\   \  /\      /
   \/___/  \   \/  \____/
        \   \      /\   \
         \   \____/  \   \
          \   \      /   /
           \   \    /   /
            \  /   /   /
             \/___/___/

solution 46 (22,392 searches):
5,3,1 5,4,0 5,4,1 6,3,0 6,3,1 6,4,0 O6
5,5,1 5,6,1 6,4,1 6,5,0 6,5,1 6,6,0 F6
3,7,1 4,6,1 4,7,0 4,7,1 5,6,0 5,7,0 V6
3,5,0 3,5,1 4,5,0 4,5,1 4,6,0 5,5,0 P6
2,5,1 2,6,0 2,6,1 3,6,0 3,6,1 3,7,0 S6
0,6,1 1,5,0 1,5,1 1,6,0 1,6,1 2,5,0 X6
0,4,1 0,5,0 0,5,1 0,6,0 1,4,0 1,4,1 G6
1,3,1 2,3,0 2,3,1 2,4,0 3,2,1 3,3,0 H6
2,4,1 3,3,1 3,4,0 4,2,1 4,3,0 5,2,0 I6
4,1,1 4,2,0 5,0,1 5,1,0 5,1,1 6,0,0 E6
5,2,1 5,3,0 6,0,1 6,1,0 6,1,1 6,2,0 C6
6,2,1 7,0,0 7,0,1 7,1,0 7,1,1 7,2,0 J6

                  ________
                 /\       \
    ____________/  \    ___\
   /\      /       /\   \   \
  /  \    /   ____/  \___\   \
 /   /    \  /        \      /
/   /______\/__________\    /
\      /\   \      /    \  /
 \____/  \   \    /      \/
  \       \   \  /\      /
   \____   \   \/  \____/
        \  /\   \   \   \
         \/  \___\   \   \
          \      /   /   /
           \    /   /   /
            \   \  /   /
             \___\/___/

solution 47 (22,613 searches):
5,3,1 5,4,0 5,4,1 6,3,0 6,3,1 6,4,0 O6
5,6,0 5,6,1 6,4,1 6,5,0 6,5,1 6,6,0 G6
3,7,1 4,6,0 4,6,1 4,7,0 4,7,1 5,7,0 H6
3,5,0 3,5,1 4,5,0 4,5,1 5,5,0 5,5,1 I6
2,5,1 2,6,0 2,6,1 3,6,0 3,6,1 3,7,0 S6
0,6,1 1,5,0 1,5,1 1,6,0 1,6,1 2,5,0 X6
0,4,1 0,5,0 0,5,1 0,6,0 1,3,1 1,4,0 C6
1,4,1 2,3,0 2,3,1 2,4,0 3,2,1 3,3,0 E6
2,4,1 3,3,1 3,4,0 4,2,0 4,2,1 4,3,0 J6
4,1,1 5,0,1 5,1,0 5,1,1 6,0,0 6,0,1 F6
5,2,0 5,2,1 5,3,0 6,2,0 6,2,1 7,2,0 P6
6,1,0 6,1,1 7,0,0 7,0,1 7,1,0 7,1,1 V6

                  ________
                 /\       \
    ____________/  \    ___\
   /\      /       /   /    \
  /  \    /   ____/___/___   \
 /   /    \  /           /   /
/   /______\/___________/   /
\   \   \   \      /    \  /
 \   \   \   \    /      \/
  \  /    \   \  /\      /
   \/___   \   \/  \____/
        \  /   /        \
         \/___/__________\
          \      /       /
           \    /___    /
            \      /   /
             \____/___/

solution 48 (22,618 searches):
5,3,1 5,4,0 5,4,1 6,3,0 6,3,1 6,4,0 O6
5,6,0 5,6,1 6,4,1 6,5,0 6,5,1 6,6,0 G6
3,7,1 4,6,0 4,6,1 4,7,0 4,7,1 5,7,0 H6
3,5,0 3,5,1 4,5,0 4,5,1 5,5,0 5,5,1 I6
2,5,1 2,6,0 2,6,1 3,6,0 3,6,1 3,7,0 S6
0,6,1 1,5,0 1,5,1 1,6,0 1,6,1 2,5,0 X6
0,4,1 0,5,0 0,5,1 0,6,0 1,3,1 1,4,0 C6
1,4,1 2,3,0 2,3,1 2,4,0 3,2,1 3,3,0 E6
2,4,1 3,3,1 3,4,0 4,2,0 4,2,1 4,3,0 J6
4,1,1 5,0,1 5,1,0 5,1,1 6,0,0 6,1,0 V6
5,2,0 5,2,1 5,3,0 6,2,0 6,2,1 7,2,0 P6
6,0,1 6,1,1 7,0,0 7,0,1 7,1,0 7,1,1 F6

                  ________
                 /\       \
    ____________/  \    ___\
   /\      /       /   /    \
  /  \    /   ____/___/___   \
 /   /    \  /           /   /
/   /______\/___________/   /
\   \   \   \      /    \  /
 \   \   \   \    /      \/
  \  /    \   \  /\      /
   \/___   \   \/  \____/
        \  /   /        \
         \/___/__________\
          \       \      /
           \    ___\    /
            \   \      /
             \___\____/

solution 49 (22,812 searches):
5,3,1 5,4,0 5,4,1 6,3,0 6,3,1 6,4,0 O6
5,5,0 5,5,1 6,4,1 6,5,0 6,5,1 6,6,0 H6
3,7,1 4,7,0 4,7,1 5,6,0 5,6,1 5,7,0 G6
2,6,1 3,6,0 3,6,1 3,7,0 4,6,0 4,6,1 E6
2,5,1 2,6,0 3,5,0 3,5,1 4,5,0 4,5,1 J6
0,5,0 0,5,1 0,6,0 0,6,1 1,6,0 1,6,1 C6
0,4,1 1,3,1 1,4,0 1,4,1 1,5,0 2,4,0 X6
1,5,1 2,4,1 2,5,0 3,3,1 3,4,0 4,3,0 I6
2,3,0 2,3,1 3,2,1 3,3,0 4,2,0 4,2,1 S6
4,1,1 5,0,1 5,1,0 5,1,1 6,0,0 6,0,1 F6
5,2,0 5,2,1 5,3,0 6,2,0 6,2,1 7,2,0 P6
6,1,0 6,1,1 7,0,0 7,0,1 7,1,0 7,1,1 V6

                  ________
                 /\       \
    ____________/  \____   \
   /       /\          /   /\
  /   ____/  \________/___/  \
 /   /\   \          /       /
/___/  \   \________/___    /
\       \   \      /    \  /
 \    ___\   \    /      \/
  \  /    \   \  /\      /
   \/___   \___\/  \____/
        \      /        \
         \____/__________\
          \      /       /
           \    /___    /
            \      /   /
             \____/___/

solution 50 (22,817 searches):
5,3,1 5,4,0 5,4,1 6,3,0 6,3,1 6,4,0 O6
5,5,0 5,5,1 6,4,1 6,5,0 6,5,1 6,6,0 H6
3,7,1 4,7,0 4,7,1 5,6,0 5,6,1 5,7,0 G6
2,6,1 3,6,0 3,6,1 3,7,0 4,6,0 4,6,1 E6
2,5,1 2,6,0 3,5,0 3,5,1 4,5,0 4,5,1 J6
0,5,0 0,5,1 0,6,0 0,6,1 1,6,0 1,6,1 C6
0,4,1 1,3,1 1,4,0 1,4,1 1,5,0 2,4,0 X6
1,5,1 2,4,1 2,5,0 3,3,1 3,4,0 4,3,0 I6
2,3,0 2,3,1 3,2,1 3,3,0 4,2,0 4,2,1 S6
4,1,1 5,0,1 5,1,0 5,1,1 6,0,0 6,1,0 V6
5,2,0 5,2,1 5,3,0 6,2,0 6,2,1 7,2,0 P6
6,0,1 6,1,1 7,0,0 7,0,1 7,1,0 7,1,1 F6

                  ________
                 /\       \
    ____________/  \____   \
   /       /\          /   /\
  /   ____/  \________/___/  \
 /   /\   \          /       /
/___/  \   \________/___    /
\       \   \      /    \  /
 \    ___\   \    /      \/
  \  /    \   \  /\      /
   \/___   \___\/  \____/
        \      /        \
         \____/__________\
          \       \      /
           \    ___\    /
            \   \      /
             \___\____/

solution 51 (22,949 searches):
5,3,1 5,4,0 5,4,1 6,3,0 6,3,1 6,4,0 O6
5,5,0 5,5,1 6,4,1 6,5,0 6,5,1 6,6,0 H6
3,7,0 3,7,1 4,7,0 4,7,1 5,6,1 5,7,0 J6
3,6,0 3,6,1 4,5,1 4,6,0 4,6,1 5,6,0 E6
2,5,1 2,6,0 2,6,1 3,5,0 3,5,1 4,5,0 G6
0,5,0 0,5,1 0,6,0 0,6,1 1,6,0 1,6,1 C6
0,4,1 1,3,1 1,4,0 1,4,1 1,5,0 2,4,0 X6
1,5,1 2,4,1 2,5,0 3,3,1 3,4,0 4,3,0 I6
2,3,0 2,3,1 3,2,1 3,3,0 4,2,0 4,2,1 S6
4,1,1 5,0,1 5,1,0 5,1,1 6,0,0 6,0,1 F6
5,2,0 5,2,1 5,3,0 6,2,0 6,2,1 7,2,0 P6
6,1,0 6,1,1 7,0,0 7,0,1 7,1,0 7,1,1 V6

                  ________
                 /        \
    ____________/_______   \
   /       /   /        \  /\
  /   ____/   /___    ___\/  \
 /   /\   \       \  /       /
/___/  \   \_______\/___    /
\       \   \      /    \  /
 \    ___\   \    /      \/
  \  /    \   \  /\      /
   \/___   \___\/  \____/
        \      /        \
         \____/__________\
          \      /       /
           \    /___    /
            \      /   /
             \____/___/

solution 52 (22,954 searches):
5,3,1 5,4,0 5,4,1 6,3,0 6,3,1 6,4,0 O6
5,5,0 5,5,1 6,4,1 6,5,0 6,5,1 6,6,0 H6
3,7,0 3,7,1 4,7,0 4,7,1 5,6,1 5,7,0 J6
3,6,0 3,6,1 4,5,1 4,6,0 4,6,1 5,6,0 E6
2,5,1 2,6,0 2,6,1 3,5,0 3,5,1 4,5,0 G6
0,5,0 0,5,1 0,6,0 0,6,1 1,6,0 1,6,1 C6
0,4,1 1,3,1 1,4,0 1,4,1 1,5,0 2,4,0 X6
1,5,1 2,4,1 2,5,0 3,3,1 3,4,0 4,3,0 I6
2,3,0 2,3,1 3,2,1 3,3,0 4,2,0 4,2,1 S6
4,1,1 5,0,1 5,1,0 5,1,1 6,0,0 6,1,0 V6
5,2,0 5,2,1 5,3,0 6,2,0 6,2,1 7,2,0 P6
6,0,1 6,1,1 7,0,0 7,0,1 7,1,0 7,1,1 F6

                  ________
                 /        \
    ____________/_______   \
   /       /   /        \  /\
  /   ____/   /___    ___\/  \
 /   /\   \       \  /       /
/___/  \   \_______\/___    /
\       \   \      /    \  /
 \    ___\   \    /      \/
  \  /    \   \  /\      /
   \/___   \___\/  \____/
        \      /        \
         \____/__________\
          \       \      /
           \    ___\    /
            \   \      /
             \___\____/

solution 53 (23,676 searches):
5,3,1 5,4,0 5,4,1 6,3,0 6,3,1 6,4,0 O6
5,5,1 5,6,0 6,4,1 6,5,0 6,5,1 6,6,0 V6
3,7,1 4,6,1 4,7,0 4,7,1 5,6,1 5,7,0 F6
3,5,0 3,5,1 4,5,0 4,5,1 4,6,0 5,5,0 P6
2,5,1 2,6,0 2,6,1 3,6,0 3,6,1 3,7,0 S6
0,5,0 0,5,1 0,6,0 0,6,1 1,6,0 1,6,1 C6
0,4,1 1,3,1 1,4,0 1,4,1 1,5,0 2,4,0 X6
1,5,1 2,4,1 2,5,0 3,3,1 3,4,0 4,3,0 I6
2,3,0 2,3,1 3,2,1 3,3,0 4,1,1 4,2,0 J6
4,2,1 5,2,0 5,2,1 5,3,0 6,2,0 6,2,1 E6
6,1,0 6,1,1 7,0,1 7,1,0 7,1,1 7,2,0 H6
5,0,1 5,1,0 5,1,1 6,0,0 6,0,1 7,0,0 G6

                  ________
                 /\       \
    ____________/  \       \
   /       /       /\  /\  /\
  /   ____/   ____/  \/  \/  \
 /   /\   \  /        \      /
/___/  \   \/__________\    /
\       \   \      /    \  /
 \    ___\   \    /      \/
  \  /    \   \  /\      /
   \/___   \___\/  \____/
        \   \          /\
         \   \________/  \
          \  /   /       /
           \/   /___    /
            \       \  /
             \_______\/

solution 54 (23,679 searches):
5,3,1 5,4,0 5,4,1 6,3,0 6,3,1 6,4,0 O6
5,5,1 5,6,0 6,4,1 6,5,0 6,5,1 6,6,0 V6
3,7,1 4,6,1 4,7,0 4,7,1 5,6,1 5,7,0 F6
3,5,0 3,5,1 4,5,0 4,5,1 4,6,0 5,5,0 P6
2,5,1 2,6,0 2,6,1 3,6,0 3,6,1 3,7,0 S6
0,5,0 0,5,1 0,6,0 0,6,1 1,6,0 1,6,1 C6
0,4,1 1,3,1 1,4,0 1,4,1 1,5,0 2,4,0 X6
1,5,1 2,4,1 2,5,0 3,3,1 3,4,0 4,3,0 I6
2,3,0 2,3,1 3,2,1 3,3,0 4,1,1 4,2,0 J6
4,2,1 5,1,0 5,1,1 5,2,0 5,2,1 5,3,0 E6
5,0,1 6,0,0 6,0,1 6,1,0 6,1,1 7,0,0 H6
6,2,0 6,2,1 7,0,1 7,1,0 7,1,1 7,2,0 G6

                  ________
                 /\       \
    ____________/  \       \
   /       /       /\  /\  /\
  /   ____/   ____/  \/  \/  \
 /   /\   \  /        \      /
/___/  \   \/__________\    /
\       \   \      /    \  /
 \    ___\   \    /      \/
  \  /    \   \  /\      /
   \/___   \___\/  \____/
        \   \      /    \
         \   \    /___   \
          \  /   /   /   /
           \/___/   /   /
            \       \  /
             \_______\/

solution 55 (23,715 searches):
5,3,1 5,4,0 5,4,1 6,3,0 6,3,1 6,4,0 O6
5,5,1 5,6,0 6,4,1 6,5,0 6,5,1 6,6,0 V6
3,7,1 4,6,1 4,7,0 4,7,1 5,6,1 5,7,0 F6
3,5,0 3,5,1 4,5,0 4,5,1 4,6,0 5,5,0 P6
2,5,1 2,6,0 2,6,1 3,6,0 3,6,1 3,7,0 S6
0,5,1 0,6,0 0,6,1 1,5,0 1,6,0 1,6,1 G6
0,4,1 0,5,0 1,3,1 1,4,0 1,4,1 2,3,0 E6
1,5,1 2,4,1 2,5,0 3,3,1 3,4,0 4,3,0 I6
2,3,1 2,4,0 3,2,1 3,3,0 4,2,0 4,2,1 J6
5,2,1 5,3,0 6,1,1 6,2,0 6,2,1 7,2,0 H6
4,1,1 5,0,1 5,1,0 5,1,1 5,2,0 6,1,0 X6
6,0,0 6,0,1 7,0,0 7,0,1 7,1,0 7,1,1 C6

                  ________
                 /\       \
    ____________/  \       \
   /       /       /\  /\  /\
  /   ____/   ____/  \/  \/  \
 /\   \   \  /        \      /
/  \___\   \/__________\    /
\      /\   \      /    \  /
 \    /  \   \    /      \/
  \   \   \   \  /\      /
   \___\   \___\/  \____/
        \      /\       \
         \____/  \    ___\
          \       \  /   /
           \    ___\/   /
            \  /       /
             \/_______/

solution 56 (23,830 searches):
5,3,1 5,4,0 5,4,1 6,3,0 6,3,1 6,4,0 O6
5,5,1 5,6,0 6,4,1 6,5,0 6,5,1 6,6,0 V6
3,7,1 4,6,1 4,7,0 4,7,1 5,6,1 5,7,0 F6
3,5,0 3,5,1 4,5,0 4,5,1 4,6,0 5,5,0 P6
2,5,1 2,6,0 2,6,1 3,6,0 3,6,1 3,7,0 S6
0,6,1 1,5,0 1,5,1 1,6,0 1,6,1 2,5,0 X6
0,4,1 0,5,0 0,5,1 0,6,0 1,3,1 1,4,0 C6
1,4,1 2,3,0 2,3,1 2,4,0 2,4,1 3,4,0 H6
3,2,1 3,3,0 4,1,1 4,2,0 5,0,1 5,1,0 I6
3,3,1 4,2,1 4,3,0 5,2,0 5,2,1 5,3,0 G6
5,1,1 6,0,0 6,0,1 6,1,0 6,1,1 6,2,0 E6
6,2,1 7,0,0 7,0,1 7,1,0 7,1,1 7,2,0 J6

                  ________
                 /\       \
    ____________/  \       \
   /\      /       /\  /\  /\
  /  \    /   ____/  \/  \/  \
 /   /    \  /        \      /
/   /______\/__________\    /
\   \       \      /    \  /
 \   \    ___\    /      \/
  \  /   /\   \  /\      /
   \/___/  \   \/  \____/
        \   \      /\   \
         \   \____/  \   \
          \   \      /   /
           \   \    /   /
            \  /   /   /
             \/___/___/

solution 57 (23,860 searches):
5,3,1 5,4,0 5,4,1 6,3,0 6,3,1 6,4,0 O6
5,5,1 5,6,0 6,4,1 6,5,0 6,5,1 6,6,0 V6
3,7,1 4,6,1 4,7,0 4,7,1 5,6,1 5,7,0 F6
3,5,0 3,5,1 4,5,0 4,5,1 4,6,0 5,5,0 P6
2,5,1 2,6,0 2,6,1 3,6,0 3,6,1 3,7,0 S6
0,6,1 1,5,0 1,5,1 1,6,0 1,6,1 2,5,0 X6
0,4,1 0,5,0 0,5,1 0,6,0 1,4,0 1,4,1 G6
1,3,1 2,3,0 2,3,1 2,4,0 3,2,1 3,3,0 H6
2,4,1 3,3,1 3,4,0 4,2,1 4,3,0 5,2,0 I6
4,1,1 4,2,0 5,0,1 5,1,0 5,1,1 6,0,0 E6
5,2,1 5,3,0 6,0,1 6,1,0 6,1,1 6,2,0 C6
6,2,1 7,0,0 7,0,1 7,1,0 7,1,1 7,2,0 J6

                  ________
                 /\       \
    ____________/  \       \
   /\      /       /\  /\  /\
  /  \    /   ____/  \/  \/  \
 /   /    \  /        \      /
/   /______\/__________\    /
\      /\   \      /    \  /
 \____/  \   \    /      \/
  \       \   \  /\      /
   \____   \   \/  \____/
        \  /\   \   \   \
         \/  \___\   \   \
          \      /   /   /
           \    /   /   /
            \   \  /   /
             \___\/___/

solution 58 (24,193 searches):
5,3,1 5,4,0 5,4,1 6,3,0 6,3,1 6,4,0 O6
5,5,0 5,5,1 5,6,0 6,4,1 6,5,0 6,5,1 X6
3,7,1 4,7,0 4,7,1 5,6,1 5,7,0 6,6,0 C6
2,6,1 3,6,0 3,6,1 3,7,0 4,6,0 4,6,1 E6
2,5,1 2,6,0 3,5,0 3,5,1 4,5,0 4,5,1 J6
0,5,1 0,6,0 0,6,1 1,5,0 1,6,0 1,6,1 G6
0,4,1 0,5,0 1,3,1 1,4,0 1,4,1 2,4,0 H6
1,5,1 2,4,1 2,5,0 3,3,1 3,4,0 4,3,0 I6
2,3,0 2,3,1 3,2,1 3,3,0 4,2,0 4,2,1 S6
4,1,1 5,0,1 5,1,0 5,1,1 6,0,0 6,0,1 F6
5,2,0 5,2,1 5,3,0 6,2,0 6,2,1 7,2,0 P6
6,1,0 6,1,1 7,0,0 7,0,1 7,1,0 7,1,1 V6

                  ________
                 /\       \
    ____________/  \____   \
   /       /\          /\   \
  /   ____/  \________/  \___\
 /\   \   \          /       /
/  \___\   \________/___    /
\       \   \      /    \  /
 \    ___\   \    /      \/
  \  /    \   \  /\      /
   \/___   \___\/  \____/
        \      /        \
         \____/__________\
          \      /       /
           \    /___    /
            \      /   /
             \____/___/

solution 59 (24,198 searches):
5,3,1 5,4,0 5,4,1 6,3,0 6,3,1 6,4,0 O6
5,5,0 5,5,1 5,6,0 6,4,1 6,5,0 6,5,1 X6
3,7,1 4,7,0 4,7,1 5,6,1 5,7,0 6,6,0 C6
2,6,1 3,6,0 3,6,1 3,7,0 4,6,0 4,6,1 E6
2,5,1 2,6,0 3,5,0 3,5,1 4,5,0 4,5,1 J6
0,5,1 0,6,0 0,6,1 1,5,0 1,6,0 1,6,1 G6
0,4,1 0,5,0 1,3,1 1,4,0 1,4,1 2,4,0 H6
1,5,1 2,4,1 2,5,0 3,3,1 3,4,0 4,3,0 I6
2,3,0 2,3,1 3,2,1 3,3,0 4,2,0 4,2,1 S6
4,1,1 5,0,1 5,1,0 5,1,1 6,0,0 6,1,0 V6
5,2,0 5,2,1 5,3,0 6,2,0 6,2,1 7,2,0 P6
6,0,1 6,1,1 7,0,0 7,0,1 7,1,0 7,1,1 F6

                  ________
                 /\       \
    ____________/  \____   \
   /       /\          /\   \
  /   ____/  \________/  \___\
 /\   \   \          /       /
/  \___\   \________/___    /
\       \   \      /    \  /
 \    ___\   \    /      \/
  \  /    \   \  /\      /
   \/___   \___\/  \____/
        \      /        \
         \____/__________\
          \       \      /
           \    ___\    /
            \   \      /
             \___\____/

solution 60 (26,071 searches):
0,4,1 0,5,0 0,5,1 1,4,0 1,4,1 1,5,0 O6
0,6,0 0,6,1 1,6,0 1,6,1 2,6,0 2,6,1 I6
1,3,1 2,3,0 2,3,1 2,4,0 3,3,0 3,3,1 E6
1,5,1 2,4,1 2,5,0 2,5,1 3,4,0 3,5,0 V6
3,2,1 4,2,0 4,2,1 4,3,0 5,1,1 5,2,0 H6
4,1,1 5,0,1 5,1,0 6,0,0 6,0,1 7,0,0 C6
6,1,0 6,1,1 6,2,0 7,0,1 7,1,0 7,1,1 X6
5,2,1 5,3,0 5,3,1 6,2,1 6,3,0 7,2,0 G6
5,5,1 6,3,1 6,4,0 6,4,1 6,5,0 6,5,1 P6
4,5,1 4,6,0 4,6,1 5,4,0 5,4,1 5,5,0 S6
4,7,0 4,7,1 5,6,0 5,6,1 5,7,0 6,6,0 F6
3,5,1 3,6,0 3,6,1 3,7,0 3,7,1 4,5,0 J6

                  ________
                 /   /    \
    ____________/   /___   \
   /           /   /   /    \
  /___________/   /   /______\
 /    \       \   \   \      /
/      \    ___\___\   \    /
\      /\   \      /   /   /
 \____/  \___\    /___/   /
  \          /\  /    \  /
   \________/  \/      \/
        \       \  /\   \
         \____   \/  \___\
          \   \  /       /
           \   \/___    /
            \       \  /
             \_______\/

solution 61 (26,256 searches):
0,4,1 0,5,0 0,5,1 1,4,0 1,4,1 1,5,0 O6
0,6,0 0,6,1 1,6,0 1,6,1 2,6,0 2,6,1 I6
1,3,1 2,3,0 2,3,1 2,4,0 3,2,1 3,3,0 H6
1,5,1 2,4,1 2,5,0 2,5,1 3,4,0 3,5,0 V6
3,3,1 4,2,0 4,2,1 4,3,0 5,1,1 5,2,0 E6
4,1,1 5,0,1 5,1,0 6,0,0 6,0,1 7,0,0 C6
6,1,0 6,1,1 6,2,0 7,0,1 7,1,0 7,1,1 X6
5,2,1 5,3,0 5,3,1 6,2,1 6,3,0 7,2,0 G6
5,5,1 6,3,1 6,4,0 6,4,1 6,5,0 6,5,1 P6
4,5,1 4,6,0 4,6,1 5,4,0 5,4,1 5,5,0 S6
4,7,0 4,7,1 5,6,0 5,6,1 5,7,0 6,6,0 F6
3,5,1 3,6,0 3,6,1 3,7,0 3,7,1 4,5,0 J6

                  ________
                 /   /    \
    ____________/   /___   \
   /           /   /   /    \
  /___________/   /   /______\
 /    \       \   \   \      /
/      \    ___\___\   \    /
\      /\   \      /   /   /
 \____/  \___\    /___/   /
  \       \   \  /    \  /
   \____   \   \/      \/
        \  /    \  /\   \
         \/___   \/  \___\
          \   \  /       /
           \   \/___    /
            \       \  /
             \_______\/

solution 62 (28,754 searches):
0,5,1 0,6,0 0,6,1 1,5,0 1,5,1 1,6,0 O6
0,4,1 0,5,0 1,3,1 1,4,0 1,4,1 2,3,0 E6
1,6,1 2,5,0 2,5,1 2,6,0 3,5,0 3,5,1 H6
2,6,1 3,6,0 3,6,1 3,7,0 3,7,1 4,7,0 S6
4,6,1 4,7,1 5,6,0 5,6,1 5,7,0 6,6,0 V6
4,5,0 4,5,1 4,6,0 5,4,0 5,4,1 5,5,0 F6
5,5,1 6,3,1 6,4,0 6,4,1 6,5,0 6,5,1 P6
2,3,1 2,4,0 2,4,1 3,2,1 3,3,0 4,2,0 J6
3,3,1 3,4,0 4,2,1 4,3,0 5,1,1 5,2,0 I6
4,1,1 5,0,1 5,1,0 6,0,0 6,0,1 7,0,0 C6
6,1,0 6,1,1 6,2,0 7,0,1 7,1,0 7,1,1 X6
5,2,1 5,3,0 5,3,1 6,2,1 6,3,0 7,2,0 G6

                  ________
                 /    \   \
    ____________/   ___\   \
   /    \   \      /\       \
  /      \   \____/  \_______\
 /\      /       /    \      /
/  \____/_______/___   \    /
\      /   /\      /   /   /
 \    /   /  \    /___/   /
  \   \   \   \  /    \  /
   \___\   \   \/      \/
        \   \   \  /\   \
         \___\   \/  \___\
          \   \  /       /
           \   \/___    /
            \       \  /
             \_______\/

solution 63 (29,682 searches):
0,5,1 0,6,0 0,6,1 1,5,0 1,5,1 1,6,0 O6
0,4,1 0,5,0 1,3,1 1,4,0 1,4,1 2,3,0 E6
1,6,1 2,6,0 2,6,1 3,6,0 3,6,1 3,7,0 J6
2,4,0 2,4,1 2,5,0 2,5,1 3,3,1 3,4,0 H6
2,3,1 3,2,1 3,3,0 4,2,0 4,2,1 4,3,0 G6
3,5,0 3,5,1 4,5,0 4,5,1 4,6,0 5,5,0 P6
3,7,1 4,6,1 4,7,0 4,7,1 5,6,1 5,7,0 F6
5,5,1 5,6,0 6,4,1 6,5,0 6,5,1 6,6,0 V6
5,4,1 6,2,1 6,3,0 6,3,1 6,4,0 7,2,0 S6
5,1,1 5,2,0 5,2,1 5,3,0 5,3,1 5,4,0 I6
6,1,0 6,1,1 6,2,0 7,0,1 7,1,0 7,1,1 X6
4,1,1 5,0,1 5,1,0 6,0,0 6,0,1 7,0,0 C6

                  ________
                 /\       \
    ____________/  \       \
   /    \          /\  /\  /\
  /      \________/  \/  \/  \
 /\      /   /        \      /
/  \____/   /__________\    /
\      /    \      /\   \  /
 \    /___   \    /  \   \/
  \   \   \  /\  /   /   /
   \___\   \/  \/   /   /
        \      /   /\   \
         \____/   /  \___\
          \   \  /       /
           \   \/___    /
            \       \  /
             \_______\/

solution 64 (29,693 searches):
0,5,1 0,6,0 0,6,1 1,5,0 1,5,1 1,6,0 O6
0,4,1 0,5,0 1,3,1 1,4,0 1,4,1 2,3,0 E6
1,6,1 2,6,0 2,6,1 3,6,0 3,6,1 3,7,0 J6
2,4,0 2,4,1 2,5,0 2,5,1 3,3,1 3,4,0 H6
2,3,1 3,2,1 3,3,0 4,2,0 4,2,1 4,3,0 G6
3,5,0 3,5,1 4,5,0 4,5,1 4,6,0 5,5,0 P6
3,7,1 4,6,1 4,7,0 4,7,1 5,6,0 5,7,0 V6
5,5,1 5,6,1 6,4,1 6,5,0 6,5,1 6,6,0 F6
5,4,1 6,2,1 6,3,0 6,3,1 6,4,0 7,2,0 S6
5,1,1 5,2,0 5,2,1 5,3,0 5,3,1 5,4,0 I6
6,1,0 6,1,1 6,2,0 7,0,1 7,1,0 7,1,1 X6
4,1,1 5,0,1 5,1,0 6,0,0 6,0,1 7,0,0 C6

                  ________
                 /\       \
    ____________/  \    ___\
   /    \          /\   \   \
  /      \________/  \___\   \
 /\      /   /        \      /
/  \____/   /__________\    /
\      /    \      /\   \  /
 \    /___   \    /  \   \/
  \   \   \  /\  /   /   /
   \___\   \/  \/   /   /
        \      /   /\   \
         \____/   /  \___\
          \   \  /       /
           \   \/___    /
            \       \  /
             \_______\/

solution 65 (32,249 searches):
1,5,1 1,6,0 1,6,1 2,5,0 2,5,1 2,6,0 O6
0,4,1 0,5,0 0,5,1 0,6,0 0,6,1 1,5,0 E6
1,3,1 1,4,0 1,4,1 2,3,0 2,4,0 2,4,1 G6
2,3,1 3,2,1 3,3,0 3,3,1 3,4,0 4,2,0 H6
4,2,1 4,3,0 5,1,1 5,2,0 5,2,1 5,3,0 V6
4,1,1 5,0,1 5,1,0 6,0,0 6,0,1 7,0,0 C6
6,1,0 6,1,1 6,2,0 7,0,1 7,1,0 7,1,1 X6
5,3,1 5,4,0 5,4,1 6,2,1 6,3,0 7,2,0 J6
6,3,1 6,4,0 6,4,1 6,5,0 6,5,1 6,6,0 I6
2,6,1 3,6,0 3,6,1 3,7,0 3,7,1 4,7,0 S6
3,5,0 3,5,1 4,5,0 4,5,1 4,6,0 5,5,0 P6
4,6,1 4,7,1 5,5,1 5,6,0 5,6,1 5,7,0 F6

                  ________
                 /    \   \
    ____________/   ___\   \
   /   /    \      /\      /\
  /   /      \____/  \    /  \
 /    \      /        \  /   /
/   ___\____/__________\/   /
\  /       /\      /   /   /
 \/   ____/  \    /   /   /
  \   \      /\  /\   \  /
   \___\    /  \/  \   \/
        \   \      /\   \
         \___\    /  \___\
          \   \  /       /
           \   \/___    /
            \       \  /
             \_______\/

solution 66 (32,732 searches):
1,5,1 1,6,0 1,6,1 2,5,0 2,5,1 2,6,0 O6
0,5,0 0,5,1 0,6,0 0,6,1 1,4,1 1,5,0 H6
0,4,1 1,3,1 1,4,0 2,3,0 2,3,1 3,3,0 C6
2,4,0 2,4,1 3,3,1 3,4,0 4,2,1 4,3,0 J6
3,2,1 4,1,1 4,2,0 5,0,1 5,1,0 6,0,0 I6
3,5,0 3,5,1 4,5,0 4,5,1 4,6,0 5,5,0 P6
2,6,1 3,6,0 3,6,1 3,7,0 3,7,1 4,7,0 S6
4,6,1 4,7,1 5,6,0 5,6,1 5,7,0 6,6,0 V6
5,4,1 5,5,1 6,4,0 6,4,1 6,5,0 6,5,1 F6
5,3,0 5,3,1 5,4,0 6,2,1 6,3,0 6,3,1 X6
6,1,1 7,0,0 7,0,1 7,1,0 7,1,1 7,2,0 E6
5,1,1 5,2,0 5,2,1 6,0,1 6,1,0 6,2,0 G6

                  ________
                 /    \   \
    ____________/   ___\   \
   /   /    \      /\       \
  /   /      \____/  \_______\
 /    \      /        \      /
/___   \____/__________\    /
\   \  /    \      /\      /
 \   \/___   \    /  \____/
  \       \   \  /       /
   \_______\   \/___    /
        \   \  /    \  /\
         \   \/   ___\/  \
          \   \   \      /
           \   \   \    /
            \   \  /   /
             \___\/___/

solution 67 (33,920 searches):
2,5,1 2,6,0 2,6,1 3,5,0 3,5,1 3,6,0 O6
0,5,0 0,5,1 0,6,0 0,6,1 1,6,0 1,6,1 C6
0,4,1 1,3,1 1,4,0 1,4,1 1,5,0 2,4,0 X6
1,5,1 2,4,1 2,5,0 3,3,1 3,4,0 4,3,0 I6
2,3,0 2,3,1 3,2,1 3,3,0 4,2,0 4,2,1 S6
4,1,1 5,0,1 5,1,0 5,1,1 6,0,0 6,0,1 F6
6,1,0 6,1,1 7,0,0 7,0,1 7,1,0 7,1,1 V6
5,2,0 5,2,1 5,3,0 6,2,0 6,2,1 7,2,0 P6
5,3,1 5,4,0 5,4,1 5,5,0 6,3,0 6,3,1 G6
3,6,1 4,5,0 4,5,1 4,6,0 4,6,1 5,6,0 H6
5,5,1 6,4,0 6,4,1 6,5,0 6,5,1 6,6,0 E6
3,7,0 3,7,1 4,7,0 4,7,1 5,6,1 5,7,0 J6

                  ________
                 /        \
    ____________/_______   \
   /       /    \       \  /\
  /   ____/      \    ___\/  \
 /   /\   \      /   /\      /
/___/  \   \____/___/  \    /
\       \   \      /   /   /
 \    ___\   \    /   /___/
  \  /    \   \  /\      /
   \/___   \___\/  \____/
        \      /        \
         \____/__________\
          \      /       /
           \    /___    /
            \      /   /
             \____/___/

solution 68 (34,085 searches):
2,5,1 2,6,0 2,6,1 3,5,0 3,5,1 3,6,0 O6
0,5,0 0,5,1 0,6,0 0,6,1 1,6,0 1,6,1 C6
0,4,1 1,3,1 1,4,0 1,4,1 1,5,0 2,4,0 X6
1,5,1 2,4,1 2,5,0 3,3,1 3,4,0 4,3,0 I6
2,3,0 2,3,1 3,2,1 3,3,0 4,2,0 4,2,1 S6
4,1,1 5,0,1 5,1,0 5,1,1 6,0,0 6,1,0 V6
6,0,1 6,1,1 7,0,0 7,0,1 7,1,0 7,1,1 F6
5,2,0 5,2,1 5,3,0 6,2,0 6,2,1 7,2,0 P6
5,3,1 5,4,0 5,4,1 5,5,0 6,3,0 6,3,1 G6
3,6,1 4,5,0 4,5,1 4,6,0 4,6,1 5,6,0 H6
5,5,1 6,4,0 6,4,1 6,5,0 6,5,1 6,6,0 E6
3,7,0 3,7,1 4,7,0 4,7,1 5,6,1 5,7,0 J6

                  ________
                 /        \
    ____________/_______   \
   /       /    \       \  /\
  /   ____/      \    ___\/  \
 /   /\   \      /   /\      /
/___/  \   \____/___/  \    /
\       \   \      /   /   /
 \    ___\   \    /   /___/
  \  /    \   \  /\      /
   \/___   \___\/  \____/
        \      /        \
         \____/__________\
          \       \      /
           \    ___\    /
            \   \      /
             \___\____/

solution 69 (40,121 searches):
5,5,1 5,6,0 5,6,1 6,5,0 6,5,1 6,6,0 O6
3,7,0 3,7,1 4,6,1 4,7,0 4,7,1 5,7,0 E6
5,4,0 5,4,1 6,3,0 6,3,1 6,4,0 6,4,1 V6
3,5,0 3,5,1 4,5,0 4,5,1 4,6,0 5,5,0 P6
1,6,0 1,6,1 2,6,0 2,6,1 3,6,0 3,6,1 I6
0,5,0 0,5,1 0,6,0 0,6,1 1,4,1 1,5,0 H6
0,4,1 1,3,1 1,4,0 2,3,0 2,3,1 3,3,0 C6
1,5,1 2,4,0 2,4,1 2,5,0 2,5,1 3,4,0 X6
3,2,1 3,3,1 4,1,1 4,2,0 4,2,1 4,3,0 F6
5,2,1 5,3,0 5,3,1 6,1,0 6,1,1 6,2,0 S6
5,0,1 5,1,0 5,1,1 5,2,0 6,0,0 6,0,1 G6
6,2,1 7,0,0 7,0,1 7,1,0 7,1,1 7,2,0 J6

                  ________
                 /        \
    ____________/___    ___\
   /   /           /\  /    \
  /   /___________/  \/      \
 /    \      /        \      /
/___   \    /__________\____/
\   \  /    \      /       /
 \   \/______\    /___    /
  \       \   \  /   /   /
   \_______\   \/   /___/
        \      /\   \   \
         \    /  \   \   \
          \  /   /   /   /
           \/   /___/   /
            \      /   /
             \____/___/

solution 70 (41,774 searches):
5,5,1 5,6,0 5,6,1 6,5,0 6,5,1 6,6,0 O6
3,6,1 3,7,0 3,7,1 4,7,0 4,7,1 5,7,0 J6
4,5,1 4,6,0 4,6,1 5,4,0 5,4,1 5,5,0 S6
6,2,0 6,2,1 6,3,0 6,3,1 6,4,0 6,4,1 I6
6,1,1 7,0,0 7,0,1 7,1,0 7,1,1 7,2,0 E6
4,2,1 5,1,1 5,2,0 5,2,1 5,3,0 5,3,1 P6
4,1,1 5,0,1 5,1,0 6,0,0 6,0,1 6,1,0 G6
2,3,1 3,2,1 3,3,0 3,3,1 4,2,0 4,3,0 V6
0,4,1 1,3,1 1,4,0 1,4,1 1,5,0 2,3,0 H6
0,5,0 0,5,1 0,6,0 0,6,1 1,6,0 1,6,1 C6
1,5,1 2,4,0 2,4,1 2,5,0 2,5,1 3,4,0 X6
2,6,0 2,6,1 3,5,0 3,5,1 3,6,0 4,5,0 F6

                  ________
                 /        \
    ____________/   _______\
   /       /    \  /   /    \
  /   ____/___   \/   /      \
 /   /\      /    \   \      /
/___/  \    /______\   \____/
\      /    \      /   /   /
 \    /______\    /___/   /
  \   \       \  /   /   /
   \___\    ___\/   /   /
        \   \      /   /\
         \___\    /___/  \
          \   \  /\      /
           \   \/  \    /
            \      /   /
             \____/___/

solution 71 (41,794 searches):
5,5,1 5,6,0 5,6,1 6,5,0 6,5,1 6,6,0 O6
3,6,1 3,7,0 3,7,1 4,7,0 4,7,1 5,7,0 J6
4,5,1 4,6,0 4,6,1 5,4,0 5,4,1 5,5,0 S6
6,2,0 6,2,1 6,3,0 6,3,1 6,4,0 6,4,1 I6
6,1,0 6,1,1 7,0,1 7,1,0 7,1,1 7,2,0 H6
4,1,1 5,0,1 5,1,0 6,0,0 6,0,1 7,0,0 C6
4,2,1 5,1,1 5,2,0 5,2,1 5,3,0 5,3,1 P6
2,3,1 3,2,1 3,3,0 3,3,1 4,2,0 4,3,0 V6
0,4,1 0,5,0 1,3,1 1,4,0 1,4,1 2,3,0 E6
2,6,0 2,6,1 3,5,0 3,5,1 3,6,0 4,5,0 F6
1,5,1 2,4,0 2,4,1 2,5,0 2,5,1 3,4,0 X6
0,5,1 0,6,0 0,6,1 1,5,0 1,6,0 1,6,1 G6

                  ________
                 /        \
    ____________/   _______\
   /       /    \  /   /    \
  /   ____/___   \/   /      \
 /\   \      /    \   \      /
/  \___\    /______\   \____/
\      /    \      /   /   /
 \    /______\    /___/   /
  \   \       \  /   /   /
   \___\    ___\/   /   /
        \   \      /   /\
         \___\    /___/  \
          \   \  /       /
           \   \/___    /
            \       \  /
             \_______\/

solution 72 (46,831 searches):
4,6,1 4,7,0 4,7,1 5,6,0 5,6,1 5,7,0 O6
5,5,1 6,4,0 6,4,1 6,5,0 6,5,1 6,6,0 E6
2,6,1 3,6,0 3,6,1 3,7,0 3,7,1 4,6,0 H6
2,5,1 2,6,0 3,5,0 3,5,1 4,5,0 4,5,1 J6
5,3,1 5,4,0 5,4,1 5,5,0 6,3,0 6,3,1 G6
0,5,0 0,5,1 0,6,0 0,6,1 1,6,0 1,6,1 C6
0,4,1 1,3,1 1,4,0 1,4,1 1,5,0 2,4,0 X6
1,5,1 2,4,1 2,5,0 3,3,1 3,4,0 4,3,0 I6
2,3,0 2,3,1 3,2,1 3,3,0 4,2,0 4,2,1 S6
4,1,1 5,0,1 5,1,0 5,1,1 6,0,0 6,0,1 F6
5,2,0 5,2,1 5,3,0 6,2,0 6,2,1 7,2,0 P6
6,1,0 6,1,1 7,0,0 7,0,1 7,1,0 7,1,1 V6

                  ________
                 /   /    \
    ____________/   /      \
   /       /\       \      /\
  /   ____/  \_______\____/  \
 /   /\   \          /\      /
/___/  \   \________/  \    /
\       \   \      /   /   /
 \    ___\   \    /   /___/
  \  /    \   \  /\      /
   \/___   \___\/  \____/
        \      /        \
         \____/__________\
          \      /       /
           \    /___    /
            \      /   /
             \____/___/

solution 73 (46,836 searches):
4,6,1 4,7,0 4,7,1 5,6,0 5,6,1 5,7,0 O6
5,5,1 6,4,0 6,4,1 6,5,0 6,5,1 6,6,0 E6
2,6,1 3,6,0 3,6,1 3,7,0 3,7,1 4,6,0 H6
2,5,1 2,6,0 3,5,0 3,5,1 4,5,0 4,5,1 J6
5,3,1 5,4,0 5,4,1 5,5,0 6,3,0 6,3,1 G6
0,5,0 0,5,1 0,6,0 0,6,1 1,6,0 1,6,1 C6
0,4,1 1,3,1 1,4,0 1,4,1 1,5,0 2,4,0 X6
1,5,1 2,4,1 2,5,0 3,3,1 3,4,0 4,3,0 I6
2,3,0 2,3,1 3,2,1 3,3,0 4,2,0 4,2,1 S6
4,1,1 5,0,1 5,1,0 5,1,1 6,0,0 6,1,0 V6
5,2,0 5,2,1 5,3,0 6,2,0 6,2,1 7,2,0 P6
6,0,1 6,1,1 7,0,0 7,0,1 7,1,0 7,1,1 F6

                  ________
                 /   /    \
    ____________/   /      \
   /       /\       \      /\
  /   ____/  \_______\____/  \
 /   /\   \          /\      /
/___/  \   \________/  \    /
\       \   \      /   /   /
 \    ___\   \    /   /___/
  \  /    \   \  /\      /
   \/___   \___\/  \____/
        \      /        \
         \____/__________\
          \       \      /
           \    ___\    /
            \   \      /
             \___\____/

solution 74 (48,590 searches):
4,6,1 4,7,0 4,7,1 5,6,0 5,6,1 5,7,0 O6
6,3,1 6,4,0 6,4,1 6,5,0 6,5,1 6,6,0 I6
2,6,1 3,5,1 3,6,0 3,6,1 3,7,0 3,7,1 P6
4,5,0 4,5,1 4,6,0 5,4,1 5,5,0 5,5,1 X6
5,3,1 5,4,0 6,1,1 6,2,0 6,2,1 6,3,0 C6
6,0,1 7,0,0 7,0,1 7,1,0 7,1,1 7,2,0 J6
4,1,1 5,0,1 5,1,0 5,1,1 6,0,0 6,1,0 V6
4,2,0 4,2,1 4,3,0 5,2,0 5,2,1 5,3,0 F6
2,3,0 2,3,1 3,2,1 3,3,0 3,3,1 3,4,0 H6
0,4,1 0,5,0 0,5,1 1,3,1 1,4,0 1,5,0 G6
1,4,1 2,4,0 2,4,1 2,5,0 2,5,1 3,5,0 S6
0,6,0 0,6,1 1,5,1 1,6,0 1,6,1 2,6,0 E6

                  ________
                 /   /    \
    ____________/   /      \
   /        \      /\      /\
  /___    ___\    /  \____/  \
 /    \  /    \  /       /   /
/   ___\/   ___\/___    /   /
\   \      /\      /\  /   /
 \   \____/  \    /  \/   /
  \  /       /\  /\   \  /
   \/___    /  \/  \   \/
        \  /       /   /\
         \/_______/   /  \
          \       \  /   /
           \    ___\/   /
            \   \      /
             \___\____/

solution 75 (48,594 searches):
4,6,1 4,7,0 4,7,1 5,6,0 5,6,1 5,7,0 O6
6,3,1 6,4,0 6,4,1 6,5,0 6,5,1 6,6,0 I6
2,6,1 3,5,1 3,6,0 3,6,1 3,7,0 3,7,1 P6
4,5,0 4,5,1 4,6,0 5,4,1 5,5,0 5,5,1 X6
5,3,1 5,4,0 6,1,1 6,2,0 6,2,1 6,3,0 C6
6,0,1 7,0,0 7,0,1 7,1,0 7,1,1 7,2,0 J6
4,1,1 5,0,1 5,1,0 5,1,1 6,0,0 6,1,0 V6
4,2,0 4,2,1 4,3,0 5,2,0 5,2,1 5,3,0 F6
2,3,0 2,3,1 3,2,1 3,3,0 3,3,1 3,4,0 H6
1,3,1 1,4,0 1,4,1 2,4,0 2,4,1 2,5,0 S6
0,4,1 0,5,0 0,5,1 0,6,0 0,6,1 1,5,0 E6
1,5,1 1,6,0 1,6,1 2,5,1 2,6,0 3,5,0 G6

                  ________
                 /   /    \
    ____________/   /      \
   /   /    \      /\      /\
  /   /      \    /  \____/  \
 /    \  /\   \  /       /   /
/   ___\/  \___\/___    /   /
\  /       /\      /\  /   /
 \/   ____/  \    /  \/   /
  \  /       /\  /\   \  /
   \/___    /  \/  \   \/
        \  /       /   /\
         \/_______/   /  \
          \       \  /   /
           \    ___\/   /
            \   \      /
             \___\____/

solution 76 (48,604 searches):
4,6,1 4,7,0 4,7,1 5,6,0 5,6,1 5,7,0 O6
6,3,1 6,4,0 6,4,1 6,5,0 6,5,1 6,6,0 I6
2,6,1 3,5,1 3,6,0 3,6,1 3,7,0 3,7,1 P6
4,5,0 4,5,1 4,6,0 5,4,1 5,5,0 5,5,1 X6
5,3,1 5,4,0 6,1,1 6,2,0 6,2,1 6,3,0 C6
6,0,1 7,0,0 7,0,1 7,1,0 7,1,1 7,2,0 J6
4,1,1 5,0,1 5,1,0 5,1,1 6,0,0 6,1,0 V6
4,2,0 4,2,1 4,3,0 5,2,0 5,2,1 5,3,0 F6
1,3,1 1,4,0 2,3,0 2,3,1 3,2,1 3,3,0 S6
0,4,1 0,5,0 0,5,1 0,6,0 0,6,1 1,5,0 E6
1,4,1 2,4,0 2,4,1 2,5,0 3,3,1 3,4,0 H6
1,5,1 1,6,0 1,6,1 2,5,1 2,6,0 3,5,0 G6

                  ________
                 /   /    \
    ____________/   /      \
   /   /    \      /\      /\
  /   /      \    /  \____/  \
 /    \  /\   \  /       /   /
/   ___\/  \___\/___    /   /
\  /\       \      /\  /   /
 \/  \____   \    /  \/   /
  \       \  /\  /\   \  /
   \____   \/  \/  \   \/
        \  /       /   /\
         \/_______/   /  \
          \       \  /   /
           \    ___\/   /
            \   \      /
             \___\____/

solution 77 (48,721 searches):
4,6,1 4,7,0 4,7,1 5,6,0 5,6,1 5,7,0 O6
6,3,1 6,4,0 6,4,1 6,5,0 6,5,1 6,6,0 I6
2,6,1 3,5,1 3,6,0 3,6,1 3,7,0 3,7,1 P6
4,5,0 4,5,1 4,6,0 5,4,1 5,5,0 5,5,1 X6
5,3,0 5,3,1 5,4,0 6,2,0 6,2,1 6,3,0 F6
6,1,1 7,0,0 7,0,1 7,1,0 7,1,1 7,2,0 E6
5,1,1 5,2,0 5,2,1 6,0,0 6,0,1 6,1,0 S6
4,1,1 4,2,0 4,2,1 4,3,0 5,0,1 5,1,0 C6
2,3,1 2,4,0 3,2,1 3,3,0 3,3,1 3,4,0 V6
0,4,1 0,5,0 0,5,1 1,3,1 1,4,0 2,3,0 J6
0,6,0 0,6,1 1,4,1 1,5,0 1,5,1 1,6,0 G6
1,6,1 2,4,1 2,5,0 2,5,1 2,6,0 3,5,0 H6

                  ________
                 /   /    \
    ____________/   /      \
   /    \   \      /\      /\
  /___   \   \    /  \____/  \
 /   /   /    \  /       /   /
/   /   /   ___\/___    /   /
\   \  /\  /\      /\  /   /
 \   \/  \/  \    /  \/   /
  \   \      /\  /    \  /
   \___\    /  \/___   \/
        \  /   /   /   /\
         \/   /   /___/  \
          \   \   \      /
           \   \   \    /
            \  /   /   /
             \/___/___/

solution 78 (48,749 searches):
4,6,1 4,7,0 4,7,1 5,6,0 5,6,1 5,7,0 O6
6,3,1 6,4,0 6,4,1 6,5,0 6,5,1 6,6,0 I6
2,6,1 3,5,1 3,6,0 3,6,1 3,7,0 3,7,1 P6
4,5,0 4,5,1 4,6,0 5,4,1 5,5,0 5,5,1 X6
5,3,0 5,3,1 5,4,0 6,2,0 6,2,1 6,3,0 F6
6,0,1 7,0,0 7,0,1 7,1,0 7,1,1 7,2,0 J6
5,0,1 5,1,0 5,1,1 6,0,0 6,1,0 6,1,1 G6
4,1,1 4,2,0 4,2,1 4,3,0 5,2,0 5,2,1 H6
1,3,1 1,4,0 2,3,0 2,3,1 3,2,1 3,3,0 S6
0,4,1 0,5,0 0,5,1 0,6,0 1,4,1 1,5,0 V6
0,6,1 1,6,0 1,6,1 2,5,1 2,6,0 3,5,0 C6
1,5,1 2,4,0 2,4,1 2,5,0 3,3,1 3,4,0 E6

                  ________
                 /   /    \
    ____________/   /      \
   /\       \      /\      /\
  /  \____   \    /  \____/  \
 /    \   \   \  /       /   /
/      \   \___\/___    /   /
\  /\  /    \      /\  /   /
 \/  \/___   \    /  \/   /
  \       \  /\  /    \  /
   \____   \/  \/___   \/
        \  /       /   /\
         \/   ____/___/  \
          \  /       /   /
           \/   ____/   /
            \   \      /
             \___\____/

solution 79 (48,753 searches):
4,6,1 4,7,0 4,7,1 5,6,0 5,6,1 5,7,0 O6
6,3,1 6,4,0 6,4,1 6,5,0 6,5,1 6,6,0 I6
2,6,1 3,5,1 3,6,0 3,6,1 3,7,0 3,7,1 P6
4,5,0 4,5,1 4,6,0 5,4,1 5,5,0 5,5,1 X6
5,3,0 5,3,1 5,4,0 6,2,0 6,2,1 6,3,0 F6
6,0,1 7,0,0 7,0,1 7,1,0 7,1,1 7,2,0 J6
5,0,1 5,1,0 5,1,1 6,0,0 6,1,0 6,1,1 G6
4,1,1 4,2,0 4,2,1 4,3,0 5,2,0 5,2,1 H6
2,3,1 2,4,0 3,2,1 3,3,0 3,3,1 3,4,0 V6
0,4,1 0,5,0 1,3,1 1,4,0 1,4,1 2,3,0 E6
0,5,1 0,6,0 1,5,0 1,5,1 2,4,1 2,5,0 S6
0,6,1 1,6,0 1,6,1 2,5,1 2,6,0 3,5,0 C6

                  ________
                 /   /    \
    ____________/   /      \
   /\       \      /\      /\
  /  \____   \    /  \____/  \
 /\       \   \  /       /   /
/  \____   \___\/___    /   /
\      /\  /\      /\  /   /
 \    /  \/  \    /  \/   /
  \   \      /\  /    \  /
   \___\    /  \/___   \/
        \  /       /   /\
         \/   ____/___/  \
          \  /       /   /
           \/   ____/   /
            \   \      /
             \___\____/

79 solutions, 49,306 searches, duration 0:00:00.746297
