solving HexiamondsNearHexagram1:

solution 1:
0,6,1 1,6,0 1,6,1 2,6,0 2,6,1 3,6,0 I6
5,2,1 6,0,1 6,1,0 6,1,1 6,2,0 6,2,1 P6
3,3,1 4,2,0 4,2,1 4,3,0 5,1,1 5,2,0 E6
2,2,1 2,3,0 2,3,1 3,2,0 3,2,1 3,3,0 O6
5,5,0 5,5,1 6,5,0 6,5,1 6,6,0 6,6,1 C6
3,7,1 3,8,0 4,6,1 4,7,0 5,6,0 5,6,1 J6
2,7,0 2,7,1 2,8,0 2,8,1 3,6,1 3,7,0 H6
3,4,1 3,5,0 3,5,1 4,5,0 4,5,1 4,6,0 S6
1,5,1 2,4,0 2,4,1 2,5,0 2,5,1 3,4,0 X6
4,3,1 4,4,0 5,3,0 5,3,1 5,4,0 6,3,0 F6
5,4,1 6,3,1 6,4,0 6,4,1 7,3,0 7,4,0 V6
7,2,0 7,2,1 7,3,1 8,2,0 8,2,1 8,3,0 G6

            ____
           /   /\
          /   /  \
         /    \   \
________/___   \   \________
\           \  /\      /   /
 \___________\/  \____/   /
  \      /       /       /
   \    /   ____/_______/
   /    \  /\  /\       \
  /______\/  \/  \    ___\
 /    \   \       \   \   \
/      \   \_______\___\   \
\      /    \      /       /
 \____/___   \    /_______/
          \  /   /
           \/   /
            \  /
             \/

solution 2:
0,6,1 1,5,1 1,6,0 2,4,1 2,5,0 3,4,0 I6
5,1,1 5,2,1 6,0,1 6,1,0 6,1,1 6,2,0 F6
5,5,0 5,5,1 6,5,0 6,5,1 6,6,0 6,6,1 C6
3,6,1 4,6,0 4,6,1 4,7,0 5,6,0 5,6,1 E6
2,7,1 2,8,0 2,8,1 3,7,0 3,7,1 3,8,0 O6
1,6,1 2,5,1 2,6,0 2,6,1 2,7,0 3,6,0 X6
3,4,1 3,5,0 3,5,1 4,4,0 4,5,0 4,5,1 G6
3,2,0 3,2,1 4,2,0 4,2,1 4,3,0 5,2,0 P6
2,2,1 2,3,0 2,3,1 2,4,0 3,3,0 3,3,1 H6
4,3,1 5,3,0 5,3,1 5,4,0 5,4,1 6,4,0 S6
6,3,1 6,4,1 7,3,0 7,3,1 7,4,0 8,3,0 V6
6,2,1 6,3,0 7,2,0 7,2,1 8,2,0 8,2,1 J6

            ____
           /    \
          /      \
         /\      /\
________/  \____/  \________
\   \       \          /   /
 \   \    ___\________/   /
  \   \  /       /       /
   \   \/   ____/_______/
   /\   \   \  /    \   \
  /  \___\___\/   ___\   \
 /       /\      /\       \
/   ____/  \____/  \_______\
\  /        \   \          /
 \/__________\   \________/
          \      /
           \    /
            \  /
             \/

2 solutions, 24,691 searches, duration 0:00:05.640666
