solving HexiamondsGyroscope:

solution 1:
5,0,1 5,1,0 5,1,1 5,2,0 5,2,1 6,1,0 E6
2,4,1 2,5,0 2,5,1 2,6,0 2,6,1 2,7,0 I6
0,6,0 0,6,1 1,5,0 1,5,1 1,6,0 1,6,1 V6
0,3,1 0,4,0 0,4,1 0,5,0 0,5,1 1,3,0 J6
1,3,1 1,4,0 1,4,1 2,3,1 2,4,0 3,3,0 G6
1,2,1 2,1,1 2,2,0 3,1,0 3,1,1 4,1,0 C6
2,2,1 2,3,0 3,2,0 3,2,1 4,1,1 4,2,0 S6
6,1,1 6,2,0 6,2,1 7,1,0 7,1,1 7,2,0 O6
3,5,1 3,6,0 3,6,1 4,5,1 4,6,0 4,6,1 F6
5,5,0 5,5,1 5,6,0 6,4,1 6,5,0 7,4,0 P6
4,4,1 4,5,0 5,3,0 5,3,1 5,4,0 5,4,1 H6
6,3,0 6,3,1 6,4,0 7,2,1 7,3,0 7,3,1 X6

               /\
      ________/  \________
     /       /   /       /\
    /___    /   /       /  \
   /   /   /   /\  /\  /    \
  /   /___/   /  \/  \/___   \
 /   /    \  /    \      /\   \
/   /      \/      \    /  \___\
\   \  /\   \      /   /       /
 \___\/  \___\    /___/___    /
  \   \       \  /   /    \  /
   \   \____   \/   /      \/
    \       \  /    \      /
     \_______\/   ___\____/
              \  /
               \/

solution 2:
4,1,0 4,1,1 5,0,1 5,1,0 5,1,1 6,1,0 E6
1,6,1 2,6,0 2,6,1 2,7,0 3,5,1 3,6,0 H6
3,6,1 4,6,0 4,6,1 5,5,1 5,6,0 6,5,0 C6
1,5,1 2,3,1 2,4,0 2,4,1 2,5,0 2,5,1 P6
0,5,1 0,6,0 0,6,1 1,4,1 1,5,0 1,6,0 G6
0,3,1 0,4,0 0,4,1 0,5,0 1,3,1 1,4,0 V6
1,2,1 1,3,0 2,1,1 2,2,0 3,1,0 3,1,1 J6
2,2,1 2,3,0 3,2,0 3,2,1 3,3,0 4,2,0 F6
5,2,0 5,2,1 5,3,0 6,1,1 6,2,0 6,2,1 X6
7,1,0 7,1,1 7,2,0 7,2,1 7,3,0 7,3,1 I6
5,3,1 6,3,0 6,3,1 6,4,0 6,4,1 7,4,0 S6
4,4,1 4,5,0 4,5,1 5,4,0 5,4,1 5,5,0 O6

               /\
      ________/  \________
     /    \       \       \
    /   ___\____   \____   \
   /\   \      /\  /    \   \
  /  \   \    /  \/      \___\
 /    \  /   /    \      /    \
/      \/   /      \____/   ___\
\  /\  /\  /\      /\      /   /
 \/  \/  \/  \    /  \____/   /
  \   \       \  /       /   /
   \   \_______\/___    /   /
    \      /        \  /   /
     \____/___    ___\/___/
              \  /
               \/

solution 3:
4,1,0 4,1,1 5,0,1 5,1,0 5,1,1 6,1,0 E6
2,5,1 2,6,0 2,6,1 2,7,0 3,5,1 3,6,0 V6
0,5,0 0,5,1 0,6,0 0,6,1 1,6,0 1,6,1 C6
3,6,1 4,6,0 4,6,1 5,5,0 5,5,1 5,6,0 G6
4,4,1 4,5,0 4,5,1 5,3,1 5,4,0 6,3,0 J6
5,2,0 5,2,1 5,3,0 6,1,1 6,2,0 7,1,0 P6
6,2,1 6,3,1 7,1,1 7,2,0 7,2,1 7,3,0 F6
5,4,1 6,4,0 6,4,1 6,5,0 7,3,1 7,4,0 H6
2,2,1 3,1,1 3,2,0 3,2,1 3,3,0 4,2,0 X6
0,3,1 1,2,1 1,3,0 2,1,1 2,2,0 3,1,0 I6
0,4,0 0,4,1 1,3,1 1,4,0 2,3,0 2,3,1 S6
1,4,1 1,5,0 1,5,1 2,4,0 2,4,1 2,5,0 O6

               /\
      ________/  \________
     /       /    \       \
    /   ____/      \____   \
   /   /    \  /\  /   /   /\
  /___/      \/  \/   /___/  \
 /    \      /    \   \       \
/___   \____/      \   \____   \
\   \      /\      /\   \   \  /
 \   \____/  \    /  \___\   \/
  \   \       \  /    \      /
   \   \    ___\/___   \    /
    \   \  /        \   \  /
     \___\/___    ___\___\/
              \  /
               \/

solution 4:
4,1,0 4,1,1 5,0,1 5,1,0 5,1,1 6,1,0 E6
2,5,1 2,6,0 2,6,1 2,7,0 3,5,1 3,6,0 V6
0,5,0 0,5,1 0,6,0 0,6,1 1,6,0 1,6,1 C6
3,6,1 4,4,1 4,5,0 4,5,1 4,6,0 4,6,1 P6
5,5,0 5,5,1 5,6,0 6,4,0 6,4,1 6,5,0 F6
6,3,0 6,3,1 7,2,1 7,3,0 7,3,1 7,4,0 H6
5,2,0 5,2,1 5,3,0 5,3,1 5,4,0 5,4,1 I6
6,1,1 6,2,0 6,2,1 7,1,0 7,1,1 7,2,0 O6
2,1,1 3,1,0 3,1,1 3,2,0 3,2,1 4,2,0 S6
1,3,1 2,2,1 2,3,0 2,3,1 2,4,0 3,3,0 X6
1,4,0 1,4,1 1,5,0 1,5,1 2,4,1 2,5,0 G6
0,3,1 0,4,0 0,4,1 1,2,1 1,3,0 2,2,0 J6

               /\
      ________/  \________
     /       /    \      /\
    /   ____/      \    /  \
   /   /    \  /\  /   /    \
  /___/      \/  \/   /___   \
 /   /   /\  /    \  /   /   /\
/   /___/  \/      \/   /___/  \
\   \       \      /   /       /
 \   \    ___\    /   /___    /
  \   \  /    \  /   /    \  /
   \___\/   ___\/___/      \/
    \      /        \      /
     \____/___    ___\____/
              \  /
               \/

solution 5:
4,1,0 4,1,1 5,0,1 5,1,0 5,1,1 6,1,0 E6
2,5,1 2,6,0 2,6,1 2,7,0 3,5,1 3,6,0 V6
0,5,0 0,5,1 0,6,0 0,6,1 1,6,0 1,6,1 C6
3,6,1 4,4,1 4,5,0 4,5,1 4,6,0 4,6,1 P6
5,5,1 5,6,0 6,4,1 6,5,0 7,3,1 7,4,0 I6
5,3,1 5,4,0 5,4,1 5,5,0 6,3,0 6,4,0 F6
6,3,1 7,1,0 7,1,1 7,2,0 7,2,1 7,3,0 J6
5,2,0 5,2,1 5,3,0 6,1,1 6,2,0 6,2,1 X6
2,3,1 3,1,1 3,2,0 3,2,1 3,3,0 4,2,0 H6
1,3,1 2,1,1 2,2,0 2,2,1 2,3,0 3,1,0 S6
0,3,1 0,4,0 0,4,1 1,2,1 1,3,0 1,4,0 G6
1,4,1 1,5,0 1,5,1 2,4,0 2,4,1 2,5,0 O6

               /\
      ________/  \________
     /       /    \      /\
    /   ____/      \    /  \
   /   /    \  /\  /   /\   \
  /___/      \/  \/   /  \   \
 /    \      /    \  /    \   \
/   ___\____/      \/   ___\   \
\   \   \   \      /\   \   \  /
 \   \   \   \    /  \___\   \/
  \  /   /    \  /       /   /
   \/   /   ___\/___    /   /
    \   \  /        \  /   /
     \___\/___    ___\/___/
              \  /
               \/

solution 6:
4,1,0 4,1,1 5,0,1 5,1,0 5,1,1 6,1,0 E6
2,5,1 2,6,0 2,6,1 2,7,0 3,5,1 3,6,0 V6
0,5,0 0,5,1 0,6,0 0,6,1 1,6,0 1,6,1 C6
3,6,1 4,4,1 4,5,0 4,5,1 4,6,0 4,6,1 P6
5,5,1 5,6,0 6,4,1 6,5,0 7,3,1 7,4,0 I6
5,3,1 5,4,0 5,4,1 5,5,0 6,3,0 6,4,0 F6
6,3,1 7,1,0 7,1,1 7,2,0 7,2,1 7,3,0 J6
5,2,0 5,2,1 5,3,0 6,1,1 6,2,0 6,2,1 X6
2,1,1 3,1,0 3,1,1 3,2,0 3,2,1 4,2,0 S6
1,4,1 1,5,0 1,5,1 2,4,0 2,4,1 2,5,0 O6
1,3,1 2,2,0 2,2,1 2,3,0 2,3,1 3,3,0 H6
0,3,1 0,4,0 0,4,1 1,2,1 1,3,0 1,4,0 G6

               /\
      ________/  \________
     /       /    \      /\
    /   ____/      \    /  \
   /   /    \  /\  /   /\   \
  /___/      \/  \/   /  \   \
 /    \      /    \  /    \   \
/   ___\____/      \/   ___\   \
\   \       \      /\   \   \  /
 \   \    ___\    /  \___\   \/
  \  /   /    \  /       /   /
   \/___/   ___\/___    /   /
    \      /        \  /   /
     \____/___    ___\/___/
              \  /
               \/

solution 7:
4,1,0 4,1,1 5,0,1 5,1,0 5,1,1 6,1,0 E6
2,5,1 2,6,0 2,6,1 2,7,0 3,5,1 3,6,0 V6
0,5,1 0,6,0 0,6,1 1,5,0 1,6,0 1,6,1 G6
1,4,1 1,5,1 2,3,1 2,4,0 2,4,1 2,5,0 F6
0,4,0 0,4,1 0,5,0 1,3,1 1,4,0 2,3,0 P6
0,3,1 1,2,1 1,3,0 2,1,1 2,2,0 3,1,0 I6
2,2,1 3,1,1 3,2,0 3,2,1 3,3,0 4,2,0 X6
3,6,1 4,6,0 4,6,1 5,5,1 5,6,0 6,5,0 C6
4,4,1 5,2,0 5,2,1 5,3,0 5,3,1 5,4,0 J6
4,5,0 4,5,1 5,4,1 5,5,0 6,4,0 6,4,1 S6
6,3,0 6,3,1 7,2,1 7,3,0 7,3,1 7,4,0 H6
6,1,1 6,2,0 6,2,1 7,1,0 7,1,1 7,2,0 O6

               /\
      ________/  \________
     /       /    \       \
    /   ____/      \____   \
   /\   \   \  /\  /    \   \
  /  \___\   \/  \/___   \___\
 /    \      /    \   \      /\
/___   \    /      \   \____/  \
\   \   \  /\      /   /       /
 \   \___\/  \    /   /___    /
  \   \       \  /   /    \  /
   \   \    ___\/___/      \/
    \   \  /        \      /
     \___\/___    ___\____/
              \  /
               \/

solution 8:
4,1,0 4,1,1 5,0,1 5,1,0 5,1,1 6,1,0 E6
2,5,1 2,6,0 2,6,1 2,7,0 3,5,1 3,6,0 V6
0,5,1 0,6,0 0,6,1 1,5,0 1,6,0 1,6,1 G6
1,4,1 1,5,1 2,3,1 2,4,0 2,4,1 2,5,0 F6
0,4,0 0,4,1 0,5,0 1,3,1 1,4,0 2,3,0 P6
0,3,1 1,2,1 1,3,0 2,1,1 2,2,0 3,1,0 I6
2,2,1 3,1,1 3,2,0 3,2,1 3,3,0 4,2,0 X6
3,6,1 4,6,0 4,6,1 5,5,1 5,6,0 6,5,0 C6
5,2,0 5,2,1 6,1,1 6,2,0 7,1,0 7,1,1 S6
4,4,1 4,5,0 4,5,1 5,4,0 5,4,1 5,5,0 O6
5,3,0 5,3,1 6,2,1 6,3,0 6,3,1 6,4,0 H6
6,4,1 7,2,0 7,2,1 7,3,0 7,3,1 7,4,0 J6

               /\
      ________/  \________
     /       /    \       \
    /   ____/      \____   \
   /\   \   \  /\  /    \   \
  /  \___\   \/  \/      \___\
 /    \      /    \      /\   \
/___   \    /      \____/  \   \
\   \   \  /\      /       /   /
 \   \___\/  \    /___    /   /
  \   \       \  /    \  /   /
   \   \    ___\/___   \/___/
    \   \  /        \      /
     \___\/___    ___\____/
              \  /
               \/

solution 9:
4,1,0 4,1,1 5,0,1 5,1,0 5,1,1 6,1,0 E6
2,5,1 2,6,0 2,6,1 2,7,0 3,5,1 3,6,0 V6
0,5,1 0,6,0 0,6,1 1,5,0 1,6,0 1,6,1 G6
1,4,1 1,5,1 2,3,1 2,4,0 2,4,1 2,5,0 F6
0,4,0 0,4,1 0,5,0 1,3,1 1,4,0 2,3,0 P6
0,3,1 1,2,1 1,3,0 2,1,1 2,2,0 3,1,0 I6
2,2,1 3,1,1 3,2,0 3,2,1 3,3,0 4,2,0 X6
3,6,1 4,5,0 4,5,1 4,6,0 4,6,1 5,6,0 H6
4,4,1 5,2,0 5,2,1 5,3,0 5,3,1 5,4,0 J6
6,1,1 6,2,0 6,2,1 7,1,0 7,1,1 7,2,0 O6
5,4,1 5,5,0 5,5,1 6,3,0 6,3,1 6,4,0 S6
6,4,1 6,5,0 7,2,1 7,3,0 7,3,1 7,4,0 C6

               /\
      ________/  \________
     /       /    \       \
    /   ____/      \    ___\
   /\   \   \  /\  /   /   /\
  /  \___\   \/  \/___/   /  \
 /    \      /    \   \   \   \
/___   \    /      \   \   \   \
\   \   \  /\      /   /   /   /
 \   \___\/  \    /   /___/   /
  \   \       \  /   /    \  /
   \   \    ___\/___/      \/
    \   \  /        \      /
     \___\/___    ___\____/
              \  /
               \/

solution 10:
4,1,0 4,1,1 5,0,1 5,1,0 5,1,1 6,1,0 E6
2,5,1 2,6,0 2,6,1 2,7,0 3,5,1 3,6,0 V6
0,6,0 0,6,1 1,5,1 1,6,0 1,6,1 2,5,0 H6
3,6,1 4,4,1 4,5,0 4,5,1 4,6,0 4,6,1 P6
5,5,1 5,6,0 6,4,1 6,5,0 7,3,1 7,4,0 I6
5,3,1 5,4,0 5,4,1 5,5,0 6,3,0 6,4,0 F6
6,3,1 7,1,0 7,1,1 7,2,0 7,2,1 7,3,0 J6
5,2,0 5,2,1 5,3,0 6,1,1 6,2,0 6,2,1 X6
1,3,1 2,3,0 2,3,1 3,2,1 3,3,0 4,2,0 C6
0,5,0 0,5,1 1,4,1 1,5,0 2,4,0 2,4,1 S6
0,3,1 0,4,0 0,4,1 1,2,1 1,3,0 1,4,0 G6
2,1,1 2,2,0 2,2,1 3,1,0 3,1,1 3,2,0 O6

               /\
      ________/  \________
     /       /    \      /\
    /___    /      \    /  \
   /    \   \  /\  /   /\   \
  /___   \___\/  \/   /  \   \
 /    \      /    \  /    \   \
/   ___\____/      \/   ___\   \
\   \       \      /\   \   \  /
 \   \____   \    /  \___\   \/
  \  /    \   \  /       /   /
   \/      \___\/___    /   /
    \      /        \  /   /
     \____/___    ___\/___/
              \  /
               \/

solution 11:
4,1,0 4,1,1 5,0,1 5,1,0 5,1,1 6,1,0 E6
2,5,1 2,6,0 2,6,1 2,7,0 3,5,1 3,6,0 V6
1,5,1 1,6,0 1,6,1 2,4,0 2,4,1 2,5,0 S6
0,5,0 0,5,1 0,6,0 0,6,1 1,4,1 1,5,0 H6
3,6,1 4,4,1 4,5,0 4,5,1 4,6,0 4,6,1 P6
5,5,1 5,6,0 6,4,1 6,5,0 7,3,1 7,4,0 I6
5,3,1 5,4,0 5,4,1 5,5,0 6,3,0 6,4,0 F6
5,2,0 5,2,1 5,3,0 6,1,1 6,2,0 6,2,1 X6
6,3,1 7,1,0 7,1,1 7,2,0 7,2,1 7,3,0 J6
1,3,1 2,3,0 2,3,1 3,2,1 3,3,0 4,2,0 C6
0,3,1 0,4,0 0,4,1 1,2,1 1,3,0 1,4,0 G6
2,1,1 2,2,0 2,2,1 3,1,0 3,1,1 3,2,0 O6

               /\
      ________/  \________
     /   /   /    \      /\
    /   /   /      \    /  \
   /    \   \  /\  /   /\   \
  /___   \   \/  \/   /  \   \
 /    \  /   /    \  /    \   \
/   ___\/___/      \/   ___\   \
\   \       \      /\   \   \  /
 \   \____   \    /  \___\   \/
  \  /    \   \  /       /   /
   \/      \___\/___    /   /
    \      /        \  /   /
     \____/___    ___\/___/
              \  /
               \/

solution 12:
3,2,1 4,1,0 4,1,1 4,2,0 5,0,1 5,1,0 E6
2,6,1 2,7,0 3,5,1 3,6,0 3,6,1 4,6,0 H6
4,5,1 4,6,1 5,5,0 5,5,1 5,6,0 6,5,0 V6
4,4,1 4,5,0 5,2,1 5,3,0 5,3,1 5,4,0 C6
5,1,1 5,2,0 6,1,0 6,1,1 6,2,0 7,1,0 F6
7,1,1 7,2,0 7,2,1 7,3,0 7,3,1 7,4,0 I6
5,4,1 6,2,1 6,3,0 6,3,1 6,4,0 6,4,1 P6
2,1,1 2,2,0 2,2,1 3,1,0 3,1,1 3,2,0 O6
0,3,1 1,2,1 1,3,0 1,3,1 1,4,0 2,3,0 X6
0,4,0 0,4,1 0,5,0 0,5,1 1,4,1 1,5,0 G6
1,5,1 2,3,1 2,4,0 2,4,1 2,5,0 3,3,0 S6
0,6,0 0,6,1 1,6,0 1,6,1 2,5,1 2,6,0 J6

               /\
      ________/  \________
     /        \       \   \
    /_______   \    ___\   \
   /    \   \  /\  /\       \
  /      \   \/  \/  \_______\
 /   /\  /   /    \   \      /\
/___/  \/   /      \   \    /  \
\       \   \      /   /   /   /
 \    ___\___\    /   /   /   /
  \  /    \   \  /\  /\  /   /
   \/      \   \/  \/  \/   /
    \      /    \       \  /
     \____/___   \_______\/
              \  /
               \/

solution 13:
4,1,0 4,1,1 5,0,1 5,1,0 5,1,1 5,2,0 H6
6,1,0 6,1,1 7,1,0 7,1,1 7,2,0 7,2,1 C6
2,2,1 2,3,0 3,2,0 3,2,1 3,3,0 4,2,0 F6
1,2,1 1,3,0 2,1,1 2,2,0 3,1,0 3,1,1 J6
0,3,1 0,4,0 0,4,1 0,5,0 1,3,1 1,4,0 V6
1,5,1 2,3,1 2,4,0 2,4,1 2,5,0 2,5,1 P6
0,5,1 0,6,0 0,6,1 1,4,1 1,5,0 1,6,0 G6
1,6,1 2,6,0 2,6,1 2,7,0 3,6,0 3,6,1 E6
3,5,1 4,4,1 4,5,0 4,5,1 4,6,0 5,5,0 X6
4,6,1 5,5,1 5,6,0 6,4,1 6,5,0 7,4,0 I6
5,4,0 5,4,1 6,3,1 6,4,0 7,3,0 7,3,1 S6
5,2,1 5,3,0 5,3,1 6,2,0 6,2,1 6,3,0 O6

               /\
      ________/  \________
     /    \          /\   \
    /   ___\________/  \   \
   /\   \      /\       \   \
  /  \   \    /  \    ___\   \
 /    \  /   /    \  /    \   \
/      \/   /      \/___   \___\
\  /\  /\  /\      /    \      /
 \/  \/  \/  \    /      \____/
  \   \       \  /\      /   /
   \   \_______\/  \____/   /
    \      /       /       /
     \____/___    /_______/
              \  /
               \/

solution 14:
4,1,1 4,2,0 5,0,1 5,1,0 5,1,1 6,1,0 H6
1,2,1 2,1,1 2,2,0 3,1,0 3,1,1 4,1,0 C6
5,2,0 5,2,1 5,3,0 6,1,1 6,2,0 6,2,1 X6
6,3,1 7,1,0 7,1,1 7,2,0 7,2,1 7,3,0 J6
5,5,1 5,6,0 6,4,1 6,5,0 7,3,1 7,4,0 I6
5,3,1 5,4,0 5,4,1 5,5,0 6,3,0 6,4,0 F6
3,6,1 4,4,1 4,5,0 4,5,1 4,6,0 4,6,1 P6
2,5,1 2,6,0 2,6,1 2,7,0 3,5,1 3,6,0 V6
1,5,1 1,6,0 1,6,1 2,4,0 2,4,1 2,5,0 S6
0,4,1 0,5,0 0,5,1 0,6,0 0,6,1 1,5,0 E6
0,3,1 0,4,0 1,3,0 1,3,1 1,4,0 1,4,1 G6
2,2,1 2,3,0 2,3,1 3,2,0 3,2,1 3,3,0 O6

               /\
      ________/  \________
     /   /   /    \      /\
    /   /   /      \    /  \
   /    \   \  /\  /   /\   \
  /   ___\   \/  \/   /  \   \
 /\  /   /   /    \  /    \   \
/  \/   /___/      \/   ___\   \
\      /    \      /\   \   \  /
 \____/      \    /  \___\   \/
  \   \      /\  /       /   /
   \   \____/  \/___    /   /
    \       \       \  /   /
     \_______\    ___\/___/
              \  /
               \/

solution 15:
4,1,1 4,2,0 5,0,1 5,1,0 5,1,1 6,1,0 H6
2,3,1 3,1,1 3,2,0 3,2,1 3,3,0 4,1,0 S6
1,2,1 1,3,0 2,1,1 2,2,0 2,2,1 3,1,0 E6
0,3,1 0,4,0 0,4,1 1,3,1 1,4,0 2,3,0 G6
0,5,0 0,5,1 0,6,0 0,6,1 1,6,0 1,6,1 C6
1,4,1 1,5,0 1,5,1 2,4,0 2,4,1 2,5,0 O6
2,5,1 2,6,0 2,6,1 2,7,0 3,5,1 3,6,0 V6
3,6,1 4,4,1 4,5,0 4,5,1 4,6,0 4,6,1 P6
5,5,1 5,6,0 6,4,1 6,5,0 7,3,1 7,4,0 I6
5,3,1 5,4,0 5,4,1 5,5,0 6,3,0 6,4,0 F6
6,3,1 7,1,0 7,1,1 7,2,0 7,2,1 7,3,0 J6
5,2,0 5,2,1 5,3,0 6,1,1 6,2,0 6,2,1 X6

               /\
      ________/  \________
     /       /    \      /\
    /   ____/      \    /  \
   /   /    \  /\  /   /\   \
  /___/      \/  \/   /  \   \
 /    \      /    \  /    \   \
/      \____/      \/   ___\   \
\  /\   \   \      /\   \   \  /
 \/  \___\   \    /  \___\   \/
  \      /   /\  /       /   /
   \    /   /  \/___    /   /
    \   \   \       \  /   /
     \___\___\    ___\/___/
              \  /
               \/

solution 16:
3,1,1 3,2,0 4,1,0 4,1,1 5,0,1 5,1,0 S6
1,2,1 1,3,0 2,1,1 2,2,0 2,2,1 3,1,0 E6
2,3,0 2,3,1 2,4,0 3,2,1 3,3,0 4,2,0 P6
0,3,1 0,4,0 0,4,1 1,3,1 1,4,0 1,4,1 F6
0,5,0 0,5,1 0,6,0 0,6,1 1,6,0 1,6,1 C6
1,5,0 1,5,1 2,4,1 2,5,0 2,5,1 2,6,0 H6
2,6,1 2,7,0 3,6,0 3,6,1 4,6,0 4,6,1 J6
3,5,1 4,4,1 4,5,0 5,3,1 5,4,0 6,3,0 I6
4,5,1 5,4,1 5,5,0 5,5,1 5,6,0 6,5,0 X6
5,1,1 5,2,0 5,2,1 5,3,0 6,1,0 6,1,1 G6
6,2,0 6,2,1 7,1,0 7,1,1 7,2,0 7,2,1 V6
6,3,1 6,4,0 6,4,1 7,3,0 7,3,1 7,4,0 O6

               /\
      ________/  \________
     /       /\          /\
    /   ____/  \________/  \
   /   /       /\   \       \
  /___/___    /  \   \    ___\
 /       /\  /    \   \  /    \
/       /  \/      \   \/      \
\  /\  /    \      /\   \      /
 \/  \/___   \    /  \___\____/
  \      /\   \  /   /       /
   \    /  \___\/   /___    /
    \   \       \      /   /
     \___\____   \____/___/
              \  /
               \/

solution 17:
3,1,1 3,2,0 4,1,0 4,1,1 5,0,1 5,1,0 S6
1,2,1 1,3,0 2,1,1 2,2,0 2,2,1 3,1,0 E6
2,3,0 2,3,1 2,4,0 3,2,1 3,3,0 4,2,0 P6
0,3,1 0,4,0 0,4,1 1,3,1 1,4,0 1,4,1 F6
0,5,0 0,5,1 0,6,0 0,6,1 1,5,0 1,5,1 V6
1,6,0 1,6,1 2,4,1 2,5,0 2,5,1 2,6,0 G6
2,6,1 2,7,0 3,6,0 3,6,1 4,6,0 4,6,1 J6
3,5,1 4,4,1 4,5,0 5,3,1 5,4,0 6,3,0 I6
5,1,1 5,2,0 5,2,1 5,3,0 6,2,0 6,2,1 H6
6,1,0 6,1,1 7,1,0 7,1,1 7,2,0 7,2,1 C6
4,5,1 5,4,1 5,5,0 5,5,1 5,6,0 6,5,0 X6
6,3,1 6,4,0 6,4,1 7,3,0 7,3,1 7,4,0 O6

               /\
      ________/  \________
     /   /    \          /\
    /   /___   \________/  \
   /       /   /\   \       \
  /_______/   /  \   \    ___\
 /       /\  /    \   \  /    \
/       /  \/      \   \/      \
\  /\  /    \      /\   \      /
 \/  \/___   \    /  \___\____/
  \      /\   \  /       /   /
   \    /  \___\/   ____/   /
    \   \       \  /       /
     \___\____   \/_______/
              \  /
               \/

solution 18:
3,1,1 3,2,0 4,1,0 4,1,1 5,0,1 5,1,0 S6
1,2,1 1,3,0 2,1,1 2,2,0 2,2,1 3,1,0 E6
2,3,0 2,3,1 2,4,0 3,2,1 3,3,0 4,2,0 P6
0,3,1 0,4,0 0,4,1 0,5,0 1,3,1 1,4,0 V6
0,5,1 0,6,0 0,6,1 1,4,1 1,5,0 1,5,1 F6
1,6,0 1,6,1 2,4,1 2,5,0 2,5,1 2,6,0 G6
2,6,1 2,7,0 3,6,0 3,6,1 4,6,0 4,6,1 J6
3,5,1 4,4,1 4,5,0 5,3,1 5,4,0 6,3,0 I6
5,1,1 5,2,0 5,2,1 5,3,0 6,2,0 6,2,1 H6
6,1,0 6,1,1 7,1,0 7,1,1 7,2,0 7,2,1 C6
4,5,1 5,4,1 5,5,0 5,5,1 5,6,0 6,5,0 X6
6,3,1 6,4,0 6,4,1 7,3,0 7,3,1 7,4,0 O6

               /\
      ________/  \________
     /   /    \          /\
    /   /___   \________/  \
   /\      /   /\   \       \
  /  \    /   /  \   \    ___\
 /    \  /\  /    \   \  /    \
/      \/  \/      \   \/      \
\  /\  /    \      /\   \      /
 \/  \/___   \    /  \___\____/
  \      /\   \  /       /   /
   \    /  \___\/   ____/   /
    \   \       \  /       /
     \___\____   \/_______/
              \  /
               \/

solution 19:
3,1,1 3,2,0 4,1,0 4,1,1 5,0,1 5,1,0 S6
1,2,1 1,3,0 2,1,1 2,2,0 2,2,1 3,1,0 E6
2,3,0 2,3,1 2,4,0 3,2,1 3,3,0 4,2,0 P6
0,3,1 0,4,0 0,4,1 0,5,0 1,3,1 1,4,0 V6
0,5,1 0,6,0 0,6,1 1,4,1 1,5,0 1,6,0 G6
1,5,1 1,6,1 2,4,1 2,5,0 2,5,1 2,6,0 F6
2,6,1 2,7,0 3,6,0 3,6,1 4,6,0 4,6,1 J6
3,5,1 4,4,1 4,5,0 5,3,1 5,4,0 6,3,0 I6
5,1,1 5,2,0 5,2,1 5,3,0 6,2,0 6,2,1 H6
6,1,0 6,1,1 7,1,0 7,1,1 7,2,0 7,2,1 C6
4,5,1 5,4,1 5,5,0 5,5,1 5,6,0 6,5,0 X6
6,3,1 6,4,0 6,4,1 7,3,0 7,3,1 7,4,0 O6

               /\
      ________/  \________
     /    \   \          /\
    /   ___\   \________/  \
   /\   \      /\   \       \
  /  \   \    /  \   \    ___\
 /    \  /\  /    \   \  /    \
/      \/  \/      \   \/      \
\  /\  /    \      /\   \      /
 \/  \/___   \    /  \___\____/
  \      /\   \  /       /   /
   \    /  \___\/   ____/   /
    \   \       \  /       /
     \___\____   \/_______/
              \  /
               \/

19 solutions, 36,481 searches, duration 0:00:08.648865
