solving Hexiamonds4x12StackedHexagons:

solution 1:
5,00,1 5,01,0 5,01,1 6,00,0 6,00,1 6,01,0 O6
6,01,1 7,00,0 7,00,1 7,01,0 7,01,1 7,02,0 E6
4,01,1 4,02,0 4,02,1 4,03,0 4,03,1 5,03,0 J6
5,02,0 5,02,1 5,03,1 6,02,0 6,02,1 6,03,0 G6
2,08,1 3,07,1 3,08,0 4,06,1 4,07,0 5,06,0 I6
2,09,0 2,09,1 2,10,0 3,08,1 3,09,0 3,09,1 X6
0,11,1 1,11,0 1,11,1 2,10,1 2,11,0 3,10,0 C6
0,09,1 0,10,0 0,10,1 0,11,0 1,10,0 1,10,1 H6
1,08,1 1,09,0 1,09,1 2,07,0 2,07,1 2,08,0 S6
4,04,1 4,05,1 5,04,0 5,04,1 5,05,0 5,05,1 F6
2,05,1 3,04,1 3,05,0 3,05,1 4,04,0 4,05,0 V6
2,06,0 2,06,1 3,06,0 3,06,1 3,07,0 4,06,0 P6

    ________
   /\       \
  /  \____   \
 /       /\   \
/   ____/  \___\
\  /   /       /
 \/   /___    /
  \   \   \  /
   \   \   \/
   /   /\   \
  /___/  \   \
 /        \   \
/__________\___\
\       \      /
 \    ___\    /
  \   \      /
   \___\____/
   /    \   \
  /   ___\   \
 /   /       /\
/   /_______/  \
\  /    \      /
 \/      \    /
  \      /   /
   \____/___/


solution 2:
5,00,1 5,01,0 5,01,1 6,00,0 6,00,1 6,01,0 O6
6,01,1 7,00,0 7,00,1 7,01,0 7,01,1 7,02,0 E6
4,01,1 4,02,0 4,02,1 4,03,0 4,03,1 5,03,0 J6
5,02,0 5,02,1 5,03,1 6,02,0 6,02,1 6,03,0 G6
2,08,1 3,07,1 3,08,0 4,06,1 4,07,0 5,06,0 I6
2,09,0 2,09,1 2,10,0 3,08,1 3,09,0 3,09,1 X6
0,11,1 1,11,0 1,11,1 2,10,1 2,11,0 3,10,0 C6
0,09,1 0,10,0 0,10,1 0,11,0 1,10,0 1,10,1 H6
1,08,1 1,09,0 1,09,1 2,07,0 2,07,1 2,08,0 S6
4,05,0 4,05,1 5,04,0 5,04,1 5,05,0 5,05,1 V6
2,05,1 3,04,1 3,05,0 3,05,1 4,04,0 4,04,1 F6
2,06,0 2,06,1 3,06,0 3,06,1 3,07,0 4,06,0 P6

    ________
   /\       \
  /  \____   \
 /       /\   \
/   ____/  \___\
\  /   /       /
 \/   /___    /
  \   \   \  /
   \   \   \/
   /   /\   \
  /___/  \   \
 /        \   \
/__________\___\
\      /       /
 \    /___    /
  \      /   /
   \____/___/
   /    \   \
  /   ___\   \
 /   /       /\
/   /_______/  \
\  /    \      /
 \/      \    /
  \      /   /
   \____/___/


solution 3:
5,00,1 5,01,0 5,01,1 6,00,0 6,00,1 6,01,0 O6
6,01,1 7,00,0 7,00,1 7,01,0 7,01,1 7,02,0 E6
4,01,1 4,02,0 4,02,1 4,03,0 4,03,1 5,03,0 J6
5,02,0 5,02,1 5,03,1 6,02,0 6,02,1 6,03,0 G6
0,09,1 1,08,1 1,09,0 2,07,1 2,08,0 3,07,0 I6
0,10,0 0,10,1 0,11,0 0,11,1 1,10,0 1,11,0 F6
1,10,1 1,11,1 2,10,0 2,10,1 2,11,0 3,10,0 V6
1,09,1 2,08,1 2,09,0 2,09,1 3,09,0 3,09,1 P6
3,07,1 3,08,0 3,08,1 4,06,0 4,06,1 4,07,0 S6
4,05,0 4,05,1 5,04,1 5,05,0 5,05,1 5,06,0 H6
2,06,0 2,06,1 2,07,0 3,05,1 3,06,0 3,06,1 X6
2,05,1 3,04,1 3,05,0 4,04,0 4,04,1 5,04,0 C6

    ________
   /    \   \
  /   ___\   \
 /    \       \
/______\_______\
\   \          /
 \   \    ____/
  \   \  /   /
   \   \/   /
   /\   \   \
  /  \___\   \
 /       /   /\
/___    /___/  \
\   \  /       /
 \   \/___    /
  \       \  /
   \_______\/
   /    \   \
  /   ___\   \
 /   /       /\
/   /_______/  \
\  /    \      /
 \/      \    /
  \      /   /
   \____/___/


solution 4:
5,00,1 5,01,0 5,01,1 6,00,0 6,00,1 6,01,0 O6
6,01,1 7,00,0 7,00,1 7,01,0 7,01,1 7,02,0 E6
4,01,1 4,02,0 4,02,1 4,03,0 4,03,1 5,03,0 J6
5,02,0 5,02,1 5,03,1 6,02,0 6,02,1 6,03,0 G6
0,09,1 1,08,1 1,09,0 2,07,1 2,08,0 3,07,0 I6
0,10,0 0,10,1 0,11,0 0,11,1 1,10,0 1,10,1 V6
1,11,0 1,11,1 2,10,0 2,10,1 2,11,0 3,10,0 F6
1,09,1 2,08,1 2,09,0 2,09,1 3,09,0 3,09,1 P6
3,07,1 3,08,0 3,08,1 4,06,0 4,06,1 4,07,0 S6
4,05,0 4,05,1 5,04,1 5,05,0 5,05,1 5,06,0 H6
2,06,0 2,06,1 2,07,0 3,05,1 3,06,0 3,06,1 X6
2,05,1 3,04,1 3,05,0 4,04,0 4,04,1 5,04,0 C6

    ________
   /   /    \
  /   /___   \
 /       /    \
/_______/______\
\   \          /
 \   \    ____/
  \   \  /   /
   \   \/   /
   /\   \   \
  /  \___\   \
 /       /   /\
/___    /___/  \
\   \  /       /
 \   \/___    /
  \       \  /
   \_______\/
   /    \   \
  /   ___\   \
 /   /       /\
/   /_______/  \
\  /    \      /
 \/      \    /
  \      /   /
   \____/___/


solution 5:
5,00,1 5,01,0 5,01,1 6,00,0 6,00,1 6,01,0 O6
6,02,1 7,00,0 7,00,1 7,01,0 7,01,1 7,02,0 J6
4,01,1 4,02,0 4,02,1 4,03,0 4,03,1 5,02,0 E6
5,02,1 5,03,0 5,03,1 6,01,1 6,02,0 6,03,0 G6
2,08,1 3,07,1 3,08,0 4,06,1 4,07,0 5,06,0 I6
2,09,0 2,09,1 2,10,0 3,08,1 3,09,0 3,09,1 X6
0,11,1 1,11,0 1,11,1 2,10,1 2,11,0 3,10,0 C6
0,09,1 0,10,0 0,10,1 0,11,0 1,10,0 1,10,1 H6
1,08,1 1,09,0 1,09,1 2,07,0 2,07,1 2,08,0 S6
4,04,1 4,05,1 5,04,0 5,04,1 5,05,0 5,05,1 F6
2,05,1 3,04,1 3,05,0 3,05,1 4,04,0 4,05,0 V6
2,06,0 2,06,1 3,06,0 3,06,1 3,07,0 4,06,0 P6

    ________
   /\       \
  /  \____   \
 /       /\   \
/   ____/  \___\
\  /   /       /
 \/   /___    /
  \   \   \  /
   \   \   \/
   /   /\   \
  /___/  \   \
 /        \   \
/__________\___\
\       \      /
 \    ___\    /
  \   \      /
   \___\____/
   /   /    \
  /   /   ___\
 /    \   \   \
/   ___\   \   \
\  /    \  /   /
 \/      \/   /
  \      /   /
   \____/___/


solution 6:
5,00,1 5,01,0 5,01,1 6,00,0 6,00,1 6,01,0 O6
6,02,1 7,00,0 7,00,1 7,01,0 7,01,1 7,02,0 J6
4,01,1 4,02,0 4,02,1 4,03,0 4,03,1 5,02,0 E6
5,02,1 5,03,0 5,03,1 6,01,1 6,02,0 6,03,0 G6
2,08,1 3,07,1 3,08,0 4,06,1 4,07,0 5,06,0 I6
2,09,0 2,09,1 2,10,0 3,08,1 3,09,0 3,09,1 X6
0,11,1 1,11,0 1,11,1 2,10,1 2,11,0 3,10,0 C6
0,09,1 0,10,0 0,10,1 0,11,0 1,10,0 1,10,1 H6
1,08,1 1,09,0 1,09,1 2,07,0 2,07,1 2,08,0 S6
4,05,0 4,05,1 5,04,0 5,04,1 5,05,0 5,05,1 V6
2,05,1 3,04,1 3,05,0 3,05,1 4,04,0 4,04,1 F6
2,06,0 2,06,1 3,06,0 3,06,1 3,07,0 4,06,0 P6

    ________
   /\       \
  /  \____   \
 /       /\   \
/   ____/  \___\
\  /   /       /
 \/   /___    /
  \   \   \  /
   \   \   \/
   /   /\   \
  /___/  \   \
 /        \   \
/__________\___\
\      /       /
 \    /___    /
  \      /   /
   \____/___/
   /   /    \
  /   /   ___\
 /    \   \   \
/   ___\   \   \
\  /    \  /   /
 \/      \/   /
  \      /   /
   \____/___/


solution 7:
5,00,1 5,01,0 5,01,1 6,00,0 6,00,1 6,01,0 O6
6,02,1 7,00,0 7,00,1 7,01,0 7,01,1 7,02,0 J6
4,01,1 4,02,0 4,02,1 4,03,0 4,03,1 5,02,0 E6
5,02,1 5,03,0 5,03,1 6,01,1 6,02,0 6,03,0 G6
0,09,1 1,08,1 1,09,0 2,07,1 2,08,0 3,07,0 I6
0,10,0 0,10,1 0,11,0 0,11,1 1,10,0 1,11,0 F6
1,10,1 1,11,1 2,10,0 2,10,1 2,11,0 3,10,0 V6
1,09,1 2,08,1 2,09,0 2,09,1 3,09,0 3,09,1 P6
3,07,1 3,08,0 3,08,1 4,06,0 4,06,1 4,07,0 S6
4,05,0 4,05,1 5,04,1 5,05,0 5,05,1 5,06,0 H6
2,06,0 2,06,1 2,07,0 3,05,1 3,06,0 3,06,1 X6
2,05,1 3,04,1 3,05,0 4,04,0 4,04,1 5,04,0 C6

    ________
   /    \   \
  /   ___\   \
 /    \       \
/______\_______\
\   \          /
 \   \    ____/
  \   \  /   /
   \   \/   /
   /\   \   \
  /  \___\   \
 /       /   /\
/___    /___/  \
\   \  /       /
 \   \/___    /
  \       \  /
   \_______\/
   /   /    \
  /   /   ___\
 /    \   \   \
/   ___\   \   \
\  /    \  /   /
 \/      \/   /
  \      /   /
   \____/___/


solution 8:
5,00,1 5,01,0 5,01,1 6,00,0 6,00,1 6,01,0 O6
6,02,1 7,00,0 7,00,1 7,01,0 7,01,1 7,02,0 J6
4,01,1 4,02,0 4,02,1 4,03,0 4,03,1 5,02,0 E6
5,02,1 5,03,0 5,03,1 6,01,1 6,02,0 6,03,0 G6
0,09,1 1,08,1 1,09,0 2,07,1 2,08,0 3,07,0 I6
0,10,0 0,10,1 0,11,0 0,11,1 1,10,0 1,10,1 V6
1,11,0 1,11,1 2,10,0 2,10,1 2,11,0 3,10,0 F6
1,09,1 2,08,1 2,09,0 2,09,1 3,09,0 3,09,1 P6
3,07,1 3,08,0 3,08,1 4,06,0 4,06,1 4,07,0 S6
4,05,0 4,05,1 5,04,1 5,05,0 5,05,1 5,06,0 H6
2,06,0 2,06,1 2,07,0 3,05,1 3,06,0 3,06,1 X6
2,05,1 3,04,1 3,05,0 4,04,0 4,04,1 5,04,0 C6

    ________
   /   /    \
  /   /___   \
 /       /    \
/_______/______\
\   \          /
 \   \    ____/
  \   \  /   /
   \   \/   /
   /\   \   \
  /  \___\   \
 /       /   /\
/___    /___/  \
\   \  /       /
 \   \/___    /
  \       \  /
   \_______\/
   /   /    \
  /   /   ___\
 /    \   \   \
/   ___\   \   \
\  /    \  /   /
 \/      \/   /
  \      /   /
   \____/___/


solution 9:
6,00,1 6,01,0 6,01,1 7,00,0 7,00,1 7,01,0 O6
4,01,1 4,02,0 5,00,1 5,01,0 5,01,1 6,00,0 E6
5,03,0 5,03,1 6,02,1 6,03,0 7,01,1 7,02,0 J6
4,02,1 4,03,0 4,03,1 5,02,0 5,02,1 6,02,0 G6
2,08,1 3,07,1 3,08,0 4,06,1 4,07,0 5,06,0 I6
2,09,0 2,09,1 2,10,0 3,08,1 3,09,0 3,09,1 X6
0,11,1 1,11,0 1,11,1 2,10,1 2,11,0 3,10,0 C6
0,09,1 0,10,0 0,10,1 0,11,0 1,10,0 1,10,1 H6
1,08,1 1,09,0 1,09,1 2,07,0 2,07,1 2,08,0 S6
4,04,1 4,05,1 5,04,0 5,04,1 5,05,0 5,05,1 F6
2,05,1 3,04,1 3,05,0 3,05,1 4,04,0 4,05,0 V6
2,06,0 2,06,1 3,06,0 3,06,1 3,07,0 4,06,0 P6

    ________
   /\       \
  /  \____   \
 /       /\   \
/   ____/  \___\
\  /   /       /
 \/   /___    /
  \   \   \  /
   \   \   \/
   /   /\   \
  /___/  \   \
 /        \   \
/__________\___\
\       \      /
 \    ___\    /
  \   \      /
   \___\____/
   /   /    \
  /   /___   \
 /\       \   \
/  \_______\   \
\      /    \  /
 \    /      \/
  \   \      /
   \___\____/


solution 10:
6,00,1 6,01,0 6,01,1 7,00,0 7,00,1 7,01,0 O6
4,01,1 4,02,0 5,00,1 5,01,0 5,01,1 6,00,0 E6
5,03,0 5,03,1 6,02,1 6,03,0 7,01,1 7,02,0 J6
4,02,1 4,03,0 4,03,1 5,02,0 5,02,1 6,02,0 G6
2,08,1 3,07,1 3,08,0 4,06,1 4,07,0 5,06,0 I6
2,09,0 2,09,1 2,10,0 3,08,1 3,09,0 3,09,1 X6
0,11,1 1,11,0 1,11,1 2,10,1 2,11,0 3,10,0 C6
0,09,1 0,10,0 0,10,1 0,11,0 1,10,0 1,10,1 H6
1,08,1 1,09,0 1,09,1 2,07,0 2,07,1 2,08,0 S6
4,05,0 4,05,1 5,04,0 5,04,1 5,05,0 5,05,1 V6
2,05,1 3,04,1 3,05,0 3,05,1 4,04,0 4,04,1 F6
2,06,0 2,06,1 3,06,0 3,06,1 3,07,0 4,06,0 P6

    ________
   /\       \
  /  \____   \
 /       /\   \
/   ____/  \___\
\  /   /       /
 \/   /___    /
  \   \   \  /
   \   \   \/
   /   /\   \
  /___/  \   \
 /        \   \
/__________\___\
\      /       /
 \    /___    /
  \      /   /
   \____/___/
   /   /    \
  /   /___   \
 /\       \   \
/  \_______\   \
\      /    \  /
 \    /      \/
  \   \      /
   \___\____/


solution 11:
6,00,1 6,01,0 6,01,1 7,00,0 7,00,1 7,01,0 O6
4,01,1 4,02,0 5,00,1 5,01,0 5,01,1 6,00,0 E6
5,03,0 5,03,1 6,02,1 6,03,0 7,01,1 7,02,0 J6
4,02,1 4,03,0 4,03,1 5,02,0 5,02,1 6,02,0 G6
0,09,1 1,08,1 1,09,0 2,07,1 2,08,0 3,07,0 I6
0,10,0 0,10,1 0,11,0 0,11,1 1,10,0 1,11,0 F6
1,10,1 1,11,1 2,10,0 2,10,1 2,11,0 3,10,0 V6
1,09,1 2,08,1 2,09,0 2,09,1 3,09,0 3,09,1 P6
3,07,1 3,08,0 3,08,1 4,06,0 4,06,1 4,07,0 S6
4,05,0 4,05,1 5,04,1 5,05,0 5,05,1 5,06,0 H6
2,06,0 2,06,1 2,07,0 3,05,1 3,06,0 3,06,1 X6
2,05,1 3,04,1 3,05,0 4,04,0 4,04,1 5,04,0 C6

    ________
   /    \   \
  /   ___\   \
 /    \       \
/______\_______\
\   \          /
 \   \    ____/
  \   \  /   /
   \   \/   /
   /\   \   \
  /  \___\   \
 /       /   /\
/___    /___/  \
\   \  /       /
 \   \/___    /
  \       \  /
   \_______\/
   /   /    \
  /   /___   \
 /\       \   \
/  \_______\   \
\      /    \  /
 \    /      \/
  \   \      /
   \___\____/


solution 12:
6,00,1 6,01,0 6,01,1 7,00,0 7,00,1 7,01,0 O6
4,01,1 4,02,0 5,00,1 5,01,0 5,01,1 6,00,0 E6
5,03,0 5,03,1 6,02,1 6,03,0 7,01,1 7,02,0 J6
4,02,1 4,03,0 4,03,1 5,02,0 5,02,1 6,02,0 G6
0,09,1 1,08,1 1,09,0 2,07,1 2,08,0 3,07,0 I6
0,10,0 0,10,1 0,11,0 0,11,1 1,10,0 1,10,1 V6
1,11,0 1,11,1 2,10,0 2,10,1 2,11,0 3,10,0 F6
1,09,1 2,08,1 2,09,0 2,09,1 3,09,0 3,09,1 P6
3,07,1 3,08,0 3,08,1 4,06,0 4,06,1 4,07,0 S6
4,05,0 4,05,1 5,04,1 5,05,0 5,05,1 5,06,0 H6
2,06,0 2,06,1 2,07,0 3,05,1 3,06,0 3,06,1 X6
2,05,1 3,04,1 3,05,0 4,04,0 4,04,1 5,04,0 C6

    ________
   /   /    \
  /   /___   \
 /       /    \
/_______/______\
\   \          /
 \   \    ____/
  \   \  /   /
   \   \/   /
   /\   \   \
  /  \___\   \
 /       /   /\
/___    /___/  \
\   \  /       /
 \   \/___    /
  \       \  /
   \_______\/
   /   /    \
  /   /___   \
 /\       \   \
/  \_______\   \
\      /    \  /
 \    /      \/
  \   \      /
   \___\____/


solution 13:
6,00,1 6,01,0 6,01,1 7,00,0 7,00,1 7,01,0 O6
4,01,1 4,02,0 4,02,1 5,00,1 5,01,0 6,00,0 J6
5,03,1 6,02,0 6,02,1 6,03,0 7,01,1 7,02,0 E6
4,03,0 4,03,1 5,01,1 5,02,0 5,02,1 5,03,0 G6
2,08,1 3,07,1 3,08,0 4,06,1 4,07,0 5,06,0 I6
2,09,0 2,09,1 2,10,0 3,08,1 3,09,0 3,09,1 X6
0,11,1 1,11,0 1,11,1 2,10,1 2,11,0 3,10,0 C6
0,09,1 0,10,0 0,10,1 0,11,0 1,10,0 1,10,1 H6
1,08,1 1,09,0 1,09,1 2,07,0 2,07,1 2,08,0 S6
4,04,1 4,05,1 5,04,0 5,04,1 5,05,0 5,05,1 F6
2,05,1 3,04,1 3,05,0 3,05,1 4,04,0 4,05,0 V6
2,06,0 2,06,1 3,06,0 3,06,1 3,07,0 4,06,0 P6

    ________
   /\       \
  /  \____   \
 /       /\   \
/   ____/  \___\
\  /   /       /
 \/   /___    /
  \   \   \  /
   \   \   \/
   /   /\   \
  /___/  \   \
 /        \   \
/__________\___\
\       \      /
 \    ___\    /
  \   \      /
   \___\____/
   /    \   \
  /___   \   \
 /   /   /    \
/   /   /___   \
\   \  /    \  /
 \   \/      \/
  \   \      /
   \___\____/


solution 14:
6,00,1 6,01,0 6,01,1 7,00,0 7,00,1 7,01,0 O6
4,01,1 4,02,0 4,02,1 5,00,1 5,01,0 6,00,0 J6
5,03,1 6,02,0 6,02,1 6,03,0 7,01,1 7,02,0 E6
4,03,0 4,03,1 5,01,1 5,02,0 5,02,1 5,03,0 G6
2,08,1 3,07,1 3,08,0 4,06,1 4,07,0 5,06,0 I6
2,09,0 2,09,1 2,10,0 3,08,1 3,09,0 3,09,1 X6
0,11,1 1,11,0 1,11,1 2,10,1 2,11,0 3,10,0 C6
0,09,1 0,10,0 0,10,1 0,11,0 1,10,0 1,10,1 H6
1,08,1 1,09,0 1,09,1 2,07,0 2,07,1 2,08,0 S6
4,05,0 4,05,1 5,04,0 5,04,1 5,05,0 5,05,1 V6
2,05,1 3,04,1 3,05,0 3,05,1 4,04,0 4,04,1 F6
2,06,0 2,06,1 3,06,0 3,06,1 3,07,0 4,06,0 P6

    ________
   /\       \
  /  \____   \
 /       /\   \
/   ____/  \___\
\  /   /       /
 \/   /___    /
  \   \   \  /
   \   \   \/
   /   /\   \
  /___/  \   \
 /        \   \
/__________\___\
\      /       /
 \    /___    /
  \      /   /
   \____/___/
   /    \   \
  /___   \   \
 /   /   /    \
/   /   /___   \
\   \  /    \  /
 \   \/      \/
  \   \      /
   \___\____/


solution 15:
6,00,1 6,01,0 6,01,1 7,00,0 7,00,1 7,01,0 O6
4,01,1 4,02,0 4,02,1 5,00,1 5,01,0 6,00,0 J6
5,03,1 6,02,0 6,02,1 6,03,0 7,01,1 7,02,0 E6
4,03,0 4,03,1 5,01,1 5,02,0 5,02,1 5,03,0 G6
0,09,1 1,08,1 1,09,0 2,07,1 2,08,0 3,07,0 I6
0,10,0 0,10,1 0,11,0 0,11,1 1,10,0 1,11,0 F6
1,10,1 1,11,1 2,10,0 2,10,1 2,11,0 3,10,0 V6
1,09,1 2,08,1 2,09,0 2,09,1 3,09,0 3,09,1 P6
3,07,1 3,08,0 3,08,1 4,06,0 4,06,1 4,07,0 S6
4,05,0 4,05,1 5,04,1 5,05,0 5,05,1 5,06,0 H6
2,06,0 2,06,1 2,07,0 3,05,1 3,06,0 3,06,1 X6
2,05,1 3,04,1 3,05,0 4,04,0 4,04,1 5,04,0 C6

    ________
   /    \   \
  /   ___\   \
 /    \       \
/______\_______\
\   \          /
 \   \    ____/
  \   \  /   /
   \   \/   /
   /\   \   \
  /  \___\   \
 /       /   /\
/___    /___/  \
\   \  /       /
 \   \/___    /
  \       \  /
   \_______\/
   /    \   \
  /___   \   \
 /   /   /    \
/   /   /___   \
\   \  /    \  /
 \   \/      \/
  \   \      /
   \___\____/


solution 16:
6,00,1 6,01,0 6,01,1 7,00,0 7,00,1 7,01,0 O6
4,01,1 4,02,0 4,02,1 5,00,1 5,01,0 6,00,0 J6
5,03,1 6,02,0 6,02,1 6,03,0 7,01,1 7,02,0 E6
4,03,0 4,03,1 5,01,1 5,02,0 5,02,1 5,03,0 G6
0,09,1 1,08,1 1,09,0 2,07,1 2,08,0 3,07,0 I6
0,10,0 0,10,1 0,11,0 0,11,1 1,10,0 1,10,1 V6
1,11,0 1,11,1 2,10,0 2,10,1 2,11,0 3,10,0 F6
1,09,1 2,08,1 2,09,0 2,09,1 3,09,0 3,09,1 P6
3,07,1 3,08,0 3,08,1 4,06,0 4,06,1 4,07,0 S6
4,05,0 4,05,1 5,04,1 5,05,0 5,05,1 5,06,0 H6
2,06,0 2,06,1 2,07,0 3,05,1 3,06,0 3,06,1 X6
2,05,1 3,04,1 3,05,0 4,04,0 4,04,1 5,04,0 C6

    ________
   /   /    \
  /   /___   \
 /       /    \
/_______/______\
\   \          /
 \   \    ____/
  \   \  /   /
   \   \/   /
   /\   \   \
  /  \___\   \
 /       /   /\
/___    /___/  \
\   \  /       /
 \   \/___    /
  \       \  /
   \_______\/
   /    \   \
  /___   \   \
 /   /   /    \
/   /   /___   \
\   \  /    \  /
 \   \/      \/
  \   \      /
   \___\____/


solution 17:
4,01,1 4,02,0 4,02,1 5,01,0 5,01,1 5,02,0 O6
5,00,1 6,00,0 6,00,1 6,01,0 7,00,0 7,00,1 E6
5,02,1 6,01,1 6,02,0 7,01,0 7,01,1 7,02,0 G6
4,03,0 4,03,1 5,03,0 5,03,1 6,02,1 6,03,0 J6
2,08,1 3,07,1 3,08,0 4,06,1 4,07,0 5,06,0 I6
2,09,0 2,09,1 2,10,0 3,08,1 3,09,0 3,09,1 X6
0,11,1 1,11,0 1,11,1 2,10,1 2,11,0 3,10,0 C6
0,09,1 0,10,0 0,10,1 0,11,0 1,10,0 1,10,1 H6
1,08,1 1,09,0 1,09,1 2,07,0 2,07,1 2,08,0 S6
4,04,1 4,05,1 5,04,0 5,04,1 5,05,0 5,05,1 F6
2,05,1 3,04,1 3,05,0 3,05,1 4,04,0 4,05,0 V6
2,06,0 2,06,1 3,06,0 3,06,1 3,07,0 4,06,0 P6

    ________
   /\       \
  /  \____   \
 /       /\   \
/   ____/  \___\
\  /   /       /
 \/   /___    /
  \   \   \  /
   \   \   \/
   /   /\   \
  /___/  \   \
 /        \   \
/__________\___\
\       \      /
 \    ___\    /
  \   \      /
   \___\____/
   /        \
  /_______   \
 /    \   \  /\
/      \   \/  \
\      /\      /
 \____/  \____/
  \          /
   \________/


solution 18:
4,01,1 4,02,0 4,02,1 5,01,0 5,01,1 5,02,0 O6
5,00,1 6,00,0 6,00,1 6,01,0 7,00,0 7,00,1 E6
5,02,1 6,01,1 6,02,0 7,01,0 7,01,1 7,02,0 G6
4,03,0 4,03,1 5,03,0 5,03,1 6,02,1 6,03,0 J6
2,08,1 3,07,1 3,08,0 4,06,1 4,07,0 5,06,0 I6
2,09,0 2,09,1 2,10,0 3,08,1 3,09,0 3,09,1 X6
0,11,1 1,11,0 1,11,1 2,10,1 2,11,0 3,10,0 C6
0,09,1 0,10,0 0,10,1 0,11,0 1,10,0 1,10,1 H6
1,08,1 1,09,0 1,09,1 2,07,0 2,07,1 2,08,0 S6
4,05,0 4,05,1 5,04,0 5,04,1 5,05,0 5,05,1 V6
2,05,1 3,04,1 3,05,0 3,05,1 4,04,0 4,04,1 F6
2,06,0 2,06,1 3,06,0 3,06,1 3,07,0 4,06,0 P6

    ________
   /\       \
  /  \____   \
 /       /\   \
/   ____/  \___\
\  /   /       /
 \/   /___    /
  \   \   \  /
   \   \   \/
   /   /\   \
  /___/  \   \
 /        \   \
/__________\___\
\      /       /
 \    /___    /
  \      /   /
   \____/___/
   /        \
  /_______   \
 /    \   \  /\
/      \   \/  \
\      /\      /
 \____/  \____/
  \          /
   \________/


solution 19:
4,01,1 4,02,0 4,02,1 5,01,0 5,01,1 5,02,0 O6
5,00,1 6,00,0 6,00,1 6,01,0 7,00,0 7,00,1 E6
5,02,1 6,01,1 6,02,0 7,01,0 7,01,1 7,02,0 G6
4,03,0 4,03,1 5,03,0 5,03,1 6,02,1 6,03,0 J6
0,09,1 1,08,1 1,09,0 2,07,1 2,08,0 3,07,0 I6
0,10,0 0,10,1 0,11,0 0,11,1 1,10,0 1,11,0 F6
1,10,1 1,11,1 2,10,0 2,10,1 2,11,0 3,10,0 V6
1,09,1 2,08,1 2,09,0 2,09,1 3,09,0 3,09,1 P6
3,07,1 3,08,0 3,08,1 4,06,0 4,06,1 4,07,0 S6
4,05,0 4,05,1 5,04,1 5,05,0 5,05,1 5,06,0 H6
2,06,0 2,06,1 2,07,0 3,05,1 3,06,0 3,06,1 X6
2,05,1 3,04,1 3,05,0 4,04,0 4,04,1 5,04,0 C6

    ________
   /    \   \
  /   ___\   \
 /    \       \
/______\_______\
\   \          /
 \   \    ____/
  \   \  /   /
   \   \/   /
   /\   \   \
  /  \___\   \
 /       /   /\
/___    /___/  \
\   \  /       /
 \   \/___    /
  \       \  /
   \_______\/
   /        \
  /_______   \
 /    \   \  /\
/      \   \/  \
\      /\      /
 \____/  \____/
  \          /
   \________/


solution 20:
4,01,1 4,02,0 4,02,1 5,01,0 5,01,1 5,02,0 O6
5,00,1 6,00,0 6,00,1 6,01,0 7,00,0 7,00,1 E6
5,02,1 6,01,1 6,02,0 7,01,0 7,01,1 7,02,0 G6
4,03,0 4,03,1 5,03,0 5,03,1 6,02,1 6,03,0 J6
0,09,1 1,08,1 1,09,0 2,07,1 2,08,0 3,07,0 I6
0,10,0 0,10,1 0,11,0 0,11,1 1,10,0 1,10,1 V6
1,11,0 1,11,1 2,10,0 2,10,1 2,11,0 3,10,0 F6
1,09,1 2,08,1 2,09,0 2,09,1 3,09,0 3,09,1 P6
3,07,1 3,08,0 3,08,1 4,06,0 4,06,1 4,07,0 S6
4,05,0 4,05,1 5,04,1 5,05,0 5,05,1 5,06,0 H6
2,06,0 2,06,1 2,07,0 3,05,1 3,06,0 3,06,1 X6
2,05,1 3,04,1 3,05,0 4,04,0 4,04,1 5,04,0 C6

    ________
   /   /    \
  /   /___   \
 /       /    \
/_______/______\
\   \          /
 \   \    ____/
  \   \  /   /
   \   \/   /
   /\   \   \
  /  \___\   \
 /       /   /\
/___    /___/  \
\   \  /       /
 \   \/___    /
  \       \  /
   \_______\/
   /        \
  /_______   \
 /    \   \  /\
/      \   \/  \
\      /\      /
 \____/  \____/
  \          /
   \________/


solution 21:
4,01,1 4,02,0 4,02,1 5,01,0 5,01,1 5,02,0 O6
5,00,1 6,00,0 6,00,1 7,00,0 7,00,1 7,01,0 J6
6,01,0 6,01,1 6,02,0 6,02,1 7,01,1 7,02,0 G6
4,03,0 4,03,1 5,02,1 5,03,0 5,03,1 6,03,0 E6
2,08,1 3,07,1 3,08,0 4,06,1 4,07,0 5,06,0 I6
2,09,0 2,09,1 2,10,0 3,08,1 3,09,0 3,09,1 X6
0,11,1 1,11,0 1,11,1 2,10,1 2,11,0 3,10,0 C6
0,09,1 0,10,0 0,10,1 0,11,0 1,10,0 1,10,1 H6
1,08,1 1,09,0 1,09,1 2,07,0 2,07,1 2,08,0 S6
4,04,1 4,05,1 5,04,0 5,04,1 5,05,0 5,05,1 F6
2,05,1 3,04,1 3,05,0 3,05,1 4,04,0 4,05,0 V6
2,06,0 2,06,1 3,06,0 3,06,1 3,07,0 4,06,0 P6

    ________
   /\       \
  /  \____   \
 /       /\   \
/   ____/  \___\
\  /   /       /
 \/   /___    /
  \   \   \  /
   \   \   \/
   /   /\   \
  /___/  \   \
 /        \   \
/__________\___\
\       \      /
 \    ___\    /
  \   \      /
   \___\____/
   /        \
  /___    ___\
 /    \  /    \
/      \/      \
\      /   /\  /
 \____/___/  \/
  \          /
   \________/


solution 22:
4,01,1 4,02,0 4,02,1 5,01,0 5,01,1 5,02,0 O6
5,00,1 6,00,0 6,00,1 7,00,0 7,00,1 7,01,0 J6
6,01,0 6,01,1 6,02,0 6,02,1 7,01,1 7,02,0 G6
4,03,0 4,03,1 5,02,1 5,03,0 5,03,1 6,03,0 E6
2,08,1 3,07,1 3,08,0 4,06,1 4,07,0 5,06,0 I6
2,09,0 2,09,1 2,10,0 3,08,1 3,09,0 3,09,1 X6
0,11,1 1,11,0 1,11,1 2,10,1 2,11,0 3,10,0 C6
0,09,1 0,10,0 0,10,1 0,11,0 1,10,0 1,10,1 H6
1,08,1 1,09,0 1,09,1 2,07,0 2,07,1 2,08,0 S6
4,05,0 4,05,1 5,04,0 5,04,1 5,05,0 5,05,1 V6
2,05,1 3,04,1 3,05,0 3,05,1 4,04,0 4,04,1 F6
2,06,0 2,06,1 3,06,0 3,06,1 3,07,0 4,06,0 P6

    ________
   /\       \
  /  \____   \
 /       /\   \
/   ____/  \___\
\  /   /       /
 \/   /___    /
  \   \   \  /
   \   \   \/
   /   /\   \
  /___/  \   \
 /        \   \
/__________\___\
\      /       /
 \    /___    /
  \      /   /
   \____/___/
   /        \
  /___    ___\
 /    \  /    \
/      \/      \
\      /   /\  /
 \____/___/  \/
  \          /
   \________/


solution 23:
4,01,1 4,02,0 4,02,1 5,01,0 5,01,1 5,02,0 O6
5,00,1 6,00,0 6,00,1 7,00,0 7,00,1 7,01,0 J6
6,01,0 6,01,1 6,02,0 6,02,1 7,01,1 7,02,0 G6
4,03,0 4,03,1 5,02,1 5,03,0 5,03,1 6,03,0 E6
0,09,1 1,08,1 1,09,0 2,07,1 2,08,0 3,07,0 I6
0,10,0 0,10,1 0,11,0 0,11,1 1,10,0 1,11,0 F6
1,10,1 1,11,1 2,10,0 2,10,1 2,11,0 3,10,0 V6
1,09,1 2,08,1 2,09,0 2,09,1 3,09,0 3,09,1 P6
3,07,1 3,08,0 3,08,1 4,06,0 4,06,1 4,07,0 S6
4,05,0 4,05,1 5,04,1 5,05,0 5,05,1 5,06,0 H6
2,06,0 2,06,1 2,07,0 3,05,1 3,06,0 3,06,1 X6
2,05,1 3,04,1 3,05,0 4,04,0 4,04,1 5,04,0 C6

    ________
   /    \   \
  /   ___\   \
 /    \       \
/______\_______\
\   \          /
 \   \    ____/
  \   \  /   /
   \   \/   /
   /\   \   \
  /  \___\   \
 /       /   /\
/___    /___/  \
\   \  /       /
 \   \/___    /
  \       \  /
   \_______\/
   /        \
  /___    ___\
 /    \  /    \
/      \/      \
\      /   /\  /
 \____/___/  \/
  \          /
   \________/


solution 24:
4,01,1 4,02,0 4,02,1 5,01,0 5,01,1 5,02,0 O6
5,00,1 6,00,0 6,00,1 7,00,0 7,00,1 7,01,0 J6
6,01,0 6,01,1 6,02,0 6,02,1 7,01,1 7,02,0 G6
4,03,0 4,03,1 5,02,1 5,03,0 5,03,1 6,03,0 E6
0,09,1 1,08,1 1,09,0 2,07,1 2,08,0 3,07,0 I6
0,10,0 0,10,1 0,11,0 0,11,1 1,10,0 1,10,1 V6
1,11,0 1,11,1 2,10,0 2,10,1 2,11,0 3,10,0 F6
1,09,1 2,08,1 2,09,0 2,09,1 3,09,0 3,09,1 P6
3,07,1 3,08,0 3,08,1 4,06,0 4,06,1 4,07,0 S6
4,05,0 4,05,1 5,04,1 5,05,0 5,05,1 5,06,0 H6
2,06,0 2,06,1 2,07,0 3,05,1 3,06,0 3,06,1 X6
2,05,1 3,04,1 3,05,0 4,04,0 4,04,1 5,04,0 C6

    ________
   /   /    \
  /   /___   \
 /       /    \
/_______/______\
\   \          /
 \   \    ____/
  \   \  /   /
   \   \/   /
   /\   \   \
  /  \___\   \
 /       /   /\
/___    /___/  \
\   \  /       /
 \   \/___    /
  \       \  /
   \_______\/
   /        \
  /___    ___\
 /    \  /    \
/      \/      \
\      /   /\  /
 \____/___/  \/
  \          /
   \________/


solution 25:
6,01,1 6,02,0 6,02,1 7,01,0 7,01,1 7,02,0 O6
5,00,1 6,00,0 6,00,1 6,01,0 7,00,0 7,00,1 E6
4,01,1 4,02,0 5,01,0 5,01,1 5,02,0 5,02,1 G6
3,04,1 3,05,0 4,02,1 4,03,0 4,03,1 4,04,0 C6
2,05,1 2,06,0 2,06,1 2,07,0 3,06,0 3,06,1 H6
4,04,1 5,03,0 5,03,1 5,04,0 5,04,1 6,03,0 X6
3,05,1 4,05,0 4,05,1 5,05,0 5,05,1 5,06,0 J6
3,07,1 3,08,0 3,08,1 4,06,0 4,06,1 4,07,0 S6
0,09,1 1,08,1 1,09,0 2,07,1 2,08,0 3,07,0 I6
0,10,0 0,10,1 0,11,0 0,11,1 1,10,0 1,11,0 F6
1,10,1 1,11,1 2,10,0 2,10,1 2,11,0 3,10,0 V6
1,09,1 2,08,1 2,09,0 2,09,1 3,09,0 3,09,1 P6

    ________
   /    \   \
  /   ___\   \
 /    \       \
/______\_______\
\   \          /
 \   \    ____/
  \   \  /   /
   \   \/   /
   /\   \   \
  /  \___\   \
 /       /   /\
/   ____/___/  \
\  /\          /
 \/  \________/
  \   \      /
   \   \    /
   /   /    \
  /   /______\
 /\  /   /    \
/  \/   /      \
\      /\      /
 \____/  \____/
  \          /
   \________/


solution 26:
6,01,1 6,02,0 6,02,1 7,01,0 7,01,1 7,02,0 O6
5,00,1 6,00,0 6,00,1 6,01,0 7,00,0 7,00,1 E6
4,01,1 4,02,0 5,01,0 5,01,1 5,02,0 5,02,1 G6
3,04,1 3,05,0 4,02,1 4,03,0 4,03,1 4,04,0 C6
2,05,1 2,06,0 2,06,1 2,07,0 3,06,0 3,06,1 H6
4,04,1 5,03,0 5,03,1 5,04,0 5,04,1 6,03,0 X6
3,05,1 4,05,0 4,05,1 5,05,0 5,05,1 5,06,0 J6
3,07,1 3,08,0 3,08,1 4,06,0 4,06,1 4,07,0 S6
0,09,1 1,08,1 1,09,0 2,07,1 2,08,0 3,07,0 I6
0,10,0 0,10,1 0,11,0 0,11,1 1,10,0 1,10,1 V6
1,11,0 1,11,1 2,10,0 2,10,1 2,11,0 3,10,0 F6
1,09,1 2,08,1 2,09,0 2,09,1 3,09,0 3,09,1 P6

    ________
   /   /    \
  /   /___   \
 /       /    \
/_______/______\
\   \          /
 \   \    ____/
  \   \  /   /
   \   \/   /
   /\   \   \
  /  \___\   \
 /       /   /\
/   ____/___/  \
\  /\          /
 \/  \________/
  \   \      /
   \   \    /
   /   /    \
  /   /______\
 /\  /   /    \
/  \/   /      \
\      /\      /
 \____/  \____/
  \          /
   \________/


solution 27:
6,01,1 6,02,0 6,02,1 7,01,0 7,01,1 7,02,0 O6
5,00,1 6,00,0 6,00,1 6,01,0 7,00,0 7,00,1 E6
4,01,1 4,02,0 5,01,0 5,01,1 5,02,0 5,02,1 G6
4,02,1 4,03,0 4,03,1 4,04,0 4,04,1 4,05,0 I6
5,03,0 5,03,1 5,04,0 5,04,1 5,05,0 6,03,0 P6
2,05,1 2,06,0 2,06,1 3,04,1 3,05,0 3,05,1 F6
4,05,1 4,06,0 4,06,1 4,07,0 5,05,1 5,06,0 V6
2,08,1 3,06,0 3,06,1 3,07,0 3,07,1 3,08,0 J6
1,08,1 1,09,0 1,09,1 2,07,0 2,07,1 2,08,0 S6
0,09,1 0,10,0 0,10,1 0,11,0 1,10,0 1,10,1 H6
0,11,1 1,11,0 1,11,1 2,10,1 2,11,0 3,10,0 C6
2,09,0 2,09,1 2,10,0 3,08,1 3,09,0 3,09,1 X6

    ________
   /\       \
  /  \____   \
 /       /\   \
/   ____/  \___\
\  /   /       /
 \/   /___    /
  \   \   \  /
   \   \   \/
   /   /   /\
  /___/   /  \
 /   /   /    \
/   /___/      \
\      /\  /\  /
 \    /  \/  \/
  \  /   /   /
   \/   /   /
   /   /    \
  /   /______\
 /\  /   /    \
/  \/   /      \
\      /\      /
 \____/  \____/
  \          /
   \________/


solution 28:
6,01,1 6,02,0 6,02,1 7,01,0 7,01,1 7,02,0 O6
5,00,1 6,00,0 6,00,1 6,01,0 7,00,0 7,00,1 E6
4,01,1 4,02,0 5,01,0 5,01,1 5,02,0 5,02,1 G6
4,02,1 4,03,0 4,03,1 5,03,0 5,03,1 6,03,0 J6
2,08,1 3,07,1 3,08,0 4,06,1 4,07,0 5,06,0 I6
2,09,0 2,09,1 2,10,0 3,08,1 3,09,0 3,09,1 X6
0,11,1 1,11,0 1,11,1 2,10,1 2,11,0 3,10,0 C6
0,09,1 0,10,0 0,10,1 0,11,0 1,10,0 1,10,1 H6
1,08,1 1,09,0 1,09,1 2,07,0 2,07,1 2,08,0 S6
4,04,1 4,05,1 5,04,0 5,04,1 5,05,0 5,05,1 F6
2,05,1 3,04,1 3,05,0 3,05,1 4,04,0 4,05,0 V6
2,06,0 2,06,1 3,06,0 3,06,1 3,07,0 4,06,0 P6

    ________
   /\       \
  /  \____   \
 /       /\   \
/   ____/  \___\
\  /   /       /
 \/   /___    /
  \   \   \  /
   \   \   \/
   /   /\   \
  /___/  \   \
 /        \   \
/__________\___\
\       \      /
 \    ___\    /
  \   \      /
   \___\____/
   /        \
  /   _______\
 /\  /   /    \
/  \/   /      \
\      /\      /
 \____/  \____/
  \          /
   \________/


solution 29:
6,01,1 6,02,0 6,02,1 7,01,0 7,01,1 7,02,0 O6
5,00,1 6,00,0 6,00,1 6,01,0 7,00,0 7,00,1 E6
4,01,1 4,02,0 5,01,0 5,01,1 5,02,0 5,02,1 G6
4,02,1 4,03,0 4,03,1 5,03,0 5,03,1 6,03,0 J6
2,08,1 3,07,1 3,08,0 4,06,1 4,07,0 5,06,0 I6
2,09,0 2,09,1 2,10,0 3,08,1 3,09,0 3,09,1 X6
0,11,1 1,11,0 1,11,1 2,10,1 2,11,0 3,10,0 C6
0,09,1 0,10,0 0,10,1 0,11,0 1,10,0 1,10,1 H6
1,08,1 1,09,0 1,09,1 2,07,0 2,07,1 2,08,0 S6
4,05,0 4,05,1 5,04,0 5,04,1 5,05,0 5,05,1 V6
2,05,1 3,04,1 3,05,0 3,05,1 4,04,0 4,04,1 F6
2,06,0 2,06,1 3,06,0 3,06,1 3,07,0 4,06,0 P6

    ________
   /\       \
  /  \____   \
 /       /\   \
/   ____/  \___\
\  /   /       /
 \/   /___    /
  \   \   \  /
   \   \   \/
   /   /\   \
  /___/  \   \
 /        \   \
/__________\___\
\      /       /
 \    /___    /
  \      /   /
   \____/___/
   /        \
  /   _______\
 /\  /   /    \
/  \/   /      \
\      /\      /
 \____/  \____/
  \          /
   \________/


solution 30:
6,01,1 6,02,0 6,02,1 7,01,0 7,01,1 7,02,0 O6
5,00,1 6,00,0 6,00,1 6,01,0 7,00,0 7,00,1 E6
4,01,1 4,02,0 5,01,0 5,01,1 5,02,0 5,02,1 G6
4,02,1 4,03,0 4,03,1 5,03,0 5,03,1 6,03,0 J6
0,09,1 1,08,1 1,09,0 2,07,1 2,08,0 3,07,0 I6
0,10,0 0,10,1 0,11,0 0,11,1 1,10,0 1,11,0 F6
1,10,1 1,11,1 2,10,0 2,10,1 2,11,0 3,10,0 V6
1,09,1 2,08,1 2,09,0 2,09,1 3,09,0 3,09,1 P6
3,07,1 3,08,0 3,08,1 4,06,0 4,06,1 4,07,0 S6
4,05,0 4,05,1 5,04,1 5,05,0 5,05,1 5,06,0 H6
2,06,0 2,06,1 2,07,0 3,05,1 3,06,0 3,06,1 X6
2,05,1 3,04,1 3,05,0 4,04,0 4,04,1 5,04,0 C6

    ________
   /    \   \
  /   ___\   \
 /    \       \
/______\_______\
\   \          /
 \   \    ____/
  \   \  /   /
   \   \/   /
   /\   \   \
  /  \___\   \
 /       /   /\
/___    /___/  \
\   \  /       /
 \   \/___    /
  \       \  /
   \_______\/
   /        \
  /   _______\
 /\  /   /    \
/  \/   /      \
\      /\      /
 \____/  \____/
  \          /
   \________/


solution 31:
6,01,1 6,02,0 6,02,1 7,01,0 7,01,1 7,02,0 O6
5,00,1 6,00,0 6,00,1 6,01,0 7,00,0 7,00,1 E6
4,01,1 4,02,0 5,01,0 5,01,1 5,02,0 5,02,1 G6
4,02,1 4,03,0 4,03,1 5,03,0 5,03,1 6,03,0 J6
0,09,1 1,08,1 1,09,0 2,07,1 2,08,0 3,07,0 I6
0,10,0 0,10,1 0,11,0 0,11,1 1,10,0 1,10,1 V6
1,11,0 1,11,1 2,10,0 2,10,1 2,11,0 3,10,0 F6
1,09,1 2,08,1 2,09,0 2,09,1 3,09,0 3,09,1 P6
3,07,1 3,08,0 3,08,1 4,06,0 4,06,1 4,07,0 S6
4,05,0 4,05,1 5,04,1 5,05,0 5,05,1 5,06,0 H6
2,06,0 2,06,1 2,07,0 3,05,1 3,06,0 3,06,1 X6
2,05,1 3,04,1 3,05,0 4,04,0 4,04,1 5,04,0 C6

    ________
   /   /    \
  /   /___   \
 /       /    \
/_______/______\
\   \          /
 \   \    ____/
  \   \  /   /
   \   \/   /
   /\   \   \
  /  \___\   \
 /       /   /\
/___    /___/  \
\   \  /       /
 \   \/___    /
  \       \  /
   \_______\/
   /        \
  /   _______\
 /\  /   /    \
/  \/   /      \
\      /\      /
 \____/  \____/
  \          /
   \________/


solution 32:
6,01,1 6,02,0 6,02,1 7,01,0 7,01,1 7,02,0 O6
5,00,1 5,01,0 6,00,0 6,00,1 7,00,0 7,00,1 J6
4,01,1 4,02,0 4,02,1 5,01,1 5,02,0 6,01,0 G6
4,03,0 4,03,1 5,02,1 5,03,0 5,03,1 6,03,0 E6
2,08,1 3,07,1 3,08,0 4,06,1 4,07,0 5,06,0 I6
2,09,0 2,09,1 2,10,0 3,08,1 3,09,0 3,09,1 X6
0,11,1 1,11,0 1,11,1 2,10,1 2,11,0 3,10,0 C6
0,09,1 0,10,0 0,10,1 0,11,0 1,10,0 1,10,1 H6
1,08,1 1,09,0 1,09,1 2,07,0 2,07,1 2,08,0 S6
4,04,1 4,05,1 5,04,0 5,04,1 5,05,0 5,05,1 F6
2,05,1 3,04,1 3,05,0 3,05,1 4,04,0 4,05,0 V6
2,06,0 2,06,1 3,06,0 3,06,1 3,07,0 4,06,0 P6

    ________
   /\       \
  /  \____   \
 /       /\   \
/   ____/  \___\
\  /   /       /
 \/   /___    /
  \   \   \  /
   \   \   \/
   /   /\   \
  /___/  \   \
 /        \   \
/__________\___\
\       \      /
 \    ___\    /
  \   \      /
   \___\____/
   /        \
  /___    ___\
 /    \  /    \
/      \/      \
\  /\   \      /
 \/  \___\____/
  \          /
   \________/


solution 33:
6,01,1 6,02,0 6,02,1 7,01,0 7,01,1 7,02,0 O6
5,00,1 5,01,0 6,00,0 6,00,1 7,00,0 7,00,1 J6
4,01,1 4,02,0 4,02,1 5,01,1 5,02,0 6,01,0 G6
4,03,0 4,03,1 5,02,1 5,03,0 5,03,1 6,03,0 E6
2,08,1 3,07,1 3,08,0 4,06,1 4,07,0 5,06,0 I6
2,09,0 2,09,1 2,10,0 3,08,1 3,09,0 3,09,1 X6
0,11,1 1,11,0 1,11,1 2,10,1 2,11,0 3,10,0 C6
0,09,1 0,10,0 0,10,1 0,11,0 1,10,0 1,10,1 H6
1,08,1 1,09,0 1,09,1 2,07,0 2,07,1 2,08,0 S6
4,05,0 4,05,1 5,04,0 5,04,1 5,05,0 5,05,1 V6
2,05,1 3,04,1 3,05,0 3,05,1 4,04,0 4,04,1 F6
2,06,0 2,06,1 3,06,0 3,06,1 3,07,0 4,06,0 P6

    ________
   /\       \
  /  \____   \
 /       /\   \
/   ____/  \___\
\  /   /       /
 \/   /___    /
  \   \   \  /
   \   \   \/
   /   /\   \
  /___/  \   \
 /        \   \
/__________\___\
\      /       /
 \    /___    /
  \      /   /
   \____/___/
   /        \
  /___    ___\
 /    \  /    \
/      \/      \
\  /\   \      /
 \/  \___\____/
  \          /
   \________/


solution 34:
6,01,1 6,02,0 6,02,1 7,01,0 7,01,1 7,02,0 O6
5,00,1 5,01,0 6,00,0 6,00,1 7,00,0 7,00,1 J6
4,01,1 4,02,0 4,02,1 5,01,1 5,02,0 6,01,0 G6
4,03,0 4,03,1 5,02,1 5,03,0 5,03,1 6,03,0 E6
0,09,1 1,08,1 1,09,0 2,07,1 2,08,0 3,07,0 I6
0,10,0 0,10,1 0,11,0 0,11,1 1,10,0 1,11,0 F6
1,10,1 1,11,1 2,10,0 2,10,1 2,11,0 3,10,0 V6
1,09,1 2,08,1 2,09,0 2,09,1 3,09,0 3,09,1 P6
3,07,1 3,08,0 3,08,1 4,06,0 4,06,1 4,07,0 S6
4,05,0 4,05,1 5,04,1 5,05,0 5,05,1 5,06,0 H6
2,06,0 2,06,1 2,07,0 3,05,1 3,06,0 3,06,1 X6
2,05,1 3,04,1 3,05,0 4,04,0 4,04,1 5,04,0 C6

    ________
   /    \   \
  /   ___\   \
 /    \       \
/______\_______\
\   \          /
 \   \    ____/
  \   \  /   /
   \   \/   /
   /\   \   \
  /  \___\   \
 /       /   /\
/___    /___/  \
\   \  /       /
 \   \/___    /
  \       \  /
   \_______\/
   /        \
  /___    ___\
 /    \  /    \
/      \/      \
\  /\   \      /
 \/  \___\____/
  \          /
   \________/


solution 35:
6,01,1 6,02,0 6,02,1 7,01,0 7,01,1 7,02,0 O6
5,00,1 5,01,0 6,00,0 6,00,1 7,00,0 7,00,1 J6
4,01,1 4,02,0 4,02,1 5,01,1 5,02,0 6,01,0 G6
4,03,0 4,03,1 5,02,1 5,03,0 5,03,1 6,03,0 E6
0,09,1 1,08,1 1,09,0 2,07,1 2,08,0 3,07,0 I6
0,10,0 0,10,1 0,11,0 0,11,1 1,10,0 1,10,1 V6
1,11,0 1,11,1 2,10,0 2,10,1 2,11,0 3,10,0 F6
1,09,1 2,08,1 2,09,0 2,09,1 3,09,0 3,09,1 P6
3,07,1 3,08,0 3,08,1 4,06,0 4,06,1 4,07,0 S6
4,05,0 4,05,1 5,04,1 5,05,0 5,05,1 5,06,0 H6
2,06,0 2,06,1 2,07,0 3,05,1 3,06,0 3,06,1 X6
2,05,1 3,04,1 3,05,0 4,04,0 4,04,1 5,04,0 C6

    ________
   /   /    \
  /   /___   \
 /       /    \
/_______/______\
\   \          /
 \   \    ____/
  \   \  /   /
   \   \/   /
   /\   \   \
  /  \___\   \
 /       /   /\
/___    /___/  \
\   \  /       /
 \   \/___    /
  \       \  /
   \_______\/
   /        \
  /___    ___\
 /    \  /    \
/      \/      \
\  /\   \      /
 \/  \___\____/
  \          /
   \________/


solution 36:
4,02,1 4,03,0 4,03,1 5,02,0 5,02,1 5,03,0 O6
4,01,1 4,02,0 5,00,1 5,01,0 5,01,1 6,00,0 E6
6,00,1 6,01,0 6,01,1 6,02,0 7,00,0 7,00,1 G6
5,03,1 6,02,1 6,03,0 7,01,0 7,01,1 7,02,0 J6
2,08,1 3,07,1 3,08,0 4,06,1 4,07,0 5,06,0 I6
2,09,0 2,09,1 2,10,0 3,08,1 3,09,0 3,09,1 X6
0,11,1 1,11,0 1,11,1 2,10,1 2,11,0 3,10,0 C6
0,09,1 0,10,0 0,10,1 0,11,0 1,10,0 1,10,1 H6
1,08,1 1,09,0 1,09,1 2,07,0 2,07,1 2,08,0 S6
4,04,1 4,05,1 5,04,0 5,04,1 5,05,0 5,05,1 F6
2,05,1 3,04,1 3,05,0 3,05,1 4,04,0 4,05,0 V6
2,06,0 2,06,1 3,06,0 3,06,1 3,07,0 4,06,0 P6

    ________
   /\       \
  /  \____   \
 /       /\   \
/   ____/  \___\
\  /   /       /
 \/   /___    /
  \   \   \  /
   \   \   \/
   /   /\   \
  /___/  \   \
 /        \   \
/__________\___\
\       \      /
 \    ___\    /
  \   \      /
   \___\____/
   /    \   \
  /      \   \
 /\      /\   \
/  \____/  \   \
\      /   /   /
 \    /   /___/
  \   \      /
   \___\____/


solution 37:
4,02,1 4,03,0 4,03,1 5,02,0 5,02,1 5,03,0 O6
4,01,1 4,02,0 5,00,1 5,01,0 5,01,1 6,00,0 E6
6,00,1 6,01,0 6,01,1 6,02,0 7,00,0 7,00,1 G6
5,03,1 6,02,1 6,03,0 7,01,0 7,01,1 7,02,0 J6
2,08,1 3,07,1 3,08,0 4,06,1 4,07,0 5,06,0 I6
2,09,0 2,09,1 2,10,0 3,08,1 3,09,0 3,09,1 X6
0,11,1 1,11,0 1,11,1 2,10,1 2,11,0 3,10,0 C6
0,09,1 0,10,0 0,10,1 0,11,0 1,10,0 1,10,1 H6
1,08,1 1,09,0 1,09,1 2,07,0 2,07,1 2,08,0 S6
4,05,0 4,05,1 5,04,0 5,04,1 5,05,0 5,05,1 V6
2,05,1 3,04,1 3,05,0 3,05,1 4,04,0 4,04,1 F6
2,06,0 2,06,1 3,06,0 3,06,1 3,07,0 4,06,0 P6

    ________
   /\       \
  /  \____   \
 /       /\   \
/   ____/  \___\
\  /   /       /
 \/   /___    /
  \   \   \  /
   \   \   \/
   /   /\   \
  /___/  \   \
 /        \   \
/__________\___\
\      /       /
 \    /___    /
  \      /   /
   \____/___/
   /    \   \
  /      \   \
 /\      /\   \
/  \____/  \   \
\      /   /   /
 \    /   /___/
  \   \      /
   \___\____/


solution 38:
4,02,1 4,03,0 4,03,1 5,02,0 5,02,1 5,03,0 O6
4,01,1 4,02,0 5,00,1 5,01,0 5,01,1 6,00,0 E6
6,00,1 6,01,0 6,01,1 6,02,0 7,00,0 7,00,1 G6
5,03,1 6,02,1 6,03,0 7,01,0 7,01,1 7,02,0 J6
0,09,1 1,08,1 1,09,0 2,07,1 2,08,0 3,07,0 I6
0,10,0 0,10,1 0,11,0 0,11,1 1,10,0 1,11,0 F6
1,10,1 1,11,1 2,10,0 2,10,1 2,11,0 3,10,0 V6
1,09,1 2,08,1 2,09,0 2,09,1 3,09,0 3,09,1 P6
3,07,1 3,08,0 3,08,1 4,06,0 4,06,1 4,07,0 S6
4,05,0 4,05,1 5,04,1 5,05,0 5,05,1 5,06,0 H6
2,06,0 2,06,1 2,07,0 3,05,1 3,06,0 3,06,1 X6
2,05,1 3,04,1 3,05,0 4,04,0 4,04,1 5,04,0 C6

    ________
   /    \   \
  /   ___\   \
 /    \       \
/______\_______\
\   \          /
 \   \    ____/
  \   \  /   /
   \   \/   /
   /\   \   \
  /  \___\   \
 /       /   /\
/___    /___/  \
\   \  /       /
 \   \/___    /
  \       \  /
   \_______\/
   /    \   \
  /      \   \
 /\      /\   \
/  \____/  \   \
\      /   /   /
 \    /   /___/
  \   \      /
   \___\____/


solution 39:
4,02,1 4,03,0 4,03,1 5,02,0 5,02,1 5,03,0 O6
4,01,1 4,02,0 5,00,1 5,01,0 5,01,1 6,00,0 E6
6,00,1 6,01,0 6,01,1 6,02,0 7,00,0 7,00,1 G6
5,03,1 6,02,1 6,03,0 7,01,0 7,01,1 7,02,0 J6
0,09,1 1,08,1 1,09,0 2,07,1 2,08,0 3,07,0 I6
0,10,0 0,10,1 0,11,0 0,11,1 1,10,0 1,10,1 V6
1,11,0 1,11,1 2,10,0 2,10,1 2,11,0 3,10,0 F6
1,09,1 2,08,1 2,09,0 2,09,1 3,09,0 3,09,1 P6
3,07,1 3,08,0 3,08,1 4,06,0 4,06,1 4,07,0 S6
4,05,0 4,05,1 5,04,1 5,05,0 5,05,1 5,06,0 H6
2,06,0 2,06,1 2,07,0 3,05,1 3,06,0 3,06,1 X6
2,05,1 3,04,1 3,05,0 4,04,0 4,04,1 5,04,0 C6

    ________
   /   /    \
  /   /___   \
 /       /    \
/_______/______\
\   \          /
 \   \    ____/
  \   \  /   /
   \   \/   /
   /\   \   \
  /  \___\   \
 /       /   /\
/___    /___/  \
\   \  /       /
 \   \/___    /
  \       \  /
   \_______\/
   /    \   \
  /      \   \
 /\      /\   \
/  \____/  \   \
\      /   /   /
 \    /   /___/
  \   \      /
   \___\____/


solution 40:
4,02,1 4,03,0 4,03,1 5,02,0 5,02,1 5,03,0 O6
4,01,1 4,02,0 5,00,1 5,01,0 6,00,0 6,00,1 J6
5,01,1 6,01,0 6,01,1 7,00,0 7,00,1 7,01,0 G6
5,03,1 6,02,0 6,02,1 6,03,0 7,01,1 7,02,0 E6
2,08,1 3,07,1 3,08,0 4,06,1 4,07,0 5,06,0 I6
2,09,0 2,09,1 2,10,0 3,08,1 3,09,0 3,09,1 X6
0,11,1 1,11,0 1,11,1 2,10,1 2,11,0 3,10,0 C6
0,09,1 0,10,0 0,10,1 0,11,0 1,10,0 1,10,1 H6
1,08,1 1,09,0 1,09,1 2,07,0 2,07,1 2,08,0 S6
4,04,1 4,05,1 5,04,0 5,04,1 5,05,0 5,05,1 F6
2,05,1 3,04,1 3,05,0 3,05,1 4,04,0 4,05,0 V6
2,06,0 2,06,1 3,06,0 3,06,1 3,07,0 4,06,0 P6

    ________
   /\       \
  /  \____   \
 /       /\   \
/   ____/  \___\
\  /   /       /
 \/   /___    /
  \   \   \  /
   \   \   \/
   /   /\   \
  /___/  \   \
 /        \   \
/__________\___\
\       \      /
 \    ___\    /
  \   \      /
   \___\____/
   /    \   \
  /      \   \
 /\      /    \
/  \____/___   \
\   \       \  /
 \   \____   \/
  \      /   /
   \____/___/


solution 41:
4,02,1 4,03,0 4,03,1 5,02,0 5,02,1 5,03,0 O6
4,01,1 4,02,0 5,00,1 5,01,0 6,00,0 6,00,1 J6
5,01,1 6,01,0 6,01,1 7,00,0 7,00,1 7,01,0 G6
5,03,1 6,02,0 6,02,1 6,03,0 7,01,1 7,02,0 E6
2,08,1 3,07,1 3,08,0 4,06,1 4,07,0 5,06,0 I6
2,09,0 2,09,1 2,10,0 3,08,1 3,09,0 3,09,1 X6
0,11,1 1,11,0 1,11,1 2,10,1 2,11,0 3,10,0 C6
0,09,1 0,10,0 0,10,1 0,11,0 1,10,0 1,10,1 H6
1,08,1 1,09,0 1,09,1 2,07,0 2,07,1 2,08,0 S6
4,05,0 4,05,1 5,04,0 5,04,1 5,05,0 5,05,1 V6
2,05,1 3,04,1 3,05,0 3,05,1 4,04,0 4,04,1 F6
2,06,0 2,06,1 3,06,0 3,06,1 3,07,0 4,06,0 P6

    ________
   /\       \
  /  \____   \
 /       /\   \
/   ____/  \___\
\  /   /       /
 \/   /___    /
  \   \   \  /
   \   \   \/
   /   /\   \
  /___/  \   \
 /        \   \
/__________\___\
\      /       /
 \    /___    /
  \      /   /
   \____/___/
   /    \   \
  /      \   \
 /\      /    \
/  \____/___   \
\   \       \  /
 \   \____   \/
  \      /   /
   \____/___/


solution 42:
4,02,1 4,03,0 4,03,1 5,02,0 5,02,1 5,03,0 O6
4,01,1 4,02,0 5,00,1 5,01,0 6,00,0 6,00,1 J6
5,01,1 6,01,0 6,01,1 7,00,0 7,00,1 7,01,0 G6
5,03,1 6,02,0 6,02,1 6,03,0 7,01,1 7,02,0 E6
0,09,1 1,08,1 1,09,0 2,07,1 2,08,0 3,07,0 I6
0,10,0 0,10,1 0,11,0 0,11,1 1,10,0 1,11,0 F6
1,10,1 1,11,1 2,10,0 2,10,1 2,11,0 3,10,0 V6
1,09,1 2,08,1 2,09,0 2,09,1 3,09,0 3,09,1 P6
3,07,1 3,08,0 3,08,1 4,06,0 4,06,1 4,07,0 S6
4,05,0 4,05,1 5,04,1 5,05,0 5,05,1 5,06,0 H6
2,06,0 2,06,1 2,07,0 3,05,1 3,06,0 3,06,1 X6
2,05,1 3,04,1 3,05,0 4,04,0 4,04,1 5,04,0 C6

    ________
   /    \   \
  /   ___\   \
 /    \       \
/______\_______\
\   \          /
 \   \    ____/
  \   \  /   /
   \   \/   /
   /\   \   \
  /  \___\   \
 /       /   /\
/___    /___/  \
\   \  /       /
 \   \/___    /
  \       \  /
   \_______\/
   /    \   \
  /      \   \
 /\      /    \
/  \____/___   \
\   \       \  /
 \   \____   \/
  \      /   /
   \____/___/


solution 43:
4,02,1 4,03,0 4,03,1 5,02,0 5,02,1 5,03,0 O6
4,01,1 4,02,0 5,00,1 5,01,0 6,00,0 6,00,1 J6
5,01,1 6,01,0 6,01,1 7,00,0 7,00,1 7,01,0 G6
5,03,1 6,02,0 6,02,1 6,03,0 7,01,1 7,02,0 E6
0,09,1 1,08,1 1,09,0 2,07,1 2,08,0 3,07,0 I6
0,10,0 0,10,1 0,11,0 0,11,1 1,10,0 1,10,1 V6
1,11,0 1,11,1 2,10,0 2,10,1 2,11,0 3,10,0 F6
1,09,1 2,08,1 2,09,0 2,09,1 3,09,0 3,09,1 P6
3,07,1 3,08,0 3,08,1 4,06,0 4,06,1 4,07,0 S6
4,05,0 4,05,1 5,04,1 5,05,0 5,05,1 5,06,0 H6
2,06,0 2,06,1 2,07,0 3,05,1 3,06,0 3,06,1 X6
2,05,1 3,04,1 3,05,0 4,04,0 4,04,1 5,04,0 C6

    ________
   /   /    \
  /   /___   \
 /       /    \
/_______/______\
\   \          /
 \   \    ____/
  \   \  /   /
   \   \/   /
   /\   \   \
  /  \___\   \
 /       /   /\
/___    /___/  \
\   \  /       /
 \   \/___    /
  \       \  /
   \_______\/
   /    \   \
  /      \   \
 /\      /    \
/  \____/___   \
\   \       \  /
 \   \____   \/
  \      /   /
   \____/___/


solution 44:
5,02,1 5,03,0 5,03,1 6,02,0 6,02,1 6,03,0 O6
6,01,1 7,00,0 7,00,1 7,01,0 7,01,1 7,02,0 E6
5,00,1 5,01,1 5,02,0 6,00,0 6,00,1 6,01,0 G6
4,01,1 4,02,0 4,02,1 4,03,0 4,03,1 5,01,0 J6
2,08,1 3,07,1 3,08,0 4,06,1 4,07,0 5,06,0 I6
2,09,0 2,09,1 2,10,0 3,08,1 3,09,0 3,09,1 X6
0,11,1 1,11,0 1,11,1 2,10,1 2,11,0 3,10,0 C6
0,09,1 0,10,0 0,10,1 0,11,0 1,10,0 1,10,1 H6
1,08,1 1,09,0 1,09,1 2,07,0 2,07,1 2,08,0 S6
4,04,1 4,05,1 5,04,0 5,04,1 5,05,0 5,05,1 F6
2,05,1 3,04,1 3,05,0 3,05,1 4,04,0 4,05,0 V6
2,06,0 2,06,1 3,06,0 3,06,1 3,07,0 4,06,0 P6

    ________
   /\       \
  /  \____   \
 /       /\   \
/   ____/  \___\
\  /   /       /
 \/   /___    /
  \   \   \  /
   \   \   \/
   /   /\   \
  /___/  \   \
 /        \   \
/__________\___\
\       \      /
 \    ___\    /
  \   \      /
   \___\____/
   /   /    \
  /   /      \
 /   /\      /\
/   /  \____/  \
\   \   \      /
 \___\   \    /
  \      /   /
   \____/___/


solution 45:
5,02,1 5,03,0 5,03,1 6,02,0 6,02,1 6,03,0 O6
6,01,1 7,00,0 7,00,1 7,01,0 7,01,1 7,02,0 E6
5,00,1 5,01,1 5,02,0 6,00,0 6,00,1 6,01,0 G6
4,01,1 4,02,0 4,02,1 4,03,0 4,03,1 5,01,0 J6
2,08,1 3,07,1 3,08,0 4,06,1 4,07,0 5,06,0 I6
2,09,0 2,09,1 2,10,0 3,08,1 3,09,0 3,09,1 X6
0,11,1 1,11,0 1,11,1 2,10,1 2,11,0 3,10,0 C6
0,09,1 0,10,0 0,10,1 0,11,0 1,10,0 1,10,1 H6
1,08,1 1,09,0 1,09,1 2,07,0 2,07,1 2,08,0 S6
4,05,0 4,05,1 5,04,0 5,04,1 5,05,0 5,05,1 V6
2,05,1 3,04,1 3,05,0 3,05,1 4,04,0 4,04,1 F6
2,06,0 2,06,1 3,06,0 3,06,1 3,07,0 4,06,0 P6

    ________
   /\       \
  /  \____   \
 /       /\   \
/   ____/  \___\
\  /   /       /
 \/   /___    /
  \   \   \  /
   \   \   \/
   /   /\   \
  /___/  \   \
 /        \   \
/__________\___\
\      /       /
 \    /___    /
  \      /   /
   \____/___/
   /   /    \
  /   /      \
 /   /\      /\
/   /  \____/  \
\   \   \      /
 \___\   \    /
  \      /   /
   \____/___/


solution 46:
5,02,1 5,03,0 5,03,1 6,02,0 6,02,1 6,03,0 O6
6,01,1 7,00,0 7,00,1 7,01,0 7,01,1 7,02,0 E6
5,00,1 5,01,1 5,02,0 6,00,0 6,00,1 6,01,0 G6
4,01,1 4,02,0 4,02,1 4,03,0 4,03,1 5,01,0 J6
0,09,1 1,08,1 1,09,0 2,07,1 2,08,0 3,07,0 I6
0,10,0 0,10,1 0,11,0 0,11,1 1,10,0 1,11,0 F6
1,10,1 1,11,1 2,10,0 2,10,1 2,11,0 3,10,0 V6
1,09,1 2,08,1 2,09,0 2,09,1 3,09,0 3,09,1 P6
3,07,1 3,08,0 3,08,1 4,06,0 4,06,1 4,07,0 S6
4,05,0 4,05,1 5,04,1 5,05,0 5,05,1 5,06,0 H6
2,06,0 2,06,1 2,07,0 3,05,1 3,06,0 3,06,1 X6
2,05,1 3,04,1 3,05,0 4,04,0 4,04,1 5,04,0 C6

    ________
   /    \   \
  /   ___\   \
 /    \       \
/______\_______\
\   \          /
 \   \    ____/
  \   \  /   /
   \   \/   /
   /\   \   \
  /  \___\   \
 /       /   /\
/___    /___/  \
\   \  /       /
 \   \/___    /
  \       \  /
   \_______\/
   /   /    \
  /   /      \
 /   /\      /\
/   /  \____/  \
\   \   \      /
 \___\   \    /
  \      /   /
   \____/___/


solution 47:
5,02,1 5,03,0 5,03,1 6,02,0 6,02,1 6,03,0 O6
6,01,1 7,00,0 7,00,1 7,01,0 7,01,1 7,02,0 E6
5,00,1 5,01,1 5,02,0 6,00,0 6,00,1 6,01,0 G6
4,01,1 4,02,0 4,02,1 4,03,0 4,03,1 5,01,0 J6
0,09,1 1,08,1 1,09,0 2,07,1 2,08,0 3,07,0 I6
0,10,0 0,10,1 0,11,0 0,11,1 1,10,0 1,10,1 V6
1,11,0 1,11,1 2,10,0 2,10,1 2,11,0 3,10,0 F6
1,09,1 2,08,1 2,09,0 2,09,1 3,09,0 3,09,1 P6
3,07,1 3,08,0 3,08,1 4,06,0 4,06,1 4,07,0 S6
4,05,0 4,05,1 5,04,1 5,05,0 5,05,1 5,06,0 H6
2,06,0 2,06,1 2,07,0 3,05,1 3,06,0 3,06,1 X6
2,05,1 3,04,1 3,05,0 4,04,0 4,04,1 5,04,0 C6

    ________
   /   /    \
  /   /___   \
 /       /    \
/_______/______\
\   \          /
 \   \    ____/
  \   \  /   /
   \   \/   /
   /\   \   \
  /  \___\   \
 /       /   /\
/___    /___/  \
\   \  /       /
 \   \/___    /
  \       \  /
   \_______\/
   /   /    \
  /   /      \
 /   /\      /\
/   /  \____/  \
\   \   \      /
 \___\   \    /
  \      /   /
   \____/___/


solution 48:
5,02,1 5,03,0 5,03,1 6,02,0 6,02,1 6,03,0 O6
6,00,1 7,00,0 7,00,1 7,01,0 7,01,1 7,02,0 J6
5,00,1 5,01,0 5,01,1 6,00,0 6,01,0 6,01,1 G6
4,01,1 4,02,0 4,02,1 4,03,0 4,03,1 5,02,0 E6
2,08,1 3,07,1 3,08,0 4,06,1 4,07,0 5,06,0 I6
2,09,0 2,09,1 2,10,0 3,08,1 3,09,0 3,09,1 X6
0,11,1 1,11,0 1,11,1 2,10,1 2,11,0 3,10,0 C6
0,09,1 0,10,0 0,10,1 0,11,0 1,10,0 1,10,1 H6
1,08,1 1,09,0 1,09,1 2,07,0 2,07,1 2,08,0 S6
4,04,1 4,05,1 5,04,0 5,04,1 5,05,0 5,05,1 F6
2,05,1 3,04,1 3,05,0 3,05,1 4,04,0 4,05,0 V6
2,06,0 2,06,1 3,06,0 3,06,1 3,07,0 4,06,0 P6

    ________
   /\       \
  /  \____   \
 /       /\   \
/   ____/  \___\
\  /   /       /
 \/   /___    /
  \   \   \  /
   \   \   \/
   /   /\   \
  /___/  \   \
 /        \   \
/__________\___\
\       \      /
 \    ___\    /
  \   \      /
   \___\____/
   /   /    \
  /   /      \
 /    \      /\
/   ___\____/  \
\  /       /   /
 \/   ____/   /
  \   \      /
   \___\____/


solution 49:
5,02,1 5,03,0 5,03,1 6,02,0 6,02,1 6,03,0 O6
6,00,1 7,00,0 7,00,1 7,01,0 7,01,1 7,02,0 J6
5,00,1 5,01,0 5,01,1 6,00,0 6,01,0 6,01,1 G6
4,01,1 4,02,0 4,02,1 4,03,0 4,03,1 5,02,0 E6
2,08,1 3,07,1 3,08,0 4,06,1 4,07,0 5,06,0 I6
2,09,0 2,09,1 2,10,0 3,08,1 3,09,0 3,09,1 X6
0,11,1 1,11,0 1,11,1 2,10,1 2,11,0 3,10,0 C6
0,09,1 0,10,0 0,10,1 0,11,0 1,10,0 1,10,1 H6
1,08,1 1,09,0 1,09,1 2,07,0 2,07,1 2,08,0 S6
4,05,0 4,05,1 5,04,0 5,04,1 5,05,0 5,05,1 V6
2,05,1 3,04,1 3,05,0 3,05,1 4,04,0 4,04,1 F6
2,06,0 2,06,1 3,06,0 3,06,1 3,07,0 4,06,0 P6

    ________
   /\       \
  /  \____   \
 /       /\   \
/   ____/  \___\
\  /   /       /
 \/   /___    /
  \   \   \  /
   \   \   \/
   /   /\   \
  /___/  \   \
 /        \   \
/__________\___\
\      /       /
 \    /___    /
  \      /   /
   \____/___/
   /   /    \
  /   /      \
 /    \      /\
/   ___\____/  \
\  /       /   /
 \/   ____/   /
  \   \      /
   \___\____/


solution 50:
5,02,1 5,03,0 5,03,1 6,02,0 6,02,1 6,03,0 O6
6,00,1 7,00,0 7,00,1 7,01,0 7,01,1 7,02,0 J6
5,00,1 5,01,0 5,01,1 6,00,0 6,01,0 6,01,1 G6
4,01,1 4,02,0 4,02,1 4,03,0 4,03,1 5,02,0 E6
0,09,1 1,08,1 1,09,0 2,07,1 2,08,0 3,07,0 I6
0,10,0 0,10,1 0,11,0 0,11,1 1,10,0 1,11,0 F6
1,10,1 1,11,1 2,10,0 2,10,1 2,11,0 3,10,0 V6
1,09,1 2,08,1 2,09,0 2,09,1 3,09,0 3,09,1 P6
3,07,1 3,08,0 3,08,1 4,06,0 4,06,1 4,07,0 S6
4,05,0 4,05,1 5,04,1 5,05,0 5,05,1 5,06,0 H6
2,06,0 2,06,1 2,07,0 3,05,1 3,06,0 3,06,1 X6
2,05,1 3,04,1 3,05,0 4,04,0 4,04,1 5,04,0 C6

    ________
   /    \   \
  /   ___\   \
 /    \       \
/______\_______\
\   \          /
 \   \    ____/
  \   \  /   /
   \   \/   /
   /\   \   \
  /  \___\   \
 /       /   /\
/___    /___/  \
\   \  /       /
 \   \/___    /
  \       \  /
   \_______\/
   /   /    \
  /   /      \
 /    \      /\
/   ___\____/  \
\  /       /   /
 \/   ____/   /
  \   \      /
   \___\____/


solution 51:
5,02,1 5,03,0 5,03,1 6,02,0 6,02,1 6,03,0 O6
6,00,1 7,00,0 7,00,1 7,01,0 7,01,1 7,02,0 J6
5,00,1 5,01,0 5,01,1 6,00,0 6,01,0 6,01,1 G6
4,01,1 4,02,0 4,02,1 4,03,0 4,03,1 5,02,0 E6
0,09,1 1,08,1 1,09,0 2,07,1 2,08,0 3,07,0 I6
0,10,0 0,10,1 0,11,0 0,11,1 1,10,0 1,10,1 V6
1,11,0 1,11,1 2,10,0 2,10,1 2,11,0 3,10,0 F6
1,09,1 2,08,1 2,09,0 2,09,1 3,09,0 3,09,1 P6
3,07,1 3,08,0 3,08,1 4,06,0 4,06,1 4,07,0 S6
4,05,0 4,05,1 5,04,1 5,05,0 5,05,1 5,06,0 H6
2,06,0 2,06,1 2,07,0 3,05,1 3,06,0 3,06,1 X6
2,05,1 3,04,1 3,05,0 4,04,0 4,04,1 5,04,0 C6

    ________
   /   /    \
  /   /___   \
 /       /    \
/_______/______\
\   \          /
 \   \    ____/
  \   \  /   /
   \   \/   /
   /\   \   \
  /  \___\   \
 /       /   /\
/___    /___/  \
\   \  /       /
 \   \/___    /
  \       \  /
   \_______\/
   /   /    \
  /   /      \
 /    \      /\
/   ___\____/  \
\  /       /   /
 \/   ____/   /
  \   \      /
   \___\____/


51 solutions, 74661 searches, duration 0:00:22.137731
