solving HexiamondsChoose9Hexagon2:

solution 1:
3,0,0 3,0,1 3,1,0 4,0,0 4,0,1 5,0,0 P6
1,1,1 1,2,0 1,2,1 2,0,1 2,1,0 2,1,1 F6
0,2,1 0,3,0 0,3,1 1,3,0 1,3,1 1,4,0 S6
0,4,0 0,4,1 0,5,0 0,5,1 1,5,0 1,5,1 C6
5,0,1 5,1,0 5,1,1 5,2,0 5,2,1 5,3,0 I6
1,4,1 2,2,0 2,2,1 2,3,0 2,3,1 2,4,0 J6
3,1,1 3,2,0 3,2,1 4,1,0 4,1,1 4,2,0 O6
3,3,0 3,3,1 3,4,0 4,2,1 4,3,0 4,3,1 X6
2,4,1 2,5,0 2,5,1 3,4,1 3,5,0 4,4,0 G6

      ____________
     /       /    \
    /   ____/      \
   /   /\   \  /\   \
  /___/  \   \/  \___\
 /       /   /       /\
/   ____/   /___    /  \
\  /   /   /    \  /   /
 \/   /___/      \/   /
  \      /\      /   /
   \    /  \____/   /
    \  /        \  /
     \/__________\/

solution 2:
3,0,0 3,0,1 3,1,0 4,0,0 4,0,1 5,0,0 P6
1,1,1 1,2,0 1,2,1 2,0,1 2,1,0 2,1,1 F6
0,2,1 0,3,0 0,3,1 1,3,0 1,3,1 1,4,0 S6
0,4,0 0,4,1 0,5,0 0,5,1 1,5,0 1,5,1 C6
4,1,0 4,1,1 4,2,0 5,0,1 5,1,0 5,1,1 X6
1,4,1 2,2,0 2,2,1 2,3,0 2,3,1 2,4,0 J6
3,1,1 3,2,0 3,2,1 3,3,0 3,3,1 3,4,0 I6
2,4,1 2,5,0 2,5,1 3,4,1 3,5,0 4,4,0 G6
4,2,1 4,3,0 4,3,1 5,2,0 5,2,1 5,3,0 O6

      ____________
     /       /    \
    /   ____/      \
   /   /\   \  /\   \
  /___/  \   \/  \___\
 /       /   /   /    \
/   ____/   /   /      \
\  /   /   /   /\      /
 \/   /___/   /  \____/
  \      /\  /       /
   \    /  \/___    /
    \  /        \  /
     \/__________\/

solution 3:
3,0,0 3,0,1 3,1,0 4,0,0 4,0,1 5,0,0 P6
0,2,1 0,3,0 1,1,1 1,2,0 2,0,1 2,1,0 I6
3,1,1 3,2,0 4,1,0 4,1,1 5,0,1 5,1,0 S6
1,2,1 1,3,1 2,1,1 2,2,0 2,2,1 2,3,0 F6
0,3,1 0,4,0 0,4,1 0,5,0 0,5,1 1,3,0 J6
1,4,0 1,4,1 1,5,0 2,3,1 2,4,0 2,4,1 X6
1,5,1 2,5,0 2,5,1 3,4,0 3,4,1 3,5,0 G6
3,2,1 3,3,0 3,3,1 4,2,0 4,2,1 4,3,0 O6
4,3,1 4,4,0 5,1,1 5,2,0 5,2,1 5,3,0 C6

      ____________
     /   /\       \
    /   /  \____   \
   /   /       /   /\
  /   /___    /___/  \
 /\   \   \  /    \   \
/  \___\   \/      \   \
\   \      /\      /   /
 \   \    /  \____/   /
  \   \  /\       \  /
   \   \/  \____   \/
    \  /        \  /
     \/__________\/

solution 4:
3,0,0 3,0,1 3,1,0 4,0,0 4,0,1 5,0,0 P6
0,2,1 0,3,0 1,1,1 1,2,0 2,0,1 2,1,0 I6
4,1,0 4,1,1 4,2,0 5,0,1 5,1,0 5,1,1 X6
2,1,1 2,2,0 2,2,1 3,1,1 3,2,0 3,2,1 F6
0,3,1 0,4,0 0,4,1 1,2,1 1,3,0 1,4,0 G6
0,5,0 0,5,1 1,4,1 1,5,0 2,4,0 2,4,1 S6
1,3,1 2,3,0 2,3,1 3,3,0 3,3,1 3,4,0 J6
1,5,1 2,5,0 2,5,1 3,4,1 3,5,0 4,4,0 C6
4,2,1 4,3,0 4,3,1 5,2,0 5,2,1 5,3,0 O6

      ____________
     /    \       \
    /___   \____   \
   /    \      /\   \
  /   ___\____/  \___\
 /\   \          /    \
/  \   \________/      \
\   \  /       /\      /
 \   \/       /  \____/
  \   \  /\  /       /
   \   \/  \/___    /
    \  /        \  /
     \/__________\/

solution 5:
3,1,0 3,1,1 3,2,0 4,1,0 4,1,1 5,1,0 P6
3,0,0 3,0,1 4,0,0 4,0,1 5,0,0 5,0,1 I6
1,1,1 1,2,1 2,0,1 2,1,0 2,1,1 2,2,0 F6
0,2,1 0,3,0 0,3,1 0,4,0 0,4,1 1,2,0 J6
0,5,0 0,5,1 1,4,1 1,5,0 2,4,0 2,4,1 S6
1,3,0 1,3,1 1,4,0 2,2,1 2,3,0 2,3,1 X6
1,5,1 2,5,0 2,5,1 3,4,0 3,4,1 3,5,0 G6
3,2,1 3,3,0 3,3,1 4,2,0 4,2,1 4,3,0 O6
4,3,1 4,4,0 5,1,1 5,2,0 5,2,1 5,3,0 C6

      ____________
     /    \       \
    /___   \____   \
   /   /\      /   /\
  /   /  \____/___/  \
 /   /       /    \   \
/   /___    /      \   \
\   \   \  /\      /   /
 \___\   \/  \____/   /
  \      /        \  /
   \    /__________\/
    \  /           /
     \/___________/

solution 6:
1,3,0 1,3,1 1,4,0 2,3,0 2,3,1 3,3,0 P6
0,3,0 0,3,1 0,4,0 0,4,1 0,5,0 0,5,1 I6
0,2,1 1,1,1 1,2,0 1,2,1 2,1,0 2,1,1 F6
2,0,1 3,0,0 3,0,1 3,1,0 3,1,1 4,1,0 S6
2,2,0 2,2,1 3,2,0 3,2,1 4,1,1 4,2,0 J6
4,0,0 4,0,1 5,0,0 5,0,1 5,1,0 5,1,1 C6
4,2,1 4,3,0 4,3,1 5,2,0 5,2,1 5,3,0 O6
2,4,1 3,3,1 3,4,0 3,4,1 3,5,0 4,4,0 X6
1,4,1 1,5,0 1,5,1 2,4,0 2,5,0 2,5,1 G6

      ____________
     /   /       /\
    /   /   ____/  \
   /   /\   \       \
  /   /  \___\    ___\
 /   /        \  /    \
/___/__________\/      \
\      /        \      /
 \    /_______   \____/
  \      /    \  /   /
   \____/   ___\/   /
    \      /       /
     \____/_______/

solution 7:
0,4,0 0,4,1 0,5,0 1,4,0 1,4,1 2,4,0 P6
0,5,1 1,5,0 1,5,1 2,4,1 2,5,0 3,4,0 C6
2,5,1 3,4,1 3,5,0 4,3,1 4,4,0 5,3,0 I6
4,2,0 4,2,1 4,3,0 5,1,1 5,2,0 5,2,1 X6
2,2,1 2,3,1 3,2,0 3,2,1 3,3,0 3,3,1 F6
0,2,1 0,3,0 0,3,1 1,3,0 1,3,1 2,3,0 J6
1,1,1 1,2,0 1,2,1 2,1,0 2,1,1 2,2,0 O6
2,0,1 3,0,0 3,0,1 3,1,0 3,1,1 4,1,0 S6
4,0,0 4,0,1 4,1,1 5,0,0 5,0,1 5,1,0 G6

      ____________
     /\       \   \
    /  \____   \   \
   /        \   \   \
  /__________\___\   \
 /        \      /\   \
/   _______\    /  \___\
\  /    \      /       /
 \/      \____/___    /
  \      /    \   \  /
   \____/   ___\   \/
    \      /       /
     \____/_______/

solution 8:
0,4,0 0,4,1 0,5,0 1,4,0 1,4,1 2,4,0 P6
0,5,1 1,5,0 1,5,1 2,5,0 2,5,1 3,5,0 I6
2,4,1 3,4,0 3,4,1 4,3,1 4,4,0 5,3,0 C6
4,2,0 4,2,1 4,3,0 5,1,1 5,2,0 5,2,1 X6
2,2,1 2,3,1 3,2,0 3,2,1 3,3,0 3,3,1 F6
0,2,1 0,3,0 0,3,1 1,3,0 1,3,1 2,3,0 J6
1,1,1 1,2,0 1,2,1 2,1,0 2,1,1 2,2,0 O6
2,0,1 3,0,0 3,0,1 3,1,0 3,1,1 4,1,0 S6
4,0,0 4,0,1 4,1,1 5,0,0 5,0,1 5,1,0 G6

      ____________
     /\           \
    /  \___________\
   /        \       \
  /__________\____   \
 /        \      /\   \
/   _______\    /  \___\
\  /    \      /       /
 \/      \____/___    /
  \      /    \   \  /
   \____/   ___\   \/
    \      /       /
     \____/_______/

solution 9:
1,4,0 1,4,1 1,5,0 2,4,0 2,4,1 3,4,0 P6
1,5,1 2,5,0 2,5,1 3,4,1 3,5,0 4,4,0 C6
0,3,0 0,3,1 0,4,0 0,4,1 0,5,0 0,5,1 I6
0,2,1 1,1,1 1,2,0 1,2,1 1,3,0 2,2,0 X6
1,3,1 2,2,1 2,3,0 2,3,1 3,2,0 3,2,1 F6
3,3,0 3,3,1 4,3,0 4,3,1 5,2,1 5,3,0 J6
4,1,1 4,2,0 4,2,1 5,1,0 5,1,1 5,2,0 O6
3,1,0 3,1,1 4,0,1 4,1,0 5,0,0 5,0,1 S6
2,0,1 2,1,0 2,1,1 3,0,0 3,0,1 4,0,0 G6

      ____________
     /   /\       \
    /   /  \____   \
   /   /        \   \
  /   /__________\___\
 /   /\      /        \
/___/  \    /_______   \
\       \      /    \  /
 \    ___\____/      \/
  \  /   /    \      /
   \/   /___   \____/
    \       \      /
     \_______\____/

9 solutions, 1950 searches, duration 0:00:00.478048
