solving HexiamondsMostSolutionsConjecture1:

using algorithm: x2

start date & time: 2019-10-03 11:41:17

solution 1:
0,2,1 0,3,0 0,3,1 1,2,0 1,2,1 1,3,0 O6
0,4,0 0,4,1 0,5,0 0,5,1 1,5,0 1,5,1 C6
1,1,1 2,1,0 2,1,1 2,2,0 3,1,0 3,1,1 E6
2,0,1 3,0,0 3,0,1 4,0,0 4,0,1 5,0,0 I6
4,4,1 5,3,1 5,4,0 5,4,1 6,2,1 6,3,0 P6
2,5,1 3,4,1 3,5,0 3,5,1 4,4,0 4,5,0 V6
6,0,1 7,0,0 7,0,1 7,1,0 7,1,1 7,2,0 J6
4,1,0 4,1,1 5,0,1 5,1,0 5,1,1 6,0,0 H6
5,2,0 5,2,1 5,3,0 6,1,0 6,1,1 6,2,0 F6
1,3,1 1,4,0 1,4,1 2,4,0 2,4,1 2,5,0 S6
3,3,0 3,3,1 3,4,0 4,2,1 4,3,0 4,3,1 X6
2,2,1 2,3,0 2,3,1 3,2,0 3,2,1 4,2,0 G6

      ________________
     /       /\       \
    /   ____/  \    ___\____
   /   /       /\   \      /
  /___/   ____/  \___\    /
 /    \  /   /       /\   \
/      \/   /___    /  \   \
\      /\       \  /    \  /\
 \____/  \_______\/___   \/  \
  \          /       /   /   /
   \________/___    /___/   /
    \           \   \      /
     \___________\___\____/

solution 2:
0,2,1 0,3,0 0,3,1 1,2,0 1,2,1 1,3,0 O6
0,4,0 0,4,1 0,5,0 0,5,1 1,5,0 1,5,1 C6
1,1,1 2,1,0 2,1,1 2,2,0 3,1,0 3,1,1 E6
2,0,1 3,0,0 3,0,1 4,0,0 4,0,1 5,0,0 I6
3,5,1 4,4,1 4,5,0 5,3,1 5,4,0 5,4,1 P6
6,2,0 6,2,1 6,3,0 7,1,0 7,1,1 7,2,0 F6
6,0,0 6,0,1 6,1,0 6,1,1 7,0,0 7,0,1 V6
4,1,0 4,1,1 4,2,0 5,0,1 5,1,0 5,1,1 X6
4,2,1 4,3,1 4,4,0 5,2,0 5,2,1 5,3,0 G6
1,4,1 2,4,0 2,4,1 2,5,0 2,5,1 3,5,0 S6
2,3,1 3,3,0 3,3,1 3,4,0 3,4,1 4,3,0 H6
1,3,1 1,4,0 2,2,1 2,3,0 3,2,0 3,2,1 J6

      ________________
     /       /    \   \
    /   ____/   ___\   \____
   /   /\      /   /\      /
  /___/  \____/   /  \    /
 /    \   \       \   \  /\
/      \   \_______\   \/  \
\      /\      /\      /    \
 \____/  \____/  \____/___   \
  \          /       /   /   /
   \________/___    /   /___/
    \           \  /       /
     \___________\/_______/

solution 3:
0,2,1 0,3,0 0,3,1 1,2,0 1,2,1 1,3,0 O6
0,4,0 0,4,1 0,5,0 0,5,1 1,5,0 1,5,1 C6
1,1,1 2,1,0 2,1,1 2,2,0 3,1,0 3,1,1 E6
2,0,1 3,0,0 3,0,1 4,0,0 4,0,1 5,0,0 I6
3,5,1 4,4,1 4,5,0 5,3,1 5,4,0 5,4,1 P6
6,2,0 6,2,1 6,3,0 7,1,0 7,1,1 7,2,0 F6
6,0,0 6,0,1 6,1,0 6,1,1 7,0,0 7,0,1 V6
4,1,0 4,1,1 4,2,0 5,0,1 5,1,0 5,1,1 X6
4,2,1 4,3,1 4,4,0 5,2,0 5,2,1 5,3,0 G6
2,5,1 3,3,1 3,4,0 3,4,1 3,5,0 4,3,0 S6
1,4,1 2,3,1 2,4,0 2,4,1 2,5,0 3,3,0 H6
1,3,1 1,4,0 2,2,1 2,3,0 3,2,0 3,2,1 J6

      ________________
     /       /\   \   \
    /   ____/  \   \   \____
   /   /\      /   /\      /
  /___/  \    /   /  \    /
 /    \   \   \   \   \  /\
/      \   \___\___\   \/  \
\      /\      /\      /    \
 \____/  \____/  \____/___   \
  \          /       /   /   /
   \________/___    /   /___/
    \           \  /       /
     \___________\/_______/

solution 4:
0,2,1 0,3,0 0,3,1 1,2,0 1,2,1 1,3,0 O6
0,4,0 0,4,1 0,5,0 0,5,1 1,5,0 1,5,1 C6
1,1,1 2,1,0 2,1,1 2,2,0 3,1,0 3,1,1 E6
2,0,1 3,0,0 3,0,1 4,0,0 4,0,1 5,0,0 I6
3,5,1 4,4,1 4,5,0 5,3,1 5,4,0 5,4,1 P6
6,1,1 6,2,0 6,2,1 6,3,0 7,1,1 7,2,0 V6
6,0,0 6,0,1 6,1,0 7,0,0 7,0,1 7,1,0 F6
4,1,0 4,1,1 4,2,0 5,0,1 5,1,0 5,1,1 X6
4,2,1 4,3,1 4,4,0 5,2,0 5,2,1 5,3,0 G6
1,4,1 2,4,0 2,4,1 2,5,0 2,5,1 3,5,0 S6
2,3,1 3,3,0 3,3,1 3,4,0 3,4,1 4,3,0 H6
1,3,1 1,4,0 2,2,1 2,3,0 3,2,0 3,2,1 J6

      ________________
     /       /    \   \
    /   ____/   ___\   \____
   /   /\      /   /\      /
  /___/  \____/   /  \    /
 /    \   \       \   \  /\
/      \   \_______\   \/  \
\      /\      /\      /    \
 \____/  \____/  \____/      \
  \          /       /\  /\  /
   \________/___    /  \/  \/
    \           \  /       /
     \___________\/_______/

solution 5:
0,2,1 0,3,0 0,3,1 1,2,0 1,2,1 1,3,0 O6
0,4,0 0,4,1 0,5,0 0,5,1 1,5,0 1,5,1 C6
1,1,1 2,1,0 2,1,1 2,2,0 3,1,0 3,1,1 E6
2,0,1 3,0,0 3,0,1 4,0,0 4,0,1 5,0,0 I6
3,5,1 4,4,1 4,5,0 5,3,1 5,4,0 5,4,1 P6
6,1,1 6,2,0 6,2,1 6,3,0 7,1,1 7,2,0 V6
6,0,0 6,0,1 6,1,0 7,0,0 7,0,1 7,1,0 F6
4,1,0 4,1,1 4,2,0 5,0,1 5,1,0 5,1,1 X6
4,2,1 4,3,1 4,4,0 5,2,0 5,2,1 5,3,0 G6
2,5,1 3,3,1 3,4,0 3,4,1 3,5,0 4,3,0 S6
1,4,1 2,3,1 2,4,0 2,4,1 2,5,0 3,3,0 H6
1,3,1 1,4,0 2,2,1 2,3,0 3,2,0 3,2,1 J6

      ________________
     /       /\   \   \
    /   ____/  \   \   \____
   /   /\      /   /\      /
  /___/  \    /   /  \    /
 /    \   \   \   \   \  /\
/      \   \___\___\   \/  \
\      /\      /\      /    \
 \____/  \____/  \____/      \
  \          /       /\  /\  /
   \________/___    /  \/  \/
    \           \  /       /
     \___________\/_______/

solution 6:
0,2,1 0,3,0 0,3,1 1,2,0 1,2,1 1,3,0 O6
0,4,0 0,4,1 0,5,0 0,5,1 1,5,0 1,5,1 C6
1,1,1 2,1,0 2,1,1 2,2,0 3,1,0 3,1,1 E6
2,0,1 3,0,0 3,0,1 4,0,0 4,0,1 5,0,0 I6
3,5,0 3,5,1 4,4,1 4,5,0 5,4,0 5,4,1 S6
2,4,1 2,5,0 2,5,1 3,3,1 3,4,0 3,4,1 F6
1,3,1 1,4,0 1,4,1 2,2,1 2,3,0 2,4,0 G6
2,3,1 3,2,0 3,2,1 3,3,0 4,2,0 4,2,1 H6
4,1,0 4,1,1 5,1,0 5,1,1 5,2,0 6,1,0 P6
5,0,1 6,0,0 6,0,1 7,0,0 7,0,1 7,1,0 J6
4,3,0 4,3,1 4,4,0 5,2,1 5,3,0 5,3,1 X6
6,1,1 6,2,0 6,2,1 6,3,0 7,1,1 7,2,0 V6

      ________________
     /       /   /    \
    /   ____/   /___   \____
   /   /    \      /\      /
  /___/   ___\    /  \____/
 /    \   \   \  /       /\
/      \   \   \/___    /  \
\      /\  /       /\  /    \
 \____/  \/_______/  \/      \
  \          /        \  /\  /
   \________/__________\/  \/
    \           \          /
     \___________\________/

solution 7:
0,2,1 0,3,0 0,3,1 1,2,0 1,2,1 1,3,0 O6
0,4,0 0,4,1 0,5,0 0,5,1 1,5,0 1,5,1 C6
1,1,1 2,1,0 2,1,1 2,2,0 3,1,0 3,1,1 E6
2,0,1 3,0,0 3,0,1 4,0,0 4,0,1 5,0,0 I6
4,4,0 4,4,1 4,5,0 5,3,1 5,4,0 5,4,1 X6
2,4,1 2,5,0 2,5,1 3,4,1 3,5,0 3,5,1 F6
1,3,1 1,4,0 1,4,1 2,2,1 2,3,0 2,4,0 G6
2,3,1 3,2,0 3,2,1 3,3,0 4,2,0 4,2,1 H6
3,3,1 3,4,0 4,3,0 4,3,1 5,2,1 5,3,0 S6
4,1,0 4,1,1 5,1,0 5,1,1 5,2,0 6,1,0 P6
5,0,1 6,0,0 6,0,1 7,0,0 7,0,1 7,1,0 J6
6,1,1 6,2,0 6,2,1 6,3,0 7,1,1 7,2,0 V6

      ________________
     /       /       /\
    /   ____/       /  \____
   /   /    \  /\  /       /
  /___/   ___\/  \/___    /
 /    \   \   \       \  /\
/      \   \   \____   \/  \
\      /\  /       /\  /    \
 \____/  \/_______/  \/      \
  \          /        \  /\  /
   \________/__________\/  \/
    \           \          /
     \___________\________/

solution 8:
0,2,1 0,3,0 0,3,1 1,2,0 1,2,1 1,3,0 O6
0,4,0 0,4,1 0,5,0 0,5,1 1,5,0 1,5,1 C6
1,1,1 2,1,0 2,1,1 2,2,0 3,1,0 3,1,1 E6
2,0,1 3,0,0 3,0,1 4,0,0 4,0,1 4,1,0 J6
5,0,0 5,0,1 5,1,0 5,1,1 5,2,0 5,2,1 I6
6,0,0 6,0,1 6,1,0 7,0,0 7,0,1 7,1,0 F6
6,1,1 6,2,0 6,2,1 6,3,0 7,1,1 7,2,0 V6
4,4,1 4,5,0 5,3,0 5,3,1 5,4,0 5,4,1 H6
2,5,1 3,4,0 3,4,1 3,5,0 3,5,1 4,4,0 X6
1,3,1 1,4,0 1,4,1 2,4,0 2,4,1 2,5,0 S6
2,2,1 2,3,0 2,3,1 3,2,0 3,3,0 3,3,1 G6
3,2,1 4,1,1 4,2,0 4,2,1 4,3,0 4,3,1 P6

      ________________
     /       /\      /\
    /   ____/  \    /  \____
   /   /       /    \      /
  /___/   ____/______\    /
 /    \  /       /   /   /\
/      \/   ____/   /___/  \
\      /\   \      /   /    \
 \____/  \___\    /   /      \
  \          /\  /   /\  /\  /
   \________/  \/   /  \/  \/
    \          /   /       /
     \________/___/_______/

solution 9:
0,2,1 0,3,0 0,3,1 1,2,0 1,2,1 1,3,0 O6
0,4,0 0,4,1 0,5,0 0,5,1 1,5,0 1,5,1 C6
1,1,1 2,1,0 2,1,1 2,2,0 3,1,0 3,1,1 E6
2,0,1 3,0,0 3,0,1 4,0,0 4,0,1 4,1,0 J6
5,0,0 5,0,1 5,1,0 5,1,1 5,2,0 5,2,1 I6
6,0,0 6,0,1 6,1,0 6,1,1 7,0,0 7,0,1 V6
6,2,0 6,2,1 6,3,0 7,1,0 7,1,1 7,2,0 F6
4,4,1 4,5,0 5,3,0 5,3,1 5,4,0 5,4,1 H6
2,5,1 3,4,0 3,4,1 3,5,0 3,5,1 4,4,0 X6
1,3,1 1,4,0 1,4,1 2,4,0 2,4,1 2,5,0 S6
2,2,1 2,3,0 2,3,1 3,2,0 3,3,0 3,3,1 G6
3,2,1 4,1,1 4,2,0 4,2,1 4,3,0 4,3,1 P6

      ________________
     /       /\      /\
    /   ____/  \    /  \____
   /   /       /    \      /
  /___/   ____/______\    /
 /    \  /       /   /   /\
/      \/   ____/   /___/  \
\      /\   \      /   /    \
 \____/  \___\    /   /___   \
  \          /\  /   /   /   /
   \________/  \/   /   /___/
    \          /   /       /
     \________/___/_______/

solution 10:
0,2,1 0,3,0 0,3,1 1,2,0 1,2,1 1,3,0 O6
0,4,0 0,4,1 0,5,0 0,5,1 1,5,0 1,5,1 C6
1,1,1 2,1,0 2,1,1 2,2,0 3,1,0 3,1,1 E6
2,0,1 3,0,0 3,0,1 4,0,0 4,0,1 4,1,0 J6
5,0,0 5,0,1 6,0,0 6,0,1 7,0,0 7,0,1 I6
6,2,0 6,2,1 6,3,0 7,1,0 7,1,1 7,2,0 F6
5,1,0 5,1,1 5,2,0 5,2,1 6,1,0 6,1,1 V6
4,4,1 4,5,0 5,3,0 5,3,1 5,4,0 5,4,1 H6
2,5,1 3,4,0 3,4,1 3,5,0 3,5,1 4,4,0 X6
1,3,1 1,4,0 1,4,1 2,4,0 2,4,1 2,5,0 S6
2,2,1 2,3,0 2,3,1 3,2,0 3,3,0 3,3,1 G6
3,2,1 4,1,1 4,2,0 4,2,1 4,3,0 4,3,1 P6

      ________________
     /       /\      /\
    /   ____/  \    /  \____
   /   /       /    \      /
  /___/   ____/______\    /
 /    \  /       /   /   /\
/      \/   ____/   /___/  \
\      /\   \      /   /    \
 \____/  \___\    /   /___   \
  \          /\  /       /   /
   \________/  \/_______/___/
    \          /           /
     \________/___________/

...

solution 14600:
6,1,1 6,2,0 6,2,1 7,1,0 7,1,1 7,2,0 O6
5,1,0 5,1,1 6,0,1 6,1,0 7,0,0 7,0,1 S6
4,0,0 4,0,1 4,1,0 5,0,0 5,0,1 6,0,0 P6
4,4,1 5,3,0 5,3,1 5,4,0 5,4,1 6,3,0 X6
2,5,1 3,4,1 3,5,0 3,5,1 4,4,0 4,5,0 V6
3,3,1 4,2,1 4,3,0 4,3,1 5,2,0 5,2,1 F6
2,3,1 2,4,0 3,2,1 3,3,0 4,1,1 4,2,0 I6
0,5,1 1,5,0 1,5,1 2,4,1 2,5,0 3,4,0 C6
0,3,1 0,4,0 0,4,1 0,5,0 1,4,0 1,4,1 H6
0,2,1 0,3,0 1,1,1 1,2,0 1,2,1 2,1,0 E6
1,3,0 1,3,1 2,2,1 2,3,0 3,1,1 3,2,0 J6
2,0,1 2,1,1 2,2,0 3,0,0 3,0,1 3,1,0 G6

      ________________
     /\       \       \
    /  \____   \    ___\____
   /       /\   \   \      /
  /   ____/  \___\___\    /
 /\  /    \   \      /    \
/  \/___   \   \    /______\
\      /\   \   \      /    \
 \    /  \   \   \____/      \
  \   \   \  /\  /    \      /
   \___\   \/  \/___   \____/
    \      /        \      /
     \____/__________\____/

14,600 solutions, 2,506,563 searches, duration 0:07:40.294000

end date & time: 2019-10-03 11:48:57
