solving Hexiamonds5x2SemiregularHexagon2:

solution 1:
1,2,1 1,3,0 1,3,1 2,2,0 2,2,1 2,3,0 O6
2,1,1 3,1,0 3,1,1 3,2,0 4,0,1 4,1,0 H6
1,4,0 1,4,1 1,5,0 1,5,1 2,5,0 2,5,1 C6
0,6,1 1,6,0 1,6,1 2,6,0 2,6,1 3,6,0 I6
1,7,0 1,7,1 2,7,0 2,7,1 3,6,1 3,7,0 J6
3,5,1 4,4,0 4,4,1 4,5,0 4,5,1 4,6,0 E6
2,3,1 2,4,0 2,4,1 3,4,0 3,4,1 3,5,0 S6
5,4,0 5,4,1 5,5,0 6,3,1 6,4,0 6,4,1 X6
6,2,1 6,3,0 7,1,1 7,2,0 7,2,1 7,3,0 V6
4,2,1 4,3,1 5,2,0 5,2,1 5,3,0 5,3,1 F6
3,2,1 3,3,0 3,3,1 4,1,1 4,2,0 4,3,0 G6
5,1,0 5,1,1 6,1,0 6,1,1 6,2,0 7,1,0 P6

          ________
         /        \
    ____/_______   \
    \           \  /\
     \___________\/  \
     /       /\      /\
    /   ____/  \    /  \____
   /   /       /   /       /
  /___/   ____/___/___    /
 /    \  /    \      /\  /\
/      \/   ___\    /  \/  \
\      /\   \      /\      /
 \____/  \   \____/  \    /
  \       \  /        \  /
   \____   \/__________\/
        \  /
         \/

solution 2:
1,2,1 1,3,0 1,3,1 2,2,0 2,2,1 2,3,0 O6
2,1,1 3,1,0 3,1,1 3,2,0 4,0,1 4,1,0 H6
1,4,0 1,4,1 1,5,0 1,5,1 2,5,0 2,5,1 C6
0,6,1 1,6,0 1,6,1 2,6,0 2,6,1 3,6,0 I6
1,7,0 1,7,1 2,7,0 2,7,1 3,6,1 3,7,0 J6
3,5,0 3,5,1 4,5,0 4,5,1 4,6,0 5,5,0 P6
6,3,1 6,4,0 6,4,1 7,2,0 7,2,1 7,3,0 S6
5,2,1 6,1,1 6,2,0 6,2,1 7,1,0 7,1,1 F6
4,1,1 4,2,1 5,1,0 5,1,1 5,2,0 6,1,0 V6
2,3,1 2,4,0 3,2,1 3,3,0 3,3,1 4,2,0 E6
2,4,1 3,4,0 3,4,1 4,3,0 4,3,1 4,4,0 G6
4,4,1 5,3,0 5,3,1 5,4,0 5,4,1 6,3,0 X6

          ________
         /        \
    ____/_______   \
    \           \  /\
     \___________\/  \
     /       /        \
    /   ____/__________\____
   /   /\       \      /   /
  /___/  \____   \    /   /
 /    \      /   /    \   \
/      \    /___/______\   \
\      /\   \   \      /   /
 \____/  \___\   \    /___/
  \       \       \      /
   \____   \_______\____/
        \  /
         \/

solution 3:
1,2,1 1,3,0 1,3,1 2,2,0 2,2,1 2,3,0 O6
2,1,1 3,1,0 3,1,1 3,2,0 4,0,1 4,1,0 H6
1,4,0 1,4,1 1,5,0 1,5,1 2,5,0 2,5,1 C6
0,6,1 1,6,0 1,6,1 2,6,0 2,6,1 3,6,0 I6
1,7,0 1,7,1 2,7,0 2,7,1 3,6,1 3,7,0 J6
3,5,0 3,5,1 4,5,0 4,5,1 4,6,0 5,5,0 P6
6,3,1 6,4,0 6,4,1 7,2,0 7,2,1 7,3,0 S6
6,1,0 6,1,1 6,2,0 6,2,1 7,1,0 7,1,1 V6
4,4,1 5,3,0 5,3,1 5,4,0 5,4,1 6,3,0 X6
4,1,1 4,2,1 5,1,0 5,1,1 5,2,0 5,2,1 F6
2,3,1 2,4,0 3,2,1 3,3,0 3,3,1 4,2,0 E6
2,4,1 3,4,0 3,4,1 4,3,0 4,3,1 4,4,0 G6

          ________
         /        \
    ____/_______   \
    \           \  /\
     \___________\/  \
     /       /        \
    /   ____/__________\____
   /   /\       \      /   /
  /___/  \____   \    /   /
 /    \      /   /    \   \
/      \    /___/______\   \
\      /\   \      /   /   /
 \____/  \___\    /   /___/
  \       \      /       /
   \____   \____/_______/
        \  /
         \/

solution 4:
1,2,1 1,3,0 1,3,1 2,2,0 2,2,1 2,3,0 O6
2,1,1 3,1,0 3,1,1 3,2,0 4,0,1 4,1,0 H6
1,4,0 1,4,1 1,5,0 1,5,1 2,5,0 2,5,1 C6
0,6,1 1,6,0 1,6,1 2,6,0 2,6,1 3,6,0 I6
1,7,0 1,7,1 2,7,0 2,7,1 3,6,1 3,7,0 J6
3,5,0 3,5,1 4,5,0 4,5,1 4,6,0 5,5,0 P6
5,4,1 6,3,0 6,3,1 6,4,0 6,4,1 7,3,0 X6
6,1,1 6,2,1 7,1,0 7,1,1 7,2,0 7,2,1 F6
4,1,1 4,2,1 5,1,0 5,1,1 5,2,0 6,1,0 V6
4,4,1 5,2,1 5,3,0 5,3,1 5,4,0 6,2,0 S6
2,3,1 2,4,0 3,2,1 3,3,0 3,3,1 4,2,0 E6
2,4,1 3,4,0 3,4,1 4,3,0 4,3,1 4,4,0 G6

          ________
         /        \
    ____/_______   \
    \           \  /\
     \___________\/  \
     /       /        \
    /   ____/__________\____
   /   /\       \   \      /
  /___/  \____   \   \    /
 /    \      /   /   /    \
/      \    /___/   /______\
\      /\   \   \   \      /
 \____/  \___\   \___\    /
  \       \       \      /
   \____   \_______\____/
        \  /
         \/

solution 5:
1,2,1 1,3,0 1,3,1 2,2,0 2,2,1 2,3,0 O6
2,1,1 3,1,0 3,1,1 3,2,0 4,0,1 4,1,0 H6
1,4,0 1,4,1 1,5,0 1,5,1 2,5,0 2,5,1 C6
0,6,1 1,6,0 1,6,1 1,7,0 1,7,1 2,7,0 S6
2,6,0 2,6,1 2,7,1 3,6,0 3,6,1 3,7,0 G6
3,5,0 3,5,1 4,5,0 4,5,1 4,6,0 5,5,0 P6
5,4,0 5,4,1 6,3,0 6,3,1 6,4,0 6,4,1 V6
6,2,1 7,1,0 7,1,1 7,2,0 7,2,1 7,3,0 E6
2,4,0 2,4,1 3,4,0 3,4,1 4,4,0 4,4,1 I6
2,3,1 3,2,1 3,3,0 3,3,1 4,2,1 4,3,0 F6
4,1,1 4,2,0 5,1,0 5,1,1 6,1,0 6,1,1 J6
4,3,1 5,2,0 5,2,1 5,3,0 5,3,1 6,2,0 X6

          ________
         /    \   \
    ____/   ___\   \
    \      /       /\
     \____/_______/  \
     /       /        \
    /   ____/__________\____
   /   /           /       /
  /___/___________/___    /
 /    \       \      /   /\
/      \       \    /___/  \
\      /\  /\  /    \      /
 \____/  \/  \/______\    /
  \       \          /   /
   \____   \________/___/
        \  /
         \/

solution 6:
1,2,1 1,3,0 1,3,1 2,2,0 2,2,1 2,3,0 O6
2,1,1 3,1,0 3,1,1 3,2,0 4,0,1 4,1,0 H6
1,4,0 1,4,1 1,5,0 1,5,1 2,5,0 2,5,1 C6
0,6,1 1,6,0 1,6,1 1,7,0 1,7,1 2,7,0 S6
2,6,0 2,6,1 2,7,1 3,6,0 3,6,1 3,7,0 G6
3,5,0 3,5,1 4,5,0 4,5,1 4,6,0 5,5,0 P6
5,4,1 6,3,0 6,3,1 6,4,0 6,4,1 7,3,0 X6
6,2,0 6,2,1 7,1,0 7,1,1 7,2,0 7,2,1 V6
4,1,1 4,2,0 5,1,0 5,1,1 6,1,0 6,1,1 J6
2,3,1 3,2,1 3,3,0 3,3,1 4,2,1 4,3,0 F6
2,4,0 2,4,1 3,4,0 3,4,1 4,4,0 4,4,1 I6
4,3,1 5,2,0 5,2,1 5,3,0 5,3,1 5,4,0 E6

          ________
         /    \   \
    ____/   ___\   \
    \      /       /\
     \____/_______/  \
     /       /        \
    /   ____/__________\____
   /   /           /\      /
  /___/___________/  \    /
 /    \       \      /    \
/      \       \    /______\
\      /\  /\  /   /       /
 \____/  \/  \/___/___    /
  \       \          /   /
   \____   \________/___/
        \  /
         \/

solution 7:
1,2,1 1,3,0 1,3,1 2,2,0 2,2,1 2,3,0 O6
2,1,1 3,1,0 3,1,1 3,2,0 4,0,1 4,1,0 H6
1,4,0 1,4,1 1,5,0 1,5,1 2,5,0 2,5,1 C6
0,6,1 1,6,0 1,6,1 1,7,0 1,7,1 2,7,0 S6
2,6,0 2,6,1 2,7,1 3,6,0 3,6,1 3,7,0 G6
3,5,0 3,5,1 4,5,0 4,5,1 4,6,0 5,5,0 P6
5,4,1 6,3,0 6,3,1 6,4,0 6,4,1 7,3,0 X6
6,2,0 6,2,1 7,1,0 7,1,1 7,2,0 7,2,1 V6
4,2,1 4,3,0 5,1,1 5,2,0 6,1,0 6,1,1 J6
2,3,1 3,2,1 3,3,0 4,1,1 4,2,0 5,1,0 I6
2,4,0 2,4,1 3,3,1 3,4,0 3,4,1 4,4,0 E6
4,3,1 4,4,1 5,2,1 5,3,0 5,3,1 5,4,0 F6

          ________
         /    \   \
    ____/   ___\   \
    \      /       /\
     \____/_______/  \
     /       /        \
    /   ____/__________\____
   /   /        \   \      /
  /___/___    ___\   \    /
 /    \   \  /\      /    \
/      \   \/  \    /______\
\      /\   \   \  /       /
 \____/  \   \   \/___    /
  \       \   \      /   /
   \____   \___\____/___/
        \  /
         \/

solution 8:
1,2,1 1,3,0 1,3,1 2,2,0 2,2,1 2,3,0 O6
2,1,1 3,1,0 3,1,1 3,2,0 4,0,1 4,1,0 H6
1,4,0 1,4,1 2,4,0 2,4,1 2,5,0 2,5,1 C6
0,6,1 1,5,0 1,5,1 1,6,0 1,6,1 1,7,0 E6
1,7,1 2,6,0 2,6,1 2,7,0 2,7,1 3,6,0 X6
3,6,1 3,7,0 4,5,1 4,6,0 5,4,1 5,5,0 I6
6,3,1 6,4,0 6,4,1 7,2,0 7,2,1 7,3,0 S6
6,1,1 6,2,0 6,2,1 6,3,0 7,1,0 7,1,1 G6
4,1,1 4,2,0 5,1,0 5,1,1 5,2,0 6,1,0 F6
2,3,1 3,2,1 3,3,0 3,3,1 3,4,0 3,4,1 P6
3,5,0 3,5,1 4,4,1 4,5,0 5,3,1 5,4,0 J6
4,2,1 4,3,0 4,3,1 4,4,0 5,2,1 5,3,0 V6

          ________
         /\      /\
    ____/  \    /  \
    \      /    \   \
     \    /______\   \
     /   /   /    \   \
    /___/   /___   \   \____
   /       /   /\   \  /   /
  /_______/   /  \   \/   /
 /    \      /    \  /\   \
/      \    /      \/  \   \
\      /\  /\  /\  /   /   /
 \____/  \/  \/  \/   /___/
  \       \       \      /
   \____   \_______\____/
        \  /
         \/

solution 9:
1,2,1 1,3,0 1,3,1 2,2,0 2,2,1 2,3,0 O6
2,1,1 3,1,0 3,1,1 3,2,0 4,0,1 4,1,0 H6
1,4,0 1,4,1 2,4,0 2,4,1 2,5,0 2,5,1 C6
0,6,1 1,5,0 1,5,1 1,6,0 1,6,1 1,7,0 E6
1,7,1 2,6,0 2,6,1 2,7,0 2,7,1 3,6,0 X6
3,6,1 3,7,0 4,5,1 4,6,0 5,4,1 5,5,0 I6
6,3,1 6,4,0 6,4,1 7,2,0 7,2,1 7,3,0 S6
6,1,0 6,1,1 6,2,0 6,2,1 7,1,0 7,1,1 V6
2,3,1 3,2,1 3,3,0 3,3,1 3,4,0 3,4,1 P6
3,5,0 3,5,1 4,4,0 4,4,1 4,5,0 5,4,0 F6
4,2,1 4,3,0 4,3,1 5,3,0 5,3,1 6,3,0 J6
4,1,1 4,2,0 5,1,0 5,1,1 5,2,0 5,2,1 G6

          ________
         /\      /\
    ____/  \    /  \
    \      /    \   \
     \    /______\   \
     /   /   /    \   \
    /___/   /___   \   \____
   /       /   /    \  /   /
  /_______/   /______\/   /
 /    \      /        \   \
/      \    /   _______\   \
\      /\  /\  /   /   /   /
 \____/  \/  \/   /   /___/
  \       \      /       /
   \____   \____/_______/
        \  /
         \/

solution 10:
1,2,1 1,3,0 1,3,1 2,2,0 2,2,1 2,3,0 O6
2,1,1 3,1,0 3,1,1 3,2,0 4,0,1 4,1,0 H6
1,4,0 1,4,1 1,5,0 2,4,0 2,4,1 2,5,0 F6
0,6,1 1,5,1 1,6,0 1,6,1 1,7,0 1,7,1 P6
2,3,1 3,2,1 3,3,0 4,1,1 4,2,0 5,1,0 I6
6,3,1 6,4,0 6,4,1 7,2,0 7,2,1 7,3,0 S6
5,1,1 6,1,0 6,1,1 6,2,0 7,1,0 7,1,1 E6
5,3,1 5,4,0 5,4,1 5,5,0 6,2,1 6,3,0 C6
3,3,1 4,2,1 4,3,0 5,2,0 5,2,1 5,3,0 G6
3,4,0 3,4,1 3,5,0 4,3,1 4,4,0 4,4,1 X6
2,5,1 2,6,0 2,6,1 2,7,0 3,5,1 3,6,0 V6
2,7,1 3,6,1 3,7,0 4,5,0 4,5,1 4,6,0 J6

          ________
         /   /\   \
    ____/   /  \   \
    \      /    \   \
     \    /      \   \
     /\  /\  /\  /   /\
    /  \/  \/  \/___/  \____
   /       /       /   /   /
  /_______/___    /   /   /
 /    \   \   \  /\   \   \
/      \   \   \/  \   \   \
\      /\   \      /\  /   /
 \____/  \   \____/  \/___/
  \       \   \          /
   \____   \___\________/
        \  /
         \/

...

solution 993:
6,2,1 6,3,0 6,3,1 7,2,0 7,2,1 7,3,0 O6
5,2,0 5,2,1 6,1,1 6,2,0 7,1,0 7,1,1 S6
4,0,1 4,1,0 4,1,1 5,1,0 5,1,1 6,1,0 J6
5,3,1 5,4,0 5,4,1 5,5,0 6,4,0 6,4,1 H6
0,6,1 1,6,0 1,6,1 1,7,0 2,6,0 2,6,1 E6
1,7,1 2,7,0 2,7,1 3,6,1 3,7,0 4,6,0 C6
3,5,0 3,5,1 3,6,0 4,4,1 4,5,0 4,5,1 X6
3,4,0 3,4,1 4,3,0 4,3,1 4,4,0 5,3,0 F6
3,2,0 3,2,1 3,3,0 3,3,1 4,2,0 4,2,1 V6
2,1,1 2,2,0 2,2,1 2,3,0 3,1,0 3,1,1 G6
1,2,1 1,3,0 1,3,1 1,4,0 1,4,1 1,5,0 I6
1,5,1 2,3,1 2,4,0 2,4,1 2,5,0 2,5,1 P6

          ________
         /\       \
    ____/  \____   \
    \          /\   \
     \________/  \___\
     /\      /       /\
    /  \    /___    /  \____
   /   /   /    \  /       /
  /   /   /___   \/   ____/
 /   /\  /   /    \  /    \
/   /  \/   /______\/      \
\  /   /       /    \      /
 \/   /_______/___   \____/
  \      /        \      /
   \____/   _______\____/
        \  /
         \/

993 solutions, 388,576 searches, duration 0:01:38.127000
