solving OneSidedHexiamondsTrefoil9:

solution 1 (20,228 searches):
05,00,1 05,01,0 05,01,1 06,00,0 06,00,1 06,01,0 O6
04,01,1 04,02,0 04,02,1 04,03,0 04,03,1 05,02,0 E6
07,00,0 07,00,1 07,01,0 07,01,1 07,02,0 07,02,1 i6
06,01,1 06,02,0 06,02,1 06,03,0 06,03,1 07,03,0 j6
04,04,0 04,04,1 05,02,1 05,03,0 05,03,1 05,04,0 G6
00,10,0 00,10,1 00,11,0 00,11,1 01,11,0 01,11,1 C6
02,10,0 02,10,1 02,11,0 03,09,1 03,10,0 04,09,0 P6
00,09,1 01,08,1 01,09,0 01,09,1 01,10,0 01,10,1 p6
02,07,1 02,08,0 02,08,1 02,09,0 02,09,1 03,07,0 J6
03,07,1 03,08,0 03,08,1 03,09,0 04,08,0 04,08,1 H6
04,06,0 04,06,1 04,07,0 04,07,1 05,06,0 05,06,1 V6
05,07,0 05,07,1 06,06,1 06,07,0 07,06,0 07,06,1 S6
07,07,0 07,07,1 08,07,0 08,07,1 09,07,0 09,07,1 I6
04,05,1 05,04,1 05,05,0 05,05,1 06,04,0 06,04,1 F6
06,05,0 06,05,1 06,06,0 07,04,0 07,04,1 07,05,0 f6
09,06,1 10,05,1 10,06,0 10,06,1 10,07,0 11,06,0 X6
10,04,1 10,05,0 11,04,0 11,04,1 11,05,0 11,05,1 g6
08,04,1 09,04,0 09,04,1 09,05,0 09,05,1 10,04,0 h6
07,05,1 08,05,0 08,05,1 08,06,0 08,06,1 09,06,0 s6

    ________
   /       /\
  /   ____/  \
 /   /   /    \
/___/   /___   \
\      /   /\   \
 \    /   /  \___\
  \  /   /       /
   \/   /   ____/___    ____________
    \   \  /   /    \  /           /\
     \___\/   /___   \/___________/  \
         /       /\      /    \       \
        /_______/  \____/   ___\    ___\
        \      /    \      /   /\  /   /
      ___\    /___   \____/   /  \/   /
     /    \      /   /\       \      /
    /___   \____/___/  \_______\____/
   /   /   /    \
  /   /   /   ___\
 /    \  /   /   /
/   ___\/   /   /
\  /    \  /   /
 \/      \/   /
  \      /   /
   \____/___/

solution 2 (30,018 searches):
05,00,1 05,01,0 05,01,1 06,00,0 06,00,1 06,01,0 O6
04,01,1 04,02,0 04,02,1 04,03,0 04,03,1 05,02,0 E6
07,00,0 07,00,1 07,01,0 07,01,1 07,02,0 07,02,1 i6
06,01,1 06,02,0 06,02,1 06,03,0 06,03,1 07,03,0 j6
04,04,0 04,04,1 05,02,1 05,03,0 05,03,1 05,04,0 G6
00,10,0 00,10,1 00,11,0 00,11,1 01,10,0 01,10,1 V6
01,11,0 01,11,1 02,10,1 02,11,0 03,09,1 03,10,0 J6
03,07,1 03,08,0 03,08,1 04,08,0 04,08,1 04,09,0 S6
00,09,1 01,08,1 01,09,0 02,07,1 02,08,0 03,07,0 I6
01,09,1 02,08,1 02,09,0 02,09,1 02,10,0 03,09,0 X6
04,06,0 04,06,1 04,07,0 04,07,1 05,07,0 05,07,1 C6
04,05,1 05,05,0 05,05,1 05,06,0 05,06,1 06,06,0 s6
05,04,1 06,04,0 06,04,1 06,05,0 06,05,1 07,04,0 h6
06,06,1 06,07,0 07,06,0 07,06,1 07,07,0 08,06,0 f6
07,04,1 07,05,0 07,05,1 08,04,1 08,05,0 08,05,1 F6
07,07,1 08,06,1 08,07,0 09,05,1 09,06,0 09,06,1 P6
08,07,1 09,07,0 09,07,1 10,06,0 10,06,1 10,07,0 g6
10,05,0 10,05,1 11,04,1 11,05,0 11,05,1 11,06,0 H6
09,04,0 09,04,1 09,05,0 10,04,0 10,04,1 11,04,0 p6

    ________
   /   /    \
  /   /___   \
 /       /\   \
/_______/  \   \
\   \       \  /\
 \   \    ___\/  \
  \   \  /       /
   \   \/   ____/___    ____________
    \   \  /       /\  /\   \       \
     \___\/   ____/  \/  \   \____   \
         /   /    \       \      /   /\
        /___/   ___\_______\    /___/  \
        \      /   /       /\  /       /
      ___\____/   /       /  \/___    /
     /    \       \  /\  /        \  /
    /___   \_______\/  \/__________\/
   /   /   /    \
  /   /   /   ___\
 /    \  /   /   /
/   ___\/   /   /
\  /    \  /   /
 \/      \/   /
  \      /   /
   \____/___/

solution 3 (30,232 searches):
05,00,1 05,01,0 05,01,1 06,00,0 06,00,1 06,01,0 O6
04,01,1 04,02,0 04,02,1 04,03,0 04,03,1 05,02,0 E6
07,00,0 07,00,1 07,01,0 07,01,1 07,02,0 07,02,1 i6
06,01,1 06,02,0 06,02,1 06,03,0 06,03,1 07,03,0 j6
04,04,0 04,04,1 05,02,1 05,03,0 05,03,1 05,04,0 G6
00,10,0 00,10,1 00,11,0 00,11,1 01,10,0 01,10,1 V6
01,11,0 01,11,1 02,10,1 02,11,0 03,09,1 03,10,0 J6
03,07,1 03,08,0 03,08,1 04,08,0 04,08,1 04,09,0 S6
00,09,1 01,08,1 01,09,0 02,07,1 02,08,0 03,07,0 I6
01,09,1 02,08,1 02,09,0 02,09,1 02,10,0 03,09,0 X6
04,06,0 04,06,1 04,07,0 04,07,1 05,05,1 05,06,0 h6
04,05,1 05,04,1 05,05,0 06,04,0 06,04,1 07,04,0 C6
05,06,1 05,07,0 05,07,1 06,05,0 06,05,1 06,06,0 s6
06,06,1 06,07,0 07,06,0 07,06,1 07,07,0 08,06,0 f6
07,04,1 07,05,0 07,05,1 08,04,1 08,05,0 08,05,1 F6
07,07,1 08,06,1 08,07,0 09,05,1 09,06,0 09,06,1 P6
08,07,1 09,07,0 09,07,1 10,06,0 10,06,1 10,07,0 g6
10,05,0 10,05,1 11,04,1 11,05,0 11,05,1 11,06,0 H6
09,04,0 09,04,1 09,05,0 10,04,0 10,04,1 11,04,0 p6

    ________
   /   /    \
  /   /___   \
 /       /\   \
/_______/  \   \
\   \       \  /\
 \   \    ___\/  \
  \   \  /       /
   \   \/   ____/___    ____________
    \   \  /   /   /\  /\   \       \
     \___\/   /   /  \/  \   \____   \
         /    \   \       \      /   /\
        /___   \   \_______\    /___/  \
        \   \  /   /       /\  /       /
      ___\   \/___/       /  \/___    /
     /    \       \  /\  /        \  /
    /___   \_______\/  \/__________\/
   /   /   /    \
  /   /   /   ___\
 /    \  /   /   /
/   ___\/   /   /
\  /    \  /   /
 \/      \/   /
  \      /   /
   \____/___/

solution 4 (31,142 searches):
05,00,1 05,01,0 05,01,1 06,00,0 06,00,1 06,01,0 O6
04,01,1 04,02,0 04,02,1 04,03,0 04,03,1 05,02,0 E6
07,00,0 07,00,1 07,01,0 07,01,1 07,02,0 07,02,1 i6
06,01,1 06,02,0 06,02,1 06,03,0 06,03,1 07,03,0 j6
04,04,0 04,04,1 05,02,1 05,03,0 05,03,1 05,04,0 G6
00,09,1 00,10,0 01,08,1 01,09,0 01,09,1 01,10,0 V6
00,10,1 00,11,0 00,11,1 01,10,1 01,11,0 01,11,1 F6
02,10,0 02,10,1 02,11,0 03,09,0 03,09,1 03,10,0 f6
02,07,1 02,08,0 02,08,1 02,09,0 02,09,1 03,07,0 J6
03,07,1 03,08,0 03,08,1 04,08,0 04,08,1 04,09,0 S6
04,06,0 04,06,1 04,07,0 04,07,1 05,07,0 05,07,1 C6
04,05,1 05,04,1 05,05,0 05,05,1 05,06,0 06,04,0 H6
06,04,1 06,05,0 07,04,0 07,04,1 07,05,0 07,05,1 g6
05,06,1 06,05,1 06,06,0 06,06,1 06,07,0 07,06,0 X6
07,06,1 08,04,1 08,05,0 08,05,1 08,06,0 08,06,1 P6
07,07,0 07,07,1 08,07,0 08,07,1 09,07,0 09,07,1 I6
09,04,0 09,04,1 09,05,0 10,04,0 10,04,1 11,04,0 p6
09,05,1 09,06,0 10,05,0 10,05,1 11,04,1 11,05,0 s6
09,06,1 10,06,0 10,06,1 10,07,0 11,05,1 11,06,0 h6

    ________
   /       /\
  /       /  \
 /\  /\  /    \
/  \/  \/___   \
\      /   /   /\
 \    /   /___/  \
  \  /   /       /
   \/   /   ____/___    ____________
    \   \  /       /\  /           /\
     \___\/   ____/  \/___________/  \
         /   /\       \      /\       \
        /___/  \    ___\    /  \____   \
        \      /\  /   /   /\       \  /
      ___\    /  \/   /   /  \____   \/
     /    \   \      /\  /        \  /
    /___   \___\____/  \/__________\/
   /   /   /    \
  /   /   /   ___\
 /    \  /   /   /
/   ___\/   /   /
\  /    \  /   /
 \/      \/   /
  \      /   /
   \____/___/

solution 5 (31,186 searches):
05,00,1 05,01,0 05,01,1 06,00,0 06,00,1 06,01,0 O6
04,01,1 04,02,0 04,02,1 04,03,0 04,03,1 05,02,0 E6
07,00,0 07,00,1 07,01,0 07,01,1 07,02,0 07,02,1 i6
06,01,1 06,02,0 06,02,1 06,03,0 06,03,1 07,03,0 j6
04,04,0 04,04,1 05,02,1 05,03,0 05,03,1 05,04,0 G6
00,09,1 00,10,0 01,08,1 01,09,0 01,09,1 01,10,0 V6
00,10,1 00,11,0 00,11,1 01,10,1 01,11,0 01,11,1 F6
02,10,0 02,10,1 02,11,0 03,09,0 03,09,1 03,10,0 f6
02,07,1 02,08,0 02,08,1 02,09,0 02,09,1 03,07,0 J6
03,07,1 03,08,0 03,08,1 04,08,0 04,08,1 04,09,0 S6
04,05,1 04,06,0 04,06,1 04,07,0 05,04,1 05,05,0 C6
04,07,1 05,06,0 05,06,1 05,07,0 05,07,1 06,06,0 X6
05,05,1 06,04,0 06,04,1 06,05,0 07,04,0 07,04,1 H6
06,05,1 06,06,1 06,07,0 07,05,0 07,05,1 07,06,0 g6
07,06,1 08,04,1 08,05,0 08,05,1 08,06,0 08,06,1 P6
07,07,0 07,07,1 08,07,0 08,07,1 09,07,0 09,07,1 I6
09,04,0 09,04,1 09,05,0 10,04,0 10,04,1 11,04,0 p6
09,05,1 09,06,0 10,05,0 10,05,1 11,04,1 11,05,0 s6
09,06,1 10,06,0 10,06,1 10,07,0 11,05,1 11,06,0 h6

    ________
   /       /\
  /       /  \
 /\  /\  /    \
/  \/  \/___   \
\      /   /   /\
 \    /   /___/  \
  \  /   /       /
   \/   /   ____/___    ____________
    \   \  /\      /\  /           /\
     \___\/  \    /  \/___________/  \
         /   /    \   \      /\       \
        /   /______\   \    /  \____   \
        \   \   \      /   /\       \  /
      ___\   \   \____/   /  \____   \/
     /    \  /       /\  /        \  /
    /___   \/_______/  \/__________\/
   /   /   /    \
  /   /   /   ___\
 /    \  /   /   /
/   ___\/   /   /
\  /    \  /   /
 \/      \/   /
  \      /   /
   \____/___/

solution 6 (31,222 searches):
05,00,1 05,01,0 05,01,1 06,00,0 06,00,1 06,01,0 O6
04,01,1 04,02,0 04,02,1 04,03,0 04,03,1 05,02,0 E6
07,00,0 07,00,1 07,01,0 07,01,1 07,02,0 07,02,1 i6
06,01,1 06,02,0 06,02,1 06,03,0 06,03,1 07,03,0 j6
04,04,0 04,04,1 05,02,1 05,03,0 05,03,1 05,04,0 G6
00,09,1 00,10,0 01,08,1 01,09,0 01,09,1 01,10,0 V6
00,10,1 00,11,0 00,11,1 01,10,1 01,11,0 01,11,1 F6
02,10,0 02,10,1 02,11,0 03,09,0 03,09,1 03,10,0 f6
02,07,1 02,08,0 02,08,1 02,09,0 02,09,1 03,07,0 J6
03,07,1 03,08,0 03,08,1 04,08,0 04,08,1 04,09,0 S6
04,05,1 04,06,0 04,06,1 04,07,0 05,04,1 05,05,0 C6
04,07,1 05,06,0 05,06,1 05,07,0 05,07,1 06,07,0 h6
05,05,1 06,04,0 06,04,1 06,05,0 07,04,0 07,04,1 H6
06,05,1 06,06,0 07,05,0 07,05,1 08,04,1 08,05,0 s6
06,06,1 07,06,0 07,06,1 08,05,1 08,06,0 08,06,1 p6
07,07,0 07,07,1 08,07,0 08,07,1 09,07,0 09,07,1 I6
09,04,0 09,04,1 09,05,0 09,05,1 09,06,0 10,04,0 P6
10,04,1 10,05,0 11,04,0 11,04,1 11,05,0 11,05,1 g6
09,06,1 10,05,1 10,06,0 10,06,1 10,07,0 11,06,0 X6

    ________
   /       /\
  /       /  \
 /\  /\  /    \
/  \/  \/___   \
\      /   /   /\
 \    /   /___/  \
  \  /   /       /
   \/   /   ____/___    ____________
    \   \  /\       \  /           /\
     \___\/  \    ___\/___________/  \
         /   /   /\          /\       \
        /   /___/  \____    /  \    ___\
        \   \   \       \  /   /\  /   /
      ___\   \   \____   \/   /  \/   /
     /    \  /       /\  /    \      /
    /___   \/_______/  \/______\____/
   /   /   /    \
  /   /   /   ___\
 /    \  /   /   /
/   ___\/   /   /
\  /    \  /   /
 \/      \/   /
  \      /   /
   \____/___/

solution 7 (31,247 searches):
05,00,1 05,01,0 05,01,1 06,00,0 06,00,1 06,01,0 O6
04,01,1 04,02,0 04,02,1 04,03,0 04,03,1 05,02,0 E6
07,00,0 07,00,1 07,01,0 07,01,1 07,02,0 07,02,1 i6
06,01,1 06,02,0 06,02,1 06,03,0 06,03,1 07,03,0 j6
04,04,0 04,04,1 05,02,1 05,03,0 05,03,1 05,04,0 G6
00,09,1 00,10,0 01,08,1 01,09,0 01,09,1 01,10,0 V6
00,10,1 00,11,0 00,11,1 01,10,1 01,11,0 01,11,1 F6
02,10,0 02,10,1 02,11,0 03,09,0 03,09,1 03,10,0 f6
02,07,1 02,08,0 02,08,1 02,09,0 02,09,1 03,07,0 J6
03,07,1 03,08,0 03,08,1 04,08,0 04,08,1 04,09,0 S6
04,05,1 04,06,0 04,06,1 04,07,0 05,06,0 05,06,1 H6
04,07,1 05,07,0 05,07,1 06,06,1 06,07,0 07,06,0 C6
05,04,1 05,05,0 05,05,1 06,04,0 06,04,1 07,04,0 g6
06,05,0 06,05,1 06,06,0 07,04,1 07,05,0 07,05,1 X6
07,06,1 08,04,1 08,05,0 08,05,1 08,06,0 08,06,1 P6
07,07,0 07,07,1 08,07,0 08,07,1 09,07,0 09,07,1 I6
09,04,0 09,04,1 09,05,0 10,04,0 10,04,1 11,04,0 p6
09,05,1 09,06,0 10,05,0 10,05,1 11,04,1 11,05,0 s6
09,06,1 10,06,0 10,06,1 10,07,0 11,05,1 11,06,0 h6

    ________
   /       /\
  /       /  \
 /\  /\  /    \
/  \/  \/___   \
\      /   /   /\
 \    /   /___/  \
  \  /   /       /
   \/   /   ____/___    ____________
    \   \  /\       \  /           /\
     \___\/  \____   \/___________/  \
         /       /\   \      /\       \
        /   ____/  \___\    /  \____   \
        \  /   /       /   /\       \  /
      ___\/   /___    /   /  \____   \/
     /    \       \  /\  /        \  /
    /___   \_______\/  \/__________\/
   /   /   /    \
  /   /   /   ___\
 /    \  /   /   /
/   ___\/   /   /
\  /    \  /   /
 \/      \/   /
  \      /   /
   \____/___/

solution 8 (31,279 searches):
05,00,1 05,01,0 05,01,1 06,00,0 06,00,1 06,01,0 O6
04,01,1 04,02,0 04,02,1 04,03,0 04,03,1 05,02,0 E6
07,00,0 07,00,1 07,01,0 07,01,1 07,02,0 07,02,1 i6
06,01,1 06,02,0 06,02,1 06,03,0 06,03,1 07,03,0 j6
04,04,0 04,04,1 05,02,1 05,03,0 05,03,1 05,04,0 G6
00,09,1 00,10,0 01,08,1 01,09,0 01,09,1 01,10,0 V6
00,10,1 00,11,0 00,11,1 01,10,1 01,11,0 01,11,1 F6
02,10,0 02,10,1 02,11,0 03,09,0 03,09,1 03,10,0 f6
02,07,1 02,08,0 02,08,1 02,09,0 02,09,1 03,07,0 J6
03,07,1 03,08,0 03,08,1 04,08,0 04,08,1 04,09,0 S6
04,06,0 04,06,1 04,07,0 05,05,1 05,06,0 05,06,1 X6
04,05,1 05,04,1 05,05,0 06,04,0 06,04,1 07,04,0 C6
04,07,1 05,07,0 05,07,1 06,06,0 06,06,1 06,07,0 g6
06,05,0 06,05,1 07,04,1 07,05,0 07,05,1 07,06,0 H6
07,06,1 08,04,1 08,05,0 08,05,1 08,06,0 08,06,1 P6
07,07,0 07,07,1 08,07,0 08,07,1 09,07,0 09,07,1 I6
09,04,0 09,04,1 09,05,0 10,04,0 10,04,1 11,04,0 p6
09,05,1 09,06,0 10,05,0 10,05,1 11,04,1 11,05,0 s6
09,06,1 10,06,0 10,06,1 10,07,0 11,05,1 11,06,0 h6

    ________
   /       /\
  /       /  \
 /\  /\  /    \
/  \/  \/___   \
\      /   /   /\
 \    /   /___/  \
  \  /   /       /
   \/   /   ____/___    ____________
    \   \  /\       \  /           /\
     \___\/  \____   \/___________/  \
         /       /   /\      /\       \
        /___    /___/  \    /  \____   \
        \   \  /       /   /\       \  /
      ___\   \/___    /   /  \____   \/
     /    \       \  /\  /        \  /
    /___   \_______\/  \/__________\/
   /   /   /    \
  /   /   /   ___\
 /    \  /   /   /
/   ___\/   /   /
\  /    \  /   /
 \/      \/   /
  \      /   /
   \____/___/

solution 9 (31,322 searches):
05,00,1 05,01,0 05,01,1 06,00,0 06,00,1 06,01,0 O6
04,01,1 04,02,0 04,02,1 04,03,0 04,03,1 05,02,0 E6
07,00,0 07,00,1 07,01,0 07,01,1 07,02,0 07,02,1 i6
06,01,1 06,02,0 06,02,1 06,03,0 06,03,1 07,03,0 j6
04,04,0 04,04,1 05,02,1 05,03,0 05,03,1 05,04,0 G6
00,09,1 00,10,0 01,08,1 01,09,0 01,09,1 01,10,0 V6
00,10,1 00,11,0 00,11,1 01,10,1 01,11,0 01,11,1 F6
02,10,0 02,10,1 02,11,0 03,09,0 03,09,1 03,10,0 f6
02,07,1 02,08,0 02,08,1 02,09,0 02,09,1 03,07,0 J6
03,07,1 03,08,0 03,08,1 04,08,0 04,08,1 04,09,0 S6
04,06,0 04,06,1 04,07,0 04,07,1 05,06,1 05,07,0 g6
05,07,1 06,05,1 06,06,0 06,06,1 06,07,0 07,06,0 H6
04,05,1 05,04,1 05,05,0 05,05,1 05,06,0 06,05,0 X6
06,04,0 06,04,1 07,04,0 07,04,1 07,05,0 07,05,1 C6
07,06,1 08,04,1 08,05,0 08,05,1 08,06,0 08,06,1 P6
07,07,0 07,07,1 08,07,0 08,07,1 09,07,0 09,07,1 I6
09,04,0 09,04,1 09,05,0 10,04,0 10,04,1 11,04,0 p6
09,05,1 09,06,0 10,05,0 10,05,1 11,04,1 11,05,0 s6
09,06,1 10,06,0 10,06,1 10,07,0 11,05,1 11,06,0 h6

    ________
   /       /\
  /       /  \
 /\  /\  /    \
/  \/  \/___   \
\      /   /   /\
 \    /   /___/  \
  \  /   /       /
   \/   /   ____/___    ____________
    \   \  /    \   \  /           /\
     \___\/      \   \/___________/  \
         /   /\  /    \      /\       \
        /___/  \/   ___\    /  \____   \
        \       \  /   /   /\       \  /
      ___\    ___\/   /   /  \____   \/
     /    \  /       /\  /        \  /
    /___   \/_______/  \/__________\/
   /   /   /    \
  /   /   /   ___\
 /    \  /   /   /
/   ___\/   /   /
\  /    \  /   /
 \/      \/   /
  \      /   /
   \____/___/

solution 10 (31,354 searches):
05,00,1 05,01,0 05,01,1 06,00,0 06,00,1 06,01,0 O6
04,01,1 04,02,0 04,02,1 04,03,0 04,03,1 05,02,0 E6
07,00,0 07,00,1 07,01,0 07,01,1 07,02,0 07,02,1 i6
06,01,1 06,02,0 06,02,1 06,03,0 06,03,1 07,03,0 j6
04,04,0 04,04,1 05,02,1 05,03,0 05,03,1 05,04,0 G6
00,09,1 00,10,0 01,08,1 01,09,0 01,09,1 01,10,0 V6
00,10,1 00,11,0 00,11,1 01,10,1 01,11,0 01,11,1 F6
02,10,0 02,10,1 02,11,0 03,09,0 03,09,1 03,10,0 f6
02,07,1 02,08,0 02,08,1 02,09,0 02,09,1 03,07,0 J6
03,07,1 03,08,0 03,08,1 04,08,0 04,08,1 04,09,0 S6
04,05,1 04,06,0 04,06,1 05,04,1 05,05,0 05,06,0 g6
04,07,0 04,07,1 05,06,1 05,07,0 05,07,1 06,06,0 H6
05,05,1 06,04,0 06,04,1 06,05,0 06,05,1 07,04,0 X6
06,06,1 06,07,0 07,04,1 07,05,0 07,05,1 07,06,0 C6
07,06,1 08,04,1 08,05,0 08,05,1 08,06,0 08,06,1 P6
07,07,0 07,07,1 08,07,0 08,07,1 09,07,0 09,07,1 I6
09,04,0 09,04,1 09,05,0 10,04,0 10,04,1 11,04,0 p6
09,05,1 09,06,0 10,05,0 10,05,1 11,04,1 11,05,0 s6
09,06,1 10,06,0 10,06,1 10,07,0 11,05,1 11,06,0 h6

    ________
   /       /\
  /       /  \
 /\  /\  /    \
/  \/  \/___   \
\      /   /   /\
 \    /   /___/  \
  \  /   /       /
   \/   /   ____/___    ____________
    \   \  /       /\  /           /\
     \___\/___    /  \/___________/  \
         /    \   \   \      /\       \
        /   ___\___\   \    /  \____   \
        \   \      /   /   /\       \  /
      ___\   \    /   /   /  \____   \/
     /    \  /    \  /\  /        \  /
    /___   \/______\/  \/__________\/
   /   /   /    \
  /   /   /   ___\
 /    \  /   /   /
/   ___\/   /   /
\  /    \  /   /
 \/      \/   /
  \      /   /
   \____/___/

User-requested solution limit reached.
10 solutions, 31,354 searches, duration 0:00:01.312121
