solving OneSidedHexiamondsHexagram:

solution 1:
00,08,1 01,07,1 01,08,0 02,07,0 02,07,1 03,07,0 C6
01,08,1 02,08,0 02,08,1 03,08,0 03,08,1 03,09,0 J6
03,09,1 03,10,0 03,10,1 03,11,0 04,09,0 04,10,0 F6
04,08,0 04,08,1 04,09,1 05,08,0 05,08,1 05,09,0 G6
07,01,1 07,02,0 07,02,1 08,00,1 08,01,0 08,01,1 f6
06,08,1 07,08,0 07,08,1 08,07,1 08,08,0 08,08,1 p6
03,03,0 03,03,1 03,04,0 03,04,1 04,03,0 04,03,1 V6
09,03,0 09,03,1 10,03,0 10,03,1 10,04,0 11,03,0 P6
07,03,1 07,04,0 07,04,1 08,02,0 08,02,1 08,03,0 s6
08,03,1 08,04,0 08,04,1 09,04,0 09,04,1 09,05,0 S6
02,06,1 03,05,0 03,05,1 03,06,0 04,05,0 04,05,1 H6
04,04,0 04,04,1 05,04,0 05,04,1 06,04,0 06,04,1 I6
05,03,0 05,03,1 06,02,1 06,03,0 06,03,1 07,03,0 E6
03,06,1 04,06,0 04,06,1 05,05,0 05,05,1 05,06,0 g6
03,07,1 04,07,0 04,07,1 05,07,0 05,07,1 06,07,0 i6
05,06,1 06,05,0 06,05,1 06,06,0 06,06,1 07,05,0 X6
06,07,1 06,08,0 07,06,0 07,06,1 07,07,0 07,07,1 h6
07,05,1 08,05,0 08,05,1 08,06,0 08,06,1 08,07,0 j6
10,00,1 10,01,0 10,01,1 11,00,0 11,00,1 11,01,0 O6

                 /\
                /  \
               /    \
              /   ___\
             /\   \   \
____________/  \___\   \____________
\   \          /       /\          /
 \   \________/_______/  \____    /
  \       \           \      /\  /
   \_______\___________\    /  \/
    \   \       \      /   /   /
     \   \____   \    /___/   /
     /       /   /    \      /\
    /_______/___/______\____/  \
   /   /           /   /       /\
  /   /___________/   /   ____/  \
 /       /        \   \  /        \
/_______/___    ___\   \/__________\
            \  /   /   /
             \/   /___/   ____
              \      /   /    \
               \    /   /      \
                \  /    \      /
                 \/      \____/

solution 2:
00,08,1 01,07,1 01,08,0 02,07,0 02,07,1 03,07,0 C6
01,08,1 02,08,0 02,08,1 03,08,0 03,08,1 03,09,0 J6
03,09,1 03,10,0 03,10,1 03,11,0 04,09,0 04,10,0 F6
04,08,0 04,08,1 04,09,1 05,08,0 05,08,1 05,09,0 G6
07,01,1 07,02,0 07,02,1 08,00,1 08,01,0 08,01,1 f6
06,08,1 07,08,0 07,08,1 08,07,1 08,08,0 08,08,1 p6
03,03,0 03,03,1 03,04,0 03,04,1 04,03,0 04,03,1 V6
09,03,0 09,03,1 10,03,0 10,03,1 10,04,0 11,03,0 P6
07,03,1 07,04,0 07,04,1 08,02,0 08,02,1 08,03,0 s6
08,03,1 08,04,0 08,04,1 09,04,0 09,04,1 09,05,0 S6
02,06,1 03,05,0 03,05,1 03,06,0 03,06,1 04,05,0 X6
04,04,0 04,04,1 05,04,0 05,04,1 06,04,0 06,04,1 I6
05,03,0 05,03,1 06,02,1 06,03,0 06,03,1 07,03,0 E6
03,07,1 04,06,0 04,06,1 04,07,0 05,06,0 05,06,1 H6
04,05,1 05,05,0 05,05,1 06,05,0 06,05,1 07,05,0 i6
04,07,1 05,07,0 05,07,1 06,06,0 06,06,1 06,07,0 g6
06,07,1 06,08,0 07,06,0 07,06,1 07,07,0 07,07,1 h6
07,05,1 08,05,0 08,05,1 08,06,0 08,06,1 08,07,0 j6
10,00,1 10,01,0 10,01,1 11,00,0 11,00,1 11,01,0 O6

                 /\
                /  \
               /    \
              /   ___\
             /\   \   \
____________/  \___\   \____________
\   \          /       /\          /
 \   \________/_______/  \____    /
  \       \   \       \      /\  /
   \_______\   \____   \    /  \/
    \      /       /   /   /   /
     \    /_______/___/___/   /
     /    \           \      /\
    /______\___________\____/  \
   /   /           /   /       /\
  /   /___________/   /   ____/  \
 /       /        \   \  /        \
/_______/___    ___\   \/__________\
            \  /   /   /
             \/   /___/   ____
              \      /   /    \
               \    /   /      \
                \  /    \      /
                 \/      \____/

solution 3:
00,08,1 01,07,1 01,08,0 02,07,0 02,07,1 03,07,0 C6
01,08,1 02,08,0 02,08,1 03,08,0 03,08,1 03,09,0 J6
03,09,1 03,10,0 03,10,1 03,11,0 04,09,0 04,10,0 F6
04,08,0 04,08,1 04,09,1 05,08,0 05,08,1 05,09,0 G6
07,01,1 07,02,0 07,02,1 08,00,1 08,01,0 08,01,1 f6
06,08,1 07,08,0 07,08,1 08,07,1 08,08,0 08,08,1 p6
03,03,0 03,03,1 03,04,0 03,04,1 04,03,0 04,03,1 V6
09,03,0 09,03,1 10,03,0 10,03,1 10,04,0 11,03,0 P6
07,03,1 07,04,0 07,04,1 08,02,0 08,02,1 08,03,0 s6
08,03,1 08,04,0 08,04,1 09,04,0 09,04,1 09,05,0 S6
02,06,1 03,05,0 03,05,1 03,06,0 03,06,1 04,05,0 X6
04,04,0 04,04,1 05,04,0 05,04,1 06,04,0 06,04,1 I6
05,03,0 05,03,1 06,02,1 06,03,0 06,03,1 07,03,0 E6
03,07,1 04,07,0 04,07,1 05,07,0 05,07,1 06,07,0 i6
06,07,1 06,08,0 07,06,0 07,06,1 07,07,0 07,07,1 h6
07,05,1 08,05,0 08,05,1 08,06,0 08,06,1 08,07,0 j6
05,06,0 05,06,1 06,05,1 06,06,0 06,06,1 07,05,0 H6
04,05,1 04,06,0 04,06,1 05,05,0 05,05,1 06,05,0 g6
10,00,1 10,01,0 10,01,1 11,00,0 11,00,1 11,01,0 O6

                 /\
                /  \
               /    \
              /   ___\
             /\   \   \
____________/  \___\   \____________
\   \          /       /\          /
 \   \________/_______/  \____    /
  \       \           \      /\  /
   \_______\___________\    /  \/
    \      /   /       /   /   /
     \    /   /___    /___/   /
     /    \       \   \      /\
    /______\_______\___\____/  \
   /   /           /   /       /\
  /   /___________/   /   ____/  \
 /       /        \   \  /        \
/_______/___    ___\   \/__________\
            \  /   /   /
             \/   /___/   ____
              \      /   /    \
               \    /   /      \
                \  /    \      /
                 \/      \____/

solution 4:
00,08,1 01,07,1 01,08,0 02,07,0 02,07,1 03,07,0 C6
01,08,1 02,08,0 02,08,1 03,08,0 03,08,1 03,09,0 J6
03,09,1 03,10,0 03,10,1 03,11,0 04,09,0 04,10,0 F6
04,09,1 05,07,1 05,08,0 05,08,1 05,09,0 06,08,0 H6
03,07,1 04,07,0 04,07,1 04,08,0 04,08,1 05,07,0 h6
06,08,1 07,08,0 07,08,1 08,07,1 08,08,0 08,08,1 p6
06,02,1 06,03,0 07,01,1 07,02,0 08,00,1 08,01,0 i6
03,03,0 03,03,1 04,03,0 04,03,1 05,03,0 05,03,1 I6
03,04,0 03,04,1 03,05,0 03,05,1 04,04,0 04,04,1 V6
02,06,1 03,06,0 03,06,1 04,05,0 04,05,1 04,06,0 g6
07,02,1 07,03,0 07,03,1 08,01,1 08,02,0 08,02,1 f6
09,03,0 09,03,1 10,03,0 10,03,1 10,04,0 11,03,0 P6
05,04,0 05,04,1 06,03,1 06,04,0 06,04,1 07,04,0 E6
04,06,1 05,05,0 05,05,1 05,06,0 05,06,1 06,05,0 X6
07,04,1 07,05,0 07,05,1 08,03,0 08,03,1 08,04,0 s6
06,05,1 06,06,0 06,06,1 06,07,0 06,07,1 07,07,0 j6
07,06,0 07,06,1 07,07,1 08,06,0 08,06,1 08,07,0 G6
08,04,1 08,05,0 08,05,1 09,04,0 09,04,1 09,05,0 O6
10,01,0 10,01,1 11,00,1 11,01,0 12,00,0 12,00,1 S6

                 /\
                /  \
               /    \
              /   ___\
             /\   \   \
____________/  \___\   \____________
\   \          /   /    \          /
 \   \________/   /   ___\____    /
  \       \       \  /    \   \  /
   \_______\_______\/   ___\   \/
    \       \      /   /       /
     \____   \    /   /_______/
     /   /   /    \  /   /    \
    /   /___/______\/   /      \
   /       /        \   \      /\
  /_______/___    ___\   \____/  \
 /           /\  /   /   /        \
/___________/  \/   /___/__________\
            \   \      /
             \   \    /   ____
              \   \  /   /    \
               \   \/   /___   \____
                \  /        \      /
                 \/          \____/

solution 5:
00,08,1 01,07,1 01,08,0 02,07,0 02,07,1 03,07,0 C6
01,08,1 02,08,0 02,08,1 03,08,0 03,08,1 03,09,0 J6
03,09,1 03,10,0 03,10,1 03,11,0 04,09,0 04,10,0 F6
04,09,1 05,07,1 05,08,0 05,08,1 05,09,0 06,07,0 S6
03,07,1 04,07,0 04,07,1 04,08,0 04,08,1 05,07,0 h6
07,01,1 08,00,1 08,01,0 08,01,1 08,02,0 08,02,1 p6
07,07,1 07,08,1 08,07,0 08,07,1 08,08,0 08,08,1 f6
06,07,1 06,08,0 06,08,1 07,06,1 07,07,0 07,08,0 g6
08,05,1 08,06,0 08,06,1 09,04,0 09,04,1 09,05,0 s6
09,03,0 09,03,1 10,03,0 10,03,1 10,04,0 11,03,0 P6
03,03,0 03,03,1 03,04,0 03,04,1 04,03,0 04,03,1 V6
02,06,1 03,05,0 03,05,1 03,06,0 03,06,1 04,05,0 X6
04,04,0 04,04,1 05,04,0 05,04,1 06,04,0 06,04,1 I6
05,03,0 05,03,1 06,02,1 06,03,0 06,03,1 07,02,0 H6
07,02,1 07,03,0 07,03,1 07,04,0 07,04,1 08,03,0 E6
07,05,0 07,05,1 08,03,1 08,04,0 08,04,1 08,05,0 G6
04,06,1 05,06,0 05,06,1 06,06,0 06,06,1 07,06,0 i6
04,05,1 04,06,0 05,05,0 05,05,1 06,05,0 06,05,1 j6
10,00,1 10,01,0 10,01,1 11,00,0 11,00,1 11,01,0 O6

                 /\
                /  \
               /    \
              /   ___\
             /\   \   \
____________/  \___\   \____________
\   \          /   /   /    \      /
 \   \________/   /   /   ___\    /
  \       \       \   \   \      /
   \_______\_______\___\   \____/
    \      /\           \  /   /
     \    /  \___________\/   /
     /    \          /    \   \
    /______\________/___   \   \
   /   /           /   /   /   /\
  /   /___________/   /   /___/  \
 /       /       /    \  /        \
/_______/___    /   ___\/__________\
            \   \  /   /
             \___\/   /   ____
              \      /   /    \
               \    /   /      \
                \  /    \      /
                 \/      \____/

solution 6:
00,08,1 01,07,1 01,08,0 02,07,0 02,07,1 03,07,0 C6
01,08,1 02,08,0 02,08,1 03,08,0 03,08,1 03,09,0 J6
03,09,1 03,10,0 03,10,1 03,11,0 04,09,1 04,10,0 V6
07,01,1 07,02,1 08,00,1 08,01,0 08,01,1 08,02,0 F6
05,04,1 06,02,1 06,03,0 06,03,1 06,04,0 07,02,0 S6
07,07,1 08,06,1 08,07,0 08,07,1 08,08,0 08,08,1 p6
05,08,1 05,09,0 06,08,0 06,08,1 07,08,0 07,08,1 j6
04,08,1 04,09,0 05,07,1 05,08,0 06,06,1 06,07,0 i6
06,07,1 07,06,0 07,06,1 07,07,0 08,05,1 08,06,0 E6
09,03,0 09,03,1 10,03,0 10,03,1 10,04,0 11,03,0 P6
07,05,1 08,04,1 08,05,0 09,04,0 09,04,1 09,05,0 G6
03,03,0 03,03,1 03,04,0 03,04,1 04,03,0 04,04,0 f6
04,03,1 04,04,1 04,05,0 05,03,0 05,03,1 05,04,0 g6
02,06,1 03,05,0 03,05,1 03,06,0 03,06,1 04,06,0 h6
04,05,1 05,05,0 05,05,1 05,06,0 05,06,1 06,06,0 s6
03,07,1 04,06,1 04,07,0 04,07,1 04,08,0 05,07,0 X6
06,04,1 06,05,0 06,05,1 07,04,0 07,04,1 07,05,0 O6
07,03,0 07,03,1 08,02,1 08,03,0 08,03,1 08,04,0 H6
10,00,0 10,00,1 11,00,0 11,00,1 12,00,0 12,00,1 I6

                 /\
                /  \
               /    \
              /      \
             /\  /\  /\
____________/  \/  \/  \____________
\   \          /\   \          /   /
 \   \________/  \   \________/   /
  \       \       \   \   \      /
   \_______\    ___\   \   \    /
    \       \  /    \  /    \  /
     \    ___\/   ___\/___   \/
     /   /\      /    \   \  /\
    /___/  \____/      \   \/  \
   /    \   \   \      /\      /\
  /   ___\   \   \____/  \____/  \
 /    \      /   /       /        \
/______\____/   /___    /__________\
            \   \   \  /
             \___\   \/
              \      /
               \    /   ____________
                \  /   /           /
                 \/   /___________/

solution 7:
00,08,1 01,07,1 01,08,0 02,07,0 02,07,1 03,07,0 C6
01,08,1 02,08,0 02,08,1 03,08,0 03,08,1 03,09,0 J6
03,09,1 03,10,0 03,10,1 03,11,0 04,09,1 04,10,0 V6
07,01,1 07,02,1 08,00,1 08,01,0 08,01,1 08,02,0 F6
05,04,1 06,02,1 06,03,0 06,03,1 06,04,0 07,02,0 S6
07,07,1 08,06,1 08,07,0 08,07,1 08,08,0 08,08,1 p6
05,08,1 05,09,0 06,08,0 06,08,1 07,08,0 07,08,1 j6
04,08,1 04,09,0 05,07,1 05,08,0 06,06,1 06,07,0 i6
06,07,1 07,05,1 07,06,0 07,06,1 07,07,0 08,06,0 H6
03,03,0 03,03,1 04,03,0 04,03,1 05,03,0 05,03,1 I6
03,04,0 03,04,1 04,04,0 04,04,1 04,05,0 05,04,0 P6
02,06,1 03,05,0 03,05,1 03,06,0 03,06,1 04,06,0 h6
09,03,1 09,04,0 10,03,0 10,03,1 10,04,0 11,03,0 f6
08,04,0 08,04,1 08,05,0 08,05,1 09,04,1 09,05,0 g6
07,03,0 07,03,1 08,02,1 08,03,0 08,03,1 09,03,0 E6
04,05,1 05,05,0 05,05,1 05,06,0 05,06,1 06,06,0 s6
03,07,1 04,06,1 04,07,0 04,07,1 04,08,0 05,07,0 X6
06,04,1 06,05,0 06,05,1 07,04,0 07,04,1 07,05,0 O6
10,00,0 10,00,1 10,01,1 11,00,0 11,00,1 11,01,0 G6

                 /\
                /  \
               /    \
              /      \
             /\  /\  /\
____________/  \/  \/  \____________
\   \          /\   \          /   /
 \   \________/  \   \________/   /
  \       \       \   \   \      /
   \_______\    ___\   \   \    /
    \       \  /    \  /    \  /
     \    ___\/   ___\/   ___\/
     /   /\      /    \  /    \
    /___/  \____/      \/      \
   /        \   \      /   /\  /\
  /__________\   \____/___/  \/  \
 /           /   /        \       \
/___________/   /___    ___\_______\
            \   \   \  /
             \___\   \/   ____
              \      /    \   \
               \    /   ___\   \
                \  /   /       /
                 \/   /_______/

solution 8:
00,08,1 01,07,1 01,08,0 02,07,0 02,07,1 03,07,0 C6
01,08,1 02,08,0 02,08,1 03,08,0 03,08,1 03,09,0 J6
03,09,1 03,10,0 03,10,1 03,11,0 04,09,1 04,10,0 V6
08,00,1 08,01,0 08,01,1 08,02,0 08,02,1 08,03,0 I6
06,02,1 07,01,1 07,02,0 07,02,1 07,03,0 07,03,1 p6
07,07,1 07,08,0 07,08,1 08,07,1 08,08,0 08,08,1 F6
03,03,0 03,03,1 03,04,0 03,04,1 04,03,0 04,04,0 f6
09,03,0 09,03,1 10,03,0 10,03,1 10,04,0 11,03,0 P6
04,03,1 04,04,1 04,05,0 05,03,0 05,03,1 05,04,0 g6
02,06,1 03,05,0 03,05,1 03,06,0 03,06,1 04,06,0 h6
04,05,1 05,04,1 05,05,0 06,03,0 06,03,1 06,04,0 j6
07,06,0 07,06,1 08,05,1 08,06,0 08,06,1 08,07,0 H6
08,03,1 08,04,0 08,04,1 09,04,0 09,04,1 09,05,0 S6
06,04,1 07,04,0 07,04,1 07,05,0 07,05,1 08,05,0 s6
03,07,1 04,06,1 04,07,0 04,07,1 04,08,0 05,07,0 X6
04,08,1 04,09,0 05,07,1 05,08,0 06,06,1 06,07,0 i6
05,05,1 05,06,0 05,06,1 06,05,0 06,05,1 06,06,0 O6
05,08,1 05,09,0 06,07,1 06,08,0 06,08,1 07,07,0 E6
10,00,0 10,00,1 10,01,1 11,00,0 11,00,1 11,01,0 G6

                 /\
                /  \
               /    \
              /      \
             /\  /\  /\
____________/  \/  \/  \____________
\   \          /\   \      /       /
 \   \________/  \   \    /       /
  \       \       \   \   \  /\  /
   \_______\    ___\   \___\/  \/
    \       \  /    \  /       /
     \    ___\/      \/___    /
     /   /\   \      /    \  /\
    /___/  \   \____/   ___\/  \
   /    \   \   \      /       /\
  /   ___\   \   \____/   ____/  \
 /    \      /   /   /\  /        \
/______\____/___/   /  \/__________\
            \      /   /
             \    /   /   ____
              \  /   /    \   \
               \/   /   ___\   \
                \  /   /       /
                 \/   /_______/

solution 9:
00,08,1 01,07,1 01,08,0 02,07,0 02,07,1 03,07,0 C6
01,08,1 02,08,0 02,08,1 03,08,0 03,08,1 03,09,0 J6
03,09,1 03,10,0 03,10,1 03,11,0 04,09,1 04,10,0 V6
08,00,1 08,01,0 08,01,1 08,02,0 08,02,1 08,03,0 I6
06,02,1 07,01,1 07,02,0 07,02,1 07,03,0 07,03,1 p6
07,07,1 07,08,0 07,08,1 08,07,1 08,08,0 08,08,1 F6
03,03,0 03,03,1 03,04,0 03,04,1 04,03,0 04,04,0 f6
09,03,0 09,03,1 10,03,0 10,03,1 10,04,0 11,03,0 P6
04,03,1 04,04,1 04,05,0 05,03,0 05,03,1 05,04,0 g6
02,06,1 03,05,0 03,05,1 03,06,0 03,06,1 04,06,0 h6
04,05,1 05,04,1 05,05,0 06,03,0 06,03,1 06,04,0 j6
07,05,1 07,06,0 07,06,1 08,06,0 08,06,1 08,07,0 S6
08,04,1 08,05,0 08,05,1 09,04,0 09,04,1 09,05,0 O6
06,04,1 06,05,0 07,04,0 07,04,1 08,03,1 08,04,0 s6
05,05,1 05,06,0 05,06,1 06,05,1 06,06,0 07,05,0 G6
03,07,1 04,06,1 04,07,0 04,07,1 04,08,0 05,07,0 X6
04,08,1 04,09,0 05,07,1 05,08,0 06,06,1 06,07,0 i6
05,08,1 05,09,0 06,07,1 06,08,0 06,08,1 07,07,0 E6
10,00,1 11,00,0 11,00,1 11,01,0 11,01,1 12,00,0 H6

                 /\
                /  \
               /    \
              /      \
             /\  /\  /\
____________/  \/  \/  \____________
\   \          /\   \      /       /
 \   \________/  \   \    /       /
  \       \       \   \   \  /\  /
   \_______\    ___\   \___\/  \/
    \       \  /    \  /       /
     \    ___\/      \/   ____/
     /   /\   \  /\   \  /    \
    /___/  \   \/  \___\/      \
   /    \   \   \       \      /\
  /   ___\   \   \____   \____/  \
 /    \      /   /   /\  /        \
/______\____/___/   /  \/__________\
            \      /   /
             \    /   /       ____
              \  /   /       /   /
               \/   /   ____/   /
                \  /    \       \
                 \/      \_______\

solution 10:
00,08,1 01,07,1 01,08,0 02,07,0 02,07,1 03,07,0 C6
01,08,1 02,08,0 02,08,1 03,08,0 03,08,1 03,09,0 J6
03,09,1 03,10,0 03,10,1 03,11,0 04,09,1 04,10,0 V6
06,02,1 07,01,1 07,02,0 07,02,1 08,00,1 08,01,0 p6
07,03,0 07,03,1 08,01,1 08,02,0 08,02,1 08,03,0 G6
07,07,1 07,08,0 07,08,1 08,07,1 08,08,0 08,08,1 F6
03,03,0 03,03,1 03,04,0 03,04,1 04,03,0 04,04,0 f6
09,03,0 09,03,1 10,03,0 10,03,1 10,04,0 11,03,0 P6
04,03,1 04,04,1 04,05,0 05,03,0 05,03,1 05,04,0 g6
02,06,1 03,05,0 03,05,1 03,06,0 03,06,1 04,06,0 h6
04,05,1 05,04,1 05,05,0 06,03,0 06,03,1 06,04,0 j6
07,06,0 07,06,1 08,05,1 08,06,0 08,06,1 08,07,0 H6
08,03,1 08,04,0 08,04,1 09,04,0 09,04,1 09,05,0 S6
06,04,1 07,04,0 07,04,1 07,05,0 07,05,1 08,05,0 s6
03,07,1 04,06,1 04,07,0 04,07,1 04,08,0 05,07,0 X6
05,05,1 05,06,0 05,06,1 06,05,0 06,05,1 06,06,0 O6
10,00,0 10,00,1 11,00,0 11,00,1 12,00,0 12,00,1 I6
04,08,1 04,09,0 05,07,1 05,08,0 06,06,1 06,07,0 i6
05,08,1 05,09,0 06,07,1 06,08,0 06,08,1 07,07,0 E6

                 /\
                /  \
               /    \
              /      \
             /\  /\  /\
____________/  \/  \/  \____________
\   \          /\   \      /       /
 \   \________/  \   \    /       /
  \       \       \   \   \  /\  /
   \_______\    ___\   \___\/  \/
    \       \  /    \  /       /
     \    ___\/      \/___    /
     /   /\   \      /    \  /\
    /___/  \   \____/   ___\/  \
   /    \   \   \      /       /\
  /   ___\   \   \____/   ____/  \
 /    \      /   /    \  /        \
/______\____/___/___   \/__________\
            \      /   /
             \    /   /
              \   \  /
               \   \/   ____________
                \  /   /           /
                 \/   /___________/

...

solution 119:
00,08,1 01,07,1 01,08,0 01,08,1 02,06,1 02,07,0 p6
03,10,0 03,10,1 03,11,0 04,09,0 04,09,1 04,10,0 f6
07,01,1 07,02,0 08,00,1 08,01,0 08,01,1 08,02,0 V6
07,07,1 07,08,0 07,08,1 08,07,1 08,08,0 08,08,1 F6
03,03,0 03,03,1 04,03,0 04,03,1 04,04,0 04,04,1 C6
03,04,0 03,04,1 03,05,0 03,05,1 03,06,0 03,06,1 i6
09,03,0 09,03,1 10,03,0 10,03,1 10,04,0 11,03,0 P6
03,08,0 03,08,1 03,09,0 03,09,1 04,07,1 04,08,0 h6
02,07,1 02,08,0 02,08,1 03,07,0 03,07,1 04,07,0 g6
05,03,0 05,03,1 05,04,0 06,02,1 06,03,0 06,03,1 X6
08,02,1 08,03,0 08,03,1 08,04,0 08,04,1 09,04,0 j6
07,02,1 07,03,0 07,03,1 07,04,0 07,04,1 07,05,0 I6
07,05,1 07,06,0 08,05,0 08,05,1 09,04,1 09,05,0 s6
06,07,1 07,06,1 07,07,0 08,06,0 08,06,1 08,07,0 G6
04,08,1 05,08,0 05,08,1 05,09,0 06,08,0 06,08,1 E6
04,05,0 04,05,1 05,04,1 05,05,0 06,04,0 06,04,1 S6
04,06,0 04,06,1 05,05,1 05,06,0 05,06,1 05,07,0 H6
05,07,1 06,05,0 06,05,1 06,06,0 06,06,1 06,07,0 J6
10,00,1 10,01,0 10,01,1 11,00,0 11,00,1 11,01,0 O6

                 /\
                /  \
               /    \
              /___   \
             /   /   /\
____________/   /___/  \____________
\      /   /    \          /       /
 \    /   /___   \________/       /
  \   \       \  /\   \   \  /\  /
   \   \_______\/  \   \   \/  \/
    \  /   /       /   /\      /
     \/   /___    /   /  \____/
     /   /    \  /   /\       \
    /   /___   \/___/  \____   \
   /   /   /\      /   /    \  /\
  /___/   /  \____/   /   ___\/  \
 /       /       /   /   /        \
/_______/___    /   /   /__________\
            \  /\  /\  /
             \/  \/  \/   ____
              \      /   /    \
               \    /   /      \
                \  /    \      /
                 \/      \____/

119 solutions, 893,222 searches, duration 0:04:53.656000
