solving OneSidedPolyiamonds123456Triangle3:

solution 1:
00,10,1 00,11,0 00,11,1 00,12,0 01,09,1 01,10,0 C6
01,10,1 01,11,0 D2
00,08,1 00,09,0 00,09,1 00,10,0 01,08,0 01,09,0 F6
01,08,1 T1
02,09,0 02,09,1 02,10,0 I3
10,01,1 11,00,1 11,01,0 12,00,0 I4
00,00,0 00,00,1 00,01,0 00,01,1 00,02,0 I5
08,02,1 09,01,1 09,02,0 10,00,1 10,01,0 11,00,0 I6
08,03,0 08,03,1 09,02,1 09,03,0 10,02,0 L5
08,00,0 08,00,1 09,00,0 09,00,1 09,01,0 10,00,0 P6
07,01,1 07,02,0 08,01,0 08,01,1 C4
00,02,1 01,00,0 01,00,1 01,01,0 01,01,1 01,02,0 J6
02,00,0 02,00,1 02,01,0 03,00,0 03,00,1 P5
02,01,1 02,02,1 03,01,0 03,01,1 03,02,0 C5
04,00,0 04,00,1 04,01,0 05,00,0 T4
00,03,0 00,03,1 01,02,1 01,03,0 01,03,1 02,03,0 E6
00,04,0 00,04,1 00,05,0 00,05,1 01,04,0 01,04,1 V6
02,08,1 03,07,1 03,08,0 03,08,1 03,09,0 04,07,0 H6
04,06,1 04,07,1 04,08,0 05,06,0 05,06,1 05,07,0 g6
05,04,1 05,05,0 05,05,1 06,05,0 06,05,1 06,06,0 S6
06,04,1 07,03,1 07,04,0 07,04,1 07,05,0 08,04,0 X6
06,03,1 06,04,0 07,02,1 07,03,0 i4
00,06,0 00,06,1 00,07,0 01,05,0 01,05,1 01,06,0 f6
00,07,1 00,08,0 01,06,1 01,07,0 01,07,1 p5
02,05,0 02,05,1 02,06,0 02,06,1 02,07,0 02,07,1 i6
03,05,0 03,05,1 03,06,0 03,06,1 03,07,0 04,06,0 p6
03,04,1 04,04,0 04,04,1 04,05,0 04,05,1 05,04,0 h6
02,03,1 02,04,0 02,04,1 03,03,0 03,03,1 03,04,0 O6
03,02,1 04,02,0 04,02,1 04,03,0 04,03,1 l5
04,01,1 05,00,1 05,01,0 06,00,0 06,00,1 06,01,0 G6
05,01,1 05,02,0 05,02,1 05,03,0 05,03,1 06,03,0 j6
06,01,1 06,02,0 06,02,1 07,00,0 07,00,1 07,01,0 s6

                         /\
                        /  \
                       /   /\
                      /   /  \
                     /\   \  /\
                    /  \   \/  \
                   /    \  /   /\
                  /   ___\/___/  \
                 /\   \  /\      /\
                /  \___\/__\    /  \
               /\      /   /\   \   \
              /  \    /   /  \___\   \
             /    \  /   /    \      /\
            /___   \/   /   ___\____/  \
           /   /   /   /   /   /       /\
          /   /___/___/___/   /   ____/  \
         /       /    \       \  /\       \
        /_______/      \_______\/  \    ___\
       /        \      /   /    \   \  /    \
      /___    ___\____/   /   ___\   \/___   \
     /\   \  /\   \      /   /   /\  /\   \   \
    /  \   \/__\   \____/   /   /  \/__\   \___\
   /   /   /\      /\   \  /\   \      /\   \   \
  /   /   /  \____/  \   \/  \   \____/  \   \   \
 /   /   /       /    \      /   /        \   \   \
/___/___/_______/______\____/___/__________\___\___\

solution 2:
00,10,1 00,11,0 00,11,1 00,12,0 01,09,1 01,10,0 C6
01,10,1 01,11,0 D2
00,08,1 00,09,0 00,09,1 00,10,0 01,08,0 01,09,0 F6
01,08,1 T1
02,09,0 02,09,1 02,10,0 I3
10,01,1 11,00,1 11,01,0 12,00,0 I4
00,00,0 00,00,1 00,01,0 00,01,1 00,02,0 I5
08,02,1 09,01,1 09,02,0 10,00,1 10,01,0 11,00,0 I6
08,03,0 08,03,1 09,02,1 09,03,0 10,02,0 L5
08,00,0 08,00,1 09,00,0 09,00,1 09,01,0 10,00,0 P6
07,01,1 07,02,0 08,01,0 08,01,1 C4
00,02,1 01,00,0 01,00,1 01,01,0 01,01,1 01,02,0 J6
02,00,0 02,00,1 02,01,0 03,00,0 03,00,1 P5
02,01,1 02,02,1 03,01,0 03,01,1 03,02,0 C5
04,00,0 04,00,1 04,01,0 05,00,0 T4
00,03,0 00,03,1 01,02,1 01,03,0 01,03,1 02,03,0 E6
00,04,0 00,04,1 00,05,0 00,05,1 01,04,0 01,04,1 V6
02,08,1 03,07,1 03,08,0 03,08,1 03,09,0 04,07,0 H6
04,06,1 04,07,1 04,08,0 05,06,0 05,06,1 05,07,0 g6
05,04,1 05,05,0 05,05,1 06,05,0 06,05,1 06,06,0 S6
06,04,1 07,03,1 07,04,0 07,04,1 07,05,0 08,04,0 X6
06,03,0 06,03,1 06,04,0 07,02,1 07,03,0 p5
00,06,0 00,06,1 00,07,0 01,05,0 01,05,1 01,06,0 f6
00,07,1 00,08,0 01,06,1 01,07,0 i4
01,07,1 02,06,0 02,06,1 02,07,0 02,07,1 03,07,0 h6
03,05,1 03,06,0 03,06,1 04,05,0 04,05,1 04,06,0 O6
02,04,0 02,04,1 02,05,0 02,05,1 03,05,0 l5
02,03,1 03,03,0 03,03,1 04,03,0 04,03,1 05,03,0 i6
03,04,0 03,04,1 04,04,0 04,04,1 05,03,1 05,04,0 j6
03,02,1 04,02,0 04,02,1 05,01,1 05,02,0 05,02,1 p6
04,01,1 05,00,1 05,01,0 06,00,0 06,00,1 06,01,0 G6
06,01,1 06,02,0 06,02,1 07,00,0 07,00,1 07,01,0 s6

                         /\
                        /  \
                       /   /\
                      /   /  \
                     /\   \  /\
                    /  \   \/  \
                   /    \  /   /\
                  /   ___\/___/  \
                 /\   \  /\      /\
                /  \___\/__\    /  \
               /\   \       \   \   \
              /  \   \    ___\___\   \
             /    \  /   /    \      /\
            /___   \/___/      \____/  \
           /   /   /    \      /       /\
          /   /___/   ___\____/   ____/  \
         /       /   /        \  /\       \
        /_______/___/_______   \/  \    ___\
       /        \           \  /    \  /    \
      /___    ___\___________\/___   \/___   \
     /\   \  /\   \          /   /\  /\   \   \
    /  \   \/__\   \____    /   /  \/__\   \___\
   /   /   /\      /\   \  /\   \      /\   \   \
  /   /   /  \____/  \   \/  \   \____/  \   \   \
 /   /   /       /    \      /   /        \   \   \
/___/___/_______/______\____/___/__________\___\___\

solution 3:
00,10,1 00,11,0 00,11,1 00,12,0 01,09,1 01,10,0 C6
01,10,1 01,11,0 D2
00,08,1 00,09,0 00,09,1 00,10,0 01,08,0 01,09,0 F6
01,08,1 T1
02,09,0 02,09,1 02,10,0 I3
10,01,1 11,00,1 11,01,0 12,00,0 I4
00,00,0 00,00,1 00,01,0 00,01,1 00,02,0 I5
08,02,1 09,01,1 09,02,0 10,00,1 10,01,0 11,00,0 I6
08,03,0 08,03,1 09,02,1 09,03,0 10,02,0 L5
08,00,0 08,00,1 09,00,0 09,00,1 09,01,0 10,00,0 P6
07,01,1 07,02,0 08,01,0 08,01,1 C4
00,02,1 01,00,0 01,00,1 01,01,0 01,01,1 01,02,0 J6
02,00,0 02,00,1 02,01,0 03,00,0 03,00,1 P5
02,01,1 02,02,1 03,01,0 03,01,1 03,02,0 C5
04,00,0 04,00,1 04,01,0 05,00,0 T4
00,03,0 00,03,1 01,02,1 01,03,0 01,03,1 02,03,0 E6
00,04,0 00,04,1 00,05,0 00,05,1 01,04,0 01,04,1 V6
02,08,1 03,07,1 03,08,0 03,08,1 03,09,0 04,07,0 H6
04,06,1 04,07,1 04,08,0 05,06,0 05,06,1 05,07,0 g6
05,04,1 05,05,0 05,05,1 06,05,0 06,05,1 06,06,0 S6
06,04,1 07,03,1 07,04,0 07,04,1 07,05,0 08,04,0 X6
06,03,0 06,03,1 06,04,0 07,02,1 07,03,0 p5
00,06,0 00,06,1 00,07,0 01,05,0 01,05,1 01,06,0 f6
00,07,1 00,08,0 01,07,0 01,07,1 02,07,0 02,07,1 j6
03,06,1 03,07,0 04,05,1 04,06,0 i4
01,06,1 02,05,0 02,05,1 02,06,0 02,06,1 03,06,0 h6
02,03,1 02,04,0 03,02,1 03,03,0 04,01,1 04,02,0 i6
02,04,1 03,03,1 03,04,0 03,04,1 03,05,0 03,05,1 p6
04,04,1 04,05,0 05,03,0 05,03,1 05,04,0 l5
04,02,1 04,03,0 04,03,1 04,04,0 05,02,0 05,02,1 G6
05,00,1 05,01,0 05,01,1 06,00,0 06,00,1 06,01,0 O6
06,01,1 06,02,0 06,02,1 07,00,0 07,00,1 07,01,0 s6

                         /\
                        /  \
                       /   /\
                      /   /  \
                     /\   \  /\
                    /  \   \/  \
                   /    \  /   /\
                  /   ___\/___/  \
                 /\   \  /\      /\
                /  \___\/__\    /  \
               /\          /\   \   \
              /  \________/  \___\   \
             /    \       \   \      /\
            /___   \    ___\   \____/  \
           /   /   /   /   /\  /       /\
          /   /___/___/   /  \/   ____/  \
         /       /\      /\   \  /\       \
        /_______/  \    /  \   \/  \    ___\
       /        \   \  /   /   /    \  /    \
      /___    ___\   \/   /___/___   \/___   \
     /\   \  /\   \   \      /   /\  /\   \   \
    /  \   \/__\   \   \____/   /  \/__\   \___\
   /   /   /\      /\  /    \   \      /\   \   \
  /   /   /  \____/  \/      \   \____/  \   \   \
 /   /   /       /    \      /   /        \   \   \
/___/___/_______/______\____/___/__________\___\___\

solution 4:
00,10,1 00,11,0 00,11,1 00,12,0 01,09,1 01,10,0 C6
01,10,1 01,11,0 D2
00,08,1 00,09,0 00,09,1 00,10,0 01,08,0 01,09,0 F6
01,08,1 T1
02,09,0 02,09,1 02,10,0 I3
10,01,1 11,00,1 11,01,0 12,00,0 I4
00,00,0 00,00,1 00,01,0 00,01,1 00,02,0 I5
08,02,1 09,01,1 09,02,0 10,00,1 10,01,0 11,00,0 I6
08,03,0 08,03,1 09,02,1 09,03,0 10,02,0 L5
08,00,0 08,00,1 09,00,0 09,00,1 09,01,0 10,00,0 P6
07,01,1 07,02,0 08,01,0 08,01,1 C4
00,02,1 01,00,0 01,00,1 01,01,0 01,01,1 01,02,0 J6
02,00,0 02,00,1 02,01,0 03,00,0 03,00,1 P5
02,01,1 02,02,1 03,01,0 03,01,1 03,02,0 C5
04,00,0 04,00,1 04,01,0 05,00,0 T4
00,03,0 00,03,1 01,02,1 01,03,0 01,03,1 02,03,0 E6
00,04,0 00,04,1 00,05,0 00,05,1 01,04,0 01,04,1 V6
02,08,1 03,07,1 03,08,0 03,08,1 03,09,0 04,07,0 H6
04,06,1 04,07,1 04,08,0 05,06,0 05,06,1 05,07,0 g6
05,04,1 05,05,0 05,05,1 06,05,0 06,05,1 06,06,0 S6
06,04,1 07,03,1 07,04,0 07,04,1 07,05,0 08,04,0 X6
06,03,0 06,03,1 06,04,0 07,02,1 07,03,0 p5
00,06,0 00,06,1 00,07,0 00,07,1 00,08,0 01,07,0 p6
01,05,0 01,05,1 01,06,0 01,06,1 i4
01,07,1 02,06,0 02,06,1 02,07,0 02,07,1 03,07,0 h6
03,05,1 03,06,0 03,06,1 04,05,0 04,05,1 04,06,0 O6
06,01,1 06,02,0 06,02,1 07,00,0 07,00,1 07,01,0 s6
05,01,1 05,02,0 06,00,0 06,00,1 06,01,0 l5
03,02,1 03,03,0 04,01,1 04,02,0 05,00,1 05,01,0 i6
02,03,1 02,04,0 02,04,1 02,05,0 02,05,1 03,05,0 j6
03,03,1 03,04,0 03,04,1 04,02,1 04,03,0 04,03,1 f6
04,04,0 04,04,1 05,02,1 05,03,0 05,03,1 05,04,0 G6

                         /\
                        /  \
                       /   /\
                      /   /  \
                     /\   \  /\
                    /  \   \/  \
                   /    \  /   /\
                  /   ___\/___/  \
                 /\   \  /\      /\
                /  \___\/__\    /  \
               /    \       \   \   \
              /   ___\    ___\___\   \
             /   /   /   /    \      /\
            /___/   /___/      \____/  \
           /   /   /    \      /       /\
          /   /___/   ___\____/   ____/  \
         /       /   /   /    \  /\       \
        /_______/   /   /___   \/  \    ___\
       /        \  /\      /   /    \  /    \
      /___    ___\/  \    /   /___   \/___   \
     /\   \  /\   \   \  /\  /   /\  /\   \   \
    /  \   \/__\   \   \/  \/   /  \/__\   \___\
   /   /   /\      /\   \   \   \      /\   \   \
  /   /   /  \____/  \   \   \   \____/  \   \   \
 /   /   /       /    \  /   /   /        \   \   \
/___/___/_______/______\/___/___/__________\___\___\

solution 5:
00,10,1 00,11,0 00,11,1 00,12,0 01,09,1 01,10,0 C6
01,10,1 01,11,0 D2
00,08,1 00,09,0 00,09,1 00,10,0 01,08,0 01,09,0 F6
01,08,1 T1
02,09,0 02,09,1 02,10,0 I3
10,01,1 11,00,1 11,01,0 12,00,0 I4
00,00,0 00,00,1 00,01,0 00,01,1 00,02,0 I5
08,02,1 09,01,1 09,02,0 10,00,1 10,01,0 11,00,0 I6
08,03,0 08,03,1 09,02,1 09,03,0 10,02,0 L5
08,00,0 08,00,1 09,00,0 09,00,1 09,01,0 10,00,0 P6
07,01,1 07,02,0 08,01,0 08,01,1 C4
00,02,1 01,00,0 01,00,1 01,01,0 01,01,1 01,02,0 J6
02,00,0 02,00,1 02,01,0 03,00,0 03,00,1 P5
02,01,1 02,02,1 03,01,0 03,01,1 03,02,0 C5
04,00,0 04,00,1 04,01,0 05,00,0 T4
00,03,0 00,03,1 01,02,1 01,03,0 01,03,1 02,03,0 E6
00,04,0 00,04,1 00,05,0 00,05,1 01,04,0 01,04,1 V6
02,08,1 03,07,1 03,08,0 03,08,1 03,09,0 04,07,0 H6
04,06,1 04,07,1 04,08,0 05,06,0 05,06,1 05,07,0 g6
05,04,1 05,05,0 05,05,1 06,05,0 06,05,1 06,06,0 S6
06,04,1 07,04,0 07,04,1 07,05,0 08,04,0 p5
06,03,0 06,03,1 06,04,0 07,02,1 07,03,0 07,03,1 X6
00,06,0 00,06,1 00,07,0 01,05,0 01,05,1 01,06,0 f6
00,07,1 00,08,0 01,06,1 01,07,0 i4
01,07,1 02,06,0 02,06,1 02,07,0 02,07,1 03,07,0 h6
03,05,1 03,06,0 03,06,1 04,05,0 04,05,1 04,06,0 O6
02,04,0 02,04,1 02,05,0 02,05,1 03,05,0 l5
02,03,1 03,03,0 03,03,1 04,03,0 04,03,1 05,03,0 i6
03,04,0 03,04,1 04,04,0 04,04,1 05,03,1 05,04,0 j6
03,02,1 04,02,0 04,02,1 05,01,1 05,02,0 05,02,1 p6
04,01,1 05,00,1 05,01,0 06,00,0 06,00,1 06,01,0 G6
06,01,1 06,02,0 06,02,1 07,00,0 07,00,1 07,01,0 s6

                         /\
                        /  \
                       /   /\
                      /   /  \
                     /\   \  /\
                    /  \   \/  \
                   /    \  /   /\
                  /   ___\/___/  \
                 /\   \  /\      /\
                /  \___\/__\    /  \
               /\   \       \   \   \
              /  \   \    ___\___\   \
             /    \  /   /    \      /\
            /___   \/___/      \____/  \
           /   /   /    \      /       /\
          /   /___/   ___\____/   ____/  \
         /       /   /        \  /\       \
        /_______/___/_______   \/  \_______\
       /        \           \  /       /    \
      /___    ___\___________\/___    /___   \
     /\   \  /\   \          /   /\  /\   \   \
    /  \   \/__\   \____    /   /  \/__\   \___\
   /   /   /\      /\   \  /\   \      /\   \   \
  /   /   /  \____/  \   \/  \   \____/  \   \   \
 /   /   /       /    \      /   /        \   \   \
/___/___/_______/______\____/___/__________\___\___\

solution 6:
00,10,1 00,11,0 00,11,1 00,12,0 01,09,1 01,10,0 C6
01,10,1 01,11,0 D2
00,08,1 00,09,0 00,09,1 00,10,0 01,08,0 01,09,0 F6
01,08,1 T1
02,09,0 02,09,1 02,10,0 I3
10,01,1 11,00,1 11,01,0 12,00,0 I4
00,00,0 00,00,1 00,01,0 00,01,1 00,02,0 I5
08,02,1 09,01,1 09,02,0 10,00,1 10,01,0 11,00,0 I6
08,03,0 08,03,1 09,02,1 09,03,0 10,02,0 L5
08,00,0 08,00,1 09,00,0 09,00,1 09,01,0 10,00,0 P6
07,01,1 07,02,0 08,01,0 08,01,1 C4
00,02,1 01,00,0 01,00,1 01,01,0 01,01,1 01,02,0 J6
02,00,0 02,00,1 02,01,0 03,00,0 03,00,1 P5
02,01,1 02,02,1 03,01,0 03,01,1 03,02,0 C5
04,00,0 04,00,1 04,01,0 05,00,0 T4
00,03,0 00,03,1 01,02,1 01,03,0 01,03,1 02,03,0 E6
00,04,0 00,04,1 00,05,0 00,05,1 01,04,0 01,04,1 V6
02,08,1 03,07,1 03,08,0 03,08,1 03,09,0 04,07,0 H6
04,06,1 04,07,1 04,08,0 05,06,0 05,06,1 05,07,0 g6
05,04,1 05,05,0 05,05,1 06,05,0 06,05,1 06,06,0 S6
06,04,1 07,04,0 07,04,1 07,05,0 08,04,0 p5
06,03,0 06,03,1 06,04,0 07,02,1 07,03,0 07,03,1 X6
00,06,0 00,06,1 00,07,0 01,05,0 01,05,1 01,06,0 f6
00,07,1 00,08,0 01,07,0 01,07,1 02,07,0 02,07,1 j6
03,06,1 03,07,0 04,05,1 04,06,0 i4
01,06,1 02,05,0 02,05,1 02,06,0 02,06,1 03,06,0 h6
02,03,1 02,04,0 03,02,1 03,03,0 04,01,1 04,02,0 i6
02,04,1 03,03,1 03,04,0 03,04,1 03,05,0 03,05,1 p6
04,04,1 04,05,0 05,03,0 05,03,1 05,04,0 l5
04,02,1 04,03,0 04,03,1 04,04,0 05,02,0 05,02,1 G6
05,00,1 05,01,0 05,01,1 06,00,0 06,00,1 06,01,0 O6
06,01,1 06,02,0 06,02,1 07,00,0 07,00,1 07,01,0 s6

                         /\
                        /  \
                       /   /\
                      /   /  \
                     /\   \  /\
                    /  \   \/  \
                   /    \  /   /\
                  /   ___\/___/  \
                 /\   \  /\      /\
                /  \___\/__\    /  \
               /\          /\   \   \
              /  \________/  \___\   \
             /    \       \   \      /\
            /___   \    ___\   \____/  \
           /   /   /   /   /\  /       /\
          /   /___/___/   /  \/   ____/  \
         /       /\      /\   \  /\       \
        /_______/  \    /  \   \/  \_______\
       /        \   \  /   /   /       /    \
      /___    ___\   \/   /___/___    /___   \
     /\   \  /\   \   \      /   /\  /\   \   \
    /  \   \/__\   \   \____/   /  \/__\   \___\
   /   /   /\      /\  /    \   \      /\   \   \
  /   /   /  \____/  \/      \   \____/  \   \   \
 /   /   /       /    \      /   /        \   \   \
/___/___/_______/______\____/___/__________\___\___\

solution 7:
00,10,1 00,11,0 00,11,1 00,12,0 01,09,1 01,10,0 C6
01,10,1 01,11,0 D2
00,08,1 00,09,0 00,09,1 00,10,0 01,08,0 01,09,0 F6
01,08,1 T1
02,09,0 02,09,1 02,10,0 I3
10,01,1 11,00,1 11,01,0 12,00,0 I4
00,00,0 00,00,1 00,01,0 00,01,1 00,02,0 I5
08,02,1 09,01,1 09,02,0 10,00,1 10,01,0 11,00,0 I6
08,03,0 08,03,1 09,02,1 09,03,0 10,02,0 L5
08,00,0 08,00,1 09,00,0 09,00,1 09,01,0 10,00,0 P6
07,01,1 07,02,0 08,01,0 08,01,1 C4
00,02,1 01,00,0 01,00,1 01,01,0 01,01,1 01,02,0 J6
02,00,0 02,00,1 02,01,0 03,00,0 03,00,1 P5
02,01,1 02,02,1 03,01,0 03,01,1 03,02,0 C5
04,00,0 04,00,1 04,01,0 05,00,0 T4
00,03,0 00,03,1 01,02,1 01,03,0 01,03,1 02,03,0 E6
00,04,0 00,04,1 00,05,0 00,05,1 01,04,0 01,04,1 V6
02,08,1 03,07,1 03,08,0 03,08,1 03,09,0 04,07,0 H6
04,06,1 04,07,1 04,08,0 05,06,0 05,06,1 05,07,0 g6
05,04,1 05,05,0 05,05,1 06,05,0 06,05,1 06,06,0 S6
06,04,1 07,04,0 07,04,1 07,05,0 08,04,0 p5
06,03,0 06,03,1 06,04,0 07,02,1 07,03,0 07,03,1 X6
00,06,0 00,06,1 00,07,0 00,07,1 00,08,0 01,07,0 p6
01,05,0 01,05,1 01,06,0 01,06,1 i4
01,07,1 02,06,0 02,06,1 02,07,0 02,07,1 03,07,0 h6
03,05,1 03,06,0 03,06,1 04,05,0 04,05,1 04,06,0 O6
06,01,1 06,02,0 06,02,1 07,00,0 07,00,1 07,01,0 s6
05,01,1 05,02,0 06,00,0 06,00,1 06,01,0 l5
03,02,1 03,03,0 04,01,1 04,02,0 05,00,1 05,01,0 i6
02,03,1 02,04,0 02,04,1 02,05,0 02,05,1 03,05,0 j6
03,03,1 03,04,0 03,04,1 04,02,1 04,03,0 04,03,1 f6
04,04,0 04,04,1 05,02,1 05,03,0 05,03,1 05,04,0 G6

                         /\
                        /  \
                       /   /\
                      /   /  \
                     /\   \  /\
                    /  \   \/  \
                   /    \  /   /\
                  /   ___\/___/  \
                 /\   \  /\      /\
                /  \___\/__\    /  \
               /    \       \   \   \
              /   ___\    ___\___\   \
             /   /   /   /    \      /\
            /___/   /___/      \____/  \
           /   /   /    \      /       /\
          /   /___/   ___\____/   ____/  \
         /       /   /   /    \  /\       \
        /_______/   /   /___   \/  \_______\
       /        \  /\      /   /       /    \
      /___    ___\/  \    /   /___    /___   \
     /\   \  /\   \   \  /\  /   /\  /\   \   \
    /  \   \/__\   \   \/  \/   /  \/__\   \___\
   /   /   /\      /\   \   \   \      /\   \   \
  /   /   /  \____/  \   \   \   \____/  \   \   \
 /   /   /       /    \  /   /   /        \   \   \
/___/___/_______/______\/___/___/__________\___\___\

solution 8:
00,10,1 00,11,0 00,11,1 00,12,0 01,09,1 01,10,0 C6
01,10,1 01,11,0 D2
00,08,1 00,09,0 00,09,1 00,10,0 01,08,0 01,09,0 F6
01,08,1 T1
02,09,0 02,09,1 02,10,0 I3
10,01,1 11,00,1 11,01,0 12,00,0 I4
00,00,0 00,00,1 00,01,0 00,01,1 00,02,0 I5
08,02,1 09,01,1 09,02,0 10,00,1 10,01,0 11,00,0 I6
08,03,0 08,03,1 09,02,1 09,03,0 10,02,0 L5
08,00,0 08,00,1 09,00,0 09,00,1 09,01,0 10,00,0 P6
07,01,1 07,02,0 08,01,0 08,01,1 C4
00,02,1 01,00,0 01,00,1 01,01,0 01,01,1 01,02,0 J6
02,00,0 02,00,1 02,01,0 03,00,0 03,00,1 P5
02,01,1 02,02,1 03,01,0 03,01,1 03,02,0 C5
04,00,0 04,00,1 04,01,0 05,00,0 T4
00,03,0 00,03,1 01,02,1 01,03,0 01,03,1 02,03,0 E6
00,04,0 00,04,1 00,05,0 00,05,1 01,04,0 01,04,1 V6
02,08,1 03,07,1 03,08,0 03,08,1 03,09,0 04,07,0 H6
04,06,1 04,07,1 04,08,0 05,06,0 05,06,1 05,07,0 g6
05,05,1 06,04,1 06,05,0 06,05,1 06,06,0 07,05,0 X6
07,02,1 07,03,0 07,03,1 07,04,0 07,04,1 08,04,0 j6
00,06,0 00,06,1 00,07,0 01,05,0 01,05,1 01,06,0 f6
00,07,1 00,08,0 01,06,1 01,07,0 01,07,1 02,07,0 h6
02,07,1 03,05,1 03,06,0 03,06,1 03,07,0 04,05,0 S6
04,05,1 04,06,0 05,04,1 05,05,0 i4
04,04,1 05,03,1 05,04,0 06,03,0 06,03,1 06,04,0 G6
02,05,0 02,05,1 02,06,0 02,06,1 03,05,0 p5
02,04,1 03,03,1 03,04,0 03,04,1 04,02,1 04,03,0 p6
02,03,1 02,04,0 03,02,1 03,03,0 04,01,1 04,02,0 i6
04,03,1 04,04,0 05,02,0 05,02,1 05,03,0 l5
05,00,1 05,01,0 05,01,1 06,00,0 06,00,1 06,01,0 O6
06,01,1 06,02,0 06,02,1 07,00,0 07,00,1 07,01,0 s6

                         /\
                        /  \
                       /   /\
                      /   /  \
                     /\   \  /\
                    /  \   \/  \
                   /    \  /   /\
                  /   ___\/___/  \
                 /\   \  /\      /\
                /  \___\/__\    /  \
               /\       \   \   \   \
              /  \    ___\   \___\   \
             /    \  /   /   /\      /\
            /___   \/   /   /  \____/  \
           /   /   /    \   \   \       \
          /   /___/______\___\   \    ___\
         /       /\      /\   \  /\  /    \
        /_______/  \    /  \   \/  \/   ___\
       /        \   \   \   \      /   /    \
      /___    ___\   \   \   \____/   /___   \
     /\   \  /\   \   \  /   /   /\  /\   \   \
    /  \   \/__\   \   \/___/   /  \/__\   \___\
   /   /   /\      /\  /    \   \      /\   \   \
  /   /   /  \____/  \/      \   \____/  \   \   \
 /   /   /       /    \      /   /        \   \   \
/___/___/_______/______\____/___/__________\___\___\

solution 9:
00,10,1 00,11,0 00,11,1 00,12,0 01,09,1 01,10,0 C6
01,10,1 01,11,0 D2
00,08,1 00,09,0 00,09,1 00,10,0 01,08,0 01,09,0 F6
01,08,1 T1
02,09,0 02,09,1 02,10,0 I3
10,01,1 11,00,1 11,01,0 12,00,0 I4
00,00,0 00,00,1 00,01,0 00,01,1 00,02,0 I5
08,02,1 09,01,1 09,02,0 10,00,1 10,01,0 11,00,0 I6
08,03,0 08,03,1 09,02,1 09,03,0 10,02,0 L5
08,00,0 08,00,1 09,00,0 09,00,1 09,01,0 10,00,0 P6
07,01,1 07,02,0 08,01,0 08,01,1 C4
00,02,1 01,00,0 01,00,1 01,01,0 01,01,1 01,02,0 J6
02,00,0 02,00,1 02,01,0 03,00,0 03,00,1 P5
02,01,1 02,02,1 03,01,0 03,01,1 03,02,0 C5
04,00,0 04,00,1 04,01,0 05,00,0 T4
00,03,0 00,03,1 01,02,1 01,03,0 01,03,1 02,03,0 E6
00,04,0 00,04,1 00,05,0 00,05,1 01,04,0 01,04,1 V6
02,08,1 03,07,1 03,08,0 03,08,1 03,09,0 04,07,0 H6
04,06,1 04,07,1 04,08,0 05,06,0 05,06,1 05,07,0 g6
05,05,1 06,04,1 06,05,0 06,05,1 06,06,0 07,05,0 X6
07,02,1 07,03,0 07,03,1 07,04,0 07,04,1 08,04,0 j6
00,06,0 00,06,1 00,07,0 01,05,0 01,05,1 01,06,0 f6
00,07,1 00,08,0 01,06,1 01,07,0 i4
01,07,1 02,06,0 02,06,1 02,07,0 02,07,1 03,07,0 h6
03,05,1 03,06,0 03,06,1 04,04,1 04,05,0 l5
04,05,1 04,06,0 05,04,0 05,04,1 05,05,0 06,04,0 p6
05,03,1 06,02,0 06,02,1 06,03,0 06,03,1 p5
06,00,1 06,01,0 06,01,1 07,00,0 07,00,1 07,01,0 O6
04,02,1 05,00,1 05,01,0 05,01,1 05,02,0 06,00,0 S6
02,03,1 02,04,0 03,02,1 03,03,0 04,01,1 04,02,0 i6
03,03,1 03,04,0 04,03,0 04,03,1 05,02,1 05,03,0 s6
02,04,1 02,05,0 02,05,1 03,04,1 03,05,0 04,04,0 G6

                         /\
                        /  \
                       /   /\
                      /   /  \
                     /\   \  /\
                    /  \   \/  \
                   /    \  /   /\
                  /   ___\/___/  \
                 /\   \  /\      /\
                /  \___\/__\    /  \
               /\   \       \   \   \
              /  \   \    ___\___\   \
             /    \  /   /   /\      /\
            /___   \/___/   /  \____/  \
           /   /   /    \   \   \       \
          /   /___/      \   \   \    ___\
         /       /\  /\   \  /    \  /    \
        /_______/  \/  \___\/______\/   ___\
       /        \   \       \      /   /    \
      /___    ___\   \____   \    /   /___   \
     /\   \  /\   \   \   \  /   /\  /\   \   \
    /  \   \/__\   \   \   \/___/  \/__\   \___\
   /   /   /\      /\  /   /    \      /\   \   \
  /   /   /  \____/  \/   /      \____/  \   \   \
 /   /   /       /    \   \      /        \   \   \
/___/___/_______/______\___\____/__________\___\___\

solution 10:
00,10,1 00,11,0 00,11,1 00,12,0 01,09,1 01,10,0 C6
01,10,1 01,11,0 D2
00,08,1 00,09,0 00,09,1 00,10,0 01,08,0 01,09,0 F6
01,08,1 T1
02,09,0 02,09,1 02,10,0 I3
10,01,1 11,00,1 11,01,0 12,00,0 I4
00,00,0 00,00,1 00,01,0 00,01,1 00,02,0 I5
08,02,1 09,01,1 09,02,0 10,00,1 10,01,0 11,00,0 I6
08,03,0 08,03,1 09,02,1 09,03,0 10,02,0 L5
08,00,0 08,00,1 09,00,0 09,00,1 09,01,0 10,00,0 P6
07,01,1 07,02,0 08,01,0 08,01,1 C4
00,02,1 01,00,0 01,00,1 01,01,0 01,01,1 01,02,0 J6
02,00,0 02,00,1 02,01,0 03,00,0 03,00,1 P5
02,01,1 02,02,1 03,01,0 03,01,1 03,02,0 C5
04,00,0 04,00,1 04,01,0 05,00,0 T4
00,03,0 00,03,1 01,02,1 01,03,0 01,03,1 02,03,0 E6
00,04,0 00,04,1 00,05,0 00,05,1 01,04,0 01,04,1 V6
02,08,1 03,07,1 03,08,0 03,08,1 03,09,0 04,07,0 H6
04,06,1 04,07,1 04,08,0 05,06,0 05,06,1 05,07,0 g6
05,05,1 06,04,1 06,05,0 06,05,1 06,06,0 07,05,0 X6
07,02,1 07,03,0 07,03,1 07,04,0 07,04,1 08,04,0 j6
00,06,0 00,06,1 00,07,0 01,05,0 01,05,1 01,06,0 f6
00,07,1 00,08,0 01,06,1 01,07,0 01,07,1 p5
02,05,0 02,05,1 02,06,0 02,06,1 02,07,0 02,07,1 i6
03,05,0 03,05,1 03,06,0 03,06,1 03,07,0 04,06,0 p6
02,03,1 02,04,0 03,03,0 03,03,1 04,02,1 04,03,0 s6
03,02,1 04,01,1 04,02,0 05,01,0 05,01,1 05,02,0 G6
02,04,1 03,04,0 03,04,1 04,03,1 04,04,0 l5
04,04,1 04,05,0 04,05,1 05,04,0 05,04,1 05,05,0 O6
05,02,1 05,03,0 05,03,1 06,03,0 06,03,1 06,04,0 S6
05,00,1 06,00,0 06,00,1 07,00,0 i4
06,01,0 06,01,1 06,02,0 06,02,1 07,00,1 07,01,0 h6

                         /\
                        /  \
                       /   /\
                      /   /  \
                     /\   \  /\
                    /  \   \/  \
                   /    \  /   /\
                  /   ___\/___/  \
                 /\   \  /\      /\
                /  \___\/__\    /  \
               /\      /   /\   \   \
              /  \    /   /  \___\   \
             /    \  /   /    \      /\
            /___   \/   /   ___\____/  \
           /   /   /   /   /    \       \
          /   /___/___/___/      \    ___\
         /       /\       \      /\  /    \
        /_______/  \____   \____/  \/   ___\
       /        \       \  /       /   /    \
      /___    ___\____   \/   ____/   /___   \
     /\   \  /\   \   \  /\  /   /\  /\   \   \
    /  \   \/__\   \   \/  \/   /  \/__\   \___\
   /   /   /\      /\      /    \      /\   \   \
  /   /   /  \____/  \____/___   \____/  \   \   \
 /   /   /       /    \       \  /        \   \   \
/___/___/_______/______\_______\/__________\___\___\

User-requested solution limit reached.
10 solutions, 7,408 searches, duration 0:00:04.264000
