solving OneSidedHeptiamondsTriangle9:

solution 1 (11,635,486 searches):
00,16,1 00,17,0 00,17,1 00,18,0 01,16,0 01,16,1 01,17,0 D7
15,02,1 16,01,0 16,01,1 16,02,0 17,00,1 17,01,0 18,00,0 E7
14,00,0 14,00,1 15,00,0 15,00,1 16,00,0 16,00,1 17,00,0 I7
00,00,0 00,00,1 00,01,0 00,01,1 00,02,0 01,00,0 01,00,1 G7
13,01,1 14,01,0 14,01,1 14,02,0 15,01,0 15,01,1 15,02,0 F7
13,03,1 13,04,0 14,02,1 14,03,0 14,03,1 14,04,0 15,03,0 B7
11,05,1 12,04,0 12,04,1 12,05,0 12,05,1 13,04,1 13,05,0 a7
09,07,1 10,07,0 10,07,1 10,08,0 11,06,1 11,07,0 12,06,0 H7
08,07,0 08,07,1 09,06,1 09,07,0 10,06,0 10,06,1 11,06,0 N7
10,01,1 10,02,0 11,01,0 11,01,1 12,01,0 12,01,1 12,02,0 C7
11,00,0 11,00,1 12,00,0 12,00,1 13,00,0 13,00,1 13,01,0 L7
00,14,1 00,15,0 00,15,1 00,16,0 01,14,0 01,15,0 01,15,1 A7
01,14,1 02,14,0 02,14,1 02,15,0 02,15,1 02,16,0 03,15,0 Q7
00,13,1 00,14,0 01,12,0 01,12,1 01,13,0 01,13,1 02,12,0 X7
00,11,1 00,12,0 00,12,1 00,13,0 01,10,1 01,11,0 01,11,1 u7
00,10,1 00,11,0 01,09,1 01,10,0 02,09,0 02,09,1 02,10,0 J7
03,13,1 03,14,0 03,14,1 04,12,0 04,12,1 04,13,0 04,14,0 s7
04,13,1 05,11,1 05,12,0 05,12,1 05,13,0 06,11,0 06,12,0 Z7
06,09,1 06,10,0 06,10,1 06,11,1 07,10,0 07,10,1 07,11,0 S7
07,09,0 07,09,1 08,09,0 08,09,1 08,10,0 09,08,1 09,09,0 t7
06,08,1 07,07,1 07,08,0 07,08,1 08,08,0 08,08,1 09,08,0 p7
04,08,0 04,08,1 04,09,0 04,09,1 05,09,0 05,09,1 06,09,0 R7
02,08,1 03,07,1 03,08,0 03,08,1 03,09,0 03,09,1 04,07,0 T7
00,08,0 00,08,1 00,09,0 00,09,1 00,10,0 01,08,0 01,09,0 M7
01,07,1 01,08,1 02,07,0 02,07,1 02,08,0 03,06,1 03,07,0 Y7
00,07,1 01,05,1 01,06,0 01,06,1 01,07,0 02,06,0 02,06,1 W7
00,05,1 00,06,0 00,06,1 00,07,0 01,04,1 01,05,0 02,04,0 r7
00,03,0 00,03,1 00,04,0 00,04,1 00,05,0 01,03,1 01,04,0 g7
03,05,1 03,06,0 04,04,1 04,05,0 04,05,1 04,06,0 05,04,0 y7
00,02,1 01,01,0 01,01,1 01,02,0 02,00,0 02,00,1 02,01,0 f7
01,02,1 01,03,0 02,01,1 02,02,0 03,00,0 03,00,1 03,01,0 l7
03,01,1 04,00,0 04,00,1 04,01,0 04,01,1 04,02,0 05,00,0 x7
05,00,1 05,01,0 05,01,1 06,00,0 06,00,1 07,00,0 07,00,1 j7
06,01,0 06,01,1 06,02,0 07,01,0 07,01,1 07,02,0 07,02,1 U7
05,03,1 05,04,1 06,02,1 06,03,0 06,03,1 06,04,0 07,03,0 b7
08,00,0 08,00,1 08,01,0 09,00,0 09,00,1 10,00,0 10,00,1 P7
08,01,1 08,02,0 08,02,1 08,03,0 09,01,0 09,01,1 10,01,0 V7
08,03,1 09,02,0 09,02,1 09,03,0 09,03,1 09,04,0 09,04,1 e7
05,05,0 05,05,1 06,04,1 06,05,0 07,03,1 07,04,0 07,04,1 q7
06,07,1 07,06,1 07,07,0 08,06,0 08,06,1 09,05,1 09,06,0 n7
04,07,1 05,07,0 05,07,1 05,08,0 05,08,1 06,07,0 06,08,0 z7
07,05,1 07,06,0 08,04,0 08,04,1 08,05,0 08,05,1 09,05,0 w7
04,06,1 05,06,0 05,06,1 06,05,1 06,06,0 06,06,1 07,05,0 h7

                                     /\
                                    /  \
                                   /    \
                                  /      \
                                 /\      /\
                                /  \____/  \
                               /       /    \
                              /   ____/   ___\
                             /\   \      /    \
                            /  \___\____/   ___\
                           /\      /    \   \   \
                          /  \    /      \   \   \
                         /   /    \      /   /    \
                        /   /______\    /___/   ___\
                       /\      /            \   \   \
                      /  \    /              \___\   \
                     /\   \  /\              /       /\
                    /  \   \/  \____________/   ____/  \
                   /    \      /   /        \  /        \
                  /   ___\____/   /   _______\/_______   \
                 /    \   \      /   /    \           \  /\
                /______\   \    /___/   ___\    _______\/  \
               /\   \       \   \       \   \  /    \       \
              /  \   \____   \___\_______\   \/___   \____   \
             /   /       /\  /\          /\       \       \   \
            /   /   ____/  \/  \____    /  \____   \_______\___\
           /\   \  /    \      /    \   \       \  /    \       \
          /  \   \/      \    /___   \___\    ___\/      \       \
         /    \   \       \   \   \      /   /   /       /   /\  /\
        /      \___\       \___\   \    /___/   /       /___/  \/  \
       /   /\  /            \       \  /\      /            \       \
      /___/  \/              \    ___\/  \    /              \    ___\
     /\   \   \      /\      /\  /   /   /   /\      /\      /\  /\   \
    /  \   \   \____/  \____/  \/   /   /___/  \____/  \____/  \/  \   \
   /   /    \   \      /   /       /\       \          /\          /    \
  /   /___   \   \    /   /_______/  \_______\________/  \________/___   \
 /       /   /   /    \          /           /           /            \   \
/_______/___/___/______\________/___________/___________/______________\___\

solution 2 (20,093,344 searches):
00,16,1 00,17,0 00,17,1 00,18,0 01,16,0 01,16,1 01,17,0 D7
15,02,1 16,01,0 16,01,1 16,02,0 17,00,1 17,01,0 18,00,0 E7
14,00,0 14,00,1 15,00,0 15,00,1 16,00,0 16,00,1 17,00,0 I7
00,00,0 00,00,1 00,01,0 00,01,1 00,02,0 01,00,0 01,00,1 G7
13,01,1 14,01,0 14,01,1 14,02,0 15,01,0 15,01,1 15,02,0 F7
13,03,1 13,04,0 14,02,1 14,03,0 14,03,1 14,04,0 15,03,0 B7
11,05,1 12,04,0 12,04,1 12,05,0 12,05,1 13,04,1 13,05,0 a7
09,07,1 10,07,0 10,07,1 10,08,0 11,06,1 11,07,0 12,06,0 H7
08,07,0 08,07,1 09,06,1 09,07,0 10,06,0 10,06,1 11,06,0 N7
10,01,1 10,02,0 11,01,0 11,01,1 12,01,0 12,01,1 12,02,0 C7
11,00,0 11,00,1 12,00,0 12,00,1 13,00,0 13,00,1 13,01,0 L7
00,14,1 00,15,0 00,15,1 00,16,0 01,14,0 01,15,0 01,15,1 A7
01,14,1 02,14,0 02,14,1 02,15,0 02,15,1 02,16,0 03,15,0 Q7
00,13,1 00,14,0 01,12,0 01,12,1 01,13,0 01,13,1 02,12,0 X7
00,11,1 00,12,0 00,12,1 00,13,0 01,10,1 01,11,0 01,11,1 u7
00,10,1 00,11,0 01,09,1 01,10,0 02,09,0 02,09,1 02,10,0 J7
03,13,1 03,14,0 03,14,1 04,12,0 04,12,1 04,13,0 04,14,0 s7
04,13,1 05,11,1 05,12,0 05,12,1 05,13,0 06,11,0 06,12,0 Z7
06,10,1 06,11,1 07,10,0 07,10,1 07,11,0 08,09,1 08,10,0 Y7
07,09,0 07,09,1 08,08,1 08,09,0 09,08,0 09,08,1 09,09,0 S7
05,09,0 05,09,1 06,08,0 06,08,1 06,09,0 06,09,1 06,10,0 y7
06,07,0 06,07,1 07,07,0 07,07,1 07,08,0 07,08,1 08,08,0 n7
00,09,0 00,09,1 00,10,0 01,08,1 01,09,0 02,08,0 02,08,1 q7
08,04,1 09,03,1 09,04,0 09,04,1 09,05,0 09,05,1 09,06,0 P7
06,06,1 07,06,0 07,06,1 08,05,0 08,05,1 08,06,0 08,06,1 g7
03,09,1 04,08,1 04,09,0 04,09,1 05,07,1 05,08,0 05,08,1 M7
03,07,1 03,08,0 03,08,1 03,09,0 04,06,1 04,07,0 04,08,0 U7
04,07,1 05,05,0 05,05,1 05,06,0 05,06,1 05,07,0 06,06,0 T7
00,02,1 01,01,0 01,01,1 01,02,0 02,00,0 02,00,1 02,01,0 f7
02,01,1 03,00,0 03,00,1 03,01,0 04,00,0 04,00,1 05,00,0 h7
03,01,1 04,01,0 04,01,1 04,02,0 05,01,0 05,01,1 06,01,0 e7
05,00,1 06,00,0 06,00,1 07,00,0 07,00,1 07,01,0 08,00,0 p7
00,03,0 00,03,1 01,02,1 01,03,0 01,03,1 01,04,0 02,02,0 W7
00,04,0 00,04,1 00,05,0 00,05,1 01,04,1 01,05,0 02,04,0 V7
00,06,0 00,06,1 00,07,0 00,07,1 00,08,0 00,08,1 01,08,0 l7
01,05,1 01,06,0 01,06,1 01,07,0 01,07,1 02,07,0 02,07,1 r7
02,06,0 02,06,1 03,05,1 03,06,0 03,06,1 03,07,0 04,06,0 x7
04,04,1 04,05,0 04,05,1 05,04,0 05,04,1 06,04,0 06,04,1 j7
06,05,0 06,05,1 07,04,0 07,04,1 07,05,0 07,05,1 08,04,0 b7
05,03,1 06,01,1 06,02,0 06,02,1 06,03,0 06,03,1 07,03,0 t7
07,02,1 07,03,1 08,02,0 08,02,1 08,03,0 08,03,1 09,03,0 z7
08,01,1 09,01,0 09,01,1 09,02,0 09,02,1 10,00,1 10,01,0 w7
07,01,1 07,02,0 08,00,1 08,01,0 09,00,0 09,00,1 10,00,0 R7

                                     /\
                                    /  \
                                   /    \
                                  /      \
                                 /\      /\
                                /  \____/  \
                               /       /    \
                              /   ____/   ___\
                             /\   \      /    \
                            /  \___\____/   ___\
                           /\      /    \   \   \
                          /  \    /      \   \   \
                         /   /    \      /   /    \
                        /   /______\    /___/   ___\
                       /\      /            \   \   \
                      /  \    /              \___\   \
                     /\   \  /\              /\       \
                    /  \   \/  \____________/  \____   \
                   /    \      /\      /       /    \  /\
                  /___   \____/  \    /___    /___   \/  \
                 /    \      /    \      /   /    \      /\
                /   ___\____/   ___\    /___/   ___\____/  \
               /   /       /\   \   \  /       /    \       \
              /   /   ____/  \   \   \/_______/___   \____   \
             /   /   /        \  /    \          /\       \   \
            /___/   /___    ___\/   ___\____    /  \_______\___\
           /    \  /    \  /   /   /       /   /   /    \       \
          /      \/      \/   /___/___    /___/   /      \       \
         /   /\   \       \          /    \      /       /   /\  /\
        /___/  \___\       \________/______\    /       /___/  \/  \
       /       /            \       \       \  /            \       \
      /___    /              \    ___\    ___\/              \    ___\
     /\   \   \      /\      /   /\      /   /\      /\      /\  /\   \
    /  \   \___\____/  \____/   /  \____/   /  \____/  \____/  \/  \   \
   /   /    \   \           \  /\   \       \          /\          /    \
  /   /___   \   \___________\/  \   \____   \________/  \________/___   \
 /       /   /        \           \       \  /           /            \   \
/_______/___/__________\___________\_______\/___________/______________\___\

solution 3 (26,862,343 searches):
00,16,1 00,17,0 00,17,1 00,18,0 01,16,0 01,16,1 01,17,0 D7
15,02,1 16,01,0 16,01,1 16,02,0 17,00,1 17,01,0 18,00,0 E7
14,00,0 14,00,1 15,00,0 15,00,1 16,00,0 16,00,1 17,00,0 I7
00,00,0 00,00,1 00,01,0 00,01,1 00,02,0 01,00,0 01,00,1 G7
13,01,1 14,01,0 14,01,1 14,02,0 15,01,0 15,01,1 15,02,0 F7
13,03,1 13,04,0 14,02,1 14,03,0 14,03,1 14,04,0 15,03,0 B7
11,05,1 12,04,0 12,04,1 12,05,0 12,05,1 13,04,1 13,05,0 a7
09,07,1 10,07,0 10,07,1 10,08,0 11,06,1 11,07,0 12,06,0 H7
08,07,0 08,07,1 09,06,1 09,07,0 10,06,0 10,06,1 11,06,0 N7
10,01,1 10,02,0 11,01,0 11,01,1 12,01,0 12,01,1 12,02,0 C7
11,00,0 11,00,1 12,00,0 12,00,1 13,00,0 13,00,1 13,01,0 L7
00,14,1 00,15,0 00,15,1 00,16,0 01,14,0 01,15,0 01,15,1 A7
01,14,1 02,14,0 02,14,1 02,15,0 02,15,1 02,16,0 03,15,0 Q7
00,13,1 00,14,0 01,12,0 01,12,1 01,13,0 01,13,1 02,12,0 X7
00,11,1 00,12,0 00,12,1 00,13,0 01,10,1 01,11,0 01,11,1 u7
00,10,1 00,11,0 01,09,1 01,10,0 02,09,0 02,09,1 02,10,0 J7
03,13,1 03,14,0 03,14,1 04,12,0 04,12,1 04,13,0 04,14,0 s7
04,13,1 05,11,1 05,12,0 05,12,1 05,13,0 06,11,1 06,12,0 y7
00,08,0 00,08,1 00,09,0 00,09,1 00,10,0 01,08,0 01,09,0 M7
00,02,1 01,01,0 01,01,1 01,02,0 02,00,0 02,00,1 02,01,0 f7
01,02,1 01,03,0 02,01,1 02,02,0 03,00,0 03,00,1 03,01,0 l7
00,03,0 00,03,1 00,04,0 00,04,1 00,05,0 01,03,1 01,04,0 g7
00,05,1 00,06,0 00,06,1 00,07,0 01,04,1 01,05,0 02,04,0 r7
00,07,1 01,05,1 01,06,0 01,06,1 01,07,0 01,07,1 02,06,0 x7
03,01,1 04,00,0 04,00,1 04,01,0 05,00,0 05,00,1 06,00,0 h7
04,01,1 04,02,0 05,01,0 05,01,1 06,00,1 06,01,0 07,00,0 n7
01,08,1 02,06,1 02,07,0 02,07,1 02,08,0 03,07,0 03,07,1 W7
02,08,1 03,08,0 03,08,1 03,09,0 03,09,1 04,07,1 04,08,0 w7
06,10,1 06,11,0 07,10,0 07,10,1 07,11,0 08,09,1 08,10,0 z7
07,09,0 07,09,1 08,08,1 08,09,0 09,08,0 09,08,1 09,09,0 S7
04,09,1 05,08,1 05,09,0 05,09,1 06,09,0 06,09,1 06,10,0 q7
06,08,0 06,08,1 07,07,0 07,07,1 07,08,0 07,08,1 08,08,0 Y7
04,08,1 04,09,0 05,07,0 05,07,1 05,08,0 06,07,0 06,07,1 T7
06,06,1 07,06,0 07,06,1 08,05,1 08,06,0 08,06,1 09,06,0 e7
07,05,1 08,04,1 08,05,0 09,04,0 09,04,1 09,05,0 09,05,1 V7
08,00,0 08,00,1 08,01,0 09,00,0 09,00,1 10,00,0 10,00,1 P7
07,00,1 07,01,0 07,01,1 07,02,0 07,02,1 08,01,1 08,02,0 j7
05,03,1 06,01,1 06,02,0 06,02,1 06,03,0 06,03,1 07,03,0 t7
09,01,0 09,01,1 09,02,0 09,02,1 09,03,0 09,03,1 10,01,0 p7
07,03,1 07,04,1 07,05,0 08,02,1 08,03,0 08,03,1 08,04,0 U7
05,05,1 05,06,1 06,04,1 06,05,0 06,05,1 06,06,0 07,04,0 Z7
03,05,1 03,06,0 04,04,1 04,05,0 05,04,0 05,04,1 06,04,0 R7
03,06,1 04,05,1 04,06,0 04,06,1 04,07,0 05,05,0 05,06,0 b7

                                     /\
                                    /  \
                                   /    \
                                  /      \
                                 /\      /\
                                /  \____/  \
                               /       /    \
                              /   ____/   ___\
                             /\   \      /    \
                            /  \___\____/   ___\
                           /\      /    \   \   \
                          /  \    /      \   \   \
                         /   /    \      /   /    \
                        /   /______\    /___/      \
                       /\      /            \  /\  /\
                      /  \    /              \/  \/  \
                     /\   \  /\              /\       \
                    /  \   \/  \____________/  \____   \
                   /    \      /   /\          /    \  /\
                  /   ___\____/   /  \    ____/___   \/  \
                 /    \   \       \   \  /        \      /\
                /______\   \____   \   \/___    ___\____/  \
               /\      /       /\  /       /   /    \       \
              /  \    /   ____/  \/_______/___/___   \____   \
             /   /    \  /\       \   \           \       \   \
            /   /   ___\/  \    ___\   \____    ___\_______\___\
           /\   \  /    \   \   \      /\   \  /   /    \       \
          /  \   \/      \   \___\    /  \   \/   /      \       \
         /    \   \       \       \   \   \      /       /   /\  /\
        /      \___\       \_______\___\   \____/       /___/  \/  \
       /   /\  /            \       \      /   /            \       \
      /___/  \/              \    ___\    /   /              \    ___\
     /\   \   \      /\      /   /    \  /   /\      /\      /\  /\   \
    /  \   \   \____/  \____/   /      \/   /  \____/  \____/  \/  \   \
   /   /    \   \   \       \  /   /\  /    \          /\          /    \
  /   /___   \   \   \____   \/   /  \/______\________/  \________/___   \
 /       /   /   /        \   \  /           /           /            \   \
/_______/___/___/__________\___\/___________/___________/______________\___\

solution 4 (29,314,667 searches):
00,16,1 00,17,0 00,17,1 00,18,0 01,16,0 01,16,1 01,17,0 D7
15,02,1 16,01,0 16,01,1 16,02,0 17,00,1 17,01,0 18,00,0 E7
14,00,0 14,00,1 15,00,0 15,00,1 16,00,0 16,00,1 17,00,0 I7
00,00,0 00,00,1 00,01,0 00,01,1 00,02,0 01,00,0 01,00,1 G7
13,01,1 14,01,0 14,01,1 14,02,0 15,01,0 15,01,1 15,02,0 F7
13,03,1 13,04,0 14,02,1 14,03,0 14,03,1 14,04,0 15,03,0 B7
11,05,1 12,04,0 12,04,1 12,05,0 12,05,1 13,04,1 13,05,0 a7
09,07,1 10,07,0 10,07,1 10,08,0 11,06,1 11,07,0 12,06,0 H7
08,07,0 08,07,1 09,06,1 09,07,0 10,06,0 10,06,1 11,06,0 N7
10,01,1 10,02,0 11,01,0 11,01,1 12,01,0 12,01,1 12,02,0 C7
11,00,0 11,00,1 12,00,0 12,00,1 13,00,0 13,00,1 13,01,0 L7
00,14,1 00,15,0 00,15,1 00,16,0 01,14,0 01,15,0 01,15,1 A7
01,14,1 02,14,0 02,14,1 02,15,0 02,15,1 02,16,0 03,15,0 Q7
00,13,1 00,14,0 01,12,0 01,12,1 01,13,0 01,13,1 02,12,0 X7
00,11,1 00,12,0 00,12,1 00,13,0 01,10,1 01,11,0 01,11,1 u7
00,10,1 00,11,0 01,09,1 01,10,0 02,09,0 02,09,1 02,10,0 J7
03,13,1 03,14,0 03,14,1 04,12,0 04,12,1 04,13,0 04,14,0 s7
04,13,1 05,11,1 05,12,0 05,12,1 05,13,0 06,11,1 06,12,0 y7
00,09,0 00,09,1 00,10,0 01,08,0 01,08,1 01,09,0 02,08,0 M7
00,07,1 00,08,0 00,08,1 01,07,0 01,07,1 02,07,0 02,07,1 j7
00,06,1 00,07,0 01,05,1 01,06,0 01,06,1 02,06,0 02,06,1 t7
00,05,1 00,06,0 01,03,1 01,04,0 01,04,1 01,05,0 02,04,0 h7
00,03,1 00,04,0 00,04,1 00,05,0 01,02,1 01,03,0 02,02,0 r7
00,02,1 00,03,0 01,01,0 01,01,1 01,02,0 02,01,0 02,01,1 T7
02,00,0 02,00,1 03,00,0 03,00,1 03,01,0 03,01,1 04,01,0 n7
04,00,0 04,00,1 04,01,1 04,02,0 05,00,0 05,00,1 05,01,0 V7
05,01,1 06,00,0 06,00,1 06,01,0 06,01,1 06,02,0 06,02,1 e7
07,00,0 07,00,1 07,01,0 07,01,1 08,00,0 08,00,1 09,00,0 g7
08,01,0 08,01,1 08,02,0 09,00,1 09,01,0 10,00,0 10,00,1 q7
08,02,1 08,03,1 09,01,1 09,02,0 09,02,1 09,03,0 10,01,0 Z7
06,03,0 06,03,1 07,02,0 07,02,1 07,03,0 07,03,1 08,03,0 Y7
04,05,1 05,03,1 05,04,0 05,04,1 05,05,0 06,04,0 06,04,1 W7
03,05,1 03,06,0 03,06,1 03,07,0 03,07,1 04,04,1 04,05,0 R7
02,08,1 03,08,0 03,08,1 03,09,0 03,09,1 04,07,1 04,08,0 w7
04,06,0 04,06,1 04,07,0 05,05,1 05,06,0 05,06,1 06,05,0 x7
06,05,1 06,06,0 06,06,1 07,04,0 07,04,1 07,05,0 07,05,1 z7
08,04,0 08,04,1 08,05,0 09,03,1 09,04,0 09,04,1 09,05,0 b7
07,06,0 07,06,1 08,05,1 08,06,0 08,06,1 09,05,1 09,06,0 f7
04,08,1 04,09,0 04,09,1 05,08,1 05,09,0 06,08,0 06,08,1 S7
05,07,0 05,07,1 05,08,0 06,07,0 06,07,1 07,07,0 07,07,1 P7
05,09,1 06,09,0 06,09,1 07,08,0 07,08,1 07,09,0 08,08,0 U7
07,10,1 07,11,0 08,09,1 08,10,0 09,08,0 09,08,1 09,09,0 l7
06,10,0 06,10,1 06,11,0 07,09,1 07,10,0 08,08,1 08,09,0 p7

                                     /\
                                    /  \
                                   /    \
                                  /      \
                                 /\      /\
                                /  \____/  \
                               /       /    \
                              /   ____/   ___\
                             /\   \      /    \
                            /  \___\____/   ___\
                           /\      /    \   \   \
                          /  \    /      \   \   \
                         /   /    \      /   /    \
                        /   /______\    /___/      \
                       /\      /            \  /\  /\
                      /  \    /              \/  \/  \
                     /\   \  /\              /    \   \
                    /  \   \/  \____________/___   \   \
                   /    \      /   /    \       \   \   \
                  /___   \____/   /      \____   \   \   \
                 /   /    \       \  /\      /    \  /   /\
                /   /______\____   \/  \____/______\/___/  \
               /\          /   /\  /           /    \       \
              /  \________/   /  \/___________/___   \____   \
             /\          /   /       /   /        \       \   \
            /  \    ____/   /___    /   /___       \_______\___\
           /\   \  /    \   \   \   \      /\  /\  /    \       \
          /  \   \/      \   \   \___\    /  \/  \/      \       \
         /   /    \       \  /       /   /       /       /   /\  /\
        /   /   ___\       \/   ____/___/___    /       /___/  \/  \
       /\   \  /            \  /        \   \  /            \       \
      /  \   \/              \/___    ___\   \/              \    ___\
     /\   \   \      /\      /   /   /\      /\      /\      /\  /\   \
    /  \   \___\____/  \____/   /___/  \    /  \____/  \____/  \/  \   \
   /   /       /    \   \      /   /    \   \          /\          /    \
  /   /_______/   ___\   \    /   /___   \___\________/  \________/___   \
 /       /       /       /   /        \      /           /            \   \
/_______/_______/_______/___/__________\____/___________/______________\___\

solution 5 (30,924,317 searches):
00,16,1 00,17,0 00,17,1 00,18,0 01,16,0 01,16,1 01,17,0 D7
15,02,1 16,01,0 16,01,1 16,02,0 17,00,1 17,01,0 18,00,0 E7
14,00,0 14,00,1 15,00,0 15,00,1 16,00,0 16,00,1 17,00,0 I7
00,00,0 00,00,1 00,01,0 00,01,1 00,02,0 01,00,0 01,00,1 G7
13,01,1 14,01,0 14,01,1 14,02,0 15,01,0 15,01,1 15,02,0 F7
13,03,1 13,04,0 14,02,1 14,03,0 14,03,1 14,04,0 15,03,0 B7
11,05,1 12,04,0 12,04,1 12,05,0 12,05,1 13,04,1 13,05,0 a7
09,07,1 10,07,0 10,07,1 10,08,0 11,06,1 11,07,0 12,06,0 H7
08,07,0 08,07,1 09,06,1 09,07,0 10,06,0 10,06,1 11,06,0 N7
10,01,1 10,02,0 11,01,0 11,01,1 12,01,0 12,01,1 12,02,0 C7
11,00,0 11,00,1 12,00,0 12,00,1 13,00,0 13,00,1 13,01,0 L7
00,14,1 00,15,0 00,15,1 00,16,0 01,14,0 01,15,0 01,15,1 A7
01,14,1 02,14,0 02,14,1 02,15,0 02,15,1 02,16,0 03,15,0 Q7
00,13,1 00,14,0 01,12,0 01,12,1 01,13,0 01,13,1 02,12,0 X7
00,11,1 00,12,0 00,12,1 00,13,0 01,10,1 01,11,0 01,11,1 u7
00,10,1 00,11,0 01,09,1 01,10,0 02,09,0 02,09,1 02,10,0 J7
03,13,1 03,14,0 03,14,1 04,12,0 04,12,1 04,13,0 04,14,0 s7
04,13,1 05,11,1 05,12,0 05,12,1 05,13,0 06,11,1 06,12,0 y7
00,08,1 00,09,0 00,09,1 00,10,0 01,07,1 01,08,0 01,09,0 U7
00,06,0 00,06,1 00,07,0 00,07,1 00,08,0 01,06,0 01,07,0 M7
00,05,0 00,05,1 01,04,0 01,04,1 01,05,0 01,05,1 02,04,0 b7
00,03,1 00,04,0 00,04,1 01,02,1 01,03,0 01,03,1 02,02,0 f7
00,02,1 00,03,0 01,01,0 01,01,1 01,02,0 02,01,0 02,01,1 T7
02,00,0 02,00,1 03,00,0 03,00,1 03,01,0 03,01,1 04,01,0 n7
04,00,0 04,00,1 04,01,1 04,02,0 05,00,0 05,00,1 05,01,0 V7
01,06,1 02,06,0 02,06,1 02,07,0 02,07,1 03,05,1 03,06,0 w7
01,08,1 02,08,0 02,08,1 03,08,0 03,08,1 03,09,0 03,09,1 R7
05,01,1 06,00,0 06,00,1 06,01,0 06,01,1 06,02,0 07,00,0 x7
06,09,1 06,10,0 06,10,1 06,11,0 07,10,0 07,10,1 07,11,0 Z7
07,09,0 07,09,1 08,09,0 08,09,1 08,10,0 09,08,1 09,09,0 t7
06,08,1 07,07,1 07,08,0 07,08,1 08,08,0 08,08,1 09,08,0 p7
04,09,0 04,09,1 05,08,0 05,08,1 05,09,0 05,09,1 06,09,0 Y7
03,07,0 03,07,1 04,06,1 04,07,0 04,07,1 04,08,0 04,08,1 h7
03,06,1 04,04,1 04,05,0 04,05,1 04,06,0 05,04,0 05,04,1 S7
05,03,1 06,03,0 06,03,1 06,04,0 06,04,1 06,05,0 06,05,1 l7
05,05,0 05,05,1 05,06,0 05,06,1 05,07,0 05,07,1 06,06,0 e7
06,07,0 06,07,1 06,08,0 07,06,1 07,07,0 08,06,0 08,06,1 q7
08,04,0 08,04,1 09,04,0 09,04,1 09,05,0 09,05,1 09,06,0 r7
06,06,1 07,04,1 07,05,0 07,05,1 07,06,0 08,05,0 08,05,1 W7
07,03,0 07,03,1 07,04,0 08,03,0 08,03,1 09,03,0 09,03,1 P7
06,02,1 07,02,0 07,02,1 08,01,0 08,01,1 08,02,0 08,02,1 g7
07,00,1 07,01,0 07,01,1 08,00,0 08,00,1 09,00,0 09,00,1 j7
09,01,0 09,01,1 09,02,0 09,02,1 10,00,0 10,00,1 10,01,0 z7

                                     /\
                                    /  \
                                   /    \
                                  /      \
                                 /\      /\
                                /  \____/  \
                               /       /    \
                              /   ____/   ___\
                             /\   \      /    \
                            /  \___\____/   ___\
                           /\      /    \   \   \
                          /  \    /      \   \   \
                         /   /    \      /   /    \
                        /   /______\    /___/      \
                       /\      /            \  /\  /\
                      /  \    /              \/  \/  \
                     /\   \  /\              /       /\
                    /  \   \/  \____________/   ____/  \
                   /    \      /   /        \  /        \
                  /   ___\____/   /___    ___\/_______   \
                 /\   \          /   /   /\           \  /\
                /  \   \________/   /___/  \    _______\/  \
               /    \  /   /       /   /    \  /    \       \
              /   ___\/   /___    /   /___   \/___   \____   \
             /    \       \   \  /    \   \      /\       \   \
            /______\____   \   \/   ___\   \____/  \_______\___\
           /       /    \  /   /   /   /       /   /    \       \
          /___    /      \/   /___/   /   ____/   /      \       \
         /   /    \       \      /   /\  /       /       /   /\  /\
        /   /______\       \____/   /  \/_______/       /___/  \/  \
       /\      /            \      /           /            \       \
      /  \    /              \____/___________/              \    ___\
     /\   \   \      /\      /\          /   /\      /\      /\  /\   \
    /  \   \___\____/  \____/  \____    /   /  \____/  \____/  \/  \   \
   /   /       /    \   \      /   /   /    \          /\          /    \
  /   /_______/   ___\   \    /   /___/___   \________/  \________/___   \
 /       /       /       /    \          /   /           /            \   \
/_______/_______/_______/______\________/___/___________/______________\___\

solution 6 (72,987,670 searches):
00,16,1 00,17,0 00,17,1 00,18,0 01,16,0 01,16,1 01,17,0 D7
15,02,1 16,01,0 16,01,1 16,02,0 17,00,1 17,01,0 18,00,0 E7
14,00,0 14,00,1 15,00,0 15,00,1 16,00,0 16,00,1 17,00,0 I7
00,00,0 00,00,1 00,01,0 00,01,1 00,02,0 01,00,0 01,00,1 G7
13,01,1 14,01,0 14,01,1 14,02,0 15,01,0 15,01,1 15,02,0 F7
13,03,1 13,04,0 14,02,1 14,03,0 14,03,1 14,04,0 15,03,0 B7
11,05,1 12,04,0 12,04,1 12,05,0 12,05,1 13,04,1 13,05,0 a7
09,07,1 10,07,0 10,07,1 10,08,0 11,06,1 11,07,0 12,06,0 H7
08,07,0 08,07,1 09,06,1 09,07,0 10,06,0 10,06,1 11,06,0 N7
10,01,1 10,02,0 11,01,0 11,01,1 12,01,0 12,01,1 12,02,0 C7
11,00,0 11,00,1 12,00,0 12,00,1 13,00,0 13,00,1 13,01,0 L7
00,14,1 00,15,0 00,15,1 00,16,0 01,14,0 01,15,0 01,15,1 A7
01,14,1 02,14,0 02,14,1 02,15,0 02,15,1 02,16,0 03,15,0 Q7
00,13,1 00,14,0 01,12,0 01,12,1 01,13,0 01,13,1 02,12,0 X7
00,11,1 00,12,0 00,12,1 00,13,0 01,10,1 01,11,0 01,11,1 u7
00,10,1 00,11,0 01,09,1 01,10,0 02,09,0 02,09,1 02,10,0 J7
03,13,1 03,14,0 03,14,1 04,12,0 04,12,1 04,13,0 04,14,0 s7
04,13,1 05,11,1 05,12,0 05,12,1 05,13,0 06,11,1 06,12,0 y7
00,08,1 00,09,0 00,09,1 00,10,0 01,07,1 01,08,0 02,07,0 r7
01,08,1 01,09,0 02,07,1 02,08,0 02,08,1 03,07,0 03,08,0 Y7
00,06,0 00,06,1 00,07,0 00,07,1 00,08,0 01,06,1 01,07,0 g7
02,06,0 02,06,1 03,05,1 03,06,0 03,06,1 04,04,1 04,05,0 T7
00,05,0 00,05,1 01,04,1 01,05,0 01,05,1 01,06,0 02,04,0 W7
00,02,1 00,03,0 00,03,1 00,04,0 00,04,1 01,03,1 01,04,0 j7
01,02,0 01,02,1 01,03,0 02,01,1 02,02,0 03,01,0 03,01,1 q7
01,01,0 01,01,1 02,00,0 02,00,1 02,01,0 03,00,0 03,00,1 Z7
04,00,0 04,00,1 04,01,0 04,01,1 04,02,0 05,00,0 05,01,0 M7
05,00,1 05,01,1 06,00,0 06,00,1 06,01,0 06,01,1 06,02,0 f7
07,00,0 07,00,1 07,01,0 08,00,0 08,00,1 09,00,0 09,00,1 P7
09,01,0 09,01,1 09,02,0 09,02,1 10,00,0 10,00,1 10,01,0 z7
07,10,1 07,11,0 08,09,1 08,10,0 09,08,0 09,08,1 09,09,0 l7
06,10,0 06,10,1 06,11,0 07,09,1 07,10,0 08,08,1 08,09,0 p7
06,03,1 07,01,1 07,02,0 07,02,1 07,03,0 08,01,0 08,01,1 S7
05,03,1 05,04,0 05,04,1 05,05,0 06,02,1 06,03,0 06,04,0 U7
03,07,1 04,05,1 04,06,0 04,06,1 04,07,0 04,07,1 05,07,0 t7
03,08,1 03,09,0 04,08,0 04,08,1 05,07,1 05,08,0 06,07,0 n7
03,09,1 04,09,0 04,09,1 05,08,1 05,09,0 05,09,1 06,09,0 e7
06,08,1 06,09,1 07,07,1 07,08,0 07,08,1 07,09,0 08,08,0 b7
05,05,1 05,06,0 05,06,1 06,04,1 06,05,0 06,06,0 06,06,1 V7
06,07,1 06,08,0 07,06,1 07,07,0 08,06,0 08,06,1 09,06,0 R7
08,04,0 08,04,1 09,03,1 09,04,0 09,04,1 09,05,0 09,05,1 h7
07,03,1 07,04,0 08,02,0 08,02,1 08,03,0 08,03,1 09,03,0 w7
06,05,1 07,04,1 07,05,0 07,05,1 07,06,0 08,05,0 08,05,1 x7

                                     /\
                                    /  \
                                   /    \
                                  /      \
                                 /\      /\
                                /  \____/  \
                               /       /    \
                              /   ____/   ___\
                             /\   \      /    \
                            /  \___\____/   ___\
                           /\      /    \   \   \
                          /  \    /      \   \   \
                         /   /    \      /   /    \
                        /   /______\    /___/      \
                       /\      /            \  /\  /\
                      /  \    /              \/  \/  \
                     /\   \  /\              /    \   \
                    /  \   \/  \____________/___   \   \
                   /   /\      /\           \   \   \   \
                  /   /  \____/  \____    ___\   \   \   \
                 /\   \       \       \  /\       \  /   /\
                /  \   \    ___\____   \/  \    ___\/___/  \
               /    \   \   \       \   \   \  /    \       \
              /      \___\___\    ___\___\   \/___   \____   \
             /   /\  /       /   /       /\       \       \   \
            /___/  \/___    /   /   ____/  \_______\_______\___\
           /       /    \   \  /\   \          /   /    \       \
          /___    /      \   \/  \   \    ____/   /      \       \
         /    \   \       \  /    \  /\  /       /       /   /\  /\
        /      \___\       \/   ___\/  \/___    /       /___/  \/  \
       /   /\  /            \   \   \       \  /            \       \
      /   /  \/              \   \   \    ___\/              \    ___\
     /\  /    \      /\      /\  /   /   /   /\      /\      /\  /\   \
    /  \/___   \____/  \____/  \/   /___/   /  \____/  \____/  \/  \   \
   /   /    \      /    \      /\      /    \          /\          /    \
  /   /___   \____/   ___\    /  \____/___   \________/  \________/___   \
 /       /       /    \      /           /   /           /            \   \
/_______/_______/______\____/___________/___/___________/______________\___\

solution 7 (87,269,490 searches):
00,16,1 00,17,0 00,17,1 00,18,0 01,16,0 01,16,1 01,17,0 D7
15,02,1 16,01,0 16,01,1 16,02,0 17,00,1 17,01,0 18,00,0 E7
14,00,0 14,00,1 15,00,0 15,00,1 16,00,0 16,00,1 17,00,0 I7
00,00,0 00,00,1 00,01,0 00,01,1 00,02,0 01,00,0 01,00,1 G7
13,01,1 14,01,0 14,01,1 14,02,0 15,01,0 15,01,1 15,02,0 F7
13,03,1 13,04,0 14,02,1 14,03,0 14,03,1 14,04,0 15,03,0 B7
11,05,1 12,04,0 12,04,1 12,05,0 12,05,1 13,04,1 13,05,0 a7
09,07,1 10,07,0 10,07,1 10,08,0 11,06,1 11,07,0 12,06,0 H7
08,07,0 08,07,1 09,06,1 09,07,0 10,06,0 10,06,1 11,06,0 N7
10,01,1 10,02,0 11,01,0 11,01,1 12,01,0 12,01,1 12,02,0 C7
11,00,0 11,00,1 12,00,0 12,00,1 13,00,0 13,00,1 13,01,0 L7
00,14,1 00,15,0 00,15,1 00,16,0 01,14,0 01,15,0 01,15,1 A7
01,14,1 02,14,0 02,14,1 02,15,0 02,15,1 02,16,0 03,15,0 Q7
00,13,1 00,14,0 01,12,0 01,12,1 01,13,0 01,13,1 02,12,0 X7
00,11,1 00,12,0 00,12,1 00,13,0 01,10,1 01,11,0 01,11,1 u7
00,09,0 00,09,1 00,10,0 00,10,1 00,11,0 01,09,0 01,10,0 M7
03,13,1 03,14,0 03,14,1 04,12,0 04,12,1 04,13,0 04,14,0 s7
04,13,1 05,11,1 05,12,0 05,12,1 05,13,0 06,11,0 06,12,0 Z7
06,09,1 06,10,0 06,10,1 06,11,1 07,10,0 07,10,1 07,11,0 S7
08,08,0 08,08,1 08,09,1 08,10,0 09,08,0 09,08,1 09,09,0 V7
07,07,0 07,07,1 07,08,0 07,08,1 07,09,0 07,09,1 08,09,0 l7
02,00,0 02,00,1 02,01,0 02,01,1 03,00,0 03,00,1 04,00,0 g7
03,01,0 03,01,1 04,00,1 04,01,0 04,01,1 04,02,0 05,00,0 W7
00,02,1 00,03,0 01,01,0 01,01,1 01,02,0 01,02,1 02,02,0 w7
00,03,1 00,04,0 00,04,1 00,05,0 00,05,1 01,03,0 01,03,1 J7
01,04,0 01,04,1 01,05,0 01,05,1 01,06,0 01,06,1 02,04,0 p7
00,06,0 00,06,1 00,07,0 00,07,1 00,08,0 00,08,1 01,07,0 e7
05,00,1 06,00,0 06,00,1 07,00,0 07,00,1 07,01,0 07,01,1 R7
05,01,0 05,01,1 06,01,0 06,01,1 06,02,0 06,02,1 06,03,0 r7
08,00,0 08,00,1 08,01,0 09,00,0 09,00,1 10,00,0 10,00,1 P7
08,01,1 09,01,0 09,01,1 09,02,0 09,02,1 09,03,0 10,01,0 t7
07,02,0 07,02,1 07,03,0 08,02,0 08,02,1 08,03,0 08,03,1 U7
08,04,0 08,04,1 08,05,0 09,03,1 09,04,0 09,04,1 09,05,0 b7
07,06,0 07,06,1 08,05,1 08,06,0 08,06,1 09,05,1 09,06,0 f7
04,09,0 04,09,1 05,08,0 05,08,1 05,09,0 05,09,1 06,09,0 Y7
05,07,0 05,07,1 06,06,1 06,07,0 06,07,1 06,08,0 06,08,1 h7
01,09,1 02,08,0 02,08,1 02,09,0 02,09,1 02,10,0 03,08,0 x7
01,07,1 01,08,0 01,08,1 02,07,0 02,07,1 03,07,0 03,07,1 j7
03,08,1 03,09,0 03,09,1 04,07,0 04,07,1 04,08,0 04,08,1 z7
02,06,0 02,06,1 03,05,1 03,06,0 03,06,1 04,04,1 04,05,0 T7
05,05,1 06,03,1 06,04,0 06,04,1 06,05,0 07,03,1 07,04,0 y7
04,05,1 04,06,0 04,06,1 05,03,1 05,04,0 05,04,1 05,05,0 n7
05,06,0 05,06,1 06,05,1 06,06,0 07,04,1 07,05,0 07,05,1 q7

                                     /\
                                    /  \
                                   /    \
                                  /      \
                                 /\      /\
                                /  \____/  \
                               /       /    \
                              /   ____/   ___\
                             /\   \      /    \
                            /  \___\____/   ___\
                           /\      /    \   \   \
                          /  \    /      \   \   \
                         /   /    \      /   /    \
                        /   /______\    /___/   ___\
                       /\      /            \   \   \
                      /  \    /              \___\   \
                     /    \  /\              /       /\
                    /   ___\/  \____________/   ____/  \
                   /    \      /   /        \  /    \   \
                  /______\    /   /___    ___\/   ___\   \
                 /   /   /    \      /   /   /   /       /\
                /   /   /______\    /___/   /   /_______/  \
               /    \          /   /       /   /    \       \
              /   ___\________/___/___    /___/___   \____   \
             /   /   /       /   /    \  /        \       \   \
            /___/   /___    /   /___   \/___       \_______\___\
           /   /   /    \   \   \   \      /\  /\  /    \       \
          /   /   /      \   \   \   \    /  \/  \/      \       \
         /   /    \       \  /   /    \  /       /       /   /\  /\
        /   /______\       \/   /      \/___    /       /___/  \/  \
       /\      /            \  /\  /\  /   /\  /            \       \
      /  \____/              \/  \/  \/   /  \/              \    ___\
     /\       \      /\      /   /       /   /\      /\      /\  /\   \
    /  \    ___\____/  \____/   /_______/   /  \____/  \____/  \/  \   \
   /   /   /   /       /       /   /\       \          /\          /    \
  /   /___/   /___    /_______/   /  \_______\________/  \________/___   \
 /       /        \   \          /           /           /            \   \
/_______/__________\___\________/___________/___________/______________\___\

solution 8 (87,269,637 searches):
00,16,1 00,17,0 00,17,1 00,18,0 01,16,0 01,16,1 01,17,0 D7
15,02,1 16,01,0 16,01,1 16,02,0 17,00,1 17,01,0 18,00,0 E7
14,00,0 14,00,1 15,00,0 15,00,1 16,00,0 16,00,1 17,00,0 I7
00,00,0 00,00,1 00,01,0 00,01,1 00,02,0 01,00,0 01,00,1 G7
13,01,1 14,01,0 14,01,1 14,02,0 15,01,0 15,01,1 15,02,0 F7
13,03,1 13,04,0 14,02,1 14,03,0 14,03,1 14,04,0 15,03,0 B7
11,05,1 12,04,0 12,04,1 12,05,0 12,05,1 13,04,1 13,05,0 a7
09,07,1 10,07,0 10,07,1 10,08,0 11,06,1 11,07,0 12,06,0 H7
08,07,0 08,07,1 09,06,1 09,07,0 10,06,0 10,06,1 11,06,0 N7
10,01,1 10,02,0 11,01,0 11,01,1 12,01,0 12,01,1 12,02,0 C7
11,00,0 11,00,1 12,00,0 12,00,1 13,00,0 13,00,1 13,01,0 L7
00,14,1 00,15,0 00,15,1 00,16,0 01,14,0 01,15,0 01,15,1 A7
01,14,1 02,14,0 02,14,1 02,15,0 02,15,1 02,16,0 03,15,0 Q7
00,13,1 00,14,0 01,12,0 01,12,1 01,13,0 01,13,1 02,12,0 X7
00,11,1 00,12,0 00,12,1 00,13,0 01,10,1 01,11,0 01,11,1 u7
00,09,0 00,09,1 00,10,0 00,10,1 00,11,0 01,09,0 01,10,0 M7
03,13,1 03,14,0 03,14,1 04,12,0 04,12,1 04,13,0 04,14,0 s7
04,13,1 05,11,1 05,12,0 05,12,1 05,13,0 06,11,0 06,12,0 Z7
06,09,1 06,10,0 06,10,1 06,11,1 07,10,0 07,10,1 07,11,0 S7
08,08,0 08,08,1 08,09,1 08,10,0 09,08,0 09,08,1 09,09,0 V7
07,07,0 07,07,1 07,08,0 07,08,1 07,09,0 07,09,1 08,09,0 l7
02,00,0 02,00,1 02,01,0 02,01,1 03,00,0 03,00,1 04,00,0 g7
03,01,0 03,01,1 04,00,1 04,01,0 04,01,1 04,02,0 05,00,0 W7
00,02,1 00,03,0 01,01,0 01,01,1 01,02,0 01,02,1 02,02,0 w7
00,03,1 00,04,0 00,04,1 00,05,0 00,05,1 01,03,0 01,03,1 J7
01,04,0 01,04,1 01,05,0 01,05,1 01,06,0 01,06,1 02,04,0 p7
00,06,0 00,06,1 00,07,0 00,07,1 00,08,0 00,08,1 01,07,0 e7
05,00,1 06,00,0 06,00,1 07,00,0 07,00,1 07,01,0 07,01,1 R7
05,01,0 05,01,1 06,01,0 06,01,1 06,02,0 06,02,1 06,03,0 r7
08,00,0 08,00,1 08,01,0 09,00,0 09,00,1 10,00,0 10,00,1 P7
08,01,1 09,01,0 09,01,1 09,02,0 09,02,1 09,03,0 10,01,0 t7
07,02,0 07,02,1 07,03,0 08,02,0 08,02,1 08,03,0 08,03,1 U7
08,04,0 08,04,1 09,03,1 09,04,0 09,04,1 09,05,0 09,05,1 h7
07,06,0 07,06,1 08,05,0 08,05,1 08,06,0 08,06,1 09,06,0 Y7
01,09,1 02,08,0 02,08,1 02,09,0 02,09,1 02,10,0 03,08,0 x7
01,07,1 01,08,0 01,08,1 02,07,0 02,07,1 03,07,0 03,07,1 j7
02,06,0 02,06,1 03,05,1 03,06,0 03,06,1 04,04,1 04,05,0 T7
04,05,1 04,06,0 04,06,1 05,03,1 05,04,0 05,04,1 05,05,0 n7
05,05,1 06,03,1 06,04,0 06,04,1 06,05,0 07,03,1 07,04,0 y7
05,06,0 05,06,1 06,05,1 06,06,0 07,04,1 07,05,0 07,05,1 q7
03,08,1 03,09,0 03,09,1 04,07,0 04,07,1 04,08,0 04,08,1 z7
05,07,0 05,07,1 05,08,0 06,06,1 06,07,0 06,07,1 06,08,0 b7
04,09,0 04,09,1 05,08,1 05,09,0 05,09,1 06,08,1 06,09,0 f7

                                     /\
                                    /  \
                                   /    \
                                  /      \
                                 /\      /\
                                /  \____/  \
                               /       /    \
                              /   ____/   ___\
                             /\   \      /    \
                            /  \___\____/   ___\
                           /\      /    \   \   \
                          /  \    /      \   \   \
                         /   /    \      /   /    \
                        /   /______\    /___/   ___\
                       /\      /            \   \   \
                      /  \    /              \___\   \
                     /    \  /\              /       /\
                    /   ___\/  \____________/   ____/  \
                   /    \      /   /        \  /    \   \
                  /______\    /   /___       \/   ___\   \
                 /   /   /    \      /\  /\  /   /       /\
                /   /   /______\    /  \/  \/   /_______/  \
               /    \          /   /       /   /    \       \
              /   ___\________/___/___    /___/___   \____   \
             /   /   /       /   /    \  /        \       \   \
            /___/   /___    /   /___   \/___    ___\_______\___\
           /   /   /    \   \   \   \      /   /   /    \       \
          /   /   /      \   \   \   \    /___/   /      \       \
         /   /    \       \  /   /    \  /       /       /   /\  /\
        /   /______\       \/   /      \/___    /       /___/  \/  \
       /\      /            \  /\  /\  /   /\  /            \       \
      /  \____/              \/  \/  \/   /  \/              \    ___\
     /\       \      /\      /   /       /   /\      /\      /\  /\   \
    /  \    ___\____/  \____/   /_______/   /  \____/  \____/  \/  \   \
   /   /   /   /       /       /   /\       \          /\          /    \
  /   /___/   /___    /_______/   /  \_______\________/  \________/___   \
 /       /        \   \          /           /           /            \   \
/_______/__________\___\________/___________/___________/______________\___\

solution 9 (100,320,416 searches):
00,16,1 00,17,0 00,17,1 00,18,0 01,16,0 01,16,1 01,17,0 D7
15,02,1 16,01,0 16,01,1 16,02,0 17,00,1 17,01,0 18,00,0 E7
14,00,0 14,00,1 15,00,0 15,00,1 16,00,0 16,00,1 17,00,0 I7
00,00,0 00,00,1 00,01,0 00,01,1 00,02,0 01,00,0 01,00,1 G7
13,01,1 14,01,0 14,01,1 14,02,0 15,01,0 15,01,1 15,02,0 F7
13,03,1 13,04,0 14,02,1 14,03,0 14,03,1 14,04,0 15,03,0 B7
11,05,1 12,04,0 12,04,1 12,05,0 12,05,1 13,04,1 13,05,0 a7
09,07,1 10,07,0 10,07,1 10,08,0 11,06,1 11,07,0 12,06,0 H7
08,07,0 08,07,1 09,06,1 09,07,0 10,06,0 10,06,1 11,06,0 N7
10,01,1 10,02,0 11,01,0 11,01,1 12,01,0 12,01,1 12,02,0 C7
11,00,0 11,00,1 12,00,0 12,00,1 13,00,0 13,00,1 13,01,0 L7
00,14,1 00,15,0 00,15,1 00,16,0 01,14,0 01,15,0 01,15,1 A7
01,14,1 02,14,0 02,14,1 02,15,0 02,15,1 02,16,0 03,15,0 Q7
00,13,1 00,14,0 01,12,0 01,12,1 01,13,0 01,13,1 02,12,0 X7
00,11,1 00,12,0 00,12,1 00,13,0 01,10,1 01,11,0 01,11,1 u7
00,09,0 00,09,1 00,10,0 00,10,1 00,11,0 01,09,0 01,10,0 M7
03,13,1 03,14,0 03,14,1 04,12,0 04,12,1 04,13,0 04,14,0 s7
04,13,1 05,11,1 05,12,0 05,12,1 05,13,0 06,11,0 06,12,0 Z7
06,09,1 06,10,0 06,10,1 06,11,1 07,10,0 07,10,1 07,11,0 S7
07,09,0 07,09,1 08,09,0 08,09,1 08,10,0 09,08,1 09,09,0 t7
06,08,1 07,07,1 07,08,0 07,08,1 08,08,0 08,08,1 09,08,0 p7
04,09,0 04,09,1 05,08,1 05,09,0 05,09,1 06,08,0 06,09,0 y7
01,09,1 02,08,1 02,09,0 02,09,1 02,10,0 03,09,0 03,09,1 x7
00,04,1 00,05,0 01,03,0 01,03,1 01,04,0 01,04,1 02,04,0 w7
00,02,1 00,03,0 00,03,1 00,04,0 01,01,0 01,01,1 01,02,0 n7
01,02,1 02,00,0 02,00,1 02,01,0 02,01,1 02,02,0 03,00,0 q7
03,00,1 03,01,0 04,00,0 04,00,1 05,00,0 05,00,1 06,00,0 l7
03,01,1 04,01,0 04,01,1 04,02,0 05,01,0 05,01,1 06,01,0 e7
06,00,1 07,00,0 07,00,1 07,01,0 07,01,1 08,00,0 08,01,0 z7
08,00,1 08,01,1 08,02,0 09,00,0 09,00,1 09,01,0 10,00,0 g7
08,02,1 09,01,1 09,02,0 09,02,1 09,03,0 10,00,1 10,01,0 h7
05,03,1 06,01,1 06,02,0 06,02,1 06,03,0 07,02,0 07,02,1 W7
00,05,1 00,06,0 00,06,1 00,07,0 00,07,1 01,07,0 01,07,1 r7
00,08,0 00,08,1 01,08,0 01,08,1 02,07,0 02,07,1 02,08,0 j7
01,05,0 01,05,1 01,06,0 01,06,1 02,06,0 02,06,1 03,06,0 R7
03,05,1 04,04,1 04,05,0 04,05,1 04,06,0 05,04,0 05,05,0 b7
03,06,1 03,07,0 03,07,1 04,06,1 04,07,0 05,05,1 05,06,0 J7
03,08,0 03,08,1 04,07,1 04,08,0 04,08,1 05,06,1 05,07,0 T7
05,07,1 05,08,0 06,06,1 06,07,0 06,07,1 07,06,0 07,07,0 Y7
07,06,1 08,06,0 08,06,1 09,04,1 09,05,0 09,05,1 09,06,0 V7
07,04,0 07,04,1 08,03,1 08,04,0 08,04,1 09,03,1 09,04,0 f7
05,04,1 06,03,1 06,04,0 06,04,1 07,03,0 07,03,1 08,03,0 U7
06,05,0 06,05,1 06,06,0 07,05,0 07,05,1 08,05,0 08,05,1 P7

                                     /\
                                    /  \
                                   /    \
                                  /      \
                                 /\      /\
                                /  \____/  \
                               /       /    \
                              /   ____/   ___\
                             /\   \      /    \
                            /  \___\____/   ___\
                           /\      /    \   \   \
                          /  \    /      \   \   \
                         /   /    \      /   /    \
                        /   /______\    /___/   ___\
                       /\      /            \   \   \
                      /  \    /              \___\   \
                     /    \  /\              /       /\
                    /   ___\/  \____________/   ____/  \
                   /    \          /        \  /        \
                  /______\    ____/___    ___\/_______   \
                 /        \  /       /\   \           \  /\
                /_______   \/___    /  \___\    _______\/  \
               /       /   /    \   \       \  /    \       \
              /   ____/___/      \   \    ___\/___   \____   \
             /   /        \  /\   \  /\   \       \       \   \
            /   /   _______\/  \   \/  \___\____   \_______\___\
           /\  /   /    \       \  /           /   /    \       \
          /  \/___/      \    ___\/___________/   /      \       \
         /\       \       \   \      /        \  /       /   /\  /\
        /  \    ___\       \___\    /___       \/       /___/  \/  \
       /   /   /            \   \       \  /\  /            \       \
      /   /___/              \   \_______\/  \/              \    ___\
     /\   \   \      /\      /       /\      /\      /\      /\  /\   \
    /  \   \   \____/  \____/   ____/  \    /  \____/  \____/  \/  \   \
   /   /   /   /\           \  /    \   \   \          /\          /    \
  /   /___/   /  \___________\/   ___\   \   \________/  \________/___   \
 /       /    \           \       \       \  /           /            \   \
/_______/______\___________\_______\_______\/___________/______________\___\

solution 10 (101,072,433 searches):
00,16,1 00,17,0 00,17,1 00,18,0 01,16,0 01,16,1 01,17,0 D7
15,02,1 16,01,0 16,01,1 16,02,0 17,00,1 17,01,0 18,00,0 E7
14,00,0 14,00,1 15,00,0 15,00,1 16,00,0 16,00,1 17,00,0 I7
00,00,0 00,00,1 00,01,0 00,01,1 00,02,0 01,00,0 01,00,1 G7
13,01,1 14,01,0 14,01,1 14,02,0 15,01,0 15,01,1 15,02,0 F7
13,03,1 13,04,0 14,02,1 14,03,0 14,03,1 14,04,0 15,03,0 B7
11,05,1 12,04,0 12,04,1 12,05,0 12,05,1 13,04,1 13,05,0 a7
09,07,1 10,07,0 10,07,1 10,08,0 11,06,1 11,07,0 12,06,0 H7
08,07,0 08,07,1 09,06,1 09,07,0 10,06,0 10,06,1 11,06,0 N7
10,01,1 10,02,0 11,01,0 11,01,1 12,01,0 12,01,1 12,02,0 C7
11,00,0 11,00,1 12,00,0 12,00,1 13,00,0 13,00,1 13,01,0 L7
00,14,1 00,15,0 00,15,1 00,16,0 01,14,0 01,15,0 01,15,1 A7
01,14,1 02,14,0 02,14,1 02,15,0 02,15,1 02,16,0 03,15,0 Q7
00,13,1 00,14,0 01,12,0 01,12,1 01,13,0 01,13,1 02,12,0 X7
00,11,1 00,12,0 00,12,1 00,13,0 01,10,1 01,11,0 01,11,1 u7
00,09,0 00,09,1 00,10,0 00,10,1 00,11,0 01,09,0 01,10,0 M7
03,13,1 03,14,0 03,14,1 04,12,0 04,12,1 04,13,0 04,14,0 s7
04,13,1 05,11,1 05,12,0 05,12,1 05,13,0 06,11,0 06,12,0 Z7
06,10,1 06,11,1 07,10,0 07,10,1 07,11,0 08,09,1 08,10,0 Y7
07,09,0 07,09,1 08,08,1 08,09,0 09,08,0 09,08,1 09,09,0 S7
06,08,1 06,09,0 06,09,1 06,10,0 07,08,0 07,08,1 08,08,0 V7
00,02,1 01,01,0 01,01,1 01,02,0 02,00,0 02,00,1 02,01,0 f7
01,02,1 01,03,0 02,01,1 02,02,0 03,00,0 03,00,1 03,01,0 l7
00,03,0 00,03,1 00,04,0 00,04,1 00,05,0 01,03,1 01,04,0 g7
00,05,1 00,06,0 00,06,1 00,07,0 01,04,1 01,05,0 02,04,0 r7
00,07,1 01,05,1 01,06,0 01,06,1 01,07,0 02,06,0 02,06,1 W7
00,08,0 00,08,1 01,07,1 01,08,0 01,08,1 02,07,0 02,08,0 y7
03,01,1 04,00,0 04,00,1 04,01,0 05,00,0 05,00,1 06,00,0 h7
04,01,1 04,02,0 05,01,0 05,01,1 06,00,1 06,01,0 07,00,0 n7
01,09,1 02,08,1 02,09,0 02,09,1 02,10,0 03,09,0 03,09,1 x7
04,09,0 04,09,1 05,08,0 05,08,1 05,09,0 05,09,1 06,08,0 b7
06,07,1 07,06,1 07,07,0 07,07,1 08,06,0 08,06,1 09,06,0 U7
07,04,1 08,04,0 08,04,1 09,04,0 09,04,1 09,05,0 09,05,1 R7
06,06,0 06,06,1 06,07,0 07,05,1 07,06,0 08,05,0 08,05,1 q7
09,01,0 09,01,1 09,02,0 09,02,1 09,03,0 09,03,1 10,01,0 p7
08,00,1 08,01,0 08,01,1 09,00,0 09,00,1 10,00,0 10,00,1 j7
06,01,1 07,00,1 07,01,0 07,01,1 07,02,0 07,02,1 08,00,0 T7
06,04,1 07,03,1 07,04,0 08,02,0 08,02,1 08,03,0 08,03,1 t7
05,03,1 05,04,0 06,02,0 06,02,1 06,03,0 06,03,1 07,03,0 w7
05,04,1 05,05,0 05,05,1 06,04,0 06,05,0 06,05,1 07,05,0 J7
03,05,1 04,04,1 04,05,0 04,05,1 04,06,0 04,06,1 04,07,0 P7
02,07,1 03,06,0 03,06,1 03,07,0 03,07,1 03,08,0 03,08,1 e7
04,07,1 04,08,0 04,08,1 05,06,0 05,06,1 05,07,0 05,07,1 z7

                                     /\
                                    /  \
                                   /    \
                                  /      \
                                 /\      /\
                                /  \____/  \
                               /       /    \
                              /   ____/   ___\
                             /\   \      /    \
                            /  \___\____/   ___\
                           /\      /    \   \   \
                          /  \    /      \   \   \
                         /   /    \      /   /    \
                        /   /______\    /___/   ___\
                       /\      /            \   \   \
                      /  \    /              \___\   \
                     /    \  /\              /\       \
                    /   ___\/  \____________/  \____   \
                   /    \          /       /   /    \  /\
                  /______\    ____/___    /   /___   \/  \
                 /        \  /   /   /    \       \      /\
                /___    ___\/   /   /______\_______\____/  \
               /\   \   \      /\      /\      /    \       \
              /  \   \___\    /  \    /  \    /___   \____   \
             /   /       /   /   /   /    \       \       \   \
            /   /   ____/___/   /___/___   \_______\_______\___\
           /\   \  /    \      /        \      /   /    \       \
          /  \   \/      \    /   _______\____/   /      \       \
         /    \   \       \  /\   \   \          /       /   /\  /\
        /      \___\       \/  \___\   \________/       /___/  \/  \
       /   /\  /            \       \      /   /            \       \
      /___/  \/              \    ___\    /   /              \    ___\
     /\   \   \      /\      /   /   /   /   /\      /\      /\  /\   \
    /  \   \   \____/  \____/___/   /___/   /  \____/  \____/  \/  \   \
   /   /    \   \   \       \      /   /    \          /\          /    \
  /   /___   \   \   \____   \    /   /______\________/  \________/___   \
 /       /   /   /        \   \   \          /           /            \   \
/_______/___/___/__________\___\___\________/___________/______________\___\

User-requested solution limit reached.
10 solutions, 101,072,433 searches, duration 0:49:38.117118
