solving OneSidedPolyiamonds123456Triangle10:

solution 1:
04,04,0 T1
00,10,1 00,11,0 00,11,1 00,12,0 01,09,1 01,10,0 C6
01,10,1 01,11,0 D2
10,01,0 10,01,1 11,00,0 11,00,1 11,01,0 12,00,0 F6
09,00,1 09,01,0 10,00,0 10,00,1 C4
00,00,0 00,00,1 00,01,0 I3
00,08,1 00,09,0 00,09,1 00,10,0 I4
02,08,0 02,08,1 02,09,0 02,09,1 02,10,0 I5
01,07,1 01,08,0 01,08,1 01,09,0 02,07,0 02,07,1 G6
03,06,1 03,07,0 03,07,1 03,08,0 03,08,1 03,09,0 I6
04,06,1 04,07,0 04,07,1 04,08,0 05,06,0 L5
05,05,1 05,06,1 05,07,0 06,05,0 06,05,1 06,06,0 g6
00,07,1 00,08,0 01,06,1 01,07,0 02,06,0 02,06,1 J6
00,05,0 00,05,1 00,06,0 00,06,1 00,07,0 01,05,0 P6
01,05,1 01,06,0 02,04,1 02,05,0 02,05,1 03,04,0 E6
03,05,0 03,05,1 03,06,0 04,05,0 T4
04,05,1 04,06,0 05,04,1 05,05,0 i4
08,03,1 09,01,1 09,02,0 09,02,1 09,03,0 10,02,0 H6
06,04,1 07,03,1 07,04,0 07,04,1 07,05,0 08,04,0 X6
07,02,1 08,01,1 08,02,0 08,02,1 08,03,0 P5
05,03,1 05,04,0 06,03,0 06,03,1 06,04,0 07,03,0 f6
07,00,1 08,00,0 08,00,1 08,01,0 09,00,0 p5
01,00,0 01,00,1 01,01,0 02,00,0 02,00,1 03,00,0 p6
00,01,1 00,02,0 00,02,1 01,02,0 01,02,1 01,03,0 S6
00,03,0 00,03,1 00,04,0 00,04,1 01,04,0 l5
01,03,1 01,04,1 02,03,0 02,03,1 02,04,0 03,03,0 V6
03,03,1 04,02,1 04,03,0 05,01,0 05,01,1 05,02,0 j6
05,02,1 05,03,0 06,02,0 06,02,1 07,01,1 07,02,0 s6
06,00,1 06,01,0 06,01,1 07,00,0 07,01,0 C5
03,00,1 04,00,0 04,00,1 05,00,0 05,00,1 06,00,0 i6
01,01,1 02,01,0 02,01,1 02,02,0 02,02,1 03,01,0 h6
03,01,1 03,02,0 03,02,1 04,01,0 04,01,1 04,02,0 O6

                         /\
                        /  \
                       /   /\
                      /   /  \
                     /\   \  /\
                    /  \   \/  \
                   /   /\  /   /\
                  /   /  \/   /  \
                 /\  /   /   /   /\
                /  \/   /___/   /  \
               /\   \      /   /   /\
              /  \   \____/   /   /  \
             /   /\      /\  /\   \   \
            /   /  \____/  \/  \___\   \
           /    \      /    \   \      /\
          /______\    /______\   \____/  \
         /    \   \   \  /\  /\  /\       \
        /   ___\   \___\/__\/  \/  \    ___\
       /   /\       \   \  /\       \  /\   \
      /___/  \_______\   \/  \_______\/  \   \
     /       /   /    \   \       \      /    \
    /   ____/   /      \   \____   \    /   ___\
   /\  /\       \      /   /    \  /\  /\  /    \
  /  \/  \_______\____/___/   ___\/  \/  \/___   \
 /   /        \           \   \       \      /    \
/___/__________\___________\___\_______\____/______\

solution 2:
04,04,0 T1
00,10,1 00,11,0 00,11,1 00,12,0 01,09,1 01,10,0 C6
01,10,1 01,11,0 D2
10,01,0 10,01,1 11,00,0 11,00,1 11,01,0 12,00,0 F6
09,00,1 09,01,0 10,00,0 10,00,1 C4
00,00,0 00,00,1 00,01,0 I3
00,08,1 00,09,0 00,09,1 00,10,0 I4
02,08,0 02,08,1 02,09,0 02,09,1 02,10,0 I5
01,07,1 01,08,0 01,08,1 01,09,0 02,07,0 02,07,1 G6
03,06,1 03,07,0 03,07,1 03,08,0 03,08,1 03,09,0 I6
04,06,1 04,07,0 04,07,1 04,08,0 05,06,0 L5
05,05,1 05,06,1 05,07,0 06,05,0 06,05,1 06,06,0 g6
00,07,1 00,08,0 01,06,1 01,07,0 02,06,0 02,06,1 J6
00,05,0 00,05,1 00,06,0 00,06,1 00,07,0 01,05,0 P6
01,05,1 01,06,0 02,04,1 02,05,0 02,05,1 03,04,0 E6
03,05,0 03,05,1 03,06,0 04,05,0 T4
04,05,1 04,06,0 05,04,1 05,05,0 i4
08,03,1 09,01,1 09,02,0 09,02,1 09,03,0 10,02,0 H6
06,04,1 07,03,1 07,04,0 07,04,1 07,05,0 08,04,0 X6
07,01,1 07,02,0 07,02,1 08,02,0 08,02,1 08,03,0 S6
08,00,0 08,00,1 08,01,0 08,01,1 09,00,0 p5
05,03,1 05,04,0 06,03,0 06,03,1 06,04,0 07,03,0 f6
01,00,0 01,00,1 01,01,0 02,00,0 02,00,1 03,00,0 p6
00,01,1 00,02,0 00,02,1 00,03,0 01,01,1 01,02,0 V6
04,02,1 04,03,0 05,02,0 05,02,1 05,03,0 C5
06,01,1 06,02,0 06,02,1 07,00,0 07,00,1 07,01,0 s6
04,01,0 04,01,1 05,01,0 05,01,1 06,00,1 06,01,0 j6
03,00,1 04,00,0 04,00,1 05,00,0 05,00,1 06,00,0 i6
00,03,1 00,04,0 00,04,1 01,02,1 01,03,0 l5
01,03,1 01,04,0 01,04,1 02,03,0 02,03,1 02,04,0 O6
02,01,0 02,01,1 02,02,0 03,01,0 03,01,1 P5
02,02,1 03,02,0 03,02,1 03,03,0 03,03,1 04,02,0 h6

                         /\
                        /  \
                       /   /\
                      /   /  \
                     /\   \  /\
                    /  \   \/  \
                   /   /\  /   /\
                  /   /  \/   /  \
                 /\  /   /   /   /\
                /  \/   /___/   /  \
               /\   \      /   /   /\
              /  \   \____/   /   /  \
             /   /\      /\  /\   \   \
            /   /  \____/  \/  \___\   \
           /    \      /    \   \      /\
          /______\    /______\   \____/  \
         /   /    \   \  /\  /\  /\       \
        /   /      \___\/__\/  \/  \    ___\
       /\   \      /   /\  /\       \  /\   \
      /  \   \____/   /  \/  \_______\/  \   \
     /    \  /\       \      /   /       /    \
    /      \/  \_______\____/   /   ____/   ___\
   /\  /\  /       /        \   \  /   /\  /    \
  /  \/  \/_______/_______   \   \/   /  \/___   \
 /   /        \           \  /   /    \      /    \
/___/__________\___________\/___/______\____/______\

solution 3:
04,04,0 T1
00,10,1 00,11,0 00,11,1 00,12,0 01,09,1 01,10,0 C6
01,10,1 01,11,0 D2
10,01,0 10,01,1 11,00,0 11,00,1 11,01,0 12,00,0 F6
09,00,1 09,01,0 10,00,0 10,00,1 C4
00,00,0 00,00,1 00,01,0 I3
00,08,1 00,09,0 00,09,1 00,10,0 I4
02,08,0 02,08,1 02,09,0 02,09,1 02,10,0 I5
01,07,1 01,08,0 01,08,1 01,09,0 02,07,0 02,07,1 G6
03,06,1 03,07,0 03,07,1 03,08,0 03,08,1 03,09,0 I6
04,06,1 04,07,0 04,07,1 04,08,0 05,06,0 L5
05,05,1 05,06,1 05,07,0 06,05,0 06,05,1 06,06,0 g6
00,07,1 00,08,0 01,06,1 01,07,0 02,06,0 02,06,1 J6
00,05,0 00,05,1 00,06,0 00,06,1 00,07,0 01,05,0 P6
01,05,1 01,06,0 02,04,1 02,05,0 02,05,1 03,04,0 E6
03,05,0 03,05,1 03,06,0 04,05,0 T4
04,05,1 04,06,0 05,04,1 05,05,0 i4
08,03,1 09,01,1 09,02,0 09,02,1 09,03,0 10,02,0 H6
06,04,1 07,03,1 07,04,0 07,04,1 07,05,0 08,04,0 X6
07,01,1 07,02,0 07,02,1 08,02,0 08,02,1 08,03,0 S6
08,00,0 08,00,1 08,01,0 08,01,1 09,00,0 p5
05,03,1 05,04,0 06,03,0 06,03,1 06,04,0 07,03,0 f6
00,01,1 00,02,0 01,00,0 01,00,1 01,01,0 02,00,0 p6
05,02,0 05,02,1 05,03,0 06,02,0 06,02,1 P5
06,01,0 06,01,1 07,00,0 07,00,1 07,01,0 C5
05,00,0 05,00,1 05,01,0 05,01,1 06,00,0 06,00,1 V6
03,02,1 03,03,0 03,03,1 04,02,0 04,02,1 04,03,0 O6
03,01,1 03,02,0 04,00,0 04,00,1 04,01,0 04,01,1 h6
00,02,1 00,03,0 01,01,1 01,02,0 02,00,1 02,01,0 i6
01,02,1 02,01,1 02,02,0 03,00,0 03,00,1 03,01,0 j6
00,04,1 01,04,0 01,04,1 02,03,1 02,04,0 l5
00,03,1 00,04,0 01,03,0 01,03,1 02,02,1 02,03,0 s6

                         /\
                        /  \
                       /   /\
                      /   /  \
                     /\   \  /\
                    /  \   \/  \
                   /   /\  /   /\
                  /   /  \/   /  \
                 /\  /   /   /   /\
                /  \/   /___/   /  \
               /\   \      /   /   /\
              /  \   \____/   /   /  \
             /   /\      /\  /\   \   \
            /   /  \____/  \/  \___\   \
           /    \      /    \   \      /\
          /______\    /______\   \____/  \
         /\       \   \  /\  /\  /\       \
        /  \____   \___\/__\/  \/  \    ___\
       /\       \  /    \  /\       \  /\   \
      /  \____   \/      \/  \_______\/  \   \
     /\   \   \  /\      /       /       /    \
    /  \   \   \/  \____/_______/   ____/   ___\
   /\   \   \   \      /   /    \  /   /\  /    \
  /  \   \   \   \    /   /___   \/   /  \/___   \
 /   /    \  /   /   /       /   /    \      /    \
/___/______\/___/___/_______/___/______\____/______\

solution 4:
04,04,0 T1
00,10,1 00,11,0 00,11,1 00,12,0 01,09,1 01,10,0 C6
01,10,1 01,11,0 D2
10,01,0 10,01,1 11,00,0 11,00,1 11,01,0 12,00,0 F6
09,00,1 09,01,0 10,00,0 10,00,1 C4
00,00,0 00,00,1 00,01,0 I3
00,08,1 00,09,0 00,09,1 00,10,0 I4
02,08,0 02,08,1 02,09,0 02,09,1 02,10,0 I5
01,07,1 01,08,0 01,08,1 01,09,0 02,07,0 02,07,1 G6
03,06,1 03,07,0 03,07,1 03,08,0 03,08,1 03,09,0 I6
04,06,1 04,07,0 04,07,1 04,08,0 05,06,0 L5
05,05,1 05,06,1 05,07,0 06,05,0 06,05,1 06,06,0 g6
00,07,1 00,08,0 01,06,1 01,07,0 02,06,0 02,06,1 J6
00,05,0 00,05,1 00,06,0 00,06,1 00,07,0 01,05,0 P6
01,05,1 01,06,0 02,04,1 02,05,0 02,05,1 03,04,0 E6
03,05,0 03,05,1 03,06,0 04,05,0 T4
04,05,1 04,06,0 05,04,1 05,05,0 i4
08,03,1 09,01,1 09,02,0 09,02,1 09,03,0 10,02,0 H6
06,04,1 07,03,1 07,04,0 07,04,1 07,05,0 08,04,0 X6
07,01,1 07,02,0 07,02,1 08,02,0 08,02,1 08,03,0 S6
08,00,0 08,00,1 08,01,0 08,01,1 09,00,0 p5
05,03,1 05,04,0 06,03,0 06,03,1 06,04,0 07,03,0 f6
00,01,1 00,02,0 01,00,0 01,00,1 01,01,0 02,00,0 p6
05,02,0 05,02,1 05,03,0 06,02,0 06,02,1 P5
06,01,0 06,01,1 07,00,0 07,00,1 07,01,0 C5
05,00,0 05,00,1 05,01,0 05,01,1 06,00,0 06,00,1 V6
04,00,0 04,00,1 04,01,0 04,01,1 04,02,0 04,02,1 i6
03,01,1 03,02,0 03,02,1 03,03,0 03,03,1 04,03,0 j6
02,00,1 02,01,0 02,01,1 03,00,0 03,00,1 03,01,0 O6
00,02,1 00,03,0 01,01,1 01,02,0 01,02,1 02,02,0 h6
00,04,1 01,04,0 01,04,1 02,03,1 02,04,0 l5
00,03,1 00,04,0 01,03,0 01,03,1 02,02,1 02,03,0 s6

                         /\
                        /  \
                       /   /\
                      /   /  \
                     /\   \  /\
                    /  \   \/  \
                   /   /\  /   /\
                  /   /  \/   /  \
                 /\  /   /   /   /\
                /  \/   /___/   /  \
               /\   \      /   /   /\
              /  \   \____/   /   /  \
             /   /\      /\  /\   \   \
            /   /  \____/  \/  \___\   \
           /    \      /    \   \      /\
          /______\    /______\   \____/  \
         /\       \   \  /\  /\  /\       \
        /  \____   \___\/__\/  \/  \    ___\
       /\       \  /    \  /\       \  /\   \
      /  \____   \/   ___\/  \_______\/  \   \
     /\       \  /   /   /       /       /    \
    /  \    ___\/   /   /_______/   ____/   ___\
   /\   \  /    \  /   /   /    \  /   /\  /    \
  /  \   \/      \/   /   /___   \/   /  \/___   \
 /   /    \      /   /       /   /    \      /    \
/___/______\____/___/_______/___/______\____/______\

solution 5:
04,04,0 T1
00,10,1 00,11,0 00,11,1 00,12,0 01,09,1 01,10,0 C6
01,10,1 01,11,0 D2
10,01,0 10,01,1 11,00,0 11,00,1 11,01,0 12,00,0 F6
09,00,1 09,01,0 10,00,0 10,00,1 C4
00,00,0 00,00,1 00,01,0 I3
00,08,1 00,09,0 00,09,1 00,10,0 I4
02,08,0 02,08,1 02,09,0 02,09,1 02,10,0 I5
01,07,1 01,08,0 01,08,1 01,09,0 02,07,0 02,07,1 G6
03,06,1 03,07,0 03,07,1 03,08,0 03,08,1 03,09,0 I6
04,06,1 04,07,0 04,07,1 04,08,0 05,06,0 L5
05,05,1 05,06,1 05,07,0 06,05,0 06,05,1 06,06,0 g6
00,07,1 00,08,0 01,06,1 01,07,0 02,06,0 02,06,1 J6
00,05,0 00,05,1 00,06,0 00,06,1 00,07,0 01,05,0 P6
01,05,1 01,06,0 02,04,1 02,05,0 02,05,1 03,04,0 E6
03,05,0 03,05,1 03,06,0 04,05,0 T4
04,05,1 04,06,0 05,04,1 05,05,0 i4
08,03,1 09,01,1 09,02,0 09,02,1 09,03,0 10,02,0 H6
06,04,1 07,03,1 07,04,0 07,04,1 07,05,0 08,04,0 X6
07,01,1 07,02,0 07,02,1 08,02,0 08,02,1 08,03,0 S6
08,00,0 08,00,1 08,01,0 08,01,1 09,00,0 p5
05,03,1 05,04,0 06,03,0 06,03,1 06,04,0 07,03,0 f6
00,01,1 00,02,0 01,00,0 01,00,1 01,01,0 02,00,0 p6
05,02,0 05,02,1 05,03,0 06,02,0 06,02,1 P5
06,00,1 06,01,0 06,01,1 07,00,0 07,00,1 07,01,0 O6
03,00,1 04,00,0 04,00,1 05,00,0 05,00,1 06,00,0 i6
02,00,1 02,01,0 02,01,1 03,00,0 03,01,0 C5
04,01,0 04,01,1 04,02,0 04,02,1 05,01,0 05,01,1 V6
00,02,1 00,03,0 01,01,1 01,02,0 01,02,1 02,02,0 h6
00,04,1 01,04,0 01,04,1 02,03,1 02,04,0 l5
00,03,1 00,04,0 01,03,0 01,03,1 02,02,1 02,03,0 s6
03,01,1 03,02,0 03,02,1 03,03,0 03,03,1 04,03,0 j6

                         /\
                        /  \
                       /   /\
                      /   /  \
                     /\   \  /\
                    /  \   \/  \
                   /   /\  /   /\
                  /   /  \/   /  \
                 /\  /   /   /   /\
                /  \/   /___/   /  \
               /\   \      /   /   /\
              /  \   \____/   /   /  \
             /   /\      /\  /\   \   \
            /   /  \____/  \/  \___\   \
           /    \      /    \   \      /\
          /______\    /______\   \____/  \
         /\       \   \  /\  /\  /\       \
        /  \____   \___\/__\/  \/  \    ___\
       /\       \  /    \  /\       \  /\   \
      /  \____   \/   ___\/  \_______\/  \   \
     /\       \  /   /   /       /       /    \
    /  \    ___\/   /   /_______/   ____/   ___\
   /\   \  /    \  /       /    \  /   /\  /    \
  /  \   \/   ___\/_______/      \/   /  \/___   \
 /   /    \   \           \      /    \      /    \
/___/______\___\___________\____/______\____/______\

solution 6:
04,04,0 T1
00,10,1 00,11,0 00,11,1 00,12,0 01,09,1 01,10,0 C6
01,10,1 01,11,0 D2
10,01,0 10,01,1 11,00,0 11,00,1 11,01,0 12,00,0 F6
09,00,1 09,01,0 10,00,0 10,00,1 C4
00,00,0 00,00,1 00,01,0 I3
00,08,1 00,09,0 00,09,1 00,10,0 I4
02,08,0 02,08,1 02,09,0 02,09,1 02,10,0 I5
01,07,1 01,08,0 01,08,1 01,09,0 02,07,0 02,07,1 G6
03,06,1 03,07,0 03,07,1 03,08,0 03,08,1 03,09,0 I6
04,06,1 04,07,0 04,07,1 04,08,0 05,06,0 L5
05,05,1 05,06,1 05,07,0 06,05,0 06,05,1 06,06,0 g6
00,07,1 00,08,0 01,06,1 01,07,0 02,06,0 02,06,1 J6
00,05,0 00,05,1 00,06,0 00,06,1 00,07,0 01,05,0 P6
01,05,1 01,06,0 02,04,1 02,05,0 02,05,1 03,04,0 E6
03,05,0 03,05,1 03,06,0 04,05,0 T4
04,05,1 04,06,0 05,04,1 05,05,0 i4
08,03,1 09,01,1 09,02,0 09,02,1 09,03,0 10,02,0 H6
06,04,1 07,03,1 07,04,0 07,04,1 07,05,0 08,04,0 X6
07,01,1 07,02,0 07,02,1 08,02,0 08,02,1 08,03,0 S6
08,00,0 08,00,1 08,01,0 08,01,1 09,00,0 p5
05,03,1 05,04,0 06,03,0 06,03,1 06,04,0 07,03,0 f6
00,01,1 00,02,0 00,02,1 01,00,0 01,00,1 01,01,0 s6
00,03,0 00,03,1 00,04,0 00,04,1 01,02,1 01,03,0 h6
01,01,1 01,02,0 02,00,0 02,00,1 02,01,0 03,00,0 p6
05,02,0 05,02,1 05,03,0 06,02,0 06,02,1 P5
01,03,1 01,04,0 01,04,1 02,03,0 02,03,1 02,04,0 O6
04,00,0 04,00,1 04,01,0 04,01,1 04,02,0 04,02,1 i6
02,01,1 02,02,0 02,02,1 03,00,1 03,01,0 l5
03,01,1 03,02,0 03,02,1 03,03,0 03,03,1 04,03,0 j6
05,00,0 05,00,1 05,01,0 05,01,1 06,00,0 06,00,1 V6
06,01,0 06,01,1 07,00,0 07,00,1 07,01,0 C5

                         /\
                        /  \
                       /   /\
                      /   /  \
                     /\   \  /\
                    /  \   \/  \
                   /   /\  /   /\
                  /   /  \/   /  \
                 /\  /   /   /   /\
                /  \/   /___/   /  \
               /\   \      /   /   /\
              /  \   \____/   /   /  \
             /   /\      /\  /\   \   \
            /   /  \____/  \/  \___\   \
           /    \      /    \   \      /\
          /______\    /______\   \____/  \
         /   /    \   \  /\  /\  /\       \
        /   /      \___\/__\/  \/  \    ___\
       /    \      /    \  /\       \  /\   \
      /___   \____/   ___\/  \_______\/  \   \
     /   /\  /   /   /   /       /       /    \
    /   /  \/   /   /   /_______/   ____/   ___\
   /\   \   \   \  /   /   /    \  /   /\  /    \
  /  \   \   \   \/   /   /___   \/   /  \/___   \
 /   /   /    \  /   /       /   /    \      /    \
/___/___/______\/___/_______/___/______\____/______\

solution 7:
04,04,0 T1
00,10,1 00,11,0 00,11,1 00,12,0 01,09,1 01,10,0 C6
01,10,1 01,11,0 D2
10,01,0 10,01,1 11,00,0 11,00,1 11,01,0 12,00,0 F6
09,00,1 09,01,0 10,00,0 10,00,1 C4
00,00,0 00,00,1 00,01,0 I3
00,08,1 00,09,0 00,09,1 00,10,0 I4
02,08,0 02,08,1 02,09,0 02,09,1 02,10,0 I5
01,07,1 01,08,0 01,08,1 01,09,0 02,07,0 02,07,1 G6
03,06,1 03,07,0 03,07,1 03,08,0 03,08,1 03,09,0 I6
04,06,1 04,07,0 04,07,1 04,08,0 05,06,0 L5
05,05,1 05,06,1 05,07,0 06,05,0 06,05,1 06,06,0 g6
00,07,1 00,08,0 01,06,1 01,07,0 02,06,0 02,06,1 J6
00,05,0 00,05,1 00,06,0 00,06,1 00,07,0 01,05,0 P6
01,05,1 01,06,0 02,04,1 02,05,0 02,05,1 03,04,0 E6
03,05,0 03,05,1 03,06,0 04,05,0 T4
04,05,1 04,06,0 05,04,1 05,05,0 i4
08,03,1 09,01,1 09,02,0 09,02,1 09,03,0 10,02,0 H6
06,04,1 07,03,1 07,04,0 07,04,1 07,05,0 08,04,0 X6
07,02,1 07,03,0 08,01,1 08,02,0 08,02,1 08,03,0 V6
05,03,1 05,04,0 06,03,0 06,03,1 06,04,0 C5
07,00,1 07,01,0 08,00,0 08,00,1 08,01,0 09,00,0 f6
05,02,1 05,03,0 06,02,0 06,02,1 07,01,1 07,02,0 s6
05,00,1 06,00,0 06,00,1 06,01,0 06,01,1 07,00,0 h6
02,00,1 03,00,0 03,00,1 04,00,0 04,00,1 05,00,0 i6
00,01,1 00,02,0 01,00,0 01,00,1 01,01,0 02,00,0 p6
03,03,1 04,02,1 04,03,0 05,01,0 05,01,1 05,02,0 j6
03,02,1 03,03,0 04,01,0 04,01,1 04,02,0 l5
02,01,0 02,01,1 02,02,0 03,01,0 03,01,1 P5
00,02,1 00,03,0 01,01,1 01,02,0 01,02,1 p5
00,03,1 00,04,0 00,04,1 01,03,0 01,03,1 01,04,0 O6
01,04,1 02,02,1 02,03,0 02,03,1 02,04,0 03,02,0 S6

                         /\
                        /  \
                       /   /\
                      /   /  \
                     /\   \  /\
                    /  \   \/  \
                   /   /\  /   /\
                  /   /  \/   /  \
                 /\  /   /   /   /\
                /  \/   /___/   /  \
               /\   \      /   /   /\
              /  \   \____/   /   /  \
             /   /\      /\  /\   \   \
            /   /  \____/  \/  \___\   \
           /    \      /    \   \      /\
          /______\    /______\   \____/  \
         /    \   \   \  /\  /\  /\       \
        /      \   \___\/__\/  \/  \    ___\
       /\      /   /\   \  /\      /\  /\   \
      /  \____/   /  \   \/  \____/  \/  \   \
     /\      /\   \   \   \       \      /    \
    /  \    /  \___\   \   \____   \    /   ___\
   /\   \  /       /   /   /   /\  /\  /\  /    \
  /  \   \/_______/___/___/   /  \/  \/  \/___   \
 /   /    \           \       \       \      /    \
/___/______\___________\_______\_______\____/______\

solution 8:
04,04,0 T1
00,10,1 00,11,0 00,11,1 00,12,0 01,09,1 01,10,0 C6
01,10,1 01,11,0 D2
10,01,0 10,01,1 11,00,0 11,00,1 11,01,0 12,00,0 F6
09,00,1 09,01,0 10,00,0 10,00,1 C4
00,00,0 00,00,1 00,01,0 I3
00,08,1 00,09,0 00,09,1 00,10,0 I4
02,08,0 02,08,1 02,09,0 02,09,1 02,10,0 I5
01,07,1 01,08,0 01,08,1 01,09,0 02,07,0 02,07,1 G6
03,06,1 03,07,0 03,07,1 03,08,0 03,08,1 03,09,0 I6
04,06,1 04,07,0 04,07,1 04,08,0 05,06,0 L5
05,05,1 05,06,1 05,07,0 06,05,0 06,05,1 06,06,0 g6
00,07,1 00,08,0 01,06,1 01,07,0 02,06,0 02,06,1 J6
00,05,0 00,05,1 00,06,0 00,06,1 00,07,0 01,05,0 P6
01,05,1 01,06,0 02,04,1 02,05,0 02,05,1 03,04,0 E6
03,05,0 03,05,1 03,06,0 04,05,0 T4
04,05,1 04,06,0 05,04,1 05,05,0 i4
08,03,1 09,01,1 09,02,0 09,02,1 09,03,0 10,02,0 H6
06,04,1 07,04,0 07,04,1 07,05,0 08,04,0 p5
07,02,1 08,00,1 08,01,0 08,01,1 08,02,0 09,00,0 S6
06,03,1 06,04,0 07,03,0 07,03,1 08,02,1 08,03,0 s6
05,02,1 05,03,0 05,03,1 05,04,0 06,02,1 06,03,0 V6
06,01,1 06,02,0 07,01,0 07,01,1 07,02,0 C5
06,00,0 06,00,1 06,01,0 07,00,0 07,00,1 08,00,0 p6
00,01,1 01,00,0 01,00,1 01,01,0 01,01,1 02,00,0 X6
00,02,0 00,02,1 00,03,0 00,03,1 00,04,0 00,04,1 i6
01,02,0 01,02,1 01,03,0 02,01,0 02,01,1 02,02,0 f6
02,00,1 03,00,0 03,00,1 03,01,0 03,01,1 03,02,0 j6
01,03,1 01,04,0 01,04,1 02,02,1 02,03,0 l5
02,03,1 02,04,0 03,02,1 03,03,0 03,03,1 04,03,0 h6
04,00,0 04,00,1 04,01,0 05,00,0 05,00,1 P5
04,01,1 04,02,0 04,02,1 05,01,0 05,01,1 05,02,0 O6

                         /\
                        /  \
                       /   /\
                      /   /  \
                     /\   \  /\
                    /  \   \/  \
                   /   /\  /   /\
                  /   /  \/   /  \
                 /\  /   /   /   /\
                /  \/   /___/   /  \
               /\   \      /   /   /\
              /  \   \____/   /   /  \
             /   /\      /\  /\   \   \
            /   /  \____/  \/  \___\   \
           /    \      /    \   \      /\
          /______\    /______\   \____/  \
         /   /   /\   \  /\  /\  /\       \
        /   /   /  \___\/__\/  \/  \_______\
       /   /\   \       \  /    \       \   \
      /   /  \   \    ___\/      \____   \   \
     /   /    \  /\  /    \  /\  /\   \  /    \
    /___/___   \/  \/      \/  \/  \   \/   ___\
   /\      /   /   /\      /\      /   /\  /    \
  /  \    /___/   /  \____/  \____/   /  \/___   \
 /   /    \      /       /        \   \      /    \
/___/______\____/_______/__________\___\____/______\

solution 9:
04,04,0 T1
00,10,1 00,11,0 00,11,1 00,12,0 01,09,1 01,10,0 C6
01,10,1 01,11,0 D2
10,01,0 10,01,1 11,00,0 11,00,1 11,01,0 12,00,0 F6
09,00,1 09,01,0 10,00,0 10,00,1 C4
00,00,0 00,00,1 00,01,0 I3
00,08,1 00,09,0 00,09,1 00,10,0 I4
02,08,0 02,08,1 02,09,0 02,09,1 02,10,0 I5
01,07,1 01,08,0 01,08,1 01,09,0 02,07,0 02,07,1 G6
03,06,1 03,07,0 03,07,1 03,08,0 03,08,1 03,09,0 I6
04,06,1 04,07,0 04,07,1 04,08,0 05,06,0 L5
05,05,1 05,06,1 05,07,0 06,05,0 06,05,1 06,06,0 g6
00,07,1 00,08,0 01,06,1 01,07,0 02,06,0 02,06,1 J6
00,05,0 00,05,1 00,06,0 00,06,1 00,07,0 01,05,0 P6
01,05,1 01,06,0 02,04,1 02,05,0 02,05,1 03,04,0 E6
03,05,0 03,05,1 03,06,0 04,05,0 T4
04,05,1 04,06,0 05,04,1 05,05,0 i4
08,03,1 09,01,1 09,02,0 09,02,1 09,03,0 10,02,0 H6
06,04,1 07,04,0 07,04,1 07,05,0 08,04,0 p5
07,02,1 08,00,1 08,01,0 08,01,1 08,02,0 09,00,0 S6
06,03,1 06,04,0 07,03,0 07,03,1 08,02,1 08,03,0 s6
05,02,1 05,03,0 05,03,1 05,04,0 06,02,1 06,03,0 V6
06,01,1 06,02,0 07,01,0 07,01,1 07,02,0 C5
06,00,0 06,00,1 06,01,0 07,00,0 07,00,1 08,00,0 p6
00,01,1 01,00,0 01,00,1 01,01,0 01,01,1 02,00,0 X6
00,02,0 00,02,1 00,03,0 00,03,1 00,04,0 00,04,1 i6
01,02,0 01,02,1 01,03,0 02,01,0 02,01,1 02,02,0 f6
02,00,1 03,00,0 03,00,1 03,01,0 03,01,1 l5
04,00,0 04,00,1 04,01,0 05,00,0 05,00,1 P5
01,03,1 01,04,0 01,04,1 02,03,0 02,03,1 02,04,0 O6
02,02,1 03,02,0 03,02,1 03,03,0 04,01,1 04,02,0 h6
03,03,1 04,02,1 04,03,0 05,01,0 05,01,1 05,02,0 j6

                         /\
                        /  \
                       /   /\
                      /   /  \
                     /\   \  /\
                    /  \   \/  \
                   /   /\  /   /\
                  /   /  \/   /  \
                 /\  /   /   /   /\
                /  \/   /___/   /  \
               /\   \      /   /   /\
              /  \   \____/   /   /  \
             /   /\      /\  /\   \   \
            /   /  \____/  \/  \___\   \
           /    \      /    \   \      /\
          /______\    /______\   \____/  \
         /   /    \   \  /\  /\  /\       \
        /   /      \___\/__\/  \/  \_______\
       /   /\      /\   \  /    \       \   \
      /   /  \____/  \   \/      \____   \   \
     /   /    \       \   \  /\  /\   \  /    \
    /___/___   \____   \   \/  \/  \   \/   ___\
   /\      /   /   /\  /   /\      /   /\  /    \
  /  \    /___/   /  \/___/  \____/   /  \/___   \
 /   /    \      /       /        \   \      /    \
/___/______\____/_______/__________\___\____/______\

solution 10:
04,04,0 T1
00,10,1 00,11,0 00,11,1 00,12,0 01,09,1 01,10,0 C6
01,10,1 01,11,0 D2
10,01,0 10,01,1 11,00,0 11,00,1 11,01,0 12,00,0 F6
09,00,1 09,01,0 10,00,0 10,00,1 C4
00,00,0 00,00,1 00,01,0 I3
00,08,1 00,09,0 00,09,1 00,10,0 I4
02,08,0 02,08,1 02,09,0 02,09,1 02,10,0 I5
01,07,1 01,08,0 01,08,1 01,09,0 02,07,0 02,07,1 G6
03,06,1 03,07,0 03,07,1 03,08,0 03,08,1 03,09,0 I6
04,06,1 04,07,0 04,07,1 04,08,0 05,06,0 L5
05,05,1 05,06,1 05,07,0 06,05,0 06,05,1 06,06,0 g6
00,07,1 00,08,0 01,06,1 01,07,0 02,06,0 02,06,1 J6
00,05,0 00,05,1 00,06,0 00,06,1 00,07,0 01,05,0 P6
01,05,1 01,06,0 02,04,1 02,05,0 02,05,1 03,04,0 E6
03,05,0 03,05,1 03,06,0 04,05,0 T4
04,05,1 04,06,0 05,04,1 05,05,0 i4
08,03,1 09,01,1 09,02,0 09,02,1 09,03,0 10,02,0 H6
06,04,1 07,04,0 07,04,1 07,05,0 08,04,0 p5
07,02,1 08,00,1 08,01,0 08,01,1 08,02,0 09,00,0 S6
06,03,1 06,04,0 07,03,0 07,03,1 08,02,1 08,03,0 s6
05,02,1 05,03,0 05,03,1 05,04,0 06,02,1 06,03,0 V6
06,01,1 06,02,0 07,01,0 07,01,1 07,02,0 C5
06,00,0 06,00,1 06,01,0 07,00,0 07,00,1 08,00,0 p6
00,01,1 01,00,0 01,00,1 01,01,0 01,01,1 02,00,0 X6
00,02,0 00,02,1 00,03,0 00,03,1 00,04,0 00,04,1 i6
01,02,0 01,02,1 01,03,0 02,01,0 02,01,1 02,02,0 f6
02,00,1 03,00,0 03,00,1 03,01,0 03,01,1 l5
04,00,0 04,00,1 04,01,0 05,00,0 05,00,1 P5
01,03,1 01,04,0 01,04,1 02,02,1 02,03,0 03,02,0 j6
02,03,1 02,04,0 03,02,1 03,03,0 03,03,1 04,03,0 h6
04,01,1 04,02,0 04,02,1 05,01,0 05,01,1 05,02,0 O6

                         /\
                        /  \
                       /   /\
                      /   /  \
                     /\   \  /\
                    /  \   \/  \
                   /   /\  /   /\
                  /   /  \/   /  \
                 /\  /   /   /   /\
                /  \/   /___/   /  \
               /\   \      /   /   /\
              /  \   \____/   /   /  \
             /   /\      /\  /\   \   \
            /   /  \____/  \/  \___\   \
           /    \      /    \   \      /\
          /______\    /______\   \____/  \
         /   /   /\   \  /\  /\  /\       \
        /   /   /  \___\/__\/  \/  \_______\
       /   /\   \       \  /    \       \   \
      /   /  \   \    ___\/      \____   \   \
     /   /    \   \  /    \  /\  /\   \  /    \
    /___/___   \___\/      \/  \/  \   \/   ___\
   /\      /   /   /\      /\      /   /\  /    \
  /  \    /___/   /  \____/  \____/   /  \/___   \
 /   /    \      /       /        \   \      /    \
/___/______\____/_______/__________\___\____/______\

User-requested solution limit reached.
10 solutions, 16,787 searches, duration 0:00:06.503000
