solving Polyiamonds12345ElongatedHexagon5x2Ring:

solution 1 (51 searches):
0,2,0 0,2,1 0,3,0 1,2,0 1,2,1 P5
0,3,1 1,3,0 D2
1,3,1 2,3,0 2,3,1 I3
3,3,0 3,3,1 4,2,1 4,3,0 C4
4,3,1 5,1,1 5,2,0 5,2,1 5,3,0 L5
5,0,0 5,0,1 5,1,0 6,0,0 T4
6,0,1 6,1,0 6,1,1 6,2,0 I4
0,1,1 T1
2,0,1 3,0,0 3,0,1 4,0,0 4,0,1 I5
1,0,1 1,1,0 1,1,1 2,0,0 2,1,0 C5

    ____________________
   /\   \      /    \   \
  /  \___\____/___   \   \
 /       /        \  /   /\
/_______/          \/   /  \
\  /    \          /\  /   /
 \/   ___\________/  \/   /
  \   \          /    \  /
   \___\________/______\/

solution 2 (128 searches):
0,2,0 0,2,1 0,3,0 1,2,0 1,2,1 P5
0,3,1 1,3,0 D2
1,3,1 2,3,0 2,3,1 I3
3,3,0 3,3,1 4,3,0 4,3,1 5,3,0 I5
0,1,1 1,0,1 1,1,0 1,1,1 T4
2,0,0 T1
2,0,1 2,1,0 3,0,0 3,0,1 C4
4,0,0 4,0,1 5,0,0 5,0,1 I4
4,2,1 5,2,0 5,2,1 6,1,1 6,2,0 L5
5,1,0 5,1,1 6,0,0 6,0,1 6,1,0 C5

    ____________________
   /\   \      /        \
  /  \___\____/__________\
 /       /        \       \
/_______/          \____   \
\      /\          /    \  /
 \    /  \________/___   \/
  \  /\      /       /   /
   \/__\____/_______/___/

solution 3 (171 searches):
0,2,0 0,2,1 0,3,0 1,2,0 1,2,1 P5
0,3,1 1,3,0 D2
1,3,1 2,3,0 2,3,1 I3
3,3,0 3,3,1 4,2,1 4,3,0 5,2,0 L5
4,3,1 5,2,1 5,3,0 6,1,1 6,2,0 I5
0,1,1 1,0,1 1,1,0 1,1,1 T4
2,0,0 T1
2,0,1 2,1,0 3,0,0 3,0,1 C4
4,0,0 4,0,1 5,0,0 5,0,1 I4
5,1,0 5,1,1 6,0,0 6,0,1 6,1,0 C5

    ____________________
   /\   \      /    \   \
  /  \___\____/___   \   \
 /       /        \   \   \
/_______/          \___\   \
\      /\          /    \  /
 \    /  \________/___   \/
  \  /\      /       /   /
   \/__\____/_______/___/

solution 4 (208 searches):
0,2,0 0,2,1 0,3,0 1,2,0 1,2,1 P5
0,3,1 1,3,0 D2
1,3,1 2,3,0 2,3,1 3,3,0 I4
0,1,1 1,1,0 1,1,1 I3
1,0,1 2,0,0 2,0,1 2,1,0 C4
3,0,0 3,0,1 4,0,0 4,0,1 5,0,0 I5
3,3,1 4,2,1 4,3,0 4,3,1 T4
5,2,1 5,3,0 6,1,0 6,1,1 6,2,0 L5
5,0,1 5,1,0 5,1,1 6,0,0 6,0,1 C5
5,2,0 T1

    ____________________
   /\   \       \      /\
  /  \___\_______\    /  \
 /       /        \  /\   \
/_______/          \/__\   \
\      /\          /   /   /
 \____/  \________/   /___/
  \      /        \      /
   \____/__________\____/

solution 5 (251 searches):
0,2,0 0,2,1 0,3,0 1,2,0 1,2,1 P5
0,3,1 1,3,0 D2
1,3,1 2,3,0 2,3,1 3,3,0 I4
0,1,1 1,0,1 1,1,0 I3
1,1,1 2,0,0 2,0,1 2,1,0 C4
3,0,0 3,0,1 4,0,0 4,0,1 5,0,0 I5
3,3,1 4,2,1 4,3,0 4,3,1 T4
5,2,1 5,3,0 6,1,0 6,1,1 6,2,0 L5
5,0,1 5,1,0 5,1,1 6,0,0 6,0,1 C5
5,2,0 T1

    ____________________
   /\   \       \      /\
  /  \___\_______\    /  \
 /       /        \  /\   \
/_______/          \/__\   \
\   \   \          /   /   /
 \   \   \________/   /___/
  \  /   /        \      /
   \/___/__________\____/

solution 6 (345 searches):
0,2,0 0,2,1 0,3,0 1,2,0 1,2,1 P5
0,3,1 1,3,0 D2
1,3,1 2,3,0 2,3,1 3,3,0 I4
0,1,1 1,0,1 1,1,0 1,1,1 T4
2,0,0 2,0,1 2,1,0 I3
3,0,0 3,0,1 4,0,0 4,0,1 5,0,0 I5
3,3,1 4,3,0 4,3,1 5,2,1 5,3,0 L5
4,2,1 T1
5,1,1 5,2,0 6,1,0 6,1,1 6,2,0 C5
5,0,1 5,1,0 6,0,0 6,0,1 C4

    ____________________
   /\   \       \       \
  /  \___\_______\____   \
 /       /        \  /\  /\
/_______/          \/  \/  \
\      /\          /\      /
 \    /  \________/  \____/
  \  /   /        \      /
   \/___/__________\____/

solution 7 (349 searches):
0,2,0 0,2,1 0,3,0 1,2,0 1,2,1 P5
0,3,1 1,3,0 D2
1,3,1 2,3,0 2,3,1 3,3,0 I4
0,1,1 1,0,1 1,1,0 1,1,1 T4
2,0,0 2,0,1 2,1,0 I3
3,0,0 3,0,1 4,0,0 4,0,1 5,0,0 I5
3,3,1 T1
4,2,1 4,3,0 4,3,1 5,2,0 C4
5,2,1 5,3,0 6,1,0 6,1,1 6,2,0 L5
5,0,1 5,1,0 5,1,1 6,0,0 6,0,1 C5

    ____________________
   /\   \       \  /   /\
  /  \___\_______\/   /  \
 /       /        \   \   \
/_______/          \___\   \
\      /\          /   /   /
 \    /  \________/   /___/
  \  /   /        \      /
   \/___/__________\____/

solution 8 (367 searches):
0,2,0 0,2,1 0,3,0 1,2,0 1,2,1 P5
0,3,1 1,3,0 D2
1,3,1 2,3,0 2,3,1 3,3,0 I4
0,1,1 1,0,1 1,1,0 1,1,1 T4
2,0,0 2,0,1 2,1,0 I3
3,0,0 3,0,1 4,0,0 4,0,1 5,0,0 I5
3,3,1 T1
4,2,1 4,3,0 4,3,1 5,2,0 5,3,0 C5
5,2,1 6,0,1 6,1,0 6,1,1 6,2,0 L5
5,0,1 5,1,0 5,1,1 6,0,0 C4

    ____________________
   /\   \       \  /    \
  /  \___\_______\/   ___\
 /       /        \   \   \
/_______/          \___\   \
\      /\          /   /   /
 \    /  \________/   /   /
  \  /   /        \   \  /
   \/___/__________\___\/

solution 9 (447 searches):
0,2,0 0,2,1 0,3,0 1,2,0 1,2,1 P5
0,3,1 1,3,0 D2
1,3,1 2,3,0 2,3,1 3,3,0 3,3,1 I5
2,0,0 2,0,1 2,1,0 3,0,0 T4
0,1,1 1,1,0 1,1,1 I3
1,0,1 T1
3,0,1 4,0,0 4,0,1 5,0,0 I4
4,2,1 4,3,0 4,3,1 5,2,0 C4
5,2,1 5,3,0 6,1,0 6,1,1 6,2,0 L5
5,0,1 5,1,0 5,1,1 6,0,0 6,0,1 C5

    ____________________
   /\   \          /   /\
  /  \___\________/   /  \
 /       /        \   \   \
/_______/          \___\   \
\      /\          /   /   /
 \____/  \________/   /___/
  \  /    \       \      /
   \/______\_______\____/

solution 10 (465 searches):
0,2,0 0,2,1 0,3,0 1,2,0 1,2,1 P5
0,3,1 1,3,0 D2
1,3,1 2,3,0 2,3,1 3,3,0 3,3,1 I5
2,0,0 2,0,1 2,1,0 3,0,0 T4
0,1,1 1,1,0 1,1,1 I3
1,0,1 T1
3,0,1 4,0,0 4,0,1 5,0,0 I4
4,2,1 4,3,0 4,3,1 5,2,0 5,3,0 C5
5,2,1 6,0,1 6,1,0 6,1,1 6,2,0 L5
5,0,1 5,1,0 5,1,1 6,0,0 C4

    ____________________
   /\   \          /    \
  /  \___\________/   ___\
 /       /        \   \   \
/_______/          \___\   \
\      /\          /   /   /
 \____/  \________/   /   /
  \  /    \       \   \  /
   \/______\_______\___\/

...

solution 6851 (71,010 searches):
5,1,1 6,0,1 6,1,0 6,1,1 6,2,0 P5
5,0,0 5,0,1 5,1,0 6,0,0 T4
4,0,1 T1
2,0,1 2,1,0 3,0,0 3,0,1 4,0,0 L5
0,1,1 0,2,0 1,0,1 1,1,0 2,0,0 I5
0,2,1 1,1,1 1,2,0 I3
0,3,0 0,3,1 1,2,1 1,3,0 C4
1,3,1 2,3,0 2,3,1 3,3,0 I4
3,3,1 4,3,0 D2
4,2,1 4,3,1 5,2,0 5,2,1 5,3,0 C5

    ____________________
   /    \       \   \   \
  /___   \_______\___\   \
 /\   \  /        \      /\
/  \   \/          \____/  \
\   \  /\          /\      /
 \   \/  \________/  \    /
  \   \       \  /    \  /
   \___\_______\/______\/

solution 6852 (71,014 searches):
5,1,1 6,0,1 6,1,0 6,1,1 6,2,0 P5
5,0,0 5,0,1 5,1,0 6,0,0 T4
4,0,1 T1
2,0,1 2,1,0 3,0,0 3,0,1 4,0,0 L5
0,1,1 0,2,0 1,0,1 1,1,0 2,0,0 I5
0,2,1 1,1,1 1,2,0 I3
0,3,0 0,3,1 D2
1,2,1 1,3,0 1,3,1 2,3,0 C4
2,3,1 3,3,0 3,3,1 4,3,0 I4
4,2,1 4,3,1 5,2,0 5,2,1 5,3,0 C5

    ____________________
   /   /    \       \   \
  /___/   ___\_______\   \
 /\   \  /        \      /\
/  \   \/          \____/  \
\   \  /\          /\      /
 \   \/  \________/  \    /
  \   \       \  /    \  /
   \___\_______\/______\/

6,852 solutions, 71,024 searches, duration 0:00:02.803987
