solving Polyiamonds12345ElongatedHexagon9x1:

solution 1 (85 searches):
1,0,0 1,0,1 1,1,0 2,0,0 2,0,1 P5
0,0,1 0,1,0 D2
0,1,1 T1
1,1,1 2,1,0 2,1,1 I3
3,0,0 3,0,1 3,1,0 4,0,0 T4
3,1,1 4,0,1 4,1,0 5,0,0 5,0,1 L5
4,1,1 5,1,0 5,1,1 6,1,0 6,1,1 I5
6,0,0 6,0,1 7,0,0 7,0,1 I4
7,1,0 7,1,1 8,0,0 8,0,1 8,1,0 C5
8,1,1 9,0,0 9,0,1 9,1,0 C4

  ____________________________________
 /\  /\      /\   \          /    \   \
/  \/  \____/  \   \________/___   \   \
\  /       /    \      /       /   /   /
 \/_______/______\____/_______/___/___/

solution 2 (218 searches):
1,0,0 1,0,1 1,1,0 2,0,0 2,0,1 P5
0,0,1 0,1,0 0,1,1 I3
1,1,1 2,1,0 D2
2,1,1 3,0,0 3,0,1 3,1,0 C4
3,1,1 4,1,0 4,1,1 5,1,0 I4
4,0,0 4,0,1 5,0,0 5,0,1 6,0,0 I5
5,1,1 6,0,1 6,1,0 6,1,1 T4
7,0,0 7,0,1 7,1,0 7,1,1 8,1,0 L5
8,0,1 8,1,1 9,0,0 9,0,1 9,1,0 C5
8,0,0 T1

  ____________________________________
 /   /\   \   \       \      /    \   \
/   /  \___\   \_______\    /   ___\   \
\  /       /   /        \  /   /\      /
 \/_______/___/__________\/___/__\____/

solution 3 (258 searches):
1,0,0 1,0,1 1,1,0 2,0,0 2,0,1 P5
0,0,1 0,1,0 0,1,1 I3
1,1,1 2,1,0 D2
2,1,1 3,0,0 3,0,1 3,1,0 C4
3,1,1 4,1,0 4,1,1 5,1,0 5,1,1 I5
4,0,0 4,0,1 5,0,0 5,0,1 I4
6,0,0 6,0,1 6,1,0 7,0,0 T4
6,1,1 7,0,1 7,1,0 8,0,0 8,0,1 L5
8,1,0 8,1,1 9,0,0 9,0,1 9,1,0 C5
7,1,1 T1

  ____________________________________
 /   /\   \   \          /\   \  /    \
/   /  \___\   \________/  \   \/___   \
\  /       /   /       /    \      /   /
 \/_______/___/_______/______\____/___/

solution 4 (335 searches):
1,0,0 1,0,1 1,1,0 2,0,0 2,0,1 P5
0,0,1 0,1,0 0,1,1 I3
1,1,1 2,1,0 D2
2,1,1 3,0,0 3,0,1 3,1,0 C4
3,1,1 T1
4,0,0 4,0,1 4,1,0 5,0,0 T4
4,1,1 5,0,1 5,1,0 6,0,0 6,0,1 L5
5,1,1 6,1,0 6,1,1 7,1,0 7,1,1 I5
7,0,0 7,0,1 8,0,0 8,0,1 I4
8,1,0 8,1,1 9,0,0 9,0,1 9,1,0 C5

  ____________________________________
 /   /\   \   \  /\   \          /    \
/   /  \___\   \/  \   \________/___   \
\  /       /   /    \      /       /   /
 \/_______/___/______\____/_______/___/

solution 5 (362 searches):
1,0,0 1,0,1 1,1,0 2,0,0 2,0,1 P5
0,0,1 0,1,0 0,1,1 I3
1,1,1 2,1,0 D2
2,1,1 3,0,0 3,0,1 3,1,0 C4
3,1,1 4,0,1 4,1,0 4,1,1 T4
4,0,0 T1
5,0,0 5,0,1 5,1,0 5,1,1 6,1,0 L5
6,0,0 6,0,1 7,0,0 7,0,1 8,0,0 I5
6,1,1 7,1,0 7,1,1 8,1,0 I4
8,0,1 8,1,1 9,0,0 9,0,1 9,1,0 C5

  ____________________________________
 /   /\   \   \      /    \       \   \
/   /  \___\   \    /   ___\_______\   \
\  /       /   /\  /   /        \      /
 \/_______/___/__\/___/__________\____/

solution 6 (390 searches):
1,0,0 1,0,1 1,1,0 2,0,0 2,0,1 P5
0,0,1 0,1,0 0,1,1 I3
1,1,1 2,1,0 D2
2,1,1 3,1,0 3,1,1 4,1,0 I4
3,0,0 3,0,1 4,0,0 4,0,1 5,0,0 I5
4,1,1 5,0,1 5,1,0 5,1,1 T4
6,0,0 6,0,1 6,1,0 6,1,1 7,1,0 L5
7,0,0 T1
7,0,1 7,1,1 8,0,0 8,0,1 8,1,0 C5
8,1,1 9,0,0 9,0,1 9,1,0 C4

  ____________________________________
 /   /\   \       \      /    \   \   \
/   /  \___\_______\    /   ___\   \   \
\  /       /        \  /   /\      /   /
 \/_______/__________\/___/__\____/___/

solution 7 (460 searches):
1,0,0 1,0,1 1,1,0 2,0,0 2,0,1 P5
0,0,1 0,1,0 0,1,1 I3
1,1,1 2,1,0 D2
2,1,1 3,1,0 3,1,1 4,1,0 4,1,1 I5
3,0,0 3,0,1 4,0,0 4,0,1 I4
5,0,0 5,0,1 5,1,0 6,0,0 T4
5,1,1 6,0,1 6,1,0 7,0,0 7,0,1 L5
6,1,1 T1
7,1,0 7,1,1 8,0,0 8,0,1 8,1,0 C5
8,1,1 9,0,0 9,0,1 9,1,0 C4

  ____________________________________
 /   /\   \          /\   \  /    \   \
/   /  \___\________/  \   \/___   \   \
\  /       /       /    \      /   /   /
 \/_______/_______/______\____/___/___/

solution 8 (594 searches):
1,0,0 1,0,1 1,1,0 2,0,0 2,0,1 P5
0,0,1 0,1,0 0,1,1 I3
1,1,1 2,1,0 D2
2,1,1 T1
3,0,0 3,0,1 3,1,0 4,0,0 T4
3,1,1 4,0,1 4,1,0 5,0,0 5,0,1 L5
4,1,1 5,1,0 5,1,1 6,1,0 6,1,1 I5
6,0,0 6,0,1 7,0,0 7,0,1 I4
7,1,0 7,1,1 8,0,0 8,0,1 8,1,0 C5
8,1,1 9,0,0 9,0,1 9,1,0 C4

  ____________________________________
 /   /\   \  /\   \          /    \   \
/   /  \___\/  \   \________/___   \   \
\  /       /    \      /       /   /   /
 \/_______/______\____/_______/___/___/

solution 9 (641 searches):
1,0,0 1,0,1 1,1,0 2,0,0 2,0,1 P5
0,0,1 0,1,0 0,1,1 I3
1,1,1 2,1,0 D2
2,1,1 3,0,1 3,1,0 3,1,1 T4
3,0,0 T1
4,0,0 4,0,1 4,1,0 4,1,1 5,1,0 L5
5,0,0 5,0,1 6,0,0 6,0,1 7,0,0 I5
5,1,1 6,1,0 6,1,1 7,1,0 I4
7,0,1 7,1,1 8,0,0 8,0,1 8,1,0 C5
8,1,1 9,0,0 9,0,1 9,1,0 C4

  ____________________________________
 /   /\   \      /    \       \   \   \
/   /  \___\    /   ___\_______\   \   \
\  /       /\  /   /        \      /   /
 \/_______/__\/___/__________\____/___/

solution 10 (718 searches):
1,0,0 1,0,1 1,1,0 2,0,0 2,0,1 P5
0,0,1 0,1,0 0,1,1 I3
1,1,1 2,1,0 2,1,1 3,1,0 I4
3,0,0 3,0,1 4,0,0 4,0,1 5,0,0 I5
3,1,1 4,1,0 D2
4,1,1 5,0,1 5,1,0 5,1,1 T4
6,0,0 6,0,1 6,1,0 6,1,1 7,1,0 L5
7,0,0 T1
7,0,1 7,1,1 8,0,0 8,0,1 8,1,0 C5
8,1,1 9,0,0 9,0,1 9,1,0 C4

  ____________________________________
 /   /\       \   \      /    \   \   \
/   /  \_______\___\    /   ___\   \   \
\  /       /        \  /   /\      /   /
 \/_______/__________\/___/__\____/___/

...

solution 23167 (203,642 searches):
7,1,1 8,0,0 8,0,1 8,1,0 9,0,0 P5
8,1,1 T1
9,0,1 9,1,0 D2
4,1,1 5,0,1 5,1,0 5,1,1 T4
6,0,0 6,0,1 7,0,0 I3
6,1,0 6,1,1 7,0,1 7,1,0 C4
3,1,0 3,1,1 4,0,1 4,1,0 5,0,0 L5
2,0,0 2,0,1 3,0,0 3,0,1 4,0,0 I5
1,1,0 1,1,1 2,1,0 2,1,1 I4
0,0,1 0,1,0 0,1,1 1,0,0 1,0,1 C5

  ____________________________________
 /   /       /    \      /    \   \  /\
/   /_______/___   \    /___   \   \/  \
\      /        \   \  /    \  /    \  /
 \____/__________\___\/______\/______\/

solution 23168 (203,703 searches):
7,1,1 8,0,0 8,0,1 8,1,0 9,0,0 P5
8,1,1 T1
9,0,1 9,1,0 D2
5,1,1 6,0,1 6,1,0 6,1,1 T4
7,0,0 7,0,1 7,1,0 I3
4,1,0 4,1,1 5,0,1 5,1,0 6,0,0 L5
3,0,0 3,0,1 4,0,0 4,0,1 5,0,0 I5
2,1,0 2,1,1 3,1,0 3,1,1 I4
1,0,1 1,1,0 1,1,1 2,0,0 2,0,1 C5
0,0,1 0,1,0 0,1,1 1,0,0 C4

  ____________________________________
 /   /   /       /    \      /\   \  /\
/   /   /_______/___   \    /  \   \/  \
\   \      /        \   \  /   /    \  /
 \___\____/__________\___\/___/______\/

23,168 solutions, 203,703 searches, duration 0:00:08.253477
