solving Polyiamonds123456_11x5:

solution 1 (2,076 searches):
00,0,0 00,0,1 00,1,0 00,1,1 01,1,0 01,1,1 C6
01,0,0 01,0,1 D2
09,3,1 09,4,0 09,4,1 10,3,1 10,4,0 10,4,1 F6
09,2,1 10,2,0 10,2,1 10,3,0 C4
00,2,0 00,2,1 00,3,0 00,3,1 01,2,1 01,3,0 G6
01,2,0 T1
00,4,0 00,4,1 01,3,1 01,4,0 01,4,1 02,4,0 E6
02,0,0 02,0,1 02,1,0 I3
07,3,1 08,3,0 08,3,1 08,4,0 08,4,1 09,3,0 H6
06,4,0 06,4,1 07,4,0 07,4,1 I4
08,1,1 09,1,0 09,1,1 10,1,0 10,1,1 I5
08,0,0 08,0,1 09,0,0 09,0,1 10,0,0 10,0,1 I6
07,2,1 07,3,0 08,2,0 08,2,1 09,2,0 L5
02,1,1 03,0,0 03,0,1 03,1,0 03,1,1 04,0,0 X6
02,2,0 02,2,1 02,3,0 03,2,0 T4
05,1,1 05,2,0 05,2,1 06,1,0 06,1,1 06,2,0 O6
06,2,1 07,1,0 07,1,1 07,2,0 08,1,0 P5
05,0,1 05,1,0 06,0,0 06,0,1 07,0,0 07,0,1 J6
03,2,1 04,0,1 04,1,0 04,1,1 04,2,0 05,0,0 S6
05,3,0 05,3,1 05,4,0 05,4,1 06,3,0 06,3,1 V6
02,3,1 02,4,1 03,3,0 03,3,1 03,4,0 C5
03,4,1 04,2,1 04,3,0 04,3,1 04,4,0 04,4,1 P6

          ____________________________________________
         /        \   \      /   /       /   /       /
        /___    ___\   \    /   /_______/   /       /
       /    \  /\      /   /       /\       \  /\  /
      /      \/  \____/   /_______/  \_______\/  \/
     /   /\  /    \   \  /    \   \       \      /
    /___/__\/______\   \/      \   \_______\____/
   /       /\      /   /\      /    \          /
  /   ____/  \    /   /  \____/______\________/
 /   /   /   /    \   \          /           /
/___/___/___/______\___\________/___________/

solution 2 (2,609 searches):
00,0,0 00,0,1 00,1,0 00,1,1 01,1,0 01,1,1 C6
01,0,0 01,0,1 D2
09,3,1 09,4,0 09,4,1 10,3,1 10,4,0 10,4,1 F6
09,2,1 10,2,0 10,2,1 10,3,0 C4
00,2,0 00,2,1 00,3,0 00,3,1 01,2,1 01,3,0 G6
01,2,0 T1
00,4,0 00,4,1 01,3,1 01,4,0 01,4,1 02,4,0 E6
02,0,0 02,0,1 02,1,0 I3
07,3,1 08,3,0 08,3,1 08,4,0 08,4,1 09,3,0 H6
06,4,0 06,4,1 07,4,0 07,4,1 I4
08,1,1 09,1,0 09,1,1 10,1,0 10,1,1 I5
08,0,0 08,0,1 09,0,0 09,0,1 10,0,0 10,0,1 I6
07,2,0 07,2,1 07,3,0 08,2,0 08,2,1 09,2,0 P6
06,0,1 07,0,0 07,0,1 07,1,0 07,1,1 08,1,0 S6
02,1,1 02,2,0 03,0,0 03,0,1 03,1,0 L5
05,3,1 05,4,0 05,4,1 06,3,0 06,3,1 C5
03,4,1 04,3,1 04,4,0 04,4,1 T4
02,4,1 03,3,1 03,4,0 04,2,0 04,2,1 04,3,0 J6
02,2,1 02,3,0 02,3,1 03,2,0 03,2,1 03,3,0 O6
05,2,0 05,2,1 05,3,0 06,1,1 06,2,0 06,2,1 X6
04,1,1 05,0,1 05,1,0 05,1,1 06,0,0 06,1,0 V6
03,1,1 04,0,0 04,0,1 04,1,0 05,0,0 P5

          ____________________________________________
         /        \   \      /   /       /   /       /
        /___    ___\   \    /   /_______/   /       /
       /    \  /    \   \  /\      /\       \  /\  /
      /      \/      \   \/  \____/  \_______\/  \/
     /   /\  /\      /   /       /        \      /
    /___/__\/  \____/___/___    /__________\____/
   /       /\   \   \       \  /    \          /
  /   ____/  \   \   \    ___\/   ___\________/
 /   /   /   /   /    \   \      /           /
/___/___/___/___/______\___\____/___________/

solution 3 (3,166 searches):
00,0,0 00,0,1 00,1,0 00,1,1 01,1,0 01,1,1 C6
01,0,0 01,0,1 D2
09,3,1 09,4,0 09,4,1 10,3,1 10,4,0 10,4,1 F6
09,2,1 10,2,0 10,2,1 10,3,0 C4
00,2,0 00,2,1 00,3,0 00,3,1 01,2,1 01,3,0 G6
01,2,0 T1
00,4,0 00,4,1 01,3,1 01,4,0 01,4,1 02,4,0 E6
02,0,0 02,0,1 02,1,0 I3
07,3,1 08,3,0 08,3,1 08,4,0 08,4,1 09,3,0 H6
06,4,0 06,4,1 07,4,0 07,4,1 I4
08,1,1 09,1,0 09,1,1 10,1,0 10,1,1 I5
08,0,1 08,1,0 09,0,0 09,0,1 10,0,0 10,0,1 J6
07,2,1 07,3,0 08,2,0 08,2,1 09,2,0 L5
05,0,1 06,0,0 06,0,1 07,0,0 07,0,1 08,0,0 I6
05,1,1 05,2,0 05,2,1 06,1,0 06,1,1 06,2,0 O6
06,2,1 06,3,0 06,3,1 07,1,0 07,1,1 07,2,0 S6
04,4,1 05,3,1 05,4,0 05,4,1 T4
03,4,1 04,3,0 04,3,1 04,4,0 05,3,0 P5
02,3,1 02,4,1 03,3,0 03,3,1 03,4,0 C5
02,1,1 02,2,0 02,2,1 02,3,0 03,1,1 03,2,0 V6
03,2,1 04,1,0 04,1,1 04,2,0 04,2,1 05,1,0 X6
03,0,0 03,0,1 03,1,0 04,0,0 04,0,1 05,0,0 P6

          ____________________________________________
         /        \   \   \      /       /   /       /
        /___    ___\   \   \    /_______/   /       /
       /    \  /\      /    \  /   /\       \  /\  /
      /      \/  \____/______\/   /  \_______\/  \/
     /   /\  /    \      /    \   \       \      /
    /___/__\/      \    /      \   \_______\____/
   /       /\  /\  /    \      /   /\          /
  /   ____/  \/  \/______\____/___/  \________/
 /   /   /   /        \           \          /
/___/___/___/__________\___________\________/

solution 4 (3,173 searches):
00,0,0 00,0,1 00,1,0 00,1,1 01,1,0 01,1,1 C6
01,0,0 01,0,1 D2
09,3,1 09,4,0 09,4,1 10,3,1 10,4,0 10,4,1 F6
09,2,1 10,2,0 10,2,1 10,3,0 C4
00,2,0 00,2,1 00,3,0 00,3,1 01,2,1 01,3,0 G6
01,2,0 T1
00,4,0 00,4,1 01,3,1 01,4,0 01,4,1 02,4,0 E6
02,0,0 02,0,1 02,1,0 I3
07,3,1 08,3,0 08,3,1 08,4,0 08,4,1 09,3,0 H6
06,4,0 06,4,1 07,4,0 07,4,1 I4
08,1,1 09,1,0 09,1,1 10,1,0 10,1,1 I5
08,0,1 08,1,0 09,0,0 09,0,1 10,0,0 10,0,1 J6
07,2,1 07,3,0 08,2,0 08,2,1 09,2,0 L5
05,0,1 06,0,0 06,0,1 07,0,0 07,0,1 08,0,0 I6
05,1,1 05,2,0 05,2,1 06,1,0 06,1,1 06,2,0 O6
06,2,1 06,3,0 06,3,1 07,1,0 07,1,1 07,2,0 S6
04,4,1 05,3,1 05,4,0 05,4,1 T4
04,2,0 04,2,1 04,3,0 04,3,1 04,4,0 05,3,0 P6
02,4,1 03,3,0 03,3,1 03,4,0 03,4,1 P5
02,2,0 02,2,1 02,3,0 02,3,1 03,2,0 03,2,1 V6
02,1,1 03,0,0 03,0,1 03,1,0 03,1,1 04,0,0 X6
04,0,1 04,1,0 04,1,1 05,0,0 05,1,0 C5

          ____________________________________________
         /        \      /\      /       /   /       /
        /___    ___\    /  \    /_______/   /       /
       /    \  /   /   /    \  /   /\       \  /\  /
      /      \/   /___/   ___\/   /  \_______\/  \/
     /   /\  /       /   /    \   \       \      /
    /___/__\/_______/___/      \   \_______\____/
   /       /\      /    \      /   /\          /
  /   ____/  \    /   ___\____/___/  \________/
 /   /   /   /    \   \           \          /
/___/___/___/______\___\___________\________/

solution 5 (3,218 searches):
00,0,0 00,0,1 00,1,0 00,1,1 01,1,0 01,1,1 C6
01,0,0 01,0,1 D2
09,3,1 09,4,0 09,4,1 10,3,1 10,4,0 10,4,1 F6
09,2,1 10,2,0 10,2,1 10,3,0 C4
00,2,0 00,2,1 00,3,0 00,3,1 01,2,1 01,3,0 G6
01,2,0 T1
00,4,0 00,4,1 01,3,1 01,4,0 01,4,1 02,4,0 E6
02,0,0 02,0,1 02,1,0 I3
07,3,1 08,3,0 08,3,1 08,4,0 08,4,1 09,3,0 H6
06,4,0 06,4,1 07,4,0 07,4,1 I4
08,1,1 09,1,0 09,1,1 10,1,0 10,1,1 I5
08,0,1 08,1,0 09,0,0 09,0,1 10,0,0 10,0,1 J6
07,2,1 07,3,0 08,2,0 08,2,1 09,2,0 L5
05,0,1 06,0,0 06,0,1 07,0,0 07,0,1 08,0,0 I6
06,1,1 06,2,0 06,2,1 07,1,0 07,1,1 07,2,0 O6
05,3,1 05,4,0 05,4,1 06,3,0 06,3,1 C5
03,4,1 04,3,1 04,4,0 04,4,1 05,2,1 05,3,0 P6
02,3,1 02,4,1 03,3,0 03,3,1 03,4,0 04,3,0 V6
04,2,1 05,1,0 05,1,1 05,2,0 06,1,0 P5
02,2,0 02,2,1 02,3,0 03,2,0 T4
02,1,1 03,0,0 03,0,1 03,1,0 03,1,1 04,0,0 X6
03,2,1 04,0,1 04,1,0 04,1,1 04,2,0 05,0,0 S6

          ____________________________________________
         /        \   \      /   /       /   /       /
        /___    ___\   \    /   /_______/   /       /
       /    \  /\       \   \      /\       \  /\  /
      /      \/  \_______\   \____/  \_______\/  \/
     /   /\  /    \   \   \  /    \       \      /
    /___/__\/______\   \   \/      \_______\____/
   /       /\      /   /    \      /\          /
  /   ____/  \    /   /______\____/  \________/
 /   /   /   /    \   \           \          /
/___/___/___/______\___\___________\________/

solution 6 (4,178 searches):
00,0,0 00,0,1 00,1,0 00,1,1 01,1,0 01,1,1 C6
01,0,0 01,0,1 D2
09,3,1 09,4,0 09,4,1 10,3,1 10,4,0 10,4,1 F6
09,2,1 10,2,0 10,2,1 10,3,0 C4
00,2,0 00,2,1 00,3,0 00,3,1 01,2,1 01,3,0 G6
01,2,0 T1
00,4,0 00,4,1 01,3,1 01,4,0 01,4,1 02,4,0 E6
02,0,0 02,0,1 02,1,0 I3
07,3,1 08,3,0 08,3,1 08,4,0 08,4,1 09,3,0 H6
06,4,0 06,4,1 07,4,0 07,4,1 I4
08,1,1 09,1,0 09,1,1 10,1,0 10,1,1 I5
08,0,1 08,1,0 09,0,0 09,0,1 10,0,0 10,0,1 J6
07,2,1 07,3,0 08,2,0 08,2,1 09,2,0 L5
06,2,1 07,0,1 07,1,0 07,1,1 07,2,0 08,0,0 S6
05,3,0 05,3,1 05,4,0 05,4,1 06,3,0 06,3,1 V6
03,4,1 04,2,1 04,3,0 04,3,1 04,4,0 04,4,1 P6
02,3,1 02,4,1 03,3,0 03,3,1 03,4,0 C5
05,1,1 05,2,0 05,2,1 06,1,0 06,1,1 06,2,0 O6
04,0,1 05,0,0 05,0,1 06,0,0 06,0,1 07,0,0 I6
02,1,1 03,0,0 03,0,1 03,1,0 04,0,0 P5
02,2,0 02,2,1 02,3,0 03,1,1 03,2,0 03,2,1 X6
04,1,0 04,1,1 04,2,0 05,1,0 T4

          ____________________________________________
         /        \   \      /   /       /   /       /
        /___    ___\   \    /   /_______/   /       /
       /    \  /\      /   /       /\       \  /\  /
      /      \/  \____/   /_______/  \_______\/  \/
     /   /\  /       /\  /    \   \       \      /
    /___/__\/___    /  \/      \   \_______\____/
   /       /\   \  /    \      /   /\          /
  /   ____/  \   \/______\____/   /  \________/
 /   /   /   /    \           \   \          /
/___/___/___/______\___________\___\________/

solution 7 (4,182 searches):
00,0,0 00,0,1 00,1,0 00,1,1 01,1,0 01,1,1 C6
01,0,0 01,0,1 D2
09,3,1 09,4,0 09,4,1 10,3,1 10,4,0 10,4,1 F6
09,2,1 10,2,0 10,2,1 10,3,0 C4
00,2,0 00,2,1 00,3,0 00,3,1 01,2,1 01,3,0 G6
01,2,0 T1
00,4,0 00,4,1 01,3,1 01,4,0 01,4,1 02,4,0 E6
02,0,0 02,0,1 02,1,0 I3
07,3,1 08,3,0 08,3,1 08,4,0 08,4,1 09,3,0 H6
06,4,0 06,4,1 07,4,0 07,4,1 I4
08,1,1 09,1,0 09,1,1 10,1,0 10,1,1 I5
08,0,1 08,1,0 09,0,0 09,0,1 10,0,0 10,0,1 J6
07,2,1 07,3,0 08,2,0 08,2,1 09,2,0 L5
06,2,1 07,0,1 07,1,0 07,1,1 07,2,0 08,0,0 S6
05,3,0 05,3,1 05,4,0 05,4,1 06,3,0 06,3,1 V6
03,4,1 04,2,1 04,3,0 04,3,1 04,4,0 04,4,1 P6
02,3,1 02,4,1 03,3,0 03,3,1 03,4,0 C5
05,1,1 05,2,0 05,2,1 06,1,0 06,1,1 06,2,0 O6
04,0,1 05,0,0 05,0,1 06,0,0 06,0,1 07,0,0 I6
02,1,1 03,0,0 03,0,1 03,1,0 03,1,1 04,0,0 X6
02,2,0 02,2,1 02,3,0 03,2,0 03,2,1 P5
04,1,0 04,1,1 04,2,0 05,1,0 T4

          ____________________________________________
         /        \   \      /   /       /   /       /
        /___    ___\   \    /   /_______/   /       /
       /    \  /\      /   /       /\       \  /\  /
      /      \/  \____/   /_______/  \_______\/  \/
     /   /\  /       /\  /    \   \       \      /
    /___/__\/_______/  \/      \   \_______\____/
   /       /\      /    \      /   /\          /
  /   ____/  \    /______\____/   /  \________/
 /   /   /   /    \           \   \          /
/___/___/___/______\___________\___\________/

solution 8 (4,184 searches):
00,0,0 00,0,1 00,1,0 00,1,1 01,1,0 01,1,1 C6
01,0,0 01,0,1 D2
09,3,1 09,4,0 09,4,1 10,3,1 10,4,0 10,4,1 F6
09,2,1 10,2,0 10,2,1 10,3,0 C4
00,2,0 00,2,1 00,3,0 00,3,1 01,2,1 01,3,0 G6
01,2,0 T1
00,4,0 00,4,1 01,3,1 01,4,0 01,4,1 02,4,0 E6
02,0,0 02,0,1 02,1,0 I3
07,3,1 08,3,0 08,3,1 08,4,0 08,4,1 09,3,0 H6
06,4,0 06,4,1 07,4,0 07,4,1 I4
08,1,1 09,1,0 09,1,1 10,1,0 10,1,1 I5
08,0,1 08,1,0 09,0,0 09,0,1 10,0,0 10,0,1 J6
07,2,1 07,3,0 08,2,0 08,2,1 09,2,0 L5
06,2,1 07,0,1 07,1,0 07,1,1 07,2,0 08,0,0 S6
05,3,0 05,3,1 05,4,0 05,4,1 06,3,0 06,3,1 V6
03,4,1 04,2,1 04,3,0 04,3,1 04,4,0 04,4,1 P6
02,3,1 02,4,1 03,3,0 03,3,1 03,4,0 C5
05,1,1 05,2,0 05,2,1 06,1,0 06,1,1 06,2,0 O6
04,0,1 05,0,0 05,0,1 06,0,0 06,0,1 07,0,0 I6
02,1,1 03,0,0 03,0,1 03,1,0 03,1,1 04,0,0 X6
03,2,1 04,1,0 04,1,1 04,2,0 05,1,0 P5
02,2,0 02,2,1 02,3,0 03,2,0 T4

          ____________________________________________
         /        \   \      /   /       /   /       /
        /___    ___\   \    /   /_______/   /       /
       /    \  /\      /   /       /\       \  /\  /
      /      \/  \____/   /_______/  \_______\/  \/
     /   /\  /    \   \  /    \   \       \      /
    /___/__\/______\   \/      \   \_______\____/
   /       /\      /    \      /   /\          /
  /   ____/  \    /______\____/   /  \________/
 /   /   /   /    \           \   \          /
/___/___/___/______\___________\___\________/

solution 9 (4,193 searches):
00,0,0 00,0,1 00,1,0 00,1,1 01,1,0 01,1,1 C6
01,0,0 01,0,1 D2
09,3,1 09,4,0 09,4,1 10,3,1 10,4,0 10,4,1 F6
09,2,1 10,2,0 10,2,1 10,3,0 C4
00,2,0 00,2,1 00,3,0 00,3,1 01,2,1 01,3,0 G6
01,2,0 T1
00,4,0 00,4,1 01,3,1 01,4,0 01,4,1 02,4,0 E6
02,0,0 02,0,1 02,1,0 I3
07,3,1 08,3,0 08,3,1 08,4,0 08,4,1 09,3,0 H6
06,4,0 06,4,1 07,4,0 07,4,1 I4
08,1,1 09,1,0 09,1,1 10,1,0 10,1,1 I5
08,0,1 08,1,0 09,0,0 09,0,1 10,0,0 10,0,1 J6
07,2,1 07,3,0 08,2,0 08,2,1 09,2,0 L5
06,2,1 07,0,1 07,1,0 07,1,1 07,2,0 08,0,0 S6
05,3,0 05,3,1 05,4,0 05,4,1 06,3,0 06,3,1 V6
03,4,1 04,3,1 04,4,0 04,4,1 T4
02,3,1 02,4,1 03,3,0 03,3,1 03,4,0 C5
05,1,1 05,2,0 05,2,1 06,1,0 06,1,1 06,2,0 O6
04,0,1 05,0,0 05,0,1 06,0,0 06,0,1 07,0,0 I6
04,1,0 04,1,1 04,2,0 04,2,1 04,3,0 05,1,0 P6
02,2,0 02,2,1 02,3,0 03,1,1 03,2,0 03,2,1 X6
02,1,1 03,0,0 03,0,1 03,1,0 04,0,0 P5

          ____________________________________________
         /        \   \      /   /       /   /       /
        /___    ___\   \    /   /_______/   /       /
       /    \  /\      /\  /       /\       \  /\  /
      /      \/  \____/  \/_______/  \_______\/  \/
     /   /\  /       /   /    \   \       \      /
    /___/__\/___    /   /      \   \_______\____/
   /       /\   \  /    \      /   /\          /
  /   ____/  \   \/______\____/   /  \________/
 /   /   /   /    \           \   \          /
/___/___/___/______\___________\___\________/

solution 10 (4,195 searches):
00,0,0 00,0,1 00,1,0 00,1,1 01,1,0 01,1,1 C6
01,0,0 01,0,1 D2
09,3,1 09,4,0 09,4,1 10,3,1 10,4,0 10,4,1 F6
09,2,1 10,2,0 10,2,1 10,3,0 C4
00,2,0 00,2,1 00,3,0 00,3,1 01,2,1 01,3,0 G6
01,2,0 T1
00,4,0 00,4,1 01,3,1 01,4,0 01,4,1 02,4,0 E6
02,0,0 02,0,1 02,1,0 I3
07,3,1 08,3,0 08,3,1 08,4,0 08,4,1 09,3,0 H6
06,4,0 06,4,1 07,4,0 07,4,1 I4
08,1,1 09,1,0 09,1,1 10,1,0 10,1,1 I5
08,0,1 08,1,0 09,0,0 09,0,1 10,0,0 10,0,1 J6
07,2,1 07,3,0 08,2,0 08,2,1 09,2,0 L5
06,2,1 07,0,1 07,1,0 07,1,1 07,2,0 08,0,0 S6
05,3,0 05,3,1 05,4,0 05,4,1 06,3,0 06,3,1 V6
03,4,1 04,3,1 04,4,0 04,4,1 T4
02,3,1 02,4,1 03,3,0 03,3,1 03,4,0 C5
05,1,1 05,2,0 05,2,1 06,1,0 06,1,1 06,2,0 O6
04,0,1 05,0,0 05,0,1 06,0,0 06,0,1 07,0,0 I6
04,1,0 04,1,1 04,2,0 04,2,1 04,3,0 05,1,0 P6
02,1,1 03,0,0 03,0,1 03,1,0 03,1,1 04,0,0 X6
02,2,0 02,2,1 02,3,0 03,2,0 03,2,1 P5

          ____________________________________________
         /        \   \      /   /       /   /       /
        /___    ___\   \    /   /_______/   /       /
       /    \  /\      /\  /       /\       \  /\  /
      /      \/  \____/  \/_______/  \_______\/  \/
     /   /\  /       /   /    \   \       \      /
    /___/__\/_______/   /      \   \_______\____/
   /       /\      /    \      /   /\          /
  /   ____/  \    /______\____/   /  \________/
 /   /   /   /    \           \   \          /
/___/___/___/______\___________\___\________/

User-requested solution limit reached.
10 solutions, 4,195 searches, duration 0:00:00.704286
