solving Polyiamonds1234567Hexagon3:

solution 1 (4,424 searches):
06,06,1 06,07,0 06,07,1 06,08,0 07,05,1 07,06,0 C6
07,06,1 07,07,0 D2
00,06,1 00,07,0 00,07,1 01,06,0 01,06,1 01,07,0 O6
00,08,0 00,08,1 00,09,0 00,09,1 01,07,1 01,08,0 01,09,0 A7
01,05,1 02,04,1 02,05,0 02,05,1 02,06,0 03,04,0 03,05,0 B7
00,10,0 00,10,1 01,09,1 01,10,0 C4
00,11,0 00,11,1 01,10,1 01,11,0 02,09,0 02,09,1 02,10,0 C7
00,12,0 00,12,1 00,13,0 00,13,1 01,12,0 01,12,1 01,13,0 D7
01,08,1 02,07,0 02,07,1 02,08,0 03,06,1 03,07,0 E6
02,06,1 03,05,1 03,06,0 04,04,1 04,05,0 04,05,1 05,04,0 E7
03,03,1 03,04,1 04,03,0 04,03,1 04,04,0 C5
04,06,0 04,06,1 04,07,0 05,05,0 05,05,1 05,06,0 F6
03,07,1 03,08,0 03,08,1 I3
02,08,1 T1
03,09,0 03,09,1 04,07,1 04,08,0 04,08,1 04,09,0 G6
01,11,1 02,11,0 02,11,1 02,12,0 03,11,0 03,11,1 03,12,0 F7
01,13,1 02,12,1 02,13,0 02,13,1 03,12,1 03,13,0 03,13,1 M7
02,10,1 03,10,0 03,10,1 04,09,1 04,10,0 04,10,1 05,09,0 H7
04,02,1 05,01,1 05,02,0 05,02,1 06,01,0 06,02,0 06,02,1 G7
05,03,0 05,03,1 06,03,0 06,03,1 I4
05,04,1 06,04,0 06,04,1 06,05,0 07,03,1 07,04,0 H6
06,00,1 07,00,0 07,00,1 08,00,0 08,00,1 I5
06,01,1 07,01,0 07,01,1 08,01,0 08,01,1 09,01,0 I6
09,00,0 09,00,1 10,00,0 10,00,1 11,00,0 11,00,1 12,00,0 I7
07,02,0 07,02,1 07,03,0 08,02,0 08,02,1 P5
07,04,1 08,04,0 08,04,1 09,04,0 09,04,1 09,05,0 J6
08,03,0 08,03,1 09,02,1 09,03,0 10,02,0 L5
09,01,1 09,02,0 10,01,0 10,01,1 11,01,0 11,01,1 12,01,0 L7
11,02,1 12,00,1 12,01,1 12,02,0 13,00,0 13,00,1 13,01,0 J7
09,03,1 10,02,1 10,03,0 10,03,1 10,04,0 10,04,1 11,02,0 T7
12,02,1 13,01,1 13,02,0 13,02,1 13,03,0 13,03,1 P6
11,03,0 11,03,1 12,03,0 12,03,1 12,04,0 12,04,1 13,04,0 N7
10,05,1 10,06,0 10,06,1 11,04,0 11,04,1 11,05,0 S6
08,07,1 09,05,1 09,06,0 09,06,1 09,07,0 09,07,1 10,05,0 Q7
11,05,1 11,06,0 11,06,1 12,05,0 12,05,1 13,04,1 13,05,0 S7
12,06,0 12,06,1 12,07,0 13,05,1 13,06,0 13,06,1 X6
11,07,0 11,07,1 11,08,0 11,08,1 12,07,1 12,08,0 13,07,0 V7
09,08,1 09,09,0 09,09,1 10,07,0 10,07,1 10,08,0 10,08,1 Z7
08,10,1 09,10,0 09,10,1 10,09,0 10,09,1 10,10,0 11,09,0 U7
06,13,1 07,12,1 07,13,0 08,11,0 08,11,1 08,12,0 09,11,0 P7
08,08,0 08,08,1 08,09,0 09,08,0 T4
06,10,1 07,10,0 07,10,1 07,11,0 07,11,1 08,09,1 08,10,0 W7
05,09,1 06,09,0 06,09,1 06,10,0 07,08,1 07,09,0 07,09,1 X7
05,12,0 05,12,1 06,11,0 06,11,1 06,12,0 06,12,1 07,12,0 Y7
04,11,0 04,11,1 05,10,0 05,10,1 05,11,0 05,11,1 V6
04,12,0 04,12,1 04,13,0 04,13,1 05,13,0 05,13,1 06,13,0 R7

              ____________________________
             /    \          /        \   \
            /      \        /   _______\   \
           /       /\  /\  /   /        \   \
          /_______/  \/  \/___/___    ___\   \
         /    \          /       /   /   /    \
        /___   \________/___    /___/   /______\
       /    \   \          /   /\       \       \
      /___   \   \____    /___/  \____   \____   \
     /    \  /   /    \   \          /\  /   /    \
    /   ___\/___/___   \___\____    /  \/   /______\
   /    \   \  /   /   /   /\   \  /    \      /    \
  /___   \   \/   /   /   /  \   \/______\    /      \
 /    \  /    \  /\  /   /   /\   \      /   /   /\   \
/      \/___   \/  \/   /   /  \   \    /___/___/  \___\
\      /\   \  /    \   \   \  /   /   /   /   /       /
 \____/  \   \/___   \   \   \/   /   /   /   /___    /
  \       \      /   /\   \  /   /\   \   \       \  /
   \    ___\    /___/  \___\/___/  \___\   \____   \/
    \   \   \   \       \          /   /   /    \  /
     \___\   \___\____   \________/   /___/   ___\/
      \      /       /\  /    \      /       /   /
       \____/_______/  \/___   \    /_______/   /
        \          /       /\   \   \   \      /
         \    ____/_______/  \___\___\   \    /
          \   \           \           \   \  /
           \___\___________\___________\   \/
            \          /            \      /
             \________/______________\____/

solution 2 (4,525 searches):
06,06,1 06,07,0 06,07,1 06,08,0 07,05,1 07,06,0 C6
07,06,1 07,07,0 D2
00,06,1 00,07,0 00,07,1 01,06,0 01,06,1 01,07,0 O6
00,08,0 00,08,1 00,09,0 00,09,1 01,07,1 01,08,0 01,09,0 A7
01,05,1 02,04,1 02,05,0 02,05,1 02,06,0 03,04,0 03,05,0 B7
00,10,0 00,10,1 01,09,1 01,10,0 C4
00,11,0 00,11,1 01,10,1 01,11,0 02,09,0 02,09,1 02,10,0 C7
00,12,0 00,12,1 00,13,0 00,13,1 01,12,0 01,12,1 01,13,0 D7
01,08,1 02,07,0 02,07,1 02,08,0 03,06,1 03,07,0 E6
02,06,1 03,05,1 03,06,0 04,04,1 04,05,0 04,05,1 05,04,0 E7
03,03,1 03,04,1 04,03,0 04,03,1 04,04,0 C5
04,06,0 04,06,1 04,07,0 05,05,0 05,05,1 05,06,0 F6
03,07,1 03,08,0 03,08,1 I3
02,08,1 T1
03,09,0 03,09,1 04,07,1 04,08,0 04,08,1 04,09,0 G6
01,11,1 02,11,0 02,11,1 02,12,0 03,11,0 03,11,1 03,12,0 F7
01,13,1 02,12,1 02,13,0 02,13,1 03,12,1 03,13,0 03,13,1 M7
02,10,1 03,10,0 03,10,1 04,09,1 04,10,0 04,10,1 05,09,0 H7
04,02,1 05,01,1 05,02,0 05,02,1 06,01,0 06,02,0 06,02,1 G7
05,03,0 05,03,1 06,03,0 06,03,1 I4
05,04,1 06,04,0 06,04,1 06,05,0 07,03,1 07,04,0 H6
06,00,1 07,00,0 07,00,1 08,00,0 08,00,1 I5
06,01,1 07,01,0 07,01,1 08,01,0 08,01,1 09,01,0 I6
09,00,0 09,00,1 10,00,0 10,00,1 11,00,0 11,00,1 12,00,0 I7
07,02,0 07,02,1 07,03,0 08,02,0 08,02,1 P5
07,04,1 08,04,0 08,04,1 09,04,0 09,04,1 09,05,0 J6
08,03,0 08,03,1 09,02,1 09,03,0 10,02,0 L5
09,01,1 09,02,0 10,01,0 10,01,1 11,01,0 11,01,1 12,01,0 L7
11,02,1 12,00,1 12,01,1 12,02,0 13,00,0 13,00,1 13,01,0 J7
09,03,1 10,02,1 10,03,0 10,03,1 10,04,0 10,04,1 11,02,0 T7
12,02,1 13,01,1 13,02,0 13,02,1 13,03,0 13,03,1 P6
11,03,0 11,03,1 12,03,0 12,03,1 12,04,0 12,04,1 13,04,0 N7
10,05,1 10,06,0 10,06,1 11,04,0 11,04,1 11,05,0 S6
08,07,1 09,05,1 09,06,0 09,06,1 09,07,0 09,07,1 10,05,0 Q7
11,05,1 11,06,0 11,06,1 12,05,0 12,05,1 13,04,1 13,05,0 S7
12,06,0 12,06,1 12,07,0 13,05,1 13,06,0 13,06,1 X6
11,07,0 11,07,1 11,08,0 11,08,1 12,07,1 12,08,0 13,07,0 V7
09,08,1 09,09,0 09,09,1 10,07,0 10,07,1 10,08,0 10,08,1 Z7
08,10,1 09,10,0 09,10,1 10,09,0 10,09,1 10,10,0 11,09,0 U7
06,12,0 06,12,1 07,12,0 07,12,1 08,11,1 08,12,0 09,11,0 R7
04,13,1 05,12,1 05,13,0 05,13,1 06,13,0 06,13,1 07,13,0 P7
04,12,0 04,12,1 04,13,0 05,12,0 T4
04,11,0 04,11,1 05,10,0 05,10,1 05,11,0 05,11,1 V6
06,11,0 06,11,1 07,10,0 07,10,1 07,11,0 07,11,1 08,11,0 Y7
05,09,1 06,09,0 06,09,1 06,10,0 06,10,1 07,08,1 07,09,0 W7
07,09,1 08,08,0 08,08,1 08,09,0 08,09,1 08,10,0 09,08,0 X7

              ____________________________
             /    \          /\           \
            /      \        /  \    _______\
           /       /\  /\  /    \  /        \
          /_______/  \/  \/______\/_______   \
         /    \          /       /        \   \
        /___   \________/___    /___    ___\___\
       /    \   \          /   /   /   /\       \
      /___   \   \____    /___/   /___/  \____   \
     /    \  /   /    \   \       \      /   /    \
    /   ___\/___/___   \___\____   \    /   /______\
   /    \   \  /   /   /   /\   \  /    \      /    \
  /___   \   \/   /   /   /  \   \/______\    /      \
 /    \  /    \  /\  /   /   /\   \      /   /   /\   \
/      \/___   \/  \/   /   /  \   \    /___/___/  \___\
\      /\   \  /    \   \   \  /   /   /   /   /       /
 \____/  \   \/___   \   \   \/   /   /   /   /___    /
  \       \      /   /\   \  /   /\   \   \       \  /
   \    ___\    /___/  \___\/___/  \___\   \____   \/
    \   \   \   \       \          /   /   /    \  /
     \___\   \___\____   \________/   /___/   ___\/
      \      /       /\  /    \      /       /   /
       \____/_______/  \/___   \    /_______/   /
        \          /       /\   \   \   \      /
         \    ____/_______/  \___\___\   \    /
          \   \           \           \   \  /
           \___\___________\___________\   \/
            \          /            \      /
             \________/______________\____/

solution 3 (4,528 searches):
06,06,1 06,07,0 06,07,1 06,08,0 07,05,1 07,06,0 C6
07,06,1 07,07,0 D2
00,06,1 00,07,0 00,07,1 01,06,0 01,06,1 01,07,0 O6
00,08,0 00,08,1 00,09,0 00,09,1 01,07,1 01,08,0 01,09,0 A7
01,05,1 02,04,1 02,05,0 02,05,1 02,06,0 03,04,0 03,05,0 B7
00,10,0 00,10,1 01,09,1 01,10,0 C4
00,11,0 00,11,1 01,10,1 01,11,0 02,09,0 02,09,1 02,10,0 C7
00,12,0 00,12,1 00,13,0 00,13,1 01,12,0 01,12,1 01,13,0 D7
01,08,1 02,07,0 02,07,1 02,08,0 03,06,1 03,07,0 E6
02,06,1 03,05,1 03,06,0 04,04,1 04,05,0 04,05,1 05,04,0 E7
03,03,1 03,04,1 04,03,0 04,03,1 04,04,0 C5
04,06,0 04,06,1 04,07,0 05,05,0 05,05,1 05,06,0 F6
03,07,1 03,08,0 03,08,1 I3
02,08,1 T1
03,09,0 03,09,1 04,07,1 04,08,0 04,08,1 04,09,0 G6
01,11,1 02,11,0 02,11,1 02,12,0 03,11,0 03,11,1 03,12,0 F7
01,13,1 02,12,1 02,13,0 02,13,1 03,12,1 03,13,0 03,13,1 M7
02,10,1 03,10,0 03,10,1 04,09,1 04,10,0 04,10,1 05,09,0 H7
04,02,1 05,01,1 05,02,0 05,02,1 06,01,0 06,02,0 06,02,1 G7
05,03,0 05,03,1 06,03,0 06,03,1 I4
05,04,1 06,04,0 06,04,1 06,05,0 07,03,1 07,04,0 H6
06,00,1 07,00,0 07,00,1 08,00,0 08,00,1 I5
06,01,1 07,01,0 07,01,1 08,01,0 08,01,1 09,01,0 I6
09,00,0 09,00,1 10,00,0 10,00,1 11,00,0 11,00,1 12,00,0 I7
07,02,0 07,02,1 07,03,0 08,02,0 08,02,1 P5
07,04,1 08,04,0 08,04,1 09,04,0 09,04,1 09,05,0 J6
08,03,0 08,03,1 09,02,1 09,03,0 10,02,0 L5
09,01,1 09,02,0 10,01,0 10,01,1 11,01,0 11,01,1 12,01,0 L7
11,02,1 12,00,1 12,01,1 12,02,0 13,00,0 13,00,1 13,01,0 J7
09,03,1 10,02,1 10,03,0 10,03,1 10,04,0 10,04,1 11,02,0 T7
12,02,1 13,01,1 13,02,0 13,02,1 13,03,0 13,03,1 P6
11,03,0 11,03,1 12,03,0 12,03,1 12,04,0 12,04,1 13,04,0 N7
10,05,1 10,06,0 10,06,1 11,04,0 11,04,1 11,05,0 S6
08,07,1 09,05,1 09,06,0 09,06,1 09,07,0 09,07,1 10,05,0 Q7
11,05,1 11,06,0 11,06,1 12,05,0 12,05,1 13,04,1 13,05,0 S7
12,06,0 12,06,1 12,07,0 13,05,1 13,06,0 13,06,1 X6
11,07,0 11,07,1 11,08,0 11,08,1 12,07,1 12,08,0 13,07,0 V7
09,08,1 09,09,0 09,09,1 10,07,0 10,07,1 10,08,0 10,08,1 Z7
08,10,1 09,10,0 09,10,1 10,09,0 10,09,1 10,10,0 11,09,0 U7
06,12,0 06,12,1 07,12,0 07,12,1 08,11,1 08,12,0 09,11,0 R7
04,13,1 05,12,1 05,13,0 05,13,1 06,13,0 06,13,1 07,13,0 P7
04,12,0 04,12,1 04,13,0 05,12,0 T4
04,11,0 04,11,1 05,10,0 05,10,1 05,11,0 05,11,1 V6
06,11,0 06,11,1 07,10,1 07,11,0 07,11,1 08,10,0 08,11,0 Y7
05,09,1 06,09,0 06,09,1 06,10,0 06,10,1 07,08,1 07,09,0 W7
07,09,1 07,10,0 08,08,0 08,08,1 08,09,0 08,09,1 09,08,0 X7

              ____________________________
             /    \          /\           \
            /      \        /  \    _______\
           /       /\  /\  /    \  /        \
          /_______/  \/  \/______\/_______   \
         /    \          /       /        \   \
        /___   \________/___    /___    ___\___\
       /    \   \          /   /   /\   \       \
      /___   \   \____    /___/   /  \___\____   \
     /    \  /   /    \   \       \      /   /    \
    /   ___\/___/___   \___\____   \    /   /______\
   /    \   \  /   /   /   /\   \  /    \      /    \
  /___   \   \/   /   /   /  \   \/______\    /      \
 /    \  /    \  /\  /   /   /\   \      /   /   /\   \
/      \/___   \/  \/   /   /  \   \    /___/___/  \___\
\      /\   \  /    \   \   \  /   /   /   /   /       /
 \____/  \   \/___   \   \   \/   /   /   /   /___    /
  \       \      /   /\   \  /   /\   \   \       \  /
   \    ___\    /___/  \___\/___/  \___\   \____   \/
    \   \   \   \       \          /   /   /    \  /
     \___\   \___\____   \________/   /___/   ___\/
      \      /       /\  /    \      /       /   /
       \____/_______/  \/___   \    /_______/   /
        \          /       /\   \   \   \      /
         \    ____/_______/  \___\___\   \    /
          \   \           \           \   \  /
           \___\___________\___________\   \/
            \          /            \      /
             \________/______________\____/

solution 4 (4,533 searches):
06,06,1 06,07,0 06,07,1 06,08,0 07,05,1 07,06,0 C6
07,06,1 07,07,0 D2
00,06,1 00,07,0 00,07,1 01,06,0 01,06,1 01,07,0 O6
00,08,0 00,08,1 00,09,0 00,09,1 01,07,1 01,08,0 01,09,0 A7
01,05,1 02,04,1 02,05,0 02,05,1 02,06,0 03,04,0 03,05,0 B7
00,10,0 00,10,1 01,09,1 01,10,0 C4
00,11,0 00,11,1 01,10,1 01,11,0 02,09,0 02,09,1 02,10,0 C7
00,12,0 00,12,1 00,13,0 00,13,1 01,12,0 01,12,1 01,13,0 D7
01,08,1 02,07,0 02,07,1 02,08,0 03,06,1 03,07,0 E6
02,06,1 03,05,1 03,06,0 04,04,1 04,05,0 04,05,1 05,04,0 E7
03,03,1 03,04,1 04,03,0 04,03,1 04,04,0 C5
04,06,0 04,06,1 04,07,0 05,05,0 05,05,1 05,06,0 F6
03,07,1 03,08,0 03,08,1 I3
02,08,1 T1
03,09,0 03,09,1 04,07,1 04,08,0 04,08,1 04,09,0 G6
01,11,1 02,11,0 02,11,1 02,12,0 03,11,0 03,11,1 03,12,0 F7
01,13,1 02,12,1 02,13,0 02,13,1 03,12,1 03,13,0 03,13,1 M7
02,10,1 03,10,0 03,10,1 04,09,1 04,10,0 04,10,1 05,09,0 H7
04,02,1 05,01,1 05,02,0 05,02,1 06,01,0 06,02,0 06,02,1 G7
05,03,0 05,03,1 06,03,0 06,03,1 I4
05,04,1 06,04,0 06,04,1 06,05,0 07,03,1 07,04,0 H6
06,00,1 07,00,0 07,00,1 08,00,0 08,00,1 I5
06,01,1 07,01,0 07,01,1 08,01,0 08,01,1 09,01,0 I6
09,00,0 09,00,1 10,00,0 10,00,1 11,00,0 11,00,1 12,00,0 I7
07,02,0 07,02,1 07,03,0 08,02,0 08,02,1 P5
07,04,1 08,04,0 08,04,1 09,04,0 09,04,1 09,05,0 J6
08,03,0 08,03,1 09,02,1 09,03,0 10,02,0 L5
09,01,1 09,02,0 10,01,0 10,01,1 11,01,0 11,01,1 12,01,0 L7
11,02,1 12,00,1 12,01,1 12,02,0 13,00,0 13,00,1 13,01,0 J7
09,03,1 10,02,1 10,03,0 10,03,1 10,04,0 10,04,1 11,02,0 T7
12,02,1 13,01,1 13,02,0 13,02,1 13,03,0 13,03,1 P6
11,03,0 11,03,1 12,03,0 12,03,1 12,04,0 12,04,1 13,04,0 N7
10,05,1 10,06,0 10,06,1 11,04,0 11,04,1 11,05,0 S6
08,07,1 09,05,1 09,06,0 09,06,1 09,07,0 09,07,1 10,05,0 Q7
11,05,1 11,06,0 11,06,1 12,05,0 12,05,1 13,04,1 13,05,0 S7
12,06,0 12,06,1 12,07,0 13,05,1 13,06,0 13,06,1 X6
11,07,0 11,07,1 11,08,0 11,08,1 12,07,1 12,08,0 13,07,0 V7
09,08,1 09,09,0 09,09,1 10,07,0 10,07,1 10,08,0 10,08,1 Z7
08,10,1 09,10,0 09,10,1 10,09,0 10,09,1 10,10,0 11,09,0 U7
06,12,0 06,12,1 07,12,0 07,12,1 08,11,1 08,12,0 09,11,0 R7
04,13,1 05,12,1 05,13,0 05,13,1 06,13,0 06,13,1 07,13,0 P7
04,12,0 04,12,1 04,13,0 05,12,0 T4
04,11,0 04,11,1 05,10,0 05,10,1 05,11,0 05,11,1 06,11,0 Y7
06,11,1 07,10,1 07,11,0 07,11,1 08,10,0 08,11,0 V6
05,09,1 06,09,0 06,09,1 06,10,0 06,10,1 07,08,1 07,09,0 W7
07,09,1 07,10,0 08,08,0 08,08,1 08,09,0 08,09,1 09,08,0 X7

              ____________________________
             /    \          /\           \
            /      \        /  \    _______\
           /       /\  /\  /    \  /        \
          /_______/  \/  \/______\/_______   \
         /    \          /        \       \   \
        /___   \________/___    ___\    ___\___\
       /    \   \          /   /   /\   \       \
      /___   \   \____    /___/   /  \___\____   \
     /    \  /   /    \   \       \      /   /    \
    /   ___\/___/___   \___\____   \    /   /______\
   /    \   \  /   /   /   /\   \  /    \      /    \
  /___   \   \/   /   /   /  \   \/______\    /      \
 /    \  /    \  /\  /   /   /\   \      /   /   /\   \
/      \/___   \/  \/   /   /  \   \    /___/___/  \___\
\      /\   \  /    \   \   \  /   /   /   /   /       /
 \____/  \   \/___   \   \   \/   /   /   /   /___    /
  \       \      /   /\   \  /   /\   \   \       \  /
   \    ___\    /___/  \___\/___/  \___\   \____   \/
    \   \   \   \       \          /   /   /    \  /
     \___\   \___\____   \________/   /___/   ___\/
      \      /       /\  /    \      /       /   /
       \____/_______/  \/___   \    /_______/   /
        \          /       /\   \   \   \      /
         \    ____/_______/  \___\___\   \    /
          \   \           \           \   \  /
           \___\___________\___________\   \/
            \          /            \      /
             \________/______________\____/

solution 5 (6,016 searches):
06,06,1 06,07,0 06,07,1 06,08,0 07,05,1 07,06,0 C6
07,06,1 07,07,0 D2
00,06,1 00,07,0 00,07,1 01,06,0 01,06,1 01,07,0 O6
00,08,0 00,08,1 00,09,0 00,09,1 01,07,1 01,08,0 01,09,0 A7
01,05,1 02,04,1 02,05,0 02,05,1 02,06,0 03,04,0 03,05,0 B7
00,10,0 00,10,1 01,09,1 01,10,0 C4
00,11,0 00,11,1 01,10,1 01,11,0 02,09,0 02,09,1 02,10,0 C7
00,12,0 00,12,1 00,13,0 00,13,1 01,12,0 01,12,1 01,13,0 D7
01,08,1 02,07,0 02,07,1 02,08,0 03,06,1 03,07,0 E6
02,06,1 03,05,1 03,06,0 04,04,1 04,05,0 04,05,1 05,04,0 E7
03,03,1 03,04,1 04,03,0 04,03,1 04,04,0 C5
04,06,0 04,06,1 04,07,0 05,05,0 05,05,1 05,06,0 F6
03,07,1 03,08,0 03,08,1 I3
02,08,1 T1
03,09,0 03,09,1 04,07,1 04,08,0 04,08,1 04,09,0 G6
01,11,1 02,11,0 02,11,1 02,12,0 03,11,0 03,11,1 03,12,0 F7
01,13,1 02,12,1 02,13,0 02,13,1 03,12,1 03,13,0 03,13,1 M7
02,10,1 03,10,0 03,10,1 04,09,1 04,10,0 04,10,1 05,09,0 H7
04,02,1 05,01,1 05,02,0 05,02,1 06,01,0 06,02,0 06,02,1 G7
05,03,0 05,03,1 06,03,0 06,03,1 I4
05,04,1 06,04,0 06,04,1 06,05,0 07,03,1 07,04,0 H6
06,00,1 07,00,0 07,00,1 08,00,0 08,00,1 I5
06,01,1 07,01,0 07,01,1 08,01,0 08,01,1 09,01,0 I6
09,00,0 09,00,1 10,00,0 10,00,1 11,00,0 11,00,1 12,00,0 I7
07,02,0 07,02,1 07,03,0 08,02,0 08,02,1 P5
07,04,1 08,04,0 08,04,1 09,04,0 09,04,1 09,05,0 J6
08,03,0 08,03,1 09,02,1 09,03,0 10,02,0 L5
09,01,1 09,02,0 10,01,0 10,01,1 11,01,0 11,01,1 12,01,0 L7
11,02,1 12,00,1 12,01,1 12,02,0 13,00,0 13,00,1 13,01,0 J7
09,03,1 10,02,1 10,03,0 10,03,1 10,04,0 10,04,1 11,02,0 T7
12,02,1 13,01,1 13,02,0 13,02,1 13,03,0 13,03,1 P6
11,03,0 11,03,1 12,03,0 12,03,1 12,04,0 12,04,1 13,04,0 N7
10,05,1 10,06,0 10,06,1 11,04,0 11,04,1 11,05,0 S6
08,07,1 09,05,1 09,06,0 09,06,1 09,07,0 09,07,1 10,05,0 Q7
12,05,1 12,06,0 13,04,1 13,05,0 13,05,1 13,06,0 V6
10,07,0 10,07,1 11,05,1 11,06,0 11,06,1 11,07,0 12,05,0 S7
11,07,1 11,08,0 12,06,1 12,07,0 12,07,1 13,06,1 13,07,0 Z7
10,08,0 10,08,1 10,09,0 10,09,1 11,08,1 11,09,0 12,08,0 V7
05,09,1 06,09,0 06,09,1 06,10,0 06,10,1 07,08,1 07,09,0 W7
04,11,0 04,11,1 05,10,0 05,10,1 05,11,0 05,11,1 06,11,0 Y7
04,12,0 04,12,1 04,13,0 05,12,0 T4
04,13,1 05,12,1 05,13,0 05,13,1 06,12,1 06,13,0 07,12,0 U7
06,13,1 07,12,1 07,13,0 08,10,1 08,11,0 08,11,1 08,12,0 R7
06,11,1 06,12,0 07,10,0 07,10,1 07,11,0 07,11,1 08,10,0 X7
07,09,1 08,08,0 08,08,1 08,09,0 08,09,1 09,08,0 X6
09,08,1 09,09,0 09,09,1 09,10,0 09,10,1 09,11,0 10,10,0 P7

              ____________________________
             /    \          /\       \   \
            /      \        /  \       \   \
           /       /\  /\  /    \  /\   \   \
          /_______/  \/  \/______\/  \___\   \
         /    \          /        \      /   /\
        /___   \________/___    ___\    /   /  \
       /    \   \          /   /   /    \  /    \
      /___   \   \____    /___/   /______\/   ___\
     /    \  /   /    \   \       \      /   /    \
    /   ___\/___/___   \___\____   \    /   /      \
   /    \   \  /   /   /   /\   \  /    \  /   /\   \
  /___   \   \/   /   /   /  \   \/______\/___/  \___\
 /    \  /    \  /\  /   /   /\   \      /    \       \
/      \/___   \/  \/   /   /  \   \    /___   \       \
\      /\   \  /    \   \   \  /   /   /   /   /\  /\  /
 \____/  \   \/___   \   \   \/   /   /   /   /  \/  \/
  \       \      /   /\   \  /   /\   \   \   \      /
   \    ___\    /___/  \___\/___/  \___\   \___\    /
    \   \   \   \       \          /   /   /    \  /
     \___\   \___\____   \________/   /___/   ___\/
      \      /       /\  /    \      /       /   /
       \____/_______/  \/___   \    /_______/   /
        \          /       /\   \   \   \      /
         \    ____/_______/  \___\___\   \    /
          \   \           \           \   \  /
           \___\___________\___________\   \/
            \          /            \      /
             \________/______________\____/

solution 6 (6,078 searches):
06,06,1 06,07,0 06,07,1 06,08,0 07,05,1 07,06,0 C6
07,06,1 07,07,0 D2
00,06,1 00,07,0 00,07,1 01,06,0 01,06,1 01,07,0 O6
00,08,0 00,08,1 00,09,0 00,09,1 01,07,1 01,08,0 01,09,0 A7
01,05,1 02,04,1 02,05,0 02,05,1 02,06,0 03,04,0 03,05,0 B7
00,10,0 00,10,1 01,09,1 01,10,0 C4
00,11,0 00,11,1 01,10,1 01,11,0 02,09,0 02,09,1 02,10,0 C7
00,12,0 00,12,1 00,13,0 00,13,1 01,12,0 01,12,1 01,13,0 D7
01,08,1 02,07,0 02,07,1 02,08,0 03,06,1 03,07,0 E6
02,06,1 03,05,1 03,06,0 04,04,1 04,05,0 04,05,1 05,04,0 E7
03,03,1 03,04,1 04,03,0 04,03,1 04,04,0 C5
04,06,0 04,06,1 04,07,0 05,05,0 05,05,1 05,06,0 F6
03,07,1 03,08,0 03,08,1 I3
02,08,1 T1
03,09,0 03,09,1 04,07,1 04,08,0 04,08,1 04,09,0 G6
01,11,1 02,11,0 02,11,1 02,12,0 03,11,0 03,11,1 03,12,0 F7
01,13,1 02,12,1 02,13,0 02,13,1 03,12,1 03,13,0 03,13,1 M7
02,10,1 03,10,0 03,10,1 04,09,1 04,10,0 04,10,1 05,09,0 H7
04,02,1 05,01,1 05,02,0 05,02,1 06,01,0 06,02,0 06,02,1 G7
05,03,0 05,03,1 06,03,0 06,03,1 I4
05,04,1 06,04,0 06,04,1 06,05,0 07,03,1 07,04,0 H6
06,00,1 07,00,0 07,00,1 08,00,0 08,00,1 I5
06,01,1 07,01,0 07,01,1 08,01,0 08,01,1 09,01,0 I6
09,00,0 09,00,1 10,00,0 10,00,1 11,00,0 11,00,1 12,00,0 I7
07,02,0 07,02,1 07,03,0 08,02,0 08,02,1 P5
07,04,1 08,04,0 08,04,1 09,04,0 09,04,1 09,05,0 J6
08,03,0 08,03,1 09,02,1 09,03,0 10,02,0 L5
09,01,1 09,02,0 10,01,0 10,01,1 11,01,0 11,01,1 12,01,0 L7
11,02,1 12,00,1 12,01,1 12,02,0 13,00,0 13,00,1 13,01,0 J7
09,03,1 10,02,1 10,03,0 10,03,1 10,04,0 10,04,1 11,02,0 T7
12,02,1 13,01,1 13,02,0 13,02,1 13,03,0 13,03,1 P6
11,03,0 11,03,1 12,03,0 12,03,1 12,04,0 12,04,1 13,04,0 N7
10,05,1 10,06,0 10,06,1 11,04,0 11,04,1 11,05,0 S6
08,07,1 09,05,1 09,06,0 09,06,1 09,07,0 09,07,1 10,05,0 Q7
12,05,1 12,06,0 13,04,1 13,05,0 13,05,1 13,06,0 V6
10,07,0 10,07,1 11,05,1 11,06,0 11,06,1 11,07,0 12,05,0 S7
11,07,1 11,08,0 12,06,1 12,07,0 12,07,1 13,06,1 13,07,0 Z7
10,08,0 10,08,1 10,09,0 10,09,1 11,08,1 11,09,0 12,08,0 V7
05,09,1 06,09,0 06,09,1 06,10,0 07,08,1 07,09,0 07,09,1 X7
04,11,0 04,11,1 05,10,0 05,10,1 05,11,0 05,11,1 06,11,0 Y7
06,10,1 07,10,0 07,10,1 07,11,0 07,11,1 08,09,1 08,10,0 W7
08,08,0 08,08,1 08,09,0 09,08,0 T4
09,08,1 09,09,0 09,09,1 09,10,0 09,10,1 09,11,0 10,10,0 P7
05,12,1 06,11,1 06,12,0 06,12,1 06,13,0 07,12,0 X6
06,13,1 07,12,1 07,13,0 08,10,1 08,11,0 08,11,1 08,12,0 R7
04,12,0 04,12,1 04,13,0 04,13,1 05,12,0 05,13,0 05,13,1 U7

              ____________________________
             /    \          /       /\   \
            /      \        /   ____/  \   \
           /       /\  /\  /    \       \   \
          /_______/  \/  \/______\    ___\   \
         /    \          /        \  /   /   /\
        /___   \________/___    ___\/   /   /  \
       /    \   \          /   /\       \  /    \
      /___   \   \____    /___/  \____   \/   ___\
     /    \  /   /    \   \          /\  /   /    \
    /   ___\/___/___   \___\____    /  \/   /      \
   /    \   \  /   /   /   /\   \  /    \  /   /\   \
  /___   \   \/   /   /   /  \   \/______\/___/  \___\
 /    \  /    \  /\  /   /   /\   \      /    \       \
/      \/___   \/  \/   /   /  \   \    /___   \       \
\      /\   \  /    \   \   \  /   /   /   /   /\  /\  /
 \____/  \   \/___   \   \   \/   /   /   /   /  \/  \/
  \       \      /   /\   \  /   /\   \   \   \      /
   \    ___\    /___/  \___\/___/  \___\   \___\    /
    \   \   \   \       \          /   /   /    \  /
     \___\   \___\____   \________/   /___/   ___\/
      \      /       /\  /    \      /       /   /
       \____/_______/  \/___   \    /_______/   /
        \          /       /\   \   \   \      /
         \    ____/_______/  \___\___\   \    /
          \   \           \           \   \  /
           \___\___________\___________\   \/
            \          /            \      /
             \________/______________\____/

solution 7 (10,952 searches):
06,06,1 06,07,0 06,07,1 06,08,0 07,05,1 07,06,0 C6
07,06,1 07,07,0 D2
00,06,1 00,07,0 00,07,1 01,06,0 01,06,1 01,07,0 O6
00,08,0 00,08,1 00,09,0 00,09,1 01,07,1 01,08,0 01,09,0 A7
01,05,1 02,04,1 02,05,0 02,05,1 02,06,0 03,04,0 03,05,0 B7
00,10,0 00,10,1 01,09,1 01,10,0 C4
00,11,0 00,11,1 01,10,1 01,11,0 02,09,0 02,09,1 02,10,0 C7
00,12,0 00,12,1 00,13,0 00,13,1 01,12,0 01,12,1 01,13,0 D7
01,08,1 02,07,0 02,07,1 02,08,0 03,06,1 03,07,0 E6
02,06,1 03,05,1 03,06,0 04,04,1 04,05,0 04,05,1 05,04,0 E7
03,03,1 03,04,1 04,03,0 04,03,1 04,04,0 C5
04,06,0 04,06,1 04,07,0 05,05,0 05,05,1 05,06,0 F6
03,07,1 03,08,0 03,08,1 I3
02,08,1 T1
03,09,0 03,09,1 04,07,1 04,08,0 04,08,1 04,09,0 G6
01,11,1 02,11,0 02,11,1 02,12,0 03,11,0 03,11,1 03,12,0 F7
01,13,1 02,12,1 02,13,0 02,13,1 03,12,1 03,13,0 03,13,1 M7
02,10,1 03,10,0 03,10,1 04,09,1 04,10,0 04,10,1 05,09,0 H7
04,02,1 05,01,1 05,02,0 05,02,1 06,01,0 06,02,0 06,02,1 G7
05,03,0 05,03,1 06,03,0 06,03,1 I4
05,04,1 06,04,0 06,04,1 06,05,0 07,03,1 07,04,0 H6
06,00,1 07,00,0 07,00,1 08,00,0 08,00,1 I5
06,01,1 07,01,0 07,01,1 08,01,0 08,01,1 09,01,0 I6
09,00,0 09,00,1 10,00,0 10,00,1 11,00,0 11,00,1 12,00,0 I7
07,02,0 07,02,1 07,03,0 08,02,0 08,02,1 P5
07,04,1 08,04,0 08,04,1 09,04,0 09,04,1 09,05,0 J6
08,03,0 08,03,1 09,02,1 09,03,0 10,02,0 L5
09,01,1 09,02,0 10,01,0 10,01,1 11,01,0 11,01,1 12,01,0 L7
11,02,1 12,00,1 12,01,1 12,02,0 13,00,0 13,00,1 13,01,0 J7
09,03,1 10,02,1 10,03,0 10,03,1 10,04,0 10,04,1 11,02,0 T7
12,02,1 13,01,1 13,02,0 13,02,1 13,03,0 13,03,1 P6
11,03,0 11,03,1 12,03,0 12,03,1 12,04,0 12,04,1 13,04,0 N7
10,05,1 10,06,0 10,06,1 11,04,0 11,04,1 11,05,0 S6
08,07,1 09,05,1 09,06,0 09,06,1 09,07,0 09,07,1 10,05,0 Q7
11,05,1 12,05,0 12,05,1 12,06,0 12,06,1 13,04,1 13,05,0 W7
12,07,0 12,07,1 12,08,0 13,05,1 13,06,0 13,06,1 13,07,0 U7
10,07,0 10,07,1 10,08,0 10,08,1 11,06,0 11,06,1 11,07,0 Z7
09,09,1 10,09,0 10,09,1 11,07,1 11,08,0 11,08,1 11,09,0 V7
07,12,1 08,11,1 08,12,0 09,10,0 09,10,1 09,11,0 10,10,0 P7
05,13,0 05,13,1 06,12,0 06,12,1 06,13,0 06,13,1 07,13,0 Y7
04,12,0 04,12,1 04,13,0 04,13,1 05,12,0 05,12,1 V6
04,11,0 04,11,1 05,09,1 05,10,0 05,10,1 05,11,0 06,09,0 S7
06,09,1 07,08,1 07,09,0 08,08,0 08,08,1 09,08,0 09,08,1 R7
05,11,1 06,10,0 06,10,1 06,11,0 06,11,1 07,09,1 07,10,0 X7
07,10,1 08,09,0 08,09,1 08,10,0 08,10,1 09,09,0 X6
07,11,0 07,11,1 07,12,0 08,11,0 T4

              ____________________________
             /    \          /   /        \
            /      \        /   /___    ___\
           /       /\  /\  /       /   /\   \
          /_______/  \/  \/_______/___/  \   \
         /    \          /    \      /    \   \
        /___   \________/___   \    /______\   \
       /    \   \          /   /    \      /    \
      /___   \   \____    /   /___   \    /______\
     /    \  /   /    \   \   \   \  /    \       \
    /   ___\/___/___   \___\___\   \/______\____   \
   /    \   \  /   /   /   /\   \          /   /   /\
  /___   \   \/   /   /   /  \   \________/   /   /  \
 /    \  /    \  /\  /   /   /\   \      /    \  /    \
/      \/___   \/  \/   /   /  \   \    /___   \/___   \
\      /\   \  /    \   \   \  /   /   /   /   /   /   /
 \____/  \   \/___   \   \   \/   /   /   /___/   /   /
  \       \      /   /\   \  /   /\   \   \       \  /
   \    ___\    /___/  \___\/___/  \___\   \____   \/
    \   \   \   \       \          /   /   /    \  /
     \___\   \___\____   \________/   /___/   ___\/
      \      /       /\  /    \      /       /   /
       \____/_______/  \/___   \    /_______/   /
        \          /       /\   \   \   \      /
         \    ____/_______/  \___\___\   \    /
          \   \           \           \   \  /
           \___\___________\___________\   \/
            \          /            \      /
             \________/______________\____/

solution 8 (12,501 searches):
06,06,1 06,07,0 06,07,1 06,08,0 07,05,1 07,06,0 C6
07,06,1 07,07,0 D2
00,06,1 00,07,0 00,07,1 01,06,0 01,06,1 01,07,0 O6
00,08,0 00,08,1 00,09,0 00,09,1 01,07,1 01,08,0 01,09,0 A7
01,05,1 02,04,1 02,05,0 02,05,1 02,06,0 03,04,0 03,05,0 B7
00,10,0 00,10,1 01,09,1 01,10,0 C4
00,11,0 00,11,1 01,10,1 01,11,0 02,09,0 02,09,1 02,10,0 C7
00,12,0 00,12,1 00,13,0 00,13,1 01,12,0 01,12,1 01,13,0 D7
01,08,1 02,07,0 02,07,1 02,08,0 03,06,1 03,07,0 E6
02,06,1 03,05,1 03,06,0 04,04,1 04,05,0 04,05,1 05,04,0 E7
03,03,1 03,04,1 04,03,0 04,03,1 04,04,0 C5
04,06,0 04,06,1 04,07,0 05,05,0 05,05,1 05,06,0 F6
03,07,1 03,08,0 03,08,1 I3
02,08,1 T1
03,09,0 03,09,1 04,07,1 04,08,0 04,08,1 04,09,0 G6
01,11,1 02,11,0 02,11,1 02,12,0 03,11,0 03,11,1 03,12,0 F7
01,13,1 02,12,1 02,13,0 02,13,1 03,12,1 03,13,0 03,13,1 M7
02,10,1 03,10,0 03,10,1 04,09,1 04,10,0 04,10,1 05,09,0 H7
04,02,1 05,01,1 05,02,0 05,02,1 06,01,0 06,02,0 06,02,1 G7
05,03,0 05,03,1 06,03,0 06,03,1 I4
05,04,1 06,04,0 06,04,1 06,05,0 07,03,1 07,04,0 H6
06,00,1 07,00,0 07,00,1 08,00,0 08,00,1 I5
06,01,1 07,01,0 07,01,1 08,01,0 08,01,1 09,01,0 I6
09,00,0 09,00,1 10,00,0 10,00,1 11,00,0 11,00,1 12,00,0 I7
07,02,0 07,02,1 07,03,0 08,02,0 08,02,1 P5
07,04,1 08,04,0 08,04,1 09,04,0 09,04,1 09,05,0 J6
08,03,0 08,03,1 09,02,1 09,03,0 10,02,0 L5
09,01,1 09,02,0 10,01,0 10,01,1 11,01,0 11,01,1 12,01,0 L7
11,02,1 12,00,1 12,01,1 12,02,0 13,00,0 13,00,1 13,01,0 J7
09,03,1 10,02,1 10,03,0 10,03,1 10,04,0 10,04,1 11,02,0 T7
12,02,1 13,01,1 13,02,0 13,02,1 13,03,0 13,03,1 P6
11,03,0 11,03,1 12,03,0 12,03,1 12,04,0 12,04,1 13,04,0 N7
10,05,1 10,06,0 10,06,1 11,04,0 11,04,1 11,05,0 S6
08,07,1 09,05,1 09,06,0 09,06,1 09,07,0 09,07,1 10,05,0 Q7
11,05,1 12,05,0 12,05,1 12,06,0 12,06,1 13,04,1 13,05,0 W7
11,07,1 12,07,0 12,07,1 13,05,1 13,06,0 13,06,1 13,07,0 V7
10,07,0 10,07,1 10,08,0 10,08,1 11,06,0 11,06,1 11,07,0 Z7
09,09,1 10,09,0 10,09,1 11,08,0 11,08,1 11,09,0 12,08,0 U7
07,12,1 08,11,1 08,12,0 09,10,0 09,10,1 09,11,0 10,10,0 P7
05,13,0 05,13,1 06,12,0 06,12,1 06,13,0 06,13,1 07,13,0 Y7
04,12,0 04,12,1 04,13,0 04,13,1 05,12,0 05,12,1 V6
04,11,0 04,11,1 05,09,1 05,10,0 05,10,1 05,11,0 06,09,0 S7
06,09,1 07,08,1 07,09,0 08,08,0 08,08,1 09,08,0 09,08,1 R7
05,11,1 06,10,0 06,10,1 06,11,0 06,11,1 07,09,1 07,10,0 X7
07,10,1 08,09,0 08,09,1 08,10,0 08,10,1 09,09,0 X6
07,11,0 07,11,1 07,12,0 08,11,0 T4

              ____________________________
             /    \          /   /        \
            /      \        /   /___    ___\
           /       /\  /\  /       /   /\   \
          /_______/  \/  \/_______/___/  \   \
         /    \          /    \      /    \   \
        /___   \________/___   \    /______\   \
       /    \   \          /   /    \      /    \
      /___   \   \____    /   /___   \    /______\
     /    \  /   /    \   \   \   \  /    \       \
    /   ___\/___/___   \___\___\   \/______\____   \
   /    \   \  /   /   /   /\   \          /   /    \
  /___   \   \/   /   /   /  \   \________/   /______\
 /    \  /    \  /\  /   /   /\   \      /    \       \
/      \/___   \/  \/   /   /  \   \    /___   \____   \
\      /\   \  /    \   \   \  /   /   /   /   /   /   /
 \____/  \   \/___   \   \   \/   /   /   /___/   /   /
  \       \      /   /\   \  /   /\   \   \       \  /
   \    ___\    /___/  \___\/___/  \___\   \____   \/
    \   \   \   \       \          /   /   /    \  /
     \___\   \___\____   \________/   /___/   ___\/
      \      /       /\  /    \      /       /   /
       \____/_______/  \/___   \    /_______/   /
        \          /       /\   \   \   \      /
         \    ____/_______/  \___\___\   \    /
          \   \           \           \   \  /
           \___\___________\___________\   \/
            \          /            \      /
             \________/______________\____/

solution 9 (16,215 searches):
06,06,1 06,07,0 06,07,1 06,08,0 07,05,1 07,06,0 C6
07,06,1 07,07,0 D2
00,06,1 00,07,0 00,07,1 01,06,0 01,06,1 01,07,0 O6
00,08,0 00,08,1 00,09,0 00,09,1 01,07,1 01,08,0 01,09,0 A7
01,05,1 02,04,1 02,05,0 02,05,1 02,06,0 03,04,0 03,05,0 B7
00,10,0 00,10,1 01,09,1 01,10,0 C4
00,11,0 00,11,1 01,10,1 01,11,0 02,09,0 02,09,1 02,10,0 C7
00,12,0 00,12,1 00,13,0 00,13,1 01,12,0 01,12,1 01,13,0 D7
01,08,1 02,07,0 02,07,1 02,08,0 03,06,1 03,07,0 E6
02,06,1 03,05,1 03,06,0 04,04,1 04,05,0 04,05,1 05,04,0 E7
03,03,1 03,04,1 04,03,0 04,03,1 04,04,0 C5
04,06,0 04,06,1 04,07,0 05,05,0 05,05,1 05,06,0 F6
03,07,1 03,08,0 03,08,1 I3
02,08,1 T1
03,09,0 03,09,1 04,07,1 04,08,0 04,08,1 04,09,0 G6
01,11,1 02,11,0 02,11,1 02,12,0 03,11,0 03,11,1 03,12,0 F7
01,13,1 02,12,1 02,13,0 02,13,1 03,12,1 03,13,0 03,13,1 M7
02,10,1 03,10,0 03,10,1 04,09,1 04,10,0 04,10,1 05,09,0 H7
04,02,1 05,01,1 05,02,0 05,02,1 06,01,0 06,02,0 06,02,1 G7
05,03,0 05,03,1 06,03,0 06,03,1 I4
05,04,1 06,04,0 06,04,1 06,05,0 07,03,1 07,04,0 H6
06,00,1 07,00,0 07,00,1 08,00,0 08,00,1 I5
06,01,1 07,01,0 07,01,1 08,01,0 08,01,1 09,01,0 I6
09,00,0 09,00,1 10,00,0 10,00,1 11,00,0 11,00,1 12,00,0 I7
07,02,0 07,02,1 07,03,0 08,02,0 08,02,1 P5
07,04,1 08,04,0 08,04,1 09,04,0 09,04,1 09,05,0 J6
08,03,0 08,03,1 09,02,1 09,03,0 10,02,0 L5
09,01,1 09,02,0 10,01,0 10,01,1 11,01,0 11,01,1 12,01,0 L7
11,02,1 12,00,1 12,01,1 12,02,0 13,00,0 13,00,1 13,01,0 J7
09,03,1 10,02,1 10,03,0 10,03,1 10,04,0 10,04,1 11,02,0 T7
12,02,1 13,01,1 13,02,0 13,02,1 13,03,0 13,03,1 P6
11,03,0 11,03,1 12,03,0 12,03,1 12,04,0 12,04,1 13,04,0 N7
10,05,1 10,06,0 10,06,1 11,04,0 11,04,1 11,05,0 S6
08,07,1 09,05,1 09,06,0 09,06,1 09,07,0 09,07,1 10,05,0 Q7
11,05,1 11,06,0 12,05,0 12,05,1 12,06,0 13,04,1 13,05,0 Z7
12,06,1 12,07,1 12,08,0 13,05,1 13,06,0 13,06,1 13,07,0 U7
10,07,0 10,07,1 11,06,1 11,07,0 11,07,1 11,08,0 12,07,0 X7
10,08,1 10,09,0 10,09,1 10,10,0 11,08,1 11,09,0 V6
08,09,1 09,08,0 09,08,1 09,09,0 09,09,1 10,08,0 X6
07,09,1 07,10,0 07,10,1 08,08,0 08,08,1 08,09,0 08,10,0 S7
05,09,1 06,09,0 06,09,1 06,10,0 06,10,1 07,08,1 07,09,0 W7
07,12,0 07,12,1 07,13,0 08,11,1 08,12,0 09,10,1 09,11,0 P7
06,11,0 06,11,1 07,11,0 07,11,1 08,10,1 08,11,0 09,10,0 R7
04,11,0 04,11,1 05,10,0 05,10,1 05,11,0 05,11,1 05,12,0 Y7
04,12,0 04,12,1 04,13,0 04,13,1 05,12,1 05,13,0 06,12,0 V7
05,13,1 06,12,1 06,13,0 06,13,1 T4

              ____________________________
             /    \          /    \      /\
            /      \        /      \    /  \
           /       /\  /\  /   /\   \  /    \
          /_______/  \/  \/___/  \___\/___   \
         /    \          /       /        \   \
        /___   \________/___    /_______   \   \
       /    \   \          /   /   /    \   \  /\
      /___   \   \____    /___/   /   ___\___\/  \
     /    \  /   /    \   \       \   \      /    \
    /   ___\/___/___   \___\____   \   \    /      \
   /    \   \  /   /   /   /\   \  /   /    \  /\  /\
  /___   \   \/   /   /   /  \   \/___/______\/  \/  \
 /    \  /    \  /\  /   /   /\   \      /        \   \
/      \/___   \/  \/   /   /  \   \    /___    ___\   \
\      /\   \  /    \   \   \  /   /   /   /\  /\      /
 \____/  \   \/___   \   \   \/   /   /   /  \/  \    /
  \       \      /   /\   \  /   /\   \   \       \  /
   \    ___\    /___/  \___\/___/  \___\   \____   \/
    \   \   \   \       \          /   /   /    \  /
     \___\   \___\____   \________/   /___/   ___\/
      \      /       /\  /    \      /       /   /
       \____/_______/  \/___   \    /_______/   /
        \          /       /\   \   \   \      /
         \    ____/_______/  \___\___\   \    /
          \   \           \           \   \  /
           \___\___________\___________\   \/
            \          /            \      /
             \________/______________\____/

solution 10 (24,495 searches):
06,06,1 06,07,0 06,07,1 06,08,0 07,05,1 07,06,0 C6
07,06,1 07,07,0 D2
00,06,1 00,07,0 00,07,1 01,06,0 01,06,1 01,07,0 O6
00,08,0 00,08,1 00,09,0 00,09,1 01,07,1 01,08,0 01,09,0 A7
01,05,1 02,04,1 02,05,0 02,05,1 02,06,0 03,04,0 03,05,0 B7
00,10,0 00,10,1 01,09,1 01,10,0 C4
00,11,0 00,11,1 01,10,1 01,11,0 02,09,0 02,09,1 02,10,0 C7
00,12,0 00,12,1 00,13,0 00,13,1 01,12,0 01,12,1 01,13,0 D7
01,08,1 02,07,0 02,07,1 02,08,0 03,06,1 03,07,0 E6
02,06,1 03,05,1 03,06,0 04,04,1 04,05,0 04,05,1 05,04,0 E7
03,03,1 03,04,1 04,03,0 04,03,1 04,04,0 C5
04,06,0 04,06,1 04,07,0 05,05,0 05,05,1 05,06,0 F6
03,07,1 03,08,0 03,08,1 I3
02,08,1 T1
03,09,0 03,09,1 04,07,1 04,08,0 04,08,1 04,09,0 G6
01,11,1 02,11,0 02,11,1 02,12,0 03,11,0 03,11,1 03,12,0 F7
01,13,1 02,12,1 02,13,0 02,13,1 03,12,1 03,13,0 03,13,1 M7
02,10,1 03,10,0 03,10,1 04,09,1 04,10,0 04,10,1 05,09,0 H7
04,02,1 05,01,1 05,02,0 05,02,1 06,01,0 06,02,0 06,02,1 G7
05,03,0 05,03,1 06,03,0 06,03,1 I4
05,04,1 06,04,0 06,04,1 06,05,0 07,03,1 07,04,0 H6
06,00,1 07,00,0 07,00,1 08,00,0 08,00,1 I5
06,01,1 07,01,0 07,01,1 08,01,0 08,01,1 09,01,0 I6
09,00,0 09,00,1 10,00,0 10,00,1 11,00,0 11,00,1 12,00,0 I7
07,02,0 07,02,1 07,03,0 08,02,0 08,02,1 P5
07,04,1 08,04,0 08,04,1 09,04,0 09,04,1 09,05,0 J6
08,03,0 08,03,1 09,02,1 09,03,0 10,02,0 L5
09,01,1 09,02,0 10,01,0 10,01,1 11,01,0 11,01,1 12,01,0 L7
11,02,1 12,00,1 12,01,1 12,02,0 13,00,0 13,00,1 13,01,0 J7
09,03,1 10,02,1 10,03,0 10,03,1 10,04,0 10,04,1 11,02,0 T7
12,02,1 13,01,1 13,02,0 13,02,1 13,03,0 13,03,1 P6
11,03,0 11,03,1 12,03,0 12,03,1 12,04,0 12,04,1 13,04,0 N7
10,05,1 10,06,0 10,06,1 11,04,0 11,04,1 11,05,0 11,06,0 S7
08,07,1 09,05,1 09,06,0 09,06,1 09,07,0 09,07,1 10,05,0 Q7
11,05,1 11,06,1 12,05,0 12,05,1 12,06,0 13,04,1 13,05,0 Y7
12,06,1 12,07,1 12,08,0 13,05,1 13,06,0 13,06,1 13,07,0 U7
10,08,1 10,09,1 11,07,1 11,08,0 11,08,1 11,09,0 12,07,0 Z7
10,07,0 10,07,1 10,08,0 11,07,0 T4
05,09,1 05,10,0 06,09,0 06,09,1 07,08,1 07,09,0 S6
06,10,1 07,09,1 07,10,0 08,08,0 08,08,1 08,09,0 09,08,0 P7
04,11,0 04,11,1 05,10,1 05,11,0 05,11,1 05,12,0 06,10,0 W7
04,12,0 04,12,1 04,13,0 04,13,1 05,13,0 05,13,1 06,13,0 R7
06,12,1 06,13,1 07,12,0 07,12,1 07,13,0 08,12,0 V6
05,12,1 06,11,0 06,11,1 06,12,0 07,10,1 07,11,0 07,11,1 X7
08,10,0 08,10,1 08,11,0 08,11,1 09,10,1 09,11,0 10,10,0 V7
08,09,1 09,08,1 09,09,0 09,09,1 09,10,0 10,09,0 X6

              ____________________________
             /    \          /        \   \
            /      \        /   _______\   \
           /       /\  /\  /   /\   \       \
          /_______/  \/  \/___/  \   \_______\
         /    \          /       /       /    \
        /___   \________/___    /___    /      \
       /    \   \          /\   \   \  /   /\   \
      /___   \   \____    /  \___\   \/___/  \___\
     /    \  /   /    \   \       \   \       \   \
    /   ___\/___/___   \___\____   \   \    ___\   \
   /    \   \  /   /   /   /\   \  /    \  /\      /\
  /___   \   \/   /   /   /  \   \/______\/  \    /  \
 /    \  /    \  /\  /   /   /\   \      /    \   \   \
/      \/___   \/  \/   /   /  \   \    /______\___\   \
\      /\   \  /    \   \   \  /   /   /    \   \      /
 \____/  \   \/___   \   \   \/   /   /   ___\   \    /
  \       \      /   /\   \  /   /\   \   \       \  /
   \    ___\    /___/  \___\/___/  \___\   \____   \/
    \   \   \   \       \          /   /   /    \  /
     \___\   \___\____   \________/   /___/   ___\/
      \      /       /\  /    \      /       /   /
       \____/_______/  \/___   \    /_______/   /
        \          /       /\   \   \   \      /
         \    ____/_______/  \___\___\   \    /
          \   \           \           \   \  /
           \___\___________\___________\   \/
            \          /            \      /
             \________/______________\____/

User-requested solution limit reached.
10 solutions, 24,495 searches, duration 0:00:13.358629
