solving Polyiamonds123456Butterfly8x5:

solution 1 (1,217 searches):
00,9,1 01,8,1 01,9,0 02,8,0 02,8,1 03,8,0 C6
01,9,1 02,9,0 D2
06,8,1 06,9,0 06,9,1 07,8,1 07,9,0 07,9,1 F6
06,7,1 07,7,0 07,7,1 07,8,0 C4
02,7,1 03,6,1 03,7,0 04,6,0 04,6,1 04,7,0 G6
03,7,1 T1
02,9,1 03,9,0 03,9,1 I3
05,0,0 05,0,1 05,1,0 05,1,1 I4
05,7,1 05,8,0 05,8,1 05,9,0 05,9,1 06,8,0 E6
03,8,1 04,8,0 04,8,1 04,9,0 04,9,1 L5
04,7,1 05,6,1 05,7,0 06,5,1 06,6,0 I5
06,6,1 06,7,0 07,5,0 07,5,1 07,6,0 07,6,1 H6
09,2,1 10,1,1 10,2,0 11,0,1 11,1,0 12,0,0 I6
09,1,1 09,2,0 10,0,0 10,0,1 10,1,0 11,0,0 P6
06,0,0 06,0,1 06,1,0 06,1,1 07,0,0 07,0,1 V6
05,2,0 05,2,1 05,3,0 06,2,0 T4
04,5,1 05,4,1 05,5,0 05,5,1 05,6,0 06,5,0 X6
05,3,1 05,4,0 06,2,1 06,3,0 07,2,0 07,2,1 J6
07,4,1 08,3,0 08,3,1 08,4,0 09,3,0 P5
07,1,0 07,1,1 08,0,0 08,0,1 08,1,0 C5
06,3,1 06,4,0 06,4,1 07,3,0 07,3,1 07,4,0 O6
08,1,1 08,2,0 08,2,1 09,0,0 09,0,1 09,1,0 S6

________________________________
\   \   \      /   /   /       /
 \   \___\____/   /   /       /
  \       \      /    \  /\  /
   \_______\____/   ___\/  \/
    \   \  /\   \  /\      /
     \   \/  \   \/  \____/
      \      /\   \      /
       \____/  \   \    /
        \       \  /   /
         \    ___\/___/
         /\  /    \   \
        /  \/      \   \
       /\   \      /    \
      /  \   \____/______\
     /    \      /   /\   \
    /______\____/   /  \   \
   /   /   /    \   \   \   \
  /   /   /___   \   \   \   \
 /   /       /   /   /    \   \
/___/_______/___/___/______\___\

solution 2 (1,435 searches):
00,9,1 01,8,1 01,9,0 02,8,0 02,8,1 03,8,0 C6
01,9,1 02,9,0 D2
06,8,1 06,9,0 06,9,1 07,8,1 07,9,0 07,9,1 F6
06,7,1 07,7,0 07,7,1 07,8,0 C4
02,7,1 03,6,1 03,7,0 04,6,0 04,6,1 04,7,0 G6
03,7,1 T1
02,9,1 03,9,0 03,9,1 I3
05,0,0 05,0,1 05,1,0 05,1,1 I4
05,7,1 05,8,0 05,8,1 05,9,0 05,9,1 06,8,0 E6
03,8,1 04,8,0 04,8,1 04,9,0 04,9,1 L5
04,7,1 05,6,1 05,7,0 06,5,1 06,6,0 I5
06,6,1 06,7,0 07,5,0 07,5,1 07,6,0 07,6,1 H6
09,2,1 10,1,1 10,2,0 11,0,1 11,1,0 12,0,0 I6
10,0,0 10,0,1 10,1,0 11,0,0 T4
06,0,0 06,0,1 06,1,0 06,1,1 07,0,0 07,0,1 V6
05,2,0 05,2,1 05,3,0 05,3,1 05,4,0 06,2,0 P6
04,5,1 05,4,1 05,5,0 05,5,1 05,6,0 06,5,0 X6
07,4,1 08,3,0 08,3,1 08,4,0 09,3,0 P5
07,1,0 07,1,1 08,0,0 08,0,1 08,1,0 C5
06,3,1 06,4,0 06,4,1 07,3,0 07,3,1 07,4,0 O6
06,2,1 06,3,0 07,2,0 07,2,1 08,1,1 08,2,0 S6
08,2,1 09,0,0 09,0,1 09,1,0 09,1,1 09,2,0 J6

________________________________
\   \   \      /   /   /       /
 \   \___\____/   /   /       /
  \       \      /    \  /\  /
   \_______\____/   ___\/  \/
    \   \  /\   \  /\      /
     \   \/  \   \/  \____/
      \      /\   \      /
       \____/  \   \    /
        \       \  /   /
         \    ___\/___/
         /\  /    \   \
        /  \/      \   \
       /   /\      /    \
      /   /  \____/______\
     /    \       \   \   \
    /______\____   \   \   \
   /   /   /    \  /   /\   \
  /   /   /___   \/   /  \   \
 /   /       /   /   /    \   \
/___/_______/___/___/______\___\

solution 3 (3,900 searches):
00,9,1 01,8,1 01,9,0 02,8,0 02,8,1 03,8,0 C6
01,9,1 02,9,0 D2
06,8,1 06,9,0 06,9,1 07,8,1 07,9,0 07,9,1 F6
06,7,1 07,7,0 07,7,1 07,8,0 C4
02,7,1 03,6,1 03,7,0 04,6,0 04,6,1 04,7,0 G6
03,7,1 T1
02,9,1 03,9,0 03,9,1 I3
05,0,0 05,0,1 05,1,0 05,1,1 I4
05,7,1 05,8,0 05,8,1 05,9,0 05,9,1 06,8,0 E6
03,8,1 04,8,0 04,8,1 04,9,0 04,9,1 L5
04,7,1 05,6,1 05,7,0 06,5,1 06,6,0 I5
06,6,1 06,7,0 07,5,0 07,5,1 07,6,0 07,6,1 H6
11,0,0 11,0,1 11,1,0 12,0,0 T4
06,0,0 06,0,1 06,1,0 07,0,0 07,0,1 P5
05,5,1 05,6,0 06,4,0 06,4,1 06,5,0 07,4,0 P6
04,5,1 05,3,0 05,3,1 05,4,0 05,4,1 05,5,0 J6
05,2,0 05,2,1 06,1,1 06,2,0 07,1,0 07,1,1 S6
07,3,1 07,4,1 08,3,0 08,3,1 08,4,0 09,3,0 V6
08,0,0 08,0,1 09,0,0 09,0,1 10,0,0 10,0,1 I6
07,2,1 08,1,0 08,1,1 08,2,0 08,2,1 09,1,0 X6
09,1,1 09,2,0 09,2,1 10,1,0 10,1,1 10,2,0 O6
06,2,1 06,3,0 06,3,1 07,2,0 07,3,0 C5

________________________________
\   \   \      /   /   /       /
 \   \___\____/   /   /       /
  \       \      /    \  /\  /
   \_______\____/   ___\/  \/
    \   \  /\   \  /\      /
     \   \/  \   \/  \____/
      \      /\   \      /
       \____/  \   \    /
        \   \   \  /   /
         \   \   \/___/
         /   /    \   \
        /   /______\   \
       /   /    \       \
      /___/   ___\_______\
     /    \   \      /    \
    /___   \___\    /      \
   /   /\      /    \      /\
  /   /  \____/______\____/  \
 /   /       /           /    \
/___/_______/___________/______\

solution 4 (4,447 searches):
00,9,1 01,8,1 01,9,0 02,8,0 02,8,1 03,8,0 C6
01,9,1 02,9,0 D2
06,8,1 06,9,0 06,9,1 07,8,1 07,9,0 07,9,1 F6
06,7,1 07,7,0 07,7,1 07,8,0 C4
02,7,1 03,6,1 03,7,0 04,6,0 04,6,1 04,7,0 G6
03,7,1 T1
02,9,1 03,9,0 03,9,1 I3
05,0,0 05,0,1 05,1,0 05,1,1 I4
05,7,1 05,8,0 05,8,1 05,9,0 05,9,1 06,8,0 E6
03,8,1 04,8,0 04,8,1 04,9,0 04,9,1 L5
04,7,1 05,6,1 05,7,0 06,5,1 06,6,0 I5
06,6,1 06,7,0 07,5,0 07,5,1 07,6,0 07,6,1 H6
11,0,0 11,0,1 11,1,0 12,0,0 T4
06,0,0 06,0,1 06,1,0 06,1,1 07,0,0 07,0,1 V6
05,2,0 05,2,1 05,3,0 05,3,1 05,4,0 06,2,0 P6
04,5,1 05,4,1 05,5,0 06,3,1 06,4,0 07,3,0 I6
05,5,1 05,6,0 06,4,1 06,5,0 07,4,0 07,4,1 J6
06,2,1 06,3,0 07,2,0 07,2,1 08,1,1 08,2,0 S6
07,1,0 07,1,1 08,0,0 08,0,1 08,1,0 C5
09,0,0 09,0,1 09,1,0 10,0,0 10,0,1 P5
07,3,1 08,2,1 08,3,0 08,3,1 08,4,0 09,3,0 X6
09,1,1 09,2,0 09,2,1 10,1,0 10,1,1 10,2,0 O6

________________________________
\   \   \      /   /   /       /
 \   \___\____/   /   /       /
  \       \      /    \  /\  /
   \_______\____/   ___\/  \/
    \   \  /\   \  /\      /
     \   \/  \   \/  \____/
      \      /\   \      /
       \____/  \   \    /
        \   \   \  /   /
         \   \   \/___/
         /\   \      /\
        /  \   \____/  \
       /   /\   \       \
      /   /  \___\    ___\
     /    \       \  /    \
    /______\____   \/      \
   /   /   /    \  /\      /\
  /   /   /___   \/  \____/  \
 /   /       /   /       /    \
/___/_______/___/_______/______\

solution 5 (4,499 searches):
00,9,1 01,8,1 01,9,0 02,8,0 02,8,1 03,8,0 C6
01,9,1 02,9,0 D2
06,8,1 06,9,0 06,9,1 07,8,1 07,9,0 07,9,1 F6
06,7,1 07,7,0 07,7,1 07,8,0 C4
02,7,1 03,6,1 03,7,0 04,6,0 04,6,1 04,7,0 G6
03,7,1 T1
02,9,1 03,9,0 03,9,1 I3
05,0,0 05,0,1 05,1,0 05,1,1 I4
05,7,1 05,8,0 05,8,1 05,9,0 05,9,1 06,8,0 E6
03,8,1 04,8,0 04,8,1 04,9,0 04,9,1 L5
04,7,1 05,6,1 05,7,0 06,5,1 06,6,0 I5
06,6,1 06,7,0 07,5,0 07,5,1 07,6,0 07,6,1 H6
11,0,0 11,0,1 11,1,0 12,0,0 T4
06,0,0 06,0,1 06,1,0 06,1,1 07,0,0 07,0,1 V6
05,2,0 05,2,1 05,3,0 05,3,1 05,4,0 06,2,0 P6
04,5,1 05,4,1 05,5,0 05,5,1 05,6,0 06,5,0 X6
07,1,0 07,1,1 08,0,0 08,0,1 08,1,0 C5
09,0,0 09,0,1 09,1,0 10,0,0 10,0,1 P5
06,3,1 06,4,0 06,4,1 07,3,0 07,3,1 07,4,0 O6
06,2,1 06,3,0 07,2,0 07,2,1 08,1,1 08,2,0 S6
07,4,1 08,3,1 08,4,0 09,2,1 09,3,0 10,2,0 I6
08,2,1 08,3,0 09,1,1 09,2,0 10,1,0 10,1,1 J6

________________________________
\   \   \      /   /   /       /
 \   \___\____/   /   /       /
  \       \      /    \  /\  /
   \_______\____/   ___\/  \/
    \   \  /\   \  /\      /
     \   \/  \   \/  \____/
      \      /\   \      /
       \____/  \   \    /
        \       \  /   /
         \    ___\/___/
         /\  /    \   \
        /  \/      \   \
       /   /\      /\   \
      /   /  \____/  \   \
     /    \       \   \   \
    /______\____   \   \___\
   /   /   /    \  /\      /\
  /   /   /___   \/  \____/  \
 /   /       /   /       /    \
/___/_______/___/_______/______\

solution 6 (4,667 searches):
00,9,1 01,8,1 01,9,0 02,8,0 02,8,1 03,8,0 C6
01,9,1 02,9,0 D2
06,8,1 06,9,0 06,9,1 07,8,1 07,9,0 07,9,1 F6
06,7,1 07,7,0 07,7,1 07,8,0 C4
02,7,1 03,6,1 03,7,0 04,6,0 04,6,1 04,7,0 G6
03,7,1 T1
02,9,1 03,9,0 03,9,1 I3
05,0,0 05,0,1 05,1,0 05,1,1 I4
05,7,1 05,8,0 05,8,1 05,9,0 05,9,1 06,8,0 E6
03,8,1 04,8,0 04,8,1 04,9,0 04,9,1 L5
04,7,1 05,6,1 05,7,0 06,5,1 06,6,0 I5
06,6,1 06,7,0 07,5,0 07,5,1 07,6,0 07,6,1 H6
11,0,0 11,0,1 11,1,0 12,0,0 T4
06,0,0 06,0,1 06,1,0 06,1,1 07,0,0 07,0,1 V6
05,2,0 05,2,1 05,3,0 06,2,0 06,2,1 07,2,0 P6
07,1,0 07,1,1 08,0,0 08,0,1 08,1,0 C5
05,5,1 05,6,0 06,4,1 06,5,0 07,4,0 07,4,1 J6
04,5,1 05,3,1 05,4,0 05,4,1 05,5,0 06,3,0 S6
06,3,1 06,4,0 07,2,1 07,3,0 08,1,1 08,2,0 I6
09,0,0 09,0,1 09,1,0 10,0,0 10,0,1 P5
07,3,1 08,2,1 08,3,0 08,3,1 08,4,0 09,3,0 X6
09,1,1 09,2,0 09,2,1 10,1,0 10,1,1 10,2,0 O6

________________________________
\   \   \      /   /   /       /
 \   \___\____/   /   /       /
  \       \      /    \  /\  /
   \_______\____/   ___\/  \/
    \   \  /\   \  /\      /
     \   \/  \   \/  \____/
      \      /\   \      /
       \____/  \   \    /
        \   \   \  /   /
         \   \   \/___/
         /   /\      /\
        /   /  \____/  \
       /\   \   \       \
      /  \___\   \    ___\
     /        \   \  /    \
    /__________\   \/      \
   /   /   /    \  /\      /\
  /   /   /___   \/  \____/  \
 /   /       /   /       /    \
/___/_______/___/_______/______\

solution 7 (6,093 searches):
00,9,1 01,8,1 01,9,0 02,8,0 02,8,1 03,8,0 C6
01,9,1 02,9,0 D2
06,8,1 06,9,0 06,9,1 07,8,1 07,9,0 07,9,1 F6
06,7,1 07,7,0 07,7,1 07,8,0 C4
02,7,1 03,6,1 03,7,0 04,6,0 04,6,1 04,7,0 G6
03,7,1 T1
02,9,1 03,9,0 03,9,1 I3
05,0,0 05,0,1 05,1,0 05,1,1 I4
05,7,1 05,8,0 05,8,1 05,9,0 05,9,1 06,8,0 E6
03,8,1 04,8,0 04,8,1 04,9,0 04,9,1 L5
04,7,1 05,6,1 05,7,0 06,5,0 06,5,1 06,6,0 J6
06,6,1 06,7,0 07,5,0 07,5,1 07,6,0 07,6,1 H6
04,5,1 05,4,1 05,5,0 05,5,1 05,6,0 P5
06,0,0 06,0,1 07,0,0 07,0,1 08,0,0 I5
11,0,0 11,0,1 11,1,0 12,0,0 T4
05,2,0 05,2,1 06,1,0 06,1,1 06,2,0 C5
05,3,0 05,3,1 05,4,0 06,2,1 06,3,0 07,2,0 P6
07,1,0 07,1,1 08,0,1 08,1,0 09,0,0 09,0,1 S6
09,1,0 09,1,1 10,0,0 10,0,1 10,1,0 10,1,1 V6
06,3,1 06,4,0 06,4,1 07,3,0 07,3,1 07,4,0 O6
07,2,1 08,1,1 08,2,0 08,2,1 08,3,0 09,2,0 X6
07,4,1 08,3,1 08,4,0 09,2,1 09,3,0 10,2,0 I6

________________________________
\   \   \      /   /   /       /
 \   \___\____/   /   /       /
  \       \      /    \  /\  /
   \_______\____/   ___\/  \/
    \   \  /\   \  /\      /
     \   \/  \   \/  \____/
      \      /\   \      /
       \____/  \   \    /
        \      /   /   /
         \    /___/___/
         /\  /    \   \
        /  \/      \   \
       /    \      /\   \
      /___   \____/  \   \
     /    \   \       \   \
    /___   \___\    ___\___\
   /   /   /    \  /       /\
  /   /___/___   \/___    /  \
 /   /        \      /   /    \
/___/__________\____/___/______\

solution 8 (11,654 searches):
00,9,1 01,8,1 01,9,0 02,8,0 02,8,1 03,8,0 C6
01,9,1 02,9,0 D2
06,8,1 06,9,0 06,9,1 07,8,1 07,9,0 07,9,1 F6
06,7,1 07,7,0 07,7,1 07,8,0 C4
02,7,1 03,6,1 03,7,0 04,6,0 04,6,1 04,7,0 G6
03,7,1 T1
02,9,1 03,9,0 03,9,1 I3
05,0,0 05,0,1 05,1,0 05,1,1 I4
05,7,1 05,8,0 05,8,1 05,9,0 05,9,1 06,8,0 E6
03,8,1 04,8,0 04,8,1 04,9,0 04,9,1 L5
04,7,1 05,6,0 05,6,1 05,7,0 06,6,0 P5
06,6,1 06,7,0 07,5,0 07,5,1 07,6,0 07,6,1 H6
09,2,1 10,1,1 10,2,0 11,0,1 11,1,0 12,0,0 I6
09,0,0 09,0,1 10,0,0 10,0,1 10,1,0 11,0,0 P6
06,0,0 06,0,1 07,0,0 07,0,1 08,0,0 I5
04,5,1 05,3,1 05,4,0 05,4,1 05,5,0 06,3,0 S6
05,5,1 06,4,0 06,4,1 06,5,0 06,5,1 07,4,0 X6
05,2,0 05,2,1 05,3,0 06,2,0 T4
06,1,0 06,1,1 07,1,0 07,1,1 08,0,1 08,1,0 J6
08,1,1 08,2,0 08,2,1 09,1,0 09,1,1 09,2,0 O6
07,3,1 07,4,1 08,3,0 08,3,1 08,4,0 09,3,0 V6
06,2,1 06,3,1 07,2,0 07,2,1 07,3,0 C5

________________________________
\   \   \      /   /   /       /
 \   \___\____/   /   /       /
  \       \      /    \  /\  /
   \_______\____/   ___\/  \/
    \   \  /\   \  /\      /
     \   \/  \   \/  \____/
      \      /    \      /
       \____/______\    /
        \   \      /   /
         \   \    /___/
         /   /    \   \
        /   /______\   \
       /\   \   \       \
      /  \___\   \_______\
     /    \      /    \   \
    /______\____/      \   \
   /   /        \      /\   \
  /   /_______   \____/  \   \
 /   /        \  /        \   \
/___/__________\/__________\___\

solution 9 (11,959 searches):
00,9,1 01,8,1 01,9,0 02,8,0 02,8,1 03,8,0 C6
01,9,1 02,9,0 D2
06,8,1 06,9,0 06,9,1 07,8,1 07,9,0 07,9,1 F6
06,7,1 07,7,0 07,7,1 07,8,0 C4
02,7,1 03,6,1 03,7,0 04,6,0 04,6,1 04,7,0 G6
03,7,1 T1
02,9,1 03,9,0 03,9,1 I3
05,0,0 05,0,1 05,1,0 05,1,1 I4
05,7,1 05,8,0 05,8,1 05,9,0 05,9,1 06,8,0 E6
03,8,1 04,8,0 04,8,1 04,9,0 04,9,1 L5
04,7,1 05,6,0 05,6,1 05,7,0 06,6,0 P5
06,6,1 06,7,0 07,5,0 07,5,1 07,6,0 07,6,1 H6
09,2,1 10,1,1 10,2,0 11,0,1 11,1,0 12,0,0 I6
09,1,1 09,2,0 10,0,0 10,0,1 10,1,0 11,0,0 P6
06,0,0 06,0,1 06,1,0 07,0,0 T4
07,3,1 07,4,1 08,3,0 08,3,1 08,4,0 09,3,0 V6
04,5,1 05,5,0 05,5,1 06,5,0 06,5,1 I5
05,2,0 05,2,1 05,3,0 06,1,1 06,2,0 06,2,1 X6
05,3,1 05,4,0 05,4,1 06,4,0 06,4,1 07,4,0 J6
06,3,0 06,3,1 07,2,0 07,2,1 07,3,0 C5
08,1,1 08,2,0 08,2,1 09,0,0 09,0,1 09,1,0 S6
07,0,1 07,1,0 07,1,1 08,0,0 08,0,1 08,1,0 O6

________________________________
\   \   \      /   /   /       /
 \   \___\____/   /   /       /
  \       \      /    \  /\  /
   \_______\____/   ___\/  \/
    \   \  /\   \  /\      /
     \   \/  \   \/  \____/
      \      /    \      /
       \____/______\    /
        \          /   /
         \________/___/
         /        \   \
        /   _______\   \
       /\  /    \       \
      /  \/___   \_______\
     /       /   /   /\   \
    /___    /___/   /  \   \
   /   /\  /    \   \   \   \
  /   /  \/      \   \   \   \
 /   /    \      /   /    \   \
/___/______\____/___/______\___\

solution 10 (12,241 searches):
00,9,1 01,8,1 01,9,0 02,8,0 02,8,1 03,8,0 C6
01,9,1 02,9,0 D2
06,8,1 06,9,0 06,9,1 07,8,1 07,9,0 07,9,1 F6
06,7,1 07,7,0 07,7,1 07,8,0 C4
02,7,1 03,6,1 03,7,0 04,6,0 04,6,1 04,7,0 G6
03,7,1 T1
02,9,1 03,9,0 03,9,1 I3
05,0,0 05,0,1 05,1,0 05,1,1 I4
05,7,1 05,8,0 05,8,1 05,9,0 05,9,1 06,8,0 E6
03,8,1 04,8,0 04,8,1 04,9,0 04,9,1 L5
04,7,1 05,6,0 05,6,1 05,7,0 06,6,0 P5
06,6,1 06,7,0 07,5,0 07,5,1 07,6,0 07,6,1 H6
09,2,1 10,1,1 10,2,0 11,0,1 11,1,0 12,0,0 I6
10,0,0 10,0,1 10,1,0 11,0,0 T4
06,0,0 06,0,1 06,1,0 07,0,0 07,0,1 08,0,0 P6
05,2,0 05,2,1 05,3,0 06,1,1 06,2,0 06,2,1 X6
04,5,1 05,5,0 05,5,1 06,5,0 06,5,1 I5
07,1,0 07,1,1 08,0,1 08,1,0 09,0,0 09,0,1 S6
08,1,1 08,2,0 08,2,1 09,1,0 09,1,1 09,2,0 O6
07,3,1 07,4,1 08,3,0 08,3,1 08,4,0 09,3,0 V6
05,3,1 05,4,0 05,4,1 06,4,0 06,4,1 07,4,0 J6
06,3,0 06,3,1 07,2,0 07,2,1 07,3,0 C5

________________________________
\   \   \      /   /   /       /
 \   \___\____/   /   /       /
  \       \      /    \  /\  /
   \_______\____/   ___\/  \/
    \   \  /\   \  /\      /
     \   \/  \   \/  \____/
      \      /    \      /
       \____/______\    /
        \          /   /
         \________/___/
         /        \   \
        /   _______\   \
       /\  /    \       \
      /  \/___   \_______\
     /       /   /    \   \
    /___    /___/      \   \
   /   /\  /    \      /\   \
  /   /  \/___   \____/  \   \
 /   /        \      /    \   \
/___/__________\____/______\___\

User-requested solution limit reached.
10 solutions, 12,241 searches, duration 0:00:02.929719
