solving Polyiamonds1234567Hexagon5:

solution 1 (33,602 searches):
00,06,1 00,07,0 00,07,1 01,06,0 01,06,1 01,07,0 O6
00,08,0 00,08,1 00,09,0 00,09,1 01,07,1 01,08,0 01,09,0 A7
01,05,1 02,04,1 02,05,0 02,05,1 02,06,0 03,04,0 03,05,0 B7
00,10,0 00,10,1 01,09,1 01,10,0 C4
00,11,0 00,11,1 00,12,0 00,12,1 01,12,0 01,12,1 C6
00,13,0 00,13,1 D2
01,13,0 01,13,1 02,12,0 02,12,1 02,13,0 C5
02,11,1 02,13,1 03,11,0 03,11,1 03,12,0 03,12,1 03,13,0 C7
01,10,1 01,11,0 01,11,1 02,10,0 02,10,1 02,11,0 03,10,0 D7
03,13,1 04,12,0 04,12,1 04,13,0 05,11,1 05,12,0 E6
04,13,1 05,13,0 05,13,1 06,12,1 06,13,0 06,13,1 07,13,0 E7
05,12,1 06,11,0 06,11,1 06,12,0 07,10,0 07,10,1 07,11,0 F7
07,12,0 07,12,1 08,11,0 08,11,1 08,12,0 09,11,0 F6
07,11,1 T1
03,03,1 04,02,1 04,03,0 05,02,0 05,02,1 05,03,0 G6
03,04,1 04,03,1 04,04,0 I3
05,01,1 06,00,1 06,01,0 06,01,1 07,00,0 07,01,0 07,01,1 G7
07,00,1 08,00,0 08,00,1 08,01,0 08,01,1 09,00,0 H6
06,02,0 06,02,1 06,03,0 06,03,1 06,04,0 07,03,0 07,03,1 H7
07,02,0 07,02,1 08,02,0 08,02,1 I4
03,05,1 04,04,1 04,05,0 05,03,1 05,04,0 I5
03,06,1 03,07,0 04,05,1 04,06,0 05,04,1 05,05,0 I6
01,08,1 02,06,1 02,07,0 02,07,1 02,08,0 02,08,1 03,06,0 Q7
02,09,0 02,09,1 03,09,0 03,09,1 04,09,0 04,09,1 05,09,0 I7
04,07,1 04,08,0 04,08,1 05,08,0 05,08,1 L5
03,07,1 03,08,0 03,08,1 04,06,1 04,07,0 05,06,0 J6
05,05,1 06,04,1 06,05,0 06,05,1 T4
03,10,1 04,10,0 04,10,1 05,09,1 05,10,0 06,09,0 06,09,1 N7
04,11,0 04,11,1 05,10,1 05,11,0 06,10,0 06,10,1 S6
06,08,1 07,08,0 07,08,1 08,08,0 08,08,1 09,07,1 09,08,0 L7
07,09,0 07,09,1 08,09,0 08,09,1 08,10,0 09,09,0 P6
08,10,1 09,08,1 09,09,1 09,10,0 10,08,0 10,08,1 10,09,0 J7
09,10,1 10,09,1 10,10,0 11,07,1 11,08,0 11,08,1 11,09,0 R7
12,06,1 12,07,0 12,07,1 12,08,0 13,06,1 13,07,0 V6
12,05,1 12,06,0 13,04,0 13,04,1 13,05,0 13,05,1 13,06,0 Y7
08,07,1 09,06,1 09,07,0 10,05,0 10,05,1 10,06,0 10,06,1 T7
10,07,0 10,07,1 11,05,1 11,06,0 11,06,1 11,07,0 12,05,0 S7
09,00,1 09,01,0 09,01,1 09,02,0 10,00,0 10,00,1 11,00,0 V7
08,05,1 09,04,1 09,05,0 09,05,1 09,06,0 P5
07,04,0 07,04,1 07,05,0 08,04,0 08,04,1 08,05,0 09,04,0 M7
08,03,0 08,03,1 09,03,0 09,03,1 10,02,1 10,03,0 10,03,1 P7
09,02,1 10,01,0 10,01,1 10,02,0 11,00,1 11,01,0 11,01,1 X7
10,04,0 10,04,1 11,03,1 11,04,0 11,04,1 11,05,0 12,03,0 W7
12,03,1 12,04,0 12,04,1 13,02,0 13,02,1 13,03,0 13,03,1 Z7
11,02,0 11,02,1 11,03,0 12,01,1 12,02,0 12,02,1 X6
12,00,0 12,00,1 12,01,0 13,00,0 13,00,1 13,01,0 13,01,1 U7

              ____________________________
             /   /    \   \   \           \
            /___/___   \   \   \____    ___\
           /       /   /   /    \   \  /    \
          /   ____/___/   /___   \   \/___   \
         /   /    \      /    \  /    \  /    \
        /___/      \____/___   \/___   \/______\
       /    \       \       \      /   /\   \   \
      /___   \_______\____   \____/___/  \   \   \
     /    \  /            \      /        \   \   \
    /   ___\/______________\____/__________\   \   \
   /    \      /   /       /\           \      /   /\
  /___   \    /   /   ____/  \________   \____/   /  \
 /    \  /   /\   \  /            \   \  /    \  /    \
/      \/   /  \   \/              \   \/___   \/      \
\      /\   \   \   \              /\      /   /\  /\  /
 \____/  \___\   \___\____    ____/  \    /   /  \/  \/
  \       \   \   \      /\  /\      /   /\   \      /
   \    ___\   \   \    /  \/  \    /___/  \___\    /
    \   \   \   \  /\  /        \  /       /   /   /
     \___\   \   \/  \/__________\/___    /   /___/
      \   \  /\  /       /           /\   \      /
       \   \/  \/   ____/_______    /  \___\    /
        \      /   /       /\   \  /       /   /
         \____/___/_______/  \   \/___    /___/
          \          /   /   /       /\  /   /
           \    ____/   /   /___    /  \/   /
            \   \       \       \  /       /
             \___\_______\_______\/_______/

solution 2 (33,623 searches):
00,06,1 00,07,0 00,07,1 01,06,0 01,06,1 01,07,0 O6
00,08,0 00,08,1 00,09,0 00,09,1 01,07,1 01,08,0 01,09,0 A7
01,05,1 02,04,1 02,05,0 02,05,1 02,06,0 03,04,0 03,05,0 B7
00,10,0 00,10,1 01,09,1 01,10,0 C4
00,11,0 00,11,1 00,12,0 00,12,1 01,12,0 01,12,1 C6
00,13,0 00,13,1 D2
01,13,0 01,13,1 02,12,0 02,12,1 02,13,0 C5
02,11,1 02,13,1 03,11,0 03,11,1 03,12,0 03,12,1 03,13,0 C7
01,10,1 01,11,0 01,11,1 02,10,0 02,10,1 02,11,0 03,10,0 D7
03,13,1 04,12,0 04,12,1 04,13,0 05,11,1 05,12,0 E6
04,13,1 05,13,0 05,13,1 06,12,1 06,13,0 06,13,1 07,13,0 E7
05,12,1 06,11,0 06,11,1 06,12,0 07,10,0 07,10,1 07,11,0 F7
07,12,0 07,12,1 08,11,0 08,11,1 08,12,0 09,11,0 F6
07,11,1 T1
03,03,1 04,02,1 04,03,0 05,02,0 05,02,1 05,03,0 G6
03,04,1 04,03,1 04,04,0 I3
05,01,1 06,00,1 06,01,0 06,01,1 07,00,0 07,01,0 07,01,1 G7
07,00,1 08,00,0 08,00,1 08,01,0 08,01,1 09,00,0 H6
06,02,0 06,02,1 06,03,0 06,03,1 06,04,0 07,03,0 07,03,1 H7
07,02,0 07,02,1 08,02,0 08,02,1 I4
03,05,1 04,04,1 04,05,0 05,03,1 05,04,0 I5
03,06,1 03,07,0 04,05,1 04,06,0 05,04,1 05,05,0 I6
01,08,1 02,06,1 02,07,0 02,07,1 02,08,0 02,08,1 03,06,0 Q7
02,09,0 02,09,1 03,09,0 03,09,1 04,09,0 04,09,1 05,09,0 I7
04,07,1 04,08,0 04,08,1 05,08,0 05,08,1 L5
03,07,1 03,08,0 03,08,1 04,06,1 04,07,0 05,06,0 J6
05,05,1 06,04,1 06,05,0 06,05,1 T4
03,10,1 04,10,0 04,10,1 05,09,1 05,10,0 06,09,0 06,09,1 N7
04,11,0 04,11,1 05,10,1 05,11,0 06,10,0 06,10,1 S6
06,08,1 07,08,0 07,08,1 08,08,0 08,08,1 09,07,1 09,08,0 L7
07,09,0 07,09,1 08,09,0 08,09,1 08,10,0 09,09,0 P6
08,10,1 09,08,1 09,09,1 09,10,0 10,08,0 10,08,1 10,09,0 J7
09,10,1 10,09,1 10,10,0 11,07,1 11,08,0 11,08,1 11,09,0 R7
12,06,1 12,07,0 12,07,1 12,08,0 13,06,1 13,07,0 V6
12,05,1 12,06,0 13,04,0 13,04,1 13,05,0 13,05,1 13,06,0 Y7
08,07,1 09,06,1 09,07,0 10,05,0 10,05,1 10,06,0 10,06,1 T7
10,07,0 10,07,1 11,05,1 11,06,0 11,06,1 11,07,0 12,05,0 S7
09,00,1 09,01,0 09,01,1 09,02,0 10,00,0 10,00,1 11,00,0 V7
08,05,1 09,04,1 09,05,0 09,05,1 09,06,0 P5
07,04,0 07,04,1 07,05,0 08,03,0 08,03,1 08,04,0 09,03,0 M7
08,04,1 08,05,0 09,03,1 09,04,0 10,02,1 10,03,0 10,03,1 P7
09,02,1 10,01,0 10,01,1 10,02,0 11,00,1 11,01,0 11,01,1 X7
10,04,0 10,04,1 11,03,1 11,04,0 11,04,1 11,05,0 12,03,0 W7
12,03,1 12,04,0 12,04,1 13,02,0 13,02,1 13,03,0 13,03,1 Z7
11,02,0 11,02,1 11,03,0 12,01,1 12,02,0 12,02,1 X6
12,00,0 12,00,1 12,01,0 13,00,0 13,00,1 13,01,0 13,01,1 U7

              ____________________________
             /   /    \   \   \           \
            /___/___   \   \   \____    ___\
           /       /   /   /    \   \  /    \
          /   ____/___/   /___   \   \/___   \
         /   /    \      /    \  /    \  /    \
        /___/      \____/___   \/___   \/______\
       /    \       \       \      /   /\   \   \
      /___   \_______\____   \____/___/  \   \   \
     /    \  /            \      /        \   \   \
    /   ___\/______________\____/__________\   \   \
   /    \      /   /       /\           \      /   /\
  /___   \    /   /   ____/  \________   \____/   /  \
 /    \  /   /\   \  /            \   \  /    \  /    \
/      \/   /  \   \/              \   \/___   \/      \
\      /\   \   \   \              /\      /   /\  /\  /
 \____/  \___\   \___\____    ____/  \    /   /  \/  \/
  \       \   \   \      /\  /\      /   /\   \      /
   \    ___\   \   \    /  \/  \    /___/  \___\    /
    \   \   \   \  /\  /    \   \  /       /   /   /
     \___\   \   \/  \/___   \   \/___    /   /___/
      \   \  /\  /       /    \      /\   \      /
       \   \/  \/   ____/______\    /  \___\    /
        \      /   /       /\   \  /       /   /
         \____/___/_______/  \   \/___    /___/
          \          /   /   /       /\  /   /
           \    ____/   /   /___    /  \/   /
            \   \       \       \  /       /
             \___\_______\_______\/_______/

solution 3 (76,385 searches):
00,06,1 00,07,0 00,07,1 01,06,0 01,06,1 01,07,0 O6
00,08,0 00,08,1 00,09,0 00,09,1 01,07,1 01,08,0 01,09,0 A7
01,05,1 02,04,1 02,05,0 02,05,1 02,06,0 03,04,0 03,05,0 B7
00,10,0 00,10,1 01,09,1 01,10,0 C4
00,11,0 00,11,1 00,12,0 00,12,1 01,12,0 01,12,1 C6
00,13,0 00,13,1 D2
01,13,0 01,13,1 02,12,0 02,12,1 02,13,0 C5
02,11,1 02,13,1 03,11,0 03,11,1 03,12,0 03,12,1 03,13,0 C7
01,10,1 01,11,0 01,11,1 02,10,0 02,10,1 02,11,0 03,10,0 D7
03,13,1 04,12,0 04,12,1 04,13,0 05,11,1 05,12,0 E6
04,13,1 05,13,0 05,13,1 06,12,1 06,13,0 06,13,1 07,13,0 E7
05,12,1 06,11,0 06,11,1 06,12,0 07,10,0 07,10,1 07,11,0 F7
07,12,0 07,12,1 08,11,0 08,11,1 08,12,0 09,11,0 F6
07,11,1 T1
03,03,1 04,02,1 04,03,0 05,02,0 05,02,1 05,03,0 G6
03,04,1 04,03,1 04,04,0 I3
05,01,1 06,00,1 06,01,0 06,01,1 07,00,0 07,01,0 07,01,1 G7
07,00,1 08,00,0 08,00,1 08,01,0 08,01,1 09,00,0 H6
06,02,0 06,02,1 06,03,0 06,03,1 06,04,0 07,03,0 07,03,1 H7
07,02,0 07,02,1 08,02,0 08,02,1 I4
03,05,1 04,04,1 04,05,0 05,03,1 05,04,0 I5
03,06,1 03,07,0 04,05,1 04,06,0 05,04,1 05,05,0 I6
01,08,1 02,06,1 02,07,0 02,07,1 02,08,0 02,08,1 03,06,0 Q7
02,09,0 02,09,1 03,09,0 03,09,1 04,09,0 04,09,1 05,09,0 I7
04,07,1 04,08,0 04,08,1 05,08,0 05,08,1 L5
03,07,1 03,08,0 03,08,1 04,06,1 04,07,0 05,06,0 J6
05,05,1 06,04,1 06,05,0 06,05,1 T4
03,10,1 04,10,0 04,10,1 05,09,1 05,10,0 06,09,0 06,09,1 N7
04,11,0 04,11,1 05,10,1 05,11,0 06,10,0 06,10,1 S6
06,08,1 07,08,0 07,08,1 08,08,0 08,08,1 09,07,1 09,08,0 L7
07,09,0 07,09,1 08,09,0 08,09,1 08,10,0 09,09,0 P6
08,10,1 09,10,0 09,10,1 10,09,1 10,10,0 11,08,1 11,09,0 R7
09,08,1 09,09,1 10,08,0 10,08,1 10,09,0 11,08,0 V6
08,07,1 09,05,1 09,06,0 09,06,1 09,07,0 10,06,0 10,06,1 W7
10,07,0 10,07,1 11,06,0 11,06,1 11,07,0 11,07,1 12,07,0 Y7
12,06,1 12,07,1 12,08,0 13,05,1 13,06,0 13,06,1 13,07,0 U7
07,04,0 07,04,1 07,05,0 08,04,0 08,04,1 P5
08,05,0 08,05,1 09,04,1 09,05,0 10,04,0 10,04,1 10,05,0 S7
08,03,0 08,03,1 09,02,1 09,03,0 09,03,1 09,04,0 10,03,0 X7
10,05,1 11,05,0 11,05,1 12,05,0 12,05,1 12,06,0 13,05,0 P7
11,04,1 12,03,1 12,04,0 12,04,1 13,03,1 13,04,0 13,04,1 M7
12,01,1 12,02,0 12,02,1 13,01,1 13,02,0 13,02,1 13,03,0 Z7
10,03,1 11,02,1 11,03,0 11,03,1 11,04,0 12,03,0 X6
11,01,1 11,02,0 12,00,1 12,01,0 13,00,0 13,00,1 13,01,0 J7
10,01,0 10,01,1 10,02,0 10,02,1 11,00,1 11,01,0 12,00,0 T7
09,00,1 09,01,0 09,01,1 09,02,0 10,00,0 10,00,1 11,00,0 V7

              ____________________________
             /   /    \   \   \           \
            /___/___   \   \   \____    ___\
           /       /   /   /    \   \  /    \
          /   ____/___/   /___   \   \/___   \
         /   /    \      /    \  /    \  /    \
        /___/      \____/___   \/___   \/______\
       /    \       \       \      /   /\       \
      /___   \_______\____   \____/___/  \____   \
     /    \  /            \      /        \   \   \
    /   ___\/______________\____/__________\   \   \
   /    \      /   /       /\           \       \  /\
  /___   \    /   /   ____/  \________   \_______\/  \
 /    \  /   /\   \  /            \   \  /        \   \
/      \/   /  \   \/              \   \/___    ___\   \
\      /\   \   \   \              /       /   /\      /
 \____/  \___\   \___\____    ____/   ____/___/  \    /
  \       \   \   \      /\  /    \  /\           \  /
   \    ___\   \   \    /  \/___   \/  \___________\/
    \   \   \   \  /\  /       /\      /\          /
     \___\   \   \/  \/_______/  \____/  \        /
      \   \  /\  /       /        \       \  /\  /
       \   \/  \/   ____/___    ___\    ___\/  \/
        \      /   /       /\  /   /\  /       /
         \____/___/_______/  \/   /  \/       /
          \          /   /   /    \   \  /\  /
           \    ____/   /   /___   \   \/  \/
            \   \       \       \   \      /
             \___\_______\_______\___\____/

solution 4 (86,621 searches):
00,06,1 00,07,0 00,07,1 01,06,0 01,06,1 01,07,0 O6
00,08,0 00,08,1 00,09,0 00,09,1 01,07,1 01,08,0 01,09,0 A7
01,05,1 02,04,1 02,05,0 02,05,1 02,06,0 03,04,0 03,05,0 B7
00,10,0 00,10,1 01,09,1 01,10,0 C4
00,11,0 00,11,1 00,12,0 00,12,1 01,12,0 01,12,1 C6
00,13,0 00,13,1 D2
01,13,0 01,13,1 02,12,0 02,12,1 02,13,0 C5
02,11,1 02,13,1 03,11,0 03,11,1 03,12,0 03,12,1 03,13,0 C7
01,10,1 01,11,0 01,11,1 02,10,0 02,10,1 02,11,0 03,10,0 D7
03,13,1 04,12,0 04,12,1 04,13,0 05,11,1 05,12,0 E6
04,13,1 05,13,0 05,13,1 06,12,1 06,13,0 06,13,1 07,13,0 E7
05,12,1 06,11,0 06,11,1 06,12,0 07,10,0 07,10,1 07,11,0 F7
07,12,0 07,12,1 08,11,0 08,11,1 08,12,0 09,11,0 F6
07,11,1 T1
03,03,1 04,02,1 04,03,0 05,02,0 05,02,1 05,03,0 G6
03,04,1 04,03,1 04,04,0 I3
05,01,1 06,00,1 06,01,0 06,01,1 07,00,0 07,01,0 07,01,1 G7
07,00,1 08,00,0 08,00,1 08,01,0 08,01,1 09,00,0 H6
06,02,0 06,02,1 06,03,0 06,03,1 06,04,0 07,03,0 07,03,1 H7
07,02,0 07,02,1 08,02,0 08,02,1 I4
03,05,1 04,04,1 04,05,0 05,03,1 05,04,0 I5
03,06,1 03,07,0 04,05,1 04,06,0 05,04,1 05,05,0 I6
01,08,1 02,06,1 02,07,0 02,07,1 02,08,0 02,08,1 03,06,0 Q7
02,09,0 02,09,1 03,09,0 03,09,1 04,09,0 04,09,1 05,09,0 I7
04,07,1 04,08,0 04,08,1 05,08,0 05,08,1 L5
03,07,1 03,08,0 03,08,1 04,06,1 04,07,0 05,06,0 J6
05,05,1 06,04,1 06,05,0 06,05,1 T4
03,10,1 04,10,0 04,10,1 05,09,1 05,10,0 06,09,0 06,09,1 N7
04,11,0 04,11,1 05,10,1 05,11,0 06,10,0 06,10,1 S6
06,08,1 07,08,0 07,08,1 08,08,0 08,08,1 09,07,1 09,08,0 L7
07,09,0 07,09,1 08,09,0 08,09,1 08,10,0 09,09,0 P6
08,10,1 09,10,0 09,10,1 10,09,1 10,10,0 11,08,1 11,09,0 R7
09,08,1 09,09,1 10,08,0 10,08,1 10,09,0 11,08,0 V6
08,07,1 09,05,1 09,06,0 09,06,1 09,07,0 10,05,1 10,06,0 Y7
07,04,0 07,04,1 07,05,0 08,04,0 08,04,1 P5
08,05,0 08,05,1 09,04,1 09,05,0 10,04,0 10,04,1 10,05,0 S7
08,03,0 08,03,1 09,02,1 09,03,0 09,03,1 09,04,0 10,03,0 X7
09,00,1 09,01,0 09,01,1 09,02,0 10,00,0 10,00,1 11,00,0 V7
10,01,0 10,01,1 10,02,0 10,02,1 11,00,1 11,01,0 12,00,0 T7
11,01,1 11,02,0 12,00,1 12,01,0 13,00,0 13,00,1 13,01,0 J7
10,06,1 10,07,0 11,05,0 11,05,1 11,06,0 11,06,1 12,06,0 W7
10,07,1 11,07,0 11,07,1 12,07,0 12,07,1 12,08,0 13,07,0 P7
12,05,0 12,05,1 12,06,1 13,05,0 13,05,1 13,06,0 13,06,1 U7
11,04,1 12,03,1 12,04,0 12,04,1 13,03,1 13,04,0 13,04,1 M7
10,03,1 11,02,1 11,03,0 11,03,1 11,04,0 12,03,0 X6
12,01,1 12,02,0 12,02,1 13,01,1 13,02,0 13,02,1 13,03,0 Z7

              ____________________________
             /   /    \   \   \           \
            /___/___   \   \   \____    ___\
           /       /   /   /    \   \  /    \
          /   ____/___/   /___   \   \/___   \
         /   /    \      /    \  /    \  /    \
        /___/      \____/___   \/___   \/______\
       /    \       \       \      /   /\       \
      /___   \_______\____   \____/___/  \____   \
     /    \  /            \      /        \   \   \
    /   ___\/______________\____/__________\   \   \
   /    \      /   /       /\           \       \  /\
  /___   \    /   /   ____/  \________   \_______\/  \
 /    \  /   /\   \  /            \   \  /\           \
/      \/   /  \   \/              \   \/  \___________\
\      /\   \   \   \              /    \       \      /
 \____/  \___\   \___\____    ____/      \    ___\    /
  \       \   \   \      /\  /    \  /\  /   /       /
   \    ___\   \   \    /  \/___   \/  \/___/_______/
    \   \   \   \  /\  /       /\      /\          /
     \___\   \   \/  \/_______/  \____/  \        /
      \   \  /\  /       /        \       \  /\  /
       \   \/  \/   ____/___    ___\    ___\/  \/
        \      /   /       /\  /   /\  /       /
         \____/___/_______/  \/   /  \/       /
          \          /   /   /    \   \  /\  /
           \    ____/   /   /___   \   \/  \/
            \   \       \       \   \      /
             \___\_______\_______\___\____/

solution 5 (108,702 searches):
00,06,1 00,07,0 00,07,1 01,06,0 01,06,1 01,07,0 O6
00,08,0 00,08,1 00,09,0 00,09,1 01,07,1 01,08,0 01,09,0 A7
01,05,1 02,04,1 02,05,0 02,05,1 02,06,0 03,04,0 03,05,0 B7
00,10,0 00,10,1 01,09,1 01,10,0 C4
00,11,0 00,11,1 00,12,0 00,12,1 01,12,0 01,12,1 C6
00,13,0 00,13,1 D2
01,13,0 01,13,1 02,12,0 02,12,1 02,13,0 C5
02,11,1 02,13,1 03,11,0 03,11,1 03,12,0 03,12,1 03,13,0 C7
01,10,1 01,11,0 01,11,1 02,10,0 02,10,1 02,11,0 03,10,0 D7
03,13,1 04,12,0 04,12,1 04,13,0 05,11,1 05,12,0 E6
04,13,1 05,13,0 05,13,1 06,12,1 06,13,0 06,13,1 07,13,0 E7
05,12,1 06,11,0 06,11,1 06,12,0 07,10,0 07,10,1 07,11,0 F7
07,12,0 07,12,1 08,11,0 08,11,1 08,12,0 09,11,0 F6
07,11,1 T1
03,03,1 04,02,1 04,03,0 05,02,0 05,02,1 05,03,0 G6
03,04,1 04,03,1 04,04,0 I3
05,01,1 06,00,1 06,01,0 06,01,1 07,00,0 07,01,0 07,01,1 G7
07,00,1 08,00,0 08,00,1 08,01,0 08,01,1 09,00,0 H6
06,02,0 06,02,1 06,03,0 06,03,1 06,04,0 07,03,0 07,03,1 H7
07,02,0 07,02,1 08,02,0 08,02,1 I4
03,05,1 04,04,1 04,05,0 05,03,1 05,04,0 I5
03,06,1 03,07,0 04,05,1 04,06,0 05,04,1 05,05,0 I6
01,08,1 02,06,1 02,07,0 02,07,1 02,08,0 02,08,1 03,06,0 Q7
02,09,0 02,09,1 03,09,0 03,09,1 04,09,0 04,09,1 05,09,0 I7
04,07,1 04,08,0 04,08,1 05,08,0 05,08,1 L5
03,07,1 03,08,0 03,08,1 04,06,1 04,07,0 05,06,0 J6
05,05,1 06,04,1 06,05,0 06,05,1 T4
03,10,1 04,10,0 04,10,1 05,09,1 05,10,0 06,09,0 06,09,1 N7
04,11,0 04,11,1 05,10,1 05,11,0 06,10,0 06,10,1 S6
06,08,1 07,08,0 07,08,1 08,08,0 08,08,1 09,07,1 09,08,0 L7
07,09,0 07,09,1 08,09,0 08,09,1 08,10,0 09,09,0 P6
08,10,1 09,10,0 09,10,1 10,09,1 10,10,0 11,08,1 11,09,0 R7
09,08,1 09,09,1 10,08,0 10,08,1 10,09,0 11,07,1 11,08,0 Y7
08,07,1 09,05,1 09,06,0 09,06,1 09,07,0 10,06,0 10,06,1 W7
10,07,0 10,07,1 11,06,0 11,06,1 11,07,0 12,06,0 12,06,1 Z7
12,07,0 12,07,1 12,08,0 13,05,1 13,06,0 13,06,1 13,07,0 U7
07,04,0 07,04,1 07,05,0 08,04,0 08,04,1 P5
08,05,0 08,05,1 09,04,1 09,05,0 10,04,0 10,04,1 10,05,0 S7
08,03,0 08,03,1 09,02,1 09,03,0 09,03,1 09,04,0 10,03,0 X7
09,00,1 09,01,0 09,01,1 09,02,0 10,00,0 10,00,1 11,00,0 V7
10,01,0 10,01,1 10,02,0 10,02,1 11,00,1 11,01,0 12,00,0 T7
10,05,1 11,04,1 11,05,0 11,05,1 12,04,1 12,05,0 12,05,1 M7
12,03,1 12,04,0 13,03,0 13,03,1 13,04,0 13,04,1 13,05,0 J7
12,02,1 13,00,0 13,00,1 13,01,0 13,01,1 13,02,0 13,02,1 P7
10,03,1 11,02,1 11,03,0 11,03,1 11,04,0 12,03,0 X6
11,01,1 11,02,0 12,00,1 12,01,0 12,01,1 12,02,0 V6

              ____________________________
             /   /    \   \   \           \
            /___/___   \   \   \____    ___\
           /       /   /   /    \   \  /    \
          /   ____/___/   /___   \   \/___   \
         /   /    \      /    \  /    \  /    \
        /___/      \____/___   \/___   \/______\
       /    \       \       \      /   /\       \
      /___   \_______\____   \____/___/  \____   \
     /    \  /            \      /        \   \   \
    /   ___\/______________\____/__________\   \   \
   /    \      /   /       /\           \       \  /\
  /___   \    /   /   ____/  \________   \____   \/  \
 /    \  /   /\   \  /            \   \  /    \  /    \
/      \/   /  \   \/              \   \/___   \/___   \
\      /\   \   \   \              /       /       /   /
 \____/  \___\   \___\____    ____/   ____/_______/   /
  \       \   \   \      /\  /    \  /\          /\  /
   \    ___\   \   \    /  \/___   \/  \        /  \/
    \   \   \   \  /\  /       /\      /\  /\  /   /
     \___\   \   \/  \/_______/  \____/  \/  \/   /
      \   \  /\  /       /        \       \      /
       \   \/  \/   ____/___    ___\    ___\____/
        \      /   /       /\  /   /\  /\      /
         \____/___/_______/  \/   /  \/  \    /
          \          /   /   /    \      /   /
           \    ____/   /   /___   \    /   /
            \   \       \       \   \  /   /
             \___\_______\_______\___\/___/

solution 6 (108,710 searches):
00,06,1 00,07,0 00,07,1 01,06,0 01,06,1 01,07,0 O6
00,08,0 00,08,1 00,09,0 00,09,1 01,07,1 01,08,0 01,09,0 A7
01,05,1 02,04,1 02,05,0 02,05,1 02,06,0 03,04,0 03,05,0 B7
00,10,0 00,10,1 01,09,1 01,10,0 C4
00,11,0 00,11,1 00,12,0 00,12,1 01,12,0 01,12,1 C6
00,13,0 00,13,1 D2
01,13,0 01,13,1 02,12,0 02,12,1 02,13,0 C5
02,11,1 02,13,1 03,11,0 03,11,1 03,12,0 03,12,1 03,13,0 C7
01,10,1 01,11,0 01,11,1 02,10,0 02,10,1 02,11,0 03,10,0 D7
03,13,1 04,12,0 04,12,1 04,13,0 05,11,1 05,12,0 E6
04,13,1 05,13,0 05,13,1 06,12,1 06,13,0 06,13,1 07,13,0 E7
05,12,1 06,11,0 06,11,1 06,12,0 07,10,0 07,10,1 07,11,0 F7
07,12,0 07,12,1 08,11,0 08,11,1 08,12,0 09,11,0 F6
07,11,1 T1
03,03,1 04,02,1 04,03,0 05,02,0 05,02,1 05,03,0 G6
03,04,1 04,03,1 04,04,0 I3
05,01,1 06,00,1 06,01,0 06,01,1 07,00,0 07,01,0 07,01,1 G7
07,00,1 08,00,0 08,00,1 08,01,0 08,01,1 09,00,0 H6
06,02,0 06,02,1 06,03,0 06,03,1 06,04,0 07,03,0 07,03,1 H7
07,02,0 07,02,1 08,02,0 08,02,1 I4
03,05,1 04,04,1 04,05,0 05,03,1 05,04,0 I5
03,06,1 03,07,0 04,05,1 04,06,0 05,04,1 05,05,0 I6
01,08,1 02,06,1 02,07,0 02,07,1 02,08,0 02,08,1 03,06,0 Q7
02,09,0 02,09,1 03,09,0 03,09,1 04,09,0 04,09,1 05,09,0 I7
04,07,1 04,08,0 04,08,1 05,08,0 05,08,1 L5
03,07,1 03,08,0 03,08,1 04,06,1 04,07,0 05,06,0 J6
05,05,1 06,04,1 06,05,0 06,05,1 T4
03,10,1 04,10,0 04,10,1 05,09,1 05,10,0 06,09,0 06,09,1 N7
04,11,0 04,11,1 05,10,1 05,11,0 06,10,0 06,10,1 S6
06,08,1 07,08,0 07,08,1 08,08,0 08,08,1 09,07,1 09,08,0 L7
07,09,0 07,09,1 08,09,0 08,09,1 08,10,0 09,09,0 P6
08,10,1 09,10,0 09,10,1 10,09,1 10,10,0 11,08,1 11,09,0 R7
09,08,1 09,09,1 10,08,0 10,08,1 10,09,0 11,07,1 11,08,0 Y7
08,07,1 09,05,1 09,06,0 09,06,1 09,07,0 10,06,0 10,06,1 W7
10,07,0 10,07,1 11,06,0 11,06,1 11,07,0 12,06,0 12,06,1 Z7
12,07,0 12,07,1 12,08,0 13,05,1 13,06,0 13,06,1 13,07,0 U7
07,04,0 07,04,1 07,05,0 08,04,0 08,04,1 P5
08,05,0 08,05,1 09,04,1 09,05,0 10,04,0 10,04,1 10,05,0 S7
08,03,0 08,03,1 09,02,1 09,03,0 09,03,1 09,04,0 10,03,0 X7
09,00,1 09,01,0 09,01,1 09,02,0 10,00,0 10,00,1 11,00,0 V7
10,01,0 10,01,1 10,02,0 10,02,1 11,00,1 11,01,0 12,00,0 T7
10,05,1 11,04,1 11,05,0 11,05,1 12,03,1 12,04,0 12,04,1 M7
12,05,0 12,05,1 13,03,0 13,03,1 13,04,0 13,04,1 13,05,0 J7
12,02,1 13,00,0 13,00,1 13,01,0 13,01,1 13,02,0 13,02,1 P7
10,03,1 11,02,1 11,03,0 11,03,1 11,04,0 12,03,0 X6
11,01,1 11,02,0 12,00,1 12,01,0 12,01,1 12,02,0 V6

              ____________________________
             /   /    \   \   \           \
            /___/___   \   \   \____    ___\
           /       /   /   /    \   \  /    \
          /   ____/___/   /___   \   \/___   \
         /   /    \      /    \  /    \  /    \
        /___/      \____/___   \/___   \/______\
       /    \       \       \      /   /\       \
      /___   \_______\____   \____/___/  \____   \
     /    \  /            \      /        \   \   \
    /   ___\/______________\____/__________\   \   \
   /    \      /   /       /\           \       \  /\
  /___   \    /   /   ____/  \________   \____   \/  \
 /    \  /   /\   \  /            \   \  /    \  /    \
/      \/   /  \   \/              \   \/___   \/___   \
\      /\   \   \   \              /       /       /   /
 \____/  \___\   \___\____    ____/   ____/_______/   /
  \       \   \   \      /\  /    \  /\      /    \  /
   \    ___\   \   \    /  \/___   \/  \    /___   \/
    \   \   \   \  /\  /       /\      /\      /   /
     \___\   \   \/  \/_______/  \____/  \    /   /
      \   \  /\  /       /        \       \  /   /
       \   \/  \/   ____/___    ___\    ___\/___/
        \      /   /       /\  /   /\  /\      /
         \____/___/_______/  \/   /  \/  \    /
          \          /   /   /    \      /   /
           \    ____/   /   /___   \    /   /
            \   \       \       \   \  /   /
             \___\_______\_______\___\/___/

solution 7 (128,042 searches):
00,06,1 00,07,0 00,07,1 01,06,0 01,06,1 01,07,0 O6
00,08,0 00,08,1 00,09,0 00,09,1 01,07,1 01,08,0 01,09,0 A7
01,05,1 02,04,1 02,05,0 02,05,1 02,06,0 03,04,0 03,05,0 B7
00,10,0 00,10,1 01,09,1 01,10,0 C4
00,11,0 00,11,1 00,12,0 00,12,1 01,12,0 01,12,1 C6
00,13,0 00,13,1 D2
01,13,0 01,13,1 02,12,0 02,12,1 02,13,0 C5
02,11,1 02,13,1 03,11,0 03,11,1 03,12,0 03,12,1 03,13,0 C7
01,10,1 01,11,0 01,11,1 02,10,0 02,10,1 02,11,0 03,10,0 D7
03,13,1 04,12,0 04,12,1 04,13,0 05,11,1 05,12,0 E6
04,13,1 05,13,0 05,13,1 06,12,1 06,13,0 06,13,1 07,13,0 E7
05,12,1 06,11,0 06,11,1 06,12,0 07,10,0 07,10,1 07,11,0 F7
07,12,0 07,12,1 08,11,0 08,11,1 08,12,0 09,11,0 F6
07,11,1 T1
03,03,1 04,02,1 04,03,0 05,02,0 05,02,1 05,03,0 G6
03,04,1 04,03,1 04,04,0 I3
05,01,1 06,00,1 06,01,0 06,01,1 07,00,0 07,01,0 07,01,1 G7
07,00,1 08,00,0 08,00,1 08,01,0 08,01,1 09,00,0 H6
06,02,0 06,02,1 06,03,0 06,03,1 06,04,0 07,03,0 07,03,1 H7
07,02,0 07,02,1 08,02,0 08,02,1 I4
03,05,1 04,04,1 04,05,0 05,03,1 05,04,0 I5
03,06,1 03,07,0 04,05,1 04,06,0 05,04,1 05,05,0 I6
01,08,1 02,06,1 02,07,0 02,07,1 02,08,0 02,08,1 03,06,0 Q7
02,09,0 02,09,1 03,09,0 03,09,1 04,09,0 04,09,1 05,09,0 I7
04,07,1 04,08,0 04,08,1 05,08,0 05,08,1 L5
03,07,1 03,08,0 03,08,1 04,06,1 04,07,0 05,06,0 J6
05,05,1 06,04,1 06,05,0 06,05,1 T4
03,10,1 04,10,0 04,10,1 05,09,1 05,10,0 06,09,0 06,09,1 N7
04,11,0 04,11,1 05,10,1 05,11,0 06,10,0 06,10,1 S6
06,08,1 07,08,0 07,08,1 08,08,0 08,08,1 09,07,1 09,08,0 L7
07,09,0 07,09,1 08,09,0 08,09,1 08,10,0 09,09,0 P6
08,10,1 09,09,1 09,10,0 09,10,1 10,09,1 10,10,0 11,09,0 U7
08,07,1 09,06,0 09,06,1 09,07,0 10,06,0 P5
07,04,0 07,04,1 07,05,0 08,03,0 08,03,1 08,04,0 09,03,0 M7
09,08,1 10,07,1 10,08,0 10,08,1 10,09,0 11,08,0 X6
11,08,1 12,07,1 12,08,0 13,05,1 13,06,0 13,06,1 13,07,0 R7
10,06,1 10,07,0 11,06,0 11,06,1 11,07,0 11,07,1 12,07,0 S7
11,05,1 12,05,0 12,05,1 12,06,0 12,06,1 13,04,1 13,05,0 W7
09,00,1 10,00,0 10,00,1 11,00,0 11,00,1 11,01,0 12,00,0 P7
09,01,0 09,01,1 09,02,0 09,02,1 10,01,0 10,01,1 V6
08,04,1 08,05,0 08,05,1 09,03,1 09,04,0 09,05,0 10,03,0 J7
10,02,0 10,02,1 11,01,1 11,02,0 11,02,1 12,00,1 12,01,0 T7
12,01,1 12,02,0 13,00,0 13,00,1 13,01,0 13,01,1 13,02,0 Y7
09,04,1 09,05,1 10,04,0 10,04,1 10,05,0 10,05,1 11,05,0 Z7
10,03,1 11,03,0 11,03,1 11,04,0 12,02,1 12,03,0 12,03,1 X7
11,04,1 12,04,0 12,04,1 13,02,1 13,03,0 13,03,1 13,04,0 V7

              ____________________________
             /   /    \   \   \           \
            /___/___   \   \   \____    ___\
           /       /   /   /    \   \  /    \
          /   ____/___/   /___   \   \/___   \
         /   /    \      /    \  /    \  /    \
        /___/      \____/___   \/___   \/______\
       /    \       \       \      /   /\       \
      /___   \_______\____   \____/___/  \       \
     /    \  /            \      /        \  /\   \
    /   ___\/______________\____/__________\/  \___\
   /    \      /   /       /\           \       \   \
  /___   \    /   /   ____/  \________   \    ___\   \
 /    \  /   /\   \  /            \   \  /\  /    \   \
/      \/   /  \   \/              \   \/  \/   ___\   \
\      /\   \   \   \              /    \      /   /   /
 \____/  \___\   \___\____    ____/______\____/   /   /
  \       \   \   \      /\  /    \       \       \  /
   \    ___\   \   \    /  \/   ___\    ___\____   \/
    \   \   \   \  /\  /    \   \      /\       \  /
     \___\   \   \/  \/___   \   \____/  \____   \/
      \   \  /\  /       /    \   \          /   /
       \   \/  \/   ____/______\___\____    /   /
        \      /   /       /   /       /\  /\  /
         \____/___/_______/   /___    /  \/  \/
          \          /   /       /\   \      /
           \    ____/   /_______/  \   \    /
            \   \       \           \  /   /
             \___\_______\___________\/___/

solution 8 (132,533 searches):
00,06,1 00,07,0 00,07,1 01,06,0 01,06,1 01,07,0 O6
00,08,0 00,08,1 00,09,0 00,09,1 01,07,1 01,08,0 01,09,0 A7
01,05,1 02,04,1 02,05,0 02,05,1 02,06,0 03,04,0 03,05,0 B7
00,10,0 00,10,1 01,09,1 01,10,0 C4
00,11,0 00,11,1 00,12,0 00,12,1 01,12,0 01,12,1 C6
00,13,0 00,13,1 D2
01,13,0 01,13,1 02,12,0 02,12,1 02,13,0 C5
02,11,1 02,13,1 03,11,0 03,11,1 03,12,0 03,12,1 03,13,0 C7
01,10,1 01,11,0 01,11,1 02,10,0 02,10,1 02,11,0 03,10,0 D7
03,13,1 04,12,0 04,12,1 04,13,0 05,11,1 05,12,0 E6
04,13,1 05,13,0 05,13,1 06,12,1 06,13,0 06,13,1 07,13,0 E7
05,12,1 06,11,0 06,11,1 06,12,0 07,10,0 07,10,1 07,11,0 F7
07,12,0 07,12,1 08,11,0 08,11,1 08,12,0 09,11,0 F6
07,11,1 T1
03,03,1 04,02,1 04,03,0 05,02,0 05,02,1 05,03,0 G6
03,04,1 04,03,1 04,04,0 I3
05,01,1 06,00,1 06,01,0 06,01,1 07,00,0 07,01,0 07,01,1 G7
07,00,1 08,00,0 08,00,1 08,01,0 08,01,1 09,00,0 H6
06,02,0 06,02,1 06,03,0 06,03,1 06,04,0 07,03,0 07,03,1 H7
07,02,0 07,02,1 08,02,0 08,02,1 I4
03,05,1 04,04,1 04,05,0 05,03,1 05,04,0 I5
03,06,1 03,07,0 04,05,1 04,06,0 05,04,1 05,05,0 I6
01,08,1 02,06,1 02,07,0 02,07,1 02,08,0 02,08,1 03,06,0 Q7
02,09,0 02,09,1 03,09,0 03,09,1 04,09,0 04,09,1 05,09,0 I7
04,07,1 04,08,0 04,08,1 05,08,0 05,08,1 L5
03,07,1 03,08,0 03,08,1 04,06,1 04,07,0 05,06,0 J6
05,05,1 06,04,1 06,05,0 06,05,1 T4
03,10,1 04,10,0 04,10,1 05,09,1 05,10,0 06,09,0 06,09,1 N7
04,11,0 04,11,1 05,10,1 05,11,0 06,10,0 06,10,1 S6
06,08,1 07,08,0 07,08,1 08,08,0 08,08,1 09,07,1 09,08,0 L7
07,09,0 07,09,1 08,09,0 08,09,1 08,10,0 09,09,0 P6
08,10,1 09,09,1 09,10,0 09,10,1 10,09,1 10,10,0 11,09,0 U7
08,07,1 09,06,0 09,06,1 09,07,0 10,06,0 P5
07,04,0 07,04,1 07,05,0 08,03,0 08,03,1 08,04,0 09,03,0 M7
09,08,1 10,07,0 10,07,1 10,08,0 10,08,1 10,09,0 11,07,0 X7
11,06,1 11,07,1 11,08,0 11,08,1 12,06,0 12,06,1 12,07,0 S7
12,07,1 12,08,0 13,05,0 13,05,1 13,06,0 13,06,1 13,07,0 R7
10,06,1 11,04,1 11,05,0 11,05,1 11,06,0 12,05,0 12,05,1 W7
12,04,1 13,02,0 13,02,1 13,03,0 13,03,1 13,04,0 13,04,1 P7
11,03,1 11,04,0 12,02,0 12,02,1 12,03,0 12,03,1 12,04,0 Y7
09,04,1 10,03,1 10,04,0 10,04,1 10,05,0 10,05,1 11,03,0 T7
08,04,1 08,05,0 08,05,1 09,03,1 09,04,0 09,05,0 09,05,1 V7
12,01,0 12,01,1 13,00,0 13,00,1 13,01,0 13,01,1 V6
10,02,0 10,02,1 10,03,0 11,01,1 11,02,0 11,02,1 X6
10,01,0 10,01,1 11,00,0 11,00,1 11,01,0 12,00,0 12,00,1 Z7
09,00,1 09,01,0 09,01,1 09,02,0 09,02,1 10,00,0 10,00,1 J7

              ____________________________
             /   /    \   \   \           \
            /___/___   \   \   \____    ___\
           /       /   /   /    \   \  /    \
          /   ____/___/   /___   \   \/___   \
         /   /    \      /    \  /    \  /    \
        /___/      \____/___   \/___   \/______\
       /    \       \       \      /   /\       \
      /___   \_______\____   \____/___/  \       \
     /    \  /            \      /        \  /\   \
    /   ___\/______________\____/__________\/  \___\
   /    \      /   /       /\           \      /   /\
  /___   \    /   /   ____/  \________   \    /   /  \
 /    \  /   /\   \  /            \   \  /    \   \   \
/      \/   /  \   \/              \   \/______\   \   \
\      /\   \   \   \              /    \   \      /   /
 \____/  \___\   \___\____    ____/______\   \____/   /
  \       \   \   \      /\  /       /   /       /   /
   \    ___\   \   \    /  \/   ____/   /   ____/___/
    \   \   \   \  /\  /    \   \      /\  /\      /
     \___\   \   \/  \/___   \   \    /  \/  \    /
      \   \  /\  /       /    \  /\   \      /   /
       \   \/  \/   ____/______\/  \___\    /   /
        \      /   /       /   /       /   /   /
         \____/___/_______/   /___    /___/___/
          \          /   /   /    \  /       /
           \    ____/   /   /___   \/___    /
            \   \       \      /       /   /
             \___\_______\____/_______/___/

solution 9 (139,762 searches):
00,06,1 00,07,0 00,07,1 01,06,0 01,06,1 01,07,0 O6
00,08,0 00,08,1 00,09,0 00,09,1 01,07,1 01,08,0 01,09,0 A7
01,05,1 02,04,1 02,05,0 02,05,1 02,06,0 03,04,0 03,05,0 B7
00,10,0 00,10,1 01,09,1 01,10,0 C4
00,11,0 00,11,1 00,12,0 00,12,1 01,12,0 01,12,1 C6
00,13,0 00,13,1 D2
01,13,0 01,13,1 02,12,0 02,12,1 02,13,0 C5
02,11,1 02,13,1 03,11,0 03,11,1 03,12,0 03,12,1 03,13,0 C7
01,10,1 01,11,0 01,11,1 02,10,0 02,10,1 02,11,0 03,10,0 D7
03,13,1 04,12,0 04,12,1 04,13,0 05,11,1 05,12,0 E6
04,13,1 05,13,0 05,13,1 06,12,1 06,13,0 06,13,1 07,13,0 E7
05,12,1 06,11,0 06,11,1 06,12,0 07,10,0 07,10,1 07,11,0 F7
07,12,0 07,12,1 08,11,0 08,11,1 08,12,0 09,11,0 F6
07,11,1 T1
03,03,1 04,02,1 04,03,0 05,02,0 05,02,1 05,03,0 G6
03,04,1 04,03,1 04,04,0 I3
05,01,1 06,00,1 06,01,0 06,01,1 07,00,0 07,01,0 07,01,1 G7
07,00,1 08,00,0 08,00,1 08,01,0 08,01,1 09,00,0 H6
06,02,0 06,02,1 06,03,0 06,03,1 06,04,0 07,03,0 07,03,1 H7
07,02,0 07,02,1 08,02,0 08,02,1 I4
03,05,1 04,04,1 04,05,0 05,03,1 05,04,0 I5
03,06,1 03,07,0 04,05,1 04,06,0 05,04,1 05,05,0 I6
01,08,1 02,06,1 02,07,0 02,07,1 02,08,0 02,08,1 03,06,0 Q7
02,09,0 02,09,1 03,09,0 03,09,1 04,09,0 04,09,1 05,09,0 I7
04,07,1 04,08,0 04,08,1 05,08,0 05,08,1 L5
03,07,1 03,08,0 03,08,1 04,06,1 04,07,0 05,06,0 J6
05,05,1 06,04,1 06,05,0 06,05,1 T4
03,10,1 04,10,0 04,10,1 05,09,1 05,10,0 06,09,0 06,09,1 N7
04,11,0 04,11,1 05,10,1 05,11,0 06,10,0 06,10,1 S6
06,08,1 07,08,0 07,08,1 08,08,0 08,08,1 09,07,1 09,08,0 L7
07,09,0 07,09,1 08,09,0 08,09,1 08,10,0 09,09,0 P6
08,10,1 09,09,1 09,10,0 09,10,1 10,09,1 10,10,0 11,09,0 U7
08,07,1 09,06,0 09,06,1 09,07,0 10,06,0 P5
07,04,0 07,04,1 07,05,0 08,03,0 08,03,1 08,04,0 09,03,0 M7
09,08,1 10,08,0 10,08,1 10,09,0 11,07,1 11,08,0 11,08,1 X7
12,07,1 12,08,0 13,05,0 13,05,1 13,06,0 13,06,1 13,07,0 R7
10,07,0 10,07,1 11,06,1 11,07,0 12,06,0 12,06,1 12,07,0 S7
10,06,1 11,04,1 11,05,0 11,05,1 11,06,0 12,05,0 12,05,1 W7
12,04,1 13,02,0 13,02,1 13,03,0 13,03,1 13,04,0 13,04,1 P7
11,03,1 11,04,0 12,02,0 12,02,1 12,03,0 12,03,1 12,04,0 Y7
09,04,1 10,03,1 10,04,0 10,04,1 10,05,0 10,05,1 11,03,0 T7
08,04,1 08,05,0 08,05,1 09,03,1 09,04,0 09,05,0 09,05,1 V7
12,01,0 12,01,1 13,00,0 13,00,1 13,01,0 13,01,1 V6
10,02,0 10,02,1 10,03,0 11,01,1 11,02,0 11,02,1 X6
10,01,0 10,01,1 11,00,0 11,00,1 11,01,0 12,00,0 12,00,1 Z7
09,00,1 09,01,0 09,01,1 09,02,0 09,02,1 10,00,0 10,00,1 J7

              ____________________________
             /   /    \   \   \           \
            /___/___   \   \   \____    ___\
           /       /   /   /    \   \  /    \
          /   ____/___/   /___   \   \/___   \
         /   /    \      /    \  /    \  /    \
        /___/      \____/___   \/___   \/______\
       /    \       \       \      /   /\       \
      /___   \_______\____   \____/___/  \       \
     /    \  /            \      /        \  /\   \
    /   ___\/______________\____/__________\/  \___\
   /    \      /   /       /\           \          /\
  /___   \    /   /   ____/  \________   \____    /  \
 /    \  /   /\   \  /            \   \  /    \  /\   \
/      \/   /  \   \/              \   \/___   \/  \   \
\      /\   \   \   \              /    \   \      /   /
 \____/  \___\   \___\____    ____/______\   \____/   /
  \       \   \   \      /\  /       /   /       /   /
   \    ___\   \   \    /  \/   ____/   /   ____/___/
    \   \   \   \  /\  /    \   \      /\  /\      /
     \___\   \   \/  \/___   \   \    /  \/  \    /
      \   \  /\  /       /    \  /\   \      /   /
       \   \/  \/   ____/______\/  \___\    /   /
        \      /   /       /   /       /   /   /
         \____/___/_______/   /___    /___/___/
          \          /   /   /    \  /       /
           \    ____/   /   /___   \/___    /
            \   \       \      /       /   /
             \___\_______\____/_______/___/

solution 10 (203,957 searches):
00,06,1 00,07,0 00,07,1 01,06,0 01,06,1 01,07,0 O6
00,08,0 00,08,1 00,09,0 00,09,1 01,07,1 01,08,0 01,09,0 A7
01,05,1 02,04,1 02,05,0 02,05,1 02,06,0 03,04,0 03,05,0 B7
00,10,0 00,10,1 01,09,1 01,10,0 C4
00,11,0 00,11,1 00,12,0 00,12,1 01,12,0 01,12,1 C6
00,13,0 00,13,1 D2
01,13,0 01,13,1 02,12,0 02,12,1 02,13,0 C5
02,11,1 02,13,1 03,11,0 03,11,1 03,12,0 03,12,1 03,13,0 C7
01,10,1 01,11,0 01,11,1 02,10,0 02,10,1 02,11,0 03,10,0 D7
03,13,1 04,12,0 04,12,1 04,13,0 05,11,1 05,12,0 E6
04,13,1 05,13,0 05,13,1 06,12,1 06,13,0 06,13,1 07,13,0 E7
05,12,1 06,11,0 06,11,1 06,12,0 07,10,0 07,10,1 07,11,0 F7
07,12,0 07,12,1 08,11,0 08,11,1 08,12,0 09,11,0 F6
07,11,1 T1
03,03,1 04,02,1 04,03,0 05,02,0 05,02,1 05,03,0 G6
03,04,1 04,03,1 04,04,0 I3
05,01,1 06,00,1 06,01,0 06,01,1 07,00,0 07,01,0 07,01,1 G7
07,00,1 08,00,0 08,00,1 08,01,0 08,01,1 09,00,0 H6
06,02,0 06,02,1 06,03,0 06,03,1 06,04,0 07,03,0 07,03,1 H7
07,02,0 07,02,1 08,02,0 08,02,1 I4
03,05,1 04,04,1 04,05,0 05,03,1 05,04,0 I5
03,06,1 03,07,0 04,05,1 04,06,0 05,04,1 05,05,0 I6
01,08,1 02,06,1 02,07,0 02,07,1 02,08,0 02,08,1 03,06,0 Q7
02,09,0 02,09,1 03,09,0 03,09,1 04,09,0 04,09,1 05,09,0 I7
04,07,1 04,08,0 04,08,1 05,08,0 05,08,1 L5
03,07,1 03,08,0 03,08,1 04,06,1 04,07,0 05,06,0 J6
05,05,1 06,04,1 06,05,0 06,05,1 T4
03,10,1 04,10,0 04,10,1 05,09,1 05,10,0 06,09,0 06,09,1 N7
04,11,0 04,11,1 05,10,1 05,11,0 06,10,0 06,10,1 S6
06,08,1 07,08,0 07,08,1 08,08,0 08,08,1 09,07,1 09,08,0 L7
07,09,0 07,09,1 08,09,0 08,09,1 08,10,0 09,09,0 P6
08,10,1 09,09,1 09,10,0 09,10,1 10,09,1 10,10,0 11,09,0 U7
08,07,1 09,05,1 09,06,0 09,06,1 09,07,0 10,06,0 10,06,1 W7
07,04,0 07,04,1 07,05,0 08,04,0 08,04,1 08,05,0 09,04,0 M7
08,05,1 09,04,1 09,05,0 10,03,0 10,03,1 10,04,0 10,04,1 T7
08,03,0 08,03,1 09,02,1 09,03,0 09,03,1 10,02,0 10,02,1 Z7
09,01,0 09,01,1 09,02,0 10,01,0 10,01,1 P5
09,00,1 10,00,0 10,00,1 11,00,0 11,00,1 11,01,0 12,00,0 P7
10,05,0 10,05,1 11,03,1 11,04,0 11,04,1 11,05,0 12,03,0 S7
11,02,0 11,02,1 11,03,0 12,01,1 12,02,0 12,02,1 X6
11,01,1 12,00,1 12,01,0 13,00,0 13,00,1 13,01,0 13,01,1 V7
12,03,1 12,04,0 13,02,0 13,02,1 13,03,0 13,03,1 13,04,0 Y7
12,04,1 12,05,0 12,05,1 12,06,0 13,04,1 13,05,0 V6
11,05,1 11,06,0 11,06,1 11,07,0 11,07,1 12,06,1 12,07,0 J7
11,08,1 12,07,1 12,08,0 13,05,1 13,06,0 13,06,1 13,07,0 R7
09,08,1 10,07,0 10,07,1 10,08,0 10,08,1 10,09,0 11,08,0 X7

              ____________________________
             /   /    \   \   \           \
            /___/___   \   \   \____    ___\
           /       /   /   /    \   \  /    \
          /   ____/___/   /___   \   \/___   \
         /   /    \      /    \  /    \  /    \
        /___/      \____/___   \/___   \/______\
       /    \       \       \      /   /\       \
      /___   \_______\____   \____/___/  \       \
     /    \  /            \      /        \  /\   \
    /   ___\/______________\____/__________\/  \___\
   /    \      /   /       /\           \       \   \
  /___   \    /   /   ____/  \________   \    ___\   \
 /    \  /   /\   \  /            \   \  /   /    \   \
/      \/   /  \   \/              \   \/___/      \   \
\      /\   \   \   \              /       /   /\  /   /
 \____/  \___\   \___\____    ____/   ____/   /  \/   /
  \       \   \   \      /\  /\   \  /    \  /    \  /
   \    ___\   \   \    /  \/  \   \/___   \/      \/
    \   \   \   \  /\  /        \      /   /\  /\  /
     \___\   \   \/  \/__________\    /   /  \/  \/
      \   \  /\  /       /       /   /\   \      /
       \   \/  \/   ____/___    /___/  \___\    /
        \      /   /       /\      /       /   /
         \____/___/_______/  \____/___    /___/
          \          /   /       /\   \  /   /
           \    ____/   /_______/  \   \/   /
            \   \       \           \      /
             \___\_______\___________\____/

User-requested solution limit reached.
10 solutions, 203,957 searches, duration 0:00:17.291472
