solving Polyiamonds1234567Hexagon4:

solution 1 (4,544 searches):
07,04,1 07,05,0 07,05,1 07,06,0 08,03,1 08,04,0 C6
08,04,1 08,05,0 09,04,0 09,04,1 C4
06,07,1 06,08,0 D2
00,06,1 00,07,0 00,07,1 01,06,0 01,06,1 01,07,0 O6
00,08,0 00,08,1 00,09,0 00,09,1 01,07,1 01,08,0 01,09,0 A7
01,05,1 02,04,1 02,05,0 02,05,1 02,06,0 03,04,0 03,05,0 B7
00,10,0 00,10,1 01,09,1 01,10,0 02,08,0 02,08,1 02,09,0 C7
01,08,1 T1
00,11,0 00,11,1 00,12,0 00,12,1 01,11,0 01,11,1 01,12,0 D7
00,13,0 00,13,1 01,12,1 01,13,0 01,13,1 02,13,0 E6
01,10,1 02,10,0 02,10,1 02,11,0 03,10,0 03,10,1 04,10,0 E7
02,09,1 03,08,0 03,08,1 03,09,0 04,07,0 04,07,1 04,08,0 F7
03,09,1 04,09,0 04,09,1 I3
04,06,0 04,06,1 05,05,1 05,06,0 05,06,1 05,07,0 H6
02,06,1 02,07,0 02,07,1 03,06,1 03,07,0 03,07,1 F6
03,04,1 03,05,1 03,06,0 04,04,0 04,04,1 04,05,0 G6
04,05,1 05,04,0 05,04,1 05,05,0 06,04,0 06,04,1 07,04,0 H7
05,08,1 05,09,0 05,09,1 06,08,1 06,09,0 C5
03,03,1 04,02,1 04,03,0 04,03,1 05,02,0 05,03,0 05,03,1 G7
02,11,1 03,11,0 03,11,1 04,11,0 I4
02,12,0 02,12,1 03,12,0 03,12,1 04,12,0 I5
02,13,1 03,13,0 03,13,1 04,13,0 04,13,1 05,13,0 I6
04,10,1 05,10,0 05,10,1 06,10,0 06,10,1 07,10,0 07,10,1 I7
06,09,1 07,09,0 07,09,1 08,09,0 08,09,1 08,10,0 J6
04,11,1 04,12,1 05,11,0 05,11,1 05,12,0 06,11,0 V6
05,13,1 06,13,0 06,13,1 07,12,1 07,13,0 L5
05,12,1 06,11,1 06,12,0 06,12,1 T4
07,11,0 07,11,1 07,12,0 08,11,0 08,11,1 08,12,0 09,11,0 M7
08,10,1 09,07,1 09,08,0 09,08,1 09,09,0 09,09,1 09,10,0 L7
08,06,1 08,07,0 08,07,1 08,08,0 08,08,1 09,05,1 09,06,0 R7
09,10,1 10,08,1 10,09,0 10,09,1 10,10,0 11,07,1 11,08,0 N7
11,08,1 11,09,0 12,07,0 12,07,1 12,08,0 13,07,0 P6
11,06,1 11,07,0 12,06,0 12,06,1 13,05,1 13,06,0 13,06,1 Q7
09,06,1 09,07,0 10,06,0 10,06,1 10,07,0 10,07,1 10,08,0 J7
05,01,1 06,00,1 06,01,0 07,00,0 07,00,1 07,01,0 07,01,1 V7
08,00,0 08,00,1 08,01,0 09,00,0 09,00,1 P5
05,02,1 06,01,1 06,02,0 06,02,1 06,03,0 07,02,0 X6
06,03,1 07,02,1 07,03,0 07,03,1 08,02,1 08,03,0 09,02,0 U7
08,01,1 08,02,0 09,01,0 09,01,1 10,00,0 10,00,1 10,01,0 S7
10,01,1 10,02,0 11,00,0 11,00,1 11,01,0 12,00,0 12,00,1 T7
09,02,1 09,03,0 09,03,1 10,02,1 10,03,0 10,03,1 10,04,0 Z7
12,01,0 12,01,1 13,00,0 13,00,1 13,01,0 13,01,1 13,02,0 Y7
11,01,1 11,02,0 11,02,1 12,02,0 12,02,1 12,03,0 S6
10,04,1 10,05,0 11,03,0 11,03,1 11,04,0 11,04,1 12,04,0 W7
10,05,1 11,05,0 11,05,1 11,06,0 12,04,1 12,05,0 12,05,1 X7
12,03,1 13,02,1 13,03,0 13,03,1 13,04,0 13,04,1 13,05,0 P7

              ____________________________
             /        \           \       \
            /___    ___\___________\____   \
           /    \  /        \   \      /\  /\
          /      \/__________\   \    /  \/  \
         /       /\       \       \  /        \
        /_______/  \_______\_______\/__________\
       /    \           \              /\   \   \
      /___   \___________\____________/  \   \   \
     /    \   \   \      /    \          /   /   /\
    /   ___\   \   \____/      \________/   /   /  \
   /    \  /   /    \   \  /\  /   /   /   /\   \   \
  /___   \/___/___   \   \/  \/   /   /   /  \   \   \
 /    \  /       /   /\   \  /   /   /\  /   /\  /    \
/      \/       /___/  \   \/   /   /  \/   /  \/______\
\      /\  /\  /       /   /\   \   \      /\          /
 \____/  \/  \/___    /   /  \   \   \____/  \____    /
  \       \   \   \  /   /   /\   \  /\          /\  /
   \    ___\   \   \/___/   /  \___\/  \____    /  \/
    \   \      /        \   \      /\       \  /   /
     \___\____/__________\   \____/  \    ___\/   /
      \          /\       \  /       /   /\      /
       \    ____/  \       \/       /___/  \    /
        \   \       \  /\   \  /\  /       /\  /
         \___\    ___\/  \___\/  \/   ____/  \/
          \   \  /   /\       \   \  /       /
           \   \/   /  \____   \   \/___    /
            \      /       /   /       /   /
             \____/_______/___/_______/___/

solution 2 (68,384 searches):
07,04,1 07,05,0 07,05,1 07,06,0 08,03,1 08,04,0 C6
08,04,1 08,05,0 09,04,0 09,04,1 C4
06,07,1 06,08,0 D2
00,06,1 00,07,0 00,07,1 01,06,0 01,06,1 01,07,0 O6
00,08,0 00,08,1 00,09,0 00,09,1 01,07,1 01,08,0 01,09,0 A7
01,05,1 02,04,1 02,05,0 02,05,1 02,06,0 03,04,0 03,05,0 B7
00,10,0 00,10,1 01,09,1 01,10,0 02,08,0 02,08,1 02,09,0 C7
01,08,1 T1
00,11,0 00,11,1 00,12,0 00,12,1 01,11,0 01,11,1 01,12,0 D7
00,13,0 00,13,1 01,12,1 01,13,0 01,13,1 02,13,0 E6
01,10,1 02,10,0 02,10,1 02,11,0 03,10,0 03,10,1 04,10,0 E7
02,09,1 03,08,0 03,08,1 03,09,0 04,07,0 04,07,1 04,08,0 F7
03,09,1 04,09,0 04,09,1 I3
04,06,0 04,06,1 05,05,1 05,06,0 05,06,1 05,07,0 H6
02,06,1 02,07,0 02,07,1 03,06,1 03,07,0 03,07,1 F6
03,04,1 03,05,1 03,06,0 04,04,0 04,04,1 04,05,0 G6
04,05,1 05,04,0 05,04,1 05,05,0 06,04,0 06,04,1 07,04,0 H7
05,08,1 05,09,0 05,09,1 06,08,1 06,09,0 C5
03,03,1 04,02,1 04,03,0 04,03,1 05,02,0 05,03,0 05,03,1 G7
02,11,1 03,11,0 03,11,1 04,11,0 I4
02,12,0 02,12,1 03,12,0 03,12,1 04,12,0 I5
02,13,1 03,13,0 03,13,1 04,13,0 04,13,1 05,13,0 I6
04,10,1 05,10,0 05,10,1 06,10,0 06,10,1 07,10,0 07,10,1 I7
06,09,1 07,09,0 07,09,1 08,09,0 08,09,1 08,10,0 J6
04,11,1 04,12,1 05,11,0 05,11,1 05,12,0 06,11,0 V6
05,13,1 06,13,0 06,13,1 07,12,1 07,13,0 L5
05,12,1 06,11,1 06,12,0 06,12,1 T4
07,11,0 07,11,1 07,12,0 08,11,0 08,11,1 08,12,0 09,11,0 M7
08,10,1 09,07,1 09,08,0 09,08,1 09,09,0 09,09,1 09,10,0 L7
08,06,1 08,07,0 08,07,1 08,08,0 08,08,1 09,05,1 09,06,0 R7
09,10,1 10,09,0 10,09,1 10,10,0 11,09,0 P5
09,06,1 09,07,0 10,06,0 10,06,1 10,07,0 10,07,1 10,08,0 J7
10,08,1 11,07,0 11,07,1 11,08,0 11,08,1 12,07,0 X6
12,06,1 12,07,1 12,08,0 13,05,1 13,06,0 13,06,1 13,07,0 U7
05,01,1 05,02,1 06,00,1 06,01,0 06,01,1 06,02,0 07,00,0 Z7
06,02,1 06,03,0 06,03,1 07,01,0 07,01,1 07,02,0 S6
07,00,1 08,00,0 08,00,1 09,00,0 09,00,1 09,01,0 10,00,0 P7
07,02,1 07,03,0 07,03,1 08,01,0 08,01,1 08,02,0 08,03,0 S7
08,02,1 09,01,1 09,02,0 09,02,1 10,00,1 10,01,0 P6
09,03,0 09,03,1 10,03,0 10,03,1 10,04,0 10,04,1 11,04,0 N7
10,05,0 10,05,1 11,04,1 11,05,0 11,05,1 11,06,0 12,04,0 W7
11,06,1 12,04,1 12,05,0 12,05,1 12,06,0 13,04,1 13,05,0 Y7
11,03,1 12,03,0 12,03,1 13,02,1 13,03,0 13,03,1 13,04,0 T7
11,02,0 11,02,1 11,03,0 12,01,1 12,02,0 12,02,1 13,02,0 X7
10,01,1 10,02,0 10,02,1 11,00,0 11,00,1 11,01,0 12,00,0 Q7
11,01,1 12,00,1 12,01,0 13,00,0 13,00,1 13,01,0 13,01,1 V7

              ____________________________
             /        \           \       \
            /___    ___\___________\____   \
           /    \  /        \   \      /\  /\
          /      \/__________\   \    /  \/  \
         /       /\       \       \  /        \
        /_______/  \_______\_______\/__________\
       /    \           \              /\   \   \
      /___   \___________\____________/  \   \   \
     /    \   \   \      /    \          /   /    \
    /   ___\   \   \____/      \________/   /______\
   /    \  /   /    \   \  /\  /   /   /   /\      /\
  /___   \/___/___   \   \/  \/   /   /   /  \    /  \
 /    \  /       /   /\   \  /   /   /\  /   /    \   \
/      \/       /___/  \   \/   /   /  \/   /______\   \
\      /\  /\  /       /   /\   \   \      /\   \      /
 \____/  \/  \/___    /   /  \   \   \____/  \   \    /
  \       \   \   \  /   /   /\   \  /       /    \  /
   \    ___\   \   \/___/   /  \___\/___    /      \/
    \   \      /        \   \      /    \   \  /\  /
     \___\____/__________\   \____/   ___\___\/  \/
      \          /   /    \  /       /\          /
       \    ____/   /   ___\/_______/  \____    /
        \   \   \   \   \      /   /        \  /
         \___\   \   \   \    /   /___    ___\/
          \      /   /   /\   \   \   \  /   /
           \    /___/___/  \   \   \   \/   /
            \   \           \  /    \      /
             \___\___________\/______\____/

solution 3 (68,548 searches):
07,04,1 07,05,0 07,05,1 07,06,0 08,03,1 08,04,0 C6
08,04,1 08,05,0 09,04,0 09,04,1 C4
06,07,1 06,08,0 D2
00,06,1 00,07,0 00,07,1 01,06,0 01,06,1 01,07,0 O6
00,08,0 00,08,1 00,09,0 00,09,1 01,07,1 01,08,0 01,09,0 A7
01,05,1 02,04,1 02,05,0 02,05,1 02,06,0 03,04,0 03,05,0 B7
00,10,0 00,10,1 01,09,1 01,10,0 02,08,0 02,08,1 02,09,0 C7
01,08,1 T1
00,11,0 00,11,1 00,12,0 00,12,1 01,11,0 01,11,1 01,12,0 D7
00,13,0 00,13,1 01,12,1 01,13,0 01,13,1 02,13,0 E6
01,10,1 02,10,0 02,10,1 02,11,0 03,10,0 03,10,1 04,10,0 E7
02,09,1 03,08,0 03,08,1 03,09,0 04,07,0 04,07,1 04,08,0 F7
03,09,1 04,09,0 04,09,1 I3
04,06,0 04,06,1 05,05,1 05,06,0 05,06,1 05,07,0 H6
02,06,1 02,07,0 02,07,1 03,06,1 03,07,0 03,07,1 F6
03,04,1 03,05,1 03,06,0 04,04,0 04,04,1 04,05,0 G6
04,05,1 05,04,0 05,04,1 05,05,0 06,04,0 06,04,1 07,04,0 H7
05,08,1 05,09,0 05,09,1 06,08,1 06,09,0 C5
03,03,1 04,02,1 04,03,0 04,03,1 05,02,0 05,03,0 05,03,1 G7
02,11,1 03,11,0 03,11,1 04,11,0 I4
02,12,0 02,12,1 03,12,0 03,12,1 04,12,0 I5
02,13,1 03,13,0 03,13,1 04,13,0 04,13,1 05,13,0 I6
04,10,1 05,10,0 05,10,1 06,10,0 06,10,1 07,10,0 07,10,1 I7
06,09,1 07,09,0 07,09,1 08,09,0 08,09,1 08,10,0 J6
04,11,1 04,12,1 05,11,0 05,11,1 05,12,0 06,11,0 V6
05,13,1 06,13,0 06,13,1 07,12,1 07,13,0 L5
05,12,1 06,11,1 06,12,0 06,12,1 T4
07,11,0 07,11,1 07,12,0 08,11,0 08,11,1 08,12,0 09,11,0 M7
08,10,1 09,07,1 09,08,0 09,08,1 09,09,0 09,09,1 09,10,0 L7
08,06,1 08,07,0 08,07,1 08,08,0 08,08,1 09,05,1 09,06,0 R7
09,10,1 10,09,0 10,09,1 10,10,0 11,09,0 P5
09,06,1 09,07,0 10,06,0 10,06,1 10,07,0 10,07,1 10,08,0 J7
10,08,1 11,07,0 11,07,1 11,08,0 11,08,1 12,07,0 X6
12,06,1 12,07,1 12,08,0 13,05,1 13,06,0 13,06,1 13,07,0 U7
05,01,1 05,02,1 06,00,1 06,01,0 06,01,1 06,02,0 07,00,0 Z7
06,02,1 06,03,0 06,03,1 07,01,0 07,01,1 07,02,0 S6
07,00,1 08,00,0 08,00,1 09,00,0 09,00,1 09,01,0 10,00,0 P7
07,02,1 07,03,0 07,03,1 08,01,0 08,01,1 08,02,0 08,03,0 S7
08,02,1 09,01,1 09,02,0 09,02,1 09,03,0 09,03,1 10,03,0 Q7
10,00,1 10,01,0 10,01,1 10,02,0 11,00,0 11,00,1 12,00,0 V7
12,01,1 12,02,0 13,00,0 13,00,1 13,01,0 13,01,1 13,02,0 Y7
10,02,1 11,01,0 11,01,1 11,02,0 11,02,1 12,00,1 12,01,0 X7
10,03,1 11,03,0 11,03,1 11,04,0 11,04,1 12,02,1 12,03,0 W7
10,04,0 10,04,1 10,05,0 10,05,1 11,05,0 11,05,1 11,06,0 N7
11,06,1 12,04,0 12,04,1 12,05,0 12,05,1 12,06,0 13,05,0 T7
12,03,1 13,02,1 13,03,0 13,03,1 13,04,0 13,04,1 P6

              ____________________________
             /        \           \       \
            /___    ___\___________\____   \
           /    \  /        \   \      /\  /\
          /      \/__________\   \    /  \/  \
         /       /\       \       \  /        \
        /_______/  \_______\_______\/__________\
       /    \           \              /\   \   \
      /___   \___________\____________/  \   \   \
     /    \   \   \      /    \          /   /    \
    /   ___\   \   \____/      \________/   /______\
   /    \  /   /    \   \  /\  /   /   /   /\      /\
  /___   \/___/___   \   \/  \/   /   /   /  \    /  \
 /    \  /       /   /\   \  /   /   /\  /   /    \   \
/      \/       /___/  \   \/   /   /  \/   /______\   \
\      /\  /\  /       /   /\   \   \      /\   \      /
 \____/  \/  \/___    /   /  \   \   \____/  \   \    /
  \       \   \   \  /   /   /\   \  /       /    \  /
   \    ___\   \   \/___/   /  \___\/   ____/   ___\/
    \   \      /        \   \      /   /   /   /   /
     \___\____/__________\   \____/___/   /___/   /
      \          /   /    \  /    \       \      /
       \    ____/   /   ___\/   ___\____   \    /
        \   \   \   \   \      /\      /\  /\  /
         \___\   \   \   \    /  \    /  \/  \/
          \      /   /   /\  /   /    \      /
           \    /___/___/  \/   /___   \    /
            \   \           \       \  /   /
             \___\___________\_______\/___/

solution 4 (79,734 searches):
07,04,1 07,05,0 07,05,1 07,06,0 08,03,1 08,04,0 C6
08,04,1 08,05,0 09,04,0 09,04,1 C4
06,07,1 06,08,0 D2
00,06,1 00,07,0 00,07,1 01,06,0 01,06,1 01,07,0 O6
00,08,0 00,08,1 00,09,0 00,09,1 01,07,1 01,08,0 01,09,0 A7
01,05,1 02,04,1 02,05,0 02,05,1 02,06,0 03,04,0 03,05,0 B7
00,10,0 00,10,1 01,09,1 01,10,0 02,08,0 02,08,1 02,09,0 C7
01,08,1 T1
00,11,0 00,11,1 00,12,0 00,12,1 01,11,0 01,11,1 01,12,0 D7
00,13,0 00,13,1 01,12,1 01,13,0 01,13,1 02,13,0 E6
01,10,1 02,10,0 02,10,1 02,11,0 03,10,0 03,10,1 04,10,0 E7
02,09,1 03,08,0 03,08,1 03,09,0 04,07,0 04,07,1 04,08,0 F7
03,09,1 04,09,0 04,09,1 I3
04,06,0 04,06,1 05,05,1 05,06,0 05,06,1 05,07,0 H6
02,06,1 02,07,0 02,07,1 03,06,1 03,07,0 03,07,1 F6
03,04,1 03,05,1 03,06,0 04,04,0 04,04,1 04,05,0 G6
04,05,1 05,04,0 05,04,1 05,05,0 06,04,0 06,04,1 07,04,0 H7
05,08,1 05,09,0 05,09,1 06,08,1 06,09,0 C5
03,03,1 04,02,1 04,03,0 04,03,1 05,02,0 05,03,0 05,03,1 G7
02,11,1 03,11,0 03,11,1 04,11,0 I4
02,12,0 02,12,1 03,12,0 03,12,1 04,12,0 I5
02,13,1 03,13,0 03,13,1 04,13,0 04,13,1 05,13,0 I6
04,10,1 05,10,0 05,10,1 06,10,0 06,10,1 07,10,0 07,10,1 I7
06,09,1 07,09,0 07,09,1 08,09,0 08,09,1 08,10,0 J6
04,11,1 04,12,1 05,11,0 05,11,1 05,12,0 06,11,0 V6
05,13,1 06,13,0 06,13,1 07,12,1 07,13,0 L5
05,12,1 06,11,1 06,12,0 06,12,1 T4
07,11,0 07,11,1 07,12,0 08,11,0 08,11,1 08,12,0 09,11,0 M7
08,10,1 09,07,1 09,08,0 09,08,1 09,09,0 09,09,1 09,10,0 L7
08,06,1 08,07,0 08,07,1 08,08,0 08,08,1 09,05,1 09,06,0 R7
09,10,1 10,09,0 10,09,1 10,10,0 11,09,0 P5
09,06,1 09,07,0 10,06,0 10,06,1 10,07,0 10,07,1 10,08,0 J7
10,08,1 11,07,0 11,07,1 11,08,0 11,08,1 12,07,0 X6
12,06,0 12,06,1 12,07,1 12,08,0 13,06,0 13,06,1 13,07,0 V7
12,05,1 13,03,1 13,04,0 13,04,1 13,05,0 13,05,1 P6
10,05,1 11,05,0 11,05,1 11,06,0 11,06,1 12,04,1 12,05,0 W7
10,04,0 10,04,1 10,05,0 11,04,0 11,04,1 12,03,1 12,04,0 Q7
12,02,1 12,03,0 13,01,0 13,01,1 13,02,0 13,02,1 13,03,0 Y7
11,00,0 11,00,1 11,01,0 12,00,0 12,00,1 13,00,0 13,00,1 P7
11,02,1 11,03,0 11,03,1 12,01,0 12,01,1 12,02,0 S6
09,03,1 10,02,0 10,02,1 10,03,0 10,03,1 11,01,1 11,02,0 X7
07,03,0 07,03,1 08,02,1 08,03,0 09,02,0 09,02,1 09,03,0 S7
06,02,1 06,03,0 06,03,1 07,00,1 07,01,0 07,01,1 07,02,0 N7
05,01,1 05,02,1 06,00,1 06,01,0 06,01,1 06,02,0 07,00,0 Z7
07,02,1 08,00,0 08,00,1 08,01,0 08,01,1 08,02,0 09,01,0 T7
09,00,0 09,00,1 09,01,1 10,00,0 10,00,1 10,01,0 10,01,1 U7

              ____________________________
             /        \           \       \
            /___    ___\___________\____   \
           /    \  /        \   \      /\  /\
          /      \/__________\   \    /  \/  \
         /       /\       \       \  /        \
        /_______/  \_______\_______\/__________\
       /    \           \              /\   \   \
      /___   \___________\____________/  \   \   \
     /    \   \   \      /    \          /   /    \
    /   ___\   \   \____/      \________/   /______\
   /    \  /   /    \   \  /\  /   /   /   /\      /\
  /___   \/___/___   \   \/  \/   /   /   /  \    /  \
 /    \  /       /   /\   \  /   /   /\  /   /    \   \
/      \/       /___/  \   \/   /   /  \/   /______\   \
\      /\  /\  /       /   /\   \   \      /   /       /
 \____/  \/  \/___    /   /  \   \   \____/   /_______/
  \       \   \   \  /   /   /\   \  /\       \      /
   \    ___\   \   \/___/   /  \___\/  \____   \    /
    \   \      /        \   \      /        \  /   /
     \___\____/__________\   \____/_______   \/   /
      \          /   /    \  /\      /   /\  /\  /
       \    ____/   /___   \/  \    /   /  \/  \/
        \   \   \   \   \      /    \   \      /
         \___\   \   \   \____/___   \   \    /
          \      /   /    \      /\  /   /   /
           \    /   /   ___\    /  \/___/___/
            \   \  /   /       /           /
             \___\/___/_______/___________/

solution 5 (86,946 searches):
07,04,1 07,05,0 07,05,1 07,06,0 08,03,1 08,04,0 C6
08,04,1 08,05,0 09,04,0 09,04,1 C4
06,07,1 06,08,0 D2
00,06,1 00,07,0 00,07,1 01,06,0 01,06,1 01,07,0 O6
00,08,0 00,08,1 00,09,0 00,09,1 01,07,1 01,08,0 01,09,0 A7
01,05,1 02,04,1 02,05,0 02,05,1 02,06,0 03,04,0 03,05,0 B7
00,10,0 00,10,1 01,09,1 01,10,0 02,08,0 02,08,1 02,09,0 C7
01,08,1 T1
00,11,0 00,11,1 00,12,0 00,12,1 01,11,0 01,11,1 01,12,0 D7
00,13,0 00,13,1 01,12,1 01,13,0 01,13,1 02,13,0 E6
01,10,1 02,10,0 02,10,1 02,11,0 03,10,0 03,10,1 04,10,0 E7
02,09,1 03,08,0 03,08,1 03,09,0 04,07,0 04,07,1 04,08,0 F7
03,09,1 04,09,0 04,09,1 I3
04,06,0 04,06,1 05,05,1 05,06,0 05,06,1 05,07,0 H6
02,06,1 02,07,0 02,07,1 03,06,1 03,07,0 03,07,1 F6
03,04,1 03,05,1 03,06,0 04,04,0 04,04,1 04,05,0 G6
04,05,1 05,04,0 05,04,1 05,05,0 06,04,0 06,04,1 07,04,0 H7
05,08,1 05,09,0 05,09,1 06,08,1 06,09,0 C5
03,03,1 04,02,1 04,03,0 04,03,1 05,02,0 05,03,0 05,03,1 G7
02,11,1 03,11,0 03,11,1 04,11,0 I4
02,12,0 02,12,1 03,12,0 03,12,1 04,12,0 I5
02,13,1 03,13,0 03,13,1 04,13,0 04,13,1 05,13,0 I6
04,10,1 05,10,0 05,10,1 06,10,0 06,10,1 07,10,0 07,10,1 I7
06,09,1 07,09,0 07,09,1 08,09,0 08,09,1 08,10,0 J6
04,11,1 04,12,1 05,11,0 05,11,1 05,12,0 06,11,0 V6
05,13,1 06,13,0 06,13,1 07,12,1 07,13,0 L5
05,12,1 06,11,1 06,12,0 06,12,1 T4
07,11,0 07,11,1 07,12,0 08,11,0 08,11,1 08,12,0 09,11,0 M7
08,10,1 09,07,1 09,08,0 09,08,1 09,09,0 09,09,1 09,10,0 L7
08,06,1 08,07,0 08,07,1 08,08,0 08,08,1 09,05,1 09,06,0 R7
09,10,1 10,09,0 10,09,1 10,10,0 11,09,0 P5
09,06,1 09,07,0 10,06,0 10,06,1 10,07,0 10,07,1 10,08,0 J7
10,08,1 11,07,0 11,07,1 11,08,0 11,08,1 12,07,0 X6
12,06,0 12,06,1 12,07,1 12,08,0 13,06,0 13,06,1 13,07,0 V7
12,05,1 13,03,0 13,03,1 13,04,0 13,04,1 13,05,0 13,05,1 P7
11,05,1 11,06,0 11,06,1 12,03,1 12,04,0 12,04,1 12,05,0 N7
10,05,0 10,05,1 11,03,1 11,04,0 11,04,1 11,05,0 12,03,0 S7
09,03,1 10,03,0 10,03,1 10,04,0 10,04,1 11,02,1 11,03,0 W7
12,02,1 13,00,1 13,01,0 13,01,1 13,02,0 13,02,1 P6
11,01,1 12,00,0 12,00,1 12,01,0 12,01,1 12,02,0 13,00,0 X7
09,02,1 09,03,0 10,01,1 10,02,0 10,02,1 11,01,0 11,02,0 Y7
09,01,1 09,02,0 10,00,0 10,00,1 10,01,0 11,00,0 11,00,1 T7
05,01,1 06,00,1 06,01,0 06,01,1 07,00,0 07,00,1 08,00,0 U7
05,02,1 06,02,0 06,02,1 06,03,0 06,03,1 07,03,0 S6
07,02,1 07,03,1 08,01,1 08,02,0 08,02,1 08,03,0 09,01,0 Z7
07,01,0 07,01,1 07,02,0 08,00,1 08,01,0 09,00,0 09,00,1 Q7

              ____________________________
             /        \           \       \
            /___    ___\___________\____   \
           /    \  /        \   \      /\  /\
          /      \/__________\   \    /  \/  \
         /       /\       \       \  /        \
        /_______/  \_______\_______\/__________\
       /    \           \              /\   \   \
      /___   \___________\____________/  \   \   \
     /    \   \   \      /    \          /   /    \
    /   ___\   \   \____/      \________/   /______\
   /    \  /   /    \   \  /\  /   /   /   /\      /\
  /___   \/___/___   \   \/  \/   /   /   /  \    /  \
 /    \  /       /   /\   \  /   /   /\  /   /    \   \
/      \/       /___/  \   \/   /   /  \/   /______\   \
\      /\  /\  /       /   /\   \   \      /   /       /
 \____/  \/  \/___    /   /  \   \   \____/   /_______/
  \       \   \   \  /   /   /\   \  /    \   \      /
   \    ___\   \   \/___/   /  \___\/___   \   \    /
    \   \      /        \   \      /   /   /   /   /
     \___\____/__________\   \____/   /   /   /   /
      \          /    \   \  /\       \   \  /   /
       \    ____/   ___\   \/  \____   \___\/___/
        \   \      /\      /\       \  /\      /
         \___\____/  \    /  \    ___\/  \    /
          \      /    \   \   \   \      /   /
           \    /___   \___\   \___\    /   /
            \       \      /       /    \  /
             \_______\____/_______/______\/

solution 6 (88,115 searches):
07,04,1 07,05,0 07,05,1 07,06,0 08,03,1 08,04,0 C6
08,04,1 08,05,0 09,04,0 09,04,1 C4
06,07,1 06,08,0 D2
00,06,1 00,07,0 00,07,1 01,06,0 01,06,1 01,07,0 O6
00,08,0 00,08,1 00,09,0 00,09,1 01,07,1 01,08,0 01,09,0 A7
01,05,1 02,04,1 02,05,0 02,05,1 02,06,0 03,04,0 03,05,0 B7
00,10,0 00,10,1 01,09,1 01,10,0 02,08,0 02,08,1 02,09,0 C7
01,08,1 T1
00,11,0 00,11,1 00,12,0 00,12,1 01,11,0 01,11,1 01,12,0 D7
00,13,0 00,13,1 01,12,1 01,13,0 01,13,1 02,13,0 E6
01,10,1 02,10,0 02,10,1 02,11,0 03,10,0 03,10,1 04,10,0 E7
02,09,1 03,08,0 03,08,1 03,09,0 04,07,0 04,07,1 04,08,0 F7
03,09,1 04,09,0 04,09,1 I3
04,06,0 04,06,1 05,05,1 05,06,0 05,06,1 05,07,0 H6
02,06,1 02,07,0 02,07,1 03,06,1 03,07,0 03,07,1 F6
03,04,1 03,05,1 03,06,0 04,04,0 04,04,1 04,05,0 G6
04,05,1 05,04,0 05,04,1 05,05,0 06,04,0 06,04,1 07,04,0 H7
05,08,1 05,09,0 05,09,1 06,08,1 06,09,0 C5
03,03,1 04,02,1 04,03,0 04,03,1 05,02,0 05,03,0 05,03,1 G7
02,11,1 03,11,0 03,11,1 04,11,0 I4
02,12,0 02,12,1 03,12,0 03,12,1 04,12,0 I5
02,13,1 03,13,0 03,13,1 04,13,0 04,13,1 05,13,0 I6
04,10,1 05,10,0 05,10,1 06,10,0 06,10,1 07,10,0 07,10,1 I7
06,09,1 07,09,0 07,09,1 08,09,0 08,09,1 08,10,0 J6
04,11,1 04,12,1 05,11,0 05,11,1 05,12,0 06,11,0 V6
05,13,1 06,13,0 06,13,1 07,12,1 07,13,0 L5
05,12,1 06,11,1 06,12,0 06,12,1 T4
07,11,0 07,11,1 07,12,0 08,11,0 08,11,1 08,12,0 09,11,0 M7
08,10,1 09,07,1 09,08,0 09,08,1 09,09,0 09,09,1 09,10,0 L7
08,06,1 08,07,0 08,07,1 08,08,0 08,08,1 09,05,1 09,06,0 R7
09,10,1 10,09,0 10,09,1 10,10,0 11,09,0 P5
09,06,1 09,07,0 10,06,0 10,06,1 10,07,0 10,07,1 10,08,0 J7
10,08,1 11,07,0 11,07,1 11,08,0 11,08,1 12,07,0 X6
12,06,0 12,06,1 12,07,1 12,08,0 13,06,0 13,06,1 13,07,0 V7
12,05,1 13,03,0 13,03,1 13,04,0 13,04,1 13,05,0 13,05,1 P7
10,05,1 11,05,0 11,05,1 11,06,0 11,06,1 12,04,1 12,05,0 W7
10,04,0 10,04,1 10,05,0 11,04,0 11,04,1 12,04,0 P6
12,02,1 12,03,0 12,03,1 13,01,0 13,01,1 13,02,0 13,02,1 Z7
11,00,1 11,01,1 12,00,0 12,00,1 12,01,0 13,00,0 13,00,1 Y7
10,03,1 11,02,0 11,02,1 11,03,0 11,03,1 12,01,1 12,02,0 X7
05,01,1 06,00,1 06,01,0 06,01,1 07,00,0 07,00,1 08,00,0 U7
05,02,1 06,02,0 06,02,1 06,03,0 06,03,1 07,03,0 S6
07,03,1 08,01,1 08,02,0 08,02,1 08,03,0 09,00,1 09,01,0 N7
07,01,0 07,01,1 07,02,0 07,02,1 08,00,1 08,01,0 09,00,0 T7
09,01,1 09,02,0 09,02,1 10,00,0 10,00,1 10,01,0 11,00,0 Q7
09,03,0 09,03,1 10,01,1 10,02,0 10,02,1 10,03,0 11,01,0 S7

              ____________________________
             /        \           \       \
            /___    ___\___________\____   \
           /    \  /        \   \      /\  /\
          /      \/__________\   \    /  \/  \
         /       /\       \       \  /        \
        /_______/  \_______\_______\/__________\
       /    \           \              /\   \   \
      /___   \___________\____________/  \   \   \
     /    \   \   \      /    \          /   /    \
    /   ___\   \   \____/      \________/   /______\
   /    \  /   /    \   \  /\  /   /   /   /\      /\
  /___   \/___/___   \   \/  \/   /   /   /  \    /  \
 /    \  /       /   /\   \  /   /   /\  /   /    \   \
/      \/       /___/  \   \/   /   /  \/   /______\   \
\      /\  /\  /       /   /\   \   \      /   /       /
 \____/  \/  \/___    /   /  \   \   \____/   /_______/
  \       \   \   \  /   /   /\   \  /\       \      /
   \    ___\   \   \/___/   /  \___\/  \____   \    /
    \   \      /        \   \      /        \  /   /
     \___\____/__________\   \____/__________\/   /
      \          /    \   \  /    \      /   /   /
       \    ____/   ___\   \/___   \    /   /___/
        \   \      /   /   /   /   /    \      /
         \___\____/   /   /   /   /___   \    /
          \      /    \   \   \   \   \  /   /
           \    /___   \   \   \___\   \/___/
            \       \   \  /    \          /
             \_______\___\/______\________/

solution 7 (88,210 searches):
07,04,1 07,05,0 07,05,1 07,06,0 08,03,1 08,04,0 C6
08,04,1 08,05,0 09,04,0 09,04,1 C4
06,07,1 06,08,0 D2
00,06,1 00,07,0 00,07,1 01,06,0 01,06,1 01,07,0 O6
00,08,0 00,08,1 00,09,0 00,09,1 01,07,1 01,08,0 01,09,0 A7
01,05,1 02,04,1 02,05,0 02,05,1 02,06,0 03,04,0 03,05,0 B7
00,10,0 00,10,1 01,09,1 01,10,0 02,08,0 02,08,1 02,09,0 C7
01,08,1 T1
00,11,0 00,11,1 00,12,0 00,12,1 01,11,0 01,11,1 01,12,0 D7
00,13,0 00,13,1 01,12,1 01,13,0 01,13,1 02,13,0 E6
01,10,1 02,10,0 02,10,1 02,11,0 03,10,0 03,10,1 04,10,0 E7
02,09,1 03,08,0 03,08,1 03,09,0 04,07,0 04,07,1 04,08,0 F7
03,09,1 04,09,0 04,09,1 I3
04,06,0 04,06,1 05,05,1 05,06,0 05,06,1 05,07,0 H6
02,06,1 02,07,0 02,07,1 03,06,1 03,07,0 03,07,1 F6
03,04,1 03,05,1 03,06,0 04,04,0 04,04,1 04,05,0 G6
04,05,1 05,04,0 05,04,1 05,05,0 06,04,0 06,04,1 07,04,0 H7
05,08,1 05,09,0 05,09,1 06,08,1 06,09,0 C5
03,03,1 04,02,1 04,03,0 04,03,1 05,02,0 05,03,0 05,03,1 G7
02,11,1 03,11,0 03,11,1 04,11,0 I4
02,12,0 02,12,1 03,12,0 03,12,1 04,12,0 I5
02,13,1 03,13,0 03,13,1 04,13,0 04,13,1 05,13,0 I6
04,10,1 05,10,0 05,10,1 06,10,0 06,10,1 07,10,0 07,10,1 I7
06,09,1 07,09,0 07,09,1 08,09,0 08,09,1 08,10,0 J6
04,11,1 04,12,1 05,11,0 05,11,1 05,12,0 06,11,0 V6
05,13,1 06,13,0 06,13,1 07,12,1 07,13,0 L5
05,12,1 06,11,1 06,12,0 06,12,1 T4
07,11,0 07,11,1 07,12,0 08,11,0 08,11,1 08,12,0 09,11,0 M7
08,10,1 09,07,1 09,08,0 09,08,1 09,09,0 09,09,1 09,10,0 L7
08,06,1 08,07,0 08,07,1 08,08,0 08,08,1 09,05,1 09,06,0 R7
09,10,1 10,09,0 10,09,1 10,10,0 11,09,0 P5
09,06,1 09,07,0 10,06,0 10,06,1 10,07,0 10,07,1 10,08,0 J7
10,08,1 11,07,0 11,07,1 11,08,0 11,08,1 12,07,0 X6
12,06,0 12,06,1 12,07,1 12,08,0 13,06,0 13,06,1 13,07,0 V7
12,05,1 13,03,0 13,03,1 13,04,0 13,04,1 13,05,0 13,05,1 P7
10,05,1 11,05,0 11,05,1 11,06,0 11,06,1 12,04,1 12,05,0 W7
10,04,0 10,04,1 10,05,0 11,04,0 11,04,1 12,04,0 P6
12,02,1 12,03,0 12,03,1 13,01,0 13,01,1 13,02,0 13,02,1 Z7
11,00,1 12,00,0 12,00,1 12,01,0 12,01,1 13,00,0 13,00,1 Y7
10,03,1 11,01,1 11,02,0 11,02,1 11,03,0 11,03,1 12,02,0 X7
05,01,1 06,00,1 06,01,0 06,01,1 07,00,0 07,00,1 08,00,0 U7
05,02,1 06,02,0 06,02,1 06,03,0 06,03,1 07,03,0 S6
07,03,1 08,01,1 08,02,0 08,02,1 08,03,0 09,00,1 09,01,0 N7
07,01,0 07,01,1 07,02,0 07,02,1 08,00,1 08,01,0 09,00,0 T7
09,01,1 09,02,0 09,02,1 10,00,0 10,00,1 10,01,0 11,00,0 Q7
09,03,0 09,03,1 10,01,1 10,02,0 10,02,1 10,03,0 11,01,0 S7

              ____________________________
             /        \           \       \
            /___    ___\___________\____   \
           /    \  /        \   \      /\  /\
          /      \/__________\   \    /  \/  \
         /       /\       \       \  /        \
        /_______/  \_______\_______\/__________\
       /    \           \              /\   \   \
      /___   \___________\____________/  \   \   \
     /    \   \   \      /    \          /   /    \
    /   ___\   \   \____/      \________/   /______\
   /    \  /   /    \   \  /\  /   /   /   /\      /\
  /___   \/___/___   \   \/  \/   /   /   /  \    /  \
 /    \  /       /   /\   \  /   /   /\  /   /    \   \
/      \/       /___/  \   \/   /   /  \/   /______\   \
\      /\  /\  /       /   /\   \   \      /   /       /
 \____/  \/  \/___    /   /  \   \   \____/   /_______/
  \       \   \   \  /   /   /\   \  /\       \      /
   \    ___\   \   \/___/   /  \___\/  \____   \    /
    \   \      /        \   \      /        \  /   /
     \___\____/__________\   \____/__________\/   /
      \          /    \   \  /    \      /   /   /
       \    ____/   ___\   \/___   \    /   /___/
        \   \      /   /   /   /   /    \      /
         \___\____/   /   /   /   /   ___\    /
          \      /    \   \   \   \  /   /   /
           \    /___   \   \   \___\/   /___/
            \       \   \  /    \          /
             \_______\___\/______\________/

solution 8 (90,934 searches):
07,04,1 07,05,0 07,05,1 07,06,0 08,03,1 08,04,0 C6
08,04,1 08,05,0 09,04,0 09,04,1 C4
06,07,1 06,08,0 D2
00,06,1 00,07,0 00,07,1 01,06,0 01,06,1 01,07,0 O6
00,08,0 00,08,1 00,09,0 00,09,1 01,07,1 01,08,0 01,09,0 A7
01,05,1 02,04,1 02,05,0 02,05,1 02,06,0 03,04,0 03,05,0 B7
00,10,0 00,10,1 01,09,1 01,10,0 02,08,0 02,08,1 02,09,0 C7
01,08,1 T1
00,11,0 00,11,1 00,12,0 00,12,1 01,11,0 01,11,1 01,12,0 D7
00,13,0 00,13,1 01,12,1 01,13,0 01,13,1 02,13,0 E6
01,10,1 02,10,0 02,10,1 02,11,0 03,10,0 03,10,1 04,10,0 E7
02,09,1 03,08,0 03,08,1 03,09,0 04,07,0 04,07,1 04,08,0 F7
03,09,1 04,09,0 04,09,1 I3
04,06,0 04,06,1 05,05,1 05,06,0 05,06,1 05,07,0 H6
02,06,1 02,07,0 02,07,1 03,06,1 03,07,0 03,07,1 F6
03,04,1 03,05,1 03,06,0 04,04,0 04,04,1 04,05,0 G6
04,05,1 05,04,0 05,04,1 05,05,0 06,04,0 06,04,1 07,04,0 H7
05,08,1 05,09,0 05,09,1 06,08,1 06,09,0 C5
03,03,1 04,02,1 04,03,0 04,03,1 05,02,0 05,03,0 05,03,1 G7
02,11,1 03,11,0 03,11,1 04,11,0 I4
02,12,0 02,12,1 03,12,0 03,12,1 04,12,0 I5
02,13,1 03,13,0 03,13,1 04,13,0 04,13,1 05,13,0 I6
04,10,1 05,10,0 05,10,1 06,10,0 06,10,1 07,10,0 07,10,1 I7
06,09,1 07,09,0 07,09,1 08,09,0 08,09,1 08,10,0 J6
04,11,1 04,12,1 05,11,0 05,11,1 05,12,0 06,11,0 V6
05,13,1 06,13,0 06,13,1 07,12,1 07,13,0 L5
05,12,1 06,11,1 06,12,0 06,12,1 T4
07,11,0 07,11,1 07,12,0 08,11,0 08,11,1 08,12,0 09,11,0 M7
08,10,1 09,07,1 09,08,0 09,08,1 09,09,0 09,09,1 09,10,0 L7
08,06,1 08,07,0 08,07,1 08,08,0 08,08,1 09,05,1 09,06,0 R7
09,10,1 10,09,0 10,09,1 10,10,0 11,09,0 P5
09,06,1 09,07,0 10,06,0 10,06,1 10,07,0 10,07,1 10,08,0 J7
10,08,1 11,07,0 11,07,1 11,08,0 11,08,1 12,07,0 X6
12,06,0 12,06,1 12,07,1 12,08,0 13,06,0 13,06,1 13,07,0 V7
12,05,1 13,03,0 13,03,1 13,04,0 13,04,1 13,05,0 13,05,1 P7
10,05,1 11,05,0 11,05,1 11,06,0 11,06,1 12,04,1 12,05,0 W7
10,04,0 10,04,1 10,05,0 11,04,0 11,04,1 12,03,1 12,04,0 Q7
11,03,1 12,02,0 12,02,1 12,03,0 13,01,1 13,02,0 13,02,1 X7
11,01,1 11,02,0 11,02,1 12,01,0 12,01,1 13,00,1 13,01,0 S7
11,00,0 11,00,1 11,01,0 12,00,0 12,00,1 13,00,0 P6
09,03,0 09,03,1 10,02,0 10,02,1 10,03,0 10,03,1 11,03,0 Y7
05,01,1 06,00,1 06,01,0 06,01,1 07,00,0 07,00,1 08,00,0 U7
05,02,1 06,02,0 06,02,1 06,03,0 06,03,1 07,03,0 S6
07,03,1 08,01,1 08,02,0 08,02,1 08,03,0 09,00,1 09,01,0 N7
07,01,0 07,01,1 07,02,0 07,02,1 08,00,1 08,01,0 09,00,0 T7
09,01,1 09,02,0 09,02,1 10,00,0 10,00,1 10,01,0 10,01,1 Z7

              ____________________________
             /        \           \       \
            /___    ___\___________\____   \
           /    \  /        \   \      /\  /\
          /      \/__________\   \    /  \/  \
         /       /\       \       \  /        \
        /_______/  \_______\_______\/__________\
       /    \           \              /\   \   \
      /___   \___________\____________/  \   \   \
     /    \   \   \      /    \          /   /    \
    /   ___\   \   \____/      \________/   /______\
   /    \  /   /    \   \  /\  /   /   /   /\      /\
  /___   \/___/___   \   \/  \/   /   /   /  \    /  \
 /    \  /       /   /\   \  /   /   /\  /   /    \   \
/      \/       /___/  \   \/   /   /  \/   /______\   \
\      /\  /\  /       /   /\   \   \      /   /       /
 \____/  \/  \/___    /   /  \   \   \____/   /_______/
  \       \   \   \  /   /   /\   \  /\       \      /
   \    ___\   \   \/___/   /  \___\/  \____   \    /
    \   \      /        \   \      /        \  /   /
     \___\____/__________\   \____/_______   \/   /
      \          /    \   \  /        \   \  /   /
       \    ____/   ___\   \/___    ___\   \/___/
        \   \      /   /   /   /   /   /       /
         \___\____/   /   /   /___/   /___    /
          \      /    \   \      /\       \  /
           \    /___   \   \    /  \____   \/
            \       \   \  /   /        \  /
             \_______\___\/___/__________\/

solution 9 (90,966 searches):
07,04,1 07,05,0 07,05,1 07,06,0 08,03,1 08,04,0 C6
08,04,1 08,05,0 09,04,0 09,04,1 C4
06,07,1 06,08,0 D2
00,06,1 00,07,0 00,07,1 01,06,0 01,06,1 01,07,0 O6
00,08,0 00,08,1 00,09,0 00,09,1 01,07,1 01,08,0 01,09,0 A7
01,05,1 02,04,1 02,05,0 02,05,1 02,06,0 03,04,0 03,05,0 B7
00,10,0 00,10,1 01,09,1 01,10,0 02,08,0 02,08,1 02,09,0 C7
01,08,1 T1
00,11,0 00,11,1 00,12,0 00,12,1 01,11,0 01,11,1 01,12,0 D7
00,13,0 00,13,1 01,12,1 01,13,0 01,13,1 02,13,0 E6
01,10,1 02,10,0 02,10,1 02,11,0 03,10,0 03,10,1 04,10,0 E7
02,09,1 03,08,0 03,08,1 03,09,0 04,07,0 04,07,1 04,08,0 F7
03,09,1 04,09,0 04,09,1 I3
04,06,0 04,06,1 05,05,1 05,06,0 05,06,1 05,07,0 H6
02,06,1 02,07,0 02,07,1 03,06,1 03,07,0 03,07,1 F6
03,04,1 03,05,1 03,06,0 04,04,0 04,04,1 04,05,0 G6
04,05,1 05,04,0 05,04,1 05,05,0 06,04,0 06,04,1 07,04,0 H7
05,08,1 05,09,0 05,09,1 06,08,1 06,09,0 C5
03,03,1 04,02,1 04,03,0 04,03,1 05,02,0 05,03,0 05,03,1 G7
02,11,1 03,11,0 03,11,1 04,11,0 I4
02,12,0 02,12,1 03,12,0 03,12,1 04,12,0 I5
02,13,1 03,13,0 03,13,1 04,13,0 04,13,1 05,13,0 I6
04,10,1 05,10,0 05,10,1 06,10,0 06,10,1 07,10,0 07,10,1 I7
06,09,1 07,09,0 07,09,1 08,09,0 08,09,1 08,10,0 J6
04,11,1 04,12,1 05,11,0 05,11,1 05,12,0 06,11,0 V6
05,13,1 06,13,0 06,13,1 07,12,1 07,13,0 L5
05,12,1 06,11,1 06,12,0 06,12,1 T4
07,11,0 07,11,1 07,12,0 08,11,0 08,11,1 08,12,0 09,11,0 M7
08,10,1 09,07,1 09,08,0 09,08,1 09,09,0 09,09,1 09,10,0 L7
08,06,1 08,07,0 08,07,1 08,08,0 08,08,1 09,05,1 09,06,0 R7
09,10,1 10,09,0 10,09,1 10,10,0 11,09,0 P5
09,06,1 09,07,0 10,06,0 10,06,1 10,07,0 10,07,1 10,08,0 J7
10,08,1 11,07,0 11,07,1 11,08,0 11,08,1 12,07,0 X6
12,06,0 12,06,1 12,07,1 12,08,0 13,06,0 13,06,1 13,07,0 V7
12,05,1 13,03,0 13,03,1 13,04,0 13,04,1 13,05,0 13,05,1 P7
10,05,1 11,05,0 11,05,1 11,06,0 11,06,1 12,04,1 12,05,0 W7
10,04,0 10,04,1 10,05,0 11,04,0 11,04,1 12,03,1 12,04,0 Q7
11,03,1 12,02,0 12,02,1 12,03,0 13,01,1 13,02,0 13,02,1 X7
11,01,1 11,02,0 11,02,1 12,01,0 12,01,1 13,00,1 13,01,0 S7
11,00,0 11,00,1 11,01,0 12,00,0 12,00,1 13,00,0 P6
09,03,0 09,03,1 10,02,0 10,02,1 10,03,0 10,03,1 11,03,0 Y7
05,01,1 05,02,1 06,00,1 06,01,0 06,01,1 06,02,0 07,00,0 Z7
06,02,1 06,03,0 06,03,1 07,00,1 07,01,0 07,01,1 07,02,0 N7
07,03,0 07,03,1 08,02,1 08,03,0 09,02,0 09,02,1 S6
07,02,1 08,00,0 08,00,1 08,01,0 08,01,1 08,02,0 09,01,0 T7
09,00,0 09,00,1 09,01,1 10,00,0 10,00,1 10,01,0 10,01,1 U7

              ____________________________
             /        \           \       \
            /___    ___\___________\____   \
           /    \  /        \   \      /\  /\
          /      \/__________\   \    /  \/  \
         /       /\       \       \  /        \
        /_______/  \_______\_______\/__________\
       /    \           \              /\   \   \
      /___   \___________\____________/  \   \   \
     /    \   \   \      /    \          /   /    \
    /   ___\   \   \____/      \________/   /______\
   /    \  /   /    \   \  /\  /   /   /   /\      /\
  /___   \/___/___   \   \/  \/   /   /   /  \    /  \
 /    \  /       /   /\   \  /   /   /\  /   /    \   \
/      \/       /___/  \   \/   /   /  \/   /______\   \
\      /\  /\  /       /   /\   \   \      /   /       /
 \____/  \/  \/___    /   /  \   \   \____/   /_______/
  \       \   \   \  /   /   /\   \  /\       \      /
   \    ___\   \   \/___/   /  \___\/  \____   \    /
    \   \      /        \   \      /        \  /   /
     \___\____/__________\   \____/_______   \/   /
      \          /   /    \  /        \   \  /   /
       \    ____/   /___   \/___    ___\   \/___/
        \   \   \   \   \      /   /   /       /
         \___\   \   \   \____/___/   /___    /
          \      /   /    \      /\       \  /
           \    /   /   ___\    /  \____   \/
            \   \  /   /       /        \  /
             \___\/___/_______/__________\/

solution 10 (92,314 searches):
07,04,1 07,05,0 07,05,1 07,06,0 08,03,1 08,04,0 C6
08,04,1 08,05,0 09,04,0 09,04,1 C4
06,07,1 06,08,0 D2
00,06,1 00,07,0 00,07,1 01,06,0 01,06,1 01,07,0 O6
00,08,0 00,08,1 00,09,0 00,09,1 01,07,1 01,08,0 01,09,0 A7
01,05,1 02,04,1 02,05,0 02,05,1 02,06,0 03,04,0 03,05,0 B7
00,10,0 00,10,1 01,09,1 01,10,0 02,08,0 02,08,1 02,09,0 C7
01,08,1 T1
00,11,0 00,11,1 00,12,0 00,12,1 01,11,0 01,11,1 01,12,0 D7
00,13,0 00,13,1 01,12,1 01,13,0 01,13,1 02,13,0 E6
01,10,1 02,10,0 02,10,1 02,11,0 03,10,0 03,10,1 04,10,0 E7
02,09,1 03,08,0 03,08,1 03,09,0 04,07,0 04,07,1 04,08,0 F7
03,09,1 04,09,0 04,09,1 I3
04,06,0 04,06,1 05,05,1 05,06,0 05,06,1 05,07,0 H6
02,06,1 02,07,0 02,07,1 03,06,1 03,07,0 03,07,1 F6
03,04,1 03,05,1 03,06,0 04,04,0 04,04,1 04,05,0 G6
04,05,1 05,04,0 05,04,1 05,05,0 06,04,0 06,04,1 07,04,0 H7
05,08,1 05,09,0 05,09,1 06,08,1 06,09,0 C5
03,03,1 04,02,1 04,03,0 04,03,1 05,02,0 05,03,0 05,03,1 G7
02,11,1 03,11,0 03,11,1 04,11,0 I4
02,12,0 02,12,1 03,12,0 03,12,1 04,12,0 I5
02,13,1 03,13,0 03,13,1 04,13,0 04,13,1 05,13,0 I6
04,10,1 05,10,0 05,10,1 06,10,0 06,10,1 07,10,0 07,10,1 I7
06,09,1 07,09,0 07,09,1 08,09,0 08,09,1 08,10,0 J6
04,11,1 04,12,1 05,11,0 05,11,1 05,12,0 06,11,0 V6
05,13,1 06,13,0 06,13,1 07,12,1 07,13,0 L5
05,12,1 06,11,1 06,12,0 06,12,1 T4
07,11,0 07,11,1 07,12,0 08,11,0 08,11,1 08,12,0 09,11,0 M7
08,10,1 09,07,1 09,08,0 09,08,1 09,09,0 09,09,1 09,10,0 L7
08,06,1 08,07,0 08,07,1 08,08,0 08,08,1 09,05,1 09,06,0 R7
09,10,1 10,09,0 10,09,1 10,10,0 11,09,0 P5
09,06,1 09,07,0 10,06,0 10,06,1 10,07,0 10,07,1 10,08,0 J7
10,08,1 11,07,0 11,07,1 11,08,0 11,08,1 12,07,0 X6
12,06,0 12,06,1 12,07,1 12,08,0 13,06,0 13,06,1 13,07,0 V7
12,05,1 13,03,0 13,03,1 13,04,0 13,04,1 13,05,0 13,05,1 P7
10,05,1 11,05,0 11,05,1 11,06,0 11,06,1 12,04,1 12,05,0 W7
10,04,1 10,05,0 11,04,0 11,04,1 12,03,1 12,04,0 S6
11,03,0 11,03,1 12,02,1 12,03,0 13,01,1 13,02,0 13,02,1 Q7
09,03,1 10,02,0 10,02,1 10,03,0 10,03,1 10,04,0 11,02,0 X7
11,01,1 11,02,1 12,01,0 12,01,1 12,02,0 13,00,1 13,01,0 Y7
11,00,0 11,00,1 11,01,0 12,00,0 12,00,1 13,00,0 P6
07,03,0 07,03,1 08,02,1 08,03,0 09,02,0 09,02,1 09,03,0 S7
06,02,1 06,03,0 06,03,1 07,00,1 07,01,0 07,01,1 07,02,0 N7
05,01,1 05,02,1 06,00,1 06,01,0 06,01,1 06,02,0 07,00,0 Z7
07,02,1 08,00,0 08,00,1 08,01,0 08,01,1 08,02,0 09,01,0 T7
09,00,0 09,00,1 09,01,1 10,00,0 10,00,1 10,01,0 10,01,1 U7

              ____________________________
             /        \           \       \
            /___    ___\___________\____   \
           /    \  /        \   \      /\  /\
          /      \/__________\   \    /  \/  \
         /       /\       \       \  /        \
        /_______/  \_______\_______\/__________\
       /    \           \              /\   \   \
      /___   \___________\____________/  \   \   \
     /    \   \   \      /    \          /   /    \
    /   ___\   \   \____/      \________/   /______\
   /    \  /   /    \   \  /\  /   /   /   /\      /\
  /___   \/___/___   \   \/  \/   /   /   /  \    /  \
 /    \  /       /   /\   \  /   /   /\  /   /    \   \
/      \/       /___/  \   \/   /   /  \/   /______\   \
\      /\  /\  /       /   /\   \   \      /   /       /
 \____/  \/  \/___    /   /  \   \   \____/   /_______/
  \       \   \   \  /   /   /\   \  /\       \      /
   \    ___\   \   \/___/   /  \___\/  \____   \    /
    \   \      /        \   \      /\       \  /   /
     \___\____/__________\   \____/  \____   \/   /
      \          /   /    \  /\      /    \  /   /
       \    ____/   /___   \/  \    /___   \/___/
        \   \   \   \   \      /    \   \      /
         \___\   \   \   \____/______\   \    /
          \      /   /    \      /\       \  /
           \    /   /   ___\    /  \____   \/
            \   \  /   /       /        \  /
             \___\/___/_______/__________\/

User-requested solution limit reached.
10 solutions, 92,314 searches, duration 0:00:16.598064
