solving Polyiamonds12345ElongatedHexOnHex2:

solution 1 (294 searches):
2,2,1 2,3,0 2,3,1 3,2,0 C4
3,0,1 3,1,0 3,1,1 4,0,0 4,1,0 C5
5,0,0 5,0,1 5,1,0 5,1,1 5,2,0 I5
3,3,1 4,3,0 D2
5,2,1 6,1,0 6,1,1 6,2,0 7,1,0 P5
6,2,1 7,1,1 7,2,0 I3
3,2,1 4,1,1 4,2,0 4,2,1 T4
0,1,1 1,1,0 1,1,1 2,1,0 I4
0,2,1 1,2,0 1,2,1 2,1,1 2,2,0 L5
0,2,0 T1

            ________
           /   /\   \
  ________/   /__\___\________
 /\       \   \      /\   \   \
/__\____   \___\    /  \   \   \
\       \  /    \  /   /    \  /
 \_______\/   ___\/   /______\/
          \   \  /   /
           \___\/___/

solution 2 (297 searches):
2,2,1 2,3,0 2,3,1 3,2,0 C4
3,0,1 3,1,0 3,1,1 4,0,0 4,1,0 C5
5,0,0 5,0,1 5,1,0 5,1,1 5,2,0 I5
3,3,1 4,3,0 D2
5,2,1 6,1,0 6,1,1 6,2,0 7,1,0 P5
6,2,1 7,1,1 7,2,0 I3
3,2,1 4,1,1 4,2,0 4,2,1 T4
0,1,1 0,2,0 0,2,1 1,2,0 1,2,1 L5
1,1,0 1,1,1 2,1,0 2,1,1 I4
2,2,0 T1

            ________
           /   /\   \
  ________/   /__\___\________
 /       /\   \      /\   \   \
/   ____/__\___\    /  \   \   \
\  /       /    \  /   /    \  /
 \/_______/   ___\/   /______\/
          \   \  /   /
           \___\/___/

solution 3 (300 searches):
2,2,1 2,3,0 2,3,1 3,2,0 C4
3,0,1 3,1,0 3,1,1 4,0,0 4,1,0 C5
5,0,0 5,0,1 5,1,0 5,1,1 5,2,0 I5
3,3,1 4,3,0 D2
5,2,1 6,1,0 6,1,1 6,2,0 7,1,0 P5
6,2,1 7,1,1 7,2,0 I3
3,2,1 4,1,1 4,2,0 4,2,1 T4
0,1,1 0,2,0 1,1,0 1,1,1 2,1,0 L5
0,2,1 1,2,0 1,2,1 2,2,0 I4
2,1,1 T1

            ________
           /   /\   \
  ________/   /__\___\________
 /\       \   \      /\   \   \
/  \_______\___\    /  \   \   \
\       \  /    \  /   /    \  /
 \_______\/   ___\/   /______\/
          \   \  /   /
           \___\/___/

solution 4 (304 searches):
2,2,1 2,3,0 2,3,1 3,2,0 C4
3,0,1 3,1,0 3,1,1 4,0,0 4,1,0 C5
5,0,0 5,0,1 5,1,0 5,1,1 5,2,0 I5
3,3,1 4,3,0 D2
5,2,1 6,1,0 6,1,1 6,2,0 7,1,0 P5
6,2,1 7,1,1 7,2,0 I3
3,2,1 4,1,1 4,2,0 4,2,1 T4
0,1,1 T1
0,2,0 0,2,1 1,2,0 1,2,1 I4
1,1,0 1,1,1 2,1,0 2,1,1 2,2,0 L5

            ________
           /   /\   \
  ________/   /__\___\________
 /       /\   \      /\   \   \
/_______/  \___\    /  \   \   \
\  /       /    \  /   /    \  /
 \/_______/   ___\/   /______\/
          \   \  /   /
           \___\/___/

solution 5 (545 searches):
2,2,1 2,3,0 2,3,1 3,2,0 C4
3,0,1 4,0,0 D2
4,1,0 4,1,1 5,0,0 5,0,1 5,1,0 C5
3,2,1 T1
1,2,1 2,1,1 2,2,0 3,1,0 3,1,1 L5
0,1,1 0,2,0 0,2,1 I3
1,1,0 1,1,1 1,2,0 2,1,0 T4
5,2,1 6,2,0 6,2,1 7,2,0 I4
3,3,1 4,2,0 4,2,1 4,3,0 5,2,0 P5
5,1,1 6,1,0 6,1,1 7,1,0 7,1,1 I5

            ________
           /   /\   \
  ________/   /__\   \________
 /   /\   \   \  /    \       \
/   /  \   \___\/______\_______\
\  /    \      /    \          /
 \/______\____/___   \________/
          \   \  /   /
           \___\/___/

solution 6 (1,638 searches):
2,2,1 2,3,0 2,3,1 3,2,0 C4
2,1,1 2,2,0 3,0,1 3,1,0 4,0,0 I5
3,1,1 3,2,1 4,1,0 4,1,1 4,2,0 C5
6,1,0 6,1,1 6,2,0 7,1,0 7,1,1 P5
6,2,1 7,2,0 D2
1,1,0 1,1,1 1,2,0 2,1,0 T4
1,2,1 T1
0,1,1 0,2,0 0,2,1 I3
5,0,0 5,0,1 5,1,0 5,1,1 I4
3,3,1 4,2,1 4,3,0 5,2,0 5,2,1 L5

            ________
           /   /\   \
  ________/   /__\   \________
 /   /\  /\   \   \      /\   \
/   /  \/  \___\   \____/  \___\
\  /    \   \      /   /       /
 \/______\   \____/   /_______/
          \   \  /   /
           \___\/___/

solution 7 (1,643 searches):
2,2,1 2,3,0 2,3,1 3,2,0 C4
2,1,1 2,2,0 3,0,1 3,1,0 4,0,0 I5
3,1,1 3,2,1 4,1,0 4,1,1 4,2,0 C5
6,1,0 6,1,1 6,2,0 7,1,0 7,1,1 P5
6,2,1 7,2,0 D2
0,2,1 1,1,1 1,2,0 1,2,1 T4
2,1,0 T1
0,1,1 0,2,0 1,1,0 I3
5,0,0 5,0,1 5,1,0 5,1,1 I4
3,3,1 4,2,1 4,3,0 5,2,0 5,2,1 L5

            ________
           /   /\   \
  ________/   /__\   \________
 /\      /\   \   \      /\   \
/  \    /  \___\   \____/  \___\
\   \  /\   \      /   /       /
 \___\/__\   \____/   /_______/
          \   \  /   /
           \___\/___/

solution 8 (1,658 searches):
2,2,1 2,3,0 2,3,1 3,2,0 C4
2,1,1 2,2,0 3,0,1 3,1,0 4,0,0 I5
3,1,1 3,2,1 4,1,0 4,1,1 4,2,0 C5
0,2,1 1,1,0 1,1,1 1,2,0 2,1,0 P5
1,2,1 T1
0,1,1 0,2,0 D2
3,3,1 4,2,1 4,3,0 5,2,0 I4
5,2,1 6,1,1 6,2,0 6,2,1 T4
5,0,0 5,0,1 5,1,0 5,1,1 6,1,0 L5
7,1,0 7,1,1 7,2,0 I3

            ________
           /   /\   \
  ________/   /__\   \________
 /\   \  /\   \   \   \      /\
/  \   \/  \___\   \___\    /  \
\  /    \   \      /    \  /   /
 \/______\   \____/   ___\/___/
          \   \  /   /
           \___\/___/

solution 9 (1,662 searches):
2,2,1 2,3,0 2,3,1 3,2,0 C4
2,1,1 2,2,0 3,0,1 3,1,0 4,0,0 I5
3,1,1 3,2,1 4,1,0 4,1,1 4,2,0 C5
0,2,1 1,1,0 1,1,1 1,2,0 2,1,0 P5
1,2,1 T1
0,1,1 0,2,0 D2
3,3,1 4,2,1 4,3,0 5,2,0 5,2,1 L5
6,1,0 6,1,1 6,2,0 7,1,0 T4
5,0,0 5,0,1 5,1,0 5,1,1 I4
6,2,1 7,1,1 7,2,0 I3

            ________
           /   /\   \
  ________/   /__\   \________
 /\   \  /\   \   \      /\   \
/  \   \/  \___\   \____/  \   \
\  /    \   \      /   /    \  /
 \/______\   \____/   /______\/
          \   \  /   /
           \___\/___/

solution 10 (2,299 searches):
2,2,1 2,3,0 2,3,1 3,2,0 C4
4,0,0 T1
4,1,0 4,1,1 5,0,0 5,0,1 5,1,0 C5
3,2,1 4,2,0 D2
3,3,1 4,2,1 4,3,0 5,1,1 5,2,0 I5
2,1,1 3,0,1 3,1,0 3,1,1 T4
5,2,1 6,1,0 6,1,1 6,2,0 7,1,0 P5
6,2,1 7,1,1 7,2,0 I3
0,2,1 1,2,0 1,2,1 2,2,0 I4
0,1,1 0,2,0 1,1,0 1,1,1 2,1,0 L5

            ________
           /   /\   \
  ________/   /__\   \________
 /\       \   \   \   \   \   \
/  \_______\___\___\   \   \   \
\       \      /    \  /    \  /
 \_______\    /___   \/______\/
          \  /\  /   /
           \/__\/___/

...

solution 309 (28,016 searches):
2,3,1 T1
3,0,1 3,1,0 3,1,1 3,2,0 4,0,0 L5
1,2,1 2,1,1 2,2,0 2,2,1 2,3,0 P5
1,1,0 1,1,1 1,2,0 2,1,0 T4
0,1,1 0,2,0 0,2,1 I3
3,2,1 3,3,1 4,2,0 4,2,1 4,3,0 C5
4,1,0 4,1,1 5,1,0 5,1,1 6,1,0 I5
5,0,0 5,0,1 D2
5,2,0 5,2,1 6,2,0 6,2,1 I4
6,1,1 7,1,0 7,1,1 7,2,0 C4

            ________
           /\  /\   \
  ________/  \/__\   \________
 /   /\      /\      /       /\
/   /  \    /  \____/_______/  \
\  /    \  /   /        \      /
 \/______\/   /__________\____/
          \   \  /   /
           \___\/___/

solution 310 (28,025 searches):
2,3,1 T1
3,0,1 3,1,0 3,1,1 3,2,0 4,0,0 L5
1,2,1 2,1,1 2,2,0 2,2,1 2,3,0 P5
1,1,0 1,1,1 1,2,0 2,1,0 T4
0,1,1 0,2,0 0,2,1 I3
3,3,1 4,3,0 D2
4,1,0 4,1,1 5,0,0 5,0,1 5,1,0 C5
3,2,1 4,2,0 4,2,1 5,2,0 5,2,1 I5
5,1,1 6,1,0 6,1,1 7,1,0 I4
6,2,0 6,2,1 7,1,1 7,2,0 C4

            ________
           /\  /\   \
  ________/  \/__\___\________
 /   /\      /\          /    \
/   /  \    /  \________/___   \
\  /    \  /   /    \       \  /
 \/______\/   /___   \_______\/
          \   \  /   /
           \___\/___/

310 solutions, 28,374 searches, duration 0:00:00.259698
